-0.5 -0.547689 0.0626648 0.999999 0.999999 5.20677e-06 56.6219 3211.92 1.0388
-0.505 -0.542725 0.0619065 1 0.999999 4.33919e-06 56.6443 3214.62 1.06586
-0.51 -0.537707 0.0627825 0.999999 0.999999 6.94167e-06 56.6018 3209.69 1.04724
-0.515 -0.532703 0.0611123 0.999999 0.999999 6.07426e-06 56.5925 3208.72 1.06162
-0.52 -0.527686 0.0638883 0.999999 0.999999 5.20677e-06 56.5799 3207.38 1.07603
-0.525 -0.522698 0.0632042 1 0.999999 4.33919e-06 56.5998 3209.56 1.06431
-0.53 -0.517702 0.0637196 0.999999 0.999998 1.04104e-05 56.6021 3209.9 1.07759
-0.535 -0.512701 0.0630606 0.999999 0.999999 6.07426e-06 56.5948 3208.98 1.06157
-0.54 -0.507698 0.0626888 0.999999 0.999999 5.20677e-06 56.6005 3209.66 1.06738
-0.545 -0.502683 0.0628896 0.999999 0.999998 1.04104e-05 56.5675 3205.8 1.046
-0.55 -0.497691 0.0626621 0.999999 0.999998 8.67622e-06 56.6246 3212.41 1.07234
-0.555 -0.492707 0.0635486 0.999999 0.999999 5.20677e-06 56.617 3211.5 1.06287
-0.56 -0.487721 0.0632056 0.999999 0.999998 7.80898e-06 56.6176 3211.71 1.08741
-0.565 -0.482698 0.063417 0.999998 0.999997 1.56109e-05 56.6086 3210.62 1.07502
-0.57 -0.477696 0.0637423 0.999999 0.999998 9.54336e-06 56.6003 3209.66 1.07099
-0.575 -0.4727 0.0620893 0.999999 0.999997 1.47444e-05 56.6177 3211.64 1.0725
-0.58 -0.467697 0.0630978 0.999998 0.999997 1.56109e-05 56.6166 3211.42 1.05736
-0.585 -0.462691 0.0622353 0.999999 0.999998 1.21443e-05 56.5872 3208.04 1.04909
-0.59 -0.457695 0.0643615 0.999999 0.999998 7.80898e-06 56.5968 3209.25 1.06894
-0.595 -0.452694 0.063091 0.999999 0.999998 1.21443e-05 56.615 3211.21 1.05113
-0.6 -0.447692 0.0627421 0.999999 0.999998 1.21443e-05 56.5902 3208.4 1.05219
-0.605 -0.442704 0.0623183 0.999998 0.999996 2.08083e-05 56.6138 3211.17 1.06752
-0.61 -0.437714 0.0623482 0.999999 0.999998 9.54336e-06 56.6152 3211.21 1.04708
-0.615 -0.432689 0.0606979 0.999998 0.999997 1.73437e-05 56.6262 3212.53 1.06106
-0.62 -0.427699 0.0631867 0.999997 0.999995 2.6868e-05 56.6232 3212.06 1.03621
-0.625 -0.4227 0.0636725 0.999998 0.999997 1.64774e-05 56.6265 3212.63 1.07318
-0.63 -0.417715 0.0630935 0.999998 0.999997 1.64774e-05 56.6424 3214.4 1.06525
-0.635 -0.412709 0.062358 0.999997 0.999994 2.85986e-05 56.6215 3211.96 1.05396
-0.64 -0.4077 0.0617883 0.999998 0.999996 1.821e-05 56.6189 3211.73 1.06451
-0.645 -0.402695 0.0620038 0.999998 0.999995 2.34059e-05 56.6063 3210.17 1.04137
-0.65 -0.397702 0.0627838 0.999998 0.999996 2.16743e-05 56.6185 3211.61 1.05127
-0.655 -0.392686 0.062928 0.999998 0.999995 2.42715e-05 56.6126 3210.96 1.0552
-0.66 -0.387702 0.0632312 0.999997 0.999993 3.29234e-05 56.6173 3211.55 1.06474
-0.665 -0.382709 0.0617333 0.999998 0.999996 1.90762e-05 56.6292 3212.93 1.07242
-0.67 -0.377704 0.0637503 0.999997 0.999993 3.37882e-05 56.6148 3211.24 1.0594
-0.675 -0.372706 0.0621992 0.999997 0.999995 2.6868e-05 56.6083 3210.49 1.05867
-0.68 -0.367696 0.0625313 0.999997 0.999995 2.6868e-05 56.5805 3207.42 1.07412
-0.685 -0.362701 0.0620723 0.999997 0.999994 3.20586e-05 56.6029 3209.84 1.0518
-0.69 -0.357699 0.0627661 0.999997 0.999994 3.37947e-05 56.6333 3213.42 1.07508
-0.695 -0.352687 0.0628623 0.999996 0.999992 4.15667e-05 56.6119 3210.91 1.05927
-0.7 -0.34769 0.063227 0.999996 0.999992 4.24305e-05 56.6166 3211.43 1.05735
-0.705 -0.342706 0.062394 0.999997 0.999994 3.20586e-05 56.5915 3208.51 1.04506
-0.71 -0.337702 0.062866 0.999996 0.999992 4.07107e-05 56.6215 3212.07 1.07316
-0.715 -0.332688 0.0633879 0.999995 0.999991 4.67484e-05 56.6336 3213.32 1.05257
-0.72 -0.327685 0.0616458 0.999995 0.99999 4.93382e-05 56.6058 3210.24 1.06445
-0.725 -0.322696 0.0631842 0.999996 0.999991 4.32943e-05 56.6063 3210.28 1.06016
-0.73 -0.317711 0.0632119 0.999995 0.999989 5.27899e-05 56.6299 3212.9 1.05114
-0.735 -0.312699 0.0625376 0.999993 0.999987 6.486e-05 56.6068 3210.2 1.03772
-0.74 -0.307679 0.0638142 0.999995 0.99999 5.28003e-05 56.619 3211.65 1.04982
-0.745 -0.302696 0.0624015 0.999994 0.999988 5.88271e-05 56.5872 3208.02 1.04322
-0.75 -0.297689 0.0635555 0.999994 0.999989 5.71026e-05 56.6051 3210.12 1.05718
-0.755 -0.292685 0.063265 0.999993 0.999986 7.08887e-05 56.5792 3207.26 1.06947
-0.76 -0.287692 0.0631557 0.999994 0.999988 6.31493e-05 56.6078 3210.42 1.0574
-0.765 -0.282695 0.0637747 0.999993 0.999985 7.43318e-05 56.6202 3211.94 1.07628
-0.77 -0.277694 0.0635313 0.999991 0.999982 9.32623e-05 56.6034 3209.97 1.06444
-0.775 -0.272691 0.0623056 0.999992 0.999985 7.69132e-05 56.5971 3209.15 1.04638
-0.78 -0.26769 0.0632762 0.999991 0.999981 9.41024e-05 56.5947 3208.98 1.06309
-0.785 -0.262705 0.0624744 0.999991 0.999982 8.72309e-05 56.6134 3211.07 1.05829
-0.79 -0.257716 0.063453 0.99999 0.999979 0.000103542 56.6622 3216.52 1.04284
-0.795 -0.252692 0.0633452 0.999991 0.999981 9.49799e-05 56.5966 3209.18 1.06108
-0.8 -0.247691 0.0626645 0.999988 0.999977 0.00011642 56.5847 3207.79 1.05261
-0.805 -0.242701 0.0636135 0.999987 0.999974 0.000131849 56.6164 3211.37 1.05126
-0.81 -0.237701 0.0622877 0.99999 0.999981 9.58194e-05 56.6327 3213.16 1.04095
-0.815 -0.232674 0.0633968 0.999987 0.999973 0.000135269 56.6192 3211.75 1.06189
-0.82 -0.227699 0.0623527 0.999986 0.999972 0.000136924 56.6269 3212.71 1.07772
-0.825 -0.222688 0.0630588 0.999984 0.999968 0.000159105 56.6223 3212.25 1.08929
-0.83 -0.217693 0.0623339 0.999985 0.999969 0.000154022 56.6401 3214.15 1.06683
-0.835 -0.212687 0.0633358 0.999985 0.999971 0.000145462 56.6399 3214.08 1.05884
-0.84 -0.207694 0.0627452 0.999985 0.999969 0.000154022 56.6225 3212.11 1.05934
-0.845 -0.202692 0.0632307 0.999983 0.999966 0.000168505 56.5833 3207.72 1.07029
-0.85 -0.19769 0.0630204 0.999983 0.999965 0.000174462 56.6079 3210.51 1.06924
-0.855 -0.192683 0.0629726 0.999983 0.999965 0.000173611 56.6119 3210.9 1.05918
-0.86 -0.187687 0.0626209 0.99998 0.999961 0.000198284 56.6136 3211.16 1.06968
-0.865 -0.182676 0.0640774 0.999982 0.999964 0.000182114 56.5958 3209.09 1.06086
-0.87 -0.177668 0.0641973 0.999979 0.999958 0.000206681 56.5957 3209.1 1.06535
-0.875 -0.172668 0.0635899 0.999975 0.99995 0.000253294 56.5999 3209.56 1.06176
-0.88 -0.167694 0.0622651 0.999974 0.999948 0.000253984 56.6305 3213.1 1.07474
-0.885 -0.162682 0.0639917 0.999978 0.999956 0.00021773 56.5911 3208.54 1.05924
-0.89 -0.157684 0.0652804 0.999972 0.999945 0.000277757 56.6233 3212.26 1.07065
-0.895 -0.152669 0.0635854 0.999968 0.999935 0.000328998 56.6228 3212.14 1.05864
-0.9 -0.147665 0.0641026 0.999969 0.999938 0.000309634 56.6089 3210.63 1.07201
-0.905 -0.142676 0.0632379 0.999968 0.999936 0.000318711 56.6564 3215.98 1.06445
-0.91 -0.137683 0.065063 0.999964 0.999928 0.000358048 56.6267 3212.58 1.0596
-0.915 -0.132685 0.0638874 0.999965 0.99993 0.000348889 56.6267 3212.6 1.06328
-0.92 -0.127701 0.0640005 0.999964 0.999927 0.000361304 56.6511 3215.41 1.06985
-0.925 -0.122663 0.0640854 0.999961 0.999921 0.000395568 56.6007 3209.68 1.06864
-0.93 -0.117662 0.0652931 0.999958 0.999916 0.000415264 56.6101 3210.82 1.08012
-0.935 -0.112678 0.0649515 0.999957 0.999914 0.000427733 56.6554 3215.88 1.06778
-0.94 -0.107673 0.0647851 0.99996 0.99992 0.000406494 56.6183 3211.71 1.07241
-0.945 -0.102659 0.064395 0.999954 0.999908 0.000458386 56.6283 3212.8 1.06559
-0.95 -0.0976735 0.0645383 0.999952 0.999904 0.000472066 56.6516 3215.42 1.06239
-0.955 -0.0926381 0.0639504 0.999947 0.999893 0.000535721 56.609 3210.54 1.0538
-0.96 -0.0876589 0.0650908 0.999943 0.999885 0.000577391 56.6375 3213.87 1.06957
-0.965 -0.0826665 0.0659786 0.999945 0.999891 0.000538438 56.643 3214.45 1.06266
-0.97 -0.0776562 0.0666122 0.999937 0.999873 0.000640065 56.6304 3213.12 1.08057
-0.975 -0.0726462 0.0652425 0.99994 0.999879 0.000616128 56.6127 3211.09 1.07608
-0.98 -0.0676617 0.0662876 0.999935 0.99987 0.000644792 56.6433 3214.54 1.0714
-0.985 -0.0626398 0.0648443 0.99993 0.999859 0.000705758 56.6417 3214.32 1.06652
-0.99 -0.0576597 0.0654543 0.999923 0.999846 0.000762013 56.6384 3213.87 1.05246
-0.995 -0.0526605 0.0646518 0.999922 0.999845 0.000764712 56.6512 3215.33 1.0547
-1 -0.0476451 0.0644653 0.999915 0.99983 0.000853979 56.6467 3214.93 1.07431
-1.005 -0.042637 0.0658429 0.999914 0.999829 0.000865619 56.6155 3211.42 1.07772
-1.01 -0.0376585 0.0674819 0.999914 0.999829 0.000863271 56.6584 3216.21 1.06444
-1.015 -0.0326415 0.0663587 0.999905 0.999809 0.000964844 56.6602 3216.31 1.04785
-1.02 -0.0276417 0.0667762 0.999901 0.999803 0.00101093 56.6753 3218.04 1.05065
-1.025 -0.0226448 0.0658897 0.999895 0.99979 0.00105006 56.6675 3217.27 1.07012
-1.03 -0.0176261 0.0682615 0.999891 0.999783 0.00109592 56.6485 3215.13 1.07108
-1.035 -0.0126451 0.0671677 0.999884 0.999769 0.0011668 56.6586 3216.2 1.05902
-1.04 -0.0076455 0.0671029 0.999885 0.999769 0.00114371 56.6898 3219.84 1.07676
-1.045 -0.00263737 0.0670638 0.999874 0.999749 0.00128152 56.6872 3219.56 1.08073
-1.05 0.00237506 0.0673853 0.999874 0.999748 0.00127183 56.656 3215.99 1.07488
-1.055 0.00738273 0.0687883 0.999863 0.999726 0.00141203 56.6719 3217.86 1.08663
-1.06 0.0123759 0.0676512 0.999853 0.999707 0.00147427 56.6494 3215.19 1.06597
-1.065 0.0173866 0.0681703 0.999846 0.999692 0.00154682 56.7071 3221.86 1.08599
-1.07 0.0223861 0.0681492 0.999834 0.999668 0.00166739 56.6862 3219.38 1.06914
-1.075 0.027383 0.0693722 0.999825 0.999651 0.0017743 56.7111 3222.22 1.07166
-1.08 0.032416 0.068926 0.999814 0.999628 0.00187446 56.6804 3218.74 1.07189
-1.085 0.0374144 0.0683794 0.99981 0.99962 0.00195156 56.6776 3218.29 1.04716
-1.09 0.0424084 0.0709394 0.999804 0.999608 0.00199919 56.6807 3218.78 1.07151
-1.095 0.0474008 0.0698161 0.999786 0.999572 0.00218941 56.7026 3221.16 1.05433
-1.1 0.0524197 0.0700042 0.99977 0.999541 0.00238061 56.7104 3222.06 1.05675
-1.105 0.0574367 0.0702838 0.999765 0.999531 0.00240077 56.69 3219.94 1.09087
-1.11 0.062415 0.0699067 0.999763 0.999527 0.00239007 56.7214 3223.38 1.06931
-1.115 0.0674318 0.0707472 0.999749 0.999499 0.00257314 56.7266 3223.93 1.06274
-1.12 0.0724444 0.0692433 0.999726 0.999452 0.00279051 56.7111 3222.11 1.05101
-1.125 0.0774533 0.0698468 0.99972 0.999441 0.00281102 56.7239 3223.73 1.08078
-1.13 0.0824453 0.0705397 0.99971 0.999421 0.00300656 56.7233 3223.61 1.07105
-1.135 0.0874257 0.0708151 0.999687 0.999375 0.00319326 56.7554 3227.27 1.07365
-1.14 0.0924776 0.071918 0.99967 0.99934 0.00338224 56.7199 3223.19 1.06518
-1.145 0.0974666 0.0723837 0.999657 0.999315 0.00349311 56.7572 3227.54 1.08513
-1.15 0.102456 0.069684 0.999647 0.999296 0.0035165 56.7705 3229.03 1.08079
-1.155 0.107485 0.0729088 0.999611 0.999222 0.00396037 56.777 3229.8 1.08707
-1.16 0.11248 0.0708909 0.999598 0.999197 0.00404007 56.7837 3230.52 1.08049
-1.165 0.117513 0.0731724 0.999572 0.999145 0.00436003 56.7959 3231.98 1.0939
-1.17 0.122507 0.0735313 0.999538 0.999077 0.00474382 56.7837 3230.62 1.0978
-1.175 0.127519 0.0730196 0.999537 0.999075 0.00474869 56.8011 3232.47 1.07512
-1.18 0.132544 0.0752082 0.999495 0.99899 0.00512295 56.8028 3232.71 1.08302
-1.185 0.137529 0.0748852 0.99948 0.998961 0.00543055 56.8043 3232.93 1.09183
-1.19 0.142538 0.0760382 0.999451 0.998904 0.00567611 56.8362 3236.48 1.07794
-1.195 0.147536 0.0739463 0.999419 0.998839 0.00591711 56.8566 3238.89 1.09339
-1.2 0.152546 0.0766641 0.999394 0.998789 0.0062927 56.8959 3243.42 1.10321
-1.205 0.157568 0.0767055 0.999344 0.998691 0.00694476 56.9007 3243.83 1.07862
-1.21 0.162588 0.0771659 0.999315 0.998632 0.00711369 56.905 3244.4 1.09485
-1.215 0.167585 0.077727 0.999291 0.998583 0.00744367 56.9028 3244.2 1.10183
-1.22 0.172596 0.0766871 0.999254 0.998509 0.00774976 56.8798 3241.49 1.08667
-1.225 0.177634 0.0787935 0.999194 0.998391 0.00855054 56.9236 3246.65 1.1159
-1.23 0.182639 0.080706 0.999163 0.998328 0.00889907 56.9856 3253.64 1.10168
-1.235 0.187653 0.0797059 0.999119 0.99824 0.00938445 56.9861 3253.74 1.10985
-1.24 0.19265 0.0803444 0.999076 0.998155 0.00974438 56.963 3251.16 1.12006
-1.245 0.19767 0.080112 0.999019 0.99804 0.0104503 57.0402 3259.92 1.11224
-1.25 0.202695 0.0813394 0.998971 0.997945 0.0109027 57.0588 3262.04 1.10921
-1.255 0.207714 0.0817449 0.998903 0.997809 0.0118162 57.0488 3261.09 1.14312
-1.26 0.212727 0.0830123 0.998846 0.997696 0.0123019 57.0699 3263.48 1.13916
-1.265 0.217738 0.0824359 0.998784 0.997571 0.0130243 57.1284 3270.18 1.14246
-1.27 0.222774 0.0843363 0.998705 0.997413 0.013715 57.1721 3275.07 1.12303
-1.275 0.227774 0.0855127 0.99864 0.997285 0.0147934 57.1803 3276.14 1.14714
-1.28 0.232792 0.0866888 0.998575 0.997155 0.0154349 57.2045 3279.05 1.17034
-1.285 0.237822 0.0841816 0.998487 0.996979 0.0160946 57.228 3281.68 1.1586
-1.29 0.242828 0.0865485 0.998379 0.996764 0.0175517 57.3048 3290.41 1.14592
-1.295 0.247847 0.0891451 0.998321 0.996649 0.018579 57.3222 3292.43 1.15156
-1.3 0.252857 0.0872576 0.998236 0.996478 0.018998 57.3266 3292.94 1.15163
-1.305 0.257904 0.0898409 0.998122 0.996252 0.0207101 57.4129 3302.96 1.17165
-1.31 0.262881 0.0880742 0.998045 0.996098 0.0215288 57.4394 3306.07 1.17996
-1.315 0.267945 0.0917907 0.997918 0.995844 0.0234121 57.4856 3311.33 1.17189
-1.32 0.272967 0.0933843 0.99779 0.99559 0.0248812 57.5155 3314.83 1.18187
-1.325 0.278002 0.0930229 0.997676 0.995362 0.026285 57.5779 3322.03 1.18371
-1.33 0.283023 0.0955067 0.997523 0.995056 0.0283919 57.6696 3332.75 1.20852
-1.335 0.288044 0.0972395 0.997367 0.994746 0.0311514 57.7271 3339.6 1.24422
-1.34 0.293048 0.0957569 0.997244 0.994502 0.0320517 57.7714 3344.57 1.21836
-1.345 0.298121 0.10014 0.997022 0.994059 0.0358293 57.878 3357.22 1.27163
-1.35 0.303151 0.100332 0.996854 0.993724 0.0385533 57.9284 3363.09 1.27569
-1.355 0.308178 0.100585 0.996679 0.993375 0.0397179 57.9945 3370.59 1.24521
-1.36 0.313198 0.100947 0.996428 0.992877 0.0444733 58.1371 3387.37 1.28069
-1.365 0.318253 0.102297 0.99618 0.992382 0.0472771 58.2318 3398.6 1.3153
-1.37 0.323278 0.106223 0.995982 0.991988 0.0517074 58.3164 3408.49 1.31744
-1.375 0.328354 0.104751 0.995738 0.991504 0.0536294 58.3847 3416.58 1.33793
-1.38 0.333372 0.107298 0.995387 0.990805 0.0580524 58.5845 3440.12 1.36097
-1.385 0.338453 0.111013 0.995046 0.990129 0.0664487 58.6863 3452.32 1.40417
-1.39 0.343454 0.111575 0.99478 0.989599 0.0716606 58.7954 3465.14 1.40244
-1.395 0.348485 0.114281 0.994428 0.9889 0.0792616 58.9661 3485.56 1.45208
-1.4 0.353559 0.117496 0.993942 0.987935 0.0886058 59.1583 3508.71 1.52217
-1.405 0.358591 0.118444 0.993583 0.987224 0.0940174 59.2748 3522.59 1.53333
-1.41 0.363685 0.122167 0.992962 0.985991 0.106023 59.5509 3555.65 1.56886
-1.415 0.368741 0.127041 0.992514 0.985105 0.118139 59.742 3578.82 1.62562
-1.42 0.373832 0.131065 0.991546 0.98319 0.151784 60.1696 3631.04 1.77137
-1.425 0.378858 0.128569 0.991203 0.98251 0.151021 60.3 3646.83 1.78128
-1.43 0.383979 0.137295 0.990079 0.98029 0.192679 60.7826 3706.39 1.95301
-1.435 0.317143 825.567 0.728278 0.718536 1083.73 176.896 68367.1 2095.88
-1.44 0.117797 1.47369 0.00581892 4.42989e-05 0.0601286 497.51 247561 0.888359
-1.445 0.117652 1.49069 0.00556424 4.11754e-05 0.0588364 497.593 247643 0.874218
-1.45 0.117444 1.50176 0.00527405 3.74947e-05 0.055752 497.832 247882 0.894728
-1.455 0.117306 1.4486 0.00502648 3.43736e-05 0.0524631 497.99 248037 0.856923
-1.46 0.117261 1.43361 0.00474349 3.10913e-05 0.0494819 497.958 248006 0.871602
-1.465 0.117008 1.44521 0.00446918 2.7903e-05 0.0456734 498.271 248318 0.878684
-1.47 0.116999 1.44207 0.00428628 2.61791e-05 0.0449676 498.322 248369 0.87179
-1.475 0.116724 1.43625 0.00404705 2.36229e-05 0.041727 498.573 248618 0.858117
-1.48 0.116663 1.4252 0.00381319 2.13415e-05 0.0391741 498.585 248630 0.851892
-1.485 0.116455 1.43703 0.00362257 1.96033e-05 0.0373264 498.814 248859 0.863549
-1.49 0.11636 1.41522 0.00348498 1.83845e-05 0.0359392 498.894 248938 0.869416
-1.495 0.116363 1.41142 0.00329106 1.67446e-05 0.0340618 498.844 248888 0.867541
