-1.5 0.218055 1.41933 0.0552296 0.0031565 0.359808 429.103 184208 1.07871
-1.495 0.218699 1.45302 0.0568865 0.00334904 0.382783 428.365 183577 1.1101
-1.49 0.219549 1.43482 0.0588653 0.00357998 0.38916 427.424 182772 1.10591
-1.485 0.220136 1.4223 0.0607852 0.00381315 0.400859 426.702 182155 1.10795
-1.48 0.220887 1.43832 0.0626782 0.00405373 0.424109 425.844 181426 1.14149
-1.475 0.221768 1.45144 0.0649886 0.0043525 0.437021 424.845 180575 1.13535
-1.47 0.222893 1.50763 0.067495 0.00469314 0.466124 423.484 179423 1.1778
-1.465 0.22368 1.46347 0.0697013 0.00499741 0.47145 422.632 178702 1.17666
-1.46 0.224306 1.44453 0.0718104 0.00529889 0.481637 421.671 177891 1.17693
-1.455 0.225657 1.48308 0.0749661 0.00577214 0.51576 420.141 176605 1.21621
-1.45 0.226589 1.50549 0.0775054 0.0061694 0.549947 418.974 175627 1.23221
-1.445 0.227284 1.46015 0.0800655 0.00657099 0.543819 418.009 174819 1.23399
-1.44 0.228359 1.50266 0.083062 0.00707116 0.582337 416.511 173572 1.27113
-1.435 0.229417 1.5011 0.0860557 0.00758301 0.601145 415.201 172483 1.28184
-1.43 0.230134 1.57302 0.0885968 0.00804028 0.646778 414.157 171622 1.35577
-1.425 0.231196 1.51228 0.0919595 0.00864725 0.646113 412.692 170406 1.30616
-1.42 0.232604 1.54399 0.095865 0.00939504 0.694382 410.836 168884 1.39966
-1.415 0.233519 1.57276 0.0991009 0.0100355 0.72681 409.535 167817 1.41346
-1.41 0.23443 1.5223 0.102576 0.0107405 0.74078 407.887 166468 1.38832
-1.405 0.235704 1.57966 0.106465 0.0115702 0.797146 406.243 165136 1.48632
-1.4 0.236935 1.56483 0.110391 0.0124304 0.827177 404.316 163575 1.51033
-1.395 0.238228 1.55186 0.115133 0.0135124 0.870015 402.259 161914 1.49505
-1.39 0.239537 1.55093 0.119556 0.0145617 0.908127 400.297 160342 1.52608
-1.385 0.240448 1.56138 0.123695 0.0155805 0.94902 398.585 158977 1.57829
-1.38 0.241948 1.5546 0.12892 0.0169119 0.987564 396.111 157012 1.60721
-1.375 0.242902 1.53865 0.133252 0.0180507 0.997947 394.441 155692 1.61578
-1.37 0.244556 1.55595 0.139596 0.0198108 1.09742 391.604 153468 1.71385
-1.365 0.246043 1.5616 0.145342 0.0214702 1.17193 388.92 151375 1.76546
-1.36 0.246795 1.56922 0.149811 0.022801 1.2116 387.347 150158 1.82868
-1.355 0.248479 1.59012 0.156698 0.0249369 1.29681 384.266 147782 1.8637
-1.35 0.250145 1.5727 0.163693 0.0272026 1.37946 381.096 145361 1.96305
-1.345 0.251431 1.59563 0.170444 0.0294878 1.47998 378.389 143312 2.06957
-1.34 0.253254 1.5684 0.178679 0.0323937 1.58474 374.737 140564 2.14188
-1.335 0.254882 1.52031 0.186824 0.0353746 1.59697 371.235 137950 2.1321
-1.33 0.256535 1.52304 0.195438 0.0387156 1.76104 367.54 135228 2.27701
-1.325 0.257852 1.55667 0.203677 0.0420309 1.85233 364.211 132796 2.35707
-1.32 0.259762 1.55029 0.213824 0.0463312 2.06851 359.773 129594 2.56247
-1.315 0.261499 1.57586 0.22426 0.050965 2.27818 355.397 126474 2.76812
-1.31 0.263589 1.48238 0.23673 0.0567362 2.35557 350.107 122740 2.78344
-1.305 0.265577 1.5599 0.249666 0.0631523 2.77548 344.691 119003 3.26243
-1.3 0.267359 1.54317 0.263396 0.0702839 3.07174 339.067 115170 3.52218
-1.295 0.269731 1.49463 0.280018 0.0794279 3.44903 332.16 110549 3.86594
-1.29 0.271594 1.49156 0.296457 0.0890439 3.92132 325.504 106191 4.30136
-1.285 0.274124 1.50676 0.318083 0.102597 4.81124 316.692 100573 5.18969
-1.28 0.277529 1.54627 0.347692 0.122912 6.85113 304.527 93106.9 7.14655
-1.275 0.235833 0.180401 0.989472 0.97908 0.0857838 58.8655 3479.16 1.40059
-1.27 0.230718 0.176678 0.989766 0.979661 0.0826133 58.7585 3466.51 1.39689
-1.265 0.225509 0.174353 0.990246 0.980611 0.0787523 58.6384 3452.37 1.39576
-1.26 0.220323 0.16541 0.990648 0.981404 0.0722705 58.4505 3429.88 1.34981
-1.255 0.215208 0.164599 0.990964 0.98203 0.0721499 58.317 3414.41 1.36656
-1.25 0.21007 0.159643 0.991352 0.982798 0.0663747 58.135 3392.76 1.32407
-1.245 0.20499 0.155859 0.991616 0.983322 0.0633693 57.9986 3376.9 1.32498
-1.24 0.199814 0.15425 0.99199 0.984062 0.0601926 57.8919 3363.97 1.26988
-1.235 0.194674 0.151392 0.992288 0.984652 0.0579563 57.7851 3351.64 1.27468
-1.23 0.189605 0.150285 0.992508 0.985089 0.0561191 57.6548 3336.57 1.27459
-1.225 0.184474 0.144786 0.992791 0.985649 0.053071 57.5662 3326.24 1.26371
-1.22 0.17936 0.142232 0.993049 0.986161 0.050873 57.4878 3316.97 1.24085
-1.215 0.174281 0.139602 0.993311 0.986681 0.0474432 57.332 3299 1.23519
-1.21 0.169134 0.135136 0.993543 0.987142 0.0454551 57.2857 3293.49 1.2159
-1.205 0.164051 0.133526 0.993772 0.987595 0.0441345 57.1541 3278.41 1.21649
-1.2 0.158925 0.132307 0.994012 0.988074 0.0429185 57.0653 3268.52 1.24413
-1.195 0.153854 0.128593 0.994195 0.988436 0.0407306 56.9814 3258.62 1.21283
-1.19 0.148759 0.12687 0.994366 0.988775 0.0392144 56.9115 3250.37 1.18457
-1.185 0.143659 0.122436 0.994593 0.989225 0.0370456 56.8093 3238.65 1.17515
-1.18 0.138589 0.122776 0.994762 0.989561 0.0364747 56.7876 3236.35 1.19262
-1.175 0.133533 0.125299 0.994921 0.989878 0.0355269 56.6542 3221.27 1.20175
-1.17 0.128393 0.11725 0.995123 0.99028 0.0324151 56.6366 3218.91 1.16328
-1.165 0.123356 0.117508 0.995261 0.990553 0.0321741 56.5561 3209.74 1.15932
-1.16 0.118276 0.114682 0.995444 0.990917 0.0301302 56.4476 3197.36 1.14897
-1.155 0.113189 0.116767 0.995588 0.991204 0.0301725 56.4324 3195.65 1.15068
-1.15 0.108112 0.111768 0.995709 0.991444 0.0289451 56.349 3186.07 1.13333
-1.145 0.103003 0.109316 0.995896 0.991817 0.027463 56.3088 3181.49 1.12969
-1.14 0.0979851 0.108848 0.995984 0.991993 0.0265034 56.2433 3174.01 1.11947
-1.135 0.0928701 0.104895 0.99614 0.992302 0.0255895 56.2087 3170.26 1.13445
-1.13 0.0878363 0.103836 0.996263 0.992547 0.0245518 56.1463 3163.36 1.14727
-1.125 0.0827761 0.104386 0.996378 0.992776 0.0236735 56.0597 3153.35 1.11932
-1.12 0.0777009 0.0982894 0.996497 0.993013 0.0221792 56.0646 3153.89 1.11745
-1.115 0.0726251 0.0994658 0.996638 0.993294 0.0216998 55.9873 3145.12 1.10824
-1.11 0.0675675 0.0976281 0.996722 0.99346 0.0210674 55.9823 3144.55 1.10701
-1.105 0.0624941 0.098142 0.996841 0.993698 0.0203873 55.9419 3139.8 1.0834
-1.1 0.0574864 0.0948421 0.996897 0.99381 0.0198204 55.9057 3135.82 1.09123
-1.095 0.0524592 0.0958256 0.996983 0.993981 0.0193413 55.865 3131.35 1.10062
-1.09 0.0473499 0.0901991 0.997143 0.9943 0.0179375 55.73 3115.97 1.06974
-1.085 0.0422951 0.0907317 0.997208 0.99443 0.0175433 55.7603 3119.49 1.08519
-1.08 0.0372769 0.0904369 0.997285 0.994582 0.0173795 55.7231 3115.49 1.10121
-1.075 0.0322317 0.0895423 0.997366 0.994744 0.0168934 55.6721 3109.6 1.07943
-1.07 0.027145 0.0842755 0.997484 0.994979 0.0157233 55.6709 3109.45 1.07827
-1.065 0.0220922 0.0861591 0.997555 0.995122 0.0155499 55.5909 3100.39 1.06244
-1.06 0.0170952 0.0852494 0.997613 0.995236 0.0148058 55.5707 3098.34 1.08275
-1.055 0.0120218 0.0845171 0.997707 0.995424 0.0144439 55.5217 3092.84 1.07856
-1.05 0.00699127 0.0825217 0.99776 0.995529 0.0141253 55.5451 3095.41 1.07511
-1.045 0.0019199 0.0821364 0.99785 0.995708 0.0135311 55.5114 3091.68 1.07659
-1.04 -0.00310106 0.0802999 0.997903 0.995815 0.0130309 55.4432 3084.01 1.06747
-1.035 -0.00814091 0.0793235 0.997954 0.995916 0.0127363 55.4209 3081.56 1.06975
-1.03 -0.0131803 0.0781369 0.998016 0.99604 0.0121718 55.4287 3082.47 1.07516
-1.025 -0.0182293 0.0770124 0.998095 0.996197 0.0119287 55.3874 3077.76 1.06174
-1.02 -0.0232003 0.0771125 0.998118 0.996242 0.0116075 55.3418 3072.75 1.06735
-1.015 -0.0283025 0.0746342 0.998189 0.996385 0.0111171 55.3912 3078.15 1.05825
-1.01 -0.0333393 0.0758034 0.998257 0.996519 0.0108035 55.3253 3070.73 1.04555
-1.005 -0.0383626 0.0737861 0.998307 0.996619 0.0105448 55.3109 3069.12 1.04549
-1 -0.0434175 0.0714582 0.998355 0.996717 0.00996188 55.3397 3072.58 1.07286
-0.995 -0.0484624 0.0720867 0.998412 0.996829 0.00987463 55.2685 3064.54 1.05675
-0.99 -0.0534591 0.0728631 0.998451 0.996907 0.00966176 55.2137 3058.52 1.06228
-0.985 -0.0584972 0.0699264 0.998501 0.997007 0.00916569 55.2417 3061.49 1.04827
-0.98 -0.0634898 0.0694998 0.998544 0.997093 0.00894114 55.178 3054.58 1.06216
-0.975 -0.0685383 0.0675862 0.998605 0.997214 0.00854132 55.1839 3055.18 1.05649
-0.97 -0.0735655 0.0685227 0.998635 0.997274 0.00839115 55.1844 3055.14 1.04618
-0.965 -0.07859 0.0661219 0.998674 0.997353 0.0081645 55.1207 3048.33 1.07074
-0.96 -0.083669 0.0650749 0.998727 0.997459 0.00768676 55.1346 3049.61 1.04448
-0.955 -0.0886902 0.0656401 0.998765 0.997533 0.00751354 55.1323 3049.2 1.02694
-0.95 -0.0937104 0.065588 0.998817 0.997637 0.0072878 55.0992 3045.6 1.03256
-0.945 -0.098715 0.0658512 0.998815 0.997634 0.00741805 55.0676 3042.02 1.02305
-0.94 -0.103757 0.0634629 0.998867 0.997737 0.00684316 55.0931 3045.02 1.0436
-0.935 -0.108776 0.0615513 0.998902 0.997807 0.00666405 55.0741 3042.79 1.02948
-0.93 -0.113807 0.0619748 0.99894 0.997882 0.006527 55.0096 3035.72 1.03347
-0.925 -0.118809 0.06128 0.99896 0.997922 0.00624428 55.0621 3041.51 1.03304
-0.92 -0.123852 0.0604327 0.998997 0.997996 0.0060654 55.002 3034.82 1.02636
-0.915 -0.128859 0.05999 0.999025 0.998054 0.00591234 55.0073 3035.57 1.04444
-0.91 -0.133868 0.0583873 0.999056 0.998115 0.0057086 54.9678 3031.01 1.02257
-0.905 -0.138907 0.0585242 0.99909 0.998182 0.00544738 54.9431 3028.4 1.03385
-0.9 -0.143937 0.0579622 0.999108 0.998219 0.0053596 54.9774 3032.24 1.04032
-0.895 -0.148932 0.0569178 0.999139 0.99828 0.00522042 54.9232 3026.38 1.05175
-0.89 -0.153956 0.0570507 0.999163 0.998329 0.00510695 54.9476 3028.9 1.03416
-0.885 -0.158977 0.056088 0.999195 0.998391 0.00480287 54.8695 3020.27 1.02976
-0.88 -0.164028 0.0561704 0.999206 0.998414 0.00483743 54.9919 3033.76 1.03238
-0.875 -0.169015 0.0559552 0.999231 0.998463 0.00468519 54.8855 3022 1.02755
-0.87 -0.174047 0.053647 0.999255 0.998512 0.00451756 54.9251 3026.38 1.02907
-0.865 -0.17906 0.0538336 0.999276 0.998553 0.00437554 54.9034 3023.91 1.02114
-0.86 -0.184071 0.0541766 0.999296 0.998594 0.00422214 54.8926 3022.75 1.02444
-0.855 -0.189109 0.0517502 0.999337 0.998675 0.00402958 54.8583 3019.02 1.02904
-0.85 -0.194113 0.0528773 0.999351 0.998703 0.00393994 54.8406 3016.98 1.01721
-0.845 -0.199097 0.05229 0.999363 0.998728 0.00378558 54.8734 3020.73 1.03326
-0.84 -0.204142 0.0502223 0.999385 0.998772 0.00366829 54.862 3019.17 1.0008
-0.835 -0.209166 0.0508684 0.999407 0.998815 0.00360132 54.8653 3019.71 1.019
-0.83 -0.214162 0.0505916 0.999415 0.998832 0.0035083 54.8418 3017.13 1.02034
-0.825 -0.219152 0.0500627 0.999435 0.99887 0.00337438 54.8635 3019.42 1.01064
-0.82 -0.224215 0.0502352 0.999441 0.998884 0.00333379 54.8372 3016.67 1.02544
-0.815 -0.229193 0.049942 0.99946 0.998921 0.00328327 54.8158 3014.3 1.02196
-0.81 -0.234215 0.0494329 0.999476 0.998952 0.003156 54.8219 3015.01 1.02713
-0.805 -0.239225 0.0485794 0.999488 0.998978 0.00302995 54.8327 3016.05 1.01094
-0.8 -0.24425 0.0472854 0.999512 0.999025 0.00288959 54.8036 3012.88 1.01419
-0.795 -0.249273 0.0484268 0.999513 0.999027 0.00287988 54.8402 3016.96 1.01991
-0.79 -0.254256 0.0469192 0.999546 0.999094 0.00268789 54.8065 3013.25 1.01887
-0.785 -0.259276 0.0486598 0.999546 0.999092 0.00276668 54.8272 3015.54 1.02092
-0.78 -0.26428 0.046894 0.999565 0.99913 0.00260391 54.7589 3008.06 1.02282
-0.775 -0.269304 0.0457969 0.999574 0.999149 0.00255443 54.7701 3009.35 1.03023
-0.77 -0.27431 0.0465797 0.999591 0.999184 0.00245187 54.7749 3009.81 1.02185
-0.765 -0.27932 0.0445003 0.999607 0.999216 0.00230807 54.7562 3007.61 1.00588
-0.76 -0.284346 0.0442202 0.999616 0.999233 0.00229137 54.7899 3011.21 0.995643
-0.755 -0.289344 0.0443217 0.999632 0.999266 0.00218426 54.727 3004.55 1.02147
-0.75 -0.294351 0.0444833 0.999633 0.999267 0.00219402 54.7291 3004.9 1.03368
-0.745 -0.299368 0.0451246 0.999645 0.99929 0.00212866 54.7041 3001.88 1.00462
-0.74 -0.304384 0.0444407 0.999657 0.999315 0.00205375 54.7598 3008.07 1.01293
-0.735 -0.309393 0.0434525 0.999672 0.999345 0.00194053 54.7603 3008.12 1.0139
-0.73 -0.314389 0.0436029 0.99967 0.999341 0.00193156 54.7365 3005.65 1.02778
-0.725 -0.319414 0.0428014 0.999689 0.99938 0.00185522 54.7361 3005.62 1.02977
-0.72 -0.324411 0.0424799 0.999696 0.999393 0.00177706 54.7781 3010.04 1.00902
-0.715 -0.329442 0.0417442 0.999711 0.999424 0.00174609 54.7451 3006.41 1.0074
-0.71 -0.334417 0.0421757 0.999706 0.999413 0.0017171 54.7567 3007.59 0.998537
-0.705 -0.33944 0.0413978 0.999726 0.999453 0.00163226 54.7327 3005.21 1.02525
-0.7 -0.344465 0.0411008 0.999732 0.999464 0.0015751 54.725 3004.2 1.0075
-0.695 -0.349456 0.0411756 0.999739 0.999478 0.00154565 54.7496 3007.01 1.0194
-0.69 -0.354485 0.0414669 0.999745 0.99949 0.00149711 54.7335 3005.06 1.00015
-0.685 -0.35949 0.0410967 0.999761 0.999523 0.0014436 54.7011 3001.6 1.00991
-0.68 -0.364497 0.0400871 0.999762 0.999525 0.00140415 54.7321 3005.09 1.0198
-0.675 -0.369464 0.0402121 0.999763 0.999527 0.00141233 54.6708 2998.26 1.00704
-0.67 -0.374497 0.0398429 0.999773 0.999546 0.00134973 54.7327 3004.99 1.00178
-0.665 -0.379494 0.0391916 0.99978 0.99956 0.00131086 54.7016 3001.61 1.00467
-0.66 -0.384497 0.0396654 0.999787 0.999574 0.00127038 54.6784 2998.97 0.994199
-0.655 -0.389502 0.0390077 0.999794 0.999588 0.0012292 54.6657 2997.71 1.00802
-0.65 -0.394523 0.0394692 0.999797 0.999595 0.00120872 54.6763 2998.92 1.01434
-0.645 -0.399523 0.03821 0.999806 0.999612 0.00113421 54.6375 2994.72 1.01957
-0.64 -0.40454 0.0382373 0.999814 0.999628 0.00110445 54.6857 2999.88 1.00664
-0.635 -0.409539 0.038184 0.999817 0.999634 0.00108753 54.6846 2999.7 0.999721
-0.63 -0.414587 0.0376117 0.999828 0.999656 0.00102083 54.7104 3002.52 0.999039
-0.625 -0.419556 0.0374968 0.999833 0.999666 0.000999868 54.6912 3000.72 1.03161
-0.62 -0.424557 0.0371724 0.999827 0.999653 0.00103268 54.6761 2998.67 0.989082
-0.615 -0.429546 0.0375041 0.99984 0.999679 0.000954475 54.6602 2997.19 1.01796
-0.61 -0.434536 0.0366177 0.999841 0.999682 0.000944371 54.6226 2993.03 1.01259
-0.605 -0.43957 0.036761 0.999849 0.999698 0.000902495 54.7085 3002.51 1.01993
-0.6 -0.44457 0.0365637 0.999853 0.999706 0.000867723 54.6976 3001.12 1.00019
-0.595 -0.449564 0.0362503 0.999852 0.999704 0.000863368 54.6829 2999.58 1.00743
-0.59 -0.45459 0.0365403 0.99986 0.999719 0.000828791 54.6476 2995.79 1.01476
-0.585 -0.459612 0.0362145 0.999864 0.999727 0.0008019 54.6674 2997.94 1.01297
-0.58 -0.464587 0.0363299 0.999865 0.999729 0.000799796 54.6818 2999.55 1.01725
-0.575 -0.469617 0.0357368 0.999872 0.999744 0.000762393 54.65 2995.98 1.00746
-0.57 -0.474557 0.0359153 0.99987 0.999739 0.000770042 54.6549 2996.49 1.00444
-0.565 -0.479611 0.0356896 0.999885 0.999771 0.000679883 54.632 2994.05 1.01115
-0.56 -0.484608 0.0349988 0.999883 0.999765 0.000681477 54.6441 2995.23 0.996668
-0.555 -0.489621 0.0349307 0.999885 0.99977 0.000684141 54.6559 2996.49 0.992125
-0.55 -0.494609 0.0351906 0.999891 0.999781 0.000649826 54.6655 2997.73 1.01363
-0.545 -0.499613 0.035154 0.999892 0.999785 0.000630104 54.6637 2997.47 1.006
-0.54 -0.504619 0.035739 0.999893 0.999786 0.000636611 54.6542 2996.45 1.00842
-0.535 -0.509635 0.0340782 0.999904 0.999808 0.000558367 54.6366 2994.7 1.02672
-0.53 -0.514645 0.0348586 0.999902 0.999804 0.000580029 54.7042 3001.98 1.01402
-0.525 -0.519642 0.0344344 0.999902 0.999804 0.000581734 54.6352 2994.31 1.00264
-0.52 -0.524624 0.0345334 0.999904 0.999808 0.000564721 54.6585 2997.08 1.02546
-0.515 -0.529646 0.0341215 0.999911 0.999823 0.000517092 54.6332 2994.18 1.01045
-0.51 -0.534631 0.0345642 0.99991 0.99982 0.000525441 54.6317 2993.97 1.00658
-0.505 -0.539644 0.0337839 0.999919 0.999838 0.000474514 54.5986 2990.35 1.00727
-0.5 -0.544649 0.034402 0.999916 0.999831 0.00049467 54.6592 2997.15 1.02409
