-0.5 -0.544643 0.0347015 0.999915 0.99983 0.000498256 54.6181 2992.44 1.00298
-0.505 -0.539659 0.0331519 0.999921 0.999842 0.000453735 54.6927 3000.67 1.00814
-0.51 -0.534634 0.0342343 0.999911 0.999823 0.000519239 54.6403 2995 1.01555
-0.515 -0.529658 0.0346713 0.999908 0.999816 0.000547294 54.6547 2996.45 1.00181
-0.52 -0.524603 0.0340009 0.999908 0.999817 0.000531734 54.591 2989.63 1.01837
-0.525 -0.519637 0.0349773 0.999902 0.999804 0.00057867 54.6637 2997.53 1.01261
-0.53 -0.514654 0.0349869 0.999904 0.999808 0.000563586 54.7309 3004.78 0.999659
-0.535 -0.509615 0.0353502 0.999893 0.999786 0.00062742 54.6557 2996.74 1.0216
-0.54 -0.504604 0.0342411 0.999895 0.999791 0.00061544 54.6534 2996.38 1.0107
-0.545 -0.499613 0.0344966 0.999898 0.999795 0.000596599 54.6165 2992.28 1.0041
-0.55 -0.494563 0.0345849 0.999886 0.999773 0.000659378 54.6102 2991.7 1.01611
-0.555 -0.489607 0.0357288 0.999883 0.999765 0.000695195 54.68 2999.32 1.01324
-0.56 -0.484593 0.0352427 0.999884 0.999769 0.000683733 54.6501 2995.89 0.995425
-0.565 -0.4796 0.036103 0.99988 0.99976 0.000716148 54.6382 2994.67 1.00554
-0.57 -0.474591 0.036089 0.999873 0.999746 0.00075089 54.6596 2997.12 1.01662
-0.575 -0.469579 0.0363837 0.999876 0.999752 0.000731959 54.6333 2993.98 0.988622
-0.58 -0.464595 0.0367554 0.999868 0.999737 0.000768096 54.6697 2998.11 1.0045
-0.585 -0.459582 0.0364544 0.999861 0.999723 0.000801246 54.6693 2998.17 1.01567
-0.59 -0.45459 0.0357134 0.99986 0.99972 0.00081815 54.6925 3000.82 1.0274
-0.595 -0.449603 0.0364853 0.999862 0.999724 0.000804532 54.6845 2999.79 1.0106
-0.6 -0.444573 0.037507 0.999851 0.999703 0.000875348 54.6717 2998.42 1.01418
-0.605 -0.439593 0.0369631 0.999851 0.999703 0.00088982 54.6804 2999.28 1.00427
-0.61 -0.434547 0.0372896 0.999835 0.99967 0.000971578 54.6638 2997.5 1.00858
-0.615 -0.429544 0.0378899 0.999834 0.999668 0.000982859 54.6665 2997.64 0.99216
-0.62 -0.424576 0.0377717 0.999839 0.999679 0.000950429 54.6787 2999 0.993905
-0.625 -0.419521 0.03775 0.999826 0.999653 0.00101654 54.6431 2995.23 1.008
-0.63 -0.414521 0.0381618 0.99982 0.999641 0.0010585 54.6662 2997.91 1.02417
-0.635 -0.409534 0.0391623 0.999814 0.999629 0.00110346 54.7126 3002.89 1.01304
-0.64 -0.404535 0.0382286 0.99981 0.99962 0.00113385 54.6865 2999.89 0.998298
-0.645 -0.399504 0.0385875 0.999799 0.999598 0.00118305 54.7043 3002.01 1.01639
-0.65 -0.394506 0.0387047 0.999801 0.999602 0.0011755 54.7259 3004.47 1.02668
-0.655 -0.389499 0.0397894 0.999787 0.999575 0.00124687 54.7194 3003.49 0.997661
-0.66 -0.38449 0.0397922 0.999783 0.999567 0.00127311 54.6995 3001.58 1.02591
-0.665 -0.379496 0.0392286 0.999775 0.999551 0.00131963 54.7092 3002.56 1.01816
-0.67 -0.37446 0.0398063 0.999769 0.999538 0.0013567 54.6809 2999.53 1.02516
-0.675 -0.369489 0.0398673 0.999766 0.999533 0.00136737 54.6879 3000.11 1.00551
-0.68 -0.364476 0.0400912 0.99976 0.99952 0.00142379 54.696 3001 1.00478
-0.685 -0.359437 0.0424964 0.999746 0.999493 0.00149812 54.6857 2999.87 1.00507
-0.69 -0.354454 0.0409799 0.999743 0.999486 0.00155128 54.7051 3002.13 1.01996
-0.695 -0.349468 0.0412705 0.999739 0.999479 0.00153125 54.7004 3001.72 1.03003
-0.7 -0.344472 0.0411243 0.99973 0.99946 0.00159542 54.7486 3006.76 1.00478
-0.705 -0.339444 0.0418511 0.999724 0.999448 0.00161752 54.7035 3001.85 1.00728
-0.71 -0.334434 0.0421899 0.999715 0.99943 0.00170995 54.7295 3004.67 1.00581
-0.715 -0.329413 0.0417811 0.999697 0.999395 0.00178022 54.7413 3005.96 1.00474
-0.72 -0.324421 0.0432606 0.999698 0.999397 0.00182352 54.7285 3004.59 1.00916
-0.725 -0.319407 0.0421969 0.999687 0.999375 0.00180617 54.7398 3005.76 1.00137
-0.73 -0.314399 0.0424349 0.99968 0.999361 0.00188249 54.7193 3003.69 1.01928
-0.735 -0.309405 0.0434676 0.999668 0.999337 0.00196161 54.7643 3008.65 1.02238
-0.74 -0.304364 0.0443784 0.999654 0.999309 0.0020532 54.7617 3008.35 1.02049
-0.745 -0.299387 0.0445082 0.999647 0.999295 0.00212213 54.7815 3010.29 0.995981
-0.75 -0.294365 0.0446168 0.999632 0.999264 0.00220398 54.7931 3011.77 1.0188
-0.755 -0.28933 0.0442678 0.999622 0.999244 0.00223321 54.7267 3004.49 1.0197
-0.76 -0.284347 0.0444967 0.99962 0.999242 0.00226628 54.7723 3009.56 1.02611
-0.765 -0.279347 0.0448214 0.999611 0.999222 0.00228821 54.7604 3008.09 1.0086
-0.77 -0.274305 0.0461958 0.999591 0.999183 0.00242306 54.7531 3007.41 1.02103
-0.775 -0.269337 0.0458218 0.99959 0.999181 0.00245747 54.7744 3009.66 1.01224
-0.78 -0.264307 0.0465464 0.999569 0.99914 0.00255536 54.793 3011.71 1.01311
-0.785 -0.259276 0.0471082 0.999539 0.999079 0.00275385 54.7882 3011.25 1.02029
-0.79 -0.254243 0.0484485 0.99953 0.999061 0.002815 54.736 3005.44 1.01105
-0.795 -0.249273 0.046981 0.999532 0.999065 0.00281502 54.807 3013.26 1.01475
-0.8 -0.244294 0.0474906 0.999522 0.999045 0.00287456 54.7956 3012.16 1.03108
-0.805 -0.239239 0.0471798 0.999499 0.999 0.00295858 54.7768 3009.98 1.01819
-0.81 -0.234206 0.0495483 0.999466 0.998934 0.00317286 54.826 3015.49 1.0304
-0.815 -0.229214 0.0498742 0.999458 0.998918 0.00327876 54.8493 3018.12 1.03694
-0.82 -0.224192 0.0505761 0.999443 0.998888 0.0033049 54.8549 3018.47 1.00941
-0.825 -0.219197 0.0493741 0.999436 0.998874 0.00344146 54.8342 3016.55 1.04746
-0.83 -0.214176 0.0512235 0.999423 0.998848 0.00346858 54.8459 3017.5 1.01021
-0.835 -0.209138 0.0510917 0.999395 0.99879 0.00362156 54.8595 3019.18 1.03117
-0.84 -0.204143 0.0504226 0.999382 0.998766 0.00368281 54.893 3022.73 1.01714
-0.845 -0.199104 0.0532565 0.999348 0.998697 0.00393841 54.8802 3021.37 1.02154
-0.85 -0.194114 0.052403 0.999345 0.998692 0.00395062 54.8737 3020.75 1.03193
-0.855 -0.189091 0.0532043 0.999321 0.998644 0.00408323 54.8711 3020.47 1.03197
-0.86 -0.184067 0.054387 0.999288 0.998579 0.0042921 54.9289 3026.85 1.03443
-0.865 -0.17908 0.0543656 0.999287 0.998576 0.00423406 54.8956 3023.09 1.02441
-0.87 -0.174031 0.0549943 0.999254 0.99851 0.00445933 54.9179 3025.59 1.03014
-0.875 -0.169016 0.0550288 0.999232 0.998467 0.00462058 54.9113 3024.8 1.0239
-0.88 -0.164003 0.0557231 0.999226 0.998455 0.00463787 54.8938 3022.86 1.02122
-0.885 -0.158994 0.0567998 0.999179 0.998361 0.00498935 54.977 3032.15 1.0363
-0.89 -0.153946 0.0566466 0.999147 0.998297 0.00508395 54.9362 3027.52 1.02095
-0.895 -0.148935 0.0582438 0.999134 0.99827 0.00526857 54.9032 3023.78 1.00881
-0.9 -0.143933 0.0576871 0.999101 0.998205 0.00551767 55.0186 3036.73 1.03492
-0.905 -0.138898 0.0588747 0.999087 0.998176 0.00552815 54.9999 3034.7 1.03866
-0.91 -0.133889 0.0592285 0.999058 0.998118 0.00564101 55.0385 3038.95 1.03859
-0.915 -0.128852 0.0601521 0.999027 0.998058 0.00586985 54.9962 3034.24 1.03272
-0.92 -0.123835 0.0604051 0.99899 0.997983 0.00616039 55.0507 3040.43 1.05245
-0.925 -0.118821 0.0607419 0.998969 0.997941 0.00630944 54.9871 3033.26 1.03508
-0.93 -0.113832 0.0617534 0.99897 0.997943 0.00635606 55.0383 3038.8 1.02392
-0.935 -0.108777 0.0611426 0.998924 0.997852 0.00646148 55.0196 3036.77 1.02835
-0.94 -0.10374 0.0625769 0.998868 0.99774 0.00689365 55.0969 3045.27 1.02556
-0.945 -0.0986987 0.0642429 0.998828 0.99766 0.00731201 55.0611 3041.49 1.04413
-0.95 -0.0936787 0.0648068 0.998782 0.997568 0.00729144 55.1276 3048.9 1.05098
-0.955 -0.0886851 0.065266 0.998772 0.997547 0.0075227 55.1526 3051.66 1.05135
-0.96 -0.0836547 0.0657862 0.998732 0.997469 0.0078169 55.0921 3044.93 1.04545
-0.965 -0.0786229 0.067565 0.998682 0.997368 0.00812334 55.1664 3053.12 1.04331
-0.97 -0.0735709 0.0679974 0.998641 0.997286 0.00840302 55.1711 3053.56 1.03503
-0.975 -0.0685729 0.0699717 0.998607 0.997218 0.00873799 55.1955 3056.33 1.04288
-0.98 -0.0635316 0.0697021 0.998564 0.997134 0.00890593 55.1869 3055.31 1.03556
-0.985 -0.0585246 0.0694618 0.998535 0.997076 0.00893422 55.2143 3058.69 1.07258
-0.99 -0.0534899 0.0709546 0.998475 0.996956 0.00934847 55.302 3068.23 1.05507
-0.995 -0.0484755 0.070825 0.998447 0.996899 0.00945784 55.2606 3063.53 1.04274
-1 -0.0434558 0.0729401 0.998383 0.996772 0.00995545 55.31 3069.01 1.04374
-1.005 -0.038303 0.0759122 0.998284 0.996574 0.0107947 55.3153 3069.7 1.05451
-1.01 -0.0333428 0.0734002 0.998262 0.996529 0.0106102 55.3286 3071.39 1.07788
-1.015 -0.0282939 0.0742116 0.998207 0.996421 0.0110461 55.3162 3069.95 1.07025
-1.02 -0.0232909 0.0744988 0.998182 0.99637 0.0112816 55.3271 3071.27 1.08284
-1.025 -0.0182254 0.0771978 0.998092 0.996191 0.0119685 55.3839 3077.52 1.07755
-1.03 -0.0131669 0.076948 0.998029 0.996066 0.0120324 55.3931 3078.54 1.07828
-1.035 -0.00816846 0.0795879 0.997976 0.995959 0.0125052 55.4746 3087.49 1.06699
-1.04 -0.00309507 0.0803984 0.997899 0.995806 0.013117 55.4696 3086.73 1.04489
-1.045 0.00196554 0.0829346 0.997804 0.995616 0.0139236 55.511 3091.7 1.0847
-1.05 0.00697612 0.0820389 0.997775 0.99556 0.0137979 55.5211 3092.63 1.06323
-1.055 0.0120181 0.0847006 0.997688 0.995386 0.0148673 55.5713 3098.37 1.07972
-1.06 0.0171029 0.0866665 0.997603 0.995216 0.0154484 55.5598 3097.3 1.10243
-1.065 0.022084 0.0855682 0.997552 0.995115 0.0154329 55.5975 3101.11 1.06173
-1.07 0.0271432 0.0852323 0.997489 0.994988 0.0156704 55.6251 3104.4 1.08378
-1.075 0.0322118 0.0890452 0.997382 0.994776 0.0166527 55.6741 3109.88 1.08472
-1.08 0.0372359 0.0890147 0.997316 0.994645 0.0172009 55.6914 3111.87 1.09201
-1.085 0.0423185 0.0940923 0.997187 0.994388 0.0184711 55.7635 3120.07 1.10814
-1.09 0.0473443 0.0914706 0.997147 0.994308 0.0181335 55.7437 3117.67 1.08817
-1.095 0.0524152 0.0932713 0.997034 0.994082 0.0185215 55.8415 3128.56 1.08265
-1.1 0.0574779 0.0947399 0.996902 0.993819 0.0197386 55.9121 3136.59 1.09715
-1.105 0.062564 0.0983295 0.996801 0.993619 0.0211386 55.889 3134.27 1.12514
-1.11 0.0675347 0.0985388 0.996745 0.993507 0.0209289 55.9565 3141.48 1.08776
-1.115 0.0726955 0.100375 0.99656 0.993138 0.0220053 56.0008 3146.76 1.12037
-1.12 0.0776856 0.0996329 0.996495 0.99301 0.0226649 56.1119 3159.09 1.1056
-1.125 0.0827689 0.102649 0.996404 0.992829 0.0233293 56.0307 3150.07 1.11574
-1.13 0.0878566 0.103931 0.996265 0.992551 0.024594 56.1427 3162.96 1.14726
-1.135 0.0929171 0.105817 0.996122 0.992267 0.0257594 56.2085 3170.33 1.14355
-1.14 0.0979494 0.108257 0.996032 0.992088 0.0265166 56.2065 3170.12 1.14662
-1.145 0.103042 0.10853 0.995847 0.991718 0.0273174 56.3256 3183.51 1.14157
-1.15 0.108111 0.112386 0.995692 0.99141 0.0287088 56.3728 3188.74 1.13183
-1.155 0.113214 0.112364 0.995544 0.991116 0.0292773 56.4745 3200.47 1.15615
-1.16 0.11828 0.114644 0.995431 0.990893 0.0304494 56.4823 3201.35 1.15577
-1.165 0.123326 0.116728 0.995293 0.990618 0.0318 56.5448 3208.23 1.13585
-1.17 0.128413 0.118883 0.995111 0.990255 0.0331885 56.6005 3214.78 1.16017
-1.175 0.133512 0.119684 0.994976 0.989988 0.0342898 56.6217 3217.46 1.18901
-1.18 0.138651 0.124084 0.994701 0.989441 0.0363784 56.7837 3235.92 1.19518
-1.185 0.143665 0.123317 0.99459 0.98922 0.0370942 56.8383 3241.99 1.17952
-1.19 0.148774 0.12748 0.994412 0.988866 0.0392683 56.8375 3241.92 1.18124
-1.195 0.153834 0.128575 0.994255 0.988555 0.0406013 56.8937 3248.52 1.20188
-1.2 0.158957 0.133796 0.993975 0.988 0.043068 57.056 3267.09 1.20713
-1.205 0.164017 0.136796 0.993768 0.987587 0.0453484 57.1674 3280.05 1.22802
-1.21 0.169108 0.134129 0.993593 0.987241 0.0453309 57.2151 3285.47 1.22399
-1.215 0.174293 0.141723 0.993255 0.98657 0.048463 57.3891 3305.56 1.23567
-1.22 0.179409 0.143748 0.992975 0.986014 0.0516925 57.4822 3316.55 1.2625
-1.225 0.184459 0.14413 0.992782 0.985631 0.0530579 57.5996 3330.18 1.27377
-1.23 0.189576 0.148467 0.992559 0.98519 0.0548031 57.6595 3336.9 1.25334
-1.235 0.19469 0.152279 0.992273 0.984623 0.0577949 57.7539 3347.94 1.26651
-1.24 0.199776 0.150738 0.992005 0.984092 0.0592837 57.8793 3362.39 1.25754
-1.245 0.204959 0.157684 0.991616 0.983321 0.0638885 58.0737 3385.38 1.29818
-1.25 0.21008 0.161566 0.991336 0.982766 0.0673383 58.1406 3393.59 1.34112
-1.255 0.215267 0.165505 0.990938 0.98198 0.0717414 58.3438 3417.62 1.3735
-1.26 0.220356 0.165627 0.990633 0.981376 0.0733426 58.4474 3429.67 1.36586
-1.265 0.225513 0.172138 0.99026 0.980637 0.0767097 58.6141 3449.15 1.35778
-1.27 0.230703 0.182475 0.989825 0.979778 0.0852496 58.7358 3464.29 1.44208
-1.275 0.235867 0.179829 0.989411 0.97896 0.0864726 58.9244 3486.18 1.40739
-1.28 0.241013 0.18441 0.988982 0.978111 0.0913959 59.0812 3504.9 1.42495
-1.285 0.246155 0.188607 0.988514 0.977189 0.0959744 59.3111 3532.42 1.44972
-1.29 0.251303 0.192595 0.988069 0.97631 0.10098 59.5027 3555.34 1.46028
-1.295 0.256542 0.198116 0.987481 0.97515 0.107583 59.7283 3582.9 1.5194
-1.3 0.26175 0.207594 0.986848 0.973904 0.118695 59.9996 3615.68 1.54132
-1.305 0.266987 0.215666 0.986189 0.972606 0.126611 60.2983 3651.91 1.56262
-1.31 0.272187 0.220444 0.985678 0.971601 0.133504 60.4204 3667.05 1.59925
-1.315 0.277411 0.220429 0.984968 0.970205 0.142609 60.7295 3704.66 1.6066
-1.32 0.282627 0.230046 0.984252 0.968798 0.154048 61.0256 3741.56 1.68096
-1.325 0.287966 0.241379 0.983346 0.967019 0.167217 61.3885 3786.68 1.73756
-1.33 0.29319 0.245891 0.98256 0.965478 0.181311 61.7073 3826.96 1.82686
-1.335 0.298557 0.264814 0.981433 0.96327 0.204196 62.182 3886.83 1.91283
-1.34 0.303889 0.276523 0.980321 0.961095 0.2241 62.6447 3945.45 1.98104
-1.345 0.309236 0.297776 0.97921 0.958929 0.26152 63.0668 4000.22 2.1267
-1.35 0.314476 0.303783 0.978193 0.956943 0.276971 63.4421 4048.82 2.21807
-1.355 0.320061 0.319395 0.976316 0.953286 0.319253 64.2367 4152.28 2.37468
-1.36 0.325561 0.353442 0.974552 0.949866 0.386149 64.9021 4241.31 2.63155
-1.365 0.24582 1.58074 0.144773 0.0213055 1.17302 389.368 151725 1.78105
-1.37 0.244796 1.59847 0.139822 0.0198829 1.12784 391.397 153308 1.73964
-1.375 0.242976 1.5435 0.133455 0.0181149 1.03247 394.283 155569 1.6441
-1.38 0.241801 1.5467 0.128587 0.0168203 0.968519 396.456 157284 1.58168
-1.385 0.240316 1.5577 0.123383 0.0155017 0.942988 398.758 159113 1.55259
-1.39 0.23913 1.55106 0.118828 0.0143842 0.89493 400.686 160653 1.52152
-1.395 0.237943 1.53699 0.114482 0.0133625 0.868615 402.71 162279 1.50953
-1.4 0.236758 1.57591 0.110514 0.0124562 0.823066 404.311 163569 1.47788
-1.405 0.235921 1.54284 0.106745 0.011627 0.787505 405.899 164853 1.43154
-1.41 0.23473 1.52553 0.102782 0.0107832 0.74184 407.746 166353 1.38883
-1.415 0.233474 1.50523 0.099097 0.01003 0.710862 409.451 167745 1.37379
-1.42 0.232458 1.54374 0.0956063 0.00934071 0.678188 410.893 168928 1.35309
-1.425 0.231242 1.57682 0.0921046 0.00868336 0.67798 412.485 170241 1.37859
-1.43 0.230246 1.52779 0.0888012 0.00807045 0.626129 414.018 171502 1.28816
-1.435 0.22931 1.48695 0.0858324 0.00754466 0.601278 415.314 172575 1.26593
-1.44 0.228174 1.50298 0.0828109 0.00703182 0.590125 416.716 173742 1.27366
-1.445 0.227114 1.51853 0.0798649 0.00654087 0.550457 418.106 174902 1.25098
-1.45 0.2263 1.5169 0.0771146 0.00610653 0.541665 419.239 175850 1.24965
-1.455 0.225405 1.48946 0.0747287 0.00573762 0.519216 420.35 176781 1.21859
-1.46 0.22454 1.45856 0.0722073 0.00536025 0.495901 421.435 177692 1.17716
-1.465 0.223555 1.47814 0.0696339 0.00498742 0.469376 422.685 178747 1.17173
-1.47 0.223058 1.49741 0.0676786 0.00471775 0.465412 423.372 179328 1.17032
-1.475 0.221981 1.45355 0.0652011 0.00437935 0.434241 424.523 180302 1.14471
-1.48 0.221411 1.49211 0.0632489 0.00412785 0.431771 425.423 181069 1.16977
-1.485 0.220327 1.42611 0.0608612 0.00382461 0.408364 426.518 181999 1.11836
-1.49 0.219633 1.44633 0.0589989 0.00359612 0.390516 427.294 182662 1.12866
-1.495 0.219062 1.42152 0.0572441 0.00338904 0.380014 428.124 183369 1.07535
