2 -0.991028 1.18972 1 0.999999 2.60378e-06 132.127 17459.3 0.12403
1.99 -0.98102 1.20407 1 1 8.68012e-07 132.127 17459.1 0.124967
1.98 -0.971061 1.20024 1 1 1.73594e-06 132.123 17458.1 0.126517
1.97 -0.961117 1.23207 1 0.999999 2.60378e-06 132.14 17462.6 0.125981
1.96 -0.951039 1.19321 1 1 0 132.13 17459.9 0.12626
1.95 -0.940995 1.2088 1 1 8.68012e-07 132.111 17455 0.126156
1.94 -0.930946 1.20947 1 1 0 132.102 17452.7 0.126215
1.93 -0.920954 1.20815 1 1 1.73594e-06 132.125 17458.8 0.126043
1.92 -0.911023 1.18368 1 1 0 132.128 17459.6 0.12546
1.91 -0.90101 1.21151 1 1 8.68012e-07 132.12 17457.4 0.127103
1.9 -0.891096 1.18092 1 1 0 132.137 17462 0.126506
1.89 -0.881072 1.20361 1 1 1.73594e-06 132.135 17461.4 0.125521
1.88 -0.871014 1.21742 1 0.999999 3.47153e-06 132.125 17458.6 0.125851
1.87 -0.860989 1.21263 1 0.999999 3.47153e-06 132.125 17458.7 0.124498
1.86 -0.851026 1.21309 1 0.999999 3.47153e-06 132.125 17458.6 0.128151
1.85 -0.840952 1.2016 1 0.999999 2.60378e-06 132.108 17454.1 0.125799
1.84 -0.831016 1.19123 1 0.999999 2.60378e-06 132.113 17455.5 0.123846
1.83 -0.821064 1.21002 0.999999 0.999999 5.20677e-06 132.124 17458.4 0.123697
1.82 -0.811048 1.19563 1 1 1.73594e-06 132.136 17461.6 0.125565
1.81 -0.801023 1.21131 1 0.999999 2.60378e-06 132.122 17457.8 0.124896
1.8 -0.79104 1.21256 1 0.999999 4.33919e-06 132.108 17454.3 0.128044
1.79 -0.781036 1.20859 0.999999 0.999999 6.07426e-06 132.125 17458.7 0.125128
1.78 -0.770968 1.22735 0.999999 0.999998 8.67622e-06 132.091 17449.6 0.126057
1.77 -0.760982 1.21118 0.999999 0.999998 1.12774e-05 132.132 17460.7 0.127067
1.76 -0.75105 1.1936 0.999999 0.999999 6.07426e-06 132.127 17459.1 0.124588
1.75 -0.741077 1.20717 0.999999 0.999998 7.80898e-06 132.134 17461.1 0.124612
1.74 -0.731026 1.21192 0.999999 0.999998 1.12774e-05 132.121 17457.5 0.12567
1.73 -0.721045 1.19763 0.999999 0.999998 7.80898e-06 132.127 17459.2 0.127649
1.72 -0.711098 1.19702 0.999999 0.999998 1.12774e-05 132.136 17461.7 0.124383
1.71 -0.701033 1.21011 0.999999 0.999997 1.30111e-05 132.131 17460.2 0.126562
1.7 -0.690981 1.20112 0.999999 0.999998 9.54336e-06 132.127 17459.2 0.126555
1.69 -0.680997 1.2245 0.999999 0.999997 1.47444e-05 132.117 17456.6 0.125228
1.68 -0.670963 1.20899 0.999999 0.999997 1.30111e-05 132.103 17452.8 0.125582
1.67 -0.661014 1.2113 0.999999 0.999997 1.47444e-05 132.126 17459 0.124266
1.66 -0.650999 1.19651 0.999998 0.999996 1.99423e-05 132.129 17459.7 0.124833
1.65 -0.641056 1.23541 0.999998 0.999995 2.25401e-05 132.126 17459 0.126893
1.64 -0.631014 1.21636 0.999996 0.999993 3.63818e-05 132.124 17458.4 0.126093
1.63 -0.621012 1.2155 0.999997 0.999995 2.51371e-05 132.125 17458.6 0.125437
1.62 -0.611001 1.23297 0.999997 0.999994 3.20586e-05 132.11 17454.8 0.125861
1.61 -0.601042 1.20834 0.999997 0.999993 3.46528e-05 132.145 17463.9 0.125657
1.6 -0.59103 1.1869 0.999996 0.999992 3.81104e-05 132.136 17461.6 0.127234
1.59 -0.581007 1.20233 0.999995 0.99999 4.76118e-05 132.134 17461.2 0.129264
1.58 -0.570961 1.21862 0.999995 0.999991 4.67484e-05 132.121 17457.5 0.124509
1.57 -0.561017 1.20695 0.999995 0.999989 5.27899e-05 132.119 17457.1 0.127165
1.56 -0.551066 1.19445 0.999995 0.99999 4.8475e-05 132.125 17458.6 0.125852
1.55 -0.541037 1.21128 0.999994 0.999989 5.71026e-05 132.126 17458.9 0.124147
1.54 -0.531025 1.21586 0.999994 0.999988 6.14132e-05 132.138 17462.2 0.125407
1.53 -0.521096 1.17806 0.999993 0.999986 6.91667e-05 132.142 17463.2 0.124468
1.52 -0.511122 1.19236 0.999993 0.999986 7.17638e-05 132.122 17457.9 0.12756
1.51 -0.500993 1.21823 0.999991 0.999981 9.49799e-05 132.119 17457 0.127086
1.5 -0.49098 1.21132 0.999989 0.999979 0.000105257 132.121 17457.7 0.127096
1.49 -0.48104 1.20897 0.999989 0.999979 0.000105257 132.133 17460.9 0.124518
1.48 -0.471055 1.20665 0.999988 0.999975 0.000124125 132.128 17459.5 0.125305
1.47 -0.461032 1.21759 0.999984 0.999968 0.000163429 132.129 17459.9 0.126919
1.46 -0.451062 1.20358 0.999984 0.999968 0.000161725 132.122 17457.8 0.125433
1.45 -0.440996 1.20485 0.999984 0.999967 0.000164248 132.137 17462 0.12394
1.44 -0.430994 1.19974 0.99998 0.99996 0.00019566 132.128 17459.6 0.125072
1.43 -0.421049 1.18538 0.99998 0.99996 0.000199053 132.145 17464.1 0.127197
1.42 -0.411018 1.19228 0.999977 0.999955 0.000229705 132.143 17463.3 0.125583
1.41 -0.401016 1.20657 0.999974 0.999949 0.000256614 132.116 17456.2 0.125877
1.4 -0.390909 1.19803 0.999972 0.999944 0.00027843 132.11 17454.8 0.125767
1.39 -0.380996 1.2147 0.99997 0.999939 0.000302812 132.125 17458.6 0.126886
1.38 -0.37102 1.21066 0.999966 0.999933 0.000331106 132.136 17461.7 0.126871
1.37 -0.360998 1.19061 0.999959 0.999918 0.000407079 132.114 17455.6 0.123792
1.36 -0.350997 1.19944 0.999961 0.999922 0.000393237 132.132 17460.6 0.124936
1.35 -0.341046 1.20065 0.99995 0.9999 0.000494998 132.145 17463.8 0.124506
1.34 -0.330911 1.20753 0.999949 0.999898 0.000505827 132.113 17455.5 0.124608
1.33 -0.320982 1.20779 0.999947 0.999895 0.000527358 132.114 17455.9 0.125115
1.32 -0.310973 1.20618 0.999942 0.999884 0.000588155 132.136 17461.6 0.125506
1.31 -0.300957 1.21856 0.999932 0.999865 0.000673382 132.122 17458 0.129709
1.3 -0.290998 1.19702 0.999926 0.999851 0.000743296 132.129 17459.8 0.123647
1.29 -0.280936 1.21252 0.999913 0.999827 0.000862239 132.118 17456.8 0.126831
1.28 -0.270942 1.21982 0.999914 0.999829 0.000866573 132.138 17462 0.123272
1.27 -0.260911 1.22641 0.999899 0.999798 0.00100987 132.124 17458.5 0.123765
1.26 -0.250838 1.21316 0.999883 0.999766 0.00117634 132.121 17457.5 0.12551
1.25 -0.240944 1.21797 0.999882 0.999765 0.00116771 132.14 17462.5 0.126734
1.24 -0.230862 1.20481 0.999867 0.999734 0.0013391 132.117 17456.4 0.124443
1.23 -0.220977 1.19489 0.999853 0.999706 0.0014786 132.145 17464 0.124296
1.22 -0.210799 1.23014 0.999825 0.99965 0.00180346 132.121 17457.5 0.124971
1.21 -0.200809 1.22165 0.999806 0.999613 0.00196086 132.125 17458.7 0.125394
1.2 -0.190835 1.23525 0.999801 0.999603 0.00199355 132.137 17461.9 0.124707
1.19 -0.180842 1.22593 0.999779 0.999559 0.00221389 132.152 17465.8 0.126214
1.18 -0.170842 1.22443 0.99975 0.999501 0.00254104 132.149 17465.1 0.128164
1.17 -0.160809 1.2445 0.999725 0.99945 0.00274792 132.154 17466.5 0.128654
1.16 -0.150785 1.2294 0.999697 0.999395 0.0030848 132.152 17465.8 0.124356
1.15 -0.140736 1.239 0.999663 0.999327 0.00339241 132.151 17465.5 0.126762
1.14 -0.130638 1.2428 0.999616 0.999233 0.0038713 132.16 17468 0.127237
1.13 -0.120627 1.22826 0.999595 0.999191 0.00406501 132.145 17464.1 0.12618
1.12 -0.110573 1.24797 0.999546 0.999094 0.00461497 132.142 17463.3 0.127149
1.11 -0.10062 1.24973 0.999506 0.999013 0.00498677 132.145 17464 0.124921
1.1 -0.0906437 1.25462 0.999456 0.998914 0.00539355 132.17 17470.6 0.124971
1.09 -0.0805365 1.22249 0.999399 0.998799 0.00607771 132.165 17469.2 0.125997
1.08 -0.0705075 1.24035 0.999319 0.998641 0.00680271 132.16 17468 0.126328
1.07 -0.0604252 1.25255 0.999236 0.998473 0.00785285 132.175 17472 0.127413
1.06 -0.0503935 1.24398 0.999167 0.998336 0.00846 132.183 17473.9 0.12835
1.05 -0.0403144 1.23744 0.999082 0.998167 0.00941457 132.185 17474.4 0.12487
1.04 -0.0302273 1.25594 0.998964 0.997932 0.010342 132.202 17479 0.128024
1.03 -0.0202683 1.23995 0.998871 0.997745 0.011271 132.222 17484.4 0.125291
1.02 -0.0100876 1.26935 0.998747 0.997497 0.0125975 132.211 17481.5 0.126168
1.01 -0.000108754 1.28597 0.998621 0.997247 0.0140551 132.233 17487.3 0.127141
1 0.010039 1.27308 0.99848 0.996964 0.0158416 132.229 17486.3 0.129015
0.99 0.0201536 1.27288 0.998302 0.99661 0.0175515 132.249 17491.5 0.125051
0.98 0.030269 1.29068 0.998124 0.996254 0.0193686 132.251 17492.1 0.127328
0.97 0.0405314 1.31072 0.997903 0.995814 0.0218067 132.233 17487.2 0.126799
0.96 0.0504937 1.30543 0.997688 0.995386 0.0242675 132.276 17498.7 0.128175
0.95 0.0606834 1.31578 0.997436 0.994882 0.026675 132.306 17506.7 0.128134
0.94 0.0708267 1.33582 0.997155 0.994324 0.0299204 132.332 17513.5 0.128462
0.93 0.0810434 1.33438 0.996821 0.993658 0.0339978 132.342 17516.1 0.128851
0.92 0.0911777 1.34273 0.996474 0.992967 0.0373279 132.39 17528.7 0.129003
0.91 0.101471 1.3686 0.996034 0.99209 0.0428758 132.42 17536.8 0.130223
0.9 0.111606 1.39137 0.995618 0.991264 0.0472801 132.445 17543.4 0.127843
0.89 0.121869 1.36667 0.9951 0.990234 0.0529541 132.473 17550.9 0.130059
0.88 0.132213 1.43071 0.994534 0.989109 0.060992 132.514 17561.8 0.131837
0.87 0.142419 1.4152 0.994011 0.98807 0.0669817 132.56 17574 0.132191
0.86 0.152873 1.42732 0.993156 0.986373 0.0784644 132.623 17590.5 0.131183
0.85 0.163263 1.47512 0.99229 0.984655 0.0901043 132.684 17606.9 0.136326
0.84 0.173737 1.48286 0.991362 0.982817 0.10343 132.757 17626.2 0.135673
0.83 0.184123 1.48874 0.990283 0.98068 0.114472 132.84 17648.3 0.137288
0.82 0.194666 1.54765 0.989016 0.978176 0.136497 132.939 17674.6 0.139263
0.81 0.205304 1.5861 0.987553 0.975289 0.160013 133.071 17709.7 0.143483
0.8 0.216009 1.59774 0.985679 0.971597 0.194693 133.21 17746.7 0.145364
0.79 0.226855 1.7005 0.98347 0.967255 0.243395 133.391 17795.3 0.153544
0.78 0.238116 1.81544 0.980052 0.960567 0.372168 133.705 17879.4 0.174203
0.77 0.24935 1.89632 0.975982 0.952638 0.560723 134.112 17988.8 0.211844
0.76 0.114401 1.25047 0.000874132 2.30698e-06 0.00888694 500.096 250138 0.848444
0.75 0.114314 1.23634 0.000817361 2.13427e-06 0.00844527 500.235 250277 0.828414
0.74 0.114356 1.28853 0.000728385 1.84929e-06 0.00759597 500.253 250295 0.840288
0.73 0.114299 1.25149 0.000596528 1.37261e-06 0.00585658 500.291 250332 0.821488
0.72 0.114228 1.25397 0.000547222 1.25868e-06 0.00552516 500.369 250410 0.826545
0.71 0.114325 1.25293 0.000496788 1.10933e-06 0.0049682 500.273 250314 0.822364
0.7 0.114205 1.26008 0.000469705 1.04453e-06 0.00474571 500.439 250480 0.827307
0.69 0.114242 1.24342 0.000411979 8.8825e-07 0.00413869 500.482 250523 0.820373
0.68 0.11414 1.26494 0.000358681 7.38149e-07 0.0035107 500.58 250621 0.816756
0.67 0.114198 1.25087 0.000350347 7.37244e-07 0.00353953 500.35 250391 0.819087
0.66 0.114163 1.24376 0.000314236 6.36273e-07 0.00309616 500.536 250577 0.820335
0.65 0.114115 1.24429 0.00028151 5.68908e-07 0.00282044 500.581 250623 0.837836
0.64 0.114079 1.23081 0.000248611 4.9009e-07 0.00246691 500.578 250619 0.806436
0.63 0.114131 1.25768 0.000234375 4.67785e-07 0.00237804 500.614 250657 0.852103
0.62 0.113976 1.22721 0.000203299 3.88515e-07 0.00199978 500.652 250693 0.82939
0.61 0.113987 1.22609 0.000187066 3.6606e-07 0.00190694 500.714 250756 0.817324
0.6 0.114141 1.22674 0.000170312 3.28535e-07 0.00172528 500.466 250507 0.813914
0.59 0.114012 1.24441 0.000149219 2.84077e-07 0.00150803 500.716 250758 0.829051
0.58 0.114054 1.2345 0.000139062 2.65239e-07 0.00141639 500.671 250713 0.821123
0.57 0.114182 1.2125 0.000130122 2.39167e-07 0.00128008 500.544 250585 0.807168
0.56 0.113969 1.22424 0.000115191 2.08725e-07 0.00112583 500.685 250727 0.819601
0.55 0.114072 1.23778 0.000107552 1.96066e-07 0.00106271 500.655 250696 0.820616
0.54 0.113939 1.23162 9.20139e-05 1.6698e-07 0.000913038 500.776 250818 0.828141
0.53 0.113878 1.22674 7.74306e-05 1.41963e-07 0.000783174 500.796 250838 0.817603
0.52 0.114012 1.25967 7.91667e-05 1.39853e-07 0.000769456 500.794 250836 0.828116
0.51 0.113886 1.23221 7.43056e-05 1.32921e-07 0.000733822 500.801 250843 0.825277
0.5 0.113954 1.20925 6.11111e-05 1.11521e-07 0.00062085 500.728 250770 0.819273
0.49 0.113939 1.23154 5.26042e-05 9.28337e-08 0.000518783 500.684 250725 0.821662
0.48 0.113989 1.22186 5.46875e-05 9.79577e-08 0.00054701 500.715 250756 0.801122
0.47 0.113963 1.21552 4.53993e-05 8.15309e-08 0.000457746 500.748 250789 0.813838
0.46 0.113847 1.23038 4.75694e-05 8.34901e-08 0.000467869 500.893 250934 0.815869
0.45 0.114005 1.21999 3.87153e-05 6.90225e-08 0.000388936 500.725 250767 0.820739
0.44 0.113951 1.21612 3.07292e-05 5.42535e-08 0.000307061 500.779 250820 0.817986
0.43 0.113984 1.22927 3.32465e-05 5.83225e-08 0.000329571 500.695 250736 0.813077
0.42 0.113898 1.21611 2.86458e-05 5.12394e-08 0.000290412 500.875 250918 0.826119
0.41 0.113899 1.2233 2.7691e-05 4.92802e-08 0.000279437 500.762 250803 0.810535
0.4 0.113882 1.22329 2.37847e-05 4.18957e-08 0.000238061 500.82 250861 0.811353
0.39 0.114006 1.17337 2.15278e-05 3.73746e-08 0.000212608 500.814 250855 0.803941
0.38 0.113933 1.26542 1.84896e-05 3.21e-08 0.000182927 500.855 250897 0.82054
0.37 0.113979 1.26401 1.74479e-05 3.11957e-08 0.000177934 500.833 250875 0.826164
0.36 0.113981 1.23536 1.84028e-05 3.25521e-08 0.000185549 500.732 250773 0.813675
0.35 0.113934 1.22618 1.23264e-05 2.17014e-08 0.000124125 500.796 250838 0.826155
0.34 0.113886 1.2427 1.32812e-05 2.30577e-08 0.000131796 500.889 250930 0.821458
0.33 0.113881 1.22909 1.25e-05 2.23042e-08 0.000127572 500.862 250903 0.812029
0.32 0.113978 1.22683 9.89583e-06 1.71803e-08 9.83943e-05 500.783 250825 0.824042
0.31 0.113851 1.23538 8.24653e-06 1.43169e-08 8.20736e-05 500.933 250975 0.81794
0.3 0.113862 1.24092 1.01562e-05 1.76324e-08 0.000100968 500.855 250898 0.824292
0.29 0.113994 1.24313 8.15972e-06 1.41662e-08 8.12137e-05 500.76 250801 0.812116
0.28 0.113814 1.2078 6.16319e-06 1.10014e-08 6.31493e-05 500.816 250858 0.807818
0.27 0.113907 1.25043 7.20486e-06 1.28098e-08 7.34857e-05 500.805 250847 0.823613
0.26 0.113966 1.24251 5.46875e-06 9.49436e-09 5.45152e-05 500.713 250756 0.836961
0.25 0.113903 1.2246 5.46875e-06 9.49436e-09 5.45152e-05 500.853 250895 0.816563
0.24 0.11396 1.22633 5.72917e-06 9.94647e-09 5.71026e-05 500.743 250785 0.825677
0.23 0.113851 1.22756 3.81944e-06 6.93239e-09 3.98465e-05 500.897 250939 0.814751
0.22 0.113875 1.22917 4.60069e-06 7.98732e-09 4.5885e-05 500.9 250942 0.816704
0.21 0.113949 1.2429 3.47222e-06 6.32957e-09 3.63889e-05 500.791 250833 0.816844
0.2 0.11392 1.21818 2.43056e-06 4.21971e-09 2.42715e-05 500.847 250889 0.829627
0.19 0.113862 1.23936 3.64583e-06 6.32957e-09 3.63818e-05 500.796 250837 0.820723
0.18 0.113883 1.25503 1.99653e-06 3.46619e-09 1.99423e-05 500.838 250879 0.808983
0.17 0.113867 1.22083 2.17014e-06 3.7676e-09 2.16743e-05 500.828 250870 0.814552
0.16 0.113963 1.22307 2.08333e-06 3.6169e-09 2.08083e-05 500.74 250781 0.809018
0.15 0.113755 1.23471 1.38889e-06 2.41127e-09 1.38778e-05 500.972 251014 0.814458
0.14 0.113978 1.21498 2.51736e-06 4.37042e-09 2.51371e-05 500.765 250806 0.808458
0.13 0.113878 1.19429 1.38889e-06 2.41127e-09 1.38778e-05 500.883 250924 0.809912
0.12 0.113938 1.2386 2.08333e-06 3.6169e-09 2.08083e-05 500.747 250788 0.814392
0.11 0.114039 1.24963 1.21528e-06 2.10986e-09 1.21443e-05 500.716 250758 0.828913
0.1 0.113895 1.21954 1.30208e-06 2.26056e-09 1.30111e-05 500.808 250850 0.824216
0.09 0.113894 1.21335 6.94444e-07 1.20563e-09 6.94167e-06 500.815 250857 0.806437
0.08 0.113921 1.22578 7.8125e-07 1.35634e-09 7.80898e-06 500.826 250867 0.812481
0.07 0.113929 1.19595 9.54861e-07 1.65774e-09 9.54336e-06 500.862 250903 0.80171
0.06 0.113863 1.22698 7.8125e-07 1.35634e-09 7.80898e-06 500.84 250882 0.826299
0.05 0.113932 1.24899 5.20833e-07 9.04225e-10 5.20677e-06 500.82 250863 0.834528
0.04 0.113854 1.24024 5.20833e-07 9.04225e-10 5.20677e-06 500.836 250878 0.826624
0.03 0.113921 1.19688 6.07639e-07 1.05493e-09 6.07426e-06 500.944 250985 0.808948
0.02 0.113825 1.23794 3.47222e-07 6.02816e-10 3.47153e-06 500.852 250894 0.817755
0.01 0.113901 1.21009 4.34028e-07 7.5352e-10 4.33919e-06 500.79 250830 0.789984
