1 0.208822 0.337489 0.705334 0.497932 0.25046 110.464 12221.3 0.172676
0.99 0.205628 0.340012 0.707497 0.50098 0.248983 110.418 12210.9 0.172059
0.98 0.202479 0.344611 0.709524 0.50385 0.250313 110.414 12209.9 0.171536
0.97 0.198821 0.348004 0.711733 0.506993 0.254782 110.448 12217.3 0.173603
0.96 0.195319 0.362484 0.714137 0.510414 0.252957 110.412 12208.9 0.171311
0.95 0.191917 0.361411 0.716438 0.513711 0.259045 110.302 12184.7 0.173772
0.94 0.188106 0.370993 0.718796 0.517089 0.25794 110.303 12184.4 0.171739
0.93 0.184341 0.379405 0.721193 0.520545 0.263063 110.261 12175 0.171487
0.92 0.180531 0.379295 0.723519 0.523891 0.257509 110.28 12179.3 0.173997
0.91 0.176668 0.388047 0.725961 0.527437 0.263833 110.239 12169.9 0.17289
0.9 0.172896 0.386901 0.72865 0.531344 0.264514 110.17 12154.5 0.17088
0.89 0.168913 0.401393 0.731314 0.535224 0.261774 110.096 12137.7 0.169791
0.88 0.164928 0.417965 0.733697 0.53873 0.273624 110.129 12145.2 0.172654
0.87 0.160662 0.41479 0.736525 0.542876 0.269084 110.072 12132.3 0.171303
0.86 0.156547 0.427027 0.73923 0.546861 0.268206 110.053 12127.9 0.170913
0.85 0.152156 0.431584 0.741839 0.550719 0.267478 110.049 12126.9 0.172636
0.84 0.147961 0.439382 0.744753 0.555059 0.275875 109.976 12110.5 0.170218
0.83 0.143752 0.447047 0.747439 0.559055 0.270241 109.98 12111.2 0.169621
0.82 0.138498 0.463586 0.750752 0.564021 0.27581 109.927 12099.1 0.167777
0.81 0.134026 0.46551 0.753865 0.568701 0.275857 109.812 12074.1 0.172697
0.8 0.129387 0.483329 0.756892 0.573276 0.281042 109.73 12055.5 0.168627
0.79 0.124309 0.4849 0.760065 0.578081 0.278191 109.774 12064.8 0.167527
0.78 0.119801 0.495076 0.762918 0.582422 0.278907 109.717 12052.2 0.168145
0.77 0.114745 0.504318 0.766372 0.587701 0.279804 109.636 12034.2 0.167734
0.76 0.109621 0.507368 0.769622 0.592686 0.279581 109.613 12029 0.167491
0.75 0.104283 0.525585 0.773087 0.598028 0.28005 109.557 12016.4 0.165034
0.74 0.0992032 0.531695 0.776322 0.603041 0.283735 109.586 12022.7 0.167203
0.73 0.0939812 0.547695 0.779642 0.608194 0.278675 109.509 12005.2 0.163294
0.72 0.0885601 0.559763 0.783344 0.613981 0.283127 109.427 11987.4 0.166686
0.71 0.0824076 0.557446 0.787122 0.619911 0.283684 109.382 11977.5 0.168912
0.7 0.0770092 0.577725 0.7906 0.625395 0.285522 109.366 11973.5 0.163805
0.69 0.0713061 0.58703 0.794355 0.631335 0.28004 109.286 11955.6 0.161948
0.68 0.06538 0.593763 0.798085 0.637269 0.279062 109.284 11955.2 0.162865
0.67 0.0595674 0.615248 0.801849 0.643292 0.284246 109.227 11942.5 0.163478
0.66 0.0527657 0.635933 0.806297 0.650442 0.284783 109.131 11921.1 0.1615
0.65 0.0467698 0.64477 0.810043 0.656494 0.287229 109.088 11911.9 0.165026
0.64 0.0403114 0.648619 0.814051 0.662995 0.2838 109.117 11917.9 0.164134
0.63 0.0337812 0.66753 0.818088 0.669574 0.279469 109.095 11912.7 0.16026
0.62 0.0271125 0.672954 0.822415 0.676669 0.281735 109.004 11892.7 0.160625
0.61 0.0203713 0.680562 0.826667 0.683672 0.278011 108.932 11876.9 0.160148
0.6 0.0132305 0.70011 0.831036 0.690911 0.277893 108.961 11882.8 0.158228
0.59 0.00653287 0.712708 0.835294 0.698003 0.280424 108.895 11868.2 0.158364
0.58 -0.000955255 0.744732 0.840013 0.705901 0.277113 108.797 11846.6 0.156548
0.57 -0.00799841 0.733897 0.844176 0.712903 0.27325 108.848 11857.3 0.152835
0.56 -0.0155019 0.752863 0.848873 0.720851 0.274009 108.831 11853.9 0.15744
0.55 -0.0231998 0.772904 0.853584 0.728859 0.266658 108.754 11836.8 0.155461
0.54 -0.0309344 0.799884 0.858293 0.736919 0.269091 108.739 11833.3 0.152949
0.53 -0.0389573 0.792217 0.863142 0.745251 0.257044 108.721 11828.9 0.149825
0.52 -0.0469463 0.823622 0.867759 0.753241 0.259642 108.762 11837.8 0.153518
0.51 -0.0551637 0.825035 0.872909 0.762192 0.250992 108.69 11822.1 0.1527
0.5 -0.0631129 0.836661 0.877494 0.77021 0.246593 108.727 11829.8 0.149578
0.49 -0.0716752 0.846301 0.882383 0.778807 0.244445 108.769 11838.6 0.146325
0.48 -0.0806115 0.86183 0.887336 0.787565 0.240316 108.817 11849 0.14895
0.47 -0.0891938 0.874242 0.892352 0.796484 0.234804 108.795 11843.8 0.146657
0.46 -0.0984699 0.904028 0.897582 0.805837 0.228728 108.873 11860.7 0.146476
0.45 -0.107014 0.919434 0.90238 0.814463 0.220706 108.858 11857.3 0.146305
0.44 -0.115975 0.923922 0.907044 0.822897 0.21945 109.012 11890.5 0.145009
0.43 -0.125593 0.932414 0.912314 0.832477 0.213555 109.036 11895.7 0.14554
0.42 -0.13467 0.928746 0.917103 0.841227 0.204798 109.126 11915.2 0.14765
0.41 -0.144075 0.949633 0.921934 0.850101 0.195128 109.263 11944.8 0.143371
0.4 -0.15383 0.97834 0.926993 0.859447 0.189365 109.36 11965.8 0.141962
0.39 -0.163803 0.989488 0.931932 0.868622 0.183266 109.545 12006.1 0.142256
0.38 -0.173404 0.987709 0.936616 0.877365 0.176187 109.675 12034.4 0.140787
0.37 -0.1836 0.995656 0.941368 0.886279 0.163339 109.879 12079.1 0.140266
0.36 -0.193454 1.00023 0.945788 0.894614 0.157759 110.092 12125.7 0.138398
0.35 -0.203449 1.01722 0.950289 0.90314 0.148103 110.322 12176.4 0.140186
0.34 -0.213794 1.00604 0.954733 0.911596 0.136671 110.584 12234 0.138495
0.33 -0.224135 1.04086 0.958958 0.919674 0.128794 110.902 12304.2 0.137028
0.32 -0.234648 1.03257 0.963018 0.927471 0.120716 111.291 12390.5 0.136593
0.31 -0.245103 1.05564 0.966954 0.935059 0.10942 111.637 12467.5 0.13578
0.3 -0.255723 1.05506 0.970696 0.942303 0.100695 112.041 12557.9 0.138014
0.29 -0.266373 1.06968 0.974302 0.949311 0.0918383 112.503 12661.3 0.134297
0.28 -0.27684 1.08844 0.977505 0.955557 0.083532 113.008 12775.2 0.135526
0.27 -0.287717 1.05842 0.98068 0.961768 0.072906 113.571 12902.5 0.136815
0.26 -0.29875 1.1047 0.983585 0.967469 0.0658953 114.162 13037.1 0.136544
0.25 -0.309677 1.09609 0.986201 0.972617 0.0575614 114.835 13190.9 0.135648
0.24 -0.320852 1.13505 0.988595 0.977341 0.0491856 115.583 13363.1 0.134695
0.23 -0.332275 1.13094 0.990774 0.981649 0.0410875 116.378 13547.5 0.141597
0.22 -0.343681 1.14448 0.992667 0.985401 0.0339904 117.248 13750.7 0.13933
0.21 -0.355118 1.17612 0.994341 0.988723 0.0276282 118.173 13968.3 0.140088
0.2 -0.366809 1.17732 0.995666 0.991358 0.0214747 119.178 14206.7 0.139984
0.19 -0.378835 1.20417 0.996858 0.993731 0.0165622 120.227 14457.8 0.141187
0.18 -0.39084 1.2215 0.997753 0.995516 0.0124825 121.391 14738.8 0.137007
0.17 -0.403316 1.24771 0.998483 0.996971 0.00914087 122.633 15041.6 0.139684
0.16 -0.415804 1.25438 0.999022 0.998046 0.00617037 123.925 15360 0.138851
0.15 -0.428401 1.26108 0.999428 0.998857 0.00379492 125.23 15685.2 0.137833
0.14 -0.441098 1.27316 0.999665 0.999331 0.00239818 126.612 16032.9 0.135332
0.13 -0.453732 1.25406 0.999837 0.999674 0.00124576 128.007 16388 0.133319
0.12 -0.466364 1.25735 0.999926 0.999853 0.000622801 129.407 16748.2 0.131496
0.11 -0.478806 1.22721 0.99997 0.99994 0.000270659 130.769 17102.3 0.127355
0.1 -0.49101 1.21703 0.999989 0.999978 0.000106972 132.118 17456.8 0.125115
0.09 -0.502966 1.1989 0.999997 0.999993 3.75424e-05 133.455 17811.6 0.122775
0.08 -0.514573 1.15654 0.999999 0.999999 8.67708e-06 134.72 18150.9 0.122581
0.07 -0.525983 1.14601 1 1 0 135.98 18491.6 0.122382
0.06 -0.537178 1.09779 1 1 0 137.203 18825.7 0.118894
0.05 -0.5481 1.07742 1 1 0 138.39 19152.7 0.116528
0.04 -0.558807 1.05355 1 1 0 139.56 19477.7 0.117434
0.03 -0.569356 1.04148 1 1 0 140.692 19794.8 0.113372
0.02 -0.579717 1.03465 1 1 0 141.812 20110.9 0.111995
0.01 -0.589939 1.01427 1 1 0 142.918 20425.7 0.113876
