2 -0.929004 1.22036 0.99998 0.99996 0.000135017 125.184 15673.7 0.133744
1.99 -0.919081 1.21713 0.999978 0.999956 0.000147409 125.202 15678 0.136115
1.98 -0.909142 1.23091 0.999975 0.999951 0.000163175 125.213 15680.8 0.137524
1.97 -0.89914 1.2356 0.999975 0.999951 0.00016721 125.202 15678.2 0.13776
1.96 -0.889048 1.22534 0.999974 0.999948 0.000173356 125.218 15682.1 0.137795
1.95 -0.878967 1.23381 0.999971 0.999942 0.000192413 125.203 15678.3 0.138019
1.94 -0.869077 1.24085 0.999972 0.999944 0.00018338 125.183 15673.4 0.136493
1.93 -0.858967 1.25706 0.999964 0.999927 0.000247814 125.198 15677.1 0.13663
1.92 -0.849106 1.22953 0.999968 0.999937 0.000207372 125.201 15677.8 0.135931
1.91 -0.83903 1.22884 0.999963 0.999926 0.000248221 125.209 15679.9 0.136452
1.9 -0.829044 1.244 0.999958 0.999916 0.000282574 125.198 15677.1 0.136671
1.89 -0.819086 1.2368 0.999958 0.999916 0.000281967 125.214 15681.1 0.134756
1.88 -0.809122 1.22517 0.999951 0.999903 0.000321944 125.217 15681.8 0.134719
1.87 -0.799027 1.2256 0.999952 0.999905 0.000314164 125.206 15679.1 0.135686
1.86 -0.789025 1.23657 0.999948 0.999896 0.000344433 125.187 15674.4 0.137767
1.85 -0.778938 1.23076 0.999945 0.99989 0.0003646 125.197 15676.9 0.136117
1.84 -0.768994 1.24474 0.99994 0.99988 0.000400416 125.219 15682.3 0.136495
1.83 -0.759065 1.23231 0.999936 0.999873 0.00042369 125.212 15680.6 0.136317
1.82 -0.74912 1.24386 0.999932 0.999865 0.000453551 125.22 15682.5 0.136577
1.81 -0.739067 1.23847 0.999927 0.999854 0.000492747 125.208 15679.5 0.136666
1.8 -0.728972 1.24891 0.999919 0.999838 0.000538524 125.22 15682.6 0.135689
1.79 -0.718969 1.22128 0.999914 0.999828 0.000567476 125.205 15678.9 0.135755
1.78 -0.709043 1.22442 0.999909 0.999818 0.000612775 125.217 15681.8 0.133884
1.77 -0.698968 1.23736 0.999905 0.999811 0.00061377 125.222 15683 0.134737
1.76 -0.689021 1.23993 0.999894 0.999789 0.000707582 125.188 15674.6 0.137123
1.75 -0.678972 1.2039 0.999887 0.999773 0.000750416 125.194 15676 0.134318
1.74 -0.668978 1.24762 0.999886 0.999773 0.000758869 125.215 15681.2 0.133324
1.73 -0.658977 1.23676 0.999874 0.999749 0.000835332 125.214 15681.2 0.137278
1.72 -0.648921 1.24897 0.999868 0.999736 0.000862194 125.231 15685.5 0.137242
1.71 -0.638996 1.23018 0.999851 0.999703 0.000973543 125.214 15681.1 0.134834
1.7 -0.628947 1.24367 0.999846 0.999693 0.00102625 125.211 15680.4 0.137495
1.69 -0.618886 1.26663 0.99983 0.999661 0.00113258 125.234 15686 0.1364
1.68 -0.608808 1.2375 0.999831 0.999662 0.00112284 125.189 15674.7 0.133217
1.67 -0.598895 1.23052 0.999808 0.999617 0.00126769 125.208 15679.5 0.135613
1.66 -0.588806 1.24767 0.999796 0.999592 0.00135008 125.225 15683.9 0.136133
1.65 -0.578837 1.26388 0.999779 0.999559 0.00147752 125.214 15681.1 0.136235
1.64 -0.568799 1.25706 0.999765 0.99953 0.00157948 125.214 15681 0.136534
1.63 -0.55873 1.24607 0.999751 0.999502 0.00165642 125.218 15682.2 0.135844
1.62 -0.548726 1.25379 0.999737 0.999475 0.00177672 125.191 15675.3 0.136283
1.61 -0.538867 1.25334 0.999718 0.999437 0.00186448 125.23 15685.1 0.136339
1.6 -0.528842 1.24607 0.999703 0.999406 0.00199949 125.229 15684.7 0.133728
1.59 -0.518739 1.24357 0.999686 0.999373 0.00209772 125.253 15690.9 0.136102
1.58 -0.508718 1.22837 0.999662 0.999324 0.00227251 125.241 15687.9 0.134618
1.57 -0.498682 1.26627 0.999638 0.999276 0.00239369 125.219 15682.4 0.137571
1.56 -0.488651 1.26527 0.999598 0.999196 0.00269262 125.237 15686.7 0.135826
1.55 -0.478541 1.24839 0.999576 0.999153 0.00284164 125.233 15685.9 0.135851
1.54 -0.468625 1.26474 0.999537 0.999075 0.00307578 125.257 15691.8 0.135843
1.53 -0.45849 1.25362 0.999513 0.999027 0.00323634 125.242 15688 0.137017
1.52 -0.448532 1.26499 0.999483 0.998967 0.00337934 125.221 15683 0.136729
1.51 -0.438344 1.26113 0.999443 0.998887 0.00377321 125.223 15683.3 0.138147
1.5 -0.428437 1.27092 0.999406 0.998813 0.0040536 125.245 15688.8 0.136669
1.49 -0.418299 1.25081 0.999374 0.998749 0.004244 125.228 15684.7 0.135291
1.48 -0.40834 1.26627 0.999329 0.998659 0.00447514 125.234 15686.1 0.137093
1.47 -0.398296 1.28295 0.999284 0.99857 0.0048126 125.245 15688.9 0.137908
1.46 -0.388198 1.27103 0.999234 0.998469 0.0051803 125.238 15687 0.13541
1.45 -0.378212 1.28115 0.999176 0.998354 0.00559563 125.274 15696.2 0.13461
1.44 -0.36822 1.29141 0.999134 0.99827 0.00579628 125.273 15696 0.136609
1.43 -0.358136 1.25276 0.999066 0.998134 0.00626222 125.273 15695.8 0.136817
1.42 -0.347997 1.29834 0.999015 0.998032 0.00659549 125.257 15692 0.136725
1.41 -0.337987 1.27904 0.998931 0.997864 0.00714866 125.276 15696.6 0.13534
1.4 -0.327917 1.27647 0.998852 0.997708 0.00761781 125.289 15699.8 0.134811
1.39 -0.317756 1.31223 0.998788 0.99758 0.00822356 125.284 15698.7 0.136459
1.38 -0.30766 1.30978 0.99869 0.997383 0.0087998 125.259 15692.5 0.136315
1.37 -0.297547 1.28466 0.99858 0.997165 0.00953129 125.294 15701.1 0.133846
1.36 -0.287553 1.29936 0.998508 0.997021 0.00997541 125.288 15699.7 0.136756
1.35 -0.277419 1.31538 0.998407 0.996819 0.0107005 125.306 15704.2 0.137503
1.34 -0.267424 1.31627 0.998278 0.996563 0.0117 125.312 15705.6 0.13645
1.33 -0.257253 1.29924 0.998182 0.996371 0.0121996 125.302 15703.1 0.137067
1.32 -0.247183 1.34934 0.998038 0.996083 0.0132783 125.33 15710.2 0.136201
1.31 -0.237156 1.3227 0.997887 0.995782 0.0140363 125.345 15713.8 0.136194
1.3 -0.226857 1.32436 0.997713 0.995436 0.0156478 125.34 15712.7 0.137446
1.29 -0.216691 1.32626 0.997582 0.995173 0.0161905 125.342 15713.1 0.135359
1.28 -0.206665 1.36203 0.997438 0.994887 0.0174041 125.369 15720.1 0.137283
1.27 -0.196383 1.35528 0.997232 0.994476 0.0187597 125.366 15719.3 0.139239
1.26 -0.186311 1.37079 0.997018 0.99405 0.0207111 125.397 15726.9 0.138062
1.25 -0.176254 1.36969 0.996877 0.993769 0.0216905 125.404 15728.6 0.138682
1.24 -0.165942 1.36443 0.996635 0.993286 0.0226541 125.406 15729.3 0.137112
1.23 -0.155801 1.34815 0.99637 0.99276 0.0251421 125.428 15734.9 0.137285
1.22 -0.145539 1.38579 0.99607 0.992162 0.0271532 125.454 15741.4 0.138514
1.21 -0.135385 1.38166 0.99585 0.991725 0.0283401 125.458 15742.4 0.139646
1.2 -0.125198 1.41084 0.995562 0.991152 0.030864 125.491 15750.6 0.141958
1.19 -0.114763 1.39792 0.995255 0.99054 0.0320289 125.469 15745.1 0.137731
1.18 -0.104618 1.40171 0.994887 0.98981 0.0359164 125.527 15759.7 0.138386
1.17 -0.0945489 1.40723 0.994549 0.989139 0.0383153 125.584 15773.9 0.137255
1.16 -0.0840791 1.40653 0.9941 0.988245 0.0404326 125.588 15774.9 0.140887
1.15 -0.0737668 1.44045 0.993693 0.987437 0.0440257 125.6 15777.9 0.1404
1.14 -0.06348 1.4292 0.993226 0.986511 0.0477136 125.634 15786.4 0.139369
1.13 -0.0531728 1.44905 0.992723 0.985512 0.0504134 125.684 15799 0.137817
1.12 -0.0428926 1.46949 0.992223 0.984521 0.0556398 125.716 15807.2 0.138877
1.11 -0.0324347 1.46707 0.991627 0.98334 0.0596424 125.728 15810.3 0.141915
1.1 -0.0220857 1.4825 0.991039 0.982175 0.0627147 125.797 15827.6 0.141194
1.09 -0.0116372 1.51044 0.990357 0.980825 0.0691337 125.818 15832.9 0.143831
1.08 -0.000979047 1.54186 0.9896 0.979327 0.0755389 125.854 15842 0.14562
1.07 0.00945481 1.53693 0.988866 0.977877 0.0807831 125.907 15855.3 0.144473
1.06 0.0199424 1.54775 0.987929 0.976028 0.0888658 125.986 15875.2 0.143554
1.05 0.0305418 1.53186 0.987063 0.974318 0.0955679 126.031 15886.6 0.145754
1.04 0.0410127 1.5801 0.986087 0.972394 0.10117 126.107 15905.8 0.146887
1.03 0.0515751 1.56131 0.984974 0.970204 0.11324 126.193 15927.4 0.146355
1.02 0.0623883 1.61178 0.983832 0.967957 0.122356 126.237 15938.7 0.149557
1.01 0.0730591 1.59914 0.982531 0.965401 0.132199 126.356 15968.7 0.148149
1 0.0837854 1.64122 0.981058 0.962513 0.148613 126.488 16002.1 0.154298
0.99 0.0946699 1.62055 0.97943 0.959326 0.16187 126.595 16029.2 0.152738
0.98 0.105406 1.70009 0.977973 0.956477 0.17852 126.693 16054.1 0.154919
0.97 0.116192 1.70741 0.976181 0.95298 0.191948 126.826 16087.8 0.155695
0.96 0.127325 1.73607 0.97393 0.948597 0.217565 126.985 16128.1 0.157113
0.95 0.138158 1.75647 0.972063 0.944968 0.236568 127.12 16162.6 0.160677
0.94 0.149487 1.7652 0.969278 0.939568 0.262539 127.335 16217.5 0.165977
0.93 0.160947 1.82858 0.966198 0.933617 0.300407 127.573 16278.2 0.168827
0.92 0.172198 1.8771 0.963143 0.927734 0.346941 127.82 16341.2 0.177763
0.91 0.183629 1.89826 0.959585 0.920906 0.393575 128.117 16417.3 0.179668
0.9 0.195429 1.98392 0.955274 0.912669 0.466353 128.454 16504.1 0.196113
0.89 0.207318 2.00649 0.94983 0.902329 0.584009 128.953 16633 0.213917
0.88 0.219843 2.05361 0.943399 0.890186 0.704812 129.54 16785.2 0.233538
0.87 0.232244 2.19104 0.93585 0.876052 0.912094 130.266 16974.5 0.275288
0.86 0.174007 1.03834 0.012742 0.000186839 0.0940036 455.553 207595 0.971358
0.85 0.17368 1.038 0.0117995 0.000162114 0.0878853 456.307 208283 0.976358
0.84 0.17344 1.01749 0.0108156 0.000137306 0.0780612 456.938 208857 0.937382
0.83 0.173152 1.00964 0.0101734 0.000122741 0.0738909 457.566 209430 0.928665
0.82 0.173078 1.02278 0.00943316 0.000107106 0.0695854 457.98 209810 0.932245
0.81 0.172737 1.0188 0.00877812 9.34468e-05 0.0629426 458.648 210420 0.908715
0.8 0.172578 1.01333 0.00814193 8.1686e-05 0.0591168 458.988 210733 0.921614
0.79 0.172346 1.02479 0.00763602 7.20768e-05 0.0528688 459.5 211202 0.900877
0.78 0.172305 0.995717 0.00704462 6.24614e-05 0.0492855 459.686 211374 0.909352
0.77 0.17204 1.00411 0.00653828 5.45131e-05 0.0451738 460.117 211769 0.888405
0.76 0.171831 1.0145 0.006152 4.90667e-05 0.0430834 460.519 212139 0.897596
0.75 0.171595 1.00186 0.00574497 4.33145e-05 0.0395898 460.871 212463 0.879877
0.74 0.171515 1.0092 0.00535859 3.83685e-05 0.0370713 461.098 212673 0.881124
0.73 0.171392 0.995577 0.00493177 3.3283e-05 0.0344088 461.467 213012 0.872608
0.72 0.171194 0.999971 0.00459826 2.93933e-05 0.0316773 461.6 213135 0.865674
0.71 0.170967 0.994019 0.00430972 2.60215e-05 0.0285994 462.058 213558 0.868322
0.7 0.171028 1.01005 0.00404983 2.35861e-05 0.0275904 462.106 213602 0.873295
0.69 0.170815 0.984044 0.00370677 2.04291e-05 0.0256857 462.317 213797 0.858486
0.68 0.170688 0.962156 0.00347526 1.83607e-05 0.0241279 462.527 213990 0.848152
0.67 0.170388 0.979796 0.00331059 1.69036e-05 0.0228233 462.895 214331 0.849356
0.66 0.170596 0.983307 0.00315747 1.54909e-05 0.0212017 462.593 214050 0.844549
0.65 0.170427 0.979397 0.00286285 1.33008e-05 0.019603 462.94 214372 0.844797
0.64 0.170276 0.994612 0.00267457 1.18193e-05 0.0179173 463.045 214470 0.847766
0.63 0.169993 0.979836 0.00246259 1.04837e-05 0.0169705 463.455 214849 0.833275
0.62 0.170063 0.969205 0.00234488 9.60874e-06 0.0157835 463.422 214818 0.836042
0.61 0.169948 0.979396 0.00219826 8.71914e-06 0.0149252 463.63 215010 0.827101
0.6 0.169911 0.977153 0.00204887 7.81145e-06 0.0138761 463.647 215027 0.849598
0.59 0.169804 0.993306 0.00189245 6.95153e-06 0.0129414 463.816 215183 0.818434
0.58 0.169724 0.99066 0.00178056 6.2714e-06 0.0119079 463.99 215345 0.837557
0.57 0.169643 0.976015 0.00168524 5.86088e-06 0.0116 463.944 215302 0.833709
0.56 0.169595 0.962246 0.00154983 5.16011e-06 0.0105913 464.096 215442 0.814278
0.55 0.169507 0.969597 0.00142812 4.51509e-06 0.00950613 464.134 215478 0.824569
0.54 0.16945 0.963888 0.00133585 4.15145e-06 0.00908908 464.17 215511 0.815212
0.53 0.169401 0.985802 0.00126918 3.83828e-06 0.00855342 464.234 215571 0.826077
0.52 0.169482 0.985414 0.00118863 3.48322e-06 0.00795028 464.354 215683 0.840156
0.51 0.169316 0.95976 0.0011079 3.18784e-06 0.00752795 464.482 215801 0.820228
0.5 0.169394 0.941131 0.00101293 2.81048e-06 0.00685227 464.475 215794 0.814441
0.49 0.169209 0.965982 0.000973003 2.65978e-06 0.00657808 464.521 215836 0.800183
0.48 0.169219 0.972143 0.000899826 2.3546e-06 0.00593247 464.527 215841 0.806907
0.47 0.169203 0.956414 0.000851997 2.20586e-06 0.00568304 464.482 215801 0.825707
0.46 0.169179 0.966955 0.000805035 2.06766e-06 0.00545118 464.541 215855 0.820639
0.45 0.168992 0.965413 0.000720486 1.76444e-06 0.00478212 464.792 216089 0.821253
0.44 0.169041 0.961021 0.000669444 1.62851e-06 0.00453255 464.693 215994 0.788842
0.43 0.169124 0.936706 0.000644705 1.51895e-06 0.00423668 464.639 215946 0.809723
0.42 0.168929 0.953783 0.00061033 1.41948e-06 0.0040204 465.021 216302 0.827667
0.41 0.168957 0.959151 0.000565191 1.31429e-06 0.00382022 464.787 216083 0.812755
0.4 0.168924 0.954266 0.000521615 1.18408e-06 0.00350208 464.878 216168 0.806252
0.39 0.169048 0.976024 0.000502517 1.13134e-06 0.00337464 464.804 216100 0.828319
0.38 0.168924 0.94781 0.000463368 1.01906e-06 0.00308871 464.974 216257 0.803855
0.37 0.168851 0.936038 0.000429688 9.29241e-07 0.0028593 464.935 216222 0.811058
0.36 0.168748 0.941938 0.000407031 8.64891e-07 0.00268499 465.035 216313 0.803237
0.35 0.168774 0.953417 0.000375608 7.97677e-07 0.00252133 464.928 216215 0.806496
0.34 0.168893 0.923236 0.000364063 7.60453e-07 0.00241118 464.915 216203 0.81554
0.33 0.16877 0.940013 0.000323872 6.62947e-07 0.00214293 465.044 216323 0.820049
0.32 0.16875 0.916881 0.000315017 6.33409e-07 0.00205123 465.055 216332 0.804209
0.31 0.168573 0.937191 0.000293316 6.0568e-07 0.00199544 465.174 216444 0.812445
0.3 0.168799 0.950517 0.00027066 5.34698e-07 0.00177194 465.053 216331 0.81536
0.29 0.168696 0.93231 0.000252951 5.04859e-07 0.00169296 465.008 216290 0.811524
0.28 0.168819 0.980071 0.000232552 4.58291e-07 0.00155217 464.938 216223 0.803397
0.27 0.168601 0.94759 0.000225521 4.44878e-07 0.00151303 464.985 216266 0.794171
0.26 0.168751 0.942041 0.000209635 4.0886e-07 0.00140127 465.035 216314 0.799096
0.25 0.168654 0.950806 0.000191059 3.66663e-07 0.00126781 465.154 216424 0.797889
0.24 0.168841 0.966181 0.000176389 3.32755e-07 0.0011583 464.957 216242 0.821076
0.23 0.168601 0.923896 0.00017066 3.21904e-07 0.00112427 465.059 216336 0.813245
0.22 0.168694 0.933989 0.000157986 3.01408e-07 0.00106156 465.013 216293 0.801038
0.21 0.168649 0.940088 0.00015217 2.85283e-07 0.00100657 465.131 216403 0.801394
0.2 0.168551 0.933005 0.00013941 2.63431e-07 0.000936943 465.25 216513 0.804547
0.19 0.168614 0.937946 0.000125868 2.34496e-07 0.000839627 465.206 216473 0.812397
0.18 0.168616 0.939747 0.000118316 2.17466e-07 0.000781315 465.145 216416 0.812368
0.17 0.168623 0.934766 0.000109809 2.02697e-07 0.000732054 465.179 216448 0.808667
0.16 0.168604 0.932578 0.000110243 2.00436e-07 0.000723006 465.118 216391 0.795178
0.15 0.168628 0.93092 9.84375e-05 1.79639e-07 0.000652605 465.166 216436 0.816207
0.14 0.168607 0.948983 9.07118e-05 1.65925e-07 0.000605555 465.129 216401 0.808969
0.13 0.168579 0.951923 8.89757e-05 1.6261e-07 0.000594021 465.189 216457 0.806401
0.12 0.168635 0.92507 8.36806e-05 1.53417e-07 0.000562231 465.194 216462 0.802722
0.11 0.168666 0.927087 7.72569e-05 1.39552e-07 0.00051296 465.13 216401 0.78906
0.1 0.168819 0.947805 6.71875e-05 1.20865e-07 0.000446786 465.046 216324 0.800045
0.09 0.16856 0.934187 6.48438e-05 1.15289e-07 0.000426562 465.157 216429 0.824687
0.08 0.16859 0.94378 5.91146e-05 1.07452e-07 0.000399197 465.17 216438 0.787851
0.07 0.168582 0.926759 5.86806e-05 1.0489e-07 0.000389555 465.206 216473 0.798268
0.06 0.168499 0.953792 5.46875e-05 9.70534e-08 0.000361201 465.274 216537 0.828104
0.05 0.168506 0.958716 4.97396e-05 8.93675e-08 0.000333671 465.268 216531 0.81214
0.04 0.16859 0.945512 4.82639e-05 8.62027e-08 0.000322074 465.179 216448 0.810162
0.03 0.16829 0.922954 4.0625e-05 7.2338e-08 0.00027144 465.345 216603 0.824051
0.02 0.168527 0.948889 4.4184e-05 7.91196e-08 0.000296323 465.252 216517 0.813758
0.01 0.168558 0.93449 3.52431e-05 6.23915e-08 0.000234814 465.163 216433 0.809088
