0.5 -1.408 1.13931 0.999995 0.99999 3.34675e-05 1247.3 1.55607e+06 1.65757
0.495 -1.40294 1.16867 0.999995 0.999991 3.059e-05 1247.2 1.55581e+06 1.65193
0.49 -1.39794 1.17213 0.999994 0.999988 3.97928e-05 1247.18 1.55577e+06 1.67407
0.485 -1.39311 1.14951 0.999996 0.999991 2.94386e-05 1247.38 1.55627e+06 1.67663
0.48 -1.38785 1.14642 0.999994 0.999989 3.74935e-05 1246.85 1.55495e+06 1.64159
0.475 -1.383 1.13893 0.999994 0.999988 3.97928e-05 1247.23 1.5559e+06 1.63327
0.47 -1.37783 1.16427 0.999993 0.999987 4.43886e-05 1246.82 1.55486e+06 1.67457
0.465 -1.3731 1.19367 0.999994 0.999987 4.3823e-05 1247.31 1.55609e+06 1.68165
0.46 -1.36793 1.16187 0.999993 0.999986 4.66944e-05 1247.37 1.55625e+06 1.67587
0.455 -1.36294 1.1399 0.999993 0.999986 4.49628e-05 1247.04 1.55543e+06 1.67359
0.45 -1.35802 1.14323 0.999992 0.999985 5.12754e-05 1247.3 1.55608e+06 1.66606
0.445 -1.35298 1.15966 0.999993 0.999986 4.61111e-05 1247.1 1.55556e+06 1.64763
0.44 -1.34766 1.14196 0.999991 0.999983 5.70081e-05 1246.73 1.55465e+06 1.64644
0.435 -1.34315 1.16064 0.999991 0.999982 5.98841e-05 1247.26 1.55597e+06 1.67792
0.43 -1.33804 1.15781 0.999993 0.999986 4.78331e-05 1247.18 1.55576e+06 1.65179
0.425 -1.33303 1.1389 0.999992 0.999984 5.47157e-05 1247.16 1.55572e+06 1.6661
0.42 -1.32787 1.14261 0.999992 0.999984 5.1849e-05 1246.82 1.55486e+06 1.62831
0.415 -1.32295 1.1585 0.999993 0.999985 4.84069e-05 1247.22 1.55588e+06 1.68554
0.41 -1.31816 1.14533 0.99999 0.99998 6.67403e-05 1247.51 1.5566e+06 1.63621
0.405 -1.31311 1.1338 0.99999 0.99998 6.61683e-05 1247.52 1.55663e+06 1.65747
0.4 -1.3079 1.17196 0.99999 0.99998 6.78841e-05 1246.87 1.555e+06 1.66988
0.395 -1.30293 1.1138 0.999989 0.999977 7.6471e-05 1247.16 1.55572e+06 1.62455
0.39 -1.29811 1.13495 0.999987 0.999973 8.84341e-05 1247.45 1.55643e+06 1.65004
0.385 -1.29304 1.20181 0.999988 0.999976 7.87393e-05 1247.42 1.55636e+06 1.68963
0.38 -1.28791 1.16585 0.99999 0.99998 6.90416e-05 1246.95 1.55519e+06 1.63604
0.375 -1.2828 1.16321 0.999988 0.999976 8.04514e-05 1246.78 1.55477e+06 1.63697
0.37 -1.27768 1.14584 0.999988 0.999976 8.10382e-05 1246.7 1.55456e+06 1.65857
0.365 -1.27322 1.14585 0.999989 0.999978 7.30287e-05 1247.58 1.55676e+06 1.64697
0.36 -1.26796 1.1252 0.999988 0.999976 8.1022e-05 1247.03 1.55538e+06 1.6356
0.355 -1.26287 1.17481 0.999986 0.999973 9.13007e-05 1247.31 1.5561e+06 1.66022
0.35 -1.25775 1.15806 0.999986 0.999972 9.41292e-05 1246.54 1.55417e+06 1.67176
0.345 -1.25294 1.14719 0.999986 0.999972 9.24213e-05 1246.95 1.55518e+06 1.65391
0.34 -1.24794 1.09784 0.999985 0.99997 0.000100976 1247.32 1.55611e+06 1.63316
0.335 -1.24312 1.14756 0.999985 0.999969 0.000102092 1247.41 1.55635e+06 1.67219
0.33 -1.23807 1.15239 0.999982 0.999964 0.000120867 1247.2 1.55583e+06 1.69026
0.325 -1.23284 1.15053 0.999984 0.999968 0.000109521 1247.16 1.55572e+06 1.63983
0.32 -1.22794 1.13881 0.999984 0.999967 0.000109499 1247.09 1.55553e+06 1.61395
0.315 -1.2231 1.14522 0.999982 0.999965 0.000118599 1247.45 1.55644e+06 1.64356
0.31 -1.21799 1.14862 0.999982 0.999965 0.000115717 1247.23 1.55588e+06 1.63902
0.305 -1.21293 1.18633 0.99998 0.999961 0.000131032 1247.08 1.55552e+06 1.6811
0.3 -1.20787 1.14709 0.99998 0.99996 0.000135582 1247.14 1.55568e+06 1.65529
0.295 -1.20291 1.14409 0.99998 0.999961 0.000130467 1247.04 1.55542e+06 1.64107
0.29 -1.19799 1.13093 0.99998 0.99996 0.000131006 1247.05 1.55544e+06 1.67683
0.285 -1.19297 1.14662 0.999979 0.999958 0.000141259 1247.25 1.55595e+06 1.64285
0.28 -1.18835 1.13354 0.999978 0.999955 0.000150288 1247.95 1.55768e+06 1.66355
0.275 -1.18303 1.17834 0.999979 0.999959 0.00013725 1246.97 1.55525e+06 1.65473
0.27 -1.17796 1.15554 0.999977 0.999954 0.000154203 1247.12 1.55562e+06 1.62517
0.265 -1.17285 1.15843 0.999976 0.999952 0.000159801 1246.8 1.55482e+06 1.63877
0.26 -1.16817 1.14613 0.999974 0.999947 0.000174409 1247.29 1.55603e+06 1.66314
0.255 -1.16308 1.15174 0.999975 0.99995 0.000170616 1247.31 1.55608e+06 1.67134
0.25 -1.158 1.17242 0.999974 0.999947 0.000176163 1247.23 1.55588e+06 1.65356
0.245 -1.15284 1.1446 0.999969 0.999939 0.000204707 1247.1 1.55556e+06 1.64616
0.24 -1.14814 1.13407 0.99997 0.999939 0.00020419 1247.38 1.55628e+06 1.64953
0.235 -1.14295 1.14354 0.99997 0.999941 0.000198005 1247.1 1.55556e+06 1.65915
0.23 -1.13806 1.12956 0.99997 0.99994 0.000202514 1247.17 1.55574e+06 1.66004
0.225 -1.13283 1.16551 0.99997 0.99994 0.000198484 1246.84 1.55491e+06 1.64142
0.22 -1.12797 1.16649 0.999968 0.999937 0.000211402 1247.27 1.55598e+06 1.6241
0.215 -1.12289 1.16567 0.999968 0.999936 0.000210716 1247.11 1.5556e+06 1.65573
0.21 -1.11776 1.12384 0.999961 0.999923 0.000255818 1246.87 1.55498e+06 1.62966
0.205 -1.11305 1.13425 0.999962 0.999924 0.000252601 1247.15 1.5557e+06 1.6509
0.2 -1.10807 1.18735 0.999962 0.999925 0.000253809 1247.43 1.55639e+06 1.67949
0.195 -1.10295 1.15171 0.999961 0.999922 0.000264421 1246.9 1.55507e+06 1.64261
0.19 -1.0979 1.1747 0.999958 0.999916 0.000278495 1247.02 1.55537e+06 1.66499
0.185 -1.09265 1.13514 0.999957 0.999915 0.000281247 1246.8 1.55481e+06 1.63753
0.18 -1.0879 1.11954 0.999958 0.999915 0.00029172 1247.07 1.55549e+06 1.63591
0.175 -1.08294 1.14231 0.999956 0.999913 0.000293634 1247.22 1.55586e+06 1.647
0.17 -1.07785 1.1693 0.999956 0.999911 0.000294498 1247.19 1.55578e+06 1.65377
0.165 -1.07304 1.14959 0.999953 0.999906 0.000312649 1247.31 1.55608e+06 1.66832
0.16 -1.06806 1.163 0.999951 0.999903 0.000321398 1247.37 1.55625e+06 1.64831
0.155 -1.06287 1.16917 0.999946 0.999891 0.000362504 1247.26 1.55597e+06 1.66674
0.15 -1.05786 1.14904 0.999949 0.999897 0.000336537 1246.78 1.55477e+06 1.67481
0.145 -1.05283 1.15617 0.999946 0.999893 0.000363406 1246.99 1.55528e+06 1.65797
0.14 -1.04789 1.13631 0.999944 0.999888 0.000375115 1246.91 1.55509e+06 1.62931
0.135 -1.04296 1.14277 0.99994 0.999881 0.00040297 1247.28 1.55602e+06 1.62788
0.13 -1.03793 1.17623 0.999938 0.999876 0.000410017 1247.5 1.55658e+06 1.65852
0.125 -1.03271 1.16327 0.99994 0.99988 0.000400496 1246.52 1.55411e+06 1.63627
0.12 -1.0281 1.13754 0.999934 0.999867 0.00045008 1247.51 1.5566e+06 1.64713
0.115 -1.02289 1.14551 0.999929 0.999858 0.000471816 1247.27 1.556e+06 1.65406
0.11 -1.01796 1.16125 0.99993 0.999861 0.000463403 1247.02 1.55536e+06 1.65115
0.105 -1.01304 1.17746 0.999931 0.999862 0.000453448 1247.31 1.55607e+06 1.6177
0.1 -1.00784 1.17044 0.999926 0.999853 0.00048908 1247.01 1.55535e+06 1.65073
0.095 -1.00278 1.12325 0.999921 0.999842 0.000530857 1246.81 1.55484e+06 1.64718
0.09 -0.997885 1.14419 0.999923 0.999846 0.000510221 1247.26 1.55596e+06 1.6309
0.085 -0.992964 1.14728 0.999915 0.999831 0.000577126 1247.26 1.55597e+06 1.66214
0.08 -0.98806 1.13173 0.999918 0.999836 0.000550385 1247.36 1.55621e+06 1.64658
0.075 -0.98273 1.15378 0.999912 0.999825 0.000586224 1246.87 1.555e+06 1.66473
0.07 -0.977945 1.16494 0.99991 0.99982 0.00061338 1247.25 1.55595e+06 1.65301
0.065 -0.972682 1.11322 0.999907 0.999815 0.000606008 1246.94 1.55516e+06 1.63509
0.06 -0.967755 1.14996 0.999904 0.999809 0.000639502 1246.69 1.55455e+06 1.6477
0.055 -0.96268 1.17351 0.999898 0.999797 0.000677983 1246.72 1.55463e+06 1.66424
0.05 -0.957746 1.1888 0.999899 0.999799 0.000681618 1246.88 1.55503e+06 1.67408
0.045 -0.952806 1.13998 0.9999 0.999799 0.000681752 1246.86 1.55498e+06 1.66743
0.04 -0.947919 1.17164 0.999888 0.999776 0.000747641 1247.02 1.55536e+06 1.65595
0.035 -0.942963 1.16053 0.99989 0.99978 0.000727783 1247.23 1.55589e+06 1.63626
0.03 -0.937765 1.12879 0.999883 0.999767 0.000789013 1246.83 1.5549e+06 1.63655
0.025 -0.93267 1.17788 0.999882 0.999764 0.000800648 1246.91 1.5551e+06 1.65996
0.02 -0.927681 1.15713 0.999871 0.999741 0.000870281 1246.75 1.5547e+06 1.67158
0.015 -0.922808 1.17152 0.999871 0.999742 0.000879713 1247.19 1.55579e+06 1.66074
0.01 -0.917884 1.18012 0.999868 0.999737 0.000882889 1247.12 1.55562e+06 1.6838
0.005 -0.912694 1.1536 0.999855 0.999711 0.000985661 1246.87 1.55499e+06 1.63128
-3.76435e-16 -0.907926 1.1696 0.999859 0.999719 0.000939594 1247.38 1.55628e+06 1.68002
-0.005 -0.903072 1.15097 0.999855 0.99971 0.000961258 1247.53 1.55663e+06 1.64618
-0.01 -0.897894 1.14644 0.999845 0.999691 0.00103332 1247.17 1.55574e+06 1.60669
-0.015 -0.892721 1.14569 0.999844 0.999688 0.00102036 1246.81 1.55485e+06 1.62815
-0.02 -0.887766 1.18515 0.999832 0.999665 0.00114106 1246.69 1.55455e+06 1.66911
-0.025 -0.883037 1.15233 0.999837 0.999674 0.00108386 1247.34 1.55617e+06 1.66759
-0.03 -0.877789 1.13754 0.999827 0.999654 0.00115833 1246.99 1.55529e+06 1.64679
-0.035 -0.872554 1.14371 0.999819 0.999638 0.00122549 1246.3 1.55357e+06 1.63833
-0.04 -0.867681 1.17647 0.999807 0.999614 0.00129715 1246.88 1.55502e+06 1.65895
-0.045 -0.862675 1.16267 0.999811 0.999623 0.0012475 1246.86 1.55498e+06 1.63973
-0.05 -0.857612 1.14946 0.999805 0.999611 0.00128209 1246.52 1.55413e+06 1.64182
-0.055 -0.852812 1.14339 0.999802 0.999604 0.00131228 1247.05 1.55544e+06 1.64152
-0.06 -0.847509 1.1542 0.99979 0.999581 0.00140446 1246.62 1.55436e+06 1.64025
-0.065 -0.842328 1.16795 0.99979 0.99958 0.00138582 1246.27 1.5535e+06 1.64957
-0.07 -0.837479 1.14612 0.999775 0.99955 0.00152088 1246.57 1.55424e+06 1.66295
-0.075 -0.832592 1.17816 0.999766 0.999533 0.00158356 1246.83 1.5549e+06 1.64256
-0.08 -0.82763 1.1468 0.999763 0.999527 0.00156213 1246.52 1.55412e+06 1.65734
-0.085 -0.822649 1.19227 0.999753 0.999506 0.00166387 1247.05 1.55544e+06 1.65902
-0.09 -0.817493 1.15202 0.999742 0.999484 0.00172597 1246.58 1.55426e+06 1.63389
-0.095 -0.812607 1.16342 0.999731 0.999462 0.00179293 1246.75 1.5547e+06 1.63461
-0.1 -0.80733 1.14664 0.999722 0.999445 0.00183644 1246.29 1.55356e+06 1.65078
-0.105 -0.802699 1.1918 0.999713 0.999427 0.00193374 1247.14 1.55567e+06 1.67078
-0.11 -0.79786 1.15519 0.9997 0.999401 0.00198237 1247.1 1.55556e+06 1.61857
-0.115 -0.792859 1.14777 0.999699 0.999398 0.00199149 1247.35 1.5562e+06 1.65791
-0.12 -0.787544 1.151 0.999683 0.999366 0.00210014 1246.56 1.55423e+06 1.6206
-0.125 -0.782967 1.11905 0.99968 0.99936 0.00214537 1247.69 1.55705e+06 1.65511
-0.13 -0.777745 1.14131 0.999665 0.999331 0.00221747 1247.19 1.55579e+06 1.64529
-0.135 -0.772811 1.18041 0.999654 0.999309 0.00231585 1247.24 1.55592e+06 1.63318
-0.14 -0.767553 1.14752 0.999642 0.999286 0.00240434 1246.58 1.55426e+06 1.66759
-0.145 -0.762409 1.19068 0.999633 0.999266 0.00242506 1246.53 1.55417e+06 1.6889
-0.15 -0.757471 1.1348 0.999611 0.999223 0.00260959 1246.69 1.55454e+06 1.60202
-0.155 -0.752324 1.16248 0.999593 0.999188 0.00271123 1246.22 1.55338e+06 1.6625
-0.16 -0.747402 1.17413 0.999589 0.999178 0.00274945 1246.48 1.55402e+06 1.63979
-0.165 -0.742641 1.17856 0.999572 0.999144 0.00284565 1246.92 1.55513e+06 1.67044
-0.17 -0.737275 1.18146 0.999544 0.999089 0.00301927 1246.2 1.55332e+06 1.68498
-0.175 -0.732482 1.19008 0.99953 0.99906 0.00310832 1246.66 1.55448e+06 1.66154
-0.18 -0.727609 1.15178 0.999529 0.999058 0.0031691 1246.84 1.55492e+06 1.62391
-0.185 -0.722388 1.16813 0.999511 0.999023 0.00324166 1246.38 1.55378e+06 1.65588
-0.19 -0.717472 1.16967 0.999504 0.99901 0.00331379 1246.6 1.55432e+06 1.65554
-0.195 -0.712379 1.22193 0.999478 0.998958 0.00349328 1246.4 1.55382e+06 1.70533
-0.2 -0.70759 1.19098 0.999467 0.998936 0.00358441 1246.67 1.55448e+06 1.65659
-0.205 -0.70231 1.19182 0.999436 0.998873 0.00378695 1246.45 1.55396e+06 1.6725
-0.21 -0.697453 1.18888 0.999426 0.998854 0.00374945 1246.78 1.55476e+06 1.64941
-0.215 -0.692325 1.1699 0.999409 0.99882 0.00390912 1246.59 1.5543e+06 1.64938
-0.22 -0.687189 1.17765 0.999373 0.998747 0.00419021 1246.16 1.55322e+06 1.66508
-0.225 -0.682271 1.18216 0.999361 0.998724 0.00427881 1246.35 1.55369e+06 1.6493
-0.23 -0.677437 1.15267 0.999342 0.998685 0.00436902 1246.58 1.55428e+06 1.66389
-0.235 -0.672224 1.18702 0.999312 0.998626 0.00452193 1246.13 1.55315e+06 1.66362
-0.24 -0.667084 1.2063 0.999294 0.998589 0.00466451 1245.96 1.55273e+06 1.69707
-0.245 -0.66234 1.20078 0.999279 0.99856 0.00478936 1246.39 1.55379e+06 1.66063
-0.25 -0.657274 1.18604 0.999243 0.998489 0.00510037 1246.31 1.55359e+06 1.6606
-0.255 -0.652084 1.21042 0.999212 0.998426 0.00520331 1246.22 1.55338e+06 1.6671
-0.26 -0.647144 1.17383 0.999183 0.998369 0.00540186 1246.27 1.55351e+06 1.63062
-0.265 -0.642267 1.22194 0.99917 0.998342 0.00562179 1246.26 1.55348e+06 1.66844
-0.27 -0.637152 1.17334 0.999144 0.998291 0.00567649 1245.81 1.55236e+06 1.646
-0.275 -0.632035 1.15751 0.999087 0.998176 0.00616466 1245.72 1.55213e+06 1.63357
-0.28 -0.626873 1.17978 0.999072 0.998146 0.00620956 1245.76 1.55223e+06 1.68474
-0.285 -0.621875 1.18206 0.999052 0.998106 0.00634561 1245.77 1.55225e+06 1.66199
-0.29 -0.617076 1.19182 0.999025 0.998052 0.00645804 1245.97 1.55276e+06 1.62709
-0.295 -0.61181 1.16992 0.998984 0.997971 0.00686949 1245.34 1.55118e+06 1.66891
-0.3 -0.606979 1.22539 0.998962 0.997927 0.00703061 1245.71 1.55211e+06 1.65193
-0.305 -0.602043 1.22291 0.998901 0.997805 0.00725908 1246.16 1.55323e+06 1.71138
-0.31 -0.59653 1.21805 0.998864 0.997732 0.00766327 1245.07 1.55052e+06 1.66656
-0.315 -0.591742 1.16581 0.99883 0.997663 0.00781796 1245.81 1.55237e+06 1.67459
-0.32 -0.586908 1.19577 0.998802 0.997607 0.00792201 1245.77 1.55226e+06 1.66383
-0.325 -0.581564 1.20331 0.998767 0.997537 0.00823118 1245.16 1.55072e+06 1.66085
-0.33 -0.576835 1.23222 0.998695 0.997394 0.00877109 1245.88 1.55254e+06 1.65076
-0.335 -0.571652 1.20802 0.998669 0.997342 0.00896842 1245.37 1.55126e+06 1.69558
-0.34 -0.566689 1.19331 0.998626 0.997257 0.00925399 1245.58 1.55179e+06 1.6508
-0.345 -0.561592 1.24643 0.998581 0.997166 0.00949682 1245.16 1.55072e+06 1.66862
-0.35 -0.556626 1.21502 0.99852 0.997044 0.0100502 1245.42 1.55137e+06 1.67727
-0.355 -0.551358 1.23967 0.998474 0.996953 0.0101283 1244.93 1.55017e+06 1.68538
-0.36 -0.54631 1.24911 0.99842 0.996845 0.0105643 1244.9 1.55008e+06 1.65976
-0.365 -0.541373 1.21293 0.998372 0.99675 0.010886 1244.97 1.55026e+06 1.65904
-0.37 -0.536013 1.16628 0.998291 0.996589 0.0113472 1244.3 1.54859e+06 1.6431
-0.375 -0.531343 1.21124 0.998264 0.996534 0.0117789 1245.1 1.55058e+06 1.67314
-0.38 -0.526414 1.22881 0.998222 0.99645 0.01197 1245.02 1.55039e+06 1.66833
-0.385 -0.521093 1.25242 0.998115 0.996237 0.0125518 1244.41 1.54889e+06 1.713
-0.39 -0.51616 1.21558 0.998047 0.996102 0.0131603 1244.79 1.54982e+06 1.67845
-0.395 -0.510888 1.22565 0.997995 0.995998 0.0135177 1244.21 1.54837e+06 1.67048
-0.4 -0.506098 1.25013 0.99795 0.995909 0.013695 1244.52 1.54914e+06 1.71595
-0.405 -0.501184 1.23401 0.997878 0.995765 0.0141933 1244.65 1.54947e+06 1.68221
-0.41 -0.495714 1.21804 0.997797 0.995603 0.0147745 1243.73 1.54718e+06 1.69717
-0.415 -0.490835 1.27398 0.997725 0.995458 0.0153475 1243.96 1.54774e+06 1.70906
-0.42 -0.485839 1.19168 0.997639 0.995288 0.0159694 1244.15 1.54824e+06 1.69205
-0.425 -0.480799 1.20783 0.997546 0.995103 0.0166286 1244.06 1.548e+06 1.66839
-0.43 -0.475641 1.25896 0.997476 0.994963 0.0170112 1243.97 1.54777e+06 1.67768
-0.435 -0.470604 1.21766 0.997424 0.994859 0.0173615 1243.82 1.54738e+06 1.65089
-0.44 -0.465544 1.2437 0.997275 0.994562 0.0184266 1243.5 1.54661e+06 1.69834
-0.445 -0.460488 1.25594 0.997209 0.994431 0.0188349 1243.52 1.54667e+06 1.71323
-0.45 -0.455216 1.23288 0.997097 0.994207 0.0192964 1243.23 1.54594e+06 1.7044
-0.455 -0.450242 1.24941 0.996994 0.994002 0.0198713 1242.92 1.54516e+06 1.68938
-0.46 -0.445029 1.24726 0.996911 0.993837 0.0211166 1242.69 1.54459e+06 1.69953
-0.465 -0.440097 1.26043 0.996774 0.993563 0.0216487 1242.76 1.54477e+06 1.67805
-0.47 -0.435125 1.19345 0.996688 0.993393 0.0224785 1242.83 1.54493e+06 1.66908
-0.475 -0.429901 1.21667 0.996596 0.993209 0.0227374 1242.39 1.54385e+06 1.66462
-0.48 -0.42486 1.25842 0.99646 0.992938 0.0239451 1242.25 1.5435e+06 1.7082
-0.485 -0.419803 1.31177 0.996326 0.992672 0.0251449 1242.02 1.54293e+06 1.72147
-0.49 -0.414755 1.27124 0.996224 0.992468 0.0256474 1241.96 1.54278e+06 1.69122
-0.495 -0.409692 1.26653 0.996128 0.992278 0.0261763 1242.01 1.54292e+06 1.73573
-0.5 -0.40468 1.27428 0.995942 0.991908 0.0276095 1242.22 1.54343e+06 1.69999
-0.505 -0.39957 1.28156 0.995838 0.991701 0.0278428 1241.73 1.54221e+06 1.71564
-0.51 -0.394242 1.26939 0.995682 0.99139 0.028968 1241.25 1.54103e+06 1.72936
-0.515 -0.389134 1.26829 0.995564 0.991155 0.0302747 1240.88 1.54009e+06 1.71376
-0.52 -0.384212 1.29463 0.995391 0.990812 0.0319224 1241.04 1.5405e+06 1.76526
-0.525 -0.379108 1.27714 0.995227 0.990485 0.0325101 1240.82 1.53994e+06 1.70425
-0.53 -0.37415 1.24112 0.995087 0.990206 0.0332755 1240.9 1.54014e+06 1.68059
-0.535 -0.369046 1.2958 0.994852 0.989739 0.0347152 1240.81 1.53994e+06 1.73024
-0.54 -0.363803 1.28527 0.994689 0.989416 0.0358537 1240.2 1.53841e+06 1.65201
-0.545 -0.358631 1.32473 0.994504 0.989049 0.0373647 1239.94 1.53778e+06 1.73141
-0.55 -0.353471 1.29402 0.994348 0.988738 0.0391498 1239.53 1.53675e+06 1.73983
-0.555 -0.348256 1.30778 0.994067 0.98818 0.0403512 1239.14 1.5358e+06 1.7504
-0.56 -0.34312 1.29394 0.993897 0.987842 0.0408653 1239.2 1.53595e+06 1.74846
-0.565 -0.33839 1.28404 0.993749 0.987549 0.0425513 1239.12 1.53575e+06 1.72939
-0.57 -0.332976 1.30428 0.993495 0.987044 0.0454024 1238.4 1.53397e+06 1.75448
-0.575 -0.327876 1.3071 0.99327 0.986597 0.046174 1238.45 1.53409e+06 1.75552
-0.58 -0.322515 1.34317 0.992993 0.986047 0.0471902 1237.77 1.53241e+06 1.77303
-0.585 -0.317621 1.33812 0.992848 0.98576 0.0490666 1237.92 1.53278e+06 1.77327
-0.59 -0.312363 1.30769 0.992546 0.985162 0.0511953 1237.22 1.53103e+06 1.75259
-0.595 -0.307148 1.32565 0.992232 0.984538 0.0538037 1236.88 1.5302e+06 1.73906
-0.6 -0.301945 1.31825 0.991998 0.984074 0.0546908 1236.35 1.52887e+06 1.74225
-0.605 -0.296856 1.35152 0.991698 0.98348 0.0580078 1235.95 1.5279e+06 1.77018
-0.61 -0.291704 1.36207 0.991413 0.982916 0.0600311 1235.64 1.52713e+06 1.7951
-0.615 -0.286624 1.32344 0.991153 0.9824 0.0600179 1235.65 1.52717e+06 1.75435
-0.62 -0.281414 1.37696 0.990776 0.981654 0.0642689 1235.05 1.52569e+06 1.78818
-0.625 -0.275937 1.39078 0.990529 0.981166 0.0656155 1234.18 1.52353e+06 1.79851
-0.63 -0.270979 1.3774 0.990146 0.980406 0.066551 1234.24 1.52368e+06 1.81204
-0.635 -0.266118 1.33263 0.989853 0.979826 0.0696051 1234.27 1.52376e+06 1.81475
-0.64 -0.260621 1.37261 0.989481 0.979092 0.0744031 1233.21 1.52113e+06 1.81335
-0.645 -0.255536 1.39504 0.989124 0.978386 0.0750864 1233.11 1.52091e+06 1.8164
-0.65 -0.250161 1.38058 0.988737 0.977621 0.0783084 1232.3 1.51889e+06 1.81969
-0.655 -0.244859 1.34302 0.988297 0.976752 0.0810575 1231.44 1.51677e+06 1.80207
-0.66 -0.239881 1.36803 0.987887 0.975941 0.0820982 1231.4 1.51669e+06 1.79901
-0.665 -0.234666 1.39259 0.987436 0.975053 0.0875283 1230.66 1.51485e+06 1.83558
-0.67 -0.229387 1.39045 0.987054 0.974299 0.0918005 1230.19 1.51372e+06 1.87846
-0.675 -0.224301 1.38882 0.986611 0.973425 0.093886 1229.71 1.51253e+06 1.86867
-0.68 -0.218669 1.39149 0.986056 0.972332 0.0970867 1228.49 1.50954e+06 1.85408
-0.685 -0.213963 1.35612 0.985602 0.971437 0.100356 1228.67 1.50997e+06 1.86946
-0.69 -0.208258 1.40537 0.985112 0.970472 0.103789 1227.52 1.50715e+06 1.88493
-0.695 -0.203216 1.40453 0.984599 0.969464 0.110449 1227.07 1.50604e+06 1.87352
-0.7 -0.197983 1.42179 0.984025 0.968335 0.110673 1226.57 1.50483e+06 1.91153
-0.705 -0.192581 1.41316 0.983487 0.967277 0.115843 1225.55 1.50232e+06 1.89538
-0.71 -0.187365 1.39794 0.98277 0.965868 0.121408 1224.95 1.50087e+06 1.94771
-0.715 -0.182061 1.42036 0.982226 0.964801 0.12633 1224.06 1.49869e+06 1.91383
-0.72 -0.176437 1.45087 0.98146 0.963297 0.129575 1222.49 1.49482e+06 1.8877
-0.725 -0.171351 1.43284 0.980891 0.962182 0.13672 1222.22 1.49418e+06 1.91468
-0.73 -0.166004 1.46599 0.980026 0.960488 0.142984 1221.1 1.49146e+06 1.98129
-0.735 -0.160716 1.47493 0.979459 0.959377 0.146564 1220.47 1.4899e+06 1.95388
-0.74 -0.155219 1.45307 0.978696 0.957885 0.154816 1219.18 1.48675e+06 1.95103
-0.745 -0.150098 1.43435 0.977944 0.956416 0.156493 1218.54 1.4852e+06 1.9454
-0.75 -0.144518 1.48933 0.977111 0.954789 0.163336 1216.81 1.48099e+06 1.97544
-0.755 -0.139189 1.47156 0.976175 0.952962 0.170428 1216.02 1.47906e+06 1.9812
-0.76 -0.133435 1.46808 0.97516 0.950984 0.180217 1214.31 1.47491e+06 2.04103
-0.765 -0.128642 1.5482 0.97441 0.949524 0.189611 1214.06 1.47433e+06 2.08945
-0.77 -0.123159 1.51866 0.97361 0.947967 0.192859 1212.7 1.47103e+06 2.09227
-0.775 -0.117836 1.5023 0.972574 0.945952 0.204431 1211.56 1.46826e+06 2.06424
-0.78 -0.112301 1.54533 0.971378 0.943629 0.205197 1209.68 1.46371e+06 2.09234
-0.785 -0.107072 1.55571 0.970452 0.941833 0.213912 1208.87 1.46175e+06 2.131
-0.79 -0.101458 1.53224 0.969265 0.939535 0.235997 1207.3 1.45797e+06 2.16874
-0.795 -0.0960206 1.53233 0.96821 0.937493 0.239756 1205.76 1.45425e+06 2.16086
-0.8 -0.0903918 1.54518 0.967055 0.93526 0.24807 1204.02 1.45005e+06 2.17191
-0.805 -0.0852687 1.53745 0.965864 0.932961 0.258916 1203.14 1.44793e+06 2.1808
-0.81 -0.0794441 1.54958 0.964233 0.929814 0.268813 1200.59 1.44182e+06 2.23083
-0.815 -0.0741393 1.55932 0.963234 0.927892 0.273158 1199.19 1.43845e+06 2.2331
-0.82 -0.0685292 1.56669 0.961445 0.924453 0.293136 1197.47 1.43435e+06 2.27329
-0.825 -0.062992 1.62215 0.959987 0.921656 0.312167 1195.25 1.42905e+06 2.32263
-0.83 -0.0575457 1.57501 0.958527 0.918856 0.319127 1193.81 1.42559e+06 2.29631
-0.835 -0.0519712 1.62286 0.956726 0.915412 0.339599 1191.38 1.41982e+06 2.39306
-0.84 -0.0460887 1.56326 0.955042 0.912197 0.349959 1188.89 1.41388e+06 2.38265
-0.845 -0.0407656 1.59281 0.953507 0.909271 0.366843 1187.38 1.41029e+06 2.38711
-0.85 -0.0352407 1.67689 0.951574 0.905595 0.39194 1185.28 1.40534e+06 2.52523
-0.855 -0.0294134 1.60337 0.949545 0.901739 0.3973 1182.42 1.39855e+06 2.42277
-0.86 -0.0239367 1.58381 0.947545 0.897948 0.411305 1179.94 1.39269e+06 2.49619
-0.865 -0.0183838 1.59492 0.94558 0.894233 0.426845 1177.74 1.38751e+06 2.47673
-0.87 -0.0124104 1.71533 0.943041 0.889448 0.46897 1174.12 1.37902e+06 2.68124
-0.875 -0.00691634 1.68197 0.94065 0.88495 0.490939 1171.77 1.3735e+06 2.66861
-0.88 -0.000792864 1.66769 0.937852 0.879702 0.517743 1168.17 1.36509e+06 2.65024
-0.885 0.00459535 1.68258 0.935522 0.87534 0.534339 1165.44 1.35874e+06 2.77367
-0.89 0.0104275 1.70733 0.932597 0.869888 0.57606 1162.06 1.35087e+06 2.84938
-0.895 0.0165359 1.6743 0.929804 0.864693 0.607143 1157.7 1.34077e+06 2.87985
-0.9 0.0221289 1.71304 0.926868 0.859254 0.649696 1154.55 1.3335e+06 2.98487
-0.905 0.0279421 1.69734 0.923578 0.853169 0.66817 1150.73 1.32468e+06 2.9618
-0.91 0.0335234 1.76287 0.920338 0.847206 0.708622 1147.29 1.31682e+06 3.16526
-0.915 0.0398107 1.73642 0.915993 0.839239 0.752775 1141.91 1.3045e+06 3.12176
-0.92 0.0457948 1.72051 0.912689 0.833203 0.776607 1137.72 1.29494e+06 3.18685
-0.925 0.0513629 1.74573 0.909 0.826501 0.844569 1133.96 1.28643e+06 3.33352
-0.93 0.0574637 1.73585 0.904815 0.818917 0.868119 1128.41 1.27387e+06 3.36674
-0.935 0.0632989 1.72169 0.900043 0.810314 0.909959 1123.2 1.26215e+06 3.40231
-0.94 0.0697246 1.7379 0.895124 0.801509 1.00699 1117.09 1.2485e+06 3.59089
-0.945 0.0752975 1.73176 0.890364 0.793036 1.10233 1112.41 1.23808e+06 3.7469
-0.95 0.0819608 1.75899 0.884049 0.78184 1.1434 1104.49 1.22053e+06 3.7853
-0.955 0.0876929 1.77105 0.878981 0.772935 1.25294 1099.13 1.20875e+06 4.01993
-0.96 0.0941685 1.79161 0.872458 0.761531 1.334 1091.31 1.19165e+06 4.22014
-0.965 0.10073 1.75695 0.86417 0.747164 1.43807 1082.2 1.17184e+06 4.24259
-0.97 0.106506 1.83373 0.858463 0.73736 1.53876 1076.13 1.15879e+06 4.56392
-0.975 0.112756 1.75168 0.8514 0.725294 1.58019 1068.34 1.14207e+06 4.49091
-0.98 0.119681 1.81694 0.840652 0.707169 1.81895 1056.26 1.11647e+06 4.99815
-0.985 0.126153 1.73465 0.830596 0.690404 1.97162 1045.66 1.09422e+06 5.10284
-0.99 0.132852 1.78602 0.820303 0.673438 2.07894 1034.68 1.0714e+06 5.35372
-0.995 0.13895 1.73701 0.81007 0.656823 2.34252 1024.22 1.04992e+06 5.80742
-1 0.145716 1.82787 0.797245 0.636332 2.81282 1010.81 1.02273e+06 6.49863
-1.005 0.152446 1.8188 0.782484 0.613114 3.19336 995.809 992689 7.06052
-1.01 0.159339 1.71676 0.766765 0.588815 3.40622 980.062 961594 7.28886
-1.015 0.166332 1.78152 0.748128 0.560734 3.98873 961.764 926169 8.17317
-1.02 0.173607 1.74443 0.724546 0.526259 4.96321 939.344 883718 9.59017
-1.025 0.181269 1.68681 0.695125 0.4848 6.14811 911.578 832498 11.1404
-1.03 0.188522 1.64424 0.662526 0.441037 8.05141 882.347 780321 13.4771
-1.035 0.195312 1.52611 0.624266 0.39229 9.91536 849.611 723837 15.6721
-1.04 0.203561 1.29702 0.55314 0.31005 15.6907 791.59 629273 22.3909
-1.045 0.209335 1.07388 0.472666 0.22831 18.8043 730.806 536811 24.934
-1.05 0.212001 1.00502 0.384965 0.152109 15.0171 669.684 450329 18.4357
-1.055 0.211887 1.09862 0.31866 0.104076 9.72168 627.038 394247 11.3733
-1.06 0.211121 1.19937 0.279859 0.0802974 7.58913 603.641 365167 8.65974
-1.065 0.209818 1.23371 0.246468 0.0622193 5.65656 584.207 341860 6.41875
-1.07 0.208578 1.27307 0.223125 0.0508728 4.1783 571.373 326874 4.75572
-1.075 0.20765 1.31747 0.205517 0.0431936 3.67314 561.933 316127 4.25657
-1.08 0.206184 1.32642 0.186763 0.0356449 2.93555 551.78 304747 3.44976
-1.085 0.205419 1.33767 0.173844 0.0309067 2.63021 544.876 297148 3.15768
-1.09 0.204309 1.31838 0.161174 0.0265473 2.18944 538.364 290056 2.73204
-1.095 0.203467 1.32803 0.151493 0.0234799 2.03493 533.445 284767 2.55112
-1.1 0.20226 1.38016 0.141001 0.0203592 1.83555 528.294 279278 2.31337
-1.105 0.201401 1.37352 0.132624 0.0180061 1.60163 524.067 274810 2.08266
-1.11 0.200409 1.37665 0.124781 0.0159526 1.46832 520.232 270797 1.99524
-1.115 0.199612 1.33818 0.118068 0.0142831 1.31677 517.168 267607 1.86631
-1.12 0.198689 1.3633 0.111867 0.0128463 1.27489 514.399 264748 1.83739
-1.125 0.197965 1.30557 0.105912 0.0115119 1.13074 511.284 261544 1.7314
-1.13 0.197168 1.31737 0.100657 0.0104049 1.04884 508.941 259147 1.65793
-1.135 0.196364 1.33414 0.0949498 0.00926441 0.955937 506.059 256214 1.55923
-1.14 0.195777 1.33546 0.0904648 0.00842364 0.920639 503.975 254110 1.56884
-1.145 0.194986 1.34805 0.0864161 0.00768698 0.841917 502.26 252373 1.43653
-1.15 0.194376 1.33745 0.0822073 0.00696433 0.79214 500.328 250434 1.40275
-1.155 0.193619 1.32932 0.0784235 0.00634348 0.742006 498.539 248645 1.38637
-1.16 0.192876 1.32109 0.0745182 0.0057325 0.689398 496.805 246915 1.34492
-1.165 0.192283 1.30855 0.0714343 0.00527013 0.642345 495.564 245680 1.30057
-1.17 0.191513 1.31392 0.0680056 0.00478315 0.608249 494.003 244135 1.29079
-1.175 0.19121 1.28412 0.0651897 0.00439927 0.574363 492.652 242796 1.22626
-1.18 0.190534 1.33175 0.0626461 0.004067 0.547077 491.664 241821 1.19581
-1.185 0.189924 1.30009 0.0594694 0.00366922 0.509254 490.058 240243 1.1756
-1.19 0.189598 1.31101 0.0574641 0.00343101 0.494916 489.174 239376 1.16454
-1.195 0.188714 1.2905 0.0546686 0.00310917 0.462793 488.162 238386 1.14903
-1.2 0.188379 1.29398 0.0525456 0.0028744 0.435313 487.139 237386 1.1146
-1.205 0.188015 1.30839 0.050371 0.00264508 0.414127 485.957 236235 1.10237
-1.21 0.187444 1.27683 0.0485896 0.00246632 0.404629 485.435 235727 1.10351
-1.215 0.186888 1.29888 0.046346 0.00224748 0.382203 484.444 234764 1.06964
-1.22 0.186676 1.29801 0.0447931 0.00210154 0.365238 483.624 233971 1.07792
-1.225 0.185894 1.29187 0.0427089 0.00191475 0.348308 482.885 233255 1.07179
-1.23 0.185509 1.2642 0.0412727 0.00179058 0.334632 482.358 232745 1.04319
-1.235 0.185067 1.2769 0.0395305 0.00164571 0.318904 481.351 231770 0.993839
-1.24 0.18456 1.26511 0.0378162 0.00150779 0.29847 480.708 231154 1.02373
-1.245 0.18427 1.23398 0.0364833 0.00140438 0.281664 480.166 230631 1.00181
-1.25 0.183712 1.22327 0.0350834 0.00130176 0.272321 479.76 230243 1.01154
-1.255 0.183416 1.23828 0.0337222 0.00120548 0.262254 478.907 229423 0.992138
-1.26 0.18294 1.26484 0.0323955 0.00111433 0.249078 478.505 229037 0.977717
-1.265 0.182779 1.25498 0.031242 0.00103834 0.239142 477.983 228537 0.965068
-1.27 0.182422 1.23268 0.0302483 0.00097404 0.226876 477.612 228183 0.975336
-1.275 0.18191 1.22201 0.0290484 0.00090109 0.219949 477.145 227736 0.966692
-1.28 0.181666 1.20502 0.0279166 0.000834128 0.210402 476.594 227210 0.957087
-1.285 0.181099 1.20333 0.0267295 0.000766237 0.198798 476.157 226792 0.928996
-1.29 0.181041 1.22528 0.0258516 0.000719548 0.196761 475.68 226339 0.956128
-1.295 0.18065 1.2009 0.0248557 0.000665766 0.184161 475.198 225880 0.940904
-1.3 0.180347 1.19906 0.0240007 0.000622963 0.180209 474.926 225621 0.927113
-1.305 0.179963 1.22032 0.0232095 0.000583318 0.171397 474.819 225518 0.909367
-1.31 0.179739 1.19073 0.0223539 0.000541677 0.161203 474.344 225066 0.898377
-1.315 0.17935 1.18838 0.021533 0.000505122 0.159178 474.075 224812 0.905494
-1.32 0.179074 1.20295 0.0207768 0.000471167 0.151645 473.788 224539 0.902583
-1.325 0.178834 1.17573 0.0199352 0.000435363 0.145736 473.281 224059 0.903612
-1.33 0.178665 1.18805 0.0192827 0.000408482 0.140769 472.996 223789 0.910619
-1.335 0.178197 1.16606 0.0184858 0.000376357 0.132991 472.811 223614 0.899032
-1.34 0.178015 1.17714 0.017873 0.000353327 0.130109 472.405 223230 0.889156
-1.345 0.177844 1.13496 0.0172665 0.000330425 0.124006 472.148 222988 0.899496
-1.35 0.17779 1.18492 0.0167337 0.000311569 0.121164 471.871 222725 0.892017
-1.355 0.177159 1.14172 0.0160681 0.000288078 0.114801 471.926 222777 0.885062
-1.36 0.177099 1.16024 0.0156348 0.000272966 0.109511 471.634 222501 0.884443
-1.365 0.176918 1.17117 0.0150047 0.000253399 0.108513 471.291 222177 0.870515
-1.37 0.176802 1.13665 0.0144815 0.000236631 0.103359 471.032 221932 0.86707
-1.375 0.176417 1.17517 0.0139148 0.000219458 0.0992173 470.831 221744 0.886268
-1.38 0.176263 1.13172 0.0134607 0.000206267 0.0962965 470.709 221628 0.863974
-1.385 0.176149 1.12302 0.0130056 0.00019296 0.0914412 470.41 221347 0.8734
-1.39 0.175824 1.1551 0.0125526 0.000180584 0.0883815 470.344 221284 0.855441
-1.395 0.175559 1.13804 0.0120816 0.000168361 0.0860014 470.17 221119 0.840255
-1.4 0.175455 1.12576 0.0117238 0.000159013 0.0828118 469.927 220892 0.855369
-1.405 0.175162 1.10395 0.0112237 0.000146539 0.0789788 469.798 220770 0.845154
-1.41 0.175124 1.11523 0.0108499 0.000137357 0.0754048 469.584 220570 0.861739
-1.415 0.17492 1.11329 0.010536 0.000129745 0.0719493 469.492 220483 0.855667
-1.42 0.174742 1.11578 0.0101311 0.000120922 0.0702065 469.207 220215 0.850805
-1.425 0.174711 1.1068 0.00984948 0.000114966 0.0689417 469.114 220128 0.854905
-1.43 0.174428 1.10646 0.00948247 0.000107045 0.0657726 469.045 220063 0.84375
-1.435 0.174344 1.10197 0.00918464 0.000100759 0.0629832 468.877 219905 0.849314
-1.44 0.174107 1.07902 0.00879583 9.33247e-05 0.0612788 468.756 219790 0.82866
-1.445 0.173891 1.08885 0.00848976 8.75503e-05 0.0594216 468.647 219691 0.854952
-1.45 0.173975 1.09141 0.00828906 8.3934e-05 0.0584659 468.542 219591 0.844495
-1.455 0.173608 1.09443 0.0079704 7.78126e-05 0.0548556 468.528 219579 0.863832
-1.46 0.173451 1.07909 0.00771024 7.35122e-05 0.0540073 468.445 219500 0.837047
-1.465 0.173608 1.07296 0.00741684 6.82515e-05 0.0508491 468.005 219087 0.829743
-1.47 0.173359 1.0758 0.00721241 6.47441e-05 0.0488649 468.151 219225 0.849723
-1.475 0.173195 1.07529 0.00697717 6.14362e-05 0.0489803 468.057 219136 0.839403
-1.48 0.1731 1.07962 0.00669913 5.69993e-05 0.0465444 467.966 219050 0.833122
-1.485 0.172782 1.08681 0.00650495 5.4181e-05 0.0455679 468 219083 0.839398
-1.49 0.17291 1.06031 0.00630434 5.08485e-05 0.0426384 467.708 218809 0.834208
-1.495 0.17279 1.07133 0.00605521 4.73636e-05 0.0410805 467.572 218682 0.83493
