-1.5 0.114243 1.2608 0.000513802 1.16841e-06 0.00520944 501.057 251099 0.819428
-1.495 0.114295 1.25076 0.000538021 1.22402e-06 0.00538302 501.012 251053 0.807558
-1.49 0.114279 1.25817 0.000571701 1.34277e-06 0.00585176 501.082 251123 0.79518
-1.485 0.114378 1.24281 0.00061684 1.44917e-06 0.00615559 501.062 251105 0.819004
-1.48 0.114272 1.24477 0.000638368 1.53085e-06 0.00647043 501.166 251208 0.819772
-1.475 0.114382 1.26141 0.000671094 1.59189e-06 0.00657516 501.003 251044 0.806633
-1.47 0.114354 1.26483 0.000705903 1.74666e-06 0.00719056 501.122 251165 0.825384
-1.465 0.114422 1.28147 0.000744444 1.86511e-06 0.00755088 501.097 251140 0.825591
-1.46 0.114414 1.26421 0.000796354 2.02094e-06 0.00798775 501.213 251255 0.810793
-1.455 0.114476 1.29543 0.000815799 2.0966e-06 0.00824295 501.127 251170 0.829171
-1.45 0.114529 1.27961 0.000857031 2.26282e-06 0.00880312 501.159 251202 0.822892
-1.445 0.114519 1.27259 0.000928038 2.47893e-06 0.00931782 501.206 251249 0.815628
-1.44 0.114511 1.27673 0.000954427 2.56604e-06 0.00953342 501.158 251200 0.821197
-1.435 0.114574 1.29374 0.000998958 2.73166e-06 0.00998637 501.26 251303 0.822374
-1.43 0.114671 1.28015 0.0010691 3.03397e-06 0.0108922 501.214 251257 0.835953
-1.425 0.114616 1.28573 0.00111172 3.21437e-06 0.0113959 501.316 251359 0.823315
-1.42 0.114802 1.28398 0.00116554 3.413e-06 0.011834 501.177 251219 0.817831
-1.415 0.114675 1.24973 0.00122969 3.67688e-06 0.0124689 501.344 251387 0.81932
-1.41 0.114708 1.26055 0.00129427 3.92765e-06 0.0129745 501.351 251394 0.817623
-1.405 0.114864 1.27492 0.0013605 4.25573e-06 0.0138514 501.263 251305 0.816584
-1.4 0.11485 1.28075 0.00141753 4.51118e-06 0.0144102 501.309 251352 0.832094
-1.395 0.114789 1.27054 0.00148681 4.80957e-06 0.0149701 501.424 251468 0.83131
-1.39 0.114799 1.27875 0.00158229 5.31533e-06 0.0161953 501.491 251534 0.822543
-1.385 0.115003 1.2771 0.00167977 5.7471e-06 0.0168506 501.488 251531 0.811478
-1.38 0.114975 1.29608 0.00174609 6.11211e-06 0.0176444 501.485 251529 0.841653
-1.375 0.115152 1.32051 0.00184931 6.70211e-06 0.0189054 501.466 251510 0.829309
-1.37 0.11491 1.31211 0.00190729 6.96795e-06 0.0191819 501.611 251655 0.837611
-1.365 0.115192 1.31739 0.00203203 7.7379e-06 0.0207864 501.588 251631 0.815187
-1.36 0.115122 1.28642 0.00216311 8.50107e-06 0.0220149 501.739 251783 0.818113
-1.355 0.115214 1.29805 0.00222986 8.97654e-06 0.0230645 501.676 251720 0.831532
-1.35 0.115257 1.30393 0.00237613 9.88302e-06 0.0244053 501.766 251810 0.813583
-1.345 0.115287 1.32611 0.00251024 1.07934e-05 0.0258745 501.919 251965 0.836237
-1.34 0.115375 1.36131 0.00263151 1.16372e-05 0.0271433 501.892 251938 0.85242
-1.335 0.115567 1.31202 0.00279818 1.28052e-05 0.0286582 501.84 251886 0.8531
-1.33 0.115502 1.29395 0.00294297 1.39213e-05 0.0302989 502.074 252119 0.828575
-1.325 0.115591 1.32577 0.00311424 1.52172e-05 0.0317879 502.156 252202 0.834928
-1.32 0.115607 1.33048 0.00325651 1.64664e-05 0.0337624 502.225 252273 0.843739
-1.315 0.115705 1.33027 0.00343576 1.7954e-05 0.0354212 502.279 252327 0.848691
-1.31 0.115765 1.34912 0.00358542 1.94007e-05 0.0377022 502.313 252361 0.843478
-1.305 0.115957 1.29787 0.00378872 2.12194e-05 0.0395428 502.357 252406 0.851437
-1.3 0.115905 1.32877 0.00400174 2.32536e-05 0.041701 502.528 252577 0.840914
-1.295 0.116083 1.32665 0.0042158 2.53523e-05 0.0436573 502.575 252624 0.837716
-1.29 0.116027 1.33808 0.00440556 2.74501e-05 0.0463175 502.767 252817 0.851272
-1.285 0.116289 1.36295 0.00465313 3.00377e-05 0.0483043 502.678 252727 0.844206
-1.28 0.116394 1.35189 0.00493568 3.33e-05 0.0514893 502.807 252858 0.845627
-1.275 0.116419 1.34618 0.00515929 3.59786e-05 0.0539158 502.986 253037 0.831319
-1.27 0.116679 1.36164 0.00548828 4.01498e-05 0.0577647 502.967 253019 0.854988
-1.265 0.116659 1.35378 0.00574861 4.36725e-05 0.0612058 503.163 253215 0.84336
-1.26 0.116837 1.36724 0.00601432 4.72613e-05 0.0638736 503.25 253304 0.853507
-1.255 0.116946 1.4232 0.00637995 5.24479e-05 0.0676463 503.388 253443 0.856619
-1.25 0.117132 1.37524 0.00674948 5.8016e-05 0.0717724 503.457 253512 0.847371
-1.245 0.117315 1.40885 0.00715955 6.47211e-05 0.0775408 503.661 253718 0.877757
-1.24 0.117406 1.36571 0.00744957 6.93623e-05 0.0798698 503.733 253791 0.873878
-1.235 0.117557 1.3966 0.00799453 7.87304e-05 0.0853508 504.139 254199 0.859318
-1.23 0.117676 1.38105 0.0083921 8.61221e-05 0.0904018 504.362 254425 0.865955
-1.225 0.117861 1.4138 0.00888038 9.57547e-05 0.0973065 504.421 254485 0.873276
-1.22 0.118077 1.42569 0.00931979 0.000104618 0.102292 504.518 254583 0.887692
-1.215 0.118174 1.42304 0.00984687 0.000115814 0.108592 504.838 254907 0.888163
-1.21 0.118344 1.44053 0.0104624 0.000129757 0.116899 505.102 255172 0.879706
-1.205 0.118616 1.42937 0.011032 0.000143062 0.123011 505.33 255404 0.903247
-1.2 0.118768 1.4214 0.0117222 0.000160439 0.132644 505.641 255718 0.892589
-1.195 0.119113 1.47742 0.0123692 0.000177182 0.139308 505.769 255849 0.912776
-1.19 0.119282 1.46896 0.0130384 0.000195808 0.148661 506.133 256216 0.904157
-1.185 0.119431 1.47073 0.0137516 0.000215908 0.15437 506.467 256555 0.907234
-1.18 0.119648 1.47529 0.0145826 0.000241635 0.166948 506.844 256937 0.909069
-1.175 0.120053 1.49076 0.0154696 0.000270718 0.180916 507.093 257190 0.933522
-1.17 0.120264 1.48302 0.0164335 0.000303031 0.18991 507.571 257676 0.936425
-1.165 0.120455 1.5066 0.0172523 0.00033311 0.204303 507.927 258038 0.950572
-1.16 0.120749 1.51961 0.018451 0.000378463 0.21901 508.515 258637 0.964822
-1.155 0.121114 1.54384 0.0194866 0.000420901 0.237153 508.809 258936 0.96429
-1.15 0.121621 1.53181 0.0208686 0.000479153 0.251456 509.235 259370 0.968273
-1.145 0.121782 1.52855 0.0219845 0.000530734 0.273127 509.824 259971 0.984407
-1.14 0.122084 1.52936 0.0234655 0.000601415 0.292539 510.615 260779 1.00894
-1.135 0.122507 1.55548 0.0253023 0.000695656 0.319377 511.419 261602 1.02005
-1.13 0.122756 1.56712 0.0264286 0.000756963 0.336929 511.869 262064 1.05561
-1.125 0.123407 1.5784 0.0284959 0.000876936 0.373931 512.607 262820 1.05459
-1.12 0.123769 1.57853 0.0301914 0.000980889 0.399562 513.435 263670 1.07369
-1.115 0.124297 1.59121 0.0323056 0.00111802 0.428316 514.17 264428 1.10116
-1.11 0.12477 1.59391 0.0347708 0.0012896 0.464181 515.342 265635 1.10969
-1.105 0.125313 1.605 0.0371097 0.00146679 0.516448 516.26 266585 1.16051
-1.1 0.125707 1.67637 0.0398018 0.00168381 0.573841 517.591 267963 1.20636
-1.095 0.126491 1.65465 0.0431463 0.0019702 0.625507 519.018 269444 1.23723
-1.09 0.127013 1.66134 0.0463541 0.00226845 0.689743 520.631 271123 1.2801
-1.085 0.127844 1.67309 0.0502531 0.00266218 0.787963 522.161 272723 1.35588
-1.08 0.12859 1.73831 0.0540975 0.00307967 0.882026 523.777 274418 1.44844
-1.075 0.129383 1.74836 0.0589726 0.00365445 1.01772 526.095 276856 1.53465
-1.07 0.130175 1.72342 0.0642351 0.00433158 1.18333 528.537 279439 1.65396
-1.065 0.13106 1.72643 0.0701475 0.00514715 1.30451 531.276 282349 1.79069
-1.06 0.132169 1.80603 0.0778354 0.00634666 1.66068 534.852 286178 2.08377
-1.055 0.133688 1.86019 0.0879096 0.00808576 2.0601 539.627 291325 2.37353
-1.05 0.13482 1.91788 0.0974277 0.00993887 2.5731 544.171 296275 2.80501
-1.045 0.136682 1.91417 0.112347 0.0131778 3.20245 551.448 304280 3.37133
-1.04 0.0957044 2.30187 0.915955 0.839246 1.57657 1215.48 1.47802e+06 5.12543
-1.035 0.0891572 2.15827 0.923344 0.852799 1.35524 1225.17 1.50161e+06 4.64561
-1.03 0.0830264 2.07518 0.929384 0.863955 1.15025 1232.63 1.51988e+06 4.18321
-1.025 0.0768482 2.10894 0.934772 0.873978 1.03033 1239.49 1.53682e+06 3.93613
-1.02 0.0702404 2.04799 0.940621 0.884929 0.932201 1247.62 1.55702e+06 3.68384
-1.015 0.0644237 2.07379 0.94466 0.892533 0.867442 1252.64 1.56957e+06 3.65054
-1.01 0.0583408 1.93343 0.948849 0.900442 0.739094 1258.44 1.58408e+06 3.31144
-1.005 0.0526727 1.9772 0.951824 0.906091 0.705349 1262.21 1.59358e+06 3.19441
-1 0.046564 1.87185 0.955387 0.912872 0.615815 1267.18 1.60613e+06 3.00658
-0.995 0.0409173 1.87935 0.958512 0.918843 0.563924 1271.26 1.61648e+06 2.922
-0.99 0.035012 1.84275 0.961444 0.924464 0.519048 1275.4 1.62701e+06 2.83621
-0.985 0.0296617 1.88235 0.963142 0.927727 0.488399 1277.68 1.63283e+06 2.74469
-0.98 0.0240618 1.84863 0.965649 0.932559 0.460176 1280.72 1.6406e+06 2.71236
-0.975 0.0181768 1.73287 0.968051 0.937192 0.400193 1284.49 1.65025e+06 2.51229
-0.97 0.0127841 1.75656 0.969779 0.940539 0.384815 1286.51 1.65542e+06 2.47725
-0.965 0.00709933 1.74518 0.971691 0.944245 0.353139 1289.52 1.66317e+06 2.44978
-0.96 0.00172768 1.74372 0.973247 0.947266 0.32836 1291.28 1.6677e+06 2.35475
-0.955 -0.00364779 1.73268 0.974824 0.950334 0.305644 1293.4 1.67318e+06 2.31954
-0.95 -0.00921474 1.68656 0.976336 0.95328 0.277855 1295.62 1.67892e+06 2.28378
-0.945 -0.0146592 1.66024 0.977705 0.955951 0.25515 1297.62 1.68411e+06 2.21123
-0.94 -0.0200984 1.65006 0.979051 0.958584 0.245517 1299.31 1.6885e+06 2.1494
-0.935 -0.0254562 1.67895 0.98016 0.960755 0.236694 1300.95 1.69275e+06 2.18299
-0.93 -0.0306647 1.65863 0.981221 0.962832 0.217079 1302.14 1.69585e+06 2.15092
-0.925 -0.0361005 1.65088 0.982204 0.964761 0.203782 1303.74 1.70001e+06 2.09856
-0.92 -0.0417079 1.616 0.983405 0.967118 0.191768 1305.56 1.70477e+06 2.07222
-0.915 -0.0468286 1.59991 0.98415 0.968582 0.179504 1306.41 1.70697e+06 2.04429
-0.91 -0.0521974 1.55669 0.985077 0.970405 0.162719 1307.79 1.71057e+06 1.94515
-0.905 -0.0575165 1.57245 0.985965 0.972154 0.156856 1309.12 1.71405e+06 2.00535
-0.9 -0.062833 1.51186 0.986658 0.973519 0.145642 1310.17 1.7168e+06 1.90705
-0.895 -0.0680468 1.53788 0.987476 0.975132 0.134737 1311.22 1.71954e+06 1.89467
-0.89 -0.0733445 1.57331 0.988011 0.976187 0.130979 1311.93 1.72139e+06 1.86526
-0.885 -0.078268 1.49166 0.988528 0.977209 0.122562 1312.14 1.72195e+06 1.83268
-0.88 -0.0839303 1.51085 0.98929 0.978715 0.117047 1314.04 1.72693e+06 1.86241
-0.875 -0.089058 1.45594 0.989855 0.979832 0.107629 1314.66 1.72857e+06 1.79708
-0.87 -0.0941563 1.50578 0.99035 0.980812 0.104073 1315.15 1.72986e+06 1.8497
-0.865 -0.0994613 1.50622 0.990867 0.981835 0.0973779 1316.08 1.73229e+06 1.7912
-0.86 -0.104669 1.49913 0.991371 0.982833 0.0931331 1316.82 1.73426e+06 1.83529
-0.855 -0.10984 1.51752 0.991882 0.983844 0.0873311 1317.45 1.73592e+06 1.80678
-0.85 -0.114863 1.48276 0.992151 0.984378 0.0842683 1317.59 1.73628e+06 1.75836
-0.845 -0.120119 1.47075 0.992638 0.985344 0.0770318 1318.35 1.73828e+06 1.74868
-0.84 -0.125468 1.41567 0.992986 0.986033 0.0727227 1319.12 1.7403e+06 1.74603
-0.835 -0.130294 1.44372 0.993341 0.986739 0.0689515 1319.04 1.74011e+06 1.7546
-0.83 -0.135738 1.4353 0.993766 0.987583 0.0650575 1320.17 1.74308e+06 1.75157
-0.825 -0.14071 1.38309 0.993985 0.988016 0.0633623 1320.35 1.74354e+06 1.71135
-0.82 -0.145993 1.46033 0.994345 0.988732 0.0590654 1320.82 1.74479e+06 1.73674
-0.815 -0.150988 1.44999 0.994683 0.989403 0.0553872 1321.14 1.74563e+06 1.72489
-0.81 -0.156314 1.43013 0.994943 0.98992 0.0515402 1322.02 1.74795e+06 1.68983
-0.805 -0.161353 1.39159 0.995171 0.990373 0.0485516 1322.17 1.74835e+06 1.68419
-0.8 -0.16673 1.38038 0.99547 0.99097 0.0477397 1322.94 1.75039e+06 1.64932
-0.795 -0.171512 1.40551 0.995626 0.99128 0.0457766 1322.67 1.74966e+06 1.64926
-0.79 -0.176458 1.3983 0.995874 0.991773 0.0422519 1322.72 1.74981e+06 1.68021
-0.785 -0.181687 1.37362 0.996067 0.992156 0.0403968 1323.26 1.75122e+06 1.64967
-0.78 -0.186768 1.34302 0.996237 0.992496 0.038929 1323.55 1.75201e+06 1.65318
-0.775 -0.191929 1.34147 0.996413 0.992846 0.0359923 1323.6 1.75214e+06 1.64151
-0.77 -0.196834 1.35488 0.996571 0.993161 0.0355281 1323.96 1.7531e+06 1.65482
-0.765 -0.201935 1.3804 0.996757 0.993531 0.0333142 1324.21 1.75375e+06 1.61521
-0.76 -0.207032 1.38465 0.996914 0.993844 0.0322141 1324.3 1.75399e+06 1.65854
-0.755 -0.212205 1.33063 0.997066 0.994146 0.0301739 1324.78 1.75526e+06 1.59909
-0.75 -0.217291 1.33685 0.99726 0.994533 0.0276774 1324.86 1.75546e+06 1.63627
-0.745 -0.222539 1.34845 0.997367 0.994746 0.0270022 1325.43 1.75698e+06 1.621
-0.74 -0.227651 1.35894 0.997548 0.995107 0.0246316 1325.72 1.75776e+06 1.6395
-0.735 -0.232476 1.315 0.99764 0.99529 0.0239705 1325.34 1.75674e+06 1.61064
-0.73 -0.237656 1.3647 0.99776 0.99553 0.0225611 1325.81 1.758e+06 1.63788
-0.725 -0.24245 1.37832 0.997846 0.9957 0.0212659 1325.56 1.75733e+06 1.65369
-0.72 -0.247891 1.3367 0.997963 0.995933 0.0207072 1326.48 1.75976e+06 1.60639
-0.715 -0.25282 1.32277 0.998092 0.996192 0.0194635 1326.31 1.75931e+06 1.61953
-0.71 -0.257739 1.33703 0.998173 0.996353 0.0187341 1325.99 1.75846e+06 1.61716
-0.705 -0.262869 1.33477 0.998225 0.996456 0.0180919 1326.32 1.75933e+06 1.59466
-0.7 -0.268063 1.315 0.998337 0.99668 0.0168572 1326.58 1.76003e+06 1.57551
-0.695 -0.272907 1.31235 0.998415 0.996835 0.0160192 1326.73 1.76044e+06 1.64191
-0.69 -0.278011 1.31961 0.998512 0.997029 0.015109 1326.83 1.7607e+06 1.60238
-0.685 -0.282981 1.29098 0.998571 0.997146 0.0145557 1326.75 1.76046e+06 1.58394
-0.68 -0.288412 1.28879 0.998677 0.997359 0.0132632 1327.77 1.76319e+06 1.57667
-0.675 -0.293057 1.31599 0.998729 0.997461 0.0128192 1326.7 1.76035e+06 1.61264
-0.67 -0.298092 1.29035 0.998778 0.99756 0.0122921 1326.95 1.761e+06 1.59611
-0.665 -0.303175 1.28258 0.99884 0.997683 0.0116089 1327.37 1.76213e+06 1.5898
-0.66 -0.308399 1.27411 0.998901 0.997806 0.0109284 1327.51 1.7625e+06 1.56733
-0.655 -0.313254 1.26858 0.998958 0.997919 0.0103384 1327.58 1.76267e+06 1.56342
-0.65 -0.318378 1.27745 0.999019 0.99804 0.00963291 1327.48 1.76241e+06 1.58306
-0.645 -0.323302 1.29618 0.999051 0.998105 0.00956307 1327.41 1.76222e+06 1.54345
-0.64 -0.328308 1.26772 0.999086 0.998175 0.00931077 1327.47 1.76239e+06 1.5602
-0.635 -0.333433 1.27402 0.999138 0.998277 0.00870468 1327.92 1.76358e+06 1.56008
-0.63 -0.338483 1.2818 0.999165 0.998333 0.00826961 1327.97 1.76371e+06 1.57379
-0.625 -0.34343 1.27427 0.999202 0.998405 0.00798062 1327.66 1.76288e+06 1.57372
-0.62 -0.348532 1.29761 0.999258 0.998519 0.0074757 1327.99 1.76376e+06 1.58217
-0.615 -0.353436 1.30995 0.999273 0.998548 0.00719732 1327.73 1.76309e+06 1.58489
-0.61 -0.358563 1.28745 0.999333 0.998667 0.00670917 1328 1.76379e+06 1.59265
-0.605 -0.36346 1.29935 0.999373 0.998748 0.0063186 1327.98 1.76373e+06 1.58085
-0.6 -0.368656 1.29229 0.999394 0.99879 0.00605796 1328.23 1.76441e+06 1.60135
-0.595 -0.373554 1.24356 0.99943 0.998861 0.00571477 1327.99 1.76376e+06 1.55565
-0.59 -0.378575 1.27943 0.999446 0.998893 0.00560641 1328.1 1.76406e+06 1.58148
-0.585 -0.38344 1.27924 0.999458 0.998918 0.00542176 1327.88 1.76347e+06 1.58375
-0.58 -0.38856 1.27331 0.999507 0.999015 0.00499692 1328.06 1.76396e+06 1.58541
-0.575 -0.393595 1.25337 0.999546 0.999094 0.00451213 1328.18 1.76426e+06 1.5491
-0.57 -0.398681 1.23954 0.999554 0.999108 0.00445528 1328.32 1.76463e+06 1.54582
-0.565 -0.40381 1.2261 0.999572 0.999144 0.00424329 1328.58 1.76534e+06 1.54591
-0.56 -0.40873 1.24624 0.999593 0.999186 0.00416903 1328.33 1.76466e+06 1.56032
-0.555 -0.413772 1.2886 0.999624 0.999248 0.00377204 1328.36 1.76475e+06 1.57426
-0.55 -0.418705 1.27092 0.999615 0.99923 0.00376494 1328.41 1.76489e+06 1.58939
-0.545 -0.423758 1.28937 0.999649 0.999298 0.00346779 1328.41 1.76489e+06 1.56715
-0.54 -0.428831 1.26841 0.99966 0.999321 0.00336114 1328.64 1.7655e+06 1.5787
-0.535 -0.433836 1.28978 0.999693 0.999387 0.00310836 1328.47 1.76505e+06 1.62974
-0.53 -0.438839 1.27409 0.999687 0.999375 0.00316653 1328.53 1.7652e+06 1.57183
-0.525 -0.443788 1.28223 0.999721 0.999443 0.00278656 1328.68 1.76559e+06 1.5419
-0.52 -0.448873 1.26719 0.999721 0.999443 0.00282423 1328.54 1.76523e+06 1.55083
-0.515 -0.453755 1.25203 0.999741 0.999482 0.00257543 1328.45 1.765e+06 1.57973
-0.51 -0.458789 1.2646 0.999751 0.999503 0.00244148 1328.67 1.76556e+06 1.5774
-0.505 -0.463705 1.29847 0.999756 0.999513 0.00246035 1328.18 1.76426e+06 1.56741
-0.5 -0.468817 1.22252 0.999777 0.999554 0.00226998 1328.69 1.76563e+06 1.54219
-0.495 -0.473952 1.2316 0.999789 0.999578 0.00209506 1328.59 1.76537e+06 1.55179
-0.49 -0.478925 1.23616 0.999797 0.999594 0.00201168 1328.87 1.7661e+06 1.55273
-0.485 -0.48384 1.2483 0.999812 0.999625 0.00187525 1328.51 1.76515e+06 1.56101
-0.48 -0.488837 1.25608 0.999814 0.999628 0.00188934 1328.58 1.76533e+06 1.60347
-0.475 -0.49393 1.23441 0.99983 0.999661 0.00167666 1328.66 1.76554e+06 1.54544
-0.47 -0.498825 1.28675 0.999831 0.999662 0.0017124 1328.66 1.76555e+06 1.5649
-0.465 -0.503917 1.22784 0.999842 0.999685 0.00158256 1328.69 1.76563e+06 1.56417
-0.46 -0.508889 1.23179 0.999853 0.999705 0.00148322 1328.58 1.76532e+06 1.56247
-0.455 -0.513855 1.2771 0.999853 0.999707 0.00150349 1328.68 1.7656e+06 1.57348
-0.45 -0.518809 1.2334 0.999865 0.99973 0.00135425 1328.59 1.76535e+06 1.57152
-0.445 -0.523927 1.26792 0.99987 0.99974 0.00128702 1328.77 1.76583e+06 1.54894
-0.44 -0.529024 1.25292 0.99988 0.99976 0.00117704 1328.77 1.76583e+06 1.5711
-0.435 -0.533963 1.26003 0.999881 0.999762 0.0011874 1328.79 1.7659e+06 1.57502
-0.43 -0.538934 1.27052 0.999893 0.999786 0.00108419 1328.76 1.7658e+06 1.55215
-0.425 -0.543956 1.25258 0.99989 0.999779 0.00110165 1328.88 1.76613e+06 1.57564
-0.42 -0.548967 1.2555 0.999896 0.999793 0.00104382 1328.64 1.76548e+06 1.55034
-0.415 -0.554086 1.26013 0.999906 0.999811 0.000956529 1328.95 1.76632e+06 1.59011
-0.41 -0.558991 1.25405 0.999905 0.99981 0.000942846 1328.91 1.7662e+06 1.56374
-0.405 -0.563902 1.23381 0.999915 0.999831 0.000847714 1328.72 1.76571e+06 1.56086
-0.4 -0.568949 1.27658 0.999918 0.999836 0.000817061 1328.77 1.76584e+06 1.56939
-0.395 -0.574012 1.19504 0.99992 0.99984 0.000791229 1328.77 1.76583e+06 1.53915
-0.39 -0.578929 1.24881 0.999918 0.999836 0.000826692 1328.75 1.76578e+06 1.58231
-0.385 -0.583986 1.2522 0.999929 0.999858 0.000721755 1328.92 1.76623e+06 1.55819
-0.38 -0.589097 1.26113 0.999937 0.999875 0.000621472 1329.1 1.76671e+06 1.56468
-0.375 -0.59416 1.20719 0.999936 0.999872 0.000636211 1329.16 1.76687e+06 1.55385
-0.37 -0.59901 1.2416 0.99994 0.99988 0.000597391 1328.82 1.76597e+06 1.56269
-0.365 -0.603939 1.24657 0.999943 0.999886 0.000573108 1328.59 1.76537e+06 1.55983
-0.36 -0.609159 1.25073 0.999947 0.999895 0.000517047 1329.23 1.76706e+06 1.55952
-0.355 -0.613905 1.25186 0.999949 0.999898 0.000504193 1328.66 1.76556e+06 1.55134
-0.35 -0.618978 1.25548 0.999952 0.999904 0.000482387 1328.82 1.76598e+06 1.56235
-0.345 -0.623979 1.26324 0.999955 0.999909 0.000451624 1328.78 1.76585e+06 1.53399
-0.34 -0.628938 1.25125 0.999954 0.999909 0.000462772 1328.72 1.76569e+06 1.55773
-0.335 -0.634089 1.23417 0.999959 0.999919 0.000409724 1328.98 1.7664e+06 1.55069
-0.33 -0.639201 1.26609 0.999962 0.999925 0.000377317 1329.21 1.76701e+06 1.5751
-0.325 -0.644001 1.22163 0.999961 0.999923 0.000383728 1329.13 1.76678e+06 1.55193
-0.32 -0.648958 1.23716 0.999965 0.99993 0.000360901 1328.82 1.76598e+06 1.57907
-0.315 -0.654001 1.24469 0.999964 0.999928 0.000359712 1328.96 1.76633e+06 1.53452
-0.31 -0.658939 1.22719 0.999966 0.999931 0.000337846 1328.58 1.76533e+06 1.54164
-0.305 -0.664123 1.25344 0.999969 0.999937 0.000313757 1329.17 1.76691e+06 1.56991
-0.3 -0.669028 1.26348 0.99997 0.999941 0.000292696 1328.9 1.76618e+06 1.57214
-0.295 -0.674056 1.28384 0.99997 0.99994 0.00030036 1328.86 1.76607e+06 1.57086
-0.29 -0.67887 1.27376 0.99997 0.999941 0.00029096 1328.65 1.76553e+06 1.56769
-0.285 -0.684059 1.2779 0.999975 0.999949 0.000254086 1328.93 1.76626e+06 1.59004
-0.28 -0.688946 1.23525 0.999977 0.999953 0.000236419 1328.78 1.76587e+06 1.56024
-0.275 -0.694097 1.27504 0.999976 0.999951 0.000244861 1328.98 1.7664e+06 1.57021
-0.27 -0.699089 1.23204 0.999979 0.999958 0.000211889 1328.93 1.76625e+06 1.56004
-0.265 -0.704124 1.22531 0.999979 0.999958 0.000205833 1329.06 1.76662e+06 1.53847
-0.26 -0.709002 1.23479 0.999981 0.999961 0.000190569 1328.95 1.76633e+06 1.55419
-0.255 -0.713921 1.23836 0.999979 0.999958 0.000212778 1328.54 1.76522e+06 1.52945
-0.25 -0.719093 1.25331 0.99998 0.999961 0.0001957 1328.96 1.76635e+06 1.55035
-0.245 -0.724142 1.25391 0.99998 0.99996 0.000197397 1329.19 1.76696e+06 1.57621
-0.24 -0.72912 1.21658 0.999983 0.999966 0.000168505 1329.02 1.7665e+06 1.57165
-0.235 -0.733921 1.24725 0.999983 0.999967 0.000165067 1328.7 1.76565e+06 1.55898
-0.23 -0.739026 1.23602 0.999984 0.999969 0.000160904 1328.93 1.76625e+06 1.56661
-0.225 -0.74407 1.25319 0.999984 0.999968 0.000156548 1329.06 1.76662e+06 1.56201
-0.22 -0.749088 1.24601 0.999987 0.999973 0.000136123 1329.11 1.76674e+06 1.58848
-0.215 -0.753806 1.24246 0.999987 0.999974 0.000129258 1328.45 1.76499e+06 1.56508
-0.21 -0.759001 1.25745 0.999988 0.999977 0.000116396 1328.81 1.76595e+06 1.58856
-0.205 -0.764133 1.25905 0.999987 0.999975 0.000126692 1329.07 1.76664e+06 1.56202
-0.2 -0.769056 1.1843 0.999987 0.999975 0.000126666 1329.1 1.76671e+06 1.56543
-0.195 -0.77393 1.27763 0.999989 0.999978 0.000111257 1328.7 1.76566e+06 1.57701
-0.19 -0.779001 1.23921 0.999989 0.999979 0.00010785 1328.85 1.76605e+06 1.57565
-0.185 -0.784026 1.22624 0.999991 0.999983 8.63715e-05 1329.1 1.76671e+06 1.54703
-0.18 -0.789004 1.26359 0.99999 0.999979 0.000102684 1328.98 1.7664e+06 1.56791
-0.175 -0.794028 1.22507 0.99999 0.99998 9.75361e-05 1328.77 1.76585e+06 1.57307
-0.17 -0.799039 1.24649 0.999991 0.999982 8.89493e-05 1328.91 1.76622e+06 1.56976
-0.165 -0.804152 1.22334 0.999992 0.999983 8.29333e-05 1328.99 1.76643e+06 1.55698
-0.16 -0.808966 1.2633 0.999991 0.999983 8.46526e-05 1328.78 1.76587e+06 1.55812
-0.155 -0.814052 1.26828 0.999992 0.999984 8.29818e-05 1328.78 1.76585e+06 1.5709
-0.15 -0.819139 1.24902 0.999993 0.999986 6.91667e-05 1329.13 1.7668e+06 1.56087
-0.145 -0.824194 1.21475 0.999993 0.999985 7.43318e-05 1329.18 1.76692e+06 1.54435
-0.14 -0.829023 1.22736 0.999995 0.99999 4.93382e-05 1328.83 1.76599e+06 1.56208
-0.135 -0.834218 1.23641 0.999993 0.999986 6.74443e-05 1329.46 1.76768e+06 1.53985
-0.13 -0.839036 1.24609 0.999994 0.999988 6.14132e-05 1328.88 1.76614e+06 1.57275
-0.125 -0.844207 1.24122 0.999995 0.99999 4.93382e-05 1329.09 1.76669e+06 1.56258
-0.12 -0.849031 1.21538 0.999995 0.999991 4.50215e-05 1328.93 1.76625e+06 1.56446
-0.115 -0.854104 1.23591 0.999996 0.999992 3.89746e-05 1328.8 1.76593e+06 1.57056
-0.11 -0.859097 1.23245 0.999996 0.999991 4.58941e-05 1329 1.76646e+06 1.58134
-0.105 -0.864174 1.26222 0.999995 0.99999 5.02012e-05 1329.04 1.76655e+06 1.54377
-0.1 -0.86901 1.24415 0.999996 0.999991 4.50304e-05 1329.01 1.76648e+06 1.55924
-0.095 -0.874023 1.21276 0.999995 0.999991 4.76211e-05 1329.02 1.76651e+06 1.56385
-0.09 -0.879067 1.20449 0.999997 0.999993 3.46528e-05 1328.87 1.7661e+06 1.55668
-0.085 -0.884071 1.22661 0.999997 0.999994 2.77333e-05 1329.08 1.76665e+06 1.54753
-0.08 -0.889114 1.25716 0.999997 0.999994 2.85986e-05 1329.12 1.76677e+06 1.58545
-0.075 -0.894071 1.23 0.999997 0.999993 3.37882e-05 1329.05 1.76658e+06 1.55497
-0.07 -0.899162 1.24318 0.999997 0.999994 3.11938e-05 1329.05 1.76657e+06 1.54194
-0.065 -0.904094 1.19713 0.999997 0.999994 2.85986e-05 1329.1 1.76673e+06 1.56846
-0.06 -0.908908 1.25087 0.999998 0.999996 1.821e-05 1328.78 1.76587e+06 1.59445
-0.055 -0.914009 1.23839 0.999998 0.999995 2.34059e-05 1328.72 1.76571e+06 1.56619
-0.05 -0.919103 1.23984 0.999997 0.999994 2.77333e-05 1328.92 1.76623e+06 1.57359
-0.045 -0.923999 1.23298 0.999998 0.999995 2.25401e-05 1328.63 1.76548e+06 1.57
-0.04 -0.929053 1.22824 0.999998 0.999996 1.821e-05 1328.98 1.7664e+06 1.56541
-0.035 -0.934109 1.23679 0.999998 0.999995 2.42715e-05 1329.06 1.76661e+06 1.54906
-0.03 -0.938964 1.22125 0.999998 0.999997 1.73437e-05 1328.79 1.7659e+06 1.55236
-0.025 -0.944087 1.25686 0.999998 0.999996 1.90762e-05 1329.06 1.76661e+06 1.58293
-0.02 -0.948964 1.25643 0.999999 0.999998 8.67622e-06 1328.75 1.76579e+06 1.58519
-0.015 -0.953997 1.24591 0.999998 0.999997 1.73437e-05 1328.81 1.76594e+06 1.56266
-0.01 -0.958868 1.26816 0.999998 0.999997 1.64774e-05 1328.56 1.76529e+06 1.57447
-0.005 -0.963949 1.25686 0.999998 0.999996 2.16743e-05 1328.71 1.76568e+06 1.56845
-9.83762e-15 -0.969175 1.25353 0.999998 0.999997 1.73437e-05 1329.02 1.7665e+06 1.56786
0.005 -0.974163 1.27636 0.999999 0.999998 8.67622e-06 1329.14 1.76682e+06 1.56265
0.01 -0.978976 1.24567 0.999999 0.999998 8.67622e-06 1328.94 1.7663e+06 1.52951
0.015 -0.984105 1.24261 0.999999 0.999998 1.04104e-05 1329.07 1.76664e+06 1.55752
0.02 -0.989133 1.23198 0.999999 0.999998 1.21443e-05 1329.14 1.76683e+06 1.5543
0.025 -0.994055 1.23217 0.999999 0.999998 8.67622e-06 1328.98 1.7664e+06 1.55128
0.03 -0.99905 1.24196 0.999998 0.999997 1.64774e-05 1328.88 1.76614e+06 1.56504
0.035 -1.00414 1.23721 0.999999 0.999999 5.20677e-06 1329.13 1.76679e+06 1.55706
0.04 -1.00903 1.23915 0.999999 0.999999 6.94167e-06 1328.78 1.76585e+06 1.56257
0.045 -1.01408 1.20231 0.999999 0.999999 5.20677e-06 1328.86 1.76607e+06 1.56918
0.05 -1.01898 1.19339 0.999999 0.999998 7.80898e-06 1329.03 1.76652e+06 1.53884
0.055 -1.02426 1.24405 0.999999 0.999998 8.67622e-06 1329.44 1.76762e+06 1.58663
0.06 -1.02908 1.21942 0.999999 0.999999 5.20677e-06 1328.99 1.76642e+06 1.53916
0.065 -1.03422 1.25816 0.999999 0.999999 6.94167e-06 1329.38 1.76746e+06 1.56707
0.07 -1.03896 1.24445 0.999999 0.999999 6.94167e-06 1328.75 1.76579e+06 1.56041
0.075 -1.04397 1.24831 1 0.999999 4.33919e-06 1328.98 1.76641e+06 1.58834
0.08 -1.04903 1.22554 1 0.999999 4.33919e-06 1328.8 1.76591e+06 1.54857
0.085 -1.05396 1.23549 0.999999 0.999999 5.20677e-06 1328.67 1.76558e+06 1.57403
0.09 -1.05908 1.21613 0.999999 0.999998 1.04104e-05 1328.77 1.76584e+06 1.56795
0.095 -1.06403 1.22671 0.999999 0.999999 5.20677e-06 1328.89 1.76614e+06 1.51355
0.1 -1.06904 1.23209 0.999999 0.999999 5.20677e-06 1328.98 1.76639e+06 1.53147
0.105 -1.07407 1.25803 1 0.999999 3.47153e-06 1328.96 1.76634e+06 1.56142
0.11 -1.07912 1.23897 0.999999 0.999999 6.07426e-06 1329.01 1.76648e+06 1.5684
0.115 -1.08419 1.22607 0.999999 0.999999 6.07426e-06 1329.13 1.76678e+06 1.53724
0.12 -1.08927 1.24125 1 0.999999 3.47153e-06 1329.23 1.76704e+06 1.53625
0.125 -1.09398 1.24705 1 1 1.73594e-06 1328.78 1.76586e+06 1.54127
0.13 -1.09891 1.25759 1 0.999999 3.47153e-06 1328.68 1.76559e+06 1.57152
0.135 -1.10412 1.23973 0.999999 0.999999 6.07426e-06 1329.06 1.7666e+06 1.5523
0.14 -1.10889 1.24062 1 0.999999 4.33919e-06 1328.55 1.76525e+06 1.54412
0.145 -1.11398 1.27034 1 0.999999 3.47153e-06 1328.82 1.76597e+06 1.559
0.15 -1.11888 1.24541 1 0.999999 2.60378e-06 1328.82 1.76596e+06 1.55902
0.155 -1.12402 1.21761 1 1 1.73594e-06 1328.78 1.76587e+06 1.55627
0.16 -1.12898 1.24229 1 0.999999 4.33919e-06 1328.73 1.76572e+06 1.55022
0.165 -1.13409 1.22164 0.999999 0.999999 5.20677e-06 1329.03 1.76652e+06 1.57922
0.17 -1.13901 1.22195 1 0.999999 2.60378e-06 1328.88 1.76614e+06 1.5675
0.175 -1.14398 1.25351 1 1 1.73594e-06 1328.73 1.76573e+06 1.56518
0.18 -1.14903 1.24099 1 0.999999 2.60378e-06 1328.86 1.76607e+06 1.56697
0.185 -1.15403 1.2351 1 0.999999 3.47153e-06 1328.97 1.76637e+06 1.5437
0.19 -1.15904 1.24329 1 1 1.73594e-06 1328.89 1.76617e+06 1.54598
0.195 -1.16416 1.24854 1 0.999999 2.60378e-06 1329.23 1.76705e+06 1.56654
0.2 -1.16907 1.26202 1 1 1.73594e-06 1328.86 1.76608e+06 1.58014
0.205 -1.17407 1.25471 1 1 1.73594e-06 1328.96 1.76634e+06 1.57868
0.21 -1.17904 1.23856 1 1 1.73594e-06 1328.88 1.76613e+06 1.54778
0.215 -1.18396 1.23443 1 1 8.68012e-07 1328.82 1.76596e+06 1.57773
0.22 -1.18902 1.23216 1 1 1.73594e-06 1328.75 1.76578e+06 1.55097
0.225 -1.19407 1.23479 1 1 1.73594e-06 1328.85 1.76605e+06 1.56038
0.23 -1.19893 1.21698 1 1 0 1328.78 1.76585e+06 1.54885
0.235 -1.20401 1.23191 1 1 1.73594e-06 1328.89 1.76616e+06 1.53006
0.24 -1.20894 1.24953 1 0.999999 3.47153e-06 1328.74 1.76575e+06 1.55354
0.245 -1.21389 1.23371 1 1 8.68012e-07 1328.82 1.76598e+06 1.588
0.25 -1.21894 1.27305 1 1 0 1328.75 1.76578e+06 1.56624
0.255 -1.2238 1.24053 1 1 1.73594e-06 1328.54 1.76524e+06 1.556
0.26 -1.22906 1.2289 1 1 0 1328.84 1.76602e+06 1.57519
0.265 -1.23395 1.20891 1 0.999999 2.60378e-06 1328.9 1.76618e+06 1.52018
0.27 -1.23898 1.24579 1 1 8.68012e-07 1328.88 1.76612e+06 1.58055
0.275 -1.24406 1.24233 1 1 0 1328.59 1.76537e+06 1.55521
0.28 -1.24906 1.24048 1 1 8.68012e-07 1329.05 1.76659e+06 1.5481
0.285 -1.25399 1.28169 1 1 8.68012e-07 1328.88 1.76614e+06 1.58411
0.29 -1.25909 1.21522 1 1 8.68012e-07 1329.07 1.76663e+06 1.53534
0.295 -1.26415 1.23225 1 1 0 1329.12 1.76678e+06 1.59447
0.3 -1.26908 1.22359 1 1 0 1328.91 1.76621e+06 1.54756
0.305 -1.27409 1.25959 1 1 8.68012e-07 1328.88 1.76614e+06 1.53193
0.31 -1.27909 1.22227 1 1 0 1329.02 1.76649e+06 1.55368
0.315 -1.284 1.23419 1 1 8.68012e-07 1328.85 1.76605e+06 1.578
0.32 -1.28893 1.25469 1 1 0 1328.72 1.76572e+06 1.57269
0.325 -1.29403 1.21545 1 1 8.68012e-07 1328.95 1.76633e+06 1.55575
0.33 -1.29919 1.24198 1 1 8.68012e-07 1329.23 1.76705e+06 1.57116
0.335 -1.30415 1.23352 1 1 8.68012e-07 1329.29 1.76721e+06 1.54902
0.34 -1.30901 1.23537 1 1 0 1328.87 1.76612e+06 1.56696
0.345 -1.31395 1.24344 1 1 8.68012e-07 1328.63 1.76546e+06 1.57654
0.35 -1.31897 1.2463 1 1 8.68012e-07 1328.76 1.76582e+06 1.55076
0.355 -1.32405 1.22946 1 1 0 1329.01 1.76648e+06 1.56866
0.36 -1.32897 1.23307 1 1 0 1328.86 1.76608e+06 1.54958
0.365 -1.33418 1.22225 1 0.999999 2.60378e-06 1329.15 1.76685e+06 1.5411
0.37 -1.33903 1.22449 1 1 8.68012e-07 1328.83 1.766e+06 1.52077
0.375 -1.34416 1.24959 1 1 1.73594e-06 1329.05 1.76657e+06 1.59488
0.38 -1.34887 1.23168 1 1 0 1328.59 1.76536e+06 1.53966
0.385 -1.35395 1.21418 1 1 0 1328.63 1.76546e+06 1.54424
0.39 -1.35911 1.25485 1 1 8.68012e-07 1329.07 1.76664e+06 1.54978
0.395 -1.36409 1.2668 1 1 0 1329 1.76645e+06 1.56568
0.4 -1.36897 1.25967 1 1 0 1328.71 1.76568e+06 1.54056
0.405 -1.374 1.21887 1 1 8.68012e-07 1329.02 1.7665e+06 1.57107
0.41 -1.37908 1.23832 1 1 8.68012e-07 1328.91 1.76621e+06 1.57395
0.415 -1.38407 1.25295 1 1 0 1329.15 1.76686e+06 1.5587
0.42 -1.38901 1.26156 1 1 0 1328.92 1.76623e+06 1.55747
0.425 -1.39395 1.24058 1 1 0 1328.54 1.76523e+06 1.5525
0.43 -1.39899 1.23742 1 1 0 1328.84 1.76602e+06 1.55771
0.435 -1.40418 1.2498 1 1 8.68012e-07 1329.15 1.76685e+06 1.56846
0.44 -1.40906 1.26012 1 1 0 1328.81 1.76594e+06 1.55531
0.445 -1.414 1.23211 1 1 0 1329.09 1.76668e+06 1.57266
0.45 -1.41913 1.2172 1 1 0 1329.09 1.76669e+06 1.54543
0.455 -1.42398 1.20195 1 1 0 1328.78 1.76586e+06 1.51675
0.46 -1.4293 1.23433 1 1 0 1329.48 1.76771e+06 1.55456
0.465 -1.43411 1.25726 1 1 0 1328.83 1.76599e+06 1.56359
0.47 -1.43912 1.20384 1 1 8.68012e-07 1329.15 1.76685e+06 1.56365
0.475 -1.44406 1.25107 1 1 0 1328.98 1.76641e+06 1.56396
0.48 -1.44918 1.23556 1 1 0 1329.13 1.76678e+06 1.55457
0.485 -1.45428 1.22568 1 1 0 1329.32 1.76729e+06 1.56216
0.49 -1.45898 1.27635 1 1 8.68012e-07 1328.77 1.76583e+06 1.54986
0.495 -1.46406 1.24588 1 1 0 1328.86 1.76608e+06 1.56986
0.5 -1.46905 1.23275 1 1 0 1328.91 1.76622e+06 1.57316
