-1.5 0.116137 1.43122 0.00313229 1.53715e-05 0.0320271 499.058 249101 0.855731
-1.495 0.116356 1.39881 0.00335686 1.72594e-05 0.0345075 498.888 248932 0.859825
-1.49 0.116262 1.37892 0.00345764 1.80411e-05 0.0350543 498.93 248973 0.849063
-1.485 0.116467 1.41608 0.00363464 1.97948e-05 0.0379253 498.724 248769 0.853782
-1.48 0.116422 1.39613 0.00382969 2.14033e-05 0.0388039 498.785 248829 0.854017
-1.475 0.116855 1.40579 0.00404887 2.38192e-05 0.042773 498.422 248467 0.869191
-1.47 0.116899 1.43721 0.00426293 2.59628e-05 0.0448718 498.377 248423 0.872146
-1.465 0.117075 1.45449 0.00452604 2.85298e-05 0.0463377 498.177 248223 0.859339
-1.46 0.117285 1.43201 0.00471398 3.08158e-05 0.0495029 498.006 248054 0.86731
-1.455 0.117355 1.46077 0.00498793 3.38166e-05 0.051478 497.911 247960 0.881626
-1.45 0.117415 1.45131 0.00524991 3.70535e-05 0.0546732 497.846 247895 0.889259
-1.445 0.117461 1.46657 0.00552005 4.0463e-05 0.057554 497.777 247826 0.883957
-1.44 0.117798 1.48043 0.00583976 4.45346e-05 0.0600872 497.559 247610 0.891118
-1.435 0.117913 1.51315 0.00615191 4.92175e-05 0.0655001 497.358 247410 0.889569
-1.43 0.118278 1.51227 0.00652023 5.43251e-05 0.0680355 497.053 247106 0.888245
-1.425 0.118309 1.53724 0.00683281 5.92231e-05 0.072206 496.915 246970 0.908353
-1.42 0.118517 1.53785 0.00718516 6.45949e-05 0.0746984 496.715 246771 0.897348
-1.415 0.118755 1.53553 0.00758429 7.13194e-05 0.0794761 496.397 246455 0.913653
-1.41 0.118911 1.54186 0.00800443 7.88374e-05 0.0850552 496.328 246387 0.920779
-1.405 0.119217 1.51932 0.00841111 8.6292e-05 0.0895402 495.984 246044 0.898146
-1.4 0.119554 1.55872 0.00893108 9.63813e-05 0.0957149 495.592 245658 0.93774
-1.395 0.119578 1.58798 0.00933837 0.000104136 0.0975214 495.604 245669 0.936986
-1.39 0.119842 1.59281 0.00983585 0.000115036 0.10536 495.332 245399 0.928359
-1.385 0.120251 1.59069 0.0104536 0.000128362 0.109931 494.872 244945 0.948927
-1.38 0.120486 1.62609 0.0110227 0.00014236 0.120158 494.619 244696 0.967633
-1.375 0.120869 1.66347 0.0116586 0.000158121 0.12786 494.108 244190 0.964847
-1.37 0.121154 1.67182 0.0123267 0.000175822 0.137511 493.805 243893 0.990904
-1.365 0.121491 1.67901 0.0130236 0.000194444 0.143021 493.467 243559 0.995253
-1.36 0.121826 1.69858 0.0136678 0.000212708 0.149181 493.018 243116 0.995896
-1.355 0.122126 1.71944 0.0144685 0.000237181 0.16038 492.657 242761 0.998228
-1.35 0.122632 1.75758 0.0153181 0.000264417 0.171483 492.038 242152 1.01842
-1.345 0.123109 1.76194 0.0162352 0.000295683 0.184914 491.44 241563 1.02317
-1.34 0.1233 1.7324 0.0170812 0.000325611 0.194944 491.195 241324 1.03642
-1.335 0.123884 1.80003 0.0181402 0.000365077 0.207423 490.542 240684 1.07175
-1.33 0.12431 1.81282 0.0192231 0.000407188 0.216924 490.035 240187 1.0637
-1.325 0.124889 1.82412 0.0204681 0.00046078 0.240972 489.226 239395 1.08766
-1.32 0.125301 1.86941 0.0215605 0.00050834 0.250469 488.602 238786 1.09995
-1.315 0.126025 1.87013 0.0228857 0.000570248 0.267807 487.792 237996 1.12688
-1.31 0.126662 1.91258 0.024306 0.000640597 0.286938 486.924 237151 1.16216
-1.305 0.127085 1.89608 0.0257252 0.000714124 0.301477 486.278 236523 1.17383
-1.3 0.127995 1.9898 0.0276742 0.000824834 0.339675 485.128 235408 1.21382
-1.295 0.128752 2.06223 0.0293172 0.00092275 0.364333 484.014 234330 1.2514
-1.29 0.129244 1.98535 0.0310023 0.00102814 0.38594 483.294 233635 1.26721
-1.285 0.129939 2.11206 0.0328757 0.00115435 0.423577 482.242 232620 1.3125
-1.28 0.130913 2.21999 0.03522 0.00132141 0.466326 480.798 231234 1.39696
-1.275 0.131798 2.23733 0.0376701 0.00150698 0.50651 479.54 230028 1.44637
-1.27 0.132774 2.22551 0.0402317 0.00171313 0.544569 478.081 228631 1.45519
-1.265 0.133747 2.21472 0.0430054 0.00194972 0.577498 476.567 227186 1.47425
-1.26 0.134874 2.3493 0.0463185 0.00225805 0.648832 474.79 225500 1.57621
-1.255 0.136055 2.35016 0.049457 0.00256686 0.696185 472.988 223795 1.62538
-1.25 0.137407 2.47931 0.0532233 0.00296801 0.779281 470.75 221687 1.74314
-1.245 0.138701 2.58971 0.057187 0.00342476 0.889381 468.637 219708 1.87395
-1.24 0.140501 2.58338 0.0625957 0.0040903 0.991225 465.467 216751 1.9648
-1.235 0.142179 2.73353 0.0679277 0.00481237 1.14165 462.663 214156 2.15086
-1.23 0.143872 2.83816 0.0734528 0.00561676 1.27553 459.635 211371 2.32137
-1.225 0.145987 2.91509 0.0801837 0.00668112 1.4498 455.866 207928 2.50309
-1.22 0.14804 3.03554 0.0875924 0.00796765 1.70045 451.881 204321 2.77182
-1.215 0.150831 3.21624 0.0974296 0.00985068 2.06298 446.477 199484 3.19727
-1.21 0.154287 3.64758 0.109654 0.0124914 2.69306 439.852 193644 3.95744
-1.205 0.157832 4.11708 0.124018 0.0160308 3.74612 432.232 187047 5.13639
-1.2 0.152537 0.0751144 0.999398 0.998797 0.00619229 56.8734 3240.86 1.10388
-1.195 0.147555 0.0748101 0.999411 0.998823 0.0060586 56.8297 3235.75 1.07903
-1.19 0.142544 0.0758055 0.999459 0.998918 0.00564442 56.8347 3236.3 1.07589
-1.185 0.13752 0.0754636 0.999486 0.998974 0.00525213 56.8302 3235.85 1.08634
-1.18 0.132534 0.0748226 0.999497 0.998996 0.00530328 56.8297 3235.83 1.09291
-1.175 0.127489 0.0731701 0.999531 0.999064 0.00476349 56.8414 3237.11 1.08469
-1.17 0.122501 0.0732652 0.999559 0.999119 0.00453052 56.7938 3231.73 1.08985
-1.165 0.117492 0.0730303 0.999565 0.99913 0.0045026 56.7985 3232.23 1.08474
-1.16 0.112473 0.0728617 0.99959 0.999181 0.00409903 56.7795 3230.02 1.07595
-1.155 0.107475 0.0721061 0.999614 0.999229 0.00396527 56.7749 3229.5 1.0759
-1.15 0.102484 0.0728379 0.99963 0.999262 0.00378774 56.7626 3228.14 1.08355
-1.145 0.0974498 0.0728977 0.999641 0.999282 0.00366408 56.8106 3233.63 1.08944
-1.14 0.0924612 0.0734008 0.999671 0.999343 0.00334076 56.753 3227.08 1.08911
-1.135 0.0874417 0.0727872 0.999686 0.999373 0.00320569 56.7577 3227.61 1.08685
-1.13 0.0824525 0.0708001 0.999703 0.999407 0.00301955 56.7173 3222.94 1.07435
-1.125 0.0774492 0.0712233 0.999715 0.99943 0.00288783 56.7134 3222.53 1.07798
-1.12 0.0724341 0.0710992 0.999722 0.999445 0.00283913 56.7352 3224.94 1.06717
-1.115 0.0674543 0.0716945 0.999733 0.999466 0.00268782 56.7 3220.96 1.07109
-1.11 0.0624236 0.0701307 0.999763 0.999526 0.00240348 56.6905 3219.82 1.05865
-1.105 0.0574083 0.0692595 0.999767 0.999535 0.00237166 56.707 3221.84 1.0857
-1.1 0.0524 0.0690161 0.99979 0.99958 0.00211129 56.6986 3220.84 1.07856
-1.095 0.0473889 0.0690794 0.99979 0.99958 0.00213255 56.6803 3218.81 1.08435
-1.09 0.0424113 0.0689864 0.999804 0.999609 0.00198223 56.7112 3222.36 1.09365
-1.085 0.0374067 0.0691497 0.99981 0.999621 0.00192869 56.6775 3218.47 1.08071
-1.08 0.0323966 0.0686798 0.999814 0.999628 0.00187998 56.6898 3219.82 1.07286
-1.075 0.0274062 0.0683485 0.999827 0.999655 0.00175555 56.6854 3219.23 1.05848
-1.07 0.0223784 0.0673104 0.999839 0.999678 0.0016338 56.6974 3220.63 1.06597
-1.065 0.0173994 0.0682576 0.999845 0.99969 0.00154251 56.6701 3217.56 1.07008
-1.06 0.0123875 0.0679538 0.999853 0.999707 0.00149439 56.653 3215.53 1.05346
-1.055 0.00737386 0.0670086 0.999861 0.999723 0.00142243 56.675 3218.03 1.05314
-1.05 0.00237228 0.0681949 0.999865 0.999731 0.00136841 56.6798 3218.62 1.06383
-1.045 -0.00261746 0.0673441 0.999871 0.999743 0.00131687 56.6702 3217.64 1.08077
-1.04 -0.00759836 0.0673311 0.999877 0.999754 0.00121853 56.6062 3210.28 1.06486
-1.035 -0.0126381 0.0671709 0.999885 0.999769 0.00115239 56.661 3216.58 1.07872
-1.03 -0.0176237 0.0673679 0.999892 0.999784 0.00109039 56.6435 3214.54 1.06898
-1.025 -0.0226563 0.0658034 0.999897 0.999793 0.00104597 56.6502 3215.39 1.08523
-1.02 -0.0276385 0.0655125 0.999904 0.999808 0.000958289 56.6256 3212.46 1.06067
-1.015 -0.0326506 0.0660607 0.999904 0.999809 0.000958481 56.6691 3217.5 1.07853
-1.01 -0.0376582 0.0653587 0.99991 0.999821 0.000899776 56.6692 3217.27 1.03554
-1.005 -0.0426596 0.0648167 0.999911 0.999822 0.000883308 56.6807 3218.72 1.0609
-1 -0.0476367 0.0660492 0.999917 0.999834 0.000819541 56.6319 3213.1 1.0475
-0.995 -0.0526571 0.0655401 0.99992 0.99984 0.000811114 56.6442 3214.59 1.06365
-0.99 -0.0576502 0.0653458 0.999925 0.99985 0.000776778 56.6234 3212.31 1.07609
-0.985 -0.062652 0.064812 0.999936 0.999871 0.000643703 56.6188 3211.78 1.07558
-0.98 -0.0676602 0.0635391 0.999935 0.999871 0.000646917 56.6659 3217.13 1.07735
-0.975 -0.0726732 0.0655239 0.999938 0.999877 0.000617816 56.6552 3215.85 1.06539
-0.97 -0.0776735 0.0666567 0.999943 0.999886 0.000569053 56.6193 3211.72 1.05623
-0.965 -0.0826711 0.0651376 0.999947 0.999893 0.000541744 56.6442 3214.58 1.06171
-0.96 -0.0876733 0.0644283 0.999947 0.999893 0.000533985 56.5622 3205.32 1.06802
-0.955 -0.0926663 0.0643471 0.999947 0.999894 0.000531646 56.6262 3212.6 1.07212
-0.95 -0.0976641 0.0655221 0.99995 0.9999 0.000515014 56.6107 3210.8 1.06532
-0.945 -0.102686 0.0645919 0.999957 0.999914 0.000435503 56.6287 3212.91 1.07727
-0.94 -0.10768 0.0635211 0.999954 0.999908 0.000454914 56.6177 3211.52 1.05243
-0.935 -0.112681 0.0643435 0.999959 0.999919 0.000404516 56.6359 3213.79 1.08931
-0.93 -0.117684 0.0655134 0.999961 0.999923 0.000383728 56.6362 3213.62 1.05168
-0.925 -0.122654 0.0645201 0.999968 0.999936 0.000319547 56.625 3212.43 1.06599
-0.92 -0.127667 0.0633091 0.999966 0.999932 0.000338885 56.6028 3209.8 1.04692
-0.915 -0.132681 0.0635929 0.999969 0.999938 0.000315556 56.6333 3213.42 1.07346
-0.91 -0.137691 0.0641199 0.999967 0.999934 0.000330604 56.6444 3214.63 1.0662
-0.905 -0.142681 0.0627439 0.99997 0.99994 0.000301198 56.6018 3209.78 1.06351
-0.9 -0.147673 0.0630675 0.999968 0.999936 0.000324755 56.6187 3211.62 1.05048
-0.895 -0.152673 0.0645403 0.999972 0.999944 0.000283694 56.6068 3210.41 1.0737
-0.89 -0.157659 0.0646133 0.999972 0.999944 0.000278486 56.6047 3210.2 1.07851
-0.885 -0.162685 0.0641246 0.999977 0.999954 0.000228769 56.6297 3212.99 1.07194
-0.88 -0.167685 0.0629428 0.999977 0.999954 0.000230505 56.6256 3212.52 1.06868
-0.875 -0.172697 0.0631223 0.999977 0.999954 0.000226142 56.6455 3214.83 1.07931
-0.87 -0.177678 0.0631931 0.999978 0.999955 0.000225387 56.6004 3209.65 1.06754
-0.865 -0.182687 0.0636111 0.999979 0.999958 0.00021443 56.6045 3210.19 1.08248
-0.86 -0.18769 0.0636028 0.999982 0.999964 0.000181264 56.6285 3212.86 1.0717
-0.855 -0.192675 0.0637095 0.99998 0.99996 0.000205109 56.6394 3214.17 1.08418
-0.85 -0.197673 0.0636084 0.99998 0.999961 0.000198284 56.6088 3210.55 1.05848
-0.845 -0.202678 0.0635727 0.999983 0.999966 0.00017368 56.6282 3212.84 1.07526
-0.84 -0.207687 0.0638544 0.999984 0.999968 0.000160841 56.5915 3208.64 1.06648
-0.835 -0.212692 0.0624278 0.999987 0.999974 0.000133559 56.628 3212.84 1.07782
-0.83 -0.217708 0.0628877 0.999986 0.999971 0.000145491 56.6149 3211.17 1.04495
-0.825 -0.222696 0.0631525 0.999986 0.999973 0.000140423 56.6185 3211.73 1.07343
-0.82 -0.2277 0.0635607 0.999987 0.999973 0.000131796 56.6243 3212.34 1.06385
-0.815 -0.232684 0.0633905 0.999989 0.999979 0.000104399 56.6161 3211.34 1.05262
-0.81 -0.237688 0.0630434 0.999988 0.999977 0.000114684 56.6204 3211.8 1.04826
-0.805 -0.242693 0.0631973 0.999989 0.999977 0.000112114 56.5874 3208.1 1.05417
-0.8 -0.247688 0.0634248 0.999989 0.999978 0.000111257 56.6445 3214.68 1.07214
-0.795 -0.252694 0.0634439 0.999989 0.999977 0.00011297 56.6084 3210.49 1.05565
-0.79 -0.257697 0.0636581 0.999992 0.999984 7.94937e-05 56.5976 3209.29 1.05995
-0.785 -0.262681 0.062926 0.999991 0.999981 9.32438e-05 56.5835 3207.6 1.04528
-0.78 -0.267697 0.0629843 0.999991 0.999982 8.98083e-05 56.603 3209.93 1.06542
-0.775 -0.272707 0.0633795 0.999991 0.999983 8.63887e-05 56.6164 3211.39 1.05481
-0.77 -0.277711 0.0627044 0.999993 0.999986 6.83055e-05 56.6416 3214.22 1.05097
-0.765 -0.282697 0.0634046 0.999993 0.999986 6.91667e-05 56.5798 3207.21 1.05084
-0.76 -0.287687 0.0624218 0.999993 0.999986 6.74443e-05 56.5792 3207.25 1.06838
-0.755 -0.292675 0.0633548 0.999993 0.999985 7.34711e-05 56.5475 3203.66 1.06816
-0.75 -0.297693 0.0630115 0.999994 0.999989 5.62402e-05 56.6197 3211.84 1.06871
-0.745 -0.302696 0.0633234 0.999992 0.999984 7.77734e-05 56.6447 3214.65 1.06547
-0.74 -0.307689 0.0628542 0.999993 0.999986 7.08887e-05 56.6342 3213.43 1.05883
-0.735 -0.312687 0.0617206 0.999995 0.99999 4.8475e-05 56.623 3212.18 1.0622
-0.73 -0.317707 0.062177 0.999994 0.999988 6.31493e-05 56.6242 3212.34 1.06654
-0.725 -0.322699 0.0624886 0.999995 0.999991 4.67484e-05 56.6124 3210.86 1.04118
-0.72 -0.327689 0.0629489 0.999994 0.999989 5.53778e-05 56.6075 3210.4 1.0585
-0.715 -0.3327 0.0627581 0.999995 0.999991 4.67484e-05 56.6333 3213.33 1.0592
-0.71 -0.337693 0.0644466 0.999995 0.99999 5.10642e-05 56.5786 3207.19 1.06898
-0.705 -0.342691 0.0626201 0.999996 0.999993 3.63818e-05 56.6132 3211.04 1.05742
-0.7 -0.347692 0.0636648 0.999995 0.99999 5.02012e-05 56.6227 3212.09 1.05367
-0.695 -0.352687 0.0624343 0.999996 0.999992 3.89746e-05 56.5978 3209.25 1.05007
-0.69 -0.357692 0.0641022 0.999996 0.999992 3.98387e-05 56.6169 3211.49 1.06289
-0.685 -0.362691 0.0624022 0.999996 0.999992 3.89746e-05 56.5954 3209.04 1.06065
-0.68 -0.367686 0.0632435 0.999997 0.999994 3.20586e-05 56.6236 3212.25 1.06264
-0.675 -0.37271 0.0628636 0.999996 0.999992 3.81104e-05 56.6251 3212.41 1.06054
-0.67 -0.377704 0.0631532 0.999997 0.999995 2.51371e-05 56.6273 3212.7 1.06713
-0.665 -0.3827 0.0628119 0.999997 0.999994 3.03288e-05 56.6151 3211.19 1.04655
-0.66 -0.387691 0.0627429 0.999998 0.999996 1.99423e-05 56.5951 3208.99 1.05642
-0.655 -0.39269 0.0628781 0.999997 0.999995 2.60026e-05 56.6162 3211.45 1.06972
-0.65 -0.397691 0.0628244 0.999997 0.999994 3.11938e-05 56.6112 3210.88 1.06779
-0.645 -0.402719 0.0626284 0.999998 0.999996 1.90762e-05 56.6277 3212.76 1.06973
-0.64 -0.407712 0.0630749 0.999997 0.999994 2.77333e-05 56.6025 3209.86 1.06333
-0.635 -0.412697 0.0625567 0.999998 0.999996 2.16743e-05 56.6105 3210.78 1.06558
-0.63 -0.417685 0.0630521 0.999998 0.999996 2.16743e-05 56.6032 3210.08 1.08714
-0.625 -0.422725 0.0629754 0.999999 0.999998 1.21443e-05 56.6125 3210.98 1.06085
-0.62 -0.427677 0.0622518 0.999997 0.999995 2.51371e-05 56.6038 3209.96 1.05505
-0.615 -0.432719 0.0630484 0.999998 0.999997 1.56109e-05 56.6372 3213.82 1.06782
-0.61 -0.437691 0.0633413 0.999999 0.999997 1.38778e-05 56.6157 3211.46 1.08217
-0.605 -0.442694 0.0625161 0.999999 0.999997 1.38778e-05 56.6165 3211.54 1.07824
-0.6 -0.447703 0.0623125 0.999998 0.999996 1.821e-05 56.6195 3211.82 1.06833
-0.595 -0.452688 0.0629831 0.999999 0.999997 1.30111e-05 56.6148 3211.3 1.07128
-0.59 -0.457694 0.0625482 0.999999 0.999997 1.30111e-05 56.6285 3212.84 1.06929
-0.585 -0.462685 0.0625466 0.999999 0.999998 1.21443e-05 56.5932 3208.78 1.05894
-0.58 -0.467676 0.0628447 0.999998 0.999997 1.73437e-05 56.5789 3207.26 1.07518
-0.575 -0.472696 0.0633076 0.999999 0.999998 1.04104e-05 56.636 3213.55 1.0435
-0.57 -0.477708 0.062135 0.999999 0.999998 9.54336e-06 56.6419 3214.35 1.0667
-0.565 -0.482702 0.0627528 0.999999 0.999999 6.07426e-06 56.5953 3209 1.05513
-0.56 -0.487677 0.0625068 0.999999 0.999998 8.67622e-06 56.59 3208.44 1.06254
-0.555 -0.4927 0.0628807 0.999999 0.999999 6.94167e-06 56.6345 3213.57 1.07675
-0.55 -0.497712 0.0628356 1 0.999999 4.33919e-06 56.5953 3209.03 1.0605
-0.545 -0.502689 0.0625841 0.999999 0.999999 6.94167e-06 56.6145 3211.16 1.05318
-0.54 -0.507696 0.0628827 0.999999 0.999999 6.94167e-06 56.5843 3207.8 1.06388
-0.535 -0.512686 0.0619051 0.999999 0.999999 5.20677e-06 56.6011 3209.72 1.06598
-0.53 -0.5177 0.0618328 1 0.999999 4.33919e-06 56.6092 3210.68 1.0738
-0.525 -0.522681 0.0619936 0.999999 0.999998 7.80898e-06 56.5991 3209.48 1.06417
-0.52 -0.527699 0.0623401 0.999999 0.999999 5.20677e-06 56.6114 3210.78 1.04577
-0.515 -0.532703 0.0618724 1 0.999999 2.60378e-06 56.597 3209.15 1.04669
-0.51 -0.537696 0.0613807 1 0.999999 4.33919e-06 56.595 3208.99 1.05959
-0.505 -0.542698 0.0621373 0.999999 0.999999 5.20677e-06 56.5908 3208.52 1.06062
-0.5 -0.547702 0.0622367 0.999999 0.999999 5.20677e-06 56.636 3213.62 1.0568
