0.5 -1.44401 1.26946 1 1 7.23343e-07 1295.31 1.67808e+06 1.61528
0.495 -1.4391 1.27393 1 0.999999 2.89294e-06 1295.3 1.67806e+06 1.62792
0.49 -1.43409 1.22418 1 1 7.23343e-07 1295.37 1.67823e+06 1.57478
0.485 -1.42902 1.27689 0.999999 0.999999 5.06189e-06 1295.05 1.67742e+06 1.63538
0.48 -1.42419 1.24491 1 1 7.23343e-07 1295.54 1.67867e+06 1.59533
0.475 -1.41896 1.23638 1 1 7.23343e-07 1295.22 1.67785e+06 1.60509
0.47 -1.41415 1.25535 1 1 0 1295.45 1.67844e+06 1.64004
0.465 -1.40905 1.25461 1 1 7.23343e-07 1295.34 1.67815e+06 1.61308
0.46 -1.40405 1.2578 1 1 1.44661e-06 1295.12 1.67758e+06 1.62013
0.455 -1.39894 1.2536 1 0.999999 2.89294e-06 1295.06 1.67744e+06 1.59593
0.45 -1.39413 1.22677 1 0.999999 2.89294e-06 1295.29 1.67802e+06 1.59555
0.445 -1.38919 1.27448 0.999999 0.999999 4.33898e-06 1295.45 1.67845e+06 1.6444
0.44 -1.38399 1.27451 0.999999 0.999999 5.06189e-06 1295.15 1.67766e+06 1.61222
0.435 -1.37912 1.24395 0.999999 0.999998 6.50749e-06 1295.52 1.67863e+06 1.5864
0.43 -1.37429 1.27184 1 1 7.23343e-07 1295.54 1.67868e+06 1.6229
0.425 -1.36901 1.27605 1 0.999999 2.16981e-06 1295.3 1.67805e+06 1.60206
0.42 -1.36426 1.20949 1 1 1.44661e-06 1295.54 1.67867e+06 1.57866
0.415 -1.35904 1.20723 0.999999 0.999998 6.50749e-06 1295.28 1.67799e+06 1.6137
0.41 -1.35426 1.2275 0.999999 0.999999 4.33898e-06 1295.9 1.6796e+06 1.59673
0.405 -1.34926 1.22369 1 1 1.44661e-06 1295.67 1.67902e+06 1.59835
0.4 -1.34419 1.20879 1 0.999999 3.61599e-06 1295.58 1.67878e+06 1.5926
0.395 -1.3391 1.25426 0.999999 0.999999 4.33898e-06 1295.46 1.67846e+06 1.63072
0.39 -1.33409 1.26346 1 0.999999 2.89294e-06 1295.25 1.67792e+06 1.6371
0.385 -1.32919 1.21863 1 0.999999 2.89294e-06 1295.62 1.6789e+06 1.62554
0.38 -1.32412 1.24699 0.999999 0.999998 7.23018e-06 1295.35 1.67817e+06 1.61133
0.375 -1.31907 1.25039 0.999999 0.999998 6.50749e-06 1295.39 1.67827e+06 1.61008
0.37 -1.314 1.25383 0.999999 0.999998 1.01202e-05 1295.21 1.67783e+06 1.63392
0.365 -1.30932 1.24282 0.999999 0.999998 7.23018e-06 1295.85 1.67949e+06 1.65867
0.36 -1.30415 1.22059 0.999999 0.999998 7.9528e-06 1295.63 1.67892e+06 1.6094
0.355 -1.29904 1.25489 0.999999 0.999998 7.23018e-06 1295.34 1.67815e+06 1.66036
0.35 -1.29414 1.25234 0.999999 0.999999 4.33898e-06 1295.33 1.67813e+06 1.63086
0.345 -1.28908 1.22123 0.999999 0.999999 5.06189e-06 1295.53 1.67865e+06 1.64389
0.34 -1.28428 1.21211 0.999999 0.999999 5.06189e-06 1295.73 1.67917e+06 1.6355
0.335 -1.27881 1.2803 0.999999 0.999999 5.78472e-06 1294.89 1.67698e+06 1.63644
0.33 -1.27405 1.25524 0.999999 0.999999 5.06189e-06 1295.2 1.6778e+06 1.62578
0.325 -1.26881 1.22895 0.999999 0.999997 1.2287e-05 1294.76 1.67666e+06 1.6162
0.32 -1.2641 1.26061 0.999999 0.999997 1.15648e-05 1295.34 1.67817e+06 1.63616
0.315 -1.25912 1.23373 0.999999 0.999998 6.50749e-06 1295.52 1.67862e+06 1.6238
0.31 -1.25394 1.23923 0.999999 0.999998 7.23018e-06 1295.24 1.67789e+06 1.61974
0.305 -1.2491 1.23917 0.999999 0.999998 7.9528e-06 1295.48 1.67852e+06 1.623
0.3 -1.24406 1.27103 0.999999 0.999997 1.08426e-05 1295.24 1.67791e+06 1.5921
0.295 -1.23905 1.26233 0.999999 0.999997 1.15648e-05 1295.43 1.67838e+06 1.61412
0.29 -1.23426 1.25282 0.999999 0.999998 9.39782e-06 1295.96 1.67976e+06 1.58551
0.285 -1.22911 1.20998 0.999999 0.999998 1.01202e-05 1295.53 1.67866e+06 1.58681
0.28 -1.22403 1.23901 0.999998 0.999997 1.30091e-05 1295.47 1.67849e+06 1.5929
0.275 -1.21913 1.23425 0.999999 0.999997 1.08426e-05 1295.46 1.67848e+06 1.6035
0.27 -1.21415 1.27003 0.999998 0.999996 1.5175e-05 1295.71 1.67912e+06 1.63982
0.265 -1.20909 1.2601 0.999999 0.999997 1.2287e-05 1295.47 1.67848e+06 1.60661
0.26 -1.20427 1.22564 0.999998 0.999996 1.58968e-05 1295.79 1.67931e+06 1.61497
0.255 -1.19926 1.22753 0.999998 0.999996 1.66186e-05 1295.73 1.67916e+06 1.62362
0.25 -1.19411 1.22699 0.999998 0.999996 1.66218e-05 1295.32 1.6781e+06 1.63542
0.245 -1.18917 1.21533 0.999998 0.999996 1.58968e-05 1295.63 1.67892e+06 1.60362
0.24 -1.18403 1.25349 0.999998 0.999997 1.37312e-05 1295.19 1.67778e+06 1.61227
0.235 -1.17905 1.24203 0.999998 0.999995 2.02263e-05 1295.55 1.6787e+06 1.63119
0.23 -1.17397 1.25503 0.999997 0.999993 2.74362e-05 1295.11 1.67757e+06 1.62354
0.225 -1.16926 1.25217 0.999998 0.999995 1.87834e-05 1295.65 1.67896e+06 1.63893
0.22 -1.16416 1.22418 0.999998 0.999996 1.58968e-05 1295.49 1.67855e+06 1.59737
0.215 -1.15911 1.22833 0.999997 0.999994 2.31111e-05 1295.29 1.67802e+06 1.62188
0.21 -1.15392 1.22981 0.999997 0.999995 2.16688e-05 1295.05 1.6774e+06 1.62772
0.205 -1.14922 1.2313 0.999998 0.999995 2.02263e-05 1295.59 1.6788e+06 1.59494
0.2 -1.14413 1.23651 0.999997 0.999994 2.31111e-05 1295.27 1.67798e+06 1.61342
0.195 -1.13907 1.2414 0.999997 0.999995 2.239e-05 1295.32 1.6781e+06 1.61576
0.19 -1.13412 1.22709 0.999997 0.999994 2.67155e-05 1295.4 1.67832e+06 1.60976
0.185 -1.12893 1.22621 0.999997 0.999994 2.31111e-05 1295.21 1.67781e+06 1.58529
0.18 -1.12423 1.2467 0.999998 0.999996 1.73403e-05 1295.83 1.67943e+06 1.62053
0.175 -1.11927 1.24871 0.999997 0.999993 2.74362e-05 1295.7 1.67909e+06 1.6199
0.17 -1.1142 1.24612 0.999996 0.999991 3.60786e-05 1295.51 1.67859e+06 1.61694
0.165 -1.10893 1.22761 0.999997 0.999993 2.81568e-05 1295.29 1.67802e+06 1.61257
0.16 -1.10413 1.25422 0.999997 0.999993 2.74362e-05 1295.54 1.67869e+06 1.62446
0.155 -1.09921 1.2466 0.999995 0.999991 3.82375e-05 1295.66 1.67899e+06 1.5986
0.15 -1.09424 1.23039 0.999996 0.999992 3.46389e-05 1295.7 1.6791e+06 1.61782
0.145 -1.08913 1.28043 0.999996 0.999992 3.46389e-05 1295.61 1.67885e+06 1.62302
0.14 -1.08411 1.27176 0.999996 0.999991 3.67983e-05 1295.34 1.67816e+06 1.64388
0.135 -1.07887 1.26098 0.999996 0.999992 3.24788e-05 1294.98 1.67723e+06 1.63089
0.13 -1.07431 1.2806 0.999995 0.999989 4.54294e-05 1295.59 1.67882e+06 1.60901
0.125 -1.069 1.24402 0.999995 0.99999 4.03958e-05 1295.34 1.67814e+06 1.57451
0.12 -1.06419 1.25607 0.999994 0.999989 4.61481e-05 1295.53 1.67866e+06 1.63132
0.115 -1.05914 1.2647 0.999995 0.999989 4.47105e-05 1295.36 1.67822e+06 1.61068
0.11 -1.05422 1.25427 0.999994 0.999988 4.90226e-05 1295.62 1.67888e+06 1.61781
0.105 -1.04905 1.22136 0.999994 0.999987 5.2614e-05 1295.36 1.67821e+06 1.61989
0.1 -1.04412 1.25255 0.999993 0.999986 5.97913e-05 1295.61 1.67886e+06 1.60121
0.095 -1.03908 1.21833 0.999993 0.999987 5.47679e-05 1295.31 1.67808e+06 1.61943
0.09 -1.03403 1.23532 0.999993 0.999986 5.62036e-05 1295.51 1.67859e+06 1.59673
0.085 -1.02908 1.25759 0.999994 0.999988 4.90226e-05 1295.26 1.67795e+06 1.60949
0.08 -1.02416 1.26203 0.999993 0.999985 6.33899e-05 1295.64 1.67894e+06 1.61834
0.075 -1.01884 1.23115 0.999994 0.999989 4.75855e-05 1294.83 1.67683e+06 1.63091
0.07 -1.01413 1.24614 0.999991 0.999981 7.77031e-05 1295.37 1.67823e+06 1.59288
0.065 -1.00911 1.26578 0.999992 0.999984 6.5528e-05 1295.5 1.67858e+06 1.6225
0.06 -1.00394 1.2277 0.999992 0.999985 6.33773e-05 1295.17 1.6777e+06 1.60506
0.055 -0.999406 1.21631 0.999992 0.999983 6.98275e-05 1295.82 1.6794e+06 1.60414
0.05 -0.993993 1.24234 0.99999 0.99998 8.63019e-05 1295.19 1.67777e+06 1.61449
0.045 -0.989257 1.22792 0.999989 0.999979 8.84285e-05 1295.63 1.67892e+06 1.58639
0.04 -0.984082 1.25546 0.999989 0.999978 9.27141e-05 1295.38 1.67826e+06 1.61248
0.035 -0.978808 1.24327 0.999986 0.999973 0.000116307 1294.93 1.67711e+06 1.6287
0.03 -0.974172 1.21855 0.999988 0.999975 0.000101991 1295.82 1.67939e+06 1.59068
0.025 -0.969011 1.23289 0.99999 0.999979 8.557e-05 1295.22 1.67786e+06 1.63484
0.02 -0.964035 1.24572 0.999988 0.999975 0.00010631 1295.28 1.67801e+06 1.6067
0.015 -0.95904 1.21116 0.999988 0.999977 9.98906e-05 1295.33 1.67812e+06 1.60687
0.01 -0.953935 1.23881 0.999985 0.99997 0.000125509 1295.07 1.67746e+06 1.62041
0.005 -0.949127 1.24644 0.999986 0.999971 0.00011982 1295.4 1.67831e+06 1.63349
-3.76435e-16 -0.944164 1.23916 0.999986 0.999972 0.00011695 1295.45 1.67844e+06 1.59245
-0.005 -0.939054 1.21523 0.999984 0.999968 0.000131877 1295.44 1.67842e+06 1.62182
-0.01 -0.934081 1.26261 0.999984 0.999967 0.000136164 1295.45 1.67845e+06 1.63167
-0.015 -0.929114 1.22357 0.999985 0.999969 0.000126905 1295.51 1.6786e+06 1.61729
-0.02 -0.924024 1.22428 0.999982 0.999965 0.000150434 1295.16 1.67768e+06 1.60987
-0.025 -0.918793 1.29433 0.999982 0.999965 0.000144647 1295.14 1.67765e+06 1.62333
-0.03 -0.91413 1.2174 0.999982 0.999964 0.0001525 1295.41 1.67833e+06 1.58801
-0.035 -0.909074 1.24855 0.999979 0.999957 0.000178656 1295.25 1.67793e+06 1.62032
-0.04 -0.903893 1.27182 0.999981 0.999963 0.000154563 1295.03 1.67735e+06 1.59264
-0.045 -0.899012 1.25499 0.999977 0.999955 0.000189232 1295.24 1.6779e+06 1.6016
-0.05 -0.894041 1.23842 0.999978 0.999955 0.000186376 1295.21 1.67783e+06 1.62124
-0.055 -0.889206 1.22129 0.999976 0.999952 0.000201941 1295.67 1.679e+06 1.59706
-0.06 -0.883989 1.25674 0.999975 0.99995 0.000214674 1295.12 1.6776e+06 1.63832
-0.065 -0.879056 1.22744 0.999973 0.999946 0.000223575 1295.31 1.67808e+06 1.59497
-0.07 -0.874108 1.22617 0.999973 0.999946 0.000224321 1295.41 1.67833e+06 1.60195
-0.075 -0.869117 1.2276 0.999975 0.99995 0.000208887 1295.27 1.67798e+06 1.61934
-0.08 -0.864019 1.26543 0.999975 0.99995 0.000206822 1295.18 1.67774e+06 1.6031
-0.085 -0.859228 1.23182 0.99997 0.999941 0.000244612 1295.51 1.67861e+06 1.63431
-0.09 -0.85382 1.26379 0.999968 0.999935 0.000272773 1294.81 1.67679e+06 1.63069
-0.095 -0.849108 1.20474 0.99997 0.99994 0.000250249 1295.3 1.67806e+06 1.60148
-0.1 -0.844093 1.26056 0.999965 0.999931 0.000290799 1295.34 1.67816e+06 1.62044
-0.105 -0.838946 1.22399 0.999963 0.999926 0.000306629 1295.45 1.67843e+06 1.60381
-0.11 -0.834135 1.18536 0.999964 0.999929 0.000296233 1295.6 1.67883e+06 1.5852
-0.115 -0.828908 1.2565 0.999961 0.999922 0.000323918 1295.05 1.67741e+06 1.61727
-0.12 -0.824151 1.20799 0.999961 0.999923 0.000319837 1295.37 1.67823e+06 1.6115
-0.125 -0.819215 1.21419 0.999956 0.999912 0.000369717 1295.52 1.67861e+06 1.59969
-0.13 -0.814146 1.25247 0.999953 0.999905 0.000396441 1295.4 1.67832e+06 1.59665
-0.135 -0.808913 1.23727 0.999951 0.999903 0.000405324 1295.04 1.67738e+06 1.59806
-0.14 -0.803995 1.26945 0.99995 0.999901 0.00041496 1295.24 1.67791e+06 1.61987
-0.145 -0.799125 1.28854 0.999951 0.999903 0.000405243 1295.45 1.67845e+06 1.62621
-0.15 -0.793897 1.27165 0.99995 0.9999 0.000418286 1295.12 1.67758e+06 1.62747
-0.155 -0.789098 1.27909 0.999945 0.99989 0.000460584 1295.34 1.67816e+06 1.63743
-0.16 -0.783863 1.25318 0.999942 0.999883 0.000482799 1295.07 1.67746e+06 1.64436
-0.165 -0.779124 1.22693 0.999943 0.999885 0.000481834 1295.54 1.67868e+06 1.61794
-0.17 -0.774261 1.22092 0.999941 0.999882 0.000496004 1295.7 1.6791e+06 1.61866
-0.175 -0.768986 1.25365 0.999934 0.999867 0.00055392 1295.27 1.67798e+06 1.65745
-0.18 -0.764048 1.27035 0.999934 0.999869 0.000556476 1295.38 1.67825e+06 1.62907
-0.185 -0.7591 1.2661 0.999934 0.999867 0.000561822 1295.54 1.67867e+06 1.62745
-0.19 -0.754014 1.26327 0.999927 0.999854 0.000613703 1295.23 1.67787e+06 1.62106
-0.195 -0.748842 1.25294 0.999926 0.999852 0.000617306 1295.07 1.67747e+06 1.62013
-0.2 -0.743844 1.25105 0.99992 0.999841 0.000675671 1294.98 1.67722e+06 1.60113
-0.205 -0.739118 1.24917 0.999919 0.999839 0.00067487 1295.59 1.67881e+06 1.64193
-0.21 -0.734141 1.25019 0.999914 0.999827 0.000716435 1295.5 1.67857e+06 1.60956
-0.215 -0.728944 1.20781 0.999911 0.999823 0.000745568 1295.31 1.67806e+06 1.57036
-0.22 -0.723882 1.23129 0.999905 0.99981 0.000795029 1294.83 1.67682e+06 1.61486
-0.225 -0.719011 1.30268 0.999907 0.999813 0.00077699 1295.2 1.67779e+06 1.62153
-0.23 -0.713915 1.26698 0.999901 0.999803 0.000806271 1294.99 1.67725e+06 1.65041
-0.235 -0.70906 1.23798 0.999893 0.999786 0.000891104 1295.34 1.67816e+06 1.61329
-0.24 -0.704054 1.24223 0.999893 0.999786 0.000887398 1295.47 1.67849e+06 1.61479
-0.245 -0.69883 1.24412 0.999884 0.999769 0.000972335 1294.9 1.67702e+06 1.61507
-0.25 -0.694126 1.23657 0.999883 0.999766 0.000975123 1295.7 1.6791e+06 1.6446
-0.255 -0.688778 1.27328 0.999872 0.999744 0.00108316 1294.78 1.6767e+06 1.62101
-0.26 -0.684041 1.25789 0.999874 0.999749 0.00104106 1295.39 1.67828e+06 1.59435
-0.265 -0.678955 1.22421 0.999862 0.999725 0.00115034 1295.14 1.67764e+06 1.61159
-0.27 -0.673855 1.23862 0.999858 0.999717 0.00117163 1295.01 1.67731e+06 1.631
-0.275 -0.668998 1.27409 0.999852 0.999705 0.00124361 1295.22 1.67785e+06 1.65553
-0.28 -0.663877 1.25851 0.999837 0.999673 0.0013583 1295.19 1.67778e+06 1.63883
-0.285 -0.658777 1.20307 0.999837 0.999674 0.00135826 1294.98 1.67723e+06 1.59489
-0.29 -0.653915 1.27615 0.999839 0.999678 0.00133605 1295.35 1.6782e+06 1.62996
-0.295 -0.649187 1.25573 0.999829 0.999658 0.00143053 1295.58 1.67877e+06 1.6122
-0.3 -0.644 1.2566 0.999825 0.99965 0.00144327 1295.24 1.67791e+06 1.62393
-0.305 -0.638957 1.25529 0.999807 0.999615 0.00164611 1295.04 1.67737e+06 1.59458
-0.31 -0.633806 1.26222 0.999807 0.999614 0.00162232 1295.01 1.67729e+06 1.60426
-0.315 -0.629092 1.26983 0.99979 0.999581 0.0017449 1295.5 1.67857e+06 1.62236
-0.32 -0.623781 1.29929 0.999789 0.999579 0.00173357 1294.9 1.67702e+06 1.65254
-0.325 -0.618998 1.24317 0.999777 0.999554 0.00186341 1295.27 1.67796e+06 1.57169
-0.33 -0.613825 1.26295 0.999768 0.999537 0.00192623 1294.68 1.67644e+06 1.63097
-0.335 -0.608895 1.26679 0.999751 0.999503 0.00205772 1295.03 1.67735e+06 1.60854
-0.34 -0.603868 1.2323 0.999746 0.999493 0.00213681 1294.96 1.67717e+06 1.62062
-0.345 -0.598982 1.24963 0.999738 0.999477 0.00219552 1295.33 1.67813e+06 1.61888
-0.35 -0.593806 1.25948 0.999727 0.999454 0.00228868 1294.71 1.67653e+06 1.62439
-0.355 -0.588766 1.29513 0.999716 0.999433 0.00237799 1294.88 1.67696e+06 1.65043
-0.36 -0.583684 1.29044 0.99971 0.999421 0.00242493 1294.91 1.67705e+06 1.63444
-0.365 -0.578981 1.25649 0.999696 0.999393 0.00255125 1295.31 1.67807e+06 1.59553
-0.37 -0.573881 1.28026 0.999672 0.999344 0.00275188 1295.14 1.67765e+06 1.62085
-0.375 -0.568942 1.26892 0.999672 0.999345 0.00278236 1295.24 1.67789e+06 1.62379
-0.38 -0.56363 1.25926 0.999646 0.999293 0.00289966 1294.73 1.67657e+06 1.58071
-0.385 -0.55866 1.26756 0.999639 0.999278 0.00303624 1294.77 1.67668e+06 1.63788
-0.39 -0.553671 1.25359 0.999623 0.999247 0.00314954 1294.85 1.67688e+06 1.61849
-0.395 -0.548888 1.2629 0.999595 0.99919 0.00338288 1295 1.67728e+06 1.59842
-0.4 -0.54398 1.26232 0.99959 0.99918 0.00345287 1295.31 1.67809e+06 1.63084
-0.405 -0.538781 1.27811 0.999572 0.999144 0.00354405 1295 1.67728e+06 1.62659
-0.41 -0.533593 1.2527 0.999551 0.999103 0.00377747 1294.67 1.67642e+06 1.63372
-0.415 -0.528527 1.25112 0.99953 0.999061 0.00384902 1294.43 1.6758e+06 1.58999
-0.42 -0.523784 1.28845 0.999505 0.999011 0.00401905 1295.08 1.67748e+06 1.61537
-0.425 -0.518777 1.23103 0.999479 0.998959 0.00436285 1294.99 1.67724e+06 1.61671
-0.43 -0.513715 1.27557 0.999462 0.998925 0.004443 1294.93 1.67711e+06 1.63133
-0.435 -0.508501 1.30069 0.999438 0.998878 0.00471423 1294.8 1.67675e+06 1.60294
-0.44 -0.503589 1.29399 0.999419 0.998839 0.00487716 1294.45 1.67586e+06 1.65622
-0.445 -0.498389 1.27666 0.999405 0.998812 0.00494493 1294.13 1.67501e+06 1.61238
-0.45 -0.493573 1.27125 0.999362 0.998726 0.00534332 1294.71 1.67653e+06 1.63125
-0.455 -0.488685 1.30793 0.999352 0.998706 0.00536345 1294.77 1.67669e+06 1.61696
-0.46 -0.483464 1.25545 0.999306 0.998613 0.00576678 1294.32 1.67552e+06 1.61337
-0.465 -0.478605 1.25732 0.999289 0.998581 0.00601669 1294.71 1.67653e+06 1.62606
-0.47 -0.473603 1.30262 0.999252 0.998506 0.00634266 1294.46 1.67589e+06 1.64724
-0.475 -0.468489 1.28046 0.99922 0.998443 0.00657695 1294.37 1.67566e+06 1.62616
-0.48 -0.463358 1.28952 0.999199 0.9984 0.00668851 1294.04 1.6748e+06 1.64407
-0.485 -0.458353 1.29795 0.999138 0.998278 0.00712657 1294.28 1.67542e+06 1.64494
-0.49 -0.453246 1.28787 0.99912 0.998243 0.00734455 1293.99 1.67467e+06 1.63019
-0.495 -0.448342 1.30844 0.999077 0.998157 0.00794571 1294.22 1.67526e+06 1.64948
-0.5 -0.443209 1.29353 0.999057 0.998117 0.00783066 1293.89 1.67441e+06 1.64421
-0.505 -0.438309 1.31839 0.999005 0.998013 0.00822998 1294.11 1.67499e+06 1.66565
-0.51 -0.433246 1.3063 0.998959 0.99792 0.00866942 1294.15 1.67508e+06 1.63186
-0.515 -0.428247 1.27597 0.998919 0.99784 0.00917239 1294.16 1.67509e+06 1.63539
-0.52 -0.423122 1.31996 0.998862 0.997726 0.00951016 1293.82 1.67423e+06 1.66079
-0.525 -0.418277 1.30919 0.998826 0.997656 0.0097727 1293.98 1.67464e+06 1.65555
-0.53 -0.413169 1.26666 0.99876 0.997523 0.0102861 1293.79 1.67415e+06 1.62454
-0.535 -0.408115 1.29186 0.998694 0.997391 0.0110166 1293.81 1.67419e+06 1.64344
-0.54 -0.402969 1.31315 0.998652 0.997308 0.0115996 1293.4 1.67315e+06 1.67102
-0.545 -0.398094 1.27931 0.998599 0.997202 0.011887 1293.67 1.67385e+06 1.6661
-0.55 -0.392909 1.28048 0.998528 0.99706 0.0121425 1293.15 1.6725e+06 1.61795
-0.555 -0.38775 1.32752 0.998467 0.996939 0.0129241 1293.05 1.67223e+06 1.66776
-0.56 -0.382836 1.31624 0.998389 0.996783 0.0136709 1293.3 1.67287e+06 1.63897
-0.565 -0.377616 1.32736 0.998325 0.996656 0.0141804 1293.14 1.67246e+06 1.62343
-0.57 -0.372569 1.28332 0.998268 0.996542 0.014746 1292.71 1.67136e+06 1.64772
-0.575 -0.367672 1.33858 0.998214 0.996434 0.0148975 1292.76 1.67149e+06 1.66282
-0.58 -0.362701 1.33424 0.998127 0.996261 0.0158199 1293.21 1.67266e+06 1.67561
-0.585 -0.357708 1.35415 0.998032 0.996071 0.0165835 1293.04 1.67221e+06 1.71074
-0.59 -0.352326 1.34351 0.997945 0.995897 0.0173647 1292.23 1.67011e+06 1.66888
-0.595 -0.347438 1.33614 0.997888 0.995784 0.0176316 1292.49 1.67079e+06 1.65918
-0.6 -0.342529 1.32793 0.997776 0.99556 0.018878 1292.55 1.67096e+06 1.66331
-0.605 -0.337246 1.35657 0.997697 0.995403 0.0195809 1291.9 1.66927e+06 1.69733
-0.61 -0.33217 1.34517 0.99758 0.99517 0.0204525 1291.99 1.66949e+06 1.64905
-0.615 -0.327142 1.3829 0.997453 0.994916 0.0213893 1291.89 1.66923e+06 1.68518
-0.62 -0.322273 1.36722 0.997407 0.994824 0.0220177 1292.06 1.66968e+06 1.69989
-0.625 -0.317248 1.33717 0.997239 0.99449 0.0233669 1291.91 1.6693e+06 1.65975
-0.63 -0.311883 1.3367 0.997131 0.994276 0.0241979 1291.24 1.66755e+06 1.64938
-0.635 -0.306937 1.35827 0.997032 0.994078 0.0252996 1291.19 1.66743e+06 1.6978
-0.64 -0.301854 1.36369 0.996905 0.993826 0.0264004 1291 1.66694e+06 1.67852
-0.645 -0.296893 1.37401 0.996732 0.993481 0.0279164 1290.95 1.66683e+06 1.69572
-0.65 -0.291668 1.36384 0.996616 0.99325 0.0287696 1290.57 1.66582e+06 1.69602
-0.655 -0.286741 1.367 0.996459 0.992937 0.0303903 1290.86 1.66658e+06 1.67355
-0.66 -0.281382 1.36567 0.996288 0.992596 0.0318041 1290.01 1.66438e+06 1.70588
-0.665 -0.276513 1.38216 0.99617 0.992361 0.0323497 1290.33 1.66522e+06 1.67836
-0.67 -0.27145 1.37571 0.996025 0.992073 0.0333213 1290.05 1.6645e+06 1.71347
-0.675 -0.265884 1.39362 0.995764 0.991552 0.0357179 1288.73 1.66109e+06 1.7085
-0.68 -0.261066 1.37495 0.995628 0.991283 0.0382432 1289.26 1.66245e+06 1.73646
-0.685 -0.255806 1.43373 0.995368 0.990766 0.0391398 1288.73 1.66108e+06 1.72635
-0.69 -0.250707 1.4024 0.995191 0.990415 0.041333 1288.48 1.66045e+06 1.74227
-0.695 -0.245683 1.42423 0.994988 0.990011 0.0423973 1288.38 1.66018e+06 1.72717
-0.7 -0.240776 1.40977 0.994848 0.989732 0.044532 1288.43 1.66031e+06 1.73026
-0.705 -0.235542 1.39973 0.994588 0.989215 0.0465524 1287.74 1.65854e+06 1.7198
-0.71 -0.23056 1.38694 0.994339 0.988719 0.0480592 1287.81 1.65871e+06 1.72383
-0.715 -0.225122 1.39711 0.99405 0.988147 0.0514783 1286.83 1.6562e+06 1.74402
-0.72 -0.220049 1.45643 0.993764 0.987579 0.0535861 1286.6 1.65559e+06 1.72138
-0.725 -0.215274 1.4332 0.993572 0.987196 0.056295 1286.96 1.65653e+06 1.75355
-0.73 -0.209886 1.39677 0.993277 0.986611 0.0574153 1286.13 1.65441e+06 1.72665
-0.735 -0.204644 1.44329 0.993023 0.986107 0.0600281 1285.37 1.65246e+06 1.76714
-0.74 -0.199213 1.4668 0.992611 0.98529 0.0634797 1284.53 1.65029e+06 1.80532
-0.745 -0.194213 1.50308 0.992409 0.984889 0.0657399 1284.41 1.64998e+06 1.79298
-0.75 -0.18921 1.44676 0.991986 0.984051 0.0697283 1284.29 1.64967e+06 1.77165
-0.755 -0.183718 1.42678 0.991589 0.983265 0.0726773 1283.1 1.64661e+06 1.75655
-0.76 -0.178884 1.43933 0.991286 0.982664 0.0764392 1283.44 1.64749e+06 1.78527
-0.765 -0.173519 1.44698 0.990853 0.981806 0.081123 1282.52 1.64513e+06 1.77626
-0.77 -0.16833 1.4787 0.990514 0.981135 0.0820936 1281.87 1.64346e+06 1.81253
-0.775 -0.163267 1.47629 0.990063 0.980242 0.0869393 1281.75 1.64318e+06 1.85632
-0.78 -0.157824 1.46878 0.989533 0.979195 0.0926506 1280.49 1.63994e+06 1.80931
-0.785 -0.152955 1.49718 0.989098 0.978335 0.0970906 1280.46 1.63986e+06 1.82508
-0.79 -0.147746 1.4871 0.988605 0.977361 0.0987512 1279.83 1.63826e+06 1.84411
-0.795 -0.142136 1.46883 0.988077 0.976317 0.104174 1278.52 1.6349e+06 1.82954
-0.8 -0.137329 1.54396 0.987621 0.975418 0.112227 1278.64 1.63521e+06 1.90256
-0.805 -0.131941 1.52306 0.987024 0.974239 0.113749 1277.48 1.63225e+06 1.88095
-0.81 -0.126577 1.50116 0.986437 0.973082 0.118537 1276.55 1.62988e+06 1.85408
-0.815 -0.121362 1.55297 0.985742 0.971714 0.126433 1275.7 1.62772e+06 1.91941
-0.82 -0.116107 1.47632 0.985067 0.970385 0.133839 1275.08 1.62613e+06 1.90447
-0.825 -0.110883 1.59892 0.984382 0.969037 0.144633 1273.94 1.62323e+06 1.97955
-0.83 -0.105449 1.55194 0.983703 0.967703 0.147245 1272.85 1.62045e+06 1.98661
-0.835 -0.100155 1.58444 0.982959 0.966243 0.160106 1271.97 1.61821e+06 1.98752
-0.84 -0.0947351 1.59009 0.982103 0.964561 0.163354 1270.62 1.61477e+06 2.00704
-0.845 -0.089749 1.58727 0.981494 0.963366 0.170053 1270.06 1.61336e+06 2.03183
-0.85 -0.0839776 1.64341 0.980374 0.961171 0.183076 1268.03 1.60823e+06 2.08468
-0.855 -0.0787882 1.59405 0.979519 0.959497 0.186145 1267.33 1.60643e+06 2.07662
-0.86 -0.0736325 1.62676 0.978653 0.957803 0.199609 1266.45 1.60422e+06 2.10792
-0.865 -0.0680425 1.63507 0.977534 0.955616 0.209221 1264.48 1.59923e+06 2.11217
-0.87 -0.0628988 1.60392 0.976591 0.953775 0.221039 1263.63 1.59708e+06 2.11503
-0.875 -0.0573373 1.66074 0.97537 0.951396 0.237436 1261.69 1.5922e+06 2.19834
-0.88 -0.0518662 1.65092 0.974079 0.948882 0.247717 1259.84 1.58751e+06 2.1406
-0.885 -0.0466395 1.69585 0.972928 0.946643 0.261248 1258.7 1.58468e+06 2.25531
-0.89 -0.0408509 1.68847 0.971539 0.943948 0.284385 1256.34 1.57874e+06 2.30222
-0.895 -0.0354119 1.68405 0.970008 0.940977 0.297075 1254.15 1.57323e+06 2.3275
-0.9 -0.0300506 1.71949 0.968628 0.938305 0.310017 1252.75 1.56975e+06 2.35644
-0.905 -0.0243605 1.67098 0.966714 0.934606 0.332537 1250.23 1.56343e+06 2.3636
-0.91 -0.0183115 1.7105 0.964901 0.931107 0.348853 1247.02 1.55541e+06 2.38205
-0.915 -0.0129193 1.71886 0.963182 0.927797 0.370956 1244.75 1.54978e+06 2.50624
-0.92 -0.00753841 1.75092 0.961387 0.924347 0.394794 1243.04 1.54553e+06 2.52923
-0.925 -0.00183149 1.74808 0.959245 0.92024 0.42926 1240.16 1.53838e+06 2.60424
-0.93 0.00384045 1.77469 0.95726 0.916437 0.436487 1237.18 1.53101e+06 2.63763
-0.935 0.00932308 1.79503 0.955147 0.912403 0.465432 1234.87 1.5253e+06 2.71164
-0.94 0.0150395 1.86237 0.952484 0.907334 0.524811 1231.38 1.51673e+06 2.88614
-0.945 0.0208399 1.86043 0.950017 0.902643 0.534803 1227.91 1.50818e+06 2.84063
-0.95 0.0264763 1.85767 0.947379 0.897646 0.575042 1224.68 1.50026e+06 2.8945
-0.955 0.0324978 1.92197 0.944158 0.891564 0.6197 1220.31 1.48961e+06 3.0441
-0.96 0.0378468 1.87856 0.941513 0.886585 0.66076 1217.48 1.48272e+06 3.09307
-0.965 0.0441567 1.88123 0.937136 0.878377 0.734648 1211.49 1.46817e+06 3.24976
-0.97 0.0501431 1.91679 0.933581 0.871732 0.764764 1206.91 1.45711e+06 3.28344
-0.975 0.0563475 1.88405 0.92908 0.863365 0.844516 1200.98 1.44286e+06 3.44816
-0.98 0.0618367 1.94728 0.925786 0.857267 0.895942 1197.34 1.43412e+06 3.5401
-0.985 0.068448 1.98305 0.920153 0.846889 1.00205 1189.85 1.41627e+06 3.77984
-0.99 0.074535 2.0277 0.915093 0.837625 1.10145 1183.53 1.40132e+06 4.02643
-0.995 0.0807318 2.05945 0.909611 0.827646 1.22195 1176.68 1.38517e+06 4.23889
-1 0.0870287 2.07753 0.903281 0.816202 1.37366 1169.05 1.36731e+06 4.55095
-1.005 0.0933844 2.15136 0.895959 0.803061 1.52974 1160.52 1.3475e+06 4.90304
-1.01 0.100185 2.10584 0.888187 0.78922 1.64675 1150.71 1.32482e+06 5.0358
-1.015 0.106824 2.13401 0.879116 0.773229 1.84211 1140.12 1.3006e+06 5.39982
-1.02 0.113668 2.20668 0.868731 0.75514 2.14011 1127.75 1.27261e+06 5.9121
-1.025 0.121041 2.11649 0.85601 0.733255 2.40975 1112.71 1.23897e+06 6.33639
-1.03 0.12797 2.2265 0.843171 0.711544 2.90889 1098.44 1.20753e+06 7.34288
-1.035 0.135375 2.33982 0.826442 0.683753 3.58484 1079.73 1.16692e+06 8.5468
-1.04 0.143353 2.35888 0.80532 0.649545 4.82268 1056.82 1.11821e+06 10.6019
-1.045 0.152264 2.5851 0.776164 0.603915 7.12158 1025.7 1.05385e+06 14.5074
-1.05 0.171658 2.3029 0.284949 0.1115 145.462 640.941 427622 218.64
-1.055 0.169806 1.74684 0.178165 0.0329819 5.94848 568.857 324020 6.17628
-1.06 0.167591 1.70005 0.153221 0.0242949 3.92794 555.642 309017 4.18229
-1.065 0.165585 1.63525 0.13469 0.0187498 2.9209 546.251 298602 3.24142
-1.07 0.164317 1.63663 0.121932 0.0153681 2.40333 539.797 291558 2.73928
-1.075 0.16328 1.61857 0.11253 0.013077 1.98717 535.278 286678 2.41452
-1.08 0.162182 1.60985 0.103214 0.0110082 1.70449 530.763 281848 2.17762
-1.085 0.160992 1.64285 0.0954315 0.00942698 1.53509 527.053 277910 1.98124
-1.09 0.160097 1.62533 0.0879926 0.00801449 1.30457 523.37 274029 1.80328
-1.095 0.158944 1.59331 0.0815974 0.00690478 1.18389 520.576 271108 1.72342
-1.1 0.158345 1.58361 0.0759855 0.00598905 1.03323 517.808 268226 1.61381
-1.105 0.157465 1.58201 0.0713787 0.005295 0.960389 515.799 266144 1.53512
-1.11 0.156829 1.55524 0.067084 0.00467886 0.85726 513.676 263951 1.43799
-1.115 0.156036 1.57783 0.0624746 0.00406382 0.771617 511.651 261870 1.35609
-1.12 0.155295 1.51873 0.058943 0.00362423 0.719803 510.083 260268 1.35416
-1.125 0.154624 1.54197 0.0555197 0.00322285 0.673991 508.588 258742 1.31144
-1.13 0.15396 1.49594 0.0522289 0.00285573 0.613798 507.151 257280 1.28969
-1.135 0.153213 1.54228 0.0490215 0.00251899 0.556204 505.727 255833 1.19472
-1.14 0.1529 1.50768 0.0466885 0.00228755 0.517123 504.638 254729 1.15207
-1.145 0.152118 1.51644 0.0439997 0.00203551 0.477811 503.728 253811 1.13841
-1.15 0.151903 1.49767 0.0419915 0.00185741 0.451811 502.668 252743 1.12837
-1.155 0.151218 1.47721 0.0393652 0.00163713 0.420051 501.413 251480 1.08359
-1.16 0.150854 1.47253 0.037403 0.0014851 0.41333 500.534 250600 1.1058
-1.165 0.150226 1.42166 0.0353285 0.00132441 0.366287 499.749 249813 1.06504
-1.17 0.149818 1.44872 0.0337506 0.00121131 0.346569 499.154 249217 1.05119
-1.175 0.149488 1.46219 0.0321014 0.00109842 0.326011 498.367 248432 1.04401
-1.18 0.149099 1.44618 0.0305391 0.00099809 0.314162 497.731 247798 1.02624
-1.185 0.14845 1.45413 0.028842 0.000893789 0.297249 497.066 247136 1.02116
-1.19 0.148168 1.44414 0.0273578 0.000804442 0.268764 496.392 246465 1.01349
-1.195 0.147835 1.44129 0.0259672 0.000726669 0.251397 495.742 245819 0.997883
-1.2 0.147497 1.42177 0.0248744 0.000669134 0.241915 495.334 245414 0.989167
-1.205 0.147122 1.4163 0.0236979 0.000609246 0.228744 494.851 244934 0.965204
-1.21 0.146862 1.43407 0.0225247 0.000552535 0.216841 494.336 244426 0.973319
-1.215 0.14662 1.41573 0.0216174 0.000510432 0.206968 493.95 244044 0.972593
-1.22 0.146191 1.39373 0.0205898 0.000465168 0.197887 493.622 243721 0.981913
-1.225 0.145847 1.36107 0.0195457 0.000420156 0.18299 493.195 243296 0.936969
-1.23 0.145739 1.39341 0.0185649 0.000381395 0.176343 492.663 242773 0.949153
-1.235 0.145447 1.37846 0.0178421 0.000353471 0.168627 492.453 242565 0.916741
-1.24 0.145236 1.36226 0.0169909 0.00032135 0.156768 491.888 242010 0.942002
-1.245 0.144763 1.35726 0.0160496 0.000288897 0.150283 491.558 241683 0.91742
-1.25 0.14463 1.3814 0.0154521 0.000268587 0.143138 491.38 241509 0.928847
-1.255 0.144321 1.33977 0.0147856 0.000246994 0.136226 491.268 241398 0.903147
-1.26 0.144197 1.35197 0.0141452 0.000227214 0.130209 490.882 241019 0.909979
-1.265 0.14399 1.34109 0.0135599 0.00020956 0.12331 490.598 240740 0.90593
-1.27 0.143865 1.33542 0.0128416 0.000188937 0.115348 490.165 240315 0.899129
-1.275 0.143605 1.32698 0.0122874 0.000174034 0.110657 490.004 240156 0.890449
-1.28 0.143415 1.35032 0.0118406 0.000162322 0.106183 489.84 239996 0.887
-1.285 0.143056 1.34567 0.011234 0.00014739 0.101693 489.684 239842 0.887845
-1.29 0.143017 1.33622 0.0108852 0.000139231 0.0995751 489.563 239725 0.897857
-1.295 0.142803 1.29601 0.0102168 0.000123344 0.0910155 489.105 239275 0.877635
-1.3 0.142643 1.30156 0.00981328 0.000114163 0.0857401 489.006 239179 0.874317
-1.305 0.142439 1.3175 0.00937951 0.00010515 0.0824365 488.85 239026 0.892036
-1.31 0.142442 1.31351 0.00903481 9.84238e-05 0.0806209 488.584 238767 0.885585
-1.315 0.142094 1.3109 0.00861675 9.00422e-05 0.0758102 488.61 238792 0.885734
-1.32 0.14192 1.29011 0.00830313 8.41351e-05 0.0729273 488.575 238757 0.882288
-1.325 0.141707 1.28242 0.00777665 7.43889e-05 0.0667806 488.222 238412 0.870019
-1.33 0.141737 1.28709 0.00761753 7.2083e-05 0.0674695 488.201 238391 0.866851
-1.335 0.141556 1.28131 0.00722248 6.52592e-05 0.0628559 488.021 238215 0.860486
-1.34 0.141442 1.27182 0.00691892 6.03727e-05 0.0600056 487.798 237997 0.857268
-1.345 0.141244 1.26515 0.0065829 5.5496e-05 0.058375 487.802 238002 0.86686
-1.35 0.141146 1.27844 0.00636641 5.20669e-05 0.0553717 487.73 237931 0.866735
-1.355 0.140983 1.2552 0.00609358 4.81307e-05 0.0527952 487.675 237877 0.860934
-1.36 0.140918 1.26171 0.00578299 4.39625e-05 0.0504939 487.337 237547 0.853634
-1.365 0.140809 1.27466 0.00554523 4.07611e-05 0.0480555 487.259 237472 0.863648
-1.37 0.140755 1.24247 0.00532465 3.7812e-05 0.0454081 487.175 237388 0.839799
-1.375 0.140557 1.25485 0.00510911 3.5223e-05 0.0437758 487.143 237358 0.857989
-1.38 0.14044 1.21957 0.00489201 3.27245e-05 0.0422049 487.021 237239 0.843812
-1.385 0.140308 1.24473 0.0046822 3.04849e-05 0.0410968 486.982 237201 0.85047
-1.39 0.140248 1.24713 0.00446753 2.80307e-05 0.0387446 486.865 237088 0.854746
-1.395 0.140186 1.25231 0.00428281 2.59814e-05 0.0366667 486.737 236963 0.854994
-1.4 0.140159 1.24384 0.00411814 2.43346e-05 0.0354026 486.693 236921 0.867889
-1.405 0.140024 1.22599 0.00395521 2.26737e-05 0.0337443 486.772 236997 0.854211
-1.41 0.139888 1.24609 0.0037803 2.10773e-05 0.0325761 486.636 236864 0.847705
-1.415 0.139775 1.23822 0.00356641 1.91073e-05 0.0306627 486.527 236759 0.861807
-1.42 0.139809 1.20831 0.00346745 1.81374e-05 0.0293481 486.451 236683 0.835996
-1.425 0.139672 1.21534 0.00332335 1.69857e-05 0.028517 486.483 236714 0.830815
-1.43 0.139663 1.22173 0.00320929 1.5985e-05 0.0272904 486.284 236522 0.846409
-1.435 0.139587 1.23489 0.00303889 1.4615e-05 0.0258247 486.23 236470 0.853206
-1.44 0.139538 1.23892 0.00295556 1.3904e-05 0.0248095 486.314 236551 0.846034
-1.445 0.139367 1.22208 0.00278316 1.27845e-05 0.024185 486.187 236427 0.840839
-1.45 0.139369 1.2273 0.00268559 1.19126e-05 0.0225608 486.137 236379 0.841408
-1.455 0.13918 1.16981 0.0025809 1.12018e-05 0.0217957 486.145 236385 0.827104
-1.46 0.139322 1.2137 0.00247266 1.04253e-05 0.0206939 486.004 236249 0.835019
-1.465 0.139195 1.21132 0.00236181 9.69238e-06 0.0197484 485.956 236202 0.83199
-1.47 0.139167 1.21142 0.00225651 9.04993e-06 0.0189988 485.965 236211 0.831516
-1.475 0.139086 1.21093 0.00216302 8.44877e-06 0.0180965 485.983 236228 0.842656
-1.48 0.138894 1.20109 0.0020599 7.87369e-06 0.0174265 485.952 236199 0.839737
-1.485 0.138927 1.18608 0.00197543 7.36385e-06 0.0166153 485.924 236170 0.831645
-1.49 0.139023 1.19258 0.00192109 7.0944e-06 0.0163382 485.798 236050 0.850804
-1.495 0.13892 1.16895 0.00185833 6.67257e-06 0.015452 485.774 236025 0.83349
