1 0.38354 0.261502 0.65174 0.425276 0.294333 115.398 13340.5 0.207315
0.99 0.381133 0.258192 0.653199 0.427167 0.289445 115.468 13355.7 0.199606
0.98 0.378117 0.262106 0.655089 0.429632 0.287738 115.489 13360.4 0.200611
0.97 0.375507 0.269557 0.656912 0.432029 0.294261 115.464 13354.7 0.203556
0.96 0.372722 0.276735 0.658842 0.434575 0.301469 115.459 13353.4 0.203213
0.95 0.370059 0.280995 0.660857 0.437234 0.304206 115.364 13331.4 0.2061
0.94 0.36712 0.281553 0.662714 0.439685 0.303342 115.461 13353.4 0.205018
0.93 0.36424 0.288467 0.664756 0.442395 0.306345 115.416 13343.1 0.206909
0.92 0.361628 0.293901 0.666747 0.445044 0.308762 115.385 13335 0.200894
0.91 0.358248 0.299577 0.668726 0.447689 0.312793 115.478 13356.3 0.200999
0.9 0.355457 0.305632 0.670507 0.450074 0.316395 115.464 13353.4 0.205757
0.89 0.352398 0.310104 0.67295 0.453348 0.314637 115.408 13340.3 0.206388
0.88 0.349273 0.318628 0.675202 0.456388 0.320838 115.405 13339.1 0.204318
0.87 0.34601 0.321146 0.677537 0.459542 0.321582 115.362 13328.9 0.203436
0.86 0.34287 0.333437 0.679602 0.462359 0.335262 115.391 13335.6 0.207772
0.85 0.339578 0.340866 0.681818 0.465373 0.337076 115.389 13335.7 0.214614
0.84 0.335899 0.340871 0.684274 0.468727 0.339868 115.401 13337.5 0.208366
0.83 0.332818 0.348572 0.686658 0.471976 0.330406 115.351 13325.9 0.208371
0.82 0.328798 0.353686 0.689435 0.475801 0.337377 115.372 13330.1 0.205754
0.81 0.325287 0.363553 0.692144 0.479542 0.340424 115.282 13309 0.205416
0.8 0.321542 0.369131 0.694873 0.483325 0.342736 115.221 13295.1 0.206892
0.79 0.31787 0.381399 0.697332 0.486754 0.35114 115.222 13295 0.208115
0.78 0.313651 0.388573 0.700438 0.491088 0.350053 115.161 13280.8 0.207904
0.77 0.309924 0.394921 0.703356 0.495183 0.354417 115.115 13269.7 0.20568
0.76 0.305416 0.408539 0.706671 0.499857 0.358141 115.02 13247.6 0.205851
0.75 0.302205 0.423424 0.709057 0.503234 0.362739 115.037 13251.3 0.205705
0.74 0.297559 0.42784 0.712564 0.508218 0.366939 114.944 13229.6 0.204707
0.73 0.293441 0.440671 0.715101 0.511838 0.369584 115.041 13251.7 0.205163
0.72 0.288707 0.449022 0.718925 0.517315 0.369179 114.902 13219.3 0.204639
0.71 0.284119 0.458302 0.722259 0.522121 0.375299 114.857 13208.7 0.203696
0.7 0.279485 0.466112 0.725758 0.527178 0.37326 114.797 13194.8 0.205212
0.69 0.275128 0.482489 0.728853 0.531683 0.380501 114.772 13189 0.207657
0.68 0.270309 0.4894 0.732185 0.536541 0.377747 114.809 13196.9 0.202015
0.67 0.265305 0.506649 0.736122 0.542323 0.385054 114.671 13165.1 0.204215
0.66 0.260621 0.511529 0.739584 0.547422 0.38207 114.658 13161.7 0.200748
0.65 0.25478 0.530319 0.744136 0.554178 0.388758 114.512 13128.2 0.204066
0.64 0.249494 0.533606 0.748069 0.560031 0.381496 114.469 13117.6 0.198691
0.63 0.24428 0.545992 0.751806 0.565638 0.389084 114.431 13109 0.202384
0.62 0.238501 0.562597 0.755998 0.571955 0.391751 114.373 13095.6 0.20248
0.61 0.232636 0.590475 0.760281 0.578449 0.397913 114.38 13096.7 0.199431
0.6 0.226842 0.592375 0.764838 0.585389 0.394346 114.223 13060.6 0.197778
0.59 0.22095 0.600014 0.769255 0.592149 0.386129 114.137 13040.5 0.197447
0.58 0.21441 0.618844 0.774151 0.59971 0.397234 114.041 13018.6 0.200294
0.57 0.208366 0.643953 0.778619 0.606641 0.39747 114.026 13014.6 0.193677
0.56 0.201748 0.668015 0.783733 0.614626 0.400231 113.883 12981.7 0.195315
0.55 0.195101 0.679759 0.788447 0.622022 0.391619 113.823 12967.6 0.191102
0.54 0.188574 0.694453 0.793484 0.629991 0.399008 113.724 12944.8 0.191187
0.53 0.181294 0.715473 0.798838 0.638509 0.397748 113.65 12928 0.192997
0.52 0.174119 0.729687 0.80401 0.646789 0.39503 113.581 12911.9 0.190736
0.51 0.166783 0.749561 0.809469 0.655587 0.390947 113.506 12894.7 0.190513
0.5 0.158893 0.783546 0.815305 0.66506 0.390022 113.398 12869.8 0.186781
0.49 0.151172 0.786461 0.820754 0.673968 0.3883 113.343 12857.1 0.187619
0.48 0.14297 0.805038 0.826843 0.683988 0.381972 113.225 12829.6 0.180778
0.47 0.135095 0.835086 0.832553 0.693461 0.386965 113.177 12819 0.187175
0.46 0.126838 0.839848 0.838299 0.703042 0.371456 113.154 12813.1 0.178087
0.45 0.118247 0.869558 0.84439 0.713284 0.370064 113.118 12805 0.182827
0.44 0.109246 0.877451 0.850855 0.724233 0.365798 113.017 12781.6 0.176436
0.43 0.100226 0.906727 0.857289 0.735212 0.359491 112.911 12757.5 0.17682
0.42 0.0912831 0.936581 0.86307 0.745151 0.359525 112.968 12770.1 0.17475
0.41 0.0814078 0.953355 0.870028 0.757194 0.343998 112.894 12753 0.171652
0.4 0.072038 0.95792 0.876246 0.768038 0.331645 112.912 12756.7 0.168367
0.39 0.0624726 1.0084 0.882512 0.779051 0.331499 112.941 12763.1 0.16889
0.38 0.0521421 1.02474 0.889172 0.790837 0.31695 112.961 12767.4 0.166657
0.37 0.0419019 1.04429 0.895922 0.802874 0.306684 112.964 12767.8 0.166701
0.36 0.0314676 1.05192 0.902536 0.814752 0.287725 112.984 12771.9 0.162559
0.35 0.0207116 1.08464 0.909012 0.826474 0.281342 113.105 12799.2 0.161671
0.34 0.00987613 1.08436 0.915398 0.838114 0.272166 113.221 12825.2 0.158332
0.33 -0.00112859 1.14093 0.921816 0.849893 0.259514 113.381 12861.3 0.158352
0.32 -0.0123198 1.14096 0.928287 0.861851 0.243135 113.518 12892 0.158028
0.31 -0.0240649 1.14471 0.934687 0.873765 0.232112 113.709 12935.2 0.153452
0.3 -0.0358702 1.18117 0.940746 0.885117 0.217132 114 13001.1 0.150937
0.29 -0.0473415 1.18119 0.946557 0.896071 0.199533 114.287 13066.5 0.153329
0.28 -0.0592408 1.21844 0.952239 0.906851 0.186579 114.636 13146.4 0.152278
0.27 -0.0714245 1.21892 0.957761 0.917385 0.166651 115.023 13234.9 0.145179
0.26 -0.0838968 1.23646 0.963235 0.927889 0.149839 115.448 13332.8 0.148566
0.25 -0.0962728 1.22671 0.968187 0.937444 0.135071 115.993 13458.6 0.14555
0.24 -0.109009 1.25188 0.972981 0.946742 0.120163 116.565 13591.5 0.143193
0.23 -0.121468 1.26944 0.977143 0.95485 0.10602 117.232 13747.3 0.145409
0.22 -0.134442 1.301 0.981221 0.96283 0.0902101 117.95 13915.8 0.141054
0.21 -0.147405 1.28094 0.984831 0.969921 0.0765084 118.74 14102.8 0.142866
0.2 -0.160506 1.30067 0.987968 0.976103 0.0626123 119.668 14323.9 0.14423
0.19 -0.173673 1.33351 0.990747 0.981597 0.050005 120.627 14554 0.140071
0.18 -0.186745 1.31882 0.993056 0.986173 0.0395915 121.676 14808 0.140039
0.17 -0.200079 1.34019 0.995013 0.99006 0.0298248 122.813 15085.9 0.142714
0.16 -0.21346 1.358 0.996565 0.993147 0.0218701 124.046 15390.1 0.139866
0.15 -0.226848 1.33203 0.997741 0.995491 0.0151576 125.336 15711.8 0.137806
0.14 -0.240126 1.30856 0.998626 0.997257 0.0101329 126.672 16048.1 0.134471
0.13 -0.253141 1.31782 0.999214 0.998431 0.00613179 128.035 16395.2 0.135939
0.12 -0.266045 1.28792 0.999594 0.999189 0.00335481 129.402 16746.9 0.130632
0.11 -0.278661 1.24639 0.999811 0.999623 0.00172385 130.774 17103.8 0.129536
0.1 -0.290911 1.21411 0.999926 0.999851 0.000737146 132.138 17462 0.126424
0.09 -0.30295 1.19342 0.999975 0.99995 0.000277691 133.445 17809.1 0.124662
0.08 -0.314564 1.15338 0.999994 0.999987 7.8921e-05 134.726 18152.4 0.123818
0.07 -0.325982 1.14858 0.999999 0.999998 1.73522e-05 135.982 18492.3 0.118363
0.06 -0.337155 1.09458 1 1 1.44669e-06 137.208 18827.1 0.119585
0.05 -0.348103 1.07761 1 1 0 138.396 19154.3 0.115594
0.04 -0.358819 1.06383 1 1 0 139.567 19479.6 0.11535
0.03 -0.369359 1.05412 1 1 0 140.694 19795.2 0.113178
0.02 -0.379727 1.02452 1 1 0 141.82 20113.1 0.112124
0.01 -0.389937 1.00935 1 1 0 142.914 20424.6 0.113817
