0.5 -1.4082 1.16222 0.999994 0.999989 3.69185e-05 1247.78 1.55727e+06 1.67468
0.495 -1.40303 1.14953 0.999995 0.99999 3.23167e-05 1247.49 1.55654e+06 1.66609
0.49 -1.39796 1.103 0.999994 0.999988 3.86433e-05 1247.3 1.55608e+06 1.64252
0.485 -1.39297 1.148 0.999995 0.999989 3.57684e-05 1247.19 1.55579e+06 1.63454
0.48 -1.38782 1.16912 0.999994 0.999988 4.15167e-05 1247.03 1.55539e+06 1.68023
0.475 -1.38309 1.16938 0.999994 0.999988 4.09421e-05 1247.26 1.55598e+06 1.67952
0.47 -1.37807 1.15793 0.999994 0.999988 3.86433e-05 1247 1.55532e+06 1.64369
0.465 -1.37305 1.15127 0.999994 0.999989 3.80684e-05 1247.4 1.55631e+06 1.66188
0.46 -1.36783 1.13785 0.999994 0.999987 4.26656e-05 1247.08 1.55551e+06 1.65486
0.455 -1.3629 1.1357 0.999993 0.999987 4.49718e-05 1246.96 1.55523e+06 1.64515
0.45 -1.35789 1.15489 0.999993 0.999987 4.43886e-05 1247.17 1.55575e+06 1.65251
0.445 -1.35308 1.13438 0.999993 0.999987 4.324e-05 1247.17 1.55575e+06 1.65195
0.44 -1.34812 1.1265 0.999993 0.999986 4.72591e-05 1247.45 1.55643e+06 1.64699
0.435 -1.34285 1.13911 0.99999 0.999981 6.33073e-05 1247.14 1.55568e+06 1.65484
0.43 -1.33801 1.12577 0.999992 0.999984 5.24224e-05 1247.11 1.55559e+06 1.6363
0.425 -1.33298 1.20649 0.999991 0.999981 6.159e-05 1246.99 1.55529e+06 1.69603
0.42 -1.328 1.12924 0.99999 0.99998 6.5024e-05 1247.13 1.55565e+06 1.65332
0.415 -1.32309 1.16156 0.999989 0.999979 7.07569e-05 1247.56 1.55672e+06 1.68153
0.41 -1.31782 1.13317 0.99999 0.999981 6.33073e-05 1246.7 1.55458e+06 1.65646
0.405 -1.31295 1.15561 0.999991 0.999982 5.92995e-05 1246.96 1.55522e+06 1.64339
0.4 -1.30789 1.13334 0.999991 0.999982 5.87267e-05 1247.2 1.5558e+06 1.61474
0.395 -1.3029 1.1637 0.99999 0.99998 6.5024e-05 1246.86 1.55497e+06 1.67946
0.39 -1.29799 1.14795 0.999989 0.999978 7.41861e-05 1247.28 1.55602e+06 1.65738
0.385 -1.29275 1.16439 0.999989 0.999977 7.47425e-05 1246.64 1.55443e+06 1.68724
0.38 -1.2879 1.14905 0.999988 0.999976 8.04514e-05 1247.33 1.55613e+06 1.65435
0.375 -1.2829 1.14483 0.99999 0.99998 6.78841e-05 1246.87 1.55498e+06 1.62581
0.37 -1.27774 1.13003 0.999989 0.999978 7.41713e-05 1246.76 1.55473e+06 1.62928
0.365 -1.27284 1.18091 0.999988 0.999977 7.75977e-05 1247.05 1.55546e+06 1.66951
0.36 -1.26795 1.14097 0.999987 0.999974 8.50144e-05 1247.03 1.55539e+06 1.6379
0.355 -1.26323 1.12233 0.999986 0.999972 9.24213e-05 1247.53 1.55664e+06 1.63119
0.35 -1.25797 1.13814 0.999987 0.999974 8.78819e-05 1247.26 1.55597e+06 1.64689
0.345 -1.25323 1.15167 0.999987 0.999974 8.55845e-05 1247.68 1.55701e+06 1.64587
0.34 -1.24812 1.13589 0.999986 0.999972 9.4148e-05 1247.42 1.55637e+06 1.65986
0.335 -1.24307 1.14093 0.999983 0.999967 0.000110044 1247.31 1.55608e+06 1.62328
0.33 -1.23781 1.14755 0.999985 0.999971 9.81319e-05 1246.88 1.555e+06 1.62863
0.325 -1.23324 1.1641 0.999983 0.999967 0.000111202 1247.7 1.55707e+06 1.64052
0.32 -1.22767 1.10964 0.999982 0.999964 0.000119142 1246.67 1.55451e+06 1.65308
0.315 -1.22282 1.13712 0.999981 0.999963 0.000124832 1247 1.55532e+06 1.6143
0.31 -1.21799 1.1791 0.999984 0.999968 0.000106638 1247.53 1.55663e+06 1.67005
0.305 -1.21292 1.13357 0.999983 0.999966 0.000113472 1247.01 1.55535e+06 1.63325
0.3 -1.20801 1.14918 0.999978 0.999956 0.000148061 1247.02 1.55536e+06 1.65936
0.295 -1.20325 1.1683 0.999977 0.999954 0.000152482 1247.63 1.5569e+06 1.68225
0.29 -1.19792 1.16754 0.999979 0.999959 0.00013725 1247.24 1.55593e+06 1.66711
0.285 -1.19281 1.1574 0.99998 0.99996 0.000134478 1246.85 1.55494e+06 1.63392
0.28 -1.18818 1.15758 0.999977 0.999955 0.000150792 1247.55 1.5567e+06 1.67692
0.275 -1.18284 1.15215 0.999976 0.999952 0.000161521 1247.24 1.55591e+06 1.6696
0.27 -1.1782 1.15278 0.999978 0.999956 0.000149754 1247.75 1.55719e+06 1.67517
0.265 -1.17306 1.16113 0.999978 0.999956 0.000148003 1247.28 1.55602e+06 1.67721
0.26 -1.16803 1.16499 0.999972 0.999945 0.000185171 1247.27 1.556e+06 1.66577
0.255 -1.16289 1.12899 0.999973 0.999947 0.000176653 1247.14 1.55568e+06 1.65322
0.25 -1.15783 1.12979 0.999975 0.99995 0.000168267 1247.07 1.5555e+06 1.63689
0.245 -1.15301 1.16321 0.999973 0.999945 0.000180578 1247.15 1.5557e+06 1.64297
0.24 -1.14805 1.12182 0.999973 0.999946 0.000181211 1247.38 1.55627e+06 1.63119
0.235 -1.14298 1.11391 0.999973 0.999946 0.00018009 1246.97 1.55524e+06 1.62566
0.23 -1.13815 1.15732 0.99997 0.999939 0.000202474 1247.29 1.55603e+06 1.63846
0.225 -1.13294 1.14477 0.99997 0.999939 0.000203032 1247.05 1.55546e+06 1.65894
0.22 -1.12798 1.16472 0.999964 0.999929 0.000236432 1246.89 1.55506e+06 1.69407
0.215 -1.12311 1.17498 0.999966 0.999932 0.000230553 1247.61 1.55685e+06 1.67445
0.21 -1.11781 1.15835 0.999962 0.999925 0.000256728 1246.72 1.55463e+06 1.6518
0.205 -1.11301 1.17129 0.99996 0.99992 0.000266367 1247.41 1.55632e+06 1.62535
0.2 -1.10796 1.17308 0.999964 0.999927 0.000240266 1247.12 1.55561e+06 1.67044
0.195 -1.10275 1.15397 0.999963 0.999925 0.000248122 1246.87 1.55501e+06 1.69539
0.19 -1.09775 1.13096 0.999957 0.999913 0.00028559 1246.74 1.55467e+06 1.65053
0.185 -1.09295 1.12362 0.999963 0.999926 0.000244195 1247.02 1.55536e+06 1.63642
0.18 -1.08799 1.17785 0.999955 0.999911 0.000303149 1247.16 1.55572e+06 1.65454
0.175 -1.08284 1.1452 0.999953 0.999907 0.000316246 1247.02 1.55537e+06 1.64193
0.17 -1.07783 1.16827 0.999952 0.999905 0.000321719 1246.96 1.55521e+06 1.64805
0.165 -1.07291 1.1583 0.999953 0.999906 0.000315574 1247.23 1.55589e+06 1.62717
0.16 -1.06774 1.16377 0.999951 0.999902 0.000330462 1246.91 1.55509e+06 1.66518
0.155 -1.06301 1.16623 0.999946 0.999893 0.000352918 1247.21 1.55584e+06 1.63557
0.15 -1.05787 1.19258 0.99995 0.999901 0.000331968 1247.09 1.55556e+06 1.67679
0.145 -1.05291 1.15656 0.99995 0.999899 0.000333404 1247.15 1.55568e+06 1.65231
0.14 -1.04785 1.17217 0.999945 0.999891 0.000361816 1247.07 1.55548e+06 1.65806
0.135 -1.04291 1.12806 0.999947 0.999895 0.000349328 1247.29 1.55605e+06 1.63031
0.13 -1.03779 1.11783 0.99994 0.999881 0.000398959 1246.89 1.55504e+06 1.63378
0.125 -1.03305 1.11769 0.999935 0.99987 0.000428081 1247.47 1.55649e+06 1.62949
0.12 -1.02786 1.125 0.999936 0.999873 0.000426541 1247.06 1.55547e+06 1.61436
0.115 -1.0226 1.12463 0.999929 0.999858 0.000478324 1246.62 1.55437e+06 1.63084
0.11 -1.01799 1.16213 0.99993 0.999861 0.000464653 1247.06 1.55548e+06 1.69894
0.105 -1.01309 1.13028 0.999927 0.999855 0.000484407 1247.44 1.55641e+06 1.62621
0.1 -1.00804 1.16127 0.999924 0.999849 0.000497775 1247.27 1.556e+06 1.66355
0.095 -1.00274 1.19529 0.999926 0.999853 0.000497711 1246.8 1.55482e+06 1.65919
0.09 -0.997688 1.16877 0.999923 0.999845 0.000523904 1246.57 1.55425e+06 1.64545
0.085 -0.993009 1.15292 0.999916 0.999832 0.000557788 1247.29 1.55604e+06 1.67336
0.08 -0.987909 1.16436 0.99992 0.999841 0.000529488 1247.17 1.55575e+06 1.65864
0.075 -0.983179 1.11923 0.999911 0.999822 0.000598131 1247.6 1.55681e+06 1.63411
0.07 -0.977839 1.18265 0.999909 0.999818 0.000614693 1247.33 1.55615e+06 1.66973
0.065 -0.973057 1.18053 0.999908 0.999817 0.000613567 1247.55 1.55668e+06 1.6542
0.06 -0.967904 1.15092 0.999911 0.999822 0.000591469 1247.06 1.55546e+06 1.67049
0.055 -0.962832 1.15387 0.999906 0.999812 0.000630226 1246.9 1.55506e+06 1.63508
0.05 -0.957926 1.16322 0.9999 0.999801 0.000658625 1247.33 1.55613e+06 1.66534
0.045 -0.952916 1.14532 0.999896 0.999791 0.000699444 1247.24 1.55592e+06 1.64662
0.04 -0.947821 1.15564 0.999889 0.999777 0.000743458 1247.07 1.55548e+06 1.65024
0.035 -0.942765 1.1656 0.999889 0.999778 0.000750551 1246.9 1.55508e+06 1.66478
0.03 -0.937839 1.1422 0.999886 0.999773 0.000756554 1247.05 1.55543e+06 1.64964
0.025 -0.932871 1.14658 0.999878 0.999757 0.000827882 1246.94 1.55518e+06 1.67068
0.02 -0.927768 1.15796 0.999877 0.999754 0.000823764 1246.93 1.55516e+06 1.68193
0.015 -0.922978 1.13618 0.999872 0.999744 0.000864217 1247.39 1.55629e+06 1.62226
0.01 -0.917731 1.15247 0.99987 0.999741 0.0008592 1246.78 1.55477e+06 1.66023
0.005 -0.912764 1.17425 0.99986 0.999721 0.000949975 1246.87 1.555e+06 1.67543
-3.76435e-16 -0.907837 1.1934 0.99986 0.999719 0.000925407 1247.17 1.55573e+06 1.64906
-0.005 -0.902832 1.11961 0.999853 0.999706 0.00097879 1247.31 1.55609e+06 1.6032
-0.01 -0.89784 1.19462 0.999852 0.999704 0.000996805 1247.15 1.5557e+06 1.69168
-0.015 -0.892475 1.1588 0.999839 0.999678 0.00106678 1246.38 1.55377e+06 1.66544
-0.02 -0.887564 1.13942 0.999834 0.999669 0.00110415 1246.79 1.55479e+06 1.63977
-0.025 -0.882934 1.16243 0.999834 0.999668 0.00111068 1247.21 1.55584e+06 1.64333
-0.03 -0.878009 1.18168 0.99983 0.999661 0.00113142 1247.52 1.55661e+06 1.64919
-0.035 -0.872736 1.17155 0.999823 0.999647 0.00118978 1247.11 1.55559e+06 1.67256
-0.04 -0.867631 1.1498 0.999811 0.999623 0.00124519 1246.5 1.55407e+06 1.6786
-0.045 -0.862692 1.15961 0.99981 0.99962 0.00126793 1246.99 1.55529e+06 1.67599
-0.05 -0.85732 1.19508 0.999791 0.999583 0.00139847 1246.25 1.55345e+06 1.67499
-0.055 -0.852764 1.13948 0.999803 0.999607 0.00130326 1247.09 1.55555e+06 1.64307
-0.06 -0.847579 1.15985 0.999791 0.999583 0.0013944 1246.6 1.55433e+06 1.67859
-0.065 -0.842484 1.16765 0.999783 0.999566 0.0014469 1246.73 1.55464e+06 1.64312
-0.07 -0.837581 1.1362 0.99978 0.999561 0.00146294 1246.5 1.55407e+06 1.62178
-0.075 -0.832506 1.12291 0.999766 0.999532 0.00157757 1246.84 1.55493e+06 1.63777
-0.08 -0.827606 1.17803 0.999756 0.999512 0.00164124 1246.76 1.55472e+06 1.65022
-0.085 -0.822837 1.1593 0.999745 0.999491 0.00170503 1247.23 1.55588e+06 1.62104
-0.09 -0.817653 1.15479 0.99974 0.999481 0.0017228 1246.8 1.55482e+06 1.64104
-0.095 -0.812578 1.17799 0.999734 0.999468 0.00178053 1246.76 1.55472e+06 1.66571
-0.1 -0.807893 1.15091 0.999718 0.999436 0.00188071 1247.27 1.55599e+06 1.65532
-0.105 -0.802382 1.14627 0.999722 0.999444 0.00182218 1246.03 1.5529e+06 1.64332
-0.11 -0.79783 1.15895 0.999716 0.999433 0.00191553 1247.2 1.55583e+06 1.65634
-0.115 -0.792487 1.14047 0.999688 0.999376 0.00205787 1246.64 1.55441e+06 1.64654
-0.12 -0.787663 1.17146 0.999685 0.999371 0.00216239 1246.93 1.55515e+06 1.64994
-0.125 -0.782696 1.18104 0.999676 0.999352 0.00213939 1246.94 1.55516e+06 1.65352
-0.13 -0.777471 1.17019 0.999653 0.999306 0.00231678 1246.61 1.55436e+06 1.65767
-0.135 -0.772799 1.16111 0.999644 0.999289 0.00237587 1246.9 1.55505e+06 1.64283
-0.14 -0.767416 1.16414 0.999629 0.999259 0.00252947 1246.5 1.55407e+06 1.65762
-0.145 -0.762468 1.19054 0.999633 0.999266 0.00246706 1246.59 1.55429e+06 1.65582
-0.15 -0.757611 1.1765 0.999621 0.999243 0.0025827 1246.95 1.55521e+06 1.67187
-0.155 -0.752836 1.20231 0.9996 0.999201 0.00264433 1247.35 1.55621e+06 1.68972
-0.16 -0.747504 1.137 0.999586 0.999172 0.00278151 1246.65 1.55445e+06 1.65622
-0.165 -0.742517 1.16264 0.999566 0.999133 0.00290799 1246.73 1.55464e+06 1.6833
-0.17 -0.737336 1.20332 0.999551 0.999103 0.00295345 1246.45 1.55396e+06 1.71352
-0.175 -0.732519 1.18464 0.999541 0.999084 0.00309346 1246.74 1.55466e+06 1.65728
-0.18 -0.727523 1.19252 0.999527 0.999056 0.00313371 1246.78 1.55475e+06 1.63424
-0.185 -0.722462 1.15699 0.999509 0.999019 0.00329245 1246.53 1.55416e+06 1.65334
-0.19 -0.717744 1.17071 0.999499 0.999 0.00328295 1247.12 1.55563e+06 1.65937
-0.195 -0.712234 1.19638 0.999471 0.998944 0.00357522 1246.03 1.55291e+06 1.69305
-0.2 -0.707615 1.18134 0.999469 0.99894 0.00355125 1246.64 1.55442e+06 1.6694
-0.205 -0.702462 1.19429 0.999448 0.998897 0.0036807 1246.54 1.55417e+06 1.65502
-0.21 -0.69715 1.16197 0.99942 0.998841 0.0038647 1246.14 1.55318e+06 1.66193
-0.215 -0.692506 1.17036 0.9994 0.998801 0.00400471 1246.82 1.55487e+06 1.68562
-0.22 -0.687356 1.20474 0.999387 0.998776 0.00409331 1246.63 1.5544e+06 1.63282
-0.225 -0.68234 1.1852 0.999367 0.998736 0.00425162 1246.5 1.55408e+06 1.65624
-0.23 -0.677252 1.18276 0.999334 0.998671 0.00438649 1246.28 1.55353e+06 1.6628
-0.235 -0.672241 1.18012 0.99931 0.998621 0.00454056 1246.21 1.55335e+06 1.64898
-0.24 -0.667144 1.16809 0.9993 0.998601 0.00475404 1245.82 1.55239e+06 1.63989
-0.245 -0.662072 1.19486 0.999267 0.998537 0.00486005 1246.29 1.55356e+06 1.65215
-0.25 -0.657389 1.19381 0.999259 0.998519 0.00497081 1246.41 1.55384e+06 1.66663
-0.255 -0.652086 1.19821 0.999227 0.998456 0.00518753 1246.25 1.55344e+06 1.65134
-0.26 -0.647031 1.18453 0.999192 0.998386 0.00538206 1245.89 1.55256e+06 1.68209
-0.265 -0.641993 1.20946 0.999157 0.998315 0.00560531 1245.68 1.55204e+06 1.68843
-0.27 -0.637156 1.16877 0.999133 0.998269 0.00574189 1246.19 1.5533e+06 1.65337
-0.275 -0.63195 1.18875 0.999115 0.998232 0.00607178 1246.03 1.5529e+06 1.67189
-0.28 -0.627002 1.17276 0.999078 0.998159 0.00619486 1245.86 1.55247e+06 1.6497
-0.285 -0.622049 1.19248 0.999057 0.998117 0.00641268 1245.74 1.55219e+06 1.65852
-0.29 -0.616908 1.22897 0.999024 0.998051 0.00661147 1245.84 1.55242e+06 1.66081
-0.295 -0.612016 1.19405 0.998999 0.998001 0.00665912 1246.27 1.5535e+06 1.67858
-0.3 -0.606543 1.20992 0.998941 0.997884 0.00701325 1244.98 1.55028e+06 1.69888
-0.305 -0.602019 1.1844 0.99891 0.997822 0.00740281 1246.05 1.55295e+06 1.62701
-0.31 -0.596715 1.2097 0.998857 0.997718 0.00762334 1245.39 1.55132e+06 1.68963
-0.315 -0.591632 1.19659 0.998831 0.997665 0.0079022 1245.18 1.55078e+06 1.64881
-0.32 -0.586718 1.17934 0.998793 0.997589 0.00795322 1245.42 1.55137e+06 1.65765
-0.325 -0.581956 1.20183 0.998757 0.997518 0.00839412 1246.03 1.5529e+06 1.64456
-0.33 -0.576455 1.19207 0.998706 0.997417 0.00865164 1245.08 1.55054e+06 1.68458
-0.335 -0.571407 1.20604 0.99865 0.997305 0.00888335 1245.09 1.55055e+06 1.67446
-0.34 -0.566675 1.18487 0.998606 0.997217 0.00934459 1245.74 1.55219e+06 1.69171
-0.345 -0.56178 1.20168 0.998593 0.997191 0.00931338 1245.84 1.55242e+06 1.6724
-0.35 -0.556605 1.22103 0.998527 0.997058 0.00980797 1245.44 1.55143e+06 1.69211
-0.355 -0.551526 1.18533 0.99849 0.996985 0.0101407 1245.2 1.55082e+06 1.66029
-0.36 -0.546375 1.20456 0.998425 0.996856 0.0105117 1245.05 1.55046e+06 1.67287
-0.365 -0.541426 1.24336 0.998359 0.996725 0.0110986 1245.12 1.55064e+06 1.69017
-0.37 -0.536219 1.21583 0.998297 0.996601 0.011362 1244.78 1.54979e+06 1.6736
-0.375 -0.531067 1.24383 0.998235 0.996477 0.0118898 1244.5 1.54911e+06 1.70055
-0.38 -0.526173 1.23133 0.998185 0.996376 0.0122139 1244.77 1.54977e+06 1.69528
-0.385 -0.52125 1.24078 0.998145 0.996297 0.0124387 1244.73 1.54966e+06 1.65761
-0.39 -0.516367 1.19938 0.99809 0.996187 0.0128882 1245 1.55035e+06 1.66983
-0.395 -0.511114 1.25245 0.998015 0.996037 0.0133581 1244.66 1.54949e+06 1.70749
-0.4 -0.50629 1.22223 0.997954 0.995915 0.0137754 1244.68 1.54953e+06 1.66717
-0.405 -0.500905 1.20743 0.997842 0.995692 0.0143528 1244.26 1.54851e+06 1.66861
-0.41 -0.495938 1.24202 0.997797 0.995604 0.0150475 1244.45 1.54897e+06 1.69514
-0.415 -0.490926 1.19137 0.997741 0.99549 0.0155933 1244.29 1.54857e+06 1.64905
-0.42 -0.48568 1.24229 0.997642 0.995293 0.0159262 1243.83 1.54744e+06 1.68799
-0.425 -0.480765 1.24147 0.997559 0.995128 0.016191 1243.99 1.54782e+06 1.71536
-0.43 -0.475726 1.26322 0.997504 0.995019 0.0168068 1244.18 1.54829e+06 1.67667
-0.435 -0.47071 1.24104 0.9974 0.99481 0.0175902 1243.96 1.54775e+06 1.70219
-0.44 -0.465571 1.24004 0.997292 0.994597 0.0179634 1243.52 1.54667e+06 1.68539
-0.445 -0.460566 1.26094 0.997212 0.994436 0.0187891 1243.84 1.54746e+06 1.69963
-0.45 -0.455556 1.2438 0.997094 0.994201 0.0199031 1243.69 1.54709e+06 1.70914
-0.455 -0.450446 1.26203 0.997022 0.994057 0.0200722 1243.41 1.54638e+06 1.69795
-0.46 -0.445408 1.2533 0.996908 0.993831 0.0211653 1243.36 1.54626e+06 1.66774
-0.465 -0.439915 1.29309 0.996785 0.993586 0.0219672 1242.51 1.54415e+06 1.69784
-0.47 -0.435081 1.23669 0.996709 0.993435 0.0218562 1242.7 1.5446e+06 1.65462
-0.475 -0.42993 1.28511 0.99659 0.993198 0.0232374 1242.56 1.54428e+06 1.69241
-0.48 -0.425 1.22695 0.996492 0.993002 0.023333 1242.65 1.54448e+06 1.69116
-0.485 -0.419618 1.25481 0.996343 0.992705 0.024512 1241.93 1.54271e+06 1.68592
-0.49 -0.414802 1.32272 0.99623 0.992481 0.0255358 1242.17 1.54331e+06 1.73982
-0.495 -0.409569 1.26233 0.996118 0.992257 0.0260036 1241.73 1.5422e+06 1.70103
-0.5 -0.40461 1.33026 0.995968 0.99196 0.0271239 1241.82 1.54244e+06 1.74883
-0.505 -0.399421 1.24304 0.995786 0.991598 0.0279824 1241.55 1.54176e+06 1.69464
-0.51 -0.39452 1.2933 0.995682 0.99139 0.0291509 1241.71 1.54216e+06 1.72897
-0.515 -0.389202 1.27335 0.995515 0.991057 0.0307722 1241.18 1.54084e+06 1.7234
-0.52 -0.384287 1.30194 0.995375 0.990779 0.0314262 1241.29 1.54112e+06 1.72668
-0.525 -0.379122 1.30396 0.995234 0.9905 0.0322974 1241.13 1.54072e+06 1.71968
-0.53 -0.373835 1.2823 0.995011 0.990056 0.0333688 1240.5 1.53915e+06 1.7141
-0.535 -0.368795 1.29928 0.994871 0.989777 0.0345725 1240.27 1.53859e+06 1.70767
-0.54 -0.363681 1.30487 0.994688 0.989414 0.036135 1240.06 1.53807e+06 1.75108
-0.545 -0.3587 1.29727 0.994546 0.989131 0.0371603 1240.12 1.5382e+06 1.69998
-0.55 -0.353346 1.3081 0.994302 0.988647 0.0387569 1239.4 1.53642e+06 1.72822
-0.555 -0.348401 1.25952 0.994085 0.988215 0.0402137 1239.48 1.53663e+06 1.72468
-0.56 -0.343237 1.29209 0.993876 0.9878 0.0416081 1239.09 1.53568e+06 1.75495
-0.565 -0.338006 1.304 0.993656 0.987363 0.0428739 1238.59 1.53442e+06 1.74111
-0.57 -0.33299 1.29738 0.99348 0.987014 0.0447123 1238.75 1.53483e+06 1.7446
-0.575 -0.327825 1.3339 0.993279 0.986615 0.0457214 1238.39 1.53394e+06 1.7538
-0.58 -0.322652 1.33493 0.993038 0.986137 0.0474971 1237.95 1.53284e+06 1.78253
-0.585 -0.317486 1.31763 0.992784 0.985634 0.0496586 1237.8 1.53248e+06 1.75389
-0.59 -0.312627 1.32531 0.99261 0.985288 0.0511013 1237.61 1.532e+06 1.75801
-0.595 -0.307427 1.34344 0.992238 0.98455 0.0530886 1237.24 1.53108e+06 1.77258
-0.6 -0.301822 1.31818 0.991995 0.984067 0.0539646 1235.89 1.52776e+06 1.75911
-0.605 -0.296973 1.35116 0.991742 0.983566 0.0570249 1236.38 1.52897e+06 1.79195
-0.61 -0.291762 1.30057 0.991443 0.982974 0.0589762 1235.86 1.52769e+06 1.78941
-0.615 -0.286305 1.36378 0.991077 0.982249 0.0616018 1234.66 1.52472e+06 1.81233
-0.62 -0.281622 1.30453 0.99091 0.98192 0.0632864 1235.35 1.52643e+06 1.77972
-0.625 -0.276303 1.35271 0.990568 0.981241 0.0652883 1234.56 1.52447e+06 1.79561
-0.63 -0.27098 1.39909 0.990142 0.980399 0.0684021 1234.17 1.52351e+06 1.8119
-0.635 -0.265925 1.32221 0.989912 0.979945 0.0707542 1233.85 1.52273e+06 1.82858
-0.64 -0.260626 1.34861 0.989502 0.979134 0.0724088 1233.43 1.52168e+06 1.80069
-0.645 -0.25547 1.38034 0.989115 0.978368 0.0751497 1232.93 1.52045e+06 1.84041
-0.65 -0.250221 1.3859 0.988805 0.977755 0.0766695 1232.29 1.51888e+06 1.8203
-0.655 -0.245007 1.40306 0.98838 0.976915 0.0802955 1231.73 1.5175e+06 1.82614
-0.66 -0.239582 1.3759 0.987905 0.975978 0.0835828 1230.81 1.51523e+06 1.82461
-0.665 -0.234927 1.39627 0.987541 0.975259 0.0858933 1231.26 1.51634e+06 1.87401
-0.67 -0.229396 1.42147 0.987087 0.974364 0.0886983 1230.4 1.51423e+06 1.86148
-0.675 -0.223937 1.384 0.986581 0.973367 0.0953998 1229.02 1.51083e+06 1.85896
-0.68 -0.218702 1.3894 0.986048 0.972316 0.0972075 1228.9 1.51053e+06 1.87891
-0.685 -0.213713 1.36367 0.985589 0.971412 0.100776 1228.25 1.50894e+06 1.81232
-0.69 -0.208078 1.42559 0.984962 0.970177 0.106235 1227.21 1.5064e+06 1.86359
-0.695 -0.203408 1.41262 0.984593 0.969452 0.107798 1227.49 1.50707e+06 1.87309
-0.7 -0.197749 1.40261 0.983881 0.96805 0.113121 1226.09 1.50366e+06 1.9089
-0.705 -0.192417 1.44083 0.983276 0.966861 0.117095 1225.18 1.50141e+06 1.91311
-0.71 -0.187182 1.41149 0.982813 0.965952 0.121828 1224.66 1.50013e+06 1.8763
-0.715 -0.181912 1.41885 0.982213 0.964775 0.12458 1223.84 1.49814e+06 1.89599
-0.72 -0.176638 1.42896 0.981539 0.963453 0.132725 1222.84 1.49569e+06 1.90741
-0.725 -0.171187 1.47843 0.980806 0.962016 0.136402 1221.79 1.49312e+06 1.94449
-0.73 -0.166204 1.4501 0.980323 0.961071 0.143051 1221.56 1.49258e+06 1.94206
-0.735 -0.160687 1.45312 0.97952 0.959499 0.14975 1220.53 1.49004e+06 1.95918
-0.74 -0.155247 1.48912 0.978695 0.957882 0.149732 1219.06 1.48647e+06 1.99883
-0.745 -0.15038 1.47742 0.978083 0.956687 0.157382 1219.13 1.48665e+06 1.98707
-0.75 -0.144444 1.46161 0.977069 0.954707 0.165521 1216.66 1.48062e+06 1.96802
-0.755 -0.139604 1.48686 0.976459 0.953516 0.169962 1216.9 1.48122e+06 2.02071
-0.76 -0.133965 1.48957 0.975363 0.951379 0.17668 1215.14 1.47693e+06 2.02183
-0.765 -0.128515 1.48572 0.974446 0.949594 0.188001 1213.57 1.47312e+06 2.03565
-0.77 -0.123298 1.49659 0.973472 0.947697 0.190173 1212.97 1.47166e+06 2.06185
-0.775 -0.117883 1.5231 0.972641 0.946084 0.202724 1211.55 1.46824e+06 2.11863
-0.78 -0.112473 1.51355 0.971542 0.943948 0.21269 1210.36 1.46536e+06 2.10421
-0.785 -0.106797 1.50853 0.970255 0.941451 0.218296 1208.57 1.46103e+06 2.10587
-0.79 -0.101511 1.50271 0.969365 0.939727 0.22236 1207.09 1.45744e+06 2.09529
-0.795 -0.0957173 1.60177 0.967862 0.93682 0.238786 1205.07 1.45259e+06 2.19667
-0.8 -0.0907344 1.54603 0.96686 0.934884 0.252803 1204.43 1.45104e+06 2.18171
-0.805 -0.0854016 1.54759 0.965893 0.933015 0.25664 1203.33 1.44841e+06 2.19167
-0.81 -0.0795466 1.61161 0.964225 0.929801 0.271473 1200.7 1.44209e+06 2.25056
-0.815 -0.0740305 1.56176 0.962989 0.927421 0.280553 1199.23 1.43855e+06 2.19585
-0.82 -0.0684585 1.58632 0.961538 0.924633 0.298216 1197.1 1.43345e+06 2.25545
-0.825 -0.0632015 1.61457 0.959954 0.921593 0.313399 1195.85 1.43049e+06 2.33829
-0.83 -0.0573108 1.60135 0.958366 0.91855 0.321922 1193.44 1.42471e+06 2.30073
-0.835 -0.0520999 1.57639 0.956694 0.915352 0.336762 1191.73 1.42065e+06 2.363
-0.84 -0.0465171 1.62644 0.955235 0.912564 0.349746 1189.79 1.41603e+06 2.40877
-0.845 -0.0407052 1.58715 0.953252 0.908783 0.362659 1187.18 1.40984e+06 2.42404
-0.85 -0.0350155 1.65136 0.951463 0.905383 0.383417 1184.91 1.40445e+06 2.46755
-0.855 -0.0296365 1.62541 0.949315 0.901306 0.41024 1182.28 1.39824e+06 2.51751
-0.86 -0.024273 1.64424 0.947902 0.898627 0.413703 1180.52 1.39408e+06 2.53773
-0.865 -0.0182874 1.60963 0.945321 0.893744 0.433354 1177.35 1.3866e+06 2.52022
-0.87 -0.0125338 1.64062 0.942722 0.888846 0.466394 1174.33 1.37951e+06 2.60146
-0.875 -0.00681046 1.63123 0.94055 0.884761 0.48343 1171.6 1.37311e+06 2.6399
-0.88 -0.00100761 1.67255 0.938071 0.880109 0.506202 1168.14 1.36503e+06 2.70293
-0.885 0.00432431 1.69785 0.935586 0.875463 0.543573 1166.13 1.36036e+06 2.8256
-0.89 0.0105643 1.73025 0.932404 0.869526 0.572431 1161.55 1.3497e+06 2.90568
-0.895 0.0164165 1.66131 0.929767 0.864624 0.606472 1158.1 1.3417e+06 2.85487
-0.9 0.0216255 1.68649 0.927234 0.859926 0.629131 1155.67 1.33608e+06 2.91634
-0.905 0.027598 1.77131 0.92366 0.853326 0.686593 1151.5 1.32648e+06 3.0669
-0.91 0.0337314 1.71158 0.920043 0.846663 0.708438 1146.81 1.31569e+06 3.05247
-0.915 0.0394198 1.70372 0.917144 0.841345 0.734426 1143.22 1.3075e+06 3.15046
-0.92 0.0452921 1.76526 0.913126 0.834004 0.785021 1138.61 1.29698e+06 3.23983
-0.925 0.0513509 1.73225 0.908855 0.826232 0.823728 1133.8 1.28606e+06 3.22892
-0.93 0.0577191 1.69075 0.904375 0.818125 0.885829 1127.89 1.2727e+06 3.33818
-0.935 0.0635586 1.78056 0.899839 0.809954 0.939212 1122.81 1.26131e+06 3.53421
-0.94 0.0696735 1.68043 0.895026 0.801322 0.965833 1116.94 1.24813e+06 3.46205
-0.945 0.0754782 1.73643 0.890137 0.792618 1.0522 1111.81 1.23673e+06 3.6697
-0.95 0.081572 1.70499 0.884798 0.783158 1.11695 1105.68 1.22315e+06 3.74134
-0.955 0.0880258 1.76567 0.878171 0.771498 1.20177 1097.88 1.20598e+06 3.94995
-0.96 0.0939559 1.80594 0.87194 0.760632 1.35408 1091.41 1.19187e+06 4.23218
-0.965 0.100059 1.79839 0.866042 0.750401 1.42916 1084.44 1.17671e+06 4.32199
-0.97 0.106678 1.76459 0.857838 0.736287 1.53965 1075.24 1.15686e+06 4.47589
-0.975 0.113033 1.76907 0.849719 0.722447 1.63195 1066.58 1.13834e+06 4.69194
-0.98 0.119219 1.74495 0.841775 0.709049 1.77952 1058.04 1.12021e+06 4.84292
-0.985 0.125752 1.71443 0.832232 0.693099 1.87515 1047.7 1.09847e+06 5.00278
-0.99 0.132557 1.81064 0.821609 0.67561 2.18012 1035.78 1.07371e+06 5.54001
-0.995 0.138762 1.83139 0.810981 0.65834 2.49422 1025.25 1.05207e+06 6.08529
-1 0.145891 1.79257 0.796565 0.635214 2.6784 1010.01 1.02108e+06 6.35952
-1.005 0.152035 1.73272 0.783853 0.615208 3.00314 997.598 996200 6.67114
-1.01 0.159486 1.70082 0.766533 0.588451 3.37343 979.554 960589 7.2309
-1.015 0.166043 1.73772 0.748952 0.561961 3.96349 962.809 928170 8.09371
-1.02 0.173723 1.67037 0.725331 0.527289 4.54709 939.514 883940 8.89767
-1.025 0.180637 1.65356 0.700266 0.491863 5.72436 916.396 841225 10.5052
-1.03 0.18849 1.61756 0.662782 0.441277 7.66777 882.713 780907 13.0298
-1.035 0.195959 1.55318 0.619236 0.38616 10.3937 845.115 716305 16.4503
-1.04 0.203312 1.33212 0.558646 0.315726 13.9788 795.861 635809 20.2254
-1.045 0.209358 1.0918 0.478318 0.233327 17.4313 734.711 542343 23.0695
-1.05 0.212049 1.02047 0.387984 0.154631 15.744 671.764 453224 19.4284
-1.055 0.212091 1.13193 0.319727 0.104764 9.74964 627.38 394667 11.2778
-1.06 0.211037 1.19129 0.278981 0.0797216 7.26313 603.074 364441 8.21591
-1.065 0.21003 1.22473 0.249007 0.0633967 5.34659 585.804 343698 6.04881
-1.07 0.208965 1.27366 0.224048 0.0513285 4.34359 571.596 327146 4.94433
-1.075 0.207571 1.30666 0.203254 0.0422857 3.73844 560.32 314321 4.314
-1.08 0.206561 1.32033 0.188072 0.0361463 2.97635 552.332 305358 3.47728
-1.085 0.205241 1.29942 0.172861 0.0305401 2.53057 544.251 296454 3.0056
-1.09 0.204341 1.32497 0.161359 0.0266225 2.24959 538.396 290092 2.74725
-1.095 0.203421 1.33931 0.151324 0.023417 1.98963 533.297 284606 2.49999
-1.1 0.202428 1.31026 0.141719 0.0205327 1.72159 528.584 279583 2.29039
-1.105 0.201238 1.38821 0.132658 0.0180258 1.64199 524.307 275068 2.16305
-1.11 0.200541 1.35491 0.125407 0.0160992 1.42982 520.684 271267 1.98372
-1.115 0.199579 1.35755 0.118293 0.0143411 1.33621 517.257 267703 1.90892
-1.12 0.198857 1.37119 0.111973 0.0128559 1.22064 514.213 264554 1.80191
-1.125 0.197925 1.34323 0.105751 0.011479 1.13576 511.307 261565 1.69898
-1.13 0.197097 1.34936 0.100193 0.010308 1.03449 508.619 258815 1.59284
-1.135 0.196395 1.32733 0.0953028 0.00933705 0.976997 506.383 256544 1.592
-1.14 0.195619 1.32088 0.0906109 0.00844524 0.902065 504.196 254326 1.49185
-1.145 0.195059 1.35851 0.086187 0.00764836 0.845417 502.057 252171 1.461
-1.15 0.194202 1.32882 0.0818913 0.00691155 0.788597 500.183 250287 1.38833
-1.155 0.193709 1.3288 0.0784826 0.00635556 0.75282 498.64 248746 1.38594
-1.16 0.193309 1.32398 0.0753846 0.00586404 0.695796 497.104 247213 1.34335
-1.165 0.192345 1.29789 0.0713411 0.00525723 0.643858 495.358 245475 1.28156
-1.17 0.191784 1.31023 0.0682964 0.00482609 0.620923 494.008 244138 1.26284
-1.175 0.191134 1.30206 0.0651368 0.00439359 0.579021 492.553 242701 1.25469
-1.18 0.190386 1.30087 0.0623891 0.00403636 0.55283 491.529 241692 1.24625
-1.185 0.190021 1.32201 0.0599922 0.00373689 0.529275 490.489 240670 1.2282
-1.19 0.189459 1.31309 0.0571084 0.00338853 0.488281 489.024 239230 1.16049
-1.195 0.18871 1.29731 0.0547846 0.00312099 0.459375 488.207 238430 1.15196
-1.2 0.188263 1.2705 0.0525884 0.00288055 0.441651 487.32 237563 1.11614
-1.205 0.187868 1.27464 0.0503722 0.00264654 0.419231 486.173 236445 1.11315
-1.21 0.187513 1.30776 0.0484014 0.00244511 0.393281 485.266 235561 1.06889
-1.215 0.187091 1.27579 0.0464545 0.00225622 0.377075 484.264 234590 1.07567
-1.22 0.186347 1.27396 0.0445271 0.00207843 0.367746 483.67 234015 1.07904
-1.225 0.185856 1.26911 0.0426385 0.00190675 0.340626 482.919 233287 1.0492
-1.23 0.185514 1.23109 0.0411082 0.00177586 0.330164 482.253 232643 1.04105
-1.235 0.18505 1.25035 0.0394872 0.00164091 0.313588 481.522 231937 1.01903
-1.24 0.184537 1.24726 0.0378865 0.00151288 0.297547 480.891 231329 1.01207
-1.245 0.184184 1.24967 0.0364845 0.0014059 0.287165 480.315 230776 1.02365
-1.25 0.183886 1.26003 0.0351767 0.00130902 0.275008 479.659 230147 1.02263
-1.255 0.183389 1.23879 0.0338861 0.00121733 0.265194 479.174 229680 1.00798
-1.26 0.182951 1.26845 0.0324238 0.00111687 0.25177 478.519 229051 0.975495
-1.265 0.18266 1.19615 0.0312843 0.00104165 0.241715 478.035 228588 0.979536
-1.27 0.182351 1.22671 0.0301022 0.000965045 0.226192 477.528 228102 0.955342
-1.275 0.182066 1.22465 0.0291323 0.000906022 0.220151 477.22 227806 0.945554
-1.28 0.18153 1.20761 0.0279216 0.000834185 0.209542 476.82 227426 0.95258
-1.285 0.181265 1.22437 0.0267447 0.000768695 0.205116 476.086 226725 0.943079
-1.29 0.180757 1.21725 0.0256897 0.000710763 0.195086 475.708 226365 0.936152
-1.295 0.180691 1.18871 0.0249751 0.000672806 0.188356 475.415 226086 0.933905
-1.3 0.180417 1.18559 0.0240213 0.000623051 0.176754 474.944 225639 0.942615
-1.305 0.180003 1.208 0.0231525 0.000580441 0.170504 474.815 225515 0.917938
-1.31 0.179591 1.20687 0.0221852 0.000535666 0.166967 474.311 225036 0.916857
-1.315 0.179386 1.20206 0.021466 0.000502118 0.158706 474.051 224790 0.926727
-1.32 0.17932 1.18202 0.0207003 0.000467881 0.15122 473.441 224211 0.90308
-1.325 0.178787 1.18509 0.0199272 0.000435412 0.147147 473.368 224141 0.892729
-1.33 0.178636 1.13935 0.0192226 0.000405307 0.137473 472.994 223787 0.903397
-1.335 0.178408 1.17836 0.0185333 0.000377964 0.132402 472.713 223520 0.876871
-1.34 0.177999 1.1953 0.0179283 0.000355077 0.129228 472.504 223324 0.901941
-1.345 0.177765 1.15947 0.0173015 0.000332095 0.125776 472.328 223157 0.886219
-1.35 0.177492 1.1568 0.0166763 0.000309506 0.120604 472.055 222899 0.898118
-1.355 0.177614 1.16921 0.0161784 0.000291927 0.115916 471.621 222489 0.875894
-1.36 0.177192 1.1721 0.0154977 0.000268878 0.110209 471.455 222331 0.871642
-1.365 0.176845 1.14637 0.014908 0.000249885 0.106127 471.27 222158 0.874894
-1.37 0.176713 1.16005 0.0144206 0.000234523 0.10203 470.929 221838 0.893862
-1.375 0.176293 1.14435 0.0139093 0.000219282 0.099124 470.974 221877 0.864861
-1.38 0.176202 1.13517 0.0135734 0.000209222 0.0959373 470.816 221727 0.851348
-1.385 0.176025 1.12535 0.0129553 0.000192056 0.0929916 470.449 221383 0.870549
-1.39 0.176002 1.12721 0.0125484 0.000180517 0.0885351 470.129 221082 0.866578
-1.395 0.175823 1.13769 0.0120824 0.000167899 0.0841552 469.919 220885 0.855093
-1.4 0.17564 1.14295 0.0117161 0.000158702 0.0823145 469.916 220882 0.857036
-1.405 0.175241 1.11207 0.0112244 0.000146234 0.0777499 469.711 220689 0.85733
-1.41 0.175057 1.10086 0.0109225 0.000139233 0.0765401 469.726 220703 0.853161
-1.415 0.174951 1.10219 0.0105429 0.000130426 0.0740117 469.409 220405 0.847273
-1.42 0.174892 1.11018 0.0101852 0.000122336 0.0714112 469.288 220292 0.860241
-1.425 0.1746 1.11042 0.00985304 0.000115126 0.0692865 469.352 220351 0.851317
-1.43 0.174661 1.08366 0.00943733 0.00010612 0.0654976 468.8 219833 0.847253
-1.435 0.1744 1.07033 0.00915503 0.00010046 0.0639167 468.776 219811 0.84893
-1.44 0.174297 1.12328 0.00880686 9.33541e-05 0.0606465 468.6 219646 0.846821
-1.445 0.173906 1.05489 0.00855764 8.87997e-05 0.0597753 468.671 219710 0.823091
-1.45 0.173859 1.06259 0.00825521 8.29912e-05 0.0569962 468.488 219541 0.851564
-1.455 0.173726 1.09319 0.00790434 7.67289e-05 0.0547211 468.315 219378 0.849535
-1.46 0.173594 1.0823 0.00767413 7.26683e-05 0.0528999 468.182 219253 0.843737
-1.465 0.173608 1.09765 0.0075158 6.99213e-05 0.0515867 468.189 219261 0.856923
-1.47 0.173357 1.06497 0.00722908 6.501e-05 0.0489615 468.164 219235 0.827021
-1.475 0.173355 1.078 0.00696372 6.11419e-05 0.0485703 467.88 218971 0.837661
-1.48 0.173029 1.0739 0.00671901 5.73494e-05 0.0468645 467.986 219069 0.829222
-1.485 0.172936 1.06464 0.0064684 5.34867e-05 0.0447224 467.893 218983 0.840673
-1.49 0.172765 1.06215 0.00625946 5.05204e-05 0.0435438 467.805 218900 0.830681
-1.495 0.172754 1.05657 0.00603993 4.72093e-05 0.0411974 467.569 218679 0.833334
