-1.5 0.144744 1.45459 0.0105149 0.000129592 0.0913368 479.399 229876 0.909999
-1.495 0.144952 1.47066 0.0110161 0.000141803 0.0981462 479.217 229703 0.926492
-1.49 0.145485 1.49147 0.0116317 0.000157283 0.105538 478.709 229217 0.948298
-1.485 0.145578 1.48537 0.0120141 0.000166481 0.10628 478.604 229115 0.927683
-1.48 0.145968 1.52449 0.0125706 0.00018133 0.111893 478.123 228657 0.958611
-1.475 0.146296 1.47831 0.0131764 0.000197627 0.115246 477.911 228452 0.932398
-1.47 0.146589 1.50612 0.0137889 0.000215681 0.12263 477.635 228190 0.953217
-1.465 0.14701 1.52616 0.0143901 0.000233497 0.126827 477.168 227744 0.954185
-1.46 0.147185 1.51605 0.0150196 0.000253511 0.134025 476.999 227584 0.973983
-1.455 0.147614 1.55162 0.0156943 0.000275723 0.141184 476.531 227138 0.977315
-1.45 0.147994 1.54839 0.0165005 0.000303478 0.14981 476.176 226800 0.988673
-1.445 0.148213 1.56566 0.0171126 0.00032495 0.154126 475.908 226545 0.991427
-1.44 0.148748 1.60158 0.0180507 0.00036031 0.165516 475.316 225982 0.99518
-1.435 0.149169 1.61302 0.0188947 0.0003928 0.17179 474.832 225524 1.01933
-1.43 0.149715 1.62507 0.0198873 0.000433009 0.180014 474.319 225037 1.02117
-1.425 0.150004 1.64033 0.0205738 0.000463173 0.191482 473.949 224686 1.02635
-1.42 0.150566 1.60725 0.0215973 0.000507663 0.19785 473.444 224208 1.03325
-1.415 0.150802 1.65214 0.0225684 0.000553232 0.210716 473.047 223834 1.05799
-1.41 0.151552 1.72146 0.0237427 0.00061022 0.223218 472.264 223094 1.07485
-1.405 0.152009 1.7432 0.0249256 0.000670379 0.235648 471.702 222564 1.07768
-1.4 0.15255 1.73167 0.0261142 0.000734196 0.250763 471.067 221964 1.07487
-1.395 0.153195 1.75652 0.0274152 0.000807011 0.266007 470.253 221201 1.1184
-1.39 0.153679 1.72738 0.0286662 0.000879828 0.278762 469.602 220588 1.09812
-1.385 0.15423 1.72673 0.0299616 0.000956915 0.284233 468.983 220007 1.10217
-1.38 0.154975 1.81255 0.0315549 0.00105931 0.305263 468.106 219188 1.15653
-1.375 0.155781 1.82079 0.0332203 0.00117118 0.324414 467.138 218284 1.17705
-1.37 0.156148 1.83396 0.0346812 0.00127322 0.338121 466.588 217771 1.18873
-1.365 0.157223 1.83917 0.0367003 0.00142304 0.365403 465.219 216497 1.22368
-1.36 0.158072 1.90386 0.0387091 0.00157776 0.380943 464.195 215546 1.24216
-1.355 0.15861 1.86654 0.040293 0.0017075 0.403101 463.385 214796 1.2589
-1.35 0.159498 1.88364 0.0425408 0.0018986 0.426613 462.247 213743 1.26433
-1.345 0.160268 1.93764 0.0449646 0.00211693 0.456545 461.086 212673 1.32136
-1.34 0.161263 1.95462 0.0471816 0.00232841 0.491069 459.773 211465 1.33825
-1.335 0.162177 2.00897 0.0496595 0.00257681 0.531589 458.448 210252 1.40028
-1.33 0.16306 2.01536 0.0522179 0.00284447 0.565281 457.17 209083 1.43199
-1.325 0.164283 2.03131 0.0553222 0.00318291 0.587314 455.482 207544 1.45724
-1.32 0.165428 2.07117 0.058566 0.00356385 0.642619 453.814 206030 1.51324
-1.315 0.166524 2.08459 0.0618085 0.00396322 0.686053 452.142 204516 1.5434
-1.31 0.16755 2.18411 0.0648969 0.00436905 0.75574 450.478 203020 1.65544
-1.305 0.168884 2.17513 0.068994 0.00492916 0.811149 448.473 201218 1.67621
-1.3 0.170192 2.15131 0.0730709 0.00551795 0.857217 446.305 199281 1.73478
-1.295 0.171855 2.21617 0.0779777 0.00627941 0.954681 443.731 196994 1.81415
-1.29 0.173417 2.26856 0.0830319 0.00710996 1.0352 441.117 194685 1.90849
-1.285 0.175192 2.29205 0.0887155 0.00810485 1.12522 438.135 192068 2.01225
-1.28 0.176838 2.3929 0.0943513 0.00916446 1.25901 435.269 189572 2.15875
-1.275 0.178477 2.49532 0.100652 0.0104258 1.41603 432.114 186844 2.34402
-1.27 0.1809 2.38207 0.108724 0.0121329 1.4978 427.933 183247 2.33739
-1.265 0.183103 2.53015 0.116879 0.0140197 1.72279 423.739 179690 2.66255
-1.26 0.185037 2.6289 0.125118 0.0160652 1.97183 419.833 176405 2.88815
-1.255 0.187713 2.65444 0.13564 0.0188606 2.21906 414.508 171975 3.16242
-1.25 0.190452 2.7896 0.147477 0.0223099 2.69033 408.752 167259 3.6748
-1.245 0.194243 2.94605 0.163526 0.0274093 3.20848 400.679 160746 4.21046
-1.24 0.198122 3.19723 0.181732 0.0339111 4.24659 391.84 153787 5.27425
-1.235 0.199395 4.3111 0.425941 0.307527 605.289 290.299 105386 606.037
-1.23 0.184227 0.0826256 0.998216 0.996439 0.0163303 56.6034 3211.66 1.13548
-1.225 0.179195 0.0797681 0.998308 0.996622 0.0151057 56.5526 3205.9 1.13553
-1.22 0.174169 0.0788741 0.998364 0.996733 0.0147829 56.5342 3203.83 1.13715
-1.215 0.169117 0.0788107 0.998473 0.996952 0.0135647 56.462 3195.46 1.10678
-1.21 0.164129 0.0773319 0.9985 0.997004 0.0130795 56.4496 3194.11 1.1146
-1.205 0.159077 0.0788683 0.998596 0.997197 0.0125854 56.4457 3193.76 1.12925
-1.2 0.154068 0.0762538 0.998649 0.997302 0.0118887 56.4159 3190.23 1.10411
-1.195 0.149056 0.0753817 0.998698 0.9974 0.0114695 56.387 3186.96 1.10297
-1.19 0.144002 0.072882 0.998785 0.997574 0.0106895 56.3516 3182.89 1.09224
-1.185 0.138978 0.0734748 0.998813 0.99763 0.010302 56.3566 3183.43 1.08815
-1.18 0.133975 0.0723283 0.998905 0.997813 0.00958447 56.2571 3172.27 1.09837
-1.175 0.128957 0.0722551 0.998905 0.997812 0.00953615 56.3379 3181.17 1.06737
-1.17 0.123926 0.0725403 0.998953 0.997909 0.00924436 56.3088 3178.1 1.09886
-1.165 0.118904 0.0706615 0.999023 0.998048 0.00847439 56.2415 3170.4 1.08119
-1.16 0.113906 0.0698221 0.999033 0.998069 0.00832266 56.2661 3173.21 1.08599
-1.155 0.108885 0.0708495 0.999093 0.998188 0.00788619 56.2297 3168.95 1.0632
-1.15 0.103876 0.0691794 0.999122 0.998247 0.00759359 56.2369 3169.84 1.07408
-1.145 0.0988328 0.0682598 0.999168 0.998337 0.00719296 56.2397 3170.24 1.08719
-1.14 0.0938286 0.0682457 0.999202 0.998405 0.00691105 56.2025 3166.06 1.08752
-1.135 0.0888332 0.0688772 0.999223 0.998449 0.00672212 56.1326 3158.08 1.07034
-1.13 0.0838105 0.0677681 0.999253 0.998509 0.00655971 56.1526 3160.34 1.07216
-1.125 0.078793 0.0667095 0.999295 0.998592 0.00603364 56.1465 3159.7 1.07812
-1.12 0.0737682 0.0668959 0.999306 0.998614 0.00592375 56.1645 3161.65 1.06899
-1.115 0.0687717 0.0664214 0.999354 0.99871 0.00559177 56.1139 3155.83 1.0487
-1.11 0.063755 0.0650437 0.999379 0.998759 0.00529938 56.1569 3160.88 1.08058
-1.105 0.0587388 0.064318 0.99941 0.998821 0.00500145 56.0659 3150.48 1.05406
-1.1 0.0537315 0.0633261 0.999436 0.998872 0.00478168 56.0844 3152.59 1.05897
-1.095 0.0487348 0.0641224 0.999469 0.998939 0.00448471 56.0627 3150.07 1.04812
-1.09 0.0436804 0.0628838 0.999484 0.998969 0.00435927 56.1163 3156.23 1.06786
-1.085 0.0387055 0.0631935 0.999491 0.998983 0.0043272 56.0573 3149.62 1.06929
-1.08 0.0336836 0.0622296 0.999522 0.999044 0.00414706 56.0839 3152.47 1.0497
-1.075 0.0286644 0.0624884 0.999535 0.999071 0.00396065 56.0107 3144.29 1.05508
-1.07 0.0236569 0.0614376 0.999568 0.999137 0.00365811 56.0335 3146.9 1.06333
-1.065 0.0186711 0.0612315 0.999567 0.999135 0.00362376 55.9921 3142.25 1.06179
-1.06 0.0136367 0.0610321 0.999596 0.999192 0.00343505 56.0428 3147.87 1.05151
-1.055 0.00862981 0.0597521 0.99962 0.99924 0.00323592 56.0191 3145.17 1.04553
-1.05 0.00365142 0.0613786 0.999615 0.99923 0.00324057 56.0216 3145.5 1.05263
-1.045 -0.00136214 0.0586347 0.999645 0.999291 0.00302488 55.9807 3140.95 1.05816
-1.04 -0.00638593 0.059584 0.999655 0.999311 0.00292995 55.9727 3140.07 1.06029
-1.035 -0.0113886 0.0599349 0.999673 0.999347 0.00278564 55.9973 3142.78 1.05297
-1.03 -0.0164053 0.0590204 0.999677 0.999355 0.0027186 56.0145 3144.76 1.06212
-1.025 -0.0214036 0.0594492 0.999699 0.999399 0.00252217 55.9864 3141.55 1.05152
-1.02 -0.0264039 0.0578926 0.999715 0.999431 0.00242821 55.9447 3136.92 1.05992
-1.015 -0.0314158 0.058068 0.999717 0.999435 0.00241701 55.976 3140.44 1.06063
-1.01 -0.0364351 0.0566101 0.999743 0.999487 0.00213383 55.9303 3135.27 1.05315
-1.005 -0.041424 0.0568559 0.999743 0.999487 0.00216804 55.9674 3139.24 1.02654
-1 -0.0464225 0.0582256 0.999757 0.999514 0.00204138 55.9415 3136.6 1.06461
-0.995 -0.0514292 0.0567049 0.999767 0.999534 0.00196957 55.9757 3140.34 1.05095
-0.99 -0.056468 0.0566577 0.999784 0.999568 0.00179542 55.9498 3137.38 1.0433
-0.985 -0.0614535 0.0562853 0.999786 0.999573 0.00179899 55.9344 3135.63 1.03759
-0.98 -0.0664572 0.0566052 0.999793 0.999586 0.00175645 55.9419 3136.55 1.05069
-0.975 -0.0714422 0.0560867 0.999804 0.999608 0.00164453 55.8994 3131.76 1.04598
-0.97 -0.0764636 0.0553185 0.99981 0.99962 0.00159447 55.8795 3129.47 1.03627
-0.965 -0.081454 0.0538356 0.999818 0.999637 0.00149391 55.8727 3128.68 1.03216
-0.96 -0.0864524 0.0557585 0.999813 0.999626 0.00157755 55.8994 3131.81 1.0525
-0.955 -0.0914898 0.0558269 0.999834 0.999669 0.00140189 55.9261 3134.82 1.05771
-0.95 -0.0965006 0.0557168 0.999841 0.999682 0.00133753 55.9254 3134.65 1.04299
-0.945 -0.101497 0.0540518 0.999848 0.999697 0.0012691 55.9097 3132.95 1.05263
-0.94 -0.106477 0.0546192 0.999854 0.999708 0.00123194 55.891 3130.88 1.05541
-0.935 -0.111514 0.0533303 0.999866 0.999732 0.00113401 55.8726 3128.82 1.05465
-0.93 -0.116533 0.0537498 0.999867 0.999734 0.00111386 55.9126 3133.23 1.04521
-0.925 -0.121503 0.0545012 0.999869 0.999738 0.00109993 55.8945 3131.19 1.04138
-0.92 -0.126517 0.0538252 0.999877 0.999754 0.00101813 55.8969 3131.42 1.03649
-0.915 -0.131493 0.0537463 0.999883 0.999767 0.000975707 55.8905 3130.76 1.0451
-0.91 -0.136507 0.0529733 0.999884 0.999768 0.000976722 55.8764 3129.17 1.04218
-0.905 -0.141518 0.0533291 0.999887 0.999774 0.000967773 55.8795 3129.52 1.04513
-0.9 -0.146515 0.0534954 0.999896 0.999792 0.000869502 55.8871 3130.4 1.04965
-0.895 -0.151529 0.0529319 0.999902 0.999804 0.000813191 55.8686 3128.32 1.04829
-0.89 -0.15653 0.0524588 0.999904 0.999808 0.000800664 55.883 3129.88 1.04084
-0.885 -0.161501 0.0516447 0.999911 0.999823 0.000736888 55.8439 3125.61 1.05421
-0.88 -0.166524 0.0518919 0.999912 0.999825 0.000729236 55.8825 3129.86 1.04517
-0.875 -0.171523 0.0522289 0.999914 0.999829 0.000722796 55.8799 3129.46 1.02913
-0.87 -0.176556 0.051614 0.999922 0.999845 0.000642259 55.9043 3132.35 1.0517
-0.865 -0.181536 0.0524126 0.999921 0.999842 0.000662914 55.8927 3130.9 1.03042
-0.86 -0.186559 0.0518283 0.999928 0.999856 0.00060352 55.8927 3130.98 1.04138
-0.855 -0.191541 0.0521087 0.99993 0.999859 0.000593918 55.8668 3128.01 1.03119
-0.85 -0.196555 0.0526058 0.999929 0.999857 0.000603455 55.8863 3130.23 1.03605
-0.845 -0.201564 0.0512402 0.999932 0.999865 0.000572726 55.9212 3134.09 1.02943
-0.84 -0.206533 0.0512647 0.999937 0.999875 0.000525798 55.8716 3128.73 1.05891
-0.835 -0.211564 0.051194 0.999943 0.999886 0.000478361 55.8984 3131.66 1.04906
-0.83 -0.216569 0.0509175 0.999944 0.999887 0.000464366 55.8764 3129.07 1.02744
-0.825 -0.221567 0.0503637 0.999949 0.999899 0.000420926 55.8646 3127.75 1.02827
-0.82 -0.226558 0.0508483 0.999945 0.99989 0.000462031 55.8682 3128.2 1.03542
-0.815 -0.231546 0.0503774 0.999944 0.999889 0.000461076 55.8967 3131.4 1.03741
-0.81 -0.23655 0.0506069 0.99995 0.999901 0.000411385 55.8119 3121.91 1.03769
-0.805 -0.241564 0.050647 0.999952 0.999904 0.000405486 55.8553 3126.75 1.03499
-0.8 -0.246569 0.0514873 0.999954 0.999908 0.00037978 55.9063 3132.53 1.04598
-0.795 -0.251569 0.0501823 0.999958 0.999917 0.000349016 55.8389 3124.97 1.04209
-0.79 -0.25656 0.0508017 0.999958 0.999917 0.000349774 55.8312 3124.11 1.04248
-0.785 -0.261586 0.0510249 0.999959 0.999919 0.000335717 55.8725 3128.86 1.06219
-0.78 -0.266574 0.0509681 0.99996 0.99992 0.000332201 55.8728 3128.7 1.03352
-0.775 -0.271563 0.0510531 0.999962 0.999925 0.000320847 55.8734 3128.83 1.04416
-0.77 -0.276573 0.0509717 0.999962 0.999923 0.000314806 55.8751 3129.06 1.04888
-0.765 -0.281592 0.0507174 0.999963 0.999926 0.000304551 55.8678 3128.29 1.05686
-0.76 -0.286583 0.0503304 0.999964 0.999928 0.000302654 55.8554 3126.79 1.03804
-0.755 -0.291569 0.0507214 0.999966 0.999933 0.000285354 55.8348 3124.53 1.04528
-0.75 -0.296569 0.0502552 0.999972 0.999944 0.000234172 55.8378 3124.87 1.0456
-0.745 -0.301558 0.0497813 0.999971 0.999943 0.000239864 55.8543 3126.59 1.02808
-0.74 -0.306582 0.0500443 0.999972 0.999943 0.000237018 55.8895 3130.61 1.04006
-0.735 -0.311579 0.0499641 0.999974 0.999948 0.000218887 55.8588 3127.19 1.04145
-0.73 -0.316579 0.0503464 0.999974 0.999949 0.000210994 55.8546 3126.66 1.03362
-0.725 -0.32157 0.0493196 0.999976 0.999952 0.000198344 55.8481 3126.08 1.05444
-0.72 -0.326598 0.0492047 0.999976 0.999951 0.000203307 55.9079 3132.56 1.02368
-0.715 -0.33159 0.0494035 0.999977 0.999954 0.000198502 55.8927 3130.9 1.02879
-0.71 -0.336566 0.0496657 0.999979 0.999959 0.000171562 55.8546 3126.65 1.03137
-0.705 -0.341591 0.0497515 0.999979 0.999957 0.000176468 55.8733 3128.8 1.03947
-0.7 -0.346581 0.0495353 0.99998 0.99996 0.000165911 55.8361 3124.73 1.05334
-0.695 -0.351584 0.0501852 0.99998 0.999959 0.000170184 55.8658 3127.98 1.04268
-0.69 -0.356585 0.0497105 0.999981 0.999962 0.000157393 55.8635 3127.74 1.04596
-0.685 -0.361605 0.0491519 0.999985 0.999971 0.000121929 55.9189 3133.92 1.04352
-0.68 -0.366578 0.0490937 0.999982 0.999964 0.000151083 55.8338 3124.37 1.0395
-0.675 -0.371609 0.0501334 0.999984 0.999969 0.000129773 55.8654 3127.9 1.03769
-0.67 -0.376574 0.0495991 0.999985 0.99997 0.000131271 55.8811 3129.69 1.04197
-0.665 -0.38158 0.0480877 0.999987 0.999975 0.000105576 55.8417 3125.26 1.04012
-0.66 -0.386584 0.0486621 0.999985 0.99997 0.000125509 55.877 3129.2 1.0394
-0.655 -0.39161 0.0493077 0.999987 0.999973 0.000111255 55.8731 3128.86 1.05326
-0.65 -0.3966 0.0488488 0.999987 0.999974 0.000108427 55.8332 3124.25 1.02991
-0.645 -0.401588 0.0503266 0.999987 0.999974 0.000110565 55.867 3128.2 1.05518
-0.64 -0.406605 0.0491283 0.999989 0.999979 8.84461e-05 55.8436 3125.48 1.0405
-0.635 -0.411591 0.0489747 0.999989 0.999979 8.84285e-05 55.8593 3127.25 1.04338
-0.63 -0.416602 0.0487235 0.999989 0.999978 9.05716e-05 55.8637 3127.65 1.0287
-0.625 -0.421575 0.0489906 0.999989 0.999977 9.48749e-05 55.8327 3124.27 1.04165
-0.62 -0.426607 0.0488843 0.999989 0.999979 8.69994e-05 55.8419 3125.39 1.05465
-0.615 -0.431581 0.0494736 0.999991 0.999983 7.19763e-05 55.8611 3127.54 1.05487
-0.61 -0.436615 0.0478117 0.999992 0.999984 6.76781e-05 55.8932 3131.01 1.03674
-0.605 -0.441577 0.049159 0.999989 0.999979 8.91607e-05 55.8411 3125.33 1.06035
-0.6 -0.446586 0.0490289 0.99999 0.999981 7.91341e-05 55.8469 3125.79 1.03222
-0.595 -0.45158 0.0482522 0.999993 0.999985 6.19431e-05 55.8284 3123.8 1.04436
-0.59 -0.456586 0.048925 0.999992 0.999983 7.05579e-05 55.8748 3128.94 1.03706
-0.585 -0.461612 0.0490711 0.999992 0.999984 6.69748e-05 55.8607 3127.41 1.04318
-0.58 -0.466574 0.0491938 0.999993 0.999986 5.97913e-05 55.8261 3123.6 1.05084
-0.575 -0.471612 0.0485698 0.999993 0.999986 6.12381e-05 55.8827 3129.74 1.02336
-0.57 -0.476572 0.0476495 0.999995 0.99999 4.18343e-05 55.8316 3124.09 1.0346
-0.565 -0.481601 0.0496079 0.999994 0.999988 4.90226e-05 55.8184 3122.65 1.03908
-0.56 -0.486612 0.0480017 0.999993 0.999987 5.54858e-05 55.875 3128.98 1.03901
-0.555 -0.491583 0.0492518 0.999995 0.999989 4.39916e-05 55.8419 3125.28 1.03825
-0.55 -0.496596 0.048726 0.999995 0.999989 4.39916e-05 55.8562 3126.89 1.04025
-0.545 -0.501589 0.0486667 0.999995 0.99999 4.11151e-05 55.8406 3125.17 1.04347
-0.54 -0.506593 0.0478101 0.999994 0.999988 4.9741e-05 55.8341 3124.36 1.0326
-0.535 -0.511594 0.0485795 0.999995 0.99999 4.25535e-05 55.8297 3123.95 1.0446
-0.53 -0.516595 0.0495215 0.999995 0.99999 4.11151e-05 55.8441 3125.44 1.02584
-0.525 -0.521602 0.0482479 0.999996 0.999992 3.46389e-05 55.8377 3124.75 1.03007
-0.52 -0.526591 0.0486165 0.999996 0.999992 3.17587e-05 55.8162 3122.49 1.05119
-0.515 -0.531615 0.0483114 0.999996 0.999991 3.60786e-05 55.8481 3125.94 1.03417
-0.51 -0.536598 0.0492745 0.999996 0.999991 3.60786e-05 55.8332 3124.38 1.05116
-0.505 -0.541627 0.0469628 0.999997 0.999995 2.16688e-05 55.8695 3128.46 1.05355
-0.5 -0.546616 0.0478984 0.999997 0.999993 2.74362e-05 55.8817 3129.71 1.03534
