1 0.115416 0.369403 0.728984 0.531819 0.231213 108.549 11800.7 0.163599
0.99 0.111548 0.369998 0.731649 0.535708 0.231155 108.456 11780 0.162027
0.98 0.108141 0.379235 0.73375 0.538783 0.231945 108.474 11784 0.163357
0.97 0.103922 0.388967 0.736253 0.542466 0.236095 108.419 11771.7 0.162606
0.96 0.100045 0.3958 0.738438 0.545687 0.237353 108.44 11776.4 0.163989
0.95 0.0957962 0.39933 0.741297 0.549911 0.236462 108.333 11752.9 0.163633
0.94 0.0920051 0.406599 0.743555 0.553256 0.234076 108.299 11744.9 0.159168
0.93 0.0873708 0.414735 0.7463 0.557348 0.237983 108.304 11745.9 0.160792
0.92 0.0833853 0.419699 0.748659 0.560868 0.23681 108.266 11737.5 0.160883
0.91 0.0793579 0.42667 0.751348 0.564903 0.24046 108.217 11726.7 0.160589
0.9 0.0751419 0.43962 0.753962 0.568838 0.242551 108.156 11713.2 0.159078
0.89 0.0707297 0.443669 0.756474 0.572624 0.240013 108.186 11719.8 0.161476
0.88 0.0663312 0.450978 0.759221 0.576786 0.241122 108.134 11708.1 0.159149
0.87 0.0616043 0.468765 0.76214 0.58123 0.246489 108.106 11702.2 0.161354
0.86 0.0568545 0.46711 0.764913 0.58546 0.246761 108.099 11700 0.157751
0.85 0.0522611 0.484175 0.767774 0.589838 0.244886 107.987 11675.6 0.156979
0.84 0.0476839 0.476509 0.770577 0.594144 0.243072 107.999 11678.1 0.157219
0.83 0.042607 0.491159 0.773684 0.598942 0.245847 107.939 11664.9 0.158535
0.82 0.0377172 0.498743 0.776822 0.60381 0.251092 107.852 11646.1 0.158739
0.81 0.0323672 0.510593 0.779985 0.608723 0.246352 107.801 11635 0.15867
0.8 0.0276576 0.527443 0.782872 0.613236 0.250034 107.815 11637.6 0.157578
0.79 0.0220346 0.517984 0.78594 0.618041 0.246856 107.815 11637.4 0.157422
0.78 0.0169035 0.545442 0.789243 0.623246 0.252086 107.775 11628.7 0.158896
0.77 0.0115336 0.544984 0.792501 0.628387 0.246141 107.731 11618.9 0.155504
0.76 0.00609441 0.564088 0.795947 0.633866 0.25272 107.617 11594.3 0.157254
0.75 0.000159534 0.559377 0.799453 0.639447 0.247786 107.592 11588.5 0.153506
0.74 -0.00558465 0.580286 0.802812 0.644826 0.248196 107.594 11588.6 0.15249
0.73 -0.0111586 0.593634 0.806246 0.650351 0.250963 107.545 11577.9 0.153658
0.72 -0.0171193 0.598078 0.80983 0.656138 0.25147 107.484 11564.8 0.154678
0.71 -0.0228903 0.593045 0.813282 0.661728 0.242846 107.492 11565.9 0.150145
0.7 -0.0293568 0.620831 0.817121 0.667987 0.246469 107.413 11548.8 0.151195
0.69 -0.0354745 0.635357 0.820778 0.673972 0.246671 107.395 11545 0.152234
0.68 -0.0420535 0.637679 0.82474 0.680486 0.24599 107.319 11528.5 0.15332
0.67 -0.0485623 0.643903 0.828584 0.686835 0.244464 107.314 11527.3 0.152709
0.66 -0.0547983 0.658991 0.83223 0.692891 0.247299 107.273 11518.3 0.151851
0.65 -0.0615217 0.682936 0.836198 0.699505 0.246595 107.25 11513 0.150372
0.64 -0.0686777 0.677642 0.840306 0.706382 0.241055 107.248 11512.4 0.150905
0.63 -0.075121 0.687519 0.843963 0.712536 0.240383 107.261 11515 0.149253
0.62 -0.0824476 0.704359 0.848235 0.71976 0.238335 107.159 11493 0.14963
0.61 -0.0895379 0.722285 0.852512 0.727026 0.235848 107.115 11483.1 0.145998
0.6 -0.0971149 0.719482 0.856748 0.734259 0.231255 107.128 11485.7 0.146048
0.59 -0.104068 0.735964 0.860651 0.740958 0.231769 107.138 11487.7 0.145488
0.58 -0.111189 0.747442 0.864812 0.748131 0.228726 107.143 11488.7 0.144796
0.57 -0.119243 0.752487 0.869175 0.755689 0.226098 107.137 11487.1 0.144312
0.56 -0.126869 0.776206 0.873571 0.763344 0.22434 107.139 11487.3 0.142605
0.55 -0.134774 0.789068 0.878002 0.771095 0.217844 107.103 11479.3 0.142239
0.54 -0.142445 0.80952 0.882141 0.778377 0.217244 107.194 11498.9 0.142832
0.53 -0.150774 0.815678 0.886654 0.786352 0.213421 107.172 11493.9 0.141848
0.52 -0.158971 0.821217 0.891065 0.794182 0.205151 107.203 11500.4 0.140794
0.51 -0.167111 0.837534 0.895483 0.802071 0.204702 107.23 11505.9 0.14027
0.5 -0.175682 0.85259 0.899946 0.810078 0.202983 107.313 11523.7 0.142766
0.49 -0.18424 0.861423 0.904351 0.818017 0.196668 107.331 11527.3 0.138433
0.48 -0.192738 0.866363 0.908845 0.82616 0.191277 107.387 11539 0.13779
0.47 -0.201427 0.884992 0.913132 0.833964 0.18974 107.52 11567.5 0.136687
0.46 -0.210488 0.893922 0.917757 0.842424 0.182564 107.572 11578.4 0.136916
0.45 -0.219228 0.887233 0.922008 0.850236 0.176474 107.681 11601.9 0.13646
0.44 -0.228441 0.910243 0.926452 0.858445 0.171407 107.774 11621.8 0.137556
0.43 -0.237777 0.90178 0.930944 0.866778 0.163105 107.92 11653.1 0.135235
0.42 -0.246815 0.926575 0.935201 0.874715 0.15725 108.03 11676.6 0.134381
0.41 -0.256008 0.943082 0.939335 0.882459 0.152617 108.197 11712.6 0.137812
0.4 -0.265353 0.927115 0.943506 0.890304 0.143751 108.388 11753.7 0.133582
0.39 -0.274868 0.949583 0.947626 0.898089 0.138605 108.542 11787 0.132389
0.38 -0.284234 0.966634 0.95164 0.905706 0.132846 108.761 11834.5 0.134946
0.37 -0.293854 0.954421 0.955562 0.913178 0.122477 108.992 11884.6 0.13431
0.36 -0.303851 0.960782 0.959487 0.920687 0.115059 109.283 11948 0.131577
0.35 -0.313419 0.970264 0.963064 0.927558 0.108292 109.557 12007.9 0.134999
0.34 -0.322862 1.00105 0.966523 0.934227 0.102607 109.9 12083.1 0.134656
0.33 -0.332954 0.985313 0.969954 0.940865 0.0933185 110.267 12163.7 0.135006
0.32 -0.342942 1.00233 0.973228 0.947221 0.0859921 110.682 12255.1 0.13356
0.31 -0.35273 0.987944 0.976282 0.953169 0.0781593 111.096 12347 0.133653
0.3 -0.362671 0.995904 0.97925 0.958968 0.0706912 111.534 12444.4 0.134652
0.29 -0.373007 1.00508 0.981965 0.964287 0.0638526 112.056 12560.8 0.13328
0.28 -0.383203 1.0041 0.984509 0.969286 0.0563793 112.627 12689 0.134371
0.27 -0.393278 1.0165 0.98679 0.973777 0.0496791 113.215 12821.7 0.133195
0.26 -0.403528 1.0485 0.988922 0.977986 0.0437805 113.859 12967.8 0.135638
0.25 -0.413999 1.05547 0.990844 0.981788 0.0377259 114.593 13135.4 0.133851
0.24 -0.424508 1.07608 0.992564 0.985197 0.0313928 115.327 13304.2 0.137082
0.23 -0.435286 1.07323 0.994063 0.988172 0.0257332 116.175 13500.3 0.135691
0.22 -0.446126 1.10251 0.995387 0.990803 0.0211231 117.07 13709 0.137201
0.21 -0.457307 1.11541 0.996508 0.993035 0.0169124 118.012 13930.3 0.135993
0.2 -0.468519 1.14527 0.997383 0.994777 0.0132 119.073 14181.6 0.137224
0.19 -0.480357 1.17987 0.99816 0.996327 0.00956641 120.18 14446.3 0.137232
0.18 -0.491986 1.17508 0.998732 0.997467 0.00701315 121.339 14726.1 0.138115
0.17 -0.504038 1.20763 0.999173 0.998348 0.00487993 122.561 15024.1 0.137751
0.16 -0.516405 1.22263 0.999488 0.998978 0.00321585 123.911 15356.7 0.135594
0.15 -0.528737 1.2566 0.999698 0.999396 0.00204655 125.214 15681.1 0.136416
0.14 -0.541353 1.2553 0.999834 0.999669 0.0011984 126.607 16031.7 0.133192
0.13 -0.5539 1.26726 0.999924 0.999848 0.000594038 127.997 16385.5 0.134116
0.12 -0.566471 1.24052 0.999968 0.999936 0.000271433 129.388 16743.3 0.129196
0.11 -0.578876 1.2429 0.99999 0.999979 9.41288e-05 130.768 17102.2 0.126569
0.1 -0.591063 1.19579 0.999996 0.999992 4.24305e-05 132.133 17460.9 0.126627
0.09 -0.602968 1.17548 0.999999 0.999998 9.64024e-06 133.445 17809 0.124062
0.08 -0.614573 1.138 1 1 2.16992e-06 134.723 18151.7 0.121029
0.07 -0.625967 1.13334 1 1 0 135.976 18490.5 0.118868
0.06 -0.637169 1.12447 1 1 0 137.207 18826.7 0.117039
0.05 -0.648079 1.07763 1 1 0 138.385 19151.2 0.117221
0.04 -0.658815 1.0628 1 1 0 139.558 19477.1 0.115915
0.03 -0.669376 1.06325 1 1 0 140.703 19797.9 0.114493
0.02 -0.679726 1.01067 1 1 0 141.816 20112 0.112757
0.01 -0.689935 1.02716 1 1 0 142.917 20425.3 0.111734
