-0.5 -0.560997 0.514244 1 1 0 68.0684 4635.24 1.42478
-0.505 -0.555985 0.516595 1 1 0 68.0618 4634.34 1.41501
-0.51 -0.550999 0.511761 1 1 0 68.0573 4633.73 1.42247
-0.515 -0.546 0.518151 1 1 0 68.0417 4631.6 1.41719
-0.52 -0.540992 0.516419 1 1 0 68.0737 4635.96 1.41757
-0.525 -0.535996 0.520087 1 1 0 68.0532 4633.17 1.41532
-0.53 -0.530994 0.517113 1 1 0 68.055 4633.41 1.41426
-0.535 -0.525991 0.510596 1 1 0 68.0351 4630.72 1.42747
-0.54 -0.520996 0.518594 1 1 0 68.0494 4632.67 1.4346
-0.545 -0.516007 0.510968 1 1 0 68.0866 4637.71 1.40825
-0.55 -0.511003 0.513208 1 1 0 68.0587 4633.92 1.4247
-0.555 -0.505995 0.51346 1 1 0 68.0647 4634.72 1.41236
-0.56 -0.501003 0.513787 1 1 0 68.0578 4633.76 1.39207
-0.565 -0.495995 0.516267 1 1 0 68.0476 4632.43 1.43504
-0.57 -0.490989 0.509211 1 1 0 68.0589 4633.95 1.42696
-0.575 -0.486 0.513002 1 1 0 68.0486 4632.54 1.42033
-0.58 -0.480992 0.504805 1 1 0 68.0572 4633.74 1.43209
-0.585 -0.47599 0.508665 1 1 0 68.0412 4631.53 1.41028
-0.59 -0.471 0.50897 1 1 0 68.0655 4634.86 1.43065
-0.595 -0.465989 0.517054 1 1 0 68.0653 4634.82 1.42153
-0.6 -0.460995 0.508667 1 1 0 68.0763 4636.35 1.44486
-0.605 -0.456 0.513965 1 1 0 68.0658 4634.88 1.4231
-0.61 -0.450993 0.507664 1 1 0 68.0595 4634.03 1.41659
-0.615 -0.445998 0.513043 1 1 0 68.0687 4635.31 1.43638
-0.62 -0.440998 0.514001 1 1 0 68.0508 4632.84 1.4233
-0.625 -0.435994 0.517981 1 1 0 68.0451 4632.07 1.4239
-0.63 -0.430993 0.521356 1 1 0 68.0525 4633.04 1.39624
-0.635 -0.425997 0.514321 1 1 0 68.0641 4634.66 1.42184
-0.64 -0.42099 0.514533 1 1 0 68.0514 4632.88 1.39015
-0.645 -0.416001 0.511259 1 1 0 68.0664 4634.96 1.41476
-0.65 -0.410983 0.518064 1 1 0 68.031 4630.14 1.41048
-0.655 -0.405989 0.509051 1 1 0 68.0431 4631.81 1.4261
-0.66 -0.400999 0.515195 1 1 0 68.057 4633.68 1.41794
-0.665 -0.395992 0.518769 1 1 0 68.0521 4632.98 1.3897
-0.67 -0.391004 0.522162 1 1 0 68.0705 4635.57 1.44945
-0.675 -0.385997 0.511989 1 1 0 68.0546 4633.35 1.41626
-0.68 -0.380996 0.515158 1 1 0 68.048 4632.46 1.41506
-0.685 -0.375997 0.515422 1 1 0 68.0702 4635.48 1.41682
-0.69 -0.370996 0.511822 1 1 0 68.0483 4632.49 1.40487
-0.695 -0.365993 0.505114 1 1 0 68.0459 4632.18 1.42322
-0.7 -0.361002 0.501221 1 1 0 68.0733 4635.87 1.39458
-0.705 -0.355991 0.502718 1 1 0 68.059 4633.96 1.41917
-0.71 -0.350996 0.51301 1 1 0 68.0613 4634.28 1.42973
-0.715 -0.345999 0.514954 1 1 0 68.058 4633.84 1.43572
-0.72 -0.341001 0.515457 1 1 0 68.0509 4632.85 1.40948
-0.725 -0.335991 0.519313 1 1 0 68.0426 4631.77 1.44893
-0.73 -0.330983 0.517365 1 1 0 68.0485 4632.56 1.43747
-0.735 -0.325994 0.514331 1 1 0 68.0627 4634.45 1.41551
-0.74 -0.320995 0.515114 1 1 0 68.0537 4633.25 1.4305
-0.745 -0.315996 0.50964 1 1 0 68.0578 4633.79 1.41255
-0.75 -0.310992 0.51536 1 1 0 68.0582 4633.85 1.42141
-0.755 -0.305996 0.521861 1 1 0 68.0455 4632.11 1.41293
-0.76 -0.300999 0.507826 1 1 0 68.058 4633.85 1.43187
-0.765 -0.296001 0.512068 1 1 0 68.0639 4634.64 1.4276
-0.77 -0.291002 0.517088 1 1 0 68.0532 4633.22 1.44852
-0.775 -0.285996 0.515369 1 1 0 68.0653 4634.78 1.3944
-0.78 -0.281005 0.503028 1 1 0 68.0539 4633.22 1.38997
-0.785 -0.27599 0.516943 1 1 0 68.0499 4632.75 1.43632
-0.79 -0.270989 0.512331 1 1 0 68.0658 4634.88 1.41984
-0.795 -0.266006 0.505872 1 1 0 68.0527 4633.11 1.42233
-0.8 -0.260992 0.510986 1 1 0 68.0392 4631.26 1.41458
-0.805 -0.255993 0.514288 1 1 0 68.0617 4634.36 1.44074
-0.81 -0.250996 0.504697 1 1 0 68.0581 4633.8 1.39413
-0.815 -0.245993 0.507682 1 1 0 68.0466 4632.24 1.39569
-0.82 -0.24099 0.508106 1 1 0 68.0503 4632.79 1.42706
-0.825 -0.235993 0.510401 1 1 0 68.0475 4632.42 1.44188
-0.83 -0.230999 0.520299 1 1 0 68.0684 4635.27 1.4485
-0.835 -0.225989 0.510232 1 1 0 68.0479 4632.44 1.42036
-0.84 -0.220997 0.510809 1 1 0 68.0533 4633.16 1.4023
-0.845 -0.216004 0.509135 1 1 0 68.0655 4634.85 1.42783
-0.85 -0.210998 0.517345 1 1 0 68.0487 4632.56 1.42971
-0.855 -0.205995 0.507144 1 1 0 68.0583 4633.87 1.42644
-0.86 -0.200993 0.515748 1 1 0 68.0512 4632.91 1.42733
-0.865 -0.195996 0.513231 1 1 0 68.0441 4631.96 1.43441
-0.87 -0.191004 0.516934 1 1 0 68.0615 4634.29 1.40757
-0.875 -0.185994 0.511525 1 1 0 68.0429 4631.75 1.41001
-0.88 -0.180991 0.525047 1 1 0 68.0507 4632.82 1.41839
-0.885 -0.175996 0.513571 1 1 0 68.061 4634.19 1.39442
-0.89 -0.170999 0.515837 1 1 0 68.0605 4634.16 1.41813
-0.895 -0.166004 0.510824 1 1 0 68.061 4634.2 1.39801
-0.9 -0.160994 0.519817 1 1 0 68.0529 4633.15 1.43979
-0.905 -0.155998 0.507101 1 1 0 68.0495 4632.66 1.4149
-0.91 -0.151003 0.51957 1 1 0 68.0659 4634.94 1.4485
-0.915 -0.145989 0.523502 1 1 0 68.0455 4632.12 1.41916
-0.92 -0.140997 0.515682 1 1 0 68.0654 4634.86 1.4399
-0.925 -0.135997 0.512197 1 1 0 68.0762 4636.32 1.43179
-0.93 -0.130998 0.514705 1 1 0 68.0616 4634.28 1.39645
-0.935 -0.125997 0.511294 1 1 0 68.0685 4635.25 1.4168
-0.94 -0.121004 0.506461 1 1 0 68.0571 4633.7 1.41063
-0.945 -0.115993 0.515293 1 1 0 68.0301 4630 1.40221
-0.95 -0.110999 0.505268 1 1 0 68.0534 4633.2 1.41789
-0.955 -0.106002 0.506468 1 1 0 68.0495 4632.68 1.42646
-0.96 -0.101003 0.510453 1 1 0 68.0638 4634.65 1.44862
-0.965 -0.0960028 0.520247 1 1 0 68.0688 4635.29 1.41616
-0.97 -0.090988 0.500829 1 1 0 68.0653 4634.81 1.41356
-0.975 -0.0860017 0.513219 1 1 0 68.0578 4633.77 1.39877
-0.98 -0.0809948 0.507901 1 1 0 68.0543 4633.32 1.41815
-0.985 -0.0759971 0.512885 1 1 0 68.0398 4631.33 1.40337
-0.99 -0.0709904 0.507319 1 1 0 68.052 4632.99 1.40747
-0.995 -0.066003 0.518008 1 1 0 68.0732 4635.89 1.41447
-1 -0.0609944 0.505467 1 1 0 68.0701 4635.43 1.39185
-1.005 -0.05599 0.507282 1 1 0 68.0596 4634.03 1.40655
-1.01 -0.0510014 0.502573 1 1 0 68.0782 4636.55 1.40407
-1.015 -0.045992 0.515733 1 1 0 68.0431 4631.83 1.44593
-1.02 -0.0410029 0.51273 1 1 0 68.088 4637.91 1.4227
-1.025 -0.0359959 0.505972 1 1 0 68.0464 4632.25 1.41711
-1.03 -0.0310025 0.523652 1 1 0 68.0473 4632.35 1.40935
-1.035 -0.0260017 0.518279 1 1 0 68.0655 4634.83 1.40913
-1.04 -0.0209902 0.512817 1 1 0 68.0474 4632.38 1.42473
-1.045 -0.0160017 0.516829 1 1 0 68.062 4634.37 1.41665
-1.05 -0.011003 0.518249 1 1 0 68.074 4636 1.41802
-1.055 -0.00599062 0.511589 1 1 0 68.0436 4631.87 1.42554
-1.06 -0.000985073 0.513314 1 1 0 68.0346 4630.64 1.41657
-1.065 0.00400025 0.512777 1 1 0 68.07 4635.48 1.43756
-1.07 0.00900453 0.511566 1 1 0 68.0476 4632.38 1.3927
-1.075 0.0140032 0.507623 1 1 0 68.0602 4634.13 1.42675
-1.08 0.0190099 0.513762 1 1 0 68.0437 4631.89 1.43209
-1.085 0.0240103 0.512371 1 1 0 68.0521 4633.03 1.42845
-1.09 0.029003 0.519083 1 1 0 68.0575 4633.75 1.41206
-1.095 0.0340035 0.511465 1 1 0 68.0687 4635.29 1.43013
-1.1 0.038997 0.518544 1 1 0 68.0705 4635.55 1.43216
-1.105 0.0440065 0.518437 1 1 0 68.059 4633.95 1.41433
-1.11 0.0490081 0.512992 1 1 4.34006e-06 68.0592 4633.95 1.39777
-1.115 0.0540047 0.509313 1 1 0 68.0646 4634.73 1.41943
-1.12 0.0589994 0.515327 1 1 0 68.0655 4634.85 1.42577
-1.125 0.064004 0.522924 1 1 0 68.0556 4633.52 1.43053
-1.13 0.0690044 0.515947 1 1 0 68.0853 4637.54 1.4186
-1.135 0.0740086 0.512559 1 1 0 68.0519 4633.04 1.44752
-1.14 0.079005 0.528872 1 1 0 68.0455 4632.12 1.42287
-1.145 0.0840062 0.509314 1 1 0 68.0608 4634.18 1.40124
-1.15 0.0889984 0.516242 1 1 0 68.066 4634.92 1.42155
-1.155 0.0940046 0.51546 1 1 0 68.0528 4633.06 1.37945
-1.16 0.0989987 0.511247 1 1 0 68.059 4633.98 1.43165
-1.165 0.104003 0.508364 1 1 0 68.0679 4635.16 1.41213
-1.17 0.109003 0.510671 1 1 0 68.0547 4633.37 1.42306
-1.175 0.114009 0.501626 1 1 0 68.0455 4632.16 1.45214
-1.18 0.118997 0.519009 1 1 0 68.0682 4635.22 1.42579
-1.185 0.124004 0.518982 1 1 0 68.0617 4634.36 1.44589
-1.19 0.128996 0.504954 1 1 0 68.0586 4633.89 1.40474
-1.195 0.134005 0.514779 1 1 0 68.0502 4632.78 1.43877
-1.2 0.138997 0.51352 1 1 0 68.0684 4635.27 1.44211
-1.205 0.144003 0.511269 1 1 0 68.0538 4633.23 1.40927
-1.21 0.149003 0.514405 1 1 0 68.0613 4634.25 1.40926
-1.215 0.154008 0.505354 0.999999 0.999998 6.07214e-05 68.0261 4629.47 1.41021
-1.22 0.159005 0.509267 1 1 0 68.0407 4631.49 1.43561
-1.225 0.164008 0.519976 0.999994 0.999989 0.000281201 68.045 4632.1 1.44885
-1.23 0.169009 0.51185 0.999992 0.999984 0.000397469 68.0397 4631.3 1.39982
-1.235 0.174007 0.506429 1 1 0 68.0615 4634.29 1.41486
-1.24 0.179011 0.510954 1 1 0 68.0457 4632.11 1.38983
-1.245 0.184005 0.505353 1 1 0 68.0565 4633.63 1.42585
-1.25 0.189007 0.497333 0.999994 0.999987 0.000315684 68.0613 4634.26 1.40387
-1.255 0.194003 0.505054 1 0.999999 2.1696e-05 68.0571 4633.7 1.42234
-1.26 0.199003 0.51932 1 1 0 68.0476 4632.43 1.43662
-1.265 0.204003 0.508403 0.999994 0.999988 0.000294135 68.0617 4634.33 1.41477
-1.27 0.209004 0.509143 0.99996 0.999919 0.00197131 68.0755 4636.21 1.41951
-1.275 0.214002 0.505862 0.999999 0.999998 3.90449e-05 68.0608 4634.19 1.40072
-1.28 0.219004 0.515856 0.999988 0.999977 0.000573418 68.0602 4634.14 1.43855
-1.285 0.22401 0.513493 0.999998 0.999997 8.67187e-05 68.0539 4633.27 1.41959
-1.29 0.22901 0.516878 0.999971 0.999943 0.00140866 68.0519 4633.02 1.43396
-1.295 0.234012 0.502954 0.999911 0.999822 0.00423247 68.0815 4637.03 1.41867
-1.3 0.239 0.513097 0.999956 0.999911 0.00402297 68.0831 4637.24 1.42057
-1.305 0.243994 0.521232 0.999941 0.999881 0.00293203 68.0858 4637.59 1.40291
-1.31 0.249003 0.515619 0.99988 0.99976 0.00724431 68.0961 4639.03 1.43723
-1.315 0.253997 0.498999 0.999869 0.999738 0.00605901 68.1224 4642.58 1.40786
-1.32 0.259002 0.509902 0.999697 0.999395 0.0142291 68.1595 4647.72 1.46978
-1.325 0.264017 0.512356 0.99993 0.99986 0.00335329 68.0684 4635.26 1.43448
-1.33 0.269004 0.515736 0.99975 0.999501 0.0106845 68.134 4644.23 1.46161
-1.335 0.273971 0.518647 0.999271 0.998544 0.0290344 68.3091 4668.19 1.51114
-1.34 0.278954 0.522974 0.999037 0.998076 0.0661528 68.3908 4679.51 1.62134
-1.345 0.283985 0.521173 0.999593 0.999188 0.0205015 68.2046 4653.91 1.49404
-1.35 0.288918 0.53055 0.998538 0.997082 0.0778823 68.5659 4703.56 1.65702
-1.355 0.293915 0.525189 0.998456 0.996916 0.0761676 68.5828 4705.89 1.66881
-1.36 0.298815 0.560252 0.996989 0.993992 0.148902 69.094 4776.6 1.89359
-1.365 0.303796 0.55265 0.996962 0.993938 0.13679 69.082 4774.8 1.79088
-1.37 0.035022 5418.83 0.0452451 0.0385908 1052.46 539.175 300627 919.666
-1.375 0.0204227 1.03687 0 0 0 562.806 316758 0.672791
-1.38 0.020439 1.03763 0 0 0 562.756 316702 0.684216
-1.385 0.0204277 1.06057 0 0 0 562.783 316732 0.679779
-1.39 0.0204315 1.04583 0 0 0 562.78 316729 0.685638
-1.395 0.0204217 1.0431 0 0 0 562.787 316737 0.701697
-1.4 0.0204298 1.03581 0 0 0 562.792 316742 0.681968
-1.405 0.020444 1.05164 0 0 0 562.76 316707 0.684494
-1.41 0.0204334 1.05341 0 0 0 562.778 316726 0.679524
-1.415 0.0204178 1.0376 0 0 0 562.794 316745 0.683946
-1.42 0.0204278 1.05586 0 0 0 562.77 316717 0.688156
-1.425 0.0204166 1.04105 0 0 0 562.821 316775 0.680235
-1.43 0.020426 1.02776 0 0 0 562.788 316737 0.669088
-1.435 0.0204179 1.03877 0 0 0 562.783 316732 0.685082
-1.44 0.0204384 1.04363 0 0 0 562.789 316739 0.677692
-1.445 0.0204338 1.06507 0 0 0 562.799 316750 0.685318
-1.45 0.0204315 1.03941 0 0 0 562.79 316741 0.682364
-1.455 0.0204293 1.06382 0 0 0 562.801 316753 0.693918
-1.46 0.020427 1.0416 0 0 0 562.791 316742 0.670341
-1.465 0.0204232 1.06109 0 0 0 562.8 316751 0.68369
-1.47 0.0204357 1.05428 0 0 0 562.779 316728 0.674124
-1.475 0.0204239 1.05161 0 0 0 562.806 316759 0.685715
-1.48 0.0204335 1.03272 0 0 0 562.786 316736 0.679683
-1.485 0.020415 1.06276 0 0 0 562.812 316765 0.68368
-1.49 0.0204262 1.03551 0 0 0 562.76 316707 0.684115
-1.495 0.0204363 1.03937 0 0 0 562.764 316711 0.681901
