-0.5 -0.541288 0.0593225 0.998809 0.997621 0.00489617 54.0126 2930.71 0.988749
-0.505 -0.536292 0.0589543 0.998814 0.997631 0.00479761 53.9888 2928.24 0.996852
-0.51 -0.53131 0.0594122 0.99879 0.997584 0.00493743 54.0367 2933.52 1.00377
-0.515 -0.526202 0.0603723 0.998737 0.997477 0.00508925 54.034 2933.09 0.992581
-0.52 -0.52117 0.0624933 0.998729 0.997462 0.00526949 53.9905 2928.45 0.998713
-0.525 -0.516163 0.0626252 0.998696 0.997397 0.00534131 54.0061 2930.14 0.997958
-0.53 -0.511146 0.0649723 0.998669 0.997342 0.00562323 54.0418 2933.97 0.995812
-0.535 -0.5061 0.0625056 0.998637 0.997278 0.00548753 54.0884 2938.92 0.988758
-0.54 -0.501086 0.0644495 0.998616 0.997237 0.00571125 54.0634 2936.35 0.998466
-0.545 -0.496037 0.0647447 0.998603 0.997209 0.00569934 54.0603 2936 0.997232
-0.55 -0.491002 0.0646162 0.998548 0.9971 0.00591853 54.1431 2944.76 0.981898
-0.555 -0.48591 0.0669617 0.998515 0.997036 0.0060727 54.0736 2937.68 1.01521
-0.56 -0.480919 0.0666072 0.998514 0.997034 0.00607092 54.0906 2939.38 1.00461
-0.565 -0.475898 0.0674865 0.998462 0.99693 0.00626595 54.1682 2947.86 1.00975
-0.57 -0.470855 0.0694803 0.998415 0.996835 0.00661561 54.1441 2945.18 1.00454
-0.575 -0.4658 0.0696183 0.998406 0.996817 0.00658438 54.134 2944.14 1.00864
-0.58 -0.460735 0.0702353 0.998348 0.996702 0.00672249 54.1691 2947.9 1.00481
-0.585 -0.455725 0.073399 0.998322 0.99665 0.00706063 54.2281 2954.28 1.0026
-0.59 -0.450629 0.0713283 0.998282 0.996571 0.00706726 54.183 2949.45 1.00839
-0.595 -0.445692 0.0713397 0.998275 0.996556 0.00711637 54.2118 2952.66 1.01367
-0.6 -0.44061 0.0723638 0.998227 0.996461 0.00732435 54.1464 2945.47 1.00744
-0.605 -0.435568 0.0757382 0.998177 0.99636 0.00756715 54.2306 2954.46 0.996242
-0.61 -0.430491 0.0754928 0.998148 0.996302 0.00774362 54.2604 2957.73 0.998474
-0.615 -0.425487 0.0768102 0.998109 0.996225 0.00794613 54.2692 2958.84 1.00941
-0.62 -0.420438 0.0776067 0.998053 0.996114 0.00809478 54.322 2964.84 1.02777
-0.625 -0.415411 0.0762382 0.998029 0.996065 0.00806688 54.3017 2962.59 1.02505
-0.63 -0.41037 0.0801846 0.997988 0.995984 0.00855337 54.3294 2965.48 1.01571
-0.635 -0.405324 0.0774578 0.99795 0.995907 0.00841902 54.3409 2966.83 1.02254
-0.64 -0.400273 0.0795176 0.997912 0.995832 0.00864932 54.3642 2969.03 0.998475
-0.645 -0.395222 0.080542 0.997867 0.995742 0.00895313 54.3205 2964.62 1.02376
-0.65 -0.390155 0.0809711 0.997796 0.995602 0.00902954 54.4169 2974.94 1.00962
-0.655 -0.385127 0.0815218 0.997785 0.995579 0.00927501 54.3672 2969.67 1.02124
-0.66 -0.380046 0.0844273 0.997701 0.995411 0.00955147 54.4417 2977.69 1.01327
-0.665 -0.375003 0.0852815 0.997663 0.995336 0.00978808 54.4258 2975.92 1.01093
-0.67 -0.369977 0.0861313 0.99763 0.99527 0.00982034 54.4786 2982.09 1.04
-0.675 -0.364897 0.0877821 0.99756 0.995131 0.010307 54.4446 2978.14 1.02334
-0.68 -0.359886 0.0869823 0.99754 0.99509 0.0101704 54.4883 2982.85 1.01851
-0.685 -0.35482 0.0900919 0.997464 0.994939 0.0105685 54.5515 2989.54 1.00323
-0.69 -0.349732 0.0890098 0.997421 0.994852 0.0107646 54.5581 2990.46 1.01737
-0.695 -0.344724 0.0893828 0.997378 0.994769 0.0109653 54.5547 2989.9 1.00285
-0.7 -0.339676 0.0915425 0.997318 0.994649 0.0113257 54.6313 2998.74 1.03682
-0.705 -0.334623 0.0910523 0.997274 0.994561 0.011425 54.5714 2991.88 1.01457
-0.71 -0.329518 0.0922486 0.997206 0.994425 0.0116082 54.5891 2993.99 1.02788
-0.715 -0.324474 0.0939551 0.997138 0.994289 0.0119791 54.6214 2997.49 1.02462
-0.72 -0.319387 0.0957101 0.997083 0.99418 0.0122386 54.6628 3002.06 1.02735
-0.725 -0.314288 0.0980571 0.996978 0.993971 0.0127473 54.7189 3008.38 1.03981
-0.73 -0.309259 0.0993502 0.996904 0.993824 0.0130752 54.7582 3012.54 1.0292
-0.735 -0.304166 0.0993068 0.996863 0.993743 0.0132984 54.7302 3009.62 1.0392
-0.74 -0.299176 0.101305 0.996807 0.99363 0.0135901 54.8315 3020.47 1.02008
-0.745 -0.29408 0.100395 0.996759 0.993534 0.0134837 54.7571 3012.47 1.03217
-0.75 -0.288956 0.104061 0.996641 0.9933 0.0143759 54.8504 3022.99 1.05153
-0.755 -0.283932 0.103502 0.996607 0.993231 0.0143599 54.8274 3020.19 1.03228
-0.76 -0.278843 0.107358 0.996517 0.993053 0.0149088 54.9307 3031.78 1.04851
-0.765 -0.273766 0.106324 0.996452 0.992923 0.0150878 54.8953 3027.86 1.04697
-0.77 -0.268732 0.107677 0.996361 0.992741 0.0153421 55.009 3040.54 1.05785
-0.775 -0.263663 0.107698 0.996308 0.992636 0.0155723 54.9762 3036.78 1.04698
-0.78 -0.258557 0.11242 0.9962 0.992421 0.0164131 55.0032 3039.94 1.06105
-0.785 -0.253426 0.113169 0.9961 0.992223 0.0168509 55.07 3047.23 1.05497
-0.79 -0.248436 0.115201 0.996059 0.992141 0.0171205 55.0777 3048.22 1.06514
-0.795 -0.243264 0.116642 0.995938 0.991901 0.017512 55.0351 3043.5 1.06379
-0.8 -0.238255 0.116519 0.995879 0.991783 0.0177702 55.1483 3055.81 1.04985
-0.805 -0.233189 0.11679 0.995807 0.99164 0.0180442 55.1755 3058.85 1.05234
-0.81 -0.228035 0.118977 0.995664 0.991354 0.0186 55.2296 3064.92 1.05808
-0.815 -0.22297 0.12085 0.995594 0.991215 0.0190823 55.2475 3066.98 1.06381
-0.82 -0.217928 0.122461 0.995492 0.991014 0.0195911 55.3866 3082.68 1.08401
-0.825 -0.212857 0.121954 0.995437 0.990904 0.0196248 55.3284 3076.17 1.08001
-0.83 -0.20775 0.125063 0.995311 0.990653 0.0204747 55.4119 3085.49 1.08305
-0.835 -0.202666 0.126741 0.995209 0.99045 0.0209037 55.426 3086.97 1.07742
-0.84 -0.19753 0.129147 0.995081 0.990195 0.0217107 55.4439 3088.97 1.07852
-0.845 -0.192486 0.130695 0.994995 0.990025 0.0219898 55.4922 3094.18 1.0664
-0.85 -0.187366 0.131716 0.994888 0.989811 0.0224372 55.5348 3099.04 1.07445
-0.855 -0.182242 0.135241 0.994752 0.989542 0.0228805 55.599 3106.29 1.08155
-0.86 -0.177174 0.135511 0.994648 0.989334 0.0239269 55.6329 3110.25 1.09469
-0.865 -0.172027 0.139632 0.994487 0.989016 0.0247875 55.7487 3123.02 1.08398
-0.87 -0.166942 0.139549 0.994414 0.988869 0.0250049 55.715 3119.31 1.08769
-0.875 -0.161899 0.138511 0.994332 0.988706 0.0249429 55.721 3119.88 1.08069
-0.88 -0.156709 0.143258 0.994151 0.988348 0.0261501 55.7914 3127.87 1.08917
-0.885 -0.151586 0.146486 0.993987 0.988021 0.0271943 55.8942 3139.53 1.09976
-0.89 -0.146438 0.148123 0.993845 0.987739 0.0278488 55.9121 3141.47 1.09499
-0.895 -0.141433 0.148335 0.993765 0.987582 0.0282485 55.9706 3148.21 1.10762
-0.9 -0.136301 0.147592 0.993647 0.987346 0.0282512 56.0134 3152.85 1.09619
-0.905 -0.131122 0.154893 0.993444 0.986945 0.0300099 56.0606 3158.51 1.1221
-0.91 -0.126052 0.151867 0.993312 0.986682 0.0296974 56.1999 3174 1.10839
-0.915 -0.120906 0.15441 0.993152 0.986364 0.030646 56.1993 3173.68 1.0904
-0.92 -0.115704 0.160632 0.992917 0.985899 0.0324942 56.3415 3190.2 1.12456
-0.925 -0.110692 0.158856 0.992891 0.985847 0.0324987 56.2726 3182.29 1.11507
-0.93 -0.10553 0.163059 0.99266 0.985389 0.0335834 56.4461 3201.98 1.12097
-0.935 -0.100282 0.167928 0.992403 0.98488 0.0350607 56.5401 3212.69 1.12545
-0.94 -0.0952276 0.167798 0.992296 0.984667 0.0355187 56.538 3212.62 1.13711
-0.945 -0.090087 0.168762 0.992119 0.984315 0.0361752 56.6221 3222.17 1.13825
-0.95 -0.0850479 0.169704 0.992023 0.984126 0.0371648 56.6523 3225.75 1.14898
-0.955 -0.0798213 0.172526 0.991771 0.983626 0.0380114 56.744 3236.04 1.13928
-0.96 -0.0745984 0.179324 0.991497 0.983083 0.0400643 56.9347 3257.89 1.14698
-0.965 -0.0695659 0.18058 0.991394 0.982879 0.0408039 56.933 3258.2 1.18283
-0.97 -0.0643215 0.185334 0.991134 0.982365 0.0423312 56.9907 3264.62 1.17104
-0.975 -0.0591832 0.189784 0.990913 0.981928 0.0441223 57.1025 3277.41 1.17109
-0.98 -0.0540054 0.187553 0.990674 0.981455 0.0447994 57.2088 3289.59 1.17012
-0.985 -0.0488612 0.189496 0.990484 0.981079 0.0452989 57.3103 3301.21 1.16873
-0.99 -0.0437004 0.193744 0.990253 0.98062 0.0469644 57.3502 3306 1.18226
-0.995 -0.038591 0.195695 0.990074 0.980266 0.0474433 57.4302 3315.1 1.17521
-1 -0.0333205 0.196944 0.989763 0.979652 0.0490644 57.5277 3326.47 1.18413
-1.005 -0.0281627 0.199878 0.9895 0.979132 0.0503142 57.6542 3341.1 1.18596
-1.01 -0.0230309 0.202304 0.989307 0.978751 0.0517728 57.7124 3347.93 1.19232
-1.015 -0.0178113 0.207127 0.988996 0.978136 0.0542912 57.8682 3366.34 1.21765
-1.02 -0.0126382 0.205253 0.988759 0.977668 0.0550387 57.8845 3368.32 1.22326
-1.025 -0.00735835 0.210668 0.988421 0.977 0.0563806 58.056 3388.1 1.21283
-1.03 -0.00227113 0.220988 0.988213 0.976591 0.0601411 58.116 3395.66 1.25208
-1.035 0.00293487 0.221313 0.987902 0.975978 0.0613961 58.3172 3419.13 1.25073
-1.04 0.00817286 0.221295 0.98757 0.975322 0.0615819 58.4055 3429.18 1.23118
-1.045 0.0134778 0.227632 0.987159 0.974511 0.065111 58.5646 3447.99 1.24202
-1.05 0.0186947 0.237976 0.986829 0.973862 0.069012 58.6858 3463.07 1.29821
-1.055 0.0238535 0.23489 0.986553 0.973317 0.0689907 58.843 3481.34 1.28096
-1.06 0.0290254 0.240551 0.986265 0.97275 0.0716326 58.8906 3487.12 1.29241
-1.065 0.0343188 0.242354 0.985855 0.971943 0.0744227 59.0868 3510.83 1.32567
-1.07 0.0396555 0.25075 0.985337 0.970923 0.0780096 59.3544 3542.48 1.31593
-1.075 0.0448232 0.248917 0.985048 0.970353 0.0786454 59.4122 3549.12 1.30021
-1.08 0.0501391 0.260503 0.984592 0.969458 0.0832306 59.6463 3577.53 1.33098
-1.085 0.055274 0.259512 0.984303 0.968888 0.0845667 59.7005 3584.07 1.33495
-1.09 0.0606235 0.267831 0.983788 0.967878 0.0891649 59.8625 3603.79 1.35463
-1.095 0.0659525 0.267902 0.983305 0.966928 0.0908287 60.0405 3625.28 1.36054
-1.1 0.0711719 0.275466 0.982859 0.966053 0.0955923 60.2577 3651.73 1.37664
-1.105 0.0763253 0.279228 0.982577 0.9655 0.0972168 60.3388 3661.76 1.39191
-1.11 0.0818193 0.289291 0.981842 0.96406 0.104057 60.7047 3706.52 1.41435
-1.115 0.0869326 0.287812 0.981568 0.96352 0.104821 60.7396 3710.87 1.42038
-1.12 0.0925088 0.2983 0.980654 0.96173 0.112248 61.1882 3765.8 1.4258
-1.125 0.0977417 0.303034 0.980262 0.960963 0.113862 61.2593 3774.91 1.45017
-1.13 0.102996 0.30771 0.979759 0.959979 0.118599 61.4938 3804.2 1.47735
-1.135 0.108407 0.321432 0.979089 0.958671 0.126695 61.7473 3835.7 1.48777
-1.14 0.113798 0.323566 0.978372 0.957268 0.131705 62.057 3874.55 1.51374
-1.145 0.119132 0.335408 0.97777 0.956095 0.139085 62.2833 3903.1 1.53398
-1.15 0.124499 0.345865 0.977079 0.954746 0.145613 62.5541 3937.29 1.55237
-1.155 0.129996 0.34401 0.97626 0.953148 0.149438 62.8402 3973.45 1.56315
-1.16 0.135249 0.354892 0.975711 0.952081 0.157313 63.0213 3997.65 1.64833
-1.165 0.140776 0.365551 0.974771 0.950252 0.166607 63.3744 4042.28 1.63848
-1.17 0.146285 0.367912 0.973823 0.948407 0.172916 63.8365 4101.39 1.64685
-1.175 0.15173 0.386289 0.972964 0.94674 0.184749 64.1607 4143.61 1.68394
-1.18 0.157153 0.395119 0.972008 0.944885 0.19612 64.56 4196.36 1.75776
-1.185 0.162721 0.403252 0.971047 0.943021 0.205035 64.9161 4243.14 1.78994
-1.19 0.168215 0.413798 0.970035 0.941063 0.217149 65.2457 4286.68 1.8193
-1.195 0.173783 0.437097 0.968921 0.938911 0.237016 65.7238 4350.97 1.90786
-1.2 0.17941 0.438855 0.967666 0.936484 0.247003 66.2415 4419.82 1.92476
-1.205 0.185139 0.447316 0.966195 0.933644 0.257101 66.8665 4504.05 1.96891
-1.21 0.19061 0.466386 0.965164 0.931661 0.275498 67.1617 4544.16 1.99329
-1.215 0.196348 0.489664 0.963648 0.928749 0.302507 67.8041 4633.02 2.10177
-1.22 0.20222 0.516047 0.961808 0.92522 0.333881 68.5289 4734.35 2.22678
-1.225 0.207788 0.528592 0.960454 0.922625 0.353503 69.0343 4804.8 2.26343
-1.23 0.213643 0.550796 0.958562 0.919008 0.386514 69.7533 4906.93 2.37482
-1.235 0.219644 0.571037 0.956385 0.914854 0.419215 70.6125 5029.55 2.4595
-1.24 0.225643 0.616532 0.954107 0.910529 0.480755 71.4815 5157.23 2.66486
-1.245 0.23149 0.634014 0.952007 0.906539 0.512333 72.2648 5271.4 2.72319
-1.25 0.237796 0.696668 0.948896 0.900668 0.610246 73.5396 5464.79 3.08526
-1.255 0.244135 0.775573 0.945634 0.894542 0.735287 74.7606 5653.72 3.45471
-1.26 0.250798 0.817668 0.94145 0.886702 0.862054 76.3772 5906.49 3.82405
-1.265 0.257394 0.929647 0.937289 0.878977 1.07282 77.913 6157.26 4.45772
-1.27 0.265164 1.10396 0.929978 0.865518 1.51777 80.8149 6644.42 5.61163
-1.275 0.273333 1.69403 0.91926 0.846866 4.20745 84.8111 7469.97 13.0662
-1.28 0.291303 4.63069 0.856715 0.747791 31.8647 107.936 13536.1 69.887
-1.285 0.333659 0.682067 0.577728 0.339531 13.275 210.184 44976 15.2002
-1.29 0.336713 0.396145 0.535424 0.289443 6.36964 225.47 51240.7 7.16724
-1.295 0.338075 0.428576 0.506272 0.258328 4.64619 236.07 56035.1 5.18386
-1.3 0.339088 0.46665 0.484439 0.236419 4.00518 244.05 59831 4.43593
-1.305 0.339907 0.501702 0.465755 0.218506 3.63682 250.796 63154.1 4.07414
-1.31 0.340225 0.526906 0.447502 0.20164 3.18405 257.469 66518.7 3.55263
-1.315 0.340518 0.57669 0.431025 0.187124 3.09123 263.475 69646.5 3.45063
-1.32 0.341009 0.606523 0.418179 0.176129 2.89303 268.077 72081.7 3.22905
-1.325 0.340866 0.644228 0.403485 0.163964 2.68035 273.503 75010.4 3.02281
-1.33 0.340916 0.654234 0.390942 0.1539 2.45317 278.075 77521.1 2.8122
-1.335 0.341108 0.701653 0.379885 0.145353 2.39723 281.993 79710.3 2.70054
-1.34 0.340461 0.719771 0.366927 0.135615 2.25739 286.927 82513 2.5892
-1.345 0.340465 0.728755 0.357395 0.128661 2.14281 290.298 84452.6 2.47317
-1.35 0.34002 0.755076 0.345887 0.120508 2.00564 294.628 86975.9 2.30997
-1.355 0.339547 0.762312 0.336213 0.113875 1.92432 298.216 89100 2.24496
-1.36 0.339217 0.811834 0.326876 0.107666 1.8844 301.542 91097.2 2.25112
-1.365 0.338674 0.816893 0.31732 0.101444 1.73411 305.133 93263.3 2.05963
-1.37 0.338096 0.826686 0.308767 0.0960833 1.71928 308.286 95198.3 2.05147
-1.375 0.337574 0.842838 0.300887 0.091247 1.64517 311.187 96992.8 1.996
-1.38 0.337018 0.852493 0.292946 0.0864995 1.57122 314.084 98799.9 1.92179
-1.385 0.336319 0.901206 0.285144 0.0819847 1.56093 317.037 100664 1.90982
-1.39 0.336032 0.887805 0.278525 0.0782057 1.45022 319.333 102118 1.81031
-1.395 0.335158 0.877882 0.270881 0.0739658 1.35751 322.233 103970 1.68847
-1.4 0.334492 0.889017 0.2642 0.0703748 1.32054 324.719 105580 1.6922
-1.405 0.333893 0.929863 0.257752 0.067003 1.30613 327.084 107122 1.68672
-1.41 0.33283 0.92884 0.250764 0.063429 1.25903 329.765 108879 1.61813
-1.415 0.332222 0.944523 0.244532 0.0603176 1.20139 332.094 110420 1.60702
-1.42 0.331431 0.96096 0.238902 0.0575915 1.19195 334.12 111769 1.58584
-1.425 0.330493 0.963265 0.232422 0.0545175 1.146 336.663 113472 1.54622
-1.43 0.329938 0.963016 0.227606 0.0522872 1.1122 338.339 114600 1.50055
-1.435 0.329188 0.966173 0.221837 0.0496733 1.06368 340.493 116062 1.48444
-1.44 0.328265 0.974227 0.216568 0.0473533 1.04049 342.563 117475 1.46495
-1.445 0.32766 0.990321 0.211647 0.0452354 1.01587 344.271 118647 1.44154
-1.45 0.326758 1.00678 0.206659 0.0431408 0.997166 346.233 120002 1.44004
-1.455 0.325855 1.01675 0.201664 0.0410845 0.959192 348.017 121239 1.41232
-1.46 0.324968 1.01878 0.196842 0.039156 0.942604 349.864 122527 1.3942
-1.465 0.324229 1.02421 0.192573 0.0374819 0.91582 351.429 123620 1.33869
-1.47 0.32366 1.02704 0.188181 0.035793 0.877415 352.998 124726 1.34159
-1.475 0.32221 1.02645 0.182956 0.033846 0.859255 355.13 126232 1.29755
-1.48 0.321238 1.05763 0.178623 0.0322734 0.846165 356.754 127391 1.31815
-1.485 0.320543 1.04328 0.174857 0.0309237 0.803187 358.151 128387 1.28072
-1.49 0.319662 1.05025 0.170915 0.0295527 0.785296 359.748 129531 1.24422
-1.495 0.318648 1.0543 0.166915 0.0281954 0.771328 361.305 130654 1.24433
