-0.5 -0.541346 0.0591999 0.998827 0.997657 0.00483505 53.9744 2926.59 0.98974
-0.505 -0.536306 0.0598479 0.998803 0.99761 0.00490562 54.0402 2934.08 1.01668
-0.51 -0.531265 0.0597297 0.998783 0.997569 0.0049061 54.0188 2931.57 1.00273
-0.515 -0.526243 0.0598751 0.99874 0.997483 0.00507494 54.054 2935.27 0.99465
-0.52 -0.52119 0.0618841 0.998729 0.997462 0.00520037 53.9938 2928.77 0.995547
-0.525 -0.516112 0.0631935 0.998672 0.997348 0.00532691 54.014 2931.07 1.00454
-0.53 -0.511115 0.0639238 0.998649 0.997303 0.00555081 54.0275 2932.64 1.0123
-0.535 -0.506097 0.0644387 0.998639 0.997282 0.00563731 54.0518 2934.98 0.990416
-0.54 -0.501053 0.0653478 0.998606 0.997217 0.00574592 54.0876 2938.88 0.991832
-0.545 -0.496031 0.0658144 0.998579 0.997163 0.00592559 54.088 2939.16 1.00938
-0.55 -0.490991 0.0655963 0.998546 0.997096 0.00602541 54.1533 2946.29 1.01285
-0.555 -0.485944 0.0676158 0.998511 0.997027 0.00612724 54.1027 2940.86 1.01677
-0.56 -0.480935 0.0665924 0.998493 0.99699 0.00615758 54.1059 2941.01 1.00236
-0.565 -0.475865 0.0678501 0.998464 0.996933 0.00623086 54.1448 2945.39 1.01485
-0.57 -0.470833 0.0687678 0.998423 0.996851 0.0064631 54.1341 2944.14 1.00787
-0.575 -0.465795 0.0690799 0.998394 0.996793 0.00663158 54.1496 2945.68 0.997617
-0.58 -0.460714 0.0705683 0.998346 0.996698 0.00680429 54.2056 2951.83 1.00283
-0.585 -0.455803 0.0707713 0.998356 0.996717 0.00690664 54.1929 2950.42 1.00067
-0.59 -0.450696 0.0726649 0.998287 0.996579 0.00715889 54.1587 2946.5 0.985317
-0.595 -0.445634 0.0724347 0.998242 0.996491 0.00724163 54.2215 2953.77 1.01801
-0.6 -0.440615 0.0739288 0.998216 0.996438 0.00736861 54.292 2961.57 1.02781
-0.605 -0.435577 0.0724432 0.998198 0.996402 0.00742229 54.2026 2951.41 0.995275
-0.61 -0.430537 0.0753231 0.998134 0.996275 0.00776859 54.2946 2961.55 1.00512
-0.615 -0.425447 0.0765883 0.998095 0.996197 0.00788092 54.2547 2957.3 1.01267
-0.62 -0.420483 0.075225 0.998079 0.996165 0.00791789 54.2743 2959.26 0.998736
-0.625 -0.415411 0.0786746 0.998044 0.996095 0.00821213 54.264 2958.07 0.994611
-0.63 -0.410344 0.0789297 0.997975 0.995958 0.00833318 54.3175 2964.33 1.02648
-0.635 -0.405286 0.0792029 0.997936 0.995879 0.00858896 54.3953 2972.89 1.03253
-0.64 -0.400266 0.0795936 0.997904 0.995816 0.00869255 54.3305 2965.53 1.0106
-0.645 -0.395221 0.0817788 0.997841 0.995691 0.00900458 54.3758 2970.44 1.00923
-0.65 -0.390175 0.081809 0.997821 0.995652 0.0090639 54.3487 2967.68 1.02287
-0.655 -0.385172 0.0821416 0.997784 0.995577 0.0091717 54.3779 2970.72 1.01247
-0.66 -0.38006 0.0840095 0.99772 0.995449 0.00946653 54.4536 2978.96 1.01108
-0.665 -0.375017 0.0854912 0.997682 0.995373 0.00969252 54.4457 2978.1 1.01193
-0.67 -0.36998 0.0869447 0.997628 0.995266 0.0100937 54.4824 2982.25 1.02235
-0.675 -0.364897 0.0871597 0.997556 0.995123 0.0100684 54.5211 2986.55 1.02766
-0.68 -0.359866 0.0869477 0.997518 0.995048 0.0104014 54.504 2984.67 1.02582
-0.685 -0.354794 0.0890422 0.997458 0.994928 0.0106604 54.517 2985.96 1.01679
-0.69 -0.349733 0.0902507 0.997416 0.994844 0.0109942 54.5135 2985.7 1.02522
-0.695 -0.344719 0.0899358 0.997382 0.994776 0.0109759 54.5738 2992.27 1.02384
-0.7 -0.339696 0.0909356 0.997333 0.994678 0.0113333 54.5833 2993.38 1.02847
-0.705 -0.334522 0.0942145 0.997234 0.99448 0.0118553 54.5959 2994.81 1.03281
-0.71 -0.329487 0.096063 0.997168 0.994348 0.0120132 54.6148 2996.96 1.03912
-0.715 -0.324452 0.0948065 0.997127 0.994267 0.0120166 54.5859 2993.76 1.03553
-0.72 -0.319364 0.0961166 0.997044 0.994102 0.0125484 54.7202 3008.63 1.0474
-0.725 -0.314308 0.0983073 0.996989 0.993994 0.0126911 54.6698 3003.16 1.05221
-0.73 -0.309216 0.0978693 0.996904 0.993823 0.0128608 54.7363 3010.01 1.01953
-0.735 -0.304203 0.0989553 0.996859 0.993734 0.0131252 54.7501 3011.78 1.03854
-0.74 -0.299116 0.0995682 0.996803 0.993623 0.0134425 54.7723 3014.37 1.04915
-0.745 -0.294047 0.100067 0.996731 0.993479 0.0137351 54.7797 3015.08 1.04124
-0.75 -0.289039 0.102948 0.996691 0.9934 0.014003 54.8067 3017.81 1.02386
-0.755 -0.283942 0.105134 0.996622 0.993262 0.0144235 54.8832 3026.24 1.0255
-0.76 -0.278856 0.106874 0.996509 0.993036 0.0149137 54.9049 3028.68 1.02961
-0.765 -0.273816 0.106363 0.996456 0.992932 0.0151695 54.9222 3031.09 1.06655
-0.77 -0.268722 0.108684 0.996375 0.99277 0.0155936 54.948 3033.43 1.0303
-0.775 -0.263667 0.108156 0.996322 0.992665 0.015665 54.9607 3035.05 1.04622
-0.78 -0.258566 0.109492 0.99623 0.992482 0.0160002 55.0019 3039.49 1.03797
-0.785 -0.253471 0.110711 0.996124 0.992271 0.0164265 55.0291 3042.88 1.06688
-0.79 -0.248402 0.112762 0.996033 0.992089 0.0167852 55.148 3055.79 1.05065
-0.795 -0.243301 0.114701 0.995938 0.9919 0.0172817 55.118 3052.36 1.04273
-0.8 -0.238242 0.115741 0.995864 0.991752 0.0177145 55.1505 3056.31 1.0686
-0.805 -0.233173 0.117491 0.995778 0.991581 0.0183416 55.2257 3064.35 1.04815
-0.81 -0.228107 0.119726 0.995689 0.991404 0.018721 55.2573 3067.98 1.05768
-0.815 -0.222968 0.123041 0.99558 0.991187 0.0196109 55.2588 3068.18 1.06073
-0.82 -0.217911 0.121671 0.995508 0.991045 0.0195416 55.3623 3080.03 1.08694
-0.825 -0.212806 0.123733 0.995403 0.990835 0.0199142 55.2877 3071.4 1.06091
-0.83 -0.207757 0.125197 0.995334 0.990698 0.0206399 55.3495 3078.21 1.0584
-0.835 -0.202651 0.128415 0.995212 0.990456 0.0209645 55.4425 3088.79 1.07646
-0.84 -0.19756 0.127882 0.995098 0.99023 0.0211783 55.5043 3095.7 1.07897
-0.845 -0.192449 0.128378 0.995009 0.990053 0.0216924 55.5164 3097.08 1.08165
-0.85 -0.187343 0.132942 0.994859 0.989755 0.0226815 55.579 3104 1.07814
-0.855 -0.182244 0.132818 0.994761 0.989559 0.0233363 55.5653 3102.61 1.08768
-0.86 -0.177164 0.134118 0.994646 0.989331 0.0234155 55.6901 3116.3 1.07153
-0.865 -0.172051 0.137771 0.994523 0.989086 0.024369 55.6608 3113.17 1.08087
-0.87 -0.166893 0.140761 0.99438 0.988803 0.0252552 55.7118 3118.98 1.08969
-0.875 -0.161797 0.141845 0.994238 0.98852 0.0254629 55.7577 3123.97 1.07928
-0.88 -0.156681 0.141927 0.99412 0.988285 0.0262678 55.7932 3128.17 1.09584
-0.885 -0.151631 0.143157 0.994011 0.988068 0.0264937 55.9372 3144.24 1.09235
-0.89 -0.146544 0.146783 0.993917 0.987882 0.0275554 55.8837 3138.11 1.082
-0.895 -0.14141 0.146815 0.993739 0.98753 0.027814 56.0443 3156.43 1.10354
-0.9 -0.136294 0.147696 0.993615 0.987283 0.0287294 56.0486 3156.81 1.09603
-0.905 -0.131114 0.154437 0.993423 0.986903 0.0301239 56.0856 3161.04 1.10157
-0.91 -0.125981 0.154016 0.993267 0.986592 0.030383 56.1882 3172.92 1.12471
-0.915 -0.120862 0.15764 0.993103 0.986268 0.0315302 56.196 3173.53 1.10578
-0.92 -0.115762 0.16127 0.992976 0.986015 0.0324396 56.2675 3181.84 1.12382
-0.925 -0.110681 0.15945 0.992849 0.985763 0.0325019 56.3343 3189.18 1.10952
-0.93 -0.105482 0.160481 0.9926 0.985269 0.0334637 56.4993 3208.09 1.12687
-0.935 -0.100333 0.168843 0.992467 0.985005 0.0349516 56.4961 3207.67 1.12322
-0.94 -0.0952784 0.166699 0.992328 0.98473 0.0354448 56.5757 3216.78 1.12894
-0.945 -0.0901019 0.1708 0.992146 0.984369 0.0364404 56.5629 3215.37 1.13239
-0.95 -0.084976 0.173831 0.991944 0.983969 0.0380097 56.7265 3234.23 1.15132
-0.955 -0.0798575 0.173769 0.99179 0.983663 0.0379904 56.7724 3239.37 1.14556
-0.96 -0.0746324 0.176522 0.991546 0.98318 0.0395499 56.8802 3251.89 1.16244
-0.965 -0.0694672 0.181158 0.991326 0.982746 0.0413502 56.937 3258.36 1.16176
-0.97 -0.0643941 0.182387 0.991199 0.982493 0.0419502 56.9802 3263.49 1.17565
-0.975 -0.0591424 0.184563 0.990886 0.981873 0.0427479 57.1227 3279.47 1.15265
-0.98 -0.054024 0.189821 0.990734 0.981573 0.0450692 57.1477 3282.65 1.17558
-0.985 -0.048926 0.189249 0.990551 0.981211 0.0450819 57.2123 3290.21 1.18563
-0.99 -0.0437142 0.19492 0.990284 0.980683 0.0465406 57.3279 3303.34 1.17589
-0.995 -0.0385627 0.196983 0.99004 0.980201 0.0481502 57.4668 3319.35 1.177
-1 -0.0333864 0.19811 0.989792 0.97971 0.0496244 57.5556 3329.86 1.19592
-1.005 -0.0281022 0.201961 0.989449 0.979032 0.0510213 57.694 3346.15 1.2169
-1.01 -0.023053 0.205405 0.989332 0.978801 0.0529901 57.7367 3351.02 1.21165
-1.015 -0.0178413 0.209991 0.989062 0.978267 0.0548633 57.822 3360.96 1.21579
-1.02 -0.0126403 0.210044 0.98875 0.977651 0.0553409 58.0003 3381.38 1.19644
-1.025 -0.00738792 0.219344 0.988414 0.976987 0.0592513 58.1329 3397.54 1.24559
-1.03 -0.00219065 0.219439 0.988126 0.976419 0.059695 58.1638 3400.73 1.2171
-1.035 0.00301942 0.215428 0.987822 0.975817 0.0590943 58.3656 3424.38 1.22288
-1.04 0.00817235 0.223146 0.98755 0.975281 0.0619717 58.4415 3433.57 1.243
-1.045 0.013519 0.229368 0.987115 0.974424 0.0661272 58.617 3454.37 1.25647
-1.05 0.0186859 0.231081 0.986864 0.973929 0.0665734 58.6648 3460.08 1.26344
-1.055 0.023811 0.238695 0.98662 0.973449 0.0696229 58.7167 3466.62 1.29156
-1.06 0.0290835 0.242605 0.986177 0.972576 0.0723915 58.9499 3493.79 1.26877
-1.065 0.0342921 0.24641 0.985861 0.971954 0.0744799 59.0953 3511.41 1.29679
-1.07 0.0395939 0.252004 0.985423 0.971092 0.0778943 59.2845 3533.82 1.29368
-1.075 0.0448421 0.25306 0.985021 0.970301 0.0799372 59.3902 3546.94 1.3298
-1.08 0.0500554 0.259005 0.984713 0.969696 0.0831201 59.5039 3560.44 1.32537
-1.085 0.0554606 0.268234 0.984086 0.968463 0.0877431 59.8211 3598.66 1.34403
-1.09 0.0605832 0.264299 0.983847 0.967994 0.0877446 59.8556 3602.97 1.355
-1.095 0.065961 0.266391 0.983255 0.966829 0.0904306 60.1472 3637.71 1.33159
-1.1 0.0711218 0.275387 0.982923 0.966179 0.0931095 60.2577 3651.51 1.36228
-1.105 0.0764246 0.283058 0.982401 0.965155 0.0993764 60.4193 3671.23 1.37318
-1.11 0.081792 0.294241 0.981849 0.964072 0.104466 60.6632 3701.48 1.41482
-1.115 0.0870937 0.295511 0.981345 0.963085 0.107806 60.8706 3726.83 1.41884
-1.12 0.0923549 0.298946 0.98087 0.962155 0.111567 61.05 3748.87 1.42629
-1.125 0.0977146 0.307968 0.980308 0.961054 0.116245 61.2658 3775.67 1.44782
-1.13 0.103038 0.306342 0.979696 0.959856 0.118504 61.4751 3801.61 1.45949
-1.135 0.108314 0.315262 0.979186 0.958859 0.123248 61.6758 3826.69 1.47801
-1.14 0.113748 0.327005 0.978451 0.957423 0.132481 62.0104 3869.06 1.53365
-1.145 0.119159 0.331387 0.977739 0.956034 0.13711 62.2578 3900.16 1.54994
-1.15 0.124516 0.341944 0.977083 0.954754 0.143292 62.5442 3936.11 1.55595
-1.155 0.129807 0.339461 0.976493 0.953602 0.146378 62.7646 3963.65 1.54577
-1.16 0.135426 0.364055 0.975443 0.951559 0.161852 63.2142 4021.81 1.63138
-1.165 0.140931 0.364715 0.974569 0.949857 0.16672 63.5564 4065.24 1.62554
-1.17 0.146356 0.380278 0.973752 0.94827 0.176054 63.9251 4113.07 1.66767
-1.175 0.151633 0.380987 0.973099 0.947 0.182785 64.0508 4129.65 1.69504
-1.18 0.157297 0.394335 0.971946 0.944763 0.19282 64.5636 4196.21 1.71926
-1.185 0.162626 0.408206 0.971146 0.943215 0.208021 64.828 4231.66 1.78881
-1.19 0.168246 0.420532 0.970012 0.941019 0.21935 65.3171 4296.29 1.83516
-1.195 0.17375 0.426109 0.96902 0.939099 0.23062 65.646 4340.42 1.89019
-1.2 0.179259 0.436831 0.967908 0.936952 0.242539 66.136 4405.51 1.90718
-1.205 0.185047 0.447721 0.966383 0.934009 0.260845 66.6755 4478.33 1.96272
-1.21 0.190672 0.473809 0.965034 0.931414 0.282081 67.2517 4556.83 2.02484
-1.215 0.196354 0.485054 0.963645 0.928742 0.300436 67.7552 4625.99 2.07995
-1.22 0.201987 0.503081 0.962251 0.926067 0.323658 68.3075 4703.01 2.17253
-1.225 0.20781 0.531961 0.960422 0.922565 0.353399 69.0296 4804.38 2.27731
-1.23 0.213627 0.551069 0.958688 0.91925 0.383755 69.6523 4892.93 2.38211
-1.235 0.219656 0.58473 0.956341 0.914775 0.43148 70.659 5037.37 2.52928
-1.24 0.225657 0.625284 0.954037 0.910397 0.487313 71.5145 5162.58 2.69898
-1.245 0.231694 0.645683 0.951597 0.90577 0.538247 72.472 5303.7 2.84283
-1.25 0.237847 0.687491 0.948887 0.900647 0.599361 73.4514 5450.62 3.02252
-1.255 0.244348 0.743779 0.945164 0.89364 0.704252 74.9448 5679.09 3.32855
-1.26 0.250826 0.851907 0.941401 0.886622 0.888391 76.4133 5913.99 3.92644
-1.265 0.257616 0.93448 0.936745 0.877967 1.09342 78.201 6202.8 4.47081
-1.27 0.26523 1.05698 0.929898 0.865307 1.37502 80.9396 6656.08 5.18232
-1.275 0.273478 1.55681 0.919235 0.846607 3.72066 84.8976 7451.67 11.4993
-1.28 0.300181 6.44916 0.798754 0.661324 53.7213 129.219 19872.1 98.2667
-1.285 0.330228 1.90163 0.60633 0.380577 29.8144 199.651 41622.9 35.31
-1.29 0.336815 0.387235 0.533068 0.286655 5.74456 226.355 51605.8 6.52506
-1.295 0.338318 0.442662 0.509089 0.261359 5.03937 234.989 55554.2 5.6886
-1.3 0.339144 0.47734 0.484313 0.236313 4.0414 244.105 59863.8 4.52949
-1.305 0.339814 0.522486 0.464612 0.217443 3.63745 251.275 63397.3 4.10661
-1.31 0.34039 0.541935 0.447939 0.202102 3.34557 257.304 66446.8 3.75314
-1.315 0.34066 0.573007 0.431621 0.18761 3.02557 263.237 69515.8 3.37103
-1.32 0.340984 0.608281 0.418155 0.176075 2.81414 268.028 72048.7 3.12752
-1.325 0.340823 0.629997 0.403339 0.163825 2.63171 273.584 75050.8 2.96065
-1.33 0.340867 0.656731 0.390583 0.153645 2.51115 278.173 77576.9 2.82752
-1.335 0.341032 0.685264 0.37999 0.145416 2.35776 281.956 79689.1 2.6933
-1.34 0.340774 0.70439 0.368203 0.136554 2.26011 286.308 82159.1 2.60736
-1.345 0.340404 0.729056 0.356432 0.127955 2.09823 290.629 84641.1 2.42168
-1.35 0.340073 0.75322 0.346429 0.120886 2.01009 294.428 86860.8 2.34982
-1.355 0.339648 0.767013 0.336615 0.114146 1.92626 297.968 88952.6 2.2504
-1.36 0.339247 0.759026 0.327177 0.107814 1.77231 301.447 91024.8 2.04947
-1.365 0.338972 0.823956 0.318598 0.102288 1.80493 304.564 92920.8 2.12269
-1.37 0.338306 0.825123 0.309844 0.0967283 1.67002 307.846 94924.7 2.02138
-1.375 0.337607 0.83806 0.300947 0.0912744 1.62555 311.141 96961.2 1.96259
-1.38 0.337019 0.827697 0.293097 0.0865596 1.5064 314.06 98776.2 1.81558
-1.385 0.336685 0.877235 0.286266 0.0826083 1.52152 316.478 100307 1.87639
-1.39 0.335741 0.889279 0.277701 0.0777612 1.48278 319.759 102393 1.84237
-1.395 0.335045 0.907723 0.270886 0.0739939 1.41586 322.245 103987 1.79458
-1.4 0.33434 0.910415 0.263969 0.0702656 1.35051 324.902 105702 1.73804
-1.405 0.333672 0.915429 0.257424 0.0668366 1.31245 327.328 107281 1.68045
-1.41 0.333244 0.933678 0.251686 0.0638932 1.26138 329.381 108628 1.65261
-1.415 0.332161 0.927813 0.244595 0.0603449 1.19337 332.081 110407 1.56044
-1.42 0.331318 0.972238 0.238528 0.0574155 1.19726 334.474 112007 1.60942
-1.425 0.330914 0.952483 0.233282 0.0549141 1.13774 336.222 113174 1.52545
-1.43 0.33004 0.990172 0.227668 0.0523247 1.13394 338.288 114569 1.53947
-1.435 0.329146 0.971327 0.222004 0.0497482 1.06533 340.359 115968 1.45489
-1.44 0.328386 0.982362 0.21653 0.0473381 1.04388 342.555 117467 1.43249
-1.445 0.327639 0.989275 0.211661 0.0452391 1.01094 344.22 118610 1.42569
-1.45 0.326656 1.00805 0.206477 0.0430632 0.992187 346.255 120016 1.43013
-1.455 0.325881 0.996631 0.20187 0.041165 0.952417 347.999 121223 1.37446
-1.46 0.325393 1.03094 0.197593 0.0394548 0.948689 349.456 122240 1.37892
-1.465 0.324078 1.02478 0.191973 0.0372484 0.909466 351.668 123788 1.3327
-1.47 0.323172 1.01853 0.187559 0.0355611 0.881587 353.359 124980 1.3309
-1.475 0.322634 1.02373 0.183855 0.0341727 0.85259 354.657 125898 1.31528
-1.48 0.321525 1.03354 0.179164 0.0324574 0.824094 356.495 127204 1.29076
-1.485 0.320632 1.03335 0.175136 0.0310218 0.804704 358.063 128323 1.26814
-1.49 0.319837 1.04315 0.171062 0.0296033 0.785983 359.628 129445 1.25359
-1.495 0.31899 1.04117 0.167159 0.0282744 0.765611 361.014 130444 1.25272
