-1.5 0.0204281 1.04737 0 0 0 562.784 316733 0.687788
-1.495 0.0204244 1.03533 0 0 0 562.785 316734 0.682902
-1.49 0.0204348 1.05664 0 0 0 562.789 316739 0.669366
-1.485 0.0204217 1.05119 0 0 0 562.801 316753 0.682654
-1.48 0.0204354 1.04421 0 0 0 562.795 316746 0.694438
-1.475 0.0204294 1.04322 0 0 0 562.798 316749 0.686034
-1.47 0.0204264 1.04269 0 0 0 562.762 316709 0.69227
-1.465 0.0204358 1.03449 0 0 0 562.762 316708 0.682767
-1.46 0.0204246 1.05911 0 0 0 562.777 316726 0.672319
-1.455 0.0204272 1.04421 0 0 0 562.771 316719 0.684693
-1.45 0.0204225 1.04943 0 0 0 562.78 316729 0.686246
-1.445 0.0204321 1.04562 0 0 0 562.775 316724 0.690111
-1.44 0.02042 1.04547 0 0 0 562.809 316761 0.673008
-1.435 0.0204294 1.04022 0 0 0 562.78 316729 0.690187
-1.43 0.0204396 1.03067 0 0 0 562.768 316716 0.680906
-1.425 0.0204264 1.04963 0 0 0 562.794 316746 0.700104
-1.42 0.0204235 1.04203 0 0 0 562.786 316736 0.686579
-1.415 0.0204257 1.06192 0 0 0 562.788 316739 0.684251
-1.41 0.0204347 1.05375 0 0 0 562.808 316760 0.68323
-1.405 0.020429 1.05412 0 0 0 562.791 316741 0.696849
-1.4 0.0204185 1.04524 0 0 0 562.826 316781 0.69194
-1.395 0.0204283 1.03907 0 0 0 562.798 316749 0.695305
-1.39 0.0204329 1.0369 0 0 0 562.769 316716 0.693259
-1.385 0.0204331 1.03309 0 0 0 562.794 316744 0.680537
-1.38 0.0204245 1.0455 0 0 0 562.797 316748 0.678539
-1.375 0.0204306 1.04695 0 0 0 562.761 316708 0.694427
-1.37 0.0204208 1.03983 0 0 0 562.781 316730 0.677726
-1.365 0.0204194 1.04711 0 0 0 562.8 316752 0.677965
-1.36 0.0204305 1.04752 0 0 0 562.81 316762 0.681608
-1.355 0.0204194 1.05773 0 0 0 562.774 316722 0.665536
-1.35 0.0204367 1.07168 0 0 0 562.797 316748 0.689517
-1.345 0.0204432 1.04883 0 0 0 562.774 316722 0.686261
-1.34 0.0204286 1.03775 0 0 0 562.79 316741 0.676541
-1.335 0.0204272 1.04388 0 0 0 562.791 316742 0.683252
-1.33 0.0204196 1.04746 0 0 0 562.766 316714 0.68825
-1.325 0.0204356 1.03744 0 0 0 562.777 316726 0.680377
-1.32 0.0204371 1.07081 0 0 0 562.761 316707 0.681731
-1.315 0.0204151 1.0366 0 0 0 562.799 316751 0.685968
-1.31 0.0204265 1.05396 0 0 0 562.804 316756 0.686199
-1.305 0.0204309 1.04217 0 0 0 562.77 316718 0.68785
-1.3 0.0204288 1.0278 0 0 0 562.769 316717 0.682996
-1.295 0.020413 1.03292 0 0 0 562.803 316755 0.672822
-1.29 0.0204334 1.04421 0 0 0 562.751 316697 0.674209
-1.285 0.0204356 1.04261 0 0 0 562.772 316720 0.686518
-1.28 0.0204306 1.05851 0 0 0 562.767 316715 0.696451
-1.275 0.0204186 1.03472 0 0 0 562.797 316748 0.670502
-1.27 0.0204459 1.04298 0 0 0 562.794 316745 0.679292
-1.265 0.0204336 1.04992 0 0 0 562.759 316705 0.683168
-1.26 0.0204274 1.05313 0 0 0 562.817 316770 0.693335
-1.255 0.0204332 1.03539 0 0 0 562.77 316718 0.682151
-1.25 0.0204326 1.04997 0 0 0 562.77 316718 0.691892
-1.245 0.0204351 1.03818 0 0 0 562.774 316723 0.675403
-1.24 0.0204213 1.0431 0 0 0 562.764 316711 0.679868
-1.235 0.0204392 1.06496 0 0 0 562.762 316708 0.692422
-1.23 0.0204362 1.03914 0 0 0 562.771 316719 0.69861
-1.225 0.0204343 1.05205 0 0 0 562.786 316736 0.677614
-1.22 0.0204207 1.0485 0 0 0 562.771 316719 0.685649
-1.215 0.0204188 1.03918 0 0 0 562.791 316741 0.684808
-1.21 0.0204275 1.04398 0 0 0 562.789 316739 0.691483
-1.205 0.0204233 1.05288 0 0 0 562.783 316732 0.687119
-1.2 0.0204374 1.05266 0 0 0 562.792 316742 0.679925
-1.195 0.0204273 1.06162 0 0 0 562.723 316665 0.684862
-1.19 0.0204402 1.05766 0 0 0 562.753 316699 0.683758
-1.185 0.0204264 1.04725 0 0 0 562.795 316747 0.69665
-1.18 0.0204346 1.05752 0 0 0 562.791 316741 0.682058
-1.175 0.0204219 1.04007 0 0 0 562.795 316745 0.684171
-1.17 0.0204354 1.05338 0 0 0 562.793 316744 0.689687
-1.165 0.0204277 1.03065 0 0 0 562.793 316744 0.687878
-1.16 0.0204332 1.04545 0 0 0 562.733 316676 0.692383
-1.155 0.0204254 1.0494 0 0 0 562.779 316727 0.686128
-1.15 0.0204322 1.04632 0 0 0 562.787 316737 0.690998
-1.145 0.0204168 1.04052 8.68056e-08 1.50704e-10 4.34006e-06 562.761 316708 0.671087
-1.14 0.0204296 1.06638 0 0 0 562.78 316728 0.670122
-1.135 0.0204271 1.06329 0 0 0 562.775 316723 0.684918
-1.13 0.0204339 1.06228 0 0 0 562.795 316746 0.69076
-1.125 0.0204302 1.04753 8.68056e-08 1.50704e-10 4.34006e-06 562.805 316758 0.676465
-1.12 0.0204364 1.02925 1.73611e-07 3.01408e-10 8.67969e-06 562.785 316735 0.681865
-1.115 0.020433 1.03909 0 0 0 562.787 316736 0.689348
-1.11 0.0204294 1.03802 0 0 0 562.776 316724 0.694458
-1.105 0.0204393 1.04264 8.68056e-08 1.50704e-10 4.34006e-06 562.764 316711 0.685157
-1.1 0.0204218 1.04836 0 0 0 562.783 316732 0.678873
-1.095 0.020413 1.05083 4.34028e-07 7.5352e-10 2.1696e-05 562.813 316766 0.6894
-1.09 0.0204262 1.05483 9.54861e-07 1.65774e-09 4.77168e-05 562.797 316749 0.688672
-1.085 0.0204259 1.0318 6.94444e-07 1.20563e-09 3.47083e-05 562.838 316794 0.67832
-1.08 0.0204319 1.05444 2.60417e-07 4.52112e-10 1.30189e-05 562.734 316678 0.692543
-1.075 0.0204236 1.06478 5.20833e-07 9.04225e-10 2.60339e-05 562.805 316757 0.702023
-1.07 0.0204256 1.03947 7.8125e-07 1.35634e-09 3.90449e-05 562.786 316736 0.68282
-1.065 0.0204329 1.06778 9.54861e-07 1.65774e-09 4.77168e-05 562.801 316753 0.682068
-1.06 0.0204291 1.04336 1.04167e-06 1.80845e-09 5.20521e-05 562.773 316721 0.689954
-1.055 0.020432 1.0529 2.43056e-06 4.21971e-09 0.000121358 562.801 316752 0.686182
-1.05 0.0204276 1.05114 6.94444e-07 1.20563e-09 3.47083e-05 562.795 316746 0.683622
-1.045 0.0204284 1.05527 1.82292e-06 3.16479e-09 9.10501e-05 562.736 316680 0.688132
-1.04 0.0204232 1.04426 2.17014e-06 3.7676e-09 0.000108371 562.804 316756 0.687557
-1.035 0.0204241 1.04089 3.125e-06 5.42535e-09 0.000155969 562.767 316714 0.685724
-1.03 0.0204441 1.0493 3.99306e-06 6.93239e-09 0.000199194 562.747 316692 0.689768
-1.025 0.0204239 1.0547 4.86111e-06 8.43943e-09 0.000242375 562.799 316751 0.694726
-1.02 0.020438 1.05117 9.63542e-06 1.76324e-08 0.000505139 562.763 316710 0.690071
-1.015 0.0204112 1.07115 6.85764e-06 1.19056e-08 0.000341528 562.754 316700 0.690219
-1.01 0.0204297 1.0396 1.5625e-05 2.74281e-08 0.000782899 562.776 316725 0.688
-1.005 0.0204354 1.06464 2.03993e-05 3.54155e-08 0.00100798 562.785 316735 0.702113
-1 0.0204253 1.06671 1.84028e-05 3.25521e-08 0.000927747 562.799 316751 0.685456
-0.995 0.0204414 1.04186 3.13368e-05 5.53084e-08 0.0015646 562.741 316685 0.682064
-0.99 0.0204327 1.06833 3.81076e-05 6.70633e-08 0.0018896 562.773 316721 0.681061
-0.985 0.0204314 1.05517 4.40104e-05 7.76126e-08 0.00217946 562.778 316727 0.695606
-0.98 0.0204429 1.0352 4.98264e-05 9.13267e-08 0.00255871 562.756 316701 0.669105
-0.975 0.0204363 1.04472 9.32292e-05 1.80543e-07 0.00494933 562.771 316719 0.68521
-0.97 0.0204386 1.05524 9.61806e-05 1.87777e-07 0.00514157 562.708 316648 0.704198
-0.965 0.0204608 1.06042 0.000156163 3.24466e-07 0.00864227 562.703 316643 0.699647
-0.96 0.020467 1.08383 0.000199219 4.10066e-07 0.0106669 562.675 316611 0.690654
-0.955 0.0204761 1.05488 0.00024375 5.37109e-07 0.0137576 562.661 316595 0.687887
-0.95 0.0204818 1.06192 0.000263542 5.55495e-07 0.013998 562.635 316566 0.689078
-0.945 0.020499 1.09888 0.000361198 7.96471e-07 0.019181 562.616 316545 0.694586
-0.94 0.0205334 1.09424 0.000513021 1.29575e-06 0.0297378 562.478 316390 0.711914
-0.935 0.0205515 1.09911 0.000752344 2.16336e-06 0.0460033 562.403 316306 0.72328
-0.93 0.0206086 1.14199 0.00108394 3.72706e-06 0.0735015 562.176 316050 0.744187
-0.925 0.0206276 1.14335 0.0012921 4.51555e-06 0.0819654 562.11 315977 0.758355
-0.92 0.0207187 1.207 0.00204957 9.53821e-06 0.15372 561.645 315454 0.825351
-0.915 0.0208177 1.27655 0.00285373 1.81262e-05 0.287494 561.239 314999 0.960375
-0.91 -0.150995 0.5119 1 1 0 68.053 4633.14 1.42283
-0.905 -0.155988 0.520967 1 1 0 68.0494 4632.67 1.4342
-0.9 -0.160995 0.506 1 1 0 68.0567 4633.66 1.42537
-0.895 -0.165987 0.525623 1 1 0 68.04 4631.4 1.44268
-0.89 -0.170997 0.507946 1 1 0 68.0585 4633.89 1.413
-0.885 -0.176001 0.512523 1 1 0 68.0545 4633.32 1.39984
-0.88 -0.181001 0.517987 1 1 0 68.0451 4632.07 1.42589
-0.875 -0.185991 0.516839 1 1 0 68.0531 4633.14 1.40786
-0.87 -0.190997 0.501035 1 1 0 68.0517 4632.99 1.43814
-0.865 -0.195994 0.511637 1 1 0 68.0615 4634.29 1.41219
-0.86 -0.200987 0.51822 1 1 0 68.0611 4634.25 1.4175
-0.855 -0.205997 0.505227 1 1 0 68.0703 4635.53 1.44114
-0.85 -0.210989 0.515533 1 1 0 68.0386 4631.19 1.42641
-0.845 -0.216004 0.511505 1 1 0 68.0757 4636.25 1.42449
-0.84 -0.220989 0.518324 1 1 0 68.038 4631.09 1.4136
-0.835 -0.225993 0.514001 1 1 0 68.0583 4633.88 1.4342
-0.83 -0.230992 0.515443 1 1 0 68.0457 4632.13 1.40216
-0.825 -0.235998 0.514937 1 1 0 68.0485 4632.55 1.43603
-0.82 -0.240999 0.521757 1 1 0 68.0405 4631.44 1.42265
-0.815 -0.24599 0.513872 1 1 0 68.0392 4631.3 1.44633
-0.81 -0.250997 0.509875 1 1 0 68.0731 4635.88 1.41794
-0.805 -0.255995 0.51936 1 1 0 68.0477 4632.44 1.43348
-0.8 -0.260994 0.510331 1 1 0 68.0563 4633.57 1.40608
-0.795 -0.266006 0.513435 1 1 0 68.0887 4638.01 1.42882
-0.79 -0.270991 0.525153 1 1 0 68.0357 4630.8 1.42932
-0.785 -0.275997 0.511124 1 1 0 68.0527 4633.1 1.41767
-0.78 -0.280991 0.518499 1 1 0 68.0529 4633.16 1.44167
-0.775 -0.285997 0.511654 1 1 0 68.0662 4634.93 1.40943
-0.77 -0.290999 0.508574 1 1 0 68.0617 4634.33 1.41945
-0.765 -0.295988 0.524567 1 1 0 68.0409 4631.51 1.43009
-0.76 -0.300988 0.503951 1 1 0 68.0529 4633.14 1.43049
-0.755 -0.305991 0.518432 1 1 0 68.0551 4633.45 1.437
-0.75 -0.311 0.519604 1 1 0 68.0651 4634.79 1.42289
-0.745 -0.316002 0.527321 1 1 0 68.0533 4633.21 1.44258
-0.74 -0.321 0.515501 1 1 0 68.0555 4633.48 1.41072
-0.735 -0.325994 0.513111 1 1 0 68.0511 4632.9 1.43121
-0.73 -0.330995 0.518824 1 1 0 68.0651 4634.81 1.43676
-0.725 -0.335999 0.510646 1 1 0 68.0765 4636.35 1.42422
-0.72 -0.340995 0.514816 1 1 0 68.0532 4633.17 1.41696
-0.715 -0.345998 0.502893 1 1 0 68.0712 4635.63 1.42519
-0.71 -0.350989 0.506204 1 1 0 68.0629 4634.49 1.4125
-0.705 -0.356001 0.512928 1 1 0 68.0654 4634.84 1.43108
-0.7 -0.360986 0.521674 1 1 0 68.0461 4632.22 1.43468
-0.695 -0.365993 0.510763 1 1 0 68.0566 4633.61 1.40904
-0.69 -0.370997 0.509109 1 1 0 68.06 4634.08 1.39959
-0.685 -0.376 0.509542 1 1 0 68.0622 4634.41 1.43054
-0.68 -0.380996 0.516323 1 1 0 68.0562 4633.61 1.44274
-0.675 -0.385995 0.507116 1 1 0 68.0512 4632.89 1.41373
-0.67 -0.390985 0.502567 1 1 0 68.0494 4632.61 1.39235
-0.665 -0.396001 0.5012 1 1 0 68.0492 4632.59 1.39335
-0.66 -0.400997 0.508321 1 1 0 68.063 4634.53 1.43581
-0.655 -0.405993 0.507227 1 1 0 68.048 4632.46 1.41193
-0.65 -0.410994 0.51404 1 1 0 68.0699 4635.45 1.4236
-0.645 -0.415993 0.511359 1 1 0 68.0679 4635.17 1.41515
-0.64 -0.420988 0.514855 1 1 0 68.0662 4634.91 1.3936
-0.635 -0.425999 0.509558 1 1 0 68.0519 4633.02 1.43644
-0.63 -0.430998 0.516714 1 1 0 68.0452 4632.12 1.45094
-0.625 -0.435997 0.515942 1 1 0 68.0536 4633.21 1.40918
-0.62 -0.441001 0.514985 1 1 0 68.0439 4631.89 1.40617
-0.615 -0.445994 0.511965 1 1 0 68.0515 4632.94 1.41602
-0.61 -0.450999 0.514832 1 1 0 68.0566 4633.6 1.39591
-0.605 -0.455995 0.517633 1 1 0 68.0702 4635.48 1.41903
-0.6 -0.460999 0.515465 1 1 0 68.0549 4633.4 1.41942
-0.595 -0.465994 0.509561 1 1 0 68.0581 4633.83 1.41001
-0.59 -0.471 0.507047 1 1 0 68.0731 4635.89 1.41963
-0.585 -0.476 0.515822 1 1 0 68.0561 4633.57 1.42156
-0.58 -0.480996 0.520542 1 1 0 68.0615 4634.31 1.41869
-0.575 -0.485997 0.523851 1 1 0 68.0654 4634.87 1.4533
-0.57 -0.490997 0.515354 1 1 0 68.0782 4636.61 1.44166
-0.565 -0.495995 0.518593 1 1 0 68.0594 4633.98 1.39648
-0.56 -0.501008 0.50752 1 1 0 68.0756 4636.24 1.43265
-0.555 -0.505995 0.517301 1 1 0 68.0566 4633.64 1.41735
-0.55 -0.510995 0.517346 1 1 0 68.0704 4635.5 1.40543
-0.545 -0.515996 0.510822 1 1 0 68.0563 4633.59 1.42045
-0.54 -0.520989 0.512622 1 1 0 68.0657 4634.92 1.44871
-0.535 -0.525996 0.515242 1 1 0 68.055 4633.43 1.42851
-0.53 -0.530998 0.516178 1 1 0 68.0592 4633.98 1.4107
-0.525 -0.535997 0.517773 1 1 0 68.0582 4633.83 1.41223
-0.52 -0.540991 0.513752 1 1 0 68.0393 4631.29 1.42699
-0.515 -0.545986 0.513995 1 1 0 68.0392 4631.29 1.43056
-0.51 -0.550999 0.50637 1 1 0 68.0601 4634.08 1.40465
-0.505 -0.555998 0.514447 1 1 0 68.0582 4633.87 1.42762
-0.5 -0.560992 0.516245 1 1 0 68.0572 4633.72 1.42344
