0 0.239062 0.54007 0.00111806 3.24436e-06 0.00459489 424.455 180239 0.72226
0.01 0.239082 0.544901 0.00119106 3.53326e-06 0.00487212 424.545 180316 0.726935
0.02 0.239291 0.532137 0.00122526 3.66377e-06 0.00498241 424.323 180127 0.717812
0.03 0.239184 0.558901 0.00127804 3.89133e-06 0.00520231 424.364 180162 0.725284
0.04 0.239113 0.558164 0.00132439 4.05439e-06 0.00530007 424.531 180302 0.714686
0.05 0.239119 0.544748 0.00139097 4.37856e-06 0.00563041 424.47 180251 0.719213
0.06 0.239466 0.548802 0.00146406 4.75049e-06 0.00600656 424.394 180187 0.723869
0.07 0.23947 0.538394 0.00148073 4.77853e-06 0.00595807 424.145 179976 0.730042
0.08 0.239417 0.546597 0.00155651 5.1485e-06 0.0062802 424.278 180088 0.720593
0.09 0.23949 0.551851 0.00163793 5.58645e-06 0.00668995 424.276 180086 0.715834
0.1 0.239735 0.544506 0.00170243 5.85244e-06 0.00680641 424.084 179922 0.709322
0.11 0.239646 0.553271 0.00176102 6.19801e-06 0.00713503 424.127 179960 0.717874
0.12 0.23957 0.545806 0.00182457 6.58743e-06 0.00750732 424.159 179986 0.71297
0.13 0.239717 0.557103 0.00191024 7.01286e-06 0.00775028 423.992 179845 0.716066
0.14 0.239801 0.561305 0.00199375 7.47522e-06 0.00806443 424.078 179920 0.739475
0.15 0.239895 0.553467 0.0020612 7.81084e-06 0.00820755 423.924 179789 0.730654
0.16 0.239924 0.564741 0.00216641 8.44651e-06 0.00864736 423.933 179796 0.727131
0.17 0.240014 0.550273 0.00222109 8.8712e-06 0.00907301 423.821 179702 0.733377
0.18 0.240228 0.553843 0.00231337 9.36566e-06 0.00924822 423.768 179657 0.73127
0.19 0.2402 0.560087 0.00241727 1.01055e-05 0.00982022 423.679 179581 0.720719
0.2 0.24035 0.568872 0.00250894 1.06929e-05 0.0101333 423.597 179511 0.720931
0.21 0.240513 0.560371 0.00266528 1.16784e-05 0.01054 423.495 179426 0.733815
0.22 0.240335 0.563137 0.00275304 1.2325e-05 0.0109344 423.47 179404 0.732871
0.23 0.240392 0.563367 0.00282144 1.29809e-05 0.0115669 423.445 179382 0.719455
0.24 0.240647 0.572472 0.00296797 1.40623e-05 0.0121041 423.298 179258 0.726973
0.25 0.240644 0.564458 0.00308793 1.50033e-05 0.0125983 423.315 179273 0.728021
0.26 0.240715 0.569621 0.00323099 1.60441e-05 0.0129135 423.337 179292 0.729003
0.27 0.241029 0.571932 0.00336354 1.72574e-05 0.013695 423.021 179024 0.734778
0.28 0.241079 0.563053 0.003502 1.844e-05 0.0142296 422.913 178932 0.726828
0.29 0.241113 0.576665 0.0036572 1.99317e-05 0.0151062 422.924 178941 0.727416
0.3 0.241396 0.569713 0.00380061 2.11831e-05 0.0155255 422.646 178707 0.731926
0.31 0.24133 0.576005 0.00397413 2.26789e-05 0.0158633 422.661 178721 0.748803
0.32 0.24168 0.574063 0.00412604 2.43601e-05 0.0169019 422.332 178441 0.726043
0.33 0.241625 0.58067 0.00432049 2.65022e-05 0.0180533 422.467 178558 0.752417
0.34 0.241597 0.575432 0.00448082 2.79642e-05 0.0181705 422.353 178461 0.744836
0.35 0.241946 0.591603 0.00465807 2.98025e-05 0.0186736 422.127 178269 0.741871
0.36 0.242198 0.581105 0.00486884 3.23277e-05 0.0198653 421.924 178099 0.746486
0.37 0.242058 0.584404 0.00503064 3.42302e-05 0.0205582 421.948 178120 0.754856
0.38 0.242248 0.576026 0.00527431 3.71793e-05 0.0215678 421.741 177945 0.75694
0.39 0.242311 0.597644 0.00547595 3.98273e-05 0.0226742 421.589 177817 0.756748
0.4 0.242689 0.586028 0.00575113 4.31534e-05 0.0232194 421.404 177660 0.752031
0.41 0.242825 0.579977 0.00596554 4.60598e-05 0.0241279 421.192 177481 0.747044
0.42 0.2429 0.583145 0.00621571 4.98633e-05 0.0258699 421.143 177441 0.757597
0.43 0.243064 0.596535 0.00649002 5.35577e-05 0.0263516 420.912 177245 0.748854
0.44 0.243313 0.598678 0.00681632 5.89352e-05 0.0287379 420.629 177010 0.771133
0.45 0.243449 0.621499 0.00701675 6.19718e-05 0.0293459 420.555 176948 0.774847
0.46 0.243472 0.597747 0.00733472 6.70085e-05 0.0304366 420.302 176734 0.763641
0.47 0.243715 0.595879 0.0076099 7.17611e-05 0.0319117 420.199 176647 0.757074
0.48 0.243768 0.604887 0.00795894 7.79883e-05 0.0337388 420.018 176496 0.774449
0.49 0.244022 0.60375 0.00835052 8.48907e-05 0.0349275 419.607 176150 0.76584
0.5 0.244242 0.598003 0.00865313 9.04722e-05 0.0359323 419.413 175988 0.771734
0.51 0.244447 0.614975 0.00904444 9.85364e-05 0.038556 419.096 175723 0.779872
0.52 0.244728 0.594705 0.00945295 0.000106532 0.0395685 418.778 175456 0.769824
0.53 0.244858 0.610145 0.00981953 0.000114296 0.0411781 418.636 175338 0.786852
0.54 0.245145 0.609797 0.0102247 0.000123261 0.0431241 418.26 175024 0.793115
0.55 0.245109 0.600338 0.0106597 0.000133092 0.044841 418.1 174890 0.78388
0.56 0.245706 0.610712 0.0111976 0.000145732 0.0468783 417.574 174451 0.786446
0.57 0.245826 0.600248 0.0116858 0.000158082 0.0495933 417.505 174392 0.779455
0.58 0.245935 0.613324 0.0120861 0.000168668 0.0520557 417.036 174003 0.806662
0.59 0.246368 0.610114 0.0127924 0.000187211 0.0542978 416.711 173732 0.804649
0.6 0.246423 0.614401 0.0132771 0.000200704 0.0562702 416.35 173432 0.810644
0.61 0.246695 0.624748 0.0137844 0.000215681 0.0591484 415.954 173104 0.827702
0.62 0.247204 0.631835 0.0144628 0.000236397 0.0627284 415.385 172629 0.809468
0.63 0.247509 0.617053 0.0151428 0.000257617 0.0652327 414.885 172215 0.815934
0.64 0.24767 0.617652 0.0156928 0.00027546 0.0672675 414.585 171966 0.82293
0.65 0.247931 0.636466 0.0164728 0.000301952 0.070497 414.13 171589 0.832292
0.66 0.248314 0.632155 0.0172399 0.000329455 0.0742801 413.483 171055 0.839683
0.67 0.248426 0.616382 0.0179068 0.00035492 0.0789515 413.04 170688 0.831095
0.68 0.248574 0.642496 0.0186331 0.000383126 0.0827929 412.674 170387 0.84957
0.69 0.248839 0.633003 0.0194763 0.000416619 0.0859213 412.041 169866 0.848881
0.7 0.249367 0.636889 0.0205741 0.000463167 0.091866 411.311 169266 0.862647
0.71 0.249678 0.623486 0.0215487 0.00050601 0.0959921 410.791 168838 0.862206
0.72 0.25001 0.645979 0.0225212 0.000550574 0.0999252 410.121 168287 0.859726
0.73 0.250301 0.649397 0.0234622 0.000598053 0.109615 409.525 167803 0.897064
0.74 0.250785 0.652914 0.0246321 0.000655661 0.112712 408.729 167151 0.891761
0.75 0.250816 0.655894 0.0255636 0.000705172 0.119054 408.049 166597 0.912839
0.76 0.251138 0.637932 0.0268737 0.000775371 0.122516 407.166 165878 0.918815
0.77 0.25176 0.657646 0.0281392 0.000849885 0.133789 406.352 165217 0.939426
0.78 0.251934 0.658466 0.0294159 0.000924199 0.135716 405.629 164630 0.938707
0.79 0.252472 0.653331 0.0307891 0.00101138 0.146113 404.59 163790 0.95726
0.8 0.252827 0.652004 0.0323656 0.00111371 0.152467 403.587 162981 0.983842
0.81 0.2532 0.65955 0.0341377 0.00123638 0.163583 402.501 162105 0.972924
0.82 0.25366 0.655657 0.0357542 0.00135419 0.174705 401.39 161214 0.996804
0.83 0.253941 0.667802 0.0375222 0.00148967 0.188349 400.299 160343 1.03078
0.84 0.254491 0.664054 0.0394387 0.0016385 0.191443 398.968 159277 1.01699
0.85 0.254726 0.657882 0.0413754 0.00180152 0.206418 397.742 158303 1.04138
0.86 0.25515 0.649784 0.0436724 0.0020025 0.219401 396.264 157128 1.04204
0.87 0.255857 0.665951 0.0460332 0.00222338 0.240355 394.676 155877 1.09636
0.88 0.256095 0.662588 0.0481612 0.00242624 0.245925 393.422 154889 1.10342
0.89 0.256542 0.67671 0.0510732 0.00272605 0.270913 391.627 153484 1.13905
0.9 0.257276 0.667965 0.0542433 0.00306968 0.293403 389.497 151822 1.16975
0.91 0.257588 0.65772 0.0569687 0.00337939 0.308658 387.907 150588 1.20085
0.92 0.258061 0.692611 0.0599358 0.00373924 0.338559 385.941 149072 1.26079
0.93 0.25861 0.69424 0.0638466 0.00423593 0.36759 383.411 147129 1.30062
0.94 0.259196 0.684272 0.0678222 0.00477486 0.403215 381.084 145353 1.34626
0.95 0.259589 0.691167 0.0717823 0.00535098 0.45685 378.685 143537 1.42852
0.96 0.260334 0.6822 0.0769701 0.00613735 0.490672 375.405 141066 1.45352
0.97 0.260545 0.691603 0.0816518 0.00690759 0.554268 372.738 139078 1.54977
0.98 0.261414 0.70512 0.0878194 0.00797989 0.616625 369.021 136328 1.6436
0.99 0.261905 0.700936 0.0935948 0.00905303 0.675184 365.574 133801 1.72011
1 0.262933 0.733705 0.102644 0.0108976 0.83358 360.3 129994 1.96774
1.01 0.263138 0.72115 0.109285 0.0123502 0.937808 356.495 127275 2.0912
1.02 0.2644 0.736696 0.121546 0.01527 1.14409 349.532 122382 2.39669
1.03 0.265351 0.768274 0.134807 0.018881 1.63157 342.334 117452 3.03831
1.04 0.19876 1.40732 0.892129 0.796149 0.587949 121.88 14861.6 0.2236
1.05 0.186835 1.45925 0.897891 0.806451 0.559975 121.369 14736.9 0.215008
1.06 0.17483 1.42437 0.903776 0.817031 0.506018 120.811 14601.5 0.204721
1.07 0.163235 1.42768 0.908488 0.825556 0.470616 120.427 14508.6 0.197925
1.08 0.151378 1.40528 0.912993 0.83375 0.445325 120.048 14417.5 0.194109
1.09 0.139835 1.39386 0.9172 0.841438 0.417625 119.685 14330.2 0.190621
1.1 0.128193 1.40872 0.921121 0.848633 0.390666 119.375 14255.8 0.18314
1.11 0.116472 1.38467 0.924931 0.855655 0.362399 119.103 14191 0.180881
1.12 0.104818 1.37057 0.928573 0.862397 0.342816 118.816 14122.4 0.174912
1.13 0.0935838 1.37096 0.931788 0.868367 0.317211 118.559 14061.4 0.172405
1.14 0.0820643 1.37873 0.935071 0.874493 0.311174 118.286 13996.6 0.169754
1.15 0.070693 1.36976 0.93796 0.879892 0.283396 118.082 13948.3 0.165801
1.16 0.0592638 1.35875 0.94082 0.88526 0.271827 117.868 13897.5 0.162011
1.17 0.0476986 1.35373 0.943631 0.890552 0.258241 117.671 13851.2 0.161505
1.18 0.0365602 1.3405 0.946068 0.895151 0.244409 117.488 13808.3 0.161748
1.19 0.0253591 1.34628 0.948362 0.899489 0.229068 117.353 13776.5 0.159973
1.2 0.0142711 1.3329 0.950634 0.903799 0.217619 117.162 13731.6 0.158147
1.21 0.00290185 1.32476 0.952952 0.908208 0.208216 117.005 13694.7 0.155443
1.22 -0.00823891 1.31451 0.954968 0.91205 0.198362 116.859 13660.7 0.155033
1.23 -0.0191338 1.30892 0.956755 0.915463 0.190016 116.749 13634.8 0.155746
1.24 -0.0304315 1.28237 0.958717 0.919216 0.178349 116.614 13603.4 0.152159
1.25 -0.0414987 1.28189 0.960545 0.922723 0.173635 116.485 13573.1 0.150218
1.26 -0.0525449 1.3052 0.962153 0.92581 0.164637 116.387 13550.2 0.148388
1.27 -0.0635863 1.29 0.963918 0.929207 0.156824 116.27 13523.1 0.149796
1.28 -0.0745265 1.25878 0.965413 0.932087 0.150828 116.164 13498.3 0.14763
1.29 -0.0853705 1.23814 0.966899 0.934955 0.141937 116.049 13471.6 0.148133
1.3 -0.0961983 1.24944 0.9681 0.937277 0.136522 115.973 13453.9 0.147117
1.31 -0.107018 1.23557 0.969571 0.940125 0.130322 115.871 13430.2 0.144599
1.32 -0.117789 1.23611 0.970745 0.942402 0.126767 115.801 13414.2 0.147316
1.33 -0.128768 1.20771 0.972105 0.945038 0.116604 115.699 13390.5 0.143879
1.34 -0.139466 1.2301 0.973114 0.947001 0.114424 115.66 13381.3 0.143816
1.35 -0.150205 1.20731 0.974245 0.949201 0.108379 115.563 13358.9 0.14178
1.36 -0.161162 1.21089 0.975324 0.951302 0.104026 115.539 13353.3 0.143806
1.37 -0.171756 1.20464 0.976411 0.953421 0.0993697 115.439 13330.4 0.143895
1.38 -0.182678 1.20975 0.977389 0.955331 0.094468 115.402 13321.8 0.142194
1.39 -0.193374 1.20088 0.978206 0.956928 0.0932428 115.366 13313.3 0.141004
1.4 -0.204117 1.18001 0.979153 0.958779 0.0875041 115.319 13302.4 0.139844
1.41 -0.214813 1.16133 0.980082 0.960596 0.0835387 115.21 13277.3 0.138365
1.42 -0.225404 1.16235 0.980889 0.962177 0.0783381 115.184 13271.4 0.139876
1.43 -0.235815 1.14828 0.981612 0.963596 0.0760726 115.092 13250.2 0.140497
1.44 -0.246382 1.12604 0.982307 0.964958 0.0724984 115.087 13249 0.139236
1.45 -0.257039 1.15245 0.98301 0.966339 0.0708059 115.074 13246.1 0.139294
1.46 -0.267729 1.15071 0.983748 0.96779 0.06712 114.982 13224.8 0.138641
1.47 -0.278074 1.11148 0.984443 0.969157 0.064707 114.941 13215.4 0.138654
1.48 -0.288713 1.11905 0.984964 0.970182 0.0621271 114.947 13216.8 0.136442
1.49 -0.299182 1.10556 0.985631 0.971494 0.0591942 114.863 13197.6 0.138098
1.5 -0.309649 1.10313 0.98619 0.972595 0.0563542 114.853 13195.3 0.138691
1.51 -0.320207 1.1128 0.986831 0.973859 0.0542327 114.808 13184.9 0.135296
1.52 -0.330645 1.10416 0.987328 0.974839 0.0522714 114.783 13179.1 0.136317
1.53 -0.341254 1.09774 0.987852 0.975874 0.0489954 114.77 13176.2 0.137708
1.54 -0.351565 1.07962 0.988319 0.976795 0.047936 114.724 13165.6 0.13809
1.55 -0.362142 1.07482 0.988855 0.977853 0.0451511 114.685 13156.5 0.134873
1.56 -0.372373 1.05788 0.989225 0.978585 0.0443323 114.662 13151.2 0.137069
1.57 -0.383093 1.05576 0.989717 0.979557 0.0418093 114.66 13150.8 0.13435
1.58 -0.393253 1.06555 0.990036 0.980189 0.0397344 114.628 13143.4 0.134524
1.59 -0.403621 1.07122 0.990473 0.981054 0.0384274 114.608 13138.8 0.135657
1.6 -0.413956 1.04421 0.9908 0.9817 0.0375054 114.573 13130.8 0.131848
1.61 -0.424338 1.0542 0.991195 0.982483 0.0362542 114.569 13129.9 0.132919
1.62 -0.43473 1.04029 0.991546 0.983177 0.0341173 114.53 13121 0.133948
1.63 -0.44515 1.04826 0.991894 0.983869 0.0332581 114.522 13119.1 0.134757
1.64 -0.455356 1.04674 0.992215 0.984504 0.0314989 114.478 13109 0.134794
1.65 -0.465657 1.01092 0.992509 0.985088 0.0304214 114.461 13105.2 0.132632
1.66 -0.475884 1.0417 0.992856 0.985776 0.0290857 114.441 13100.6 0.134028
1.67 -0.486443 1.00962 0.99314 0.986339 0.0276801 114.455 13103.7 0.131657
1.68 -0.49644 1.00677 0.993378 0.986811 0.0267286 114.421 13095.9 0.133115
1.69 -0.506953 0.995003 0.993667 0.987385 0.025388 114.427 13097.2 0.132885
1.7 -0.517136 1.00407 0.993917 0.987881 0.0253013 114.395 13089.9 0.130757
1.71 -0.527409 0.995648 0.994151 0.988346 0.0239772 114.386 13087.9 0.133558
1.72 -0.537627 0.999121 0.99435 0.988742 0.0226606 114.366 13083.3 0.13354
1.73 -0.547798 0.986898 0.994568 0.989174 0.0221329 114.367 13083.6 0.135122
1.74 -0.558059 0.990746 0.994797 0.98963 0.0211614 114.338 13076.9 0.133013
1.75 -0.568254 0.966909 0.995041 0.990115 0.0198348 114.307 13069.9 0.133229
1.76 -0.578721 0.97582 0.995251 0.990533 0.0191822 114.33 13075.2 0.132712
1.77 -0.588747 0.974799 0.995387 0.990804 0.0187275 114.296 13067.3 0.131989
1.78 -0.599065 0.966759 0.995614 0.991254 0.0175715 114.319 13072.6 0.134832
1.79 -0.609233 0.965361 0.995763 0.991551 0.0169019 114.281 13063.9 0.132821
1.8 -0.619416 0.971385 0.995969 0.991961 0.0164136 114.259 13058.8 0.132383
1.81 -0.629589 0.96979 0.996098 0.992218 0.0159033 114.273 13062 0.132773
1.82 -0.639697 0.943001 0.996275 0.99257 0.0150917 114.243 13055.3 0.130523
1.83 -0.649887 0.957522 0.996367 0.992753 0.0147027 114.244 13055.5 0.130666
1.84 -0.660155 0.954006 0.996513 0.993044 0.0141238 114.268 13060.9 0.133767
1.85 -0.670339 0.959203 0.996666 0.99335 0.0133911 114.249 13056.7 0.13431
1.86 -0.680505 0.95627 0.996796 0.993609 0.013097 114.236 13053.7 0.134302
1.87 -0.690626 0.944039 0.996911 0.993837 0.0123879 114.254 13057.8 0.133997
1.88 -0.700779 0.950733 0.997057 0.994127 0.0117735 114.236 13053.6 0.131995
1.89 -0.710872 0.931506 0.997177 0.994366 0.0114212 114.195 13044.2 0.131162
1.9 -0.720963 0.93571 0.99725 0.994512 0.010951 114.19 13043.2 0.132614
1.91 -0.731125 0.930781 0.997374 0.99476 0.0105316 114.181 13041 0.131156
1.92 -0.741543 0.918422 0.997492 0.994995 0.00992313 114.225 13051.2 0.132876
1.93 -0.751535 0.940045 0.997595 0.995199 0.00958318 114.202 13046.1 0.134771
1.94 -0.761507 0.937696 0.997691 0.995391 0.00931817 114.167 13037.9 0.13337
1.95 -0.771689 0.922865 0.997778 0.995566 0.00889739 114.164 13037.1 0.131645
1.96 -0.781811 0.926343 0.997857 0.995722 0.00866359 114.181 13041 0.129687
1.97 -0.792013 0.91461 0.997948 0.995904 0.00819106 114.175 13039.8 0.132432
1.98 -0.80207 0.913598 0.998042 0.996092 0.00779596 114.164 13037 0.129835
1.99 -0.812242 0.915722 0.998099 0.996204 0.00760733 114.182 13041.2 0.131718
