-1.5 0.259032 1.2994 0.0941861 0.00906077 0.546478 401.501 161295 1.15021
-1.495 0.259819 1.30013 0.096728 0.00954721 0.549779 400.47 160469 1.16707
-1.49 0.260868 1.31482 0.0997473 0.0101514 0.581338 399.184 159443 1.18598
-1.485 0.261828 1.28991 0.102622 0.0107349 0.586674 397.875 158400 1.19272
-1.48 0.262725 1.27249 0.105758 0.0113932 0.600593 396.654 157429 1.19236
-1.475 0.263782 1.30306 0.108968 0.0120903 0.623072 395.319 156374 1.22563
-1.47 0.264818 1.28836 0.112229 0.0128205 0.648209 394.019 155348 1.22416
-1.465 0.265702 1.31387 0.115402 0.0135529 0.677921 392.617 154246 1.25407
-1.46 0.266632 1.3236 0.118776 0.0143524 0.704493 391.284 153205 1.2982
-1.455 0.267697 1.33003 0.122334 0.01522 0.73253 389.749 152008 1.33293
-1.45 0.269021 1.32295 0.126635 0.0162995 0.757751 387.933 150595 1.33023
-1.445 0.26959 1.32954 0.129665 0.0170824 0.775813 386.852 149759 1.34866
-1.44 0.27082 1.34955 0.133849 0.0182037 0.829598 385.1 148411 1.40735
-1.435 0.272156 1.32825 0.138596 0.0195063 0.85666 382.986 146788 1.43282
-1.43 0.273082 1.28911 0.142649 0.0206491 0.865317 381.434 145599 1.40058
-1.425 0.27403 1.31121 0.146804 0.0218625 0.896098 379.681 144267 1.43872
-1.42 0.275156 1.30795 0.151665 0.023328 0.938172 377.798 142843 1.4812
-1.415 0.276277 1.32713 0.15621 0.0247513 1.00715 375.953 141457 1.54702
-1.41 0.277344 1.30236 0.16143 0.0264226 1.04507 373.83 139866 1.56367
-1.405 0.27879 1.29287 0.167023 0.0282647 1.06031 371.461 138100 1.57645
-1.4 0.279616 1.29726 0.171627 0.0298372 1.09806 369.769 136847 1.58447
-1.395 0.281067 1.30427 0.178233 0.0321783 1.18459 366.914 134751 1.70037
-1.39 0.281824 1.27573 0.183135 0.0339575 1.20691 365.156 133463 1.69382
-1.385 0.283391 1.28664 0.19008 0.0365803 1.29614 362.149 131281 1.77725
-1.38 0.284486 1.27713 0.196337 0.039003 1.30993 359.618 129453 1.7837
-1.375 0.285687 1.27684 0.203128 0.041743 1.38793 357.007 127586 1.84953
-1.37 0.286999 1.27147 0.210378 0.044771 1.47465 353.926 125399 1.91354
-1.365 0.288243 1.21161 0.217807 0.0479589 1.49441 351.003 123335 1.88439
-1.36 0.289545 1.28211 0.226277 0.0517764 1.65654 347.614 120983 2.11267
-1.355 0.290638 1.23484 0.23343 0.0550933 1.73799 344.711 118974 2.14659
-1.35 0.291915 1.18546 0.242659 0.0594976 1.76914 341.14 116525 2.18145
-1.345 0.292939 1.18188 0.251059 0.0636894 1.8977 337.915 114341 2.27966
-1.34 0.294271 1.18955 0.261262 0.0689638 2.03287 333.801 111585 2.42506
-1.335 0.295806 1.15712 0.272293 0.0748885 2.14514 329.381 108657 2.49461
-1.33 0.29665 1.14481 0.281801 0.0802046 2.28313 325.652 106219 2.60829
-1.325 0.298177 1.13846 0.294997 0.0878829 2.47557 320.439 102862 2.82425
-1.32 0.299535 1.07863 0.307674 0.0955702 2.61257 315.48 99711.8 2.9201
-1.315 0.301106 1.08702 0.322793 0.105234 2.99314 309.499 95996.5 3.34395
-1.31 0.302314 1.07716 0.338324 0.115654 3.4302 303.53 92358.2 3.75093
-1.305 0.30356 1.01975 0.354313 0.12679 3.60589 297.375 88664.7 3.91734
-1.3 0.304515 0.987708 0.37168 0.139573 4.11024 290.8 84821.3 4.41083
-1.295 0.306535 0.957327 0.398353 0.160481 5.17234 280.326 78889 5.46367
-1.29 0.259194 0.346766 0.975675 0.952023 0.236922 63.8488 4101.98 1.9817
-1.285 0.253782 0.337949 0.976709 0.954038 0.222509 63.5079 4057.6 1.91718
-1.28 0.248456 0.321785 0.977605 0.955782 0.201843 63.1172 4007.19 1.85415
-1.275 0.242956 0.307203 0.978773 0.958063 0.190195 62.6603 3948.78 1.79321
-1.27 0.2376 0.293445 0.979672 0.959817 0.172611 62.3145 3904.37 1.70607
-1.265 0.232278 0.289425 0.980511 0.961458 0.163629 61.991 3863.64 1.67366
-1.26 0.226932 0.274647 0.981327 0.963055 0.150218 61.5995 3814.61 1.63212
-1.255 0.221684 0.270124 0.981931 0.964239 0.142282 61.3977 3789.23 1.59219
-1.25 0.216414 0.263637 0.982625 0.965598 0.135439 61.1073 3753.32 1.57252
-1.245 0.211 0.249001 0.983527 0.967368 0.122462 60.7092 3704.01 1.51554
-1.24 0.205754 0.250289 0.984088 0.968472 0.120243 60.5023 3679.07 1.53201
-1.235 0.200449 0.247995 0.984713 0.969701 0.117538 60.2532 3648.76 1.52027
-1.23 0.195301 0.239455 0.985088 0.970437 0.110389 60.1595 3636.84 1.46902
-1.225 0.190057 0.23047 0.985625 0.971492 0.103254 59.9546 3612.07 1.46144
-1.22 0.184776 0.222356 0.98625 0.972722 0.0956235 59.6645 3576.7 1.41115
-1.215 0.179548 0.219038 0.986751 0.97371 0.0930628 59.4064 3545.73 1.39825
-1.21 0.174331 0.211657 0.987175 0.974546 0.0881808 59.3041 3533.78 1.41708
-1.205 0.169127 0.212289 0.987601 0.975386 0.0852032 59.1305 3512.39 1.35088
-1.2 0.163969 0.210026 0.988021 0.976214 0.0829859 58.9128 3486.88 1.37173
-1.195 0.15877 0.204888 0.988351 0.976864 0.0788896 58.8193 3475.53 1.34539
-1.19 0.153562 0.197858 0.988769 0.97769 0.0743094 58.6722 3458.04 1.33007
-1.185 0.148367 0.193279 0.989201 0.978542 0.0714851 58.4576 3432.57 1.30676
-1.18 0.143175 0.191904 0.989543 0.97922 0.0687879 58.3104 3415.44 1.31454
-1.175 0.13802 0.186324 0.989822 0.979771 0.0654057 58.2613 3409.41 1.28984
-1.17 0.132945 0.186265 0.990073 0.980267 0.0637931 58.148 3396.19 1.29027
-1.165 0.127667 0.177919 0.990524 0.981158 0.0608009 57.943 3372.22 1.27987
-1.16 0.122566 0.176115 0.9908 0.981704 0.0577212 57.7733 3352.16 1.24648
-1.155 0.11741 0.17488 0.99103 0.98216 0.0557819 57.7378 3347.95 1.23808
-1.15 0.112253 0.16959 0.991356 0.982805 0.0536702 57.5752 3329.17 1.23835
-1.145 0.1071 0.167695 0.99159 0.983269 0.0526302 57.5265 3323.46 1.23092
-1.14 0.101991 0.16442 0.991829 0.983742 0.0500868 57.4237 3311.4 1.21181
-1.135 0.0967883 0.159509 0.992144 0.984367 0.0470771 57.3004 3297.1 1.20091
-1.13 0.0916991 0.159584 0.99236 0.984795 0.0467455 57.1574 3280.6 1.19218
-1.125 0.0865938 0.155075 0.992565 0.9852 0.0448349 57.0877 3272.87 1.21419
-1.12 0.0814466 0.150755 0.992806 0.985678 0.0426677 57.0183 3264.62 1.18671
-1.115 0.0763059 0.149346 0.992989 0.986042 0.0412143 57.002 3262.64 1.17644
-1.11 0.0711822 0.147217 0.993225 0.98651 0.0398805 56.8188 3241.64 1.16776
-1.105 0.0661289 0.141257 0.993353 0.986763 0.0381703 56.8665 3246.88 1.1503
-1.1 0.0609815 0.141482 0.993597 0.987248 0.0375014 56.6906 3227.04 1.16543
-1.095 0.0559048 0.139922 0.993754 0.98756 0.0363514 56.6237 3219.4 1.16226
-1.09 0.0507538 0.138952 0.993963 0.987975 0.0354078 56.5101 3206.52 1.16106
-1.085 0.045628 0.134815 0.994145 0.988337 0.0334068 56.4756 3202.4 1.14294
-1.08 0.040566 0.13408 0.994289 0.988622 0.0329008 56.4133 3195.47 1.15282
-1.075 0.0355135 0.134565 0.99438 0.988803 0.0326033 56.4359 3197.8 1.13243
-1.07 0.0303727 0.129578 0.994598 0.989235 0.0308304 56.3035 3183.04 1.15055
-1.065 0.0252616 0.126794 0.994771 0.989579 0.0294688 56.2255 3174.09 1.13707
-1.06 0.0201882 0.127295 0.994889 0.989814 0.0293969 56.1886 3169.83 1.12812
-1.055 0.0150686 0.122604 0.995073 0.990179 0.0273 56.0695 3156.22 1.1081
-1.05 0.0100096 0.121956 0.99522 0.990473 0.0266273 55.999 3148.44 1.12058
-1.045 0.00491166 0.1217 0.995342 0.990715 0.0266294 56.0314 3152.13 1.12534
-1.04 -0.000145908 0.120171 0.995449 0.990928 0.0255314 55.9269 3140.26 1.11231
-1.035 -0.00521052 0.116241 0.995546 0.99112 0.0245096 55.9204 3139.53 1.11239
-1.03 -0.0103036 0.114425 0.995705 0.991437 0.0239393 55.774 3123.29 1.12455
-1.025 -0.0153631 0.113384 0.995798 0.991621 0.0234722 55.8202 3128.28 1.10961
-1.02 -0.0205024 0.112397 0.995939 0.991902 0.0227828 55.7806 3123.7 1.09557
-1.015 -0.0255375 0.107197 0.996035 0.992094 0.0211258 55.7199 3116.87 1.09108
-1.01 -0.0306048 0.107222 0.996121 0.992265 0.0209117 55.6912 3113.72 1.0965
-1.005 -0.0356776 0.107032 0.996226 0.992473 0.0208162 55.6595 3110.3 1.10701
-1 -0.0408026 0.10502 0.996384 0.992787 0.019622 55.5645 3099.58 1.0954
-0.995 -0.0457996 0.10684 0.996406 0.992831 0.0198976 55.5488 3097.78 1.08966
-0.99 -0.0509267 0.102984 0.996563 0.993145 0.018867 55.5067 3093.18 1.09786
-0.985 -0.0559783 0.100797 0.996623 0.993264 0.0183229 55.5082 3093.19 1.0836
-0.98 -0.0610233 0.0996553 0.996744 0.993505 0.0177122 55.4219 3083.5 1.07531
-0.975 -0.0661145 0.098569 0.996822 0.99366 0.0172422 55.3992 3080.75 1.05454
-0.97 -0.0711807 0.0981544 0.996896 0.993807 0.0167774 55.3954 3080.36 1.05666
-0.965 -0.0762156 0.0945035 0.996987 0.993989 0.0162644 55.3349 3074.03 1.09077
-0.96 -0.0812967 0.093475 0.997094 0.994202 0.0156281 55.2868 3068.34 1.05914
-0.955 -0.0862859 0.092649 0.99713 0.994273 0.0152963 55.2375 3062.9 1.06152
-0.95 -0.091352 0.0928219 0.997184 0.994381 0.0149971 55.2378 3062.92 1.05938
-0.945 -0.0964276 0.0915255 0.997281 0.994574 0.0146216 55.2624 3065.73 1.06806
-0.94 -0.101459 0.0897519 0.997338 0.994687 0.0140788 55.1504 3053.19 1.05323
-0.935 -0.10659 0.0875024 0.997435 0.99488 0.0133707 55.1833 3056.8 1.05096
-0.93 -0.111583 0.0861204 0.997496 0.995003 0.0133529 55.1056 3048.29 1.05801
-0.925 -0.11665 0.0861891 0.997556 0.995123 0.0129648 55.0995 3047.67 1.06341
-0.92 -0.121695 0.0864632 0.997624 0.995257 0.0127222 55.067 3044.25 1.07852
-0.915 -0.126718 0.0843334 0.997673 0.995355 0.0123365 55.0349 3040.57 1.06627
-0.91 -0.131755 0.0832348 0.99773 0.995468 0.0120222 55.0367 3040.64 1.05447
-0.905 -0.13686 0.080881 0.997811 0.995631 0.0113371 54.9847 3034.94 1.05776
-0.9 -0.141857 0.0806162 0.997859 0.995726 0.0110644 54.9787 3033.93 1.02455
-0.895 -0.146942 0.0802165 0.997911 0.995831 0.0111599 54.9822 3034.46 1.03838
-0.89 -0.151929 0.0787428 0.997957 0.995922 0.0106734 54.9049 3026.02 1.04503
-0.885 -0.157005 0.0764041 0.998042 0.996092 0.0102459 54.9061 3026.1 1.04021
-0.88 -0.162017 0.0784764 0.99807 0.996147 0.0101818 54.8645 3021.48 1.03594
-0.875 -0.167067 0.0741846 0.99812 0.996248 0.00975747 54.8647 3021.59 1.04357
-0.87 -0.172133 0.0759763 0.998196 0.996399 0.00945561 54.814 3016.17 1.05767
-0.865 -0.177155 0.0753585 0.998213 0.996433 0.00926389 54.8446 3019.24 1.03134
-0.86 -0.182246 0.072582 0.998294 0.996595 0.00891658 54.7908 3013.18 1.01783
-0.855 -0.187275 0.0721395 0.998322 0.99665 0.00874026 54.8249 3017.12 1.03525
-0.85 -0.192294 0.070318 0.998368 0.996741 0.0085167 54.7536 3009.42 1.04704
-0.845 -0.197283 0.0709279 0.998393 0.996792 0.00842912 54.7478 3008.75 1.04409
-0.84 -0.202342 0.0699411 0.998437 0.99688 0.00803611 54.7561 3009.46 1.02454
-0.835 -0.207351 0.0697307 0.998458 0.996922 0.00810485 54.7562 3009.65 1.04167
-0.83 -0.212427 0.0692564 0.998502 0.997009 0.00761864 54.783 3012.27 1.01225
-0.825 -0.217451 0.0665241 0.998551 0.997106 0.00744076 54.678 3000.87 1.02219
-0.82 -0.222541 0.0647947 0.998612 0.997229 0.0071552 54.6712 2999.95 1.00622
-0.815 -0.227557 0.0658663 0.998648 0.997299 0.00701266 54.6418 2996.97 1.02905
-0.81 -0.232563 0.0652568 0.998664 0.997333 0.0069729 54.6306 2995.81 1.03403
-0.805 -0.237566 0.0640925 0.998701 0.997406 0.006684 54.6402 2996.89 1.03798
-0.8 -0.242619 0.063071 0.998742 0.997488 0.00632725 54.5917 2991.5 1.02933
-0.795 -0.247622 0.0638024 0.998736 0.997476 0.00651142 54.6564 2998.51 1.02348
-0.79 -0.252648 0.0628871 0.998794 0.997591 0.00625687 54.6075 2993.23 1.03045
-0.785 -0.25767 0.0633975 0.998799 0.997602 0.00619679 54.6368 2996.34 1.02161
-0.78 -0.262717 0.0605759 0.99886 0.997723 0.00582591 54.5592 2987.79 1.01499
-0.775 -0.267778 0.0593861 0.998903 0.997809 0.00570685 54.5435 2986.02 1.01032
-0.77 -0.272744 0.0591432 0.998899 0.9978 0.00556531 54.6015 2992.66 1.03847
-0.765 -0.277787 0.0594137 0.998925 0.997853 0.00552826 54.5245 2984.18 1.03279
-0.76 -0.28283 0.0582185 0.998975 0.997953 0.00524338 54.5145 2982.87 1.01234
-0.755 -0.287864 0.057572 0.999005 0.998013 0.00515587 54.4981 2981.19 1.02247
-0.75 -0.292927 0.0555486 0.999044 0.998091 0.00488411 54.5281 2984.37 1.01374
-0.745 -0.297902 0.0559627 0.999055 0.998113 0.00492579 54.442 2975.05 1.02183
-0.74 -0.302923 0.0556028 0.99906 0.998122 0.00476543 54.4937 2980.55 1.00789
-0.735 -0.30791 0.0554662 0.999089 0.998181 0.00473431 54.5021 2981.51 1.01264
-0.73 -0.312966 0.0547479 0.999114 0.998231 0.00465102 54.4429 2975.15 1.02126
-0.725 -0.318005 0.0537864 0.999141 0.998284 0.00442426 54.4613 2976.82 0.990219
-0.72 -0.322981 0.0541091 0.999141 0.998285 0.00438255 54.4605 2976.93 1.00887
-0.715 -0.328063 0.0527946 0.999189 0.99838 0.0041165 54.4522 2976 1.00631
-0.71 -0.333038 0.0527402 0.999201 0.998404 0.00406437 54.4217 2972.82 1.0193
-0.705 -0.338062 0.0525802 0.999217 0.998436 0.00406601 54.4378 2974.43 1.00668
-0.7 -0.343093 0.0511774 0.999253 0.998507 0.00382271 54.3832 2968.42 1.00121
-0.695 -0.348094 0.0507496 0.999256 0.998513 0.00375541 54.3775 2967.82 1.00278
-0.69 -0.35311 0.0499673 0.999276 0.998554 0.00364159 54.3966 2969.88 1.0011
-0.685 -0.358131 0.0505597 0.999291 0.998584 0.00367085 54.4015 2970.46 1.00518
-0.68 -0.363189 0.0485738 0.999322 0.998646 0.00346691 54.3508 2965.16 1.02585
-0.675 -0.368166 0.0489014 0.999325 0.998651 0.00336864 54.3441 2964.07 0.992865
-0.67 -0.373218 0.047443 0.999352 0.998705 0.00332724 54.3942 2969.76 1.01322
-0.665 -0.378211 0.0479371 0.999367 0.998736 0.00326262 54.3814 2968.21 1.00056
-0.66 -0.383217 0.0473949 0.999371 0.998743 0.00321498 54.3854 2968.73 1.00792
-0.655 -0.388228 0.0475218 0.999385 0.998772 0.003093 54.3361 2963.29 1.00074
-0.65 -0.393238 0.0473779 0.9994 0.998801 0.0030277 54.3581 2965.82 1.0125
-0.645 -0.398283 0.0460321 0.999432 0.998866 0.00287505 54.3434 2964.09 1.00153
-0.64 -0.403289 0.0449854 0.999449 0.998899 0.00277599 54.32 2961.56 1.00292
-0.635 -0.408336 0.0453099 0.999468 0.998936 0.00272583 54.3403 2963.96 1.02052
-0.63 -0.413341 0.044894 0.999468 0.998938 0.00271771 54.3117 2960.67 1.00413
-0.625 -0.418349 0.0438911 0.999476 0.998954 0.00263001 54.3506 2965 1.01332
-0.62 -0.423352 0.0447415 0.999492 0.998986 0.00257988 54.3345 2963.13 1.00189
-0.615 -0.428343 0.0442788 0.999495 0.998991 0.00255398 54.3251 2962.15 1.00657
-0.61 -0.433399 0.0446735 0.999511 0.999023 0.00255093 54.331 2962.74 1.00195
-0.605 -0.438397 0.0421732 0.999537 0.999076 0.0023288 54.337 2963.31 0.993518
-0.6 -0.443398 0.04271 0.999543 0.999088 0.00227825 54.2865 2958.05 1.01527
-0.595 -0.448415 0.041897 0.999559 0.999118 0.0022071 54.3204 2961.52 0.995435
-0.59 -0.453428 0.0426261 0.999562 0.999125 0.00220069 54.2265 2951.44 1.00767
-0.585 -0.458445 0.0413406 0.999582 0.999164 0.00209327 54.2544 2954.34 0.995189
-0.58 -0.463488 0.0411213 0.999595 0.99919 0.00206728 54.3108 2960.61 1.0071
-0.575 -0.468474 0.0406088 0.999598 0.999197 0.00205863 54.2827 2957.54 1.00659
-0.57 -0.473452 0.0405315 0.999598 0.999197 0.0020224 54.2681 2955.84 0.995954
-0.565 -0.478465 0.0403432 0.999616 0.999232 0.00194713 54.2281 2951.43 0.990597
-0.56 -0.483498 0.038699 0.999635 0.999271 0.00183235 54.2811 2957.34 1.00365
-0.555 -0.488529 0.0387555 0.999638 0.999276 0.00180656 54.2624 2955.01 0.977193
-0.55 -0.493518 0.0392572 0.999643 0.999287 0.00182439 54.2154 2950.2 1.00408
-0.545 -0.498536 0.0387958 0.999658 0.999318 0.00173819 54.257 2954.76 1.00749
-0.54 -0.503508 0.038624 0.999663 0.999327 0.00169587 54.2153 2950.32 1.01719
-0.535 -0.508547 0.0380161 0.999667 0.999335 0.00164748 54.256 2954.51 0.994654
-0.53 -0.513531 0.038306 0.999667 0.999335 0.00167866 54.242 2953.11 1.00568
-0.525 -0.518541 0.0376922 0.999683 0.999367 0.00159689 54.2163 2950.3 1.00428
-0.52 -0.523554 0.037805 0.999692 0.999384 0.00152137 54.2331 2952.15 1.00713
-0.515 -0.528588 0.0366729 0.999708 0.999417 0.00145234 54.1694 2945.18 1.00168
-0.51 -0.533578 0.0370532 0.99971 0.99942 0.00147666 54.199 2948.5 1.01203
-0.505 -0.5386 0.0365757 0.999722 0.999445 0.00139931 54.2007 2948.45 0.990327
-0.5 -0.54363 0.0367449 0.999729 0.999458 0.00139674 54.2382 2952.71 1.00775
