-0.5 -0.557045 0.307576 1 1 0 64.1443 4116.94 1.27244
-0.505 -0.552036 0.308744 1 1 0 64.1499 4117.67 1.28027
-0.51 -0.54704 0.306387 1 1 0 64.1521 4117.96 1.27959
-0.515 -0.54204 0.303302 1 1 0 64.1414 4116.6 1.28675
-0.52 -0.537041 0.306668 1 1 0 64.1501 4117.7 1.28327
-0.525 -0.532034 0.309415 1 1 0 64.1278 4114.86 1.29164
-0.53 -0.527054 0.304566 1 1 0 64.1606 4119.03 1.27033
-0.535 -0.522042 0.304971 1 1 0 64.1367 4116.01 1.29455
-0.54 -0.517034 0.306986 1 1 0 64.1556 4118.43 1.28997
-0.545 -0.512045 0.308811 1 1 0 64.1497 4117.69 1.29858
-0.55 -0.507046 0.306508 1 1 0 64.1478 4117.41 1.2861
-0.555 -0.502044 0.30529 1 1 0 64.1268 4114.73 1.29307
-0.56 -0.497044 0.307639 1 1 0 64.1504 4117.77 1.29475
-0.565 -0.492045 0.307369 1 1 0 64.146 4117.17 1.27884
-0.57 -0.487039 0.310235 1 1 0 64.1363 4115.94 1.28749
-0.575 -0.482049 0.311657 1 1 0 64.1388 4116.28 1.29603
-0.58 -0.477053 0.30508 1 1 0 64.1594 4118.88 1.27582
-0.585 -0.472042 0.30532 1 1 0 64.1464 4117.28 1.30835
-0.59 -0.467044 0.310522 1 1 0 64.1448 4117.03 1.28835
-0.595 -0.462031 0.303901 1 1 0 64.1416 4116.59 1.26667
-0.6 -0.457048 0.309104 1 1 0 64.1531 4118.1 1.2893
-0.605 -0.452042 0.309883 1 1 0 64.1424 4116.7 1.27265
-0.61 -0.447041 0.311186 1 1 0 64.1297 4115.1 1.28503
-0.615 -0.442043 0.307766 1 1 0 64.1209 4113.94 1.27102
-0.62 -0.437051 0.309149 1 1 0 64.1725 4120.57 1.27666
-0.625 -0.432051 0.306765 1 1 0 64.1579 4118.73 1.29899
-0.63 -0.427043 0.310753 1 1 0 64.1502 4117.71 1.27644
-0.635 -0.422032 0.305895 1 1 0 64.138 4116.2 1.3097
-0.64 -0.417041 0.307254 1 1 0 64.1463 4117.2 1.27244
-0.645 -0.412046 0.307651 1 1 0 64.1503 4117.76 1.30199
-0.65 -0.40705 0.305072 1 1 0 64.1632 4119.44 1.31137
-0.655 -0.402051 0.309189 1 1 0 64.1574 4118.66 1.29043
-0.66 -0.397046 0.307173 1 1 0 64.1448 4117.03 1.28434
-0.665 -0.39204 0.308574 1 1 0 64.1576 4118.66 1.2796
-0.67 -0.387048 0.308283 1 1 0 64.151 4117.82 1.2813
-0.675 -0.38203 0.312742 1 1 0 64.1398 4116.45 1.31864
-0.68 -0.377049 0.306811 1 1 0 64.1362 4115.96 1.30135
-0.685 -0.372039 0.310609 1 1 0 64.1519 4117.92 1.27618
-0.69 -0.367046 0.309474 1 1 0 64.1551 4118.36 1.29
-0.695 -0.362043 0.303624 1 1 0 64.1314 4115.29 1.27534
-0.7 -0.357046 0.313092 1 1 0 64.1567 4118.56 1.28844
-0.705 -0.352039 0.304372 1 1 0 64.144 4116.9 1.27653
-0.71 -0.347042 0.309425 1 1 0 64.1396 4116.4 1.30832
-0.715 -0.342038 0.302865 1 1 0 64.1749 4120.94 1.31019
-0.72 -0.337033 0.317416 1 1 0 64.1393 4116.37 1.30709
-0.725 -0.332041 0.302097 1 1 0 64.1723 4120.56 1.28811
-0.73 -0.327045 0.303057 1 1 0 64.1482 4117.48 1.29101
-0.735 -0.322041 0.30697 1 1 0 64.156 4118.47 1.2887
-0.74 -0.31705 0.310362 1 1 0 64.1411 4116.48 1.24917
-0.745 -0.312036 0.30718 1 1 0 64.1336 4115.63 1.30496
-0.75 -0.307042 0.305413 1 1 0 64.1571 4118.59 1.27559
-0.755 -0.302035 0.307688 1 1 0 64.1381 4116.16 1.28182
-0.76 -0.297029 0.303474 1 1 0 64.1326 4115.47 1.28871
-0.765 -0.292046 0.310086 1 1 0 64.1653 4119.71 1.30755
-0.77 -0.287044 0.301623 1 1 0 64.1408 4116.48 1.26587
-0.775 -0.282034 0.311495 1 1 0 64.1641 4119.56 1.31612
-0.78 -0.277056 0.309673 1 1 0 64.1623 4119.29 1.29742
-0.785 -0.272046 0.306907 1 1 0 64.1539 4118.25 1.31092
-0.79 -0.267043 0.304224 1 1 0 64.1478 4117.43 1.2934
-0.795 -0.262036 0.308524 1 1 0 64.1232 4114.29 1.29924
-0.8 -0.257035 0.312444 1 1 0 64.1451 4117.09 1.29788
-0.805 -0.252043 0.304512 1 1 0 64.1633 4119.37 1.26844
-0.81 -0.247043 0.31377 1 1 0 64.1419 4116.7 1.30619
-0.815 -0.242042 0.310939 1 1 0 64.129 4115.02 1.29415
-0.82 -0.237049 0.30597 1 1 0 64.1521 4117.97 1.28888
-0.825 -0.232042 0.310348 1 1 0 64.1271 4114.78 1.29213
-0.83 -0.227039 0.303058 1 1 0 64.1444 4116.99 1.29413
-0.835 -0.222048 0.3111 1 1 0 64.1673 4119.95 1.30008
-0.84 -0.217044 0.308872 1 1 0 64.1317 4115.38 1.30638
-0.845 -0.212048 0.310174 1 1 0 64.1616 4119.2 1.29352
-0.85 -0.207034 0.308911 1 1 0 64.1464 4117.29 1.31047
-0.855 -0.202049 0.307198 1 1 0 64.158 4118.74 1.29774
-0.86 -0.197034 0.311486 1 1 0 64.1286 4114.96 1.28909
-0.865 -0.192045 0.312028 1 1 0 64.1436 4116.86 1.27718
-0.87 -0.187042 0.308968 1 1 0 64.1404 4116.46 1.28551
-0.875 -0.18204 0.306852 1 1 0 64.1712 4120.44 1.2945
-0.88 -0.177043 0.309259 1 1 0 64.1583 4118.79 1.29472
-0.885 -0.172033 0.310167 1 1 0 64.1494 4117.65 1.30065
-0.89 -0.167043 0.310446 1 1 0 64.1458 4117.19 1.30259
-0.895 -0.162048 0.308501 1 1 0 64.1478 4117.38 1.26504
-0.9 -0.157044 0.306694 1 1 0 64.153 4118.07 1.28273
-0.905 -0.152046 0.311465 1 1 0 64.1717 4120.52 1.30351
-0.91 -0.147037 0.307513 1 1 0 64.1587 4118.83 1.29418
-0.915 -0.142043 0.307401 1 1 0 64.1559 4118.49 1.30335
-0.92 -0.137044 0.305181 1 1 0 64.1349 4115.79 1.30296
-0.925 -0.132036 0.30673 1 1 0 64.15 4117.7 1.28573
-0.93 -0.127042 0.309436 1 1 0 64.15 4117.74 1.30882
-0.935 -0.122033 0.309715 1 1 0 64.1426 4116.77 1.29527
-0.94 -0.11705 0.305897 1 1 0 64.1538 4118.21 1.30146
-0.945 -0.11205 0.305513 1 1 0 64.1538 4118.2 1.2959
-0.95 -0.107034 0.301815 1 1 0 64.1289 4114.97 1.27598
-0.955 -0.102037 0.305517 1 1 0 64.1345 4115.75 1.30667
-0.96 -0.0970444 0.310724 1 1 0 64.1665 4119.85 1.30216
-0.965 -0.0920456 0.307984 1 1 0 64.1516 4117.92 1.29227
-0.97 -0.0870358 0.308569 1 1 0 64.1487 4117.55 1.29635
-0.975 -0.0820377 0.313436 1 1 0 64.1363 4115.96 1.29832
-0.98 -0.0770446 0.305824 1 1 0 64.1719 4120.53 1.29539
-0.985 -0.0720416 0.311572 1 1 0 64.1451 4117.07 1.2873
-0.99 -0.0670328 0.305665 1 1 0 64.1521 4117.97 1.28432
-0.995 -0.062036 0.319304 1 1 2.89337e-06 64.1614 4119.23 1.32026
-1 -0.0570541 0.307503 1 1 0 64.1704 4120.31 1.28318
-1.005 -0.0520464 0.307954 1 1 0 64.1427 4116.75 1.27958
-1.01 -0.0470485 0.309598 1 1 0 64.1538 4118.21 1.29621
-1.015 -0.0420404 0.304092 1 1 0 64.1471 4117.33 1.2862
-1.02 -0.0370446 0.308595 1 1 0 64.1396 4116.36 1.28151
-1.025 -0.0320404 0.315132 1 1 0 64.1264 4114.65 1.27267
-1.03 -0.0270553 0.303456 1 1 0 64.1632 4119.4 1.28785
-1.035 -0.0220392 0.307499 1 1 0 64.1419 4116.63 1.27486
-1.04 -0.0170417 0.312972 1 1 0 64.1502 4117.75 1.30108
-1.045 -0.0120519 0.305546 1 1 0 64.1482 4117.5 1.30425
-1.05 -0.00704461 0.308057 1 1 0 64.1407 4116.53 1.30184
-1.055 -0.00205053 0.306341 1 1 0 64.1413 4116.64 1.31759
-1.06 0.00295967 0.311823 1 1 0 64.1481 4117.46 1.28922
-1.065 0.00795093 0.307197 1 1 0 64.1513 4117.87 1.2929
-1.07 0.0129611 0.31087 1 1 0 64.1403 4116.46 1.2904
-1.075 0.0179666 0.310297 1 1 0 64.1438 4116.87 1.27381
-1.08 0.0229506 0.302205 1 1 2.89337e-06 64.1582 4118.72 1.26984
-1.085 0.0279574 0.309698 1 1 2.89337e-06 64.1459 4117.17 1.28894
-1.09 0.0329604 0.308861 1 0.999999 8.67925e-06 64.151 4117.83 1.29092
-1.095 0.0379606 0.308414 1 1 0 64.1435 4116.88 1.29992
-1.1 0.042956 0.307332 1 0.999999 1.15718e-05 64.1498 4117.69 1.29786
-1.105 0.0479641 0.311436 1 1 2.89337e-06 64.1451 4117.08 1.29471
-1.11 0.0529521 0.308034 1 1 0 64.1319 4115.36 1.27957
-1.115 0.0579575 0.306968 1 0.999999 1.4464e-05 64.1493 4117.61 1.28411
-1.12 0.0629586 0.313294 1 0.999999 8.67925e-06 64.1265 4114.69 1.29174
-1.125 0.0679602 0.306858 1 1 0 64.142 4116.7 1.30157
-1.13 0.0729556 0.30395 1 0.999999 1.15718e-05 64.1437 4116.84 1.26162
-1.135 0.0779593 0.308285 1 1 0 64.1597 4118.96 1.29261
-1.14 0.0829546 0.302736 1 1 0 64.1348 4115.77 1.29983
-1.145 0.0879649 0.311194 1 1 0 64.1485 4117.54 1.30693
-1.15 0.0929627 0.308764 1 1 0 64.1436 4116.85 1.26982
-1.155 0.0979541 0.305505 1 0.999999 8.67925e-06 64.1532 4118.09 1.27467
-1.16 0.102956 0.315996 0.999998 0.999996 6.93611e-05 64.1388 4116.27 1.29119
-1.165 0.107971 0.306346 1 1 5.78646e-06 64.1461 4117.17 1.27258
-1.17 0.11296 0.30819 0.999997 0.999994 9.82124e-05 64.1386 4116.28 1.30787
-1.175 0.117968 0.301242 0.999999 0.999998 4.04809e-05 64.1308 4115.22 1.27808
-1.18 0.122961 0.306435 0.999999 0.999998 3.47014e-05 64.1235 4114.31 1.28889
-1.185 0.127946 0.312197 0.999999 0.999998 2.89207e-05 64.1693 4120.21 1.30687
-1.19 0.132959 0.307056 0.999996 0.999992 0.000132796 64.1359 4115.89 1.28979
-1.195 0.137958 0.314073 0.999999 0.999998 2.89207e-05 64.1531 4118.1 1.28374
-1.2 0.142956 0.307432 0.999997 0.999994 0.000101096 64.1428 4116.82 1.31103
-1.205 0.147959 0.306523 0.999999 0.999998 3.47014e-05 64.1388 4116.3 1.30739
-1.21 0.152959 0.307685 0.999994 0.999988 0.000193216 64.1561 4118.51 1.30363
-1.215 0.157953 0.300013 0.999997 0.999994 0.000103979 64.1634 4119.42 1.28622
-1.22 0.162953 0.310239 0.999997 0.999994 9.24445e-05 64.1669 4119.87 1.28323
-1.225 0.167959 0.308068 0.999996 0.999993 0.000121273 64.1633 4119.38 1.27447
-1.23 0.172953 0.308511 0.999993 0.999986 0.000236296 64.1606 4119.09 1.30043
-1.235 0.177969 0.306538 0.999989 0.999977 0.000379424 64.1403 4116.45 1.28727
-1.24 0.182956 0.306759 0.999989 0.999977 0.00042572 64.1451 4117.04 1.26861
-1.245 0.187963 0.313666 0.999987 0.999974 0.000430773 64.1473 4117.38 1.30468
-1.25 0.192954 0.307902 0.999985 0.99997 0.000501935 64.1654 4119.68 1.29096
-1.255 0.197954 0.307994 0.999982 0.999964 0.000592759 64.1509 4117.81 1.28749
-1.26 0.202957 0.314838 0.999985 0.999971 0.000487717 64.1763 4121.08 1.29328
-1.265 0.207952 0.308142 0.999982 0.999964 0.000595593 64.1566 4118.56 1.29498
-1.27 0.212959 0.309721 0.999973 0.999946 0.000897285 64.1688 4120.14 1.29962
-1.275 0.217964 0.308027 0.999958 0.999915 0.0013977 64.1502 4117.73 1.29073
-1.28 0.222955 0.306671 0.999941 0.999882 0.00195817 64.1707 4120.36 1.28458
-1.285 0.227957 0.309645 0.999956 0.999911 0.00146396 64.1681 4120 1.27784
-1.29 0.232967 0.310891 0.999947 0.999894 0.00179495 64.1717 4120.53 1.3089
-1.295 0.237957 0.306952 0.999912 0.999825 0.00294009 64.1749 4120.92 1.29788
-1.3 0.242957 0.309752 0.999933 0.999867 0.00218007 64.181 4121.67 1.28537
-1.305 0.247968 0.311359 0.999909 0.999817 0.00354618 64.1739 4120.8 1.30127
-1.31 0.252964 0.299764 0.999887 0.999773 0.00389927 64.1821 4121.85 1.30209
-1.315 0.257952 0.306563 0.999831 0.999662 0.00601462 64.2578 4131.57 1.29929
-1.32 0.262954 0.304607 0.999818 0.999637 0.00652889 64.2291 4127.9 1.3071
-1.325 0.267956 0.307874 0.999816 0.999632 0.00637295 64.2024 4124.5 1.32322
-1.33 0.27296 0.309439 0.999791 0.999581 0.00683412 64.2408 4129.42 1.31581
-1.335 0.277964 0.313019 0.99973 0.999461 0.00892655 64.2335 4128.52 1.33394
-1.34 0.28296 0.314051 0.999673 0.999347 0.0115899 64.2608 4132.06 1.35411
-1.345 0.287951 0.312787 0.999618 0.999238 0.0132674 64.2827 4134.9 1.36462
-1.35 0.292949 0.30707 0.99952 0.999042 0.0169247 64.333 4141.35 1.35598
-1.355 0.297942 0.311103 0.99943 0.998862 0.0210234 64.3536 4144.03 1.3703
-1.36 0.302942 0.310396 0.999459 0.998919 0.0216796 64.3649 4145.45 1.34932
-1.365 0.307938 0.309255 0.999118 0.998239 0.0339085 64.4676 4158.77 1.39474
-1.37 0.312923 0.315165 0.999026 0.998055 0.0368687 64.5196 4165.54 1.42865
-1.375 0.317875 0.32388 0.998361 0.99673 0.081826 64.7777 4199.24 1.5903
-1.38 0.322872 0.322262 0.998102 0.996211 0.0801167 64.8447 4207.86 1.55921
-1.385 0.327834 0.329093 0.997862 0.995735 0.116249 64.9566 4222.69 1.70927
-1.39 0.332712 0.380983 0.996309 0.99265 0.34548 65.5016 4295.13 2.37666
-1.395 0.0310211 1.06794 0 0 0 555.923 309062 0.693798
-1.4 0.0310318 1.06513 0 0 0 555.873 309006 0.70039
-1.405 0.0310243 1.07058 0 0 0 555.892 309027 0.705889
-1.41 0.0310067 1.08369 0 0 0 555.978 309123 0.687534
-1.415 0.0310107 1.07053 0 0 0 555.918 309056 0.697738
-1.42 0.0310319 1.07836 0 0 0 555.871 309004 0.685263
-1.425 0.0310067 1.07791 0 0 0 555.928 309068 0.701554
-1.43 0.0310175 1.09261 0 0 0 555.915 309053 0.699618
-1.435 0.0310069 1.06741 0 0 0 555.906 309043 0.69701
-1.44 0.0310311 1.07939 0 0 0 555.848 308978 0.695116
-1.445 0.0310135 1.0767 0 0 0 555.895 309030 0.689526
-1.45 0.0310195 1.07441 0 0 0 555.867 309000 0.69807
-1.455 0.0310224 1.06482 0 0 0 555.908 309045 0.698465
-1.46 0.0310315 1.07037 0 0 0 555.872 309005 0.708053
-1.465 0.0310273 1.07994 0 0 0 555.938 309079 0.696171
-1.47 0.0310227 1.086 0 0 0 555.906 309043 0.699005
-1.475 0.0310055 1.07234 0 0 0 555.908 309045 0.696409
-1.48 0.0310286 1.07203 0 0 0 555.872 309005 0.689182
-1.485 0.0310174 1.06512 0 0 0 555.896 309032 0.682871
-1.49 0.0310068 1.07272 0 0 0 555.925 309065 0.698912
-1.495 0.0310123 1.0684 0 0 0 555.912 309049 0.683677
