-0.5 -0.55447 0.211805 1 1 0 61.8596 3829.64 1.2207
-0.505 -0.549493 0.215489 1 1 0 61.8847 3832.77 1.23071
-0.51 -0.544488 0.212728 1 1 0 61.8744 3831.39 1.19547
-0.515 -0.539488 0.217315 1 1 0 61.8699 3830.86 1.20146
-0.52 -0.534493 0.217195 1 1 0 61.8747 3831.49 1.2169
-0.525 -0.529476 0.218262 1 1 0 61.8687 3830.72 1.20545
-0.53 -0.52449 0.211564 1 1 0 61.8688 3830.79 1.23083
-0.535 -0.519493 0.211736 1 1 0 61.8975 3834.31 1.21709
-0.54 -0.514488 0.212799 1 1 0 61.8914 3833.55 1.21291
-0.545 -0.509485 0.212878 1 1 0 61.8927 3833.68 1.20358
-0.55 -0.504489 0.213407 1 1 0 61.8674 3830.57 1.21129
-0.555 -0.499482 0.218246 1 1 0 61.9001 3834.64 1.22072
-0.56 -0.494488 0.214643 1 1 0 61.881 3832.24 1.20523
-0.565 -0.48949 0.218557 1 1 0 61.8781 3831.86 1.19701
-0.57 -0.484479 0.21439 1 1 0 61.8736 3831.33 1.20473
-0.575 -0.479492 0.211737 1 1 0 61.8974 3834.26 1.20383
-0.58 -0.474482 0.21279 1 1 0 61.887 3833.01 1.21459
-0.585 -0.469477 0.215181 1 1 0 61.8547 3829.03 1.22283
-0.59 -0.464479 0.21341 1 1 0 61.8613 3829.79 1.20152
-0.595 -0.459481 0.216531 1 1 0 61.8765 3831.69 1.20861
-0.6 -0.454473 0.212168 1 1 0 61.8616 3829.84 1.20518
-0.605 -0.449494 0.214323 1 1 0 61.8641 3830.14 1.20277
-0.61 -0.444495 0.212613 1 1 0 61.8837 3832.62 1.21921
-0.615 -0.439487 0.214508 1 1 0 61.8669 3830.45 1.18561
-0.62 -0.434482 0.215926 1 1 0 61.873 3831.31 1.22869
-0.625 -0.429495 0.213091 1 1 0 61.8772 3831.82 1.22664
-0.63 -0.424487 0.208584 1 1 0 61.8877 3833.11 1.22172
-0.635 -0.419484 0.214447 1 1 0 61.8849 3832.75 1.21602
-0.64 -0.414489 0.21551 1 1 0 61.8866 3832.9 1.1928
-0.645 -0.409489 0.214807 1 1 0 61.8815 3832.41 1.24998
-0.65 -0.404491 0.212145 1 1 0 61.8828 3832.47 1.20963
-0.655 -0.399489 0.21466 1 1 0 61.8847 3832.76 1.23247
-0.66 -0.394488 0.215931 1 1 0 61.8573 3829.28 1.19715
-0.665 -0.389492 0.213708 1 1 0 61.8879 3833.15 1.22783
-0.67 -0.384486 0.214165 1 1 0 61.8665 3830.5 1.22528
-0.675 -0.37948 0.210363 1 1 0 61.8631 3830.05 1.21153
-0.68 -0.374477 0.21526 1 1 0 61.8678 3830.63 1.21537
-0.685 -0.369483 0.211391 1 1 0 61.8735 3831.32 1.20576
-0.69 -0.364482 0.215131 1 1 0 61.8874 3833.08 1.22456
-0.695 -0.359478 0.213329 1 1 0 61.856 3829.23 1.23901
-0.7 -0.354491 0.212825 1 1 0 61.8714 3831.08 1.21981
-0.705 -0.349488 0.210268 1 1 0 61.8682 3830.74 1.24222
-0.71 -0.344472 0.214544 1 1 0 61.8683 3830.74 1.23469
-0.715 -0.339495 0.217481 1 1 0 61.8788 3832.03 1.23
-0.72 -0.334477 0.214013 1 1 0 61.8646 3830.21 1.20334
-0.725 -0.329486 0.212436 1 1 0 61.8824 3832.41 1.20414
-0.73 -0.324495 0.213384 1 1 0 61.8876 3833.1 1.22074
-0.735 -0.319476 0.217829 1 1 0 61.8672 3830.51 1.19356
-0.74 -0.314493 0.211433 1 1 0 61.86 3829.65 1.20602
-0.745 -0.309477 0.212128 1 1 0 61.867 3830.62 1.25045
-0.75 -0.304492 0.214421 1 1 0 61.902 3834.82 1.19477
-0.755 -0.299492 0.21587 1 1 0 61.8619 3829.89 1.20912
-0.76 -0.294482 0.213741 1 1 0 61.8696 3830.87 1.2204
-0.765 -0.289478 0.216476 1 1 0 61.8851 3832.86 1.24941
-0.77 -0.284476 0.217605 1 1 0 61.8586 3829.5 1.22038
-0.775 -0.279493 0.215094 1 1 0 61.8519 3828.68 1.22187
-0.78 -0.274489 0.214108 1 1 0 61.8787 3832.03 1.23585
-0.785 -0.269489 0.213815 1 1 0 61.8716 3831.06 1.19931
-0.79 -0.26449 0.215583 1 1 0 61.8439 3827.65 1.20499
-0.795 -0.259482 0.212012 1 1 0 61.8561 3829.21 1.22822
-0.8 -0.2545 0.211959 1 1 0 61.9013 3834.73 1.19786
-0.805 -0.249471 0.214104 1 1 0 61.8532 3828.82 1.21364
-0.81 -0.244494 0.213265 1 1 0 61.89 3833.38 1.21266
-0.815 -0.239489 0.213408 1 1 0 61.8631 3830.04 1.21068
-0.82 -0.234488 0.211392 1 1 0 61.8714 3831.08 1.2133
-0.825 -0.229483 0.21506 1 1 0 61.8952 3834.01 1.2068
-0.83 -0.224486 0.213793 1 1 0 61.8578 3829.34 1.19408
-0.835 -0.21948 0.214063 1 1 0 61.8653 3830.38 1.23499
-0.84 -0.214487 0.213736 1 1 0 61.8819 3832.38 1.21923
-0.845 -0.209485 0.214323 1 1 0 61.8796 3832.07 1.20777
-0.85 -0.204486 0.214579 1 1 0 61.873 3831.26 1.2066
-0.855 -0.199481 0.214988 1 1 0 61.8701 3830.96 1.23234
-0.86 -0.194485 0.213034 1 1 0 61.8749 3831.5 1.20941
-0.865 -0.189471 0.211563 1 1 0 61.8676 3830.61 1.21803
-0.87 -0.184488 0.212108 1 1 0 61.8736 3831.35 1.21527
-0.875 -0.17949 0.211723 1 1 0 61.8869 3833.02 1.22326
-0.88 -0.174488 0.211859 1 1 0 61.8819 3832.4 1.22289
-0.885 -0.169474 0.213426 1 1 0 61.8558 3829.1 1.1986
-0.89 -0.164485 0.213035 1 1 0 61.8751 3831.52 1.20605
-0.895 -0.159489 0.214145 1 1 0 61.8916 3833.57 1.21226
-0.9 -0.154496 0.214313 1 1 0 61.9031 3835 1.21432
-0.905 -0.149487 0.217815 1 1 0 61.86 3829.69 1.22461
-0.91 -0.144489 0.210325 1 1 0 61.8828 3832.52 1.22741
-0.915 -0.139488 0.218128 1 1 0 61.8413 3827.33 1.20881
-0.92 -0.134495 0.211638 1 1 0 61.8828 3832.5 1.22006
-0.925 -0.129475 0.215329 1 1 0 61.8887 3833.25 1.22694
-0.93 -0.124471 0.215644 1 1 0 61.8574 3829.35 1.217
-0.935 -0.119485 0.212228 1 1 0 61.8856 3832.87 1.22692
-0.94 -0.114486 0.2108 1 1 0 61.868 3830.66 1.21794
-0.945 -0.109492 0.212106 1 1 0 61.8856 3832.82 1.20962
-0.95 -0.104483 0.212554 1 1 0 61.8813 3832.33 1.22989
-0.955 -0.099488 0.210383 1 1 0 61.8746 3831.42 1.1953
-0.96 -0.0944826 0.217176 1 1 0 61.8768 3831.73 1.20529
-0.965 -0.0894874 0.212627 1 1 2.17003e-06 61.8894 3833.37 1.23969
-0.97 -0.0844868 0.215871 1 1 0 61.8724 3831.17 1.20386
-0.975 -0.0794814 0.21295 1 1 0 61.8736 3831.39 1.23159
-0.98 -0.0744829 0.211885 1 1 2.17003e-06 61.8813 3832.28 1.20641
-0.985 -0.0694917 0.213789 1 1 4.33984e-06 61.8791 3832.04 1.21842
-0.99 -0.0644885 0.216132 1 1 0 61.8459 3827.93 1.21948
-0.995 -0.0594746 0.213599 1 1 0 61.8796 3832.08 1.20879
-1 -0.0544836 0.21172 1 1 0 61.8733 3831.36 1.23669
-1.005 -0.0494857 0.212671 1 1 2.17003e-06 61.8485 3828.26 1.22138
-1.01 -0.0444883 0.211112 1 1 0 61.8663 3830.44 1.21114
-1.015 -0.0394917 0.20994 1 1 2.17003e-06 61.8629 3830.05 1.22461
-1.02 -0.0344808 0.212861 1 1 4.33984e-06 61.8662 3830.44 1.21526
-1.025 -0.0294838 0.214762 1 1 2.17003e-06 61.8889 3833.24 1.21201
-1.03 -0.0244888 0.214137 1 1 2.17003e-06 61.8619 3829.88 1.20307
-1.035 -0.0194784 0.21351 1 1 0 61.8647 3830.24 1.21357
-1.04 -0.0144953 0.213978 1 0.999999 6.50944e-06 61.8883 3833.18 1.21923
-1.045 -0.00948309 0.213671 1 1 4.33984e-06 61.871 3831.06 1.22871
-1.05 -0.00449362 0.21172 0.999999 0.999999 1.30169e-05 61.8684 3830.74 1.23243
-1.055 0.000509221 0.214679 1 1 4.33984e-06 61.8746 3831.43 1.19826
-1.06 0.00551511 0.213308 0.999999 0.999999 1.73542e-05 61.8804 3832.21 1.22278
-1.065 0.0105105 0.215399 0.999999 0.999999 1.30169e-05 61.869 3830.78 1.21549
-1.07 0.0155203 0.215771 0.999999 0.999999 1.30169e-05 61.8541 3828.92 1.21198
-1.075 0.0205071 0.212103 1 0.999999 8.67882e-06 61.8815 3832.32 1.20989
-1.08 0.0255083 0.214462 0.999999 0.999998 1.95225e-05 61.866 3830.35 1.1903
-1.085 0.030506 0.21293 0.999999 0.999999 1.73542e-05 61.8924 3833.67 1.21316
-1.09 0.0355163 0.211197 0.999999 0.999999 1.73542e-05 61.8736 3831.36 1.21806
-1.095 0.0405148 0.211461 0.999999 0.999999 1.30169e-05 61.8684 3830.73 1.2241
-1.1 0.0455062 0.213448 1 0.999999 6.50944e-06 61.8943 3833.88 1.20119
-1.105 0.0505138 0.212908 0.999999 0.999998 2.16905e-05 61.8597 3829.63 1.21853
-1.11 0.0555168 0.211511 0.999999 0.999998 3.03607e-05 61.8927 3833.67 1.19945
-1.115 0.0605169 0.216941 0.999997 0.999995 6.28428e-05 61.8805 3832.18 1.20629
-1.12 0.0655233 0.212229 0.999997 0.999995 6.50065e-05 61.8552 3829.08 1.21987
-1.125 0.0705101 0.212709 0.999998 0.999996 4.76905e-05 61.8688 3830.79 1.23049
-1.13 0.0754949 0.215127 0.999998 0.999997 4.33594e-05 61.9002 3834.62 1.20684
-1.135 0.0805157 0.21595 0.999999 0.999997 3.25277e-05 61.8819 3832.38 1.21662
-1.14 0.0855186 0.214259 0.999997 0.999994 7.36593e-05 61.8683 3830.68 1.20979
-1.145 0.0905152 0.207849 0.999996 0.999991 0.000108236 61.873 3831.24 1.20119
-1.15 0.0955203 0.213156 0.999997 0.999995 6.28428e-05 61.8779 3831.95 1.24023
-1.155 0.100519 0.211665 0.999994 0.999989 0.000138444 61.8697 3830.87 1.21308
-1.16 0.105501 0.214595 0.999996 0.999993 8.87933e-05 61.8905 3833.49 1.23341
-1.165 0.110506 0.213488 0.999994 0.999988 0.000151378 61.9024 3834.92 1.21496
-1.17 0.1155 0.213396 0.999994 0.999989 0.000138444 61.8838 3832.64 1.22729
-1.175 0.120517 0.214456 0.999995 0.999989 0.000134132 61.8909 3833.47 1.20294
-1.18 0.125529 0.213167 0.999994 0.999987 0.000164336 61.8617 3829.88 1.21723
-1.185 0.130528 0.219228 0.999992 0.999983 0.000211674 61.8745 3831.47 1.21992
-1.19 0.135518 0.212951 0.999991 0.999982 0.000224521 61.8762 3831.65 1.20722
-1.195 0.140525 0.215706 0.999991 0.999982 0.000218077 61.8766 3831.72 1.21187
-1.2 0.145515 0.215219 0.99999 0.999979 0.000258854 61.908 3835.63 1.22446
-1.205 0.150514 0.213341 0.999989 0.999977 0.000284568 61.8891 3833.26 1.21268
-1.21 0.15551 0.214073 0.999985 0.99997 0.000385207 61.8965 3834.17 1.20927
-1.215 0.160521 0.215885 0.999984 0.999968 0.000402102 61.8758 3831.68 1.23853
-1.22 0.165518 0.218775 0.999985 0.999971 0.000365788 61.8685 3830.76 1.23441
-1.225 0.170516 0.212742 0.999979 0.999958 0.000523054 61.8641 3830.14 1.20031
-1.23 0.175524 0.215672 0.999982 0.999963 0.000453068 61.8991 3834.5 1.21338
-1.235 0.180513 0.217561 0.999975 0.999949 0.000624429 61.8755 3831.59 1.2162
-1.24 0.18552 0.213178 0.999971 0.999942 0.000725743 61.8819 3832.4 1.22329
-1.245 0.190511 0.215413 0.99997 0.999939 0.000770052 61.9206 3837.2 1.23047
-1.25 0.195536 0.211654 0.999966 0.999931 0.000857464 61.868 3830.62 1.19963
-1.255 0.200521 0.210356 0.999953 0.999906 0.00121402 61.8834 3832.54 1.20576
-1.26 0.205519 0.213993 0.999944 0.999889 0.00147668 61.9101 3835.91 1.23093
-1.265 0.21052 0.215561 0.999941 0.999883 0.00146749 61.9048 3835.22 1.21968
-1.27 0.215537 0.211946 0.999933 0.999866 0.00169548 61.8978 3834.32 1.20686
-1.275 0.220517 0.215387 0.999933 0.999866 0.00170383 61.8915 3833.61 1.23395
-1.28 0.22552 0.216218 0.999922 0.999843 0.001999 61.9325 3838.69 1.23307
-1.285 0.230526 0.212863 0.999906 0.999813 0.00237778 61.9069 3835.48 1.22023
-1.29 0.235524 0.211866 0.9999 0.9998 0.00254213 61.9144 3836.41 1.21956
-1.295 0.240527 0.214738 0.999879 0.999758 0.00316528 61.9261 3837.89 1.22988
-1.3 0.245526 0.215264 0.999865 0.99973 0.00350214 61.9225 3837.37 1.20146
-1.305 0.250513 0.214768 0.999844 0.999687 0.00391849 61.9502 3840.88 1.23273
-1.31 0.255525 0.214023 0.999841 0.999682 0.00397097 61.9031 3835.1 1.25333
-1.315 0.260532 0.212656 0.999788 0.999577 0.00579766 61.9401 3839.61 1.22533
-1.32 0.26553 0.211736 0.99977 0.999541 0.0058967 61.9747 3843.91 1.22754
-1.325 0.270516 0.214306 0.999729 0.999458 0.00703417 62.0097 3848.27 1.23696
-1.33 0.275528 0.209125 0.999738 0.999476 0.00673193 61.9698 3843.34 1.24569
-1.335 0.280507 0.214704 0.999639 0.999279 0.00954023 62.0244 3850.15 1.25744
-1.34 0.28552 0.221412 0.999655 0.99931 0.00880507 62.0353 3851.47 1.24575
-1.345 0.290529 0.214461 0.999572 0.999146 0.0111854 62.0384 3851.91 1.2682
-1.35 0.295524 0.216202 0.999527 0.999054 0.0123453 62.0746 3856.43 1.28028
-1.355 0.300522 0.212738 0.999406 0.998813 0.0166767 62.1059 3860.37 1.29885
-1.36 0.305529 0.215172 0.999313 0.998627 0.019626 62.1248 3862.81 1.33472
-1.365 0.310518 0.216394 0.999259 0.99852 0.0199975 62.1905 3870.92 1.30761
-1.37 0.315514 0.219377 0.99913 0.998262 0.0241709 62.21 3873.39 1.32962
-1.375 0.320507 0.220718 0.998954 0.997912 0.0336725 62.3077 3885.61 1.34779
-1.38 0.325502 0.218179 0.998926 0.997855 0.0308083 62.3152 3886.53 1.3411
-1.385 0.330486 0.217324 0.998715 0.997435 0.0414247 62.3943 3896.51 1.38408
-1.39 0.33549 0.222884 0.998442 0.996889 0.0498053 62.5106 3911.13 1.42227
-1.395 0.340459 0.224761 0.998001 0.996012 0.0704168 62.6567 3929.64 1.50627
-1.4 0.345421 0.231528 0.997529 0.995072 0.118448 62.8267 3951.31 1.64008
-1.405 0.350379 0.233619 0.996943 0.993906 0.148331 63.0696 3982.26 1.78094
-1.41 0.355353 0.236673 0.996515 0.993054 0.167135 63.2303 4002.69 1.82379
-1.415 0.0418741 1.11495 1.73611e-07 3.01408e-10 4.33984e-06 548.776 301170 0.695704
-1.42 0.0419051 1.10026 8.68056e-08 1.50704e-10 2.17003e-06 548.827 301227 0.713454
-1.425 0.0418713 1.0982 1.73611e-07 3.01408e-10 4.33984e-06 548.837 301237 0.709167
-1.43 0.0419046 1.10357 8.68056e-08 1.50704e-10 2.17003e-06 548.826 301226 0.717812
-1.435 0.0418646 1.09153 6.07639e-07 1.05493e-09 1.51857e-05 548.866 301270 0.699808
-1.44 0.0418999 1.13559 4.34028e-07 7.5352e-10 1.0848e-05 548.764 301157 0.709297
-1.445 0.0419043 1.11938 8.68056e-08 1.50704e-10 2.17003e-06 548.781 301176 0.721527
-1.45 0.0418994 1.0883 3.47222e-07 6.02816e-10 8.67882e-06 548.79 301186 0.728766
-1.455 0.0418933 1.09445 8.68056e-08 1.50704e-10 2.17003e-06 548.868 301272 0.70893
-1.46 0.0419196 1.12331 8.68056e-08 1.50704e-10 2.17003e-06 548.796 301193 0.707078
-1.465 0.041881 1.10461 1.73611e-07 3.01408e-10 4.33984e-06 548.794 301190 0.705814
-1.47 0.0418876 1.10658 0 0 0 548.842 301242 0.696945
-1.475 0.0419126 1.09231 1.73611e-07 3.01408e-10 4.33984e-06 548.828 301228 0.72034
-1.48 0.0418748 1.11867 8.68056e-08 1.50704e-10 2.17003e-06 548.775 301170 0.729327
-1.485 0.0418669 1.11097 0 0 0 548.807 301205 0.708466
-1.49 0.0419077 1.11296 8.68056e-08 1.50704e-10 2.17003e-06 548.812 301209 0.699365
-1.495 0.0418888 1.09288 0 0 0 548.798 301194 0.69905
