2 -1.04808 1.08612 1 1 0 138.39 19152.6 0.11512
1.99 -1.03809 1.07846 1 1 0 138.388 19152 0.115916
1.98 -1.02808 1.08184 1 1 0 138.392 19153.2 0.119086
1.97 -1.0181 1.09712 1 1 0 138.391 19152.9 0.116942
1.96 -1.00808 1.07594 1 1 0 138.388 19152 0.116856
1.95 -0.998083 1.08364 1 1 0 138.39 19152.5 0.116778
1.94 -0.988119 1.06592 1 1 0 138.387 19151.8 0.116665
1.93 -0.978062 1.07908 1 1 0 138.386 19151.6 0.117954
1.92 -0.968085 1.07106 1 1 0 138.392 19153.2 0.117726
1.91 -0.958068 1.10506 1 1 0 138.384 19150.9 0.118296
1.9 -0.948103 1.0809 1 1 0 138.386 19151.4 0.117078
1.89 -0.938072 1.08651 1 1 0 138.381 19150.2 0.117504
1.88 -0.928081 1.0815 1 1 0 138.398 19154.9 0.119246
1.87 -0.918112 1.0782 1 1 0 138.395 19154.1 0.117376
1.86 -0.908082 1.09639 1 1 0 138.401 19155.6 0.119168
1.85 -0.898088 1.07514 1 1 0 138.386 19151.4 0.117804
1.84 -0.888114 1.07729 1 1 0 138.393 19153.5 0.117163
1.83 -0.878065 1.0924 1 1 0 138.386 19151.5 0.116365
1.82 -0.868089 1.08268 1 1 0 138.398 19154.9 0.118035
1.81 -0.858091 1.07755 1 1 0 138.394 19153.8 0.117286
1.8 -0.848076 1.09329 1 1 0 138.391 19152.8 0.115301
1.79 -0.838097 1.08482 1 1 0 138.388 19152.1 0.117887
1.78 -0.82807 1.08032 1 1 0 138.387 19151.7 0.115961
1.77 -0.818081 1.09702 1 1 0 138.4 19155.2 0.11688
1.76 -0.808115 1.09887 1 1 0 138.396 19154.2 0.118222
1.75 -0.798084 1.07705 1 1 0 138.379 19149.7 0.117658
1.74 -0.788103 1.08674 1 1 0 138.399 19155.1 0.116183
1.73 -0.778104 1.09766 1 1 0 138.388 19152.1 0.119259
1.72 -0.768092 1.07105 1 1 0 138.392 19153.2 0.118224
1.71 -0.758086 1.08392 1 1 0 138.388 19152.1 0.117002
1.7 -0.748058 1.06765 1 1 0 138.387 19151.7 0.116604
1.69 -0.738146 1.09206 1 1 0 138.408 19157.7 0.117289
1.68 -0.728093 1.07599 1 1 0 138.383 19150.7 0.11812
1.67 -0.718067 1.07119 1 1 0 138.377 19149 0.117774
1.66 -0.708097 1.09404 1 1 0 138.386 19151.5 0.117101
1.65 -0.698075 1.0908 1 1 0 138.4 19155.5 0.117441
1.64 -0.688094 1.09335 1 1 0 138.392 19153.1 0.118368
1.63 -0.678104 1.08038 1 1 0 138.401 19155.8 0.116782
1.62 -0.668078 1.09778 1 1 0 138.389 19152.3 0.115491
1.61 -0.658105 1.09264 1 1 0 138.399 19155 0.119114
1.6 -0.64807 1.07447 1 1 0 138.385 19151.1 0.117807
1.59 -0.638077 1.07583 1 1 0 138.383 19150.6 0.117754
1.58 -0.628106 1.07133 1 1 0 138.392 19153.1 0.117417
1.57 -0.618082 1.08354 1 1 0 138.377 19149 0.116019
1.56 -0.608102 1.08724 1 1 0 138.4 19155.4 0.117368
1.55 -0.598078 1.08557 1 1 0 138.393 19153.3 0.115766
1.54 -0.588099 1.06216 1 1 0 138.385 19151.3 0.116203
1.53 -0.578071 1.0742 1 1 0 138.387 19151.9 0.115457
1.52 -0.568075 1.11144 1 1 0 138.379 19149.6 0.116818
1.51 -0.558064 1.08497 1 1 0 138.393 19153.5 0.117595
1.5 -0.548064 1.09032 1 1 0 138.386 19151.4 0.117061
1.49 -0.538121 1.08836 1 1 0 138.395 19153.8 0.116346
1.48 -0.528072 1.08771 1 1 0 138.389 19152.4 0.117503
1.47 -0.518099 1.08107 1 1 0 138.383 19150.7 0.115793
1.46 -0.508083 1.08516 1 1 0 138.398 19154.7 0.117472
1.45 -0.498098 1.07309 1 1 0 138.394 19153.8 0.116334
1.44 -0.488047 1.09723 1 1 0 138.394 19153.7 0.114772
1.43 -0.478072 1.08084 1 1 0 138.393 19153.5 0.117017
1.42 -0.46811 1.08409 1 1 0 138.392 19153.2 0.114411
1.41 -0.458114 1.0906 1 1 0 138.39 19152.6 0.118218
1.4 -0.448092 1.07556 1 1 1.73602e-06 138.377 19149.1 0.116055
1.39 -0.438098 1.08845 1 1 0 138.392 19153.2 0.115914
1.38 -0.428067 1.08703 1 1 0 138.378 19149.4 0.11742
1.37 -0.418092 1.07772 1 1 0 138.392 19153.1 0.118053
1.36 -0.408064 1.07798 1 1 0 138.389 19152.2 0.117651
1.35 -0.398104 1.08841 1 1 0 138.388 19152.1 0.11759
1.34 -0.38805 1.08429 1 1 0 138.385 19151.3 0.115808
1.33 -0.378093 1.07377 1 1 0 138.386 19151.5 0.115421
1.32 -0.368062 1.06626 1 1 0 138.396 19154.4 0.116655
1.31 -0.358099 1.0923 1 1 0 138.394 19153.7 0.117851
1.3 -0.3481 1.09719 1 1 0 138.395 19153.9 0.117049
1.29 -0.338119 1.05671 1 1 0 138.395 19154.1 0.117095
1.28 -0.328093 1.06994 1 1 0 138.386 19151.5 0.117342
1.27 -0.31807 1.0829 1 1 0 138.382 19150.4 0.114358
1.26 -0.308075 1.08934 1 1 0 138.386 19151.6 0.117517
1.25 -0.298082 1.0632 1 1 0 138.383 19150.7 0.115837
1.24 -0.288064 1.07855 1 1 0 138.391 19152.9 0.116889
1.23 -0.278097 1.08666 1 1 0 138.395 19154 0.116201
1.22 -0.268095 1.10426 1 1 0 138.386 19151.4 0.116621
1.21 -0.258098 1.08239 1 1 0 138.395 19154.1 0.117026
1.2 -0.248073 1.09261 1 1 0 138.394 19153.8 0.115791
1.19 -0.238101 1.07245 1 1 0 138.391 19152.8 0.115379
1.18 -0.228063 1.08943 1 1 0 138.389 19152.3 0.115548
1.17 -0.218092 1.08037 1 1 0 138.387 19151.8 0.117748
1.16 -0.208086 1.11019 1 1 0 138.4 19155.2 0.115558
1.15 -0.198074 1.08876 1 1 1.73602e-06 138.391 19153 0.116324
1.14 -0.188056 1.09172 1 1 3.47187e-06 138.38 19149.9 0.117835
1.13 -0.178068 1.09573 1 1 0 138.397 19154.4 0.115135
1.12 -0.16807 1.09285 1 1 1.73602e-06 138.386 19151.5 0.116678
1.11 -0.15809 1.09765 1 1 1.73602e-06 138.4 19155.3 0.120007
1.1 -0.148097 1.10865 1 1 1.73602e-06 138.386 19151.6 0.116735
1.09 -0.138106 1.08253 1 0.999999 6.94305e-06 138.384 19150.8 0.115385
1.08 -0.128066 1.08976 1 0.999999 5.20755e-06 138.389 19152.4 0.117089
1.07 -0.118092 1.07088 1 0.999999 8.67839e-06 138.397 19154.6 0.116027
1.06 -0.108089 1.07835 1 0.999999 6.94305e-06 138.395 19154 0.115412
1.05 -0.0980763 1.08113 1 0.999999 5.20755e-06 138.38 19149.9 0.113312
1.04 -0.0880646 1.0921 1 0.999999 8.67839e-06 138.384 19150.9 0.114631
1.03 -0.0780855 1.08181 0.999999 0.999999 1.21485e-05 138.388 19151.9 0.114893
1.02 -0.0680999 1.08221 0.999999 0.999999 1.38833e-05 138.382 19150.5 0.116478
1.01 -0.0580877 1.09363 0.999999 0.999998 1.73524e-05 138.394 19153.6 0.117623
1 -0.0480662 1.08885 0.999999 0.999998 1.73524e-05 138.389 19152.3 0.117588
0.99 -0.0380896 1.10237 0.999999 0.999998 1.90867e-05 138.398 19154.8 0.117538
0.98 -0.0280763 1.09698 0.999998 0.999996 4.16167e-05 138.397 19154.5 0.114865
0.97 -0.0180556 1.07678 0.999998 0.999996 3.98846e-05 138.386 19151.4 0.116974
0.96 -0.0081124 1.08549 0.999996 0.999993 7.10346e-05 138.389 19152.2 0.114472
0.95 0.00190267 1.07385 0.999998 0.999996 3.64201e-05 138.389 19152.4 0.119442
0.94 0.0119059 1.06852 0.999996 0.999991 8.65885e-05 138.398 19154.9 0.114139
0.93 0.0219015 1.06351 0.999996 0.999991 8.83159e-05 138.399 19155 0.117976
0.92 0.0318979 1.08495 0.999995 0.999989 0.00010558 138.387 19151.7 0.117465
0.91 0.041873 1.09435 0.999992 0.999984 0.000155547 138.399 19155.2 0.117806
0.9 0.0519369 1.093 0.99999 0.99998 0.000207125 138.388 19151.9 0.115192
0.89 0.0619402 1.09441 0.99999 0.99998 0.000207165 138.387 19151.8 0.116533
0.88 0.0718995 1.08726 0.999987 0.999973 0.000268775 138.395 19154 0.116131
0.87 0.0818993 1.08901 0.999985 0.99997 0.000297749 138.402 19155.9 0.116581
0.86 0.0919241 1.08072 0.99998 0.99996 0.000406906 138.379 19149.7 0.117908
0.85 0.101896 1.10514 0.999974 0.999949 0.000509858 138.396 19154.1 0.116379
0.84 0.11189 1.08178 0.99997 0.999941 0.000580243 138.399 19155.1 0.114577
0.83 0.12193 1.10001 0.999964 0.999928 0.000719569 138.389 19152.5 0.11681
0.82 0.131938 1.08061 0.999957 0.999915 0.000874821 138.399 19155.1 0.11731
0.81 0.141921 1.08789 0.999949 0.999899 0.00101226 138.401 19155.7 0.114389
0.8 0.151966 1.07612 0.999936 0.999873 0.0012676 138.391 19153 0.116571
0.79 0.161952 1.07556 0.999924 0.999849 0.00152427 138.4 19155.4 0.11736
0.78 0.171977 1.09143 0.999902 0.999804 0.00197904 138.403 19156.1 0.118759
0.77 0.182001 1.08691 0.999885 0.999771 0.0023116 138.394 19153.8 0.116404
0.76 0.19198 1.09276 0.999862 0.999724 0.00283354 138.399 19155 0.118488
0.75 0.202006 1.08484 0.999816 0.999632 0.00373139 138.398 19154.9 0.117299
0.74 0.21201 1.0883 0.999784 0.999568 0.00443488 138.405 19156.6 0.116449
0.73 0.222037 1.11541 0.999743 0.999487 0.00533178 138.409 19157.8 0.116755
0.72 0.23205 1.11039 0.999678 0.999356 0.00660143 138.422 19161.5 0.117216
0.71 0.242069 1.10739 0.99961 0.99922 0.0082046 138.426 19162.7 0.119135
0.7 0.252113 1.11122 0.999508 0.999017 0.0103625 138.436 19165.3 0.117587
0.69 0.262156 1.13818 0.999387 0.998776 0.0127898 138.446 19168 0.119085
0.68 0.272204 1.15756 0.999245 0.998492 0.017464 138.452 19169.9 0.119464
0.67 0.282253 1.13516 0.999073 0.998148 0.0209142 138.468 19174.1 0.117995
0.66 0.292313 1.15747 0.998811 0.997625 0.0285875 138.497 19182.2 0.118555
0.65 0.143171 3287.84 0.357176 0.353592 2603.71 396.42 194214 1870
0.64 0.0531035 1.135 4.34028e-07 7.5352e-10 8.67839e-06 541.431 293166 0.705093
0.63 0.0530827 1.13752 2.60417e-07 4.52112e-10 5.20755e-06 541.516 293259 0.729099
0.62 0.053116 1.14314 0 0 0 541.443 293180 0.73541
0.61 0.0531171 1.12559 0 0 0 541.388 293121 0.722032
0.6 0.0531014 1.14511 0 0 0 541.505 293248 0.736522
0.59 0.0531052 1.12187 0 0 0 541.427 293163 0.712192
0.58 0.0530713 1.13022 0 0 0 541.552 293298 0.735098
0.57 0.0531415 1.15376 0 0 0 541.394 293128 0.739166
0.56 0.0531111 1.15059 0 0 0 541.495 293237 0.738992
0.55 0.0530796 1.12329 0 0 0 541.471 293211 0.728811
0.54 0.0530796 1.12845 0 0 0 541.521 293264 0.733931
0.53 0.0530989 1.13693 0 0 0 541.409 293144 0.731522
0.52 0.0531115 1.1415 0 0 0 541.468 293207 0.715114
0.51 0.0531175 1.13465 0 0 0 541.461 293200 0.726475
0.5 0.0530838 1.1481 0 0 0 541.39 293122 0.724953
0.49 0.0530589 1.1342 0 0 0 541.459 293198 0.73152
0.48 0.0531195 1.12188 0 0 0 541.458 293197 0.720598
0.47 0.0531059 1.14034 0 0 0 541.484 293224 0.732248
0.46 0.053093 1.14194 0 0 0 541.539 293284 0.730951
0.45 0.053074 1.1422 0 0 0 541.465 293204 0.717168
0.44 0.0530942 1.1454 0 0 0 541.473 293212 0.725996
0.43 0.0530661 1.12516 0 0 0 541.415 293150 0.726174
0.42 0.0531324 1.14204 0 0 0 541.456 293195 0.720926
0.41 0.0531542 1.13256 0 0 0 541.393 293126 0.733846
0.4 0.053098 1.1281 0 0 0 541.435 293171 0.728461
0.39 0.0531317 1.13756 0 0 0 541.423 293159 0.730053
0.38 0.0531093 1.13424 0 0 0 541.41 293145 0.73695
0.37 0.0531188 1.1285 0 0 0 541.468 293207 0.714971
0.36 0.0531166 1.1376 0 0 0 541.405 293139 0.730089
0.35 0.0531058 1.1358 0 0 0 541.436 293173 0.724691
0.34 0.0531247 1.13835 0 0 0 541.399 293133 0.73217
0.33 0.0531019 1.15532 0 0 0 541.448 293186 0.731319
0.32 0.0530589 1.13662 0 0 0 541.47 293209 0.737977
0.31 0.0530906 1.13122 0 0 0 541.432 293168 0.740212
0.3 0.0530846 1.12612 0 0 0 541.492 293233 0.723738
0.29 0.0531003 1.12503 0 0 0 541.407 293141 0.724186
0.28 0.0531349 1.13844 0 0 0 541.454 293192 0.723499
0.27 0.0530856 1.13378 0 0 0 541.432 293168 0.714124
0.26 0.0531233 1.13494 0 0 0 541.397 293131 0.738965
0.25 0.053129 1.14104 0 0 0 541.437 293174 0.715643
0.24 0.0531035 1.14137 0 0 0 541.51 293252 0.721909
0.23 0.0530986 1.15778 0 0 0 541.451 293189 0.725299
0.22 0.0530554 1.12188 0 0 0 541.524 293268 0.718911
0.21 0.0531125 1.09931 0 0 0 541.467 293207 0.721833
0.2 0.0531211 1.14216 0 0 0 541.45 293188 0.727511
0.19 0.0531042 1.12227 0 0 0 541.468 293208 0.724609
0.18 0.0531045 1.13382 0 0 0 541.469 293208 0.726588
0.17 0.053136 1.14009 0 0 0 541.408 293143 0.719336
0.16 0.0531017 1.12271 0 0 0 541.492 293233 0.722608
0.15 0.0531117 1.12 0 0 0 541.474 293214 0.721375
0.14 0.0531111 1.12847 0 0 0 541.423 293158 0.722072
0.13 0.0530504 1.13091 0 0 0 541.527 293271 0.723602
0.12 0.0530928 1.14996 0 0 0 541.459 293197 0.717249
0.11 0.0531058 1.1414 0 0 0 541.434 293171 0.734038
0.1 0.0530911 1.15098 0 0 0 541.456 293194 0.725361
0.09 0.0530676 1.11777 0 0 0 541.413 293147 0.721099
0.08 0.0531071 1.14773 0 0 0 541.451 293188 0.720888
0.07 0.053139 1.13753 0 0 0 541.389 293121 0.712404
0.06 0.0531023 1.15465 0 0 0 541.433 293169 0.711485
0.05 0.0530983 1.13065 0 0 0 541.436 293173 0.737421
0.04 0.0530712 1.14168 0 0 0 541.418 293153 0.715701
0.03 0.053076 1.15113 0 0 0 541.442 293179 0.7269
0.02 0.0531245 1.13695 0 0 0 541.377 293109 0.733124
0.01 0.0531037 1.13923 0 0 0 541.468 293208 0.733348
