0.5 -1.50517 1.13875 1 1 0 1377.07 1.89646e+06 1.46995
0.495 -1.50025 1.1341 1 1 0 1377.16 1.89671e+06 1.47841
0.49 -1.49506 1.16143 1 1 0 1376.93 1.89607e+06 1.46308
0.485 -1.49016 1.16856 1 1 0 1377.11 1.89658e+06 1.46568
0.48 -1.48521 1.15217 1 1 0 1376.95 1.89613e+06 1.47201
0.475 -1.48015 1.15271 1 1 0 1377.17 1.89675e+06 1.46124
0.47 -1.47514 1.12575 1 1 0 1377.15 1.89668e+06 1.44282
0.465 -1.47011 1.18857 1 1 0 1377.1 1.89655e+06 1.48015
0.46 -1.46517 1.14727 1 1 0 1376.86 1.8959e+06 1.48687
0.455 -1.46015 1.17433 1 1 0 1377.23 1.89691e+06 1.46161
0.45 -1.45509 1.1394 1 1 0 1376.94 1.89612e+06 1.49094
0.445 -1.45022 1.16044 1 1 0 1377.04 1.89637e+06 1.48577
0.44 -1.44518 1.15095 1 1 0 1377.21 1.89686e+06 1.44651
0.435 -1.44012 1.17557 1 1 0 1376.98 1.89621e+06 1.48758
0.43 -1.43509 1.17652 1 1 0 1376.96 1.89616e+06 1.48175
0.425 -1.43013 1.13869 1 1 0 1376.93 1.89609e+06 1.46869
0.42 -1.42516 1.15315 1 1 0 1377 1.89626e+06 1.45036
0.415 -1.42017 1.14906 1 1 0 1376.99 1.89624e+06 1.45396
0.41 -1.41515 1.15615 1 1 0 1377.06 1.89644e+06 1.47244
0.405 -1.41003 1.14297 1 1 0 1376.78 1.89567e+06 1.44431
0.4 -1.40516 1.14524 1 1 1.24002e-06 1377.16 1.89672e+06 1.45909
0.395 -1.40018 1.17022 1 1 0 1377.19 1.89681e+06 1.46989
0.39 -1.39513 1.16673 1 1 0 1376.91 1.89602e+06 1.44667
0.385 -1.39014 1.15027 1 1 0 1377.02 1.89633e+06 1.46463
0.38 -1.38521 1.16273 1 1 0 1377.19 1.89679e+06 1.46707
0.375 -1.38011 1.13427 1 1 0 1376.88 1.89594e+06 1.45661
0.37 -1.37516 1.1882 1 1 0 1377.01 1.8963e+06 1.46674
0.365 -1.37012 1.16883 1 1 0 1377.1 1.89654e+06 1.46439
0.36 -1.36517 1.1302 1 1 0 1377.11 1.89658e+06 1.44535
0.355 -1.36012 1.1608 1 1 0 1376.99 1.89625e+06 1.46736
0.35 -1.35506 1.16679 1 1 0 1376.92 1.89605e+06 1.48558
0.345 -1.35011 1.1736 1 1 0 1376.97 1.8962e+06 1.46932
0.34 -1.34515 1.16337 1 1 0 1376.91 1.89602e+06 1.45413
0.335 -1.3401 1.1541 1 1 0 1377.03 1.89635e+06 1.46089
0.33 -1.33512 1.15437 1 1 0 1376.9 1.89601e+06 1.4683
0.325 -1.33013 1.14412 1 1 0 1377.06 1.89642e+06 1.4629
0.32 -1.32502 1.16952 1 1 0 1376.77 1.89563e+06 1.48018
0.315 -1.32003 1.15537 1 1 0 1376.81 1.89575e+06 1.45901
0.31 -1.31504 1.16005 1 1 0 1376.7 1.89546e+06 1.47436
0.305 -1.31007 1.18848 1 1 0 1376.9 1.89598e+06 1.46551
0.3 -1.30506 1.16333 1 1 0 1376.78 1.89566e+06 1.4712
0.295 -1.30018 1.16102 1 1 0 1377.07 1.89648e+06 1.48196
0.29 -1.29507 1.15616 1 1 0 1376.84 1.89584e+06 1.45839
0.285 -1.29017 1.15932 1 1 0 1377.15 1.89669e+06 1.44206
0.28 -1.28512 1.1756 1 1 0 1377.1 1.89654e+06 1.44851
0.275 -1.28012 1.1509 1 1 0 1376.81 1.89574e+06 1.45042
0.27 -1.27517 1.16245 1 1 0 1377.06 1.89644e+06 1.46898
0.265 -1.27018 1.17552 1 1 0 1377.04 1.89638e+06 1.4767
0.26 -1.26515 1.12778 1 1 0 1377 1.89627e+06 1.4668
0.255 -1.26012 1.15035 1 1 0 1376.92 1.89605e+06 1.45787
0.25 -1.25517 1.15749 1 1 0 1376.94 1.89611e+06 1.47402
0.245 -1.25016 1.12017 1 1 0 1377.12 1.89661e+06 1.45801
0.24 -1.24518 1.14336 1 1 0 1377.01 1.8963e+06 1.46242
0.235 -1.24017 1.14296 1 1 0 1377.15 1.89667e+06 1.4453
0.23 -1.23502 1.15722 1 1 0 1376.74 1.89556e+06 1.44615
0.225 -1.23017 1.16065 1 1 0 1377.08 1.89648e+06 1.49137
0.22 -1.22512 1.1325 1 1 0 1377.02 1.89632e+06 1.43314
0.215 -1.22013 1.14783 1 1 0 1377.03 1.89637e+06 1.47751
0.21 -1.21514 1.15908 1 1 0 1376.87 1.8959e+06 1.47338
0.205 -1.21022 1.15526 1 1 0 1377.16 1.89671e+06 1.47788
0.2 -1.20502 1.15589 1 1 0 1376.87 1.8959e+06 1.47863
0.195 -1.20006 1.1827 1 1 0 1376.94 1.89612e+06 1.47303
0.19 -1.19514 1.1822 1 1 0 1376.96 1.89616e+06 1.46515
0.185 -1.19016 1.15448 1 1 0 1376.99 1.89623e+06 1.4426
0.18 -1.18514 1.14632 1 1 0 1377.1 1.89654e+06 1.46614
0.175 -1.18011 1.16151 1 1 0 1377.05 1.8964e+06 1.46531
0.17 -1.17514 1.13947 1 1 0 1377.13 1.89664e+06 1.46521
0.165 -1.17014 1.12933 1 1 0 1377 1.89627e+06 1.42706
0.16 -1.16512 1.13588 1 1 0 1377.03 1.89634e+06 1.47938
0.155 -1.16016 1.15786 1 1 0 1377.03 1.89634e+06 1.44081
0.15 -1.15517 1.18122 1 1 0 1376.96 1.89616e+06 1.46546
0.145 -1.1501 1.16748 1 1 0 1377.07 1.89646e+06 1.47606
0.14 -1.14517 1.17055 1 1 0 1377.03 1.89634e+06 1.46013
0.135 -1.14008 1.1474 1 1 0 1376.81 1.89574e+06 1.46643
0.13 -1.13505 1.15317 1 1 0 1376.9 1.896e+06 1.45311
0.125 -1.13014 1.15309 1 1 0 1377.02 1.89632e+06 1.45122
0.12 -1.12529 1.18343 1 1 0 1377.22 1.89686e+06 1.45217
0.115 -1.12012 1.17219 1 1 0 1377.13 1.89662e+06 1.46031
0.11 -1.11519 1.15099 1 1 0 1377.08 1.89648e+06 1.45753
0.105 -1.11002 1.17847 1 1 0 1376.89 1.89597e+06 1.46459
0.1 -1.1051 1.13706 1 1 0 1376.92 1.89604e+06 1.46092
0.095 -1.10014 1.15619 1 1 0 1377.18 1.89676e+06 1.47236
0.09 -1.09514 1.14017 1 1 0 1376.87 1.89591e+06 1.44023
0.085 -1.09006 1.1524 1 1 0 1376.85 1.89586e+06 1.46713
0.08 -1.08512 1.14682 1 1 0 1376.85 1.89584e+06 1.46293
0.075 -1.08015 1.15366 1 1 0 1377.02 1.89633e+06 1.45659
0.07 -1.07496 1.14538 1 1 0 1376.7 1.89546e+06 1.45916
0.065 -1.07014 1.15393 1 1 0 1377.02 1.89633e+06 1.45924
0.06 -1.06519 1.14486 1 1 0 1377.06 1.89645e+06 1.47029
0.055 -1.06012 1.15604 1 1 0 1376.9 1.89599e+06 1.47472
0.05 -1.05512 1.15691 1 1 0 1376.95 1.89613e+06 1.43935
0.045 -1.05014 1.16289 1 1 0 1376.87 1.89592e+06 1.43783
0.04 -1.04512 1.16493 1 1 0 1376.99 1.89625e+06 1.44447
0.035 -1.04004 1.16305 1 1 0 1376.87 1.89591e+06 1.46954
0.03 -1.03511 1.15918 1 1 0 1376.99 1.89625e+06 1.48212
0.025 -1.03022 1.13447 1 1 1.24002e-06 1377.17 1.89674e+06 1.4633
0.02 -1.02509 1.14367 1 1 0 1376.77 1.89563e+06 1.49091
0.015 -1.02013 1.17241 1 1 0 1376.93 1.89608e+06 1.47207
0.01 -1.01513 1.16251 1 1 0 1376.95 1.89614e+06 1.49106
0.005 -1.0102 1.14217 1 1 0 1377.07 1.89645e+06 1.48012
-3.76435e-16 -1.0052 1.12862 1 1 0 1377.18 1.89676e+06 1.44561
-0.005 -1.0001 1.17807 1 1 0 1376.99 1.89624e+06 1.45561
-0.01 -0.995201 1.16016 1 1 1.24002e-06 1376.94 1.89611e+06 1.47272
-0.015 -0.990182 1.17692 1 1 0 1377.02 1.89633e+06 1.45114
-0.02 -0.985039 1.16582 1 1 0 1376.84 1.89584e+06 1.44714
-0.025 -0.980161 1.15318 1 1 0 1376.87 1.89592e+06 1.45886
-0.03 -0.975111 1.15259 1 1 0 1376.94 1.89611e+06 1.45683
-0.035 -0.970092 1.17015 1 1 0 1377.02 1.89631e+06 1.47067
-0.04 -0.965106 1.16049 1 1 0 1377.01 1.8963e+06 1.47778
-0.045 -0.960108 1.14219 1 1 0 1376.98 1.89622e+06 1.42957
-0.05 -0.955125 1.18537 1 1 0 1376.99 1.89624e+06 1.47213
-0.055 -0.950145 1.1406 1 1 1.24002e-06 1377.01 1.89629e+06 1.44308
-0.06 -0.945106 1.15084 1 1 0 1377.03 1.89635e+06 1.45694
-0.065 -0.940143 1.16779 1 1 0 1376.82 1.89577e+06 1.44861
-0.07 -0.935182 1.13608 1 1 0 1377.15 1.89669e+06 1.46616
-0.075 -0.930099 1.14159 1 1 0 1376.87 1.8959e+06 1.44757
-0.08 -0.925041 1.15507 1 1 0 1376.97 1.89619e+06 1.45963
-0.085 -0.92012 1.17203 1 1 0 1376.88 1.89594e+06 1.46823
-0.09 -0.915157 1.13484 1 1 1.24002e-06 1376.91 1.89602e+06 1.43774
-0.095 -0.910165 1.16204 1 1 0 1377.03 1.89635e+06 1.45319
-0.1 -0.905165 1.14693 1 1 0 1377.2 1.89683e+06 1.45012
-0.105 -0.900145 1.15228 1 1 0 1377.09 1.89652e+06 1.46372
-0.11 -0.895115 1.14365 1 1 0 1377.02 1.89634e+06 1.45817
-0.115 -0.890215 1.15467 1 1 0 1377.15 1.89668e+06 1.46054
-0.12 -0.885091 1.168 1 1 0 1376.88 1.89594e+06 1.46833
-0.125 -0.880151 1.18271 1 1 0 1377.06 1.89642e+06 1.47114
-0.13 -0.875105 1.1554 1 1 1.24002e-06 1376.9 1.89599e+06 1.46732
-0.135 -0.870113 1.18321 1 1 0 1377.08 1.89648e+06 1.4596
-0.14 -0.865064 1.15245 1 1 1.24002e-06 1376.86 1.89589e+06 1.45905
-0.145 -0.860054 1.12774 1 1 0 1376.96 1.89616e+06 1.46569
-0.15 -0.855077 1.16495 1 1 1.24002e-06 1376.95 1.89613e+06 1.47242
-0.155 -0.850142 1.13406 1 1 0 1377.07 1.89646e+06 1.45021
-0.16 -0.845072 1.1456 1 1 1.24002e-06 1377.01 1.89629e+06 1.46911
-0.165 -0.840184 1.13767 1 1 0 1377.12 1.89659e+06 1.47065
-0.17 -0.8351 1.17865 1 1 0 1376.89 1.89596e+06 1.47251
-0.175 -0.830109 1.13487 1 1 0 1376.96 1.89617e+06 1.48625
-0.18 -0.825153 1.14191 1 1 0 1377.1 1.89654e+06 1.46627
-0.185 -0.820089 1.16977 1 1 1.24002e-06 1377.05 1.89641e+06 1.4617
-0.19 -0.815117 1.17065 1 1 0 1377.04 1.89637e+06 1.45368
-0.195 -0.810151 1.15293 1 1 1.24002e-06 1377.01 1.89628e+06 1.45081
-0.2 -0.805175 1.14025 1 0.999999 3.71968e-06 1377.11 1.89658e+06 1.45261
-0.205 -0.800124 1.17305 1 1 1.24002e-06 1376.94 1.89611e+06 1.45028
-0.21 -0.795061 1.15312 1 1 0 1376.65 1.89531e+06 1.48057
-0.215 -0.79017 1.14167 1 1 1.24002e-06 1377.03 1.89636e+06 1.46486
-0.22 -0.785179 1.16184 1 1 1.24002e-06 1377.04 1.89637e+06 1.47763
-0.225 -0.780153 1.15546 1 1 1.24002e-06 1377.1 1.89656e+06 1.47544
-0.23 -0.775061 1.16479 1 1 0 1376.92 1.89604e+06 1.44676
-0.235 -0.770069 1.16614 1 1 2.47991e-06 1376.93 1.89608e+06 1.4824
-0.24 -0.765098 1.16745 1 1 0 1377.05 1.8964e+06 1.45277
-0.245 -0.760127 1.143 1 1 2.47991e-06 1376.97 1.89619e+06 1.44311
-0.25 -0.755159 1.17866 1 0.999999 3.71968e-06 1377.07 1.89646e+06 1.4427
-0.255 -0.750103 1.1488 1 0.999999 4.95932e-06 1376.97 1.89617e+06 1.45112
-0.26 -0.745149 1.16734 1 1 2.47991e-06 1376.95 1.89613e+06 1.48773
-0.265 -0.74016 1.18643 1 1 1.24002e-06 1377.1 1.89654e+06 1.46825
-0.27 -0.735093 1.15613 1 1 0 1377.03 1.89635e+06 1.4658
-0.275 -0.73002 1.16351 1 0.999999 3.71968e-06 1376.76 1.89561e+06 1.45609
-0.28 -0.725173 1.15164 1 1 1.24002e-06 1377.09 1.89653e+06 1.45482
-0.285 -0.720096 1.1599 1 1 2.47991e-06 1376.91 1.89602e+06 1.4591
-0.29 -0.715126 1.12646 1 0.999999 3.71968e-06 1376.87 1.89593e+06 1.48038
-0.295 -0.710102 1.16232 1 0.999999 3.71968e-06 1376.95 1.89612e+06 1.44974
-0.3 -0.705195 1.11529 1 0.999999 3.71968e-06 1377.31 1.89714e+06 1.47002
-0.305 -0.700107 1.15326 1 0.999999 6.19885e-06 1376.99 1.89625e+06 1.48842
-0.31 -0.695059 1.15582 1 0.999999 3.71968e-06 1376.88 1.89594e+06 1.438
-0.315 -0.690203 1.14331 1 1 0 1377.08 1.8965e+06 1.47725
-0.32 -0.685143 1.15942 1 0.999999 3.71968e-06 1377.04 1.89639e+06 1.46291
-0.325 -0.680161 1.15823 1 0.999999 4.95932e-06 1376.96 1.89617e+06 1.47962
-0.33 -0.675179 1.16067 0.999999 0.999999 7.43825e-06 1377.11 1.89658e+06 1.46093
-0.335 -0.670174 1.14231 1 0.999999 4.95932e-06 1377.02 1.89633e+06 1.43492
-0.34 -0.665092 1.15175 0.999999 0.999999 7.43825e-06 1376.93 1.89606e+06 1.4403
-0.345 -0.660082 1.17494 0.999999 0.999998 1.11557e-05 1376.82 1.89578e+06 1.47297
-0.35 -0.655143 1.13662 0.999999 0.999999 9.91667e-06 1376.95 1.89614e+06 1.47198
-0.355 -0.650178 1.15446 0.999999 0.999999 9.91667e-06 1377.23 1.89692e+06 1.48652
-0.36 -0.645114 1.15507 1 0.999999 3.71968e-06 1377.09 1.89651e+06 1.46497
-0.365 -0.640188 1.13445 0.999999 0.999998 1.11557e-05 1377.09 1.89651e+06 1.466
-0.37 -0.635163 1.15033 0.999999 0.999998 1.36334e-05 1376.95 1.89615e+06 1.45298
-0.375 -0.630168 1.15791 0.999999 0.999998 1.36334e-05 1377.03 1.89636e+06 1.48169
-0.38 -0.625062 1.15971 0.999999 0.999998 1.23946e-05 1376.91 1.89602e+06 1.45863
-0.385 -0.620135 1.17199 0.999999 0.999999 8.67752e-06 1377.02 1.89633e+06 1.4819
-0.39 -0.615195 1.16316 0.999999 0.999998 1.23946e-05 1377.1 1.89653e+06 1.45178
-0.395 -0.610165 1.13714 0.999999 0.999997 1.85872e-05 1377.04 1.89637e+06 1.44913
-0.4 -0.60512 1.13944 0.999999 0.999998 1.36334e-05 1376.94 1.89609e+06 1.45552
-0.405 -0.600139 1.17445 0.999999 0.999998 1.4872e-05 1377.12 1.89659e+06 1.4846
-0.41 -0.595102 1.16197 0.999999 0.999997 1.98254e-05 1377.03 1.89635e+06 1.46383
-0.415 -0.590122 1.16301 0.999999 0.999999 9.91667e-06 1376.95 1.89614e+06 1.48545
-0.42 -0.585075 1.13919 0.999999 0.999998 1.61106e-05 1376.95 1.89613e+06 1.43121
-0.425 -0.580032 1.13976 0.999999 0.999998 1.7349e-05 1376.79 1.89569e+06 1.46504
-0.43 -0.575137 1.16879 0.999999 0.999998 1.36334e-05 1376.96 1.89615e+06 1.44613
-0.435 -0.570173 1.14959 0.999998 0.999995 3.22001e-05 1377.18 1.89676e+06 1.49885
-0.44 -0.565113 1.18252 0.999998 0.999997 2.47768e-05 1376.92 1.89606e+06 1.49056
-0.445 -0.560218 1.12156 0.999998 0.999995 3.46736e-05 1377.17 1.89673e+06 1.45132
-0.45 -0.555087 1.16832 0.999997 0.999995 3.59102e-05 1376.82 1.89577e+06 1.48747
-0.455 -0.550155 1.15355 0.999998 0.999995 3.34369e-05 1377 1.89628e+06 1.47665
-0.46 -0.545102 1.15895 0.999998 0.999995 3.59171e-05 1377.15 1.89669e+06 1.50612
-0.465 -0.5401 1.15131 0.999998 0.999995 3.46736e-05 1376.89 1.89597e+06 1.4702
-0.47 -0.535192 1.16063 0.999997 0.999994 4.33268e-05 1376.95 1.89614e+06 1.46164
-0.475 -0.530177 1.12089 0.999996 0.999992 6.0615e-05 1377.14 1.89666e+06 1.45328
-0.48 -0.525062 1.13889 0.999996 0.999993 5.1974e-05 1377 1.89628e+06 1.47294
-0.485 -0.52021 1.16916 0.999996 0.999992 6.0615e-05 1377.22 1.89688e+06 1.46001
-0.49 -0.515095 1.19552 0.999996 0.999992 5.9381e-05 1377.03 1.89636e+06 1.47345
-0.495 -0.510134 1.14225 0.999995 0.999989 7.54141e-05 1376.94 1.8961e+06 1.46584
-0.5 -0.505155 1.16577 0.999995 0.999991 6.555e-05 1377.06 1.89643e+06 1.47081
-0.505 -0.500046 1.18425 0.999994 0.999989 8.03432e-05 1376.98 1.89623e+06 1.47038
-0.51 -0.495107 1.16376 0.999993 0.999986 0.000102499 1376.96 1.89616e+06 1.46147
-0.515 -0.490106 1.1653 0.999993 0.999985 0.000108668 1376.91 1.89601e+06 1.46062
-0.52 -0.485189 1.15977 0.999994 0.999987 9.01954e-05 1376.99 1.89625e+06 1.48227
-0.525 -0.480207 1.15026 0.999992 0.999984 0.000111105 1377.14 1.89666e+06 1.46292
-0.53 -0.475051 1.14113 0.999993 0.999986 9.88095e-05 1376.82 1.89578e+06 1.45122
-0.535 -0.470044 1.17572 0.999993 0.999986 0.00010004 1376.69 1.89543e+06 1.47996
-0.54 -0.465096 1.15625 0.999991 0.999981 0.000131979 1376.86 1.8959e+06 1.46484
-0.545 -0.460119 1.17935 0.999991 0.999982 0.000129525 1376.93 1.89607e+06 1.43633
-0.55 -0.455088 1.14637 0.999989 0.999978 0.000155297 1376.99 1.89623e+06 1.44354
-0.555 -0.450063 1.14191 0.999989 0.999978 0.000157714 1376.79 1.89568e+06 1.47186
-0.56 -0.445118 1.14148 0.999988 0.999977 0.000165057 1376.88 1.89593e+06 1.46195
-0.565 -0.440144 1.14252 0.999989 0.999977 0.00016261 1376.91 1.89603e+06 1.4731
-0.57 -0.435163 1.16416 0.999985 0.99997 0.000215115 1377.08 1.89648e+06 1.46254
-0.575 -0.430048 1.17424 0.999984 0.999969 0.000219988 1376.83 1.8958e+06 1.46809
-0.58 -0.425085 1.18524 0.999982 0.999963 0.000258896 1376.94 1.89612e+06 1.47805
-0.585 -0.420101 1.14497 0.999983 0.999965 0.000249231 1376.96 1.89615e+06 1.44795
-0.59 -0.415061 1.17885 0.999981 0.999962 0.000269871 1376.77 1.89565e+06 1.46454
-0.595 -0.410181 1.14421 0.999981 0.999962 0.000268604 1377.13 1.89662e+06 1.45619
-0.6 -0.405127 1.16016 0.999977 0.999954 0.000326812 1376.92 1.89604e+06 1.48217
-0.605 -0.400119 1.13771 0.999977 0.999954 0.00032554 1376.97 1.89619e+06 1.45499
-0.61 -0.395177 1.14044 0.999975 0.99995 0.000356889 1377.06 1.89644e+06 1.46149
-0.615 -0.390174 1.15587 0.999971 0.999942 0.00041719 1377.02 1.89631e+06 1.46364
-0.62 -0.385218 1.15255 0.999973 0.999945 0.000398074 1377.26 1.89697e+06 1.45866
-0.625 -0.380152 1.17552 0.999969 0.999939 0.000446099 1376.99 1.89624e+06 1.46653
-0.63 -0.375161 1.152 0.999968 0.999937 0.000449419 1377 1.89627e+06 1.46539
-0.635 -0.370125 1.17822 0.999966 0.999933 0.000484217 1376.88 1.89595e+06 1.44695
-0.64 -0.365157 1.14067 0.999964 0.999929 0.000509221 1377.03 1.89635e+06 1.48405
-0.645 -0.360041 1.15342 0.999954 0.999909 0.000662408 1376.89 1.89597e+06 1.47754
-0.65 -0.355072 1.17379 0.999954 0.999907 0.000684204 1376.96 1.89615e+06 1.42698
-0.655 -0.350152 1.12973 0.999955 0.999909 0.000651443 1376.98 1.89622e+06 1.47839
-0.66 -0.345011 1.19043 0.999943 0.999887 0.000819376 1376.73 1.89552e+06 1.45114
-0.665 -0.34019 1.14954 0.999945 0.999891 0.000791363 1377.01 1.89631e+06 1.45495
-0.67 -0.335048 1.18057 0.999942 0.999884 0.000824018 1376.76 1.89562e+06 1.47054
-0.675 -0.330001 1.18306 0.999938 0.999876 0.000878786 1376.72 1.89551e+06 1.50028
-0.68 -0.325097 1.15043 0.999933 0.999865 0.00095587 1376.82 1.89579e+06 1.49374
-0.685 -0.320036 1.15882 0.999929 0.999859 0.00100688 1377 1.89628e+06 1.4903
-0.69 -0.315168 1.14909 0.999924 0.999847 0.00109038 1376.9 1.89599e+06 1.48044
-0.695 -0.310075 1.16067 0.999916 0.999832 0.00119686 1376.89 1.89597e+06 1.46219
-0.7 -0.305077 1.15787 0.999906 0.999812 0.00132706 1376.85 1.89586e+06 1.46466
-0.705 -0.300057 1.16619 0.999905 0.99981 0.00133948 1376.87 1.89591e+06 1.47268
-0.71 -0.295032 1.17728 0.9999 0.9998 0.00142894 1376.82 1.89576e+06 1.45698
-0.715 -0.290071 1.17652 0.999888 0.999775 0.00160361 1376.69 1.8954e+06 1.46394
-0.72 -0.285063 1.14669 0.999869 0.999739 0.00186619 1376.93 1.89609e+06 1.46654
-0.725 -0.280114 1.17598 0.999868 0.999737 0.00186538 1376.93 1.89608e+06 1.49733
-0.73 -0.275102 1.17997 0.999859 0.999718 0.00203389 1376.92 1.89606e+06 1.47497
-0.735 -0.270034 1.18684 0.999857 0.999714 0.00206375 1376.79 1.89568e+06 1.458
-0.74 -0.264942 1.15637 0.999851 0.999703 0.00211199 1376.56 1.89506e+06 1.47923
-0.745 -0.260031 1.19002 0.999833 0.999666 0.00239897 1376.6 1.89518e+06 1.47842
-0.75 -0.255009 1.16361 0.999818 0.999636 0.00265909 1376.69 1.89543e+06 1.47016
-0.755 -0.250012 1.17871 0.999795 0.99959 0.00294904 1376.81 1.89574e+06 1.47055
-0.76 -0.244971 1.18344 0.999792 0.999584 0.0029808 1376.63 1.89525e+06 1.48393
-0.765 -0.240061 1.185 0.99977 0.99954 0.00335112 1376.86 1.89589e+06 1.49522
-0.77 -0.235038 1.15804 0.999758 0.999516 0.00346894 1376.7 1.89543e+06 1.46546
-0.775 -0.229943 1.16591 0.999741 0.999484 0.00369615 1376.62 1.89522e+06 1.48559
-0.78 -0.224964 1.16865 0.999727 0.999454 0.00394819 1376.58 1.89513e+06 1.4961
-0.785 -0.219965 1.19358 0.999711 0.999423 0.00416777 1376.6 1.89517e+06 1.47392
-0.79 -0.214847 1.16746 0.99968 0.99936 0.00473284 1376.36 1.8945e+06 1.44466
-0.795 -0.209964 1.18478 0.999661 0.999323 0.00489996 1376.82 1.89577e+06 1.48913
-0.8 -0.204955 1.18226 0.999622 0.999244 0.00539127 1376.46 1.89479e+06 1.47349
-0.805 -0.19993 1.19297 0.9996 0.9992 0.00580912 1376.43 1.89471e+06 1.45849
-0.81 -0.194987 1.17362 0.999568 0.999136 0.006263 1376.64 1.89527e+06 1.49139
-0.815 -0.189819 1.18785 0.999546 0.999092 0.00653613 1376.36 1.8945e+06 1.49512
-0.82 -0.184931 1.20377 0.999499 0.999 0.0073201 1376.32 1.89441e+06 1.50016
-0.825 -0.179829 1.17637 0.999459 0.99892 0.00777651 1376.16 1.89395e+06 1.48997
-0.83 -0.174817 1.18325 0.999419 0.99884 0.00832158 1376.09 1.89376e+06 1.50894
-0.835 -0.169727 1.20757 0.999376 0.998754 0.00915896 1375.97 1.89342e+06 1.49214
-0.84 -0.164728 1.21552 0.999329 0.99866 0.00965074 1375.91 1.89326e+06 1.50869
-0.845 -0.159778 1.21452 0.999262 0.998526 0.0105452 1376.18 1.89403e+06 1.51167
-0.85 -0.154727 1.20142 0.999262 0.998526 0.0104262 1375.81 1.893e+06 1.49895
-0.855 -0.149743 1.19759 0.99918 0.998362 0.0120569 1375.75 1.89283e+06 1.49418
-0.86 -0.14474 1.18256 0.999126 0.998254 0.0128742 1375.83 1.89305e+06 1.47739
-0.865 -0.139638 1.21369 0.999064 0.99813 0.0134935 1375.79 1.89294e+06 1.5195
-0.87 -0.134696 1.20242 0.998953 0.997908 0.0149685 1375.66 1.89258e+06 1.51401
-0.875 -0.129568 1.21531 0.998883 0.997768 0.0161081 1375.49 1.8921e+06 1.51497
-0.88 -0.124573 1.20496 0.998815 0.997633 0.0173988 1375.43 1.89194e+06 1.5018
-0.885 -0.119501 1.21846 0.998739 0.997482 0.0184372 1375.17 1.89125e+06 1.51985
-0.89 -0.114452 1.21375 0.998625 0.997254 0.0202683 1374.89 1.89048e+06 1.50752
-0.895 -0.109454 1.22367 0.99853 0.997065 0.0212434 1375.01 1.8908e+06 1.5373
-0.9 -0.104345 1.2095 0.998398 0.996802 0.0239749 1374.64 1.88977e+06 1.51755
-0.905 -0.0992692 1.24952 0.998289 0.996584 0.0252304 1374.37 1.88905e+06 1.51033
-0.91 -0.0941545 1.23419 0.998151 0.996309 0.0268439 1374.24 1.88867e+06 1.52156
-0.915 -0.08923 1.25067 0.998029 0.996065 0.0296801 1374.24 1.88869e+06 1.54388
-0.92 -0.0841397 1.24421 0.997882 0.995773 0.0315052 1373.83 1.88754e+06 1.5432
-0.925 -0.0790628 1.23737 0.997704 0.995417 0.0340249 1373.54 1.88676e+06 1.55445
-0.93 -0.0740444 1.27586 0.997561 0.995133 0.0356155 1373.45 1.88651e+06 1.5948
-0.935 -0.0690449 1.2536 0.997369 0.994749 0.0377717 1373.18 1.88577e+06 1.55649
-0.94 -0.0638108 1.26827 0.997212 0.994437 0.0413915 1372.58 1.88414e+06 1.60654
-0.945 -0.0587715 1.28096 0.996968 0.993951 0.0450573 1372.39 1.88361e+06 1.56622
-0.95 -0.0537701 1.25956 0.996713 0.993443 0.0484543 1372.39 1.88361e+06 1.59088
-0.955 -0.0487046 1.2759 0.9965 0.993019 0.0507342 1372.02 1.8826e+06 1.59527
-0.96 -0.0435046 1.29374 0.99614 0.992301 0.0587798 1371.45 1.88102e+06 1.60208
-0.965 -0.0382981 1.33192 0.995804 0.991634 0.0637885 1370.76 1.87914e+06 1.64429
-0.97 -0.033346 1.33804 0.995503 0.991034 0.0686614 1370.49 1.8784e+06 1.6545
-0.975 -0.0280713 1.33495 0.995121 0.990276 0.0752051 1369.73 1.87632e+06 1.65055
-0.98 -0.0231268 1.34657 0.994759 0.989556 0.082366 1369.52 1.87574e+06 1.68597
-0.985 -0.0179327 1.35954 0.994344 0.988731 0.0852428 1368.76 1.87367e+06 1.71329
-0.99 -0.0128439 1.38117 0.994043 0.988133 0.0936576 1368.35 1.87254e+06 1.7054
-0.995 -0.00768212 1.38317 0.993411 0.986878 0.102332 1367.49 1.87021e+06 1.7363
-1 -0.00245472 1.35674 0.992913 0.98589 0.107365 1366.81 1.86834e+06 1.76877
-1.005 0.00263307 1.4253 0.992401 0.984874 0.122011 1366.13 1.86649e+06 1.77585
-1.01 0.00787108 1.42117 0.991618 0.983324 0.135901 1364.99 1.86338e+06 1.84226
-1.015 0.0130649 1.41027 0.991084 0.982265 0.146381 1364 1.86067e+06 1.82405
-1.02 0.0183807 1.43568 0.990192 0.980501 0.162898 1362.62 1.85691e+06 1.89288
-1.025 0.023516 1.47555 0.989555 0.979239 0.174455 1361.92 1.855e+06 1.93507
-1.03 0.0287297 1.47615 0.98858 0.977314 0.186252 1360.69 1.85167e+06 1.93366
-1.035 0.0340743 1.46662 0.987409 0.975003 0.212639 1358.88 1.84674e+06 2.03934
-1.04 0.039433 1.53226 0.986229 0.972677 0.243875 1357.21 1.84221e+06 2.10372
-1.045 0.0448209 1.55851 0.984923 0.970106 0.274802 1355.14 1.83661e+06 2.17457
-1.05 0.0499579 1.53463 0.983553 0.967413 0.292857 1353.5 1.83217e+06 2.18533
-1.055 0.05556 1.60397 0.982033 0.964429 0.335401 1351.09 1.82565e+06 2.30856
-1.06 0.0608713 1.58488 0.980568 0.961556 0.347739 1349.05 1.82015e+06 2.36449
-1.065 0.0663371 1.66008 0.978413 0.957342 0.416376 1345.97 1.81187e+06 2.47949
-1.07 0.0718906 1.7308 0.976094 0.952821 0.497063 1342.76 1.80327e+06 2.77937
-1.075 0.0774255 1.75296 0.97367 0.9481 0.546721 1339.49 1.79451e+06 2.83797
-1.08 0.0829099 1.81563 0.971384 0.94366 0.597039 1336.13 1.78552e+06 2.97256
-1.085 0.0886098 1.87978 0.96802 0.937149 0.709027 1331.44 1.77303e+06 3.22638
-1.09 0.0942793 1.81731 0.964341 0.930051 0.81123 1326.48 1.75987e+06 3.45833
-1.095 0.100408 1.91631 0.959259 0.920297 0.983519 1319.32 1.74095e+06 3.81123
-1.1 0.106692 2.18176 0.952534 0.907495 1.43588 1310.21 1.71711e+06 4.93842
-1.105 0.11263 2.1958 0.946564 0.896186 1.65938 1302.54 1.69709e+06 5.36107
-1.11 0.119586 2.51083 0.935773 0.875995 2.65851 1287.77 1.65904e+06 7.67108
-1.115 0.126634 2.6972 0.922905 0.852172 3.4477 1271 1.61626e+06 9.22942
-1.12 0.078631 1.38903 0.00554332 4.14775e-05 0.0884504 528.144 278967 0.824246
-1.125 0.0785441 1.35542 0.00507595 3.54406e-05 0.079614 527.899 278708 0.80608
-1.13 0.0784205 1.32649 0.00476484 3.18249e-05 0.0750544 527.763 278563 0.796436
-1.135 0.0783438 1.34561 0.00435382 2.7042e-05 0.0665387 527.564 278353 0.79289
-1.14 0.0781591 1.33154 0.00406163 2.4119e-05 0.0627192 527.563 278353 0.808321
-1.145 0.0781412 1.33902 0.00378802 2.14566e-05 0.0584849 527.337 278114 0.799776
-1.15 0.0780409 1.32694 0.00349861 1.88374e-05 0.0542849 527.286 278059 0.773704
-1.155 0.0779205 1.32138 0.00326224 1.67702e-05 0.0504246 527.115 277879 0.796625
-1.16 0.0778691 1.31385 0.0029763 1.42622e-05 0.0444656 527.024 277784 0.797507
-1.165 0.0777108 1.32663 0.00274349 1.25185e-05 0.0410754 526.986 277743 0.784943
-1.17 0.0777291 1.31705 0.0025513 1.11269e-05 0.0379978 526.821 277569 0.788664
-1.175 0.0776799 1.30219 0.00236059 9.87473e-06 0.0354022 526.713 277456 0.789604
-1.18 0.0776812 1.3003 0.00223264 9.12875e-06 0.0340998 526.723 277466 0.782335
-1.185 0.0775573 1.29221 0.00207786 8.08633e-06 0.0310119 526.676 277417 0.789728
-1.19 0.0775075 1.30878 0.00191806 7.14277e-06 0.0285024 526.578 277313 0.776324
-1.195 0.0774638 1.29619 0.00175451 6.1867e-06 0.0255776 526.489 277220 0.780839
-1.2 0.0774098 1.26551 0.00165634 5.67416e-06 0.0241155 526.482 277212 0.792569
-1.205 0.0774174 1.26966 0.00153898 5.08189e-06 0.0223278 526.4 277125 0.78265
-1.21 0.0773472 1.27242 0.00141554 4.48541e-06 0.0204205 526.394 277120 0.785161
-1.215 0.0772886 1.28232 0.00133108 4.12598e-06 0.0193718 526.339 277061 0.768478
-1.22 0.0771959 1.2837 0.00121797 3.63332e-06 0.0176904 526.309 277029 0.766223
-1.225 0.0772729 1.27648 0.00114757 3.38301e-06 0.017001 526.284 277004 0.776944
-1.23 0.0771963 1.25156 0.00105573 3.01468e-06 0.0156353 526.168 276881 0.763697
-1.235 0.0771669 1.26885 0.00100165 2.79873e-06 0.0147738 526.202 276918 0.790747
-1.24 0.0770807 1.24718 0.000904514 2.41036e-06 0.0131017 526.233 276949 0.769237
-1.245 0.0771571 1.27369 0.000858767 2.24052e-06 0.0123678 526.086 276795 0.777012
-1.25 0.0771232 1.24357 0.000796962 2.01687e-06 0.0113696 526.051 276758 0.762842
-1.255 0.0770933 1.27798 0.000751476 1.87853e-06 0.0108108 526.044 276750 0.776115
-1.26 0.0769512 1.24305 0.000679861 1.67432e-06 0.00997394 526.152 276864 0.76409
-1.265 0.077071 1.24983 0.000637153 1.52603e-06 0.00921654 525.987 276691 0.772072
-1.27 0.0769663 1.24334 0.000600694 1.41692e-06 0.00869008 526.094 276803 0.760761
-1.275 0.0769577 1.23465 0.000558507 1.27646e-06 0.00793673 526.136 276847 0.756043
-1.28 0.0769435 1.22988 0.000517448 1.16509e-06 0.00738383 526.034 276740 0.763018
-1.285 0.0769736 1.25282 0.000490885 1.09939e-06 0.00706355 525.951 276653 0.77013
-1.29 0.0769219 1.23123 0.000440538 9.70384e-07 0.00638792 525.997 276701 0.760838
-1.295 0.0768543 1.24036 0.000413108 8.97443e-07 0.0059804 525.98 276683 0.767653
-1.3 0.0768767 1.24335 0.000384115 8.15158e-07 0.00549351 525.99 276694 0.767814
-1.305 0.0768977 1.22201 0.000350434 7.38299e-07 0.00506465 525.954 276655 0.761662
-1.31 0.0768404 1.24423 0.000324479 6.68825e-07 0.00463711 525.976 276679 0.769975
-1.315 0.0768636 1.23758 0.000318229 6.62797e-07 0.00462056 525.887 276585 0.765196
-1.32 0.0767992 1.23225 0.000285156 5.77649e-07 0.00408413 525.991 276694 0.762489
-1.325 0.0768752 1.24284 0.000277778 5.62428e-07 0.00399306 525.946 276648 0.775213
-1.33 0.0768105 1.22222 0.000248698 4.93556e-07 0.00355232 525.944 276645 0.759093
-1.335 0.0768551 1.24237 0.000232378 4.62209e-07 0.00335898 525.885 276583 0.755977
-1.34 0.0768262 1.21435 0.000219358 4.24533e-07 0.00309736 525.872 276569 0.746494
-1.345 0.0767659 1.23623 0.000194358 3.67869e-07 0.0027162 525.861 276557 0.753341
-1.35 0.0767642 1.22214 0.000185938 3.62293e-07 0.00269667 525.876 276574 0.767007
-1.355 0.0767962 1.22477 0.000174306 3.35467e-07 0.00251041 525.879 276577 0.754679
-1.36 0.0768177 1.23331 0.000159896 3.06231e-07 0.00230946 525.802 276495 0.763142
-1.365 0.0767965 1.25578 0.000157812 2.97791e-07 0.00224547 525.926 276627 0.770056
-1.37 0.0767977 1.22265 0.000140885 2.62677e-07 0.00199813 525.834 276530 0.764934
-1.375 0.0767297 1.25262 0.000125434 2.39469e-07 0.00184102 525.91 276610 0.780981
-1.38 0.0767123 1.20895 0.000119184 2.20781e-07 0.00169983 525.884 276581 0.745301
-1.385 0.0767142 1.21518 0.000114844 2.13548e-07 0.00164867 525.86 276557 0.766423
-1.39 0.0767444 1.21453 0.000103472 1.9471e-07 0.00151408 525.856 276552 0.747719
-1.395 0.0767813 1.22106 9.6441e-05 1.78283e-07 0.00139048 525.809 276503 0.756226
-1.4 0.0767727 1.21925 8.66319e-05 1.57636e-07 0.00123537 525.831 276527 0.767819
-1.405 0.0767087 1.22382 8.40278e-05 1.54924e-07 0.0012167 525.855 276552 0.753536
-1.41 0.0767138 1.22075 8.18576e-05 1.49649e-07 0.00117626 525.865 276562 0.761736
-1.415 0.0767875 1.21485 7.52604e-05 1.35182e-07 0.00106574 525.747 276439 0.766556
-1.42 0.0767172 1.23251 6.67535e-05 1.21618e-07 0.000964077 525.786 276479 0.769867
-1.425 0.0766533 1.21784 6.53646e-05 1.18604e-07 0.000940786 525.878 276575 0.760601
-1.43 0.0767193 1.22613 5.9375e-05 1.07603e-07 0.000856408 525.845 276542 0.771641
-1.435 0.0767151 1.23319 5.22569e-05 9.25323e-08 0.000738938 525.818 276513 0.758256
-1.44 0.0767011 1.21017 4.93924e-05 8.75591e-08 0.000700412 525.882 276580 0.74962
-1.445 0.0767348 1.21817 5.46875e-05 9.70534e-08 0.000774002 525.767 276459 0.77116
-1.45 0.0767384 1.22257 4.53993e-05 8.24351e-08 0.000661364 525.792 276485 0.762568
-1.455 0.0766925 1.21359 4.03646e-05 7.18859e-08 0.000578111 525.814 276508 0.764314
-1.46 0.0767812 1.23133 3.90625e-05 6.90225e-08 0.000555401 525.756 276448 0.779296
-1.465 0.0767564 1.23935 3.83681e-05 6.78168e-08 0.000545922 525.749 276440 0.759311
-1.47 0.0767179 1.23247 3.10764e-05 5.54591e-08 0.000448403 525.852 276548 0.766312
-1.475 0.0766717 1.20247 3.23785e-05 5.71168e-08 0.000461364 525.849 276545 0.750954
-1.48 0.0767529 1.21081 2.95139e-05 5.2445e-08 0.00042438 525.783 276476 0.760119
-1.485 0.0766389 1.23776 2.65625e-05 4.70197e-08 0.000381099 525.84 276535 0.756825
-1.49 0.076743 1.24461 2.36979e-05 4.1745e-08 0.000338881 525.823 276518 0.766269
-1.495 0.0767116 1.21676 2.26563e-05 3.99366e-08 0.000324397 525.842 276538 0.753104
