0 -0.8 inf 1 1 -nan 324 104976 -inf
0.01 -0.790035 0.994492 1 1 0 323.744 104811 0.111209
0.02 -0.78003 0.989559 1 1 0 323.461 104628 0.111517
0.03 -0.770022 1.00124 1 1 0 323.197 104457 0.113781
0.04 -0.760027 1.00841 1 1 0 322.918 104277 0.111457
0.05 -0.749993 0.997559 1 1 0 322.655 104108 0.111026
0.06 -0.739905 1.00285 1 1 0 322.387 103936 0.112734
0.07 -0.729811 1.03251 1 1 0 322.127 103768 0.112543
0.08 -0.719844 1.01356 1 1 0 321.867 103602 0.112137
0.09 -0.709669 1.01965 1 0.999999 3.85783e-06 321.573 103413 0.112341
0.1 -0.699664 1.00902 0.999997 0.999994 3.12359e-05 321.326 103254 0.113356
0.11 -0.68941 1.02523 0.999993 0.999985 6.62183e-05 321.058 103082 0.113611
0.12 -0.679374 1.01154 0.999976 0.999952 0.000201837 320.778 102903 0.112711
0.13 -0.668951 1.02528 0.999926 0.999853 0.000568193 320.475 102709 0.110646
0.14 -0.658817 1.02659 0.999862 0.999726 0.000977577 320.222 102547 0.112334
0.15 -0.648198 1.03862 0.999717 0.999436 0.00186988 319.915 102351 0.112977
0.16 -0.637926 1.0587 0.999467 0.998937 0.00340285 319.633 102171 0.113
0.17 -0.627224 1.09399 0.999107 0.998221 0.0052844 319.358 101995 0.111688
0.18 -0.616069 1.0993 0.99855 0.997112 0.00819454 318.995 101764 0.11485
0.19 -0.60449 1.16821 0.997815 0.99565 0.0118481 318.673 101559 0.115055
0.2 -0.59308 1.1765 0.996811 0.993654 0.0163347 318.34 101348 0.116086
0.21 -0.580703 1.235 0.995553 0.991158 0.0217466 317.97 101113 0.119144
0.22 -0.568133 1.26968 0.993862 0.987805 0.0288927 317.523 100829 0.11935
0.23 -0.555137 1.36866 0.991845 0.983816 0.0371534 317.084 100551 0.121101
0.24 -0.540905 1.43333 0.989157 0.978511 0.0475705 316.569 100225 0.125067
0.25 -0.526235 1.5048 0.98603 0.972359 0.0598906 316.041 99891.6 0.125204
0.26 -0.510672 1.60751 0.982449 0.965339 0.0738662 315.413 99496.2 0.13186
0.27 -0.494208 1.70291 0.9782 0.957043 0.0893319 314.779 99097 0.134786
0.28 -0.476537 1.80555 0.973277 0.947482 0.109525 314.026 98624.7 0.141754
0.29 -0.45865 1.91067 0.967527 0.936377 0.133821 313.226 98124.5 0.150334
0.3 -0.437856 2.0686 0.960412 0.922731 0.162439 312.225 97498.9 0.154654
0.31 -0.417578 2.21457 0.952808 0.908255 0.191429 311.197 96859.4 0.166686
0.32 -0.391147 2.55057 0.941781 0.887525 0.257811 309.669 95914.4 0.198315
0.33 -0.366118 2.7983 0.930918 0.867342 0.319758 308.178 94997 0.22819
0.34 -0.336153 3.25258 0.916301 0.840633 0.434393 306.194 93784.1 0.280589
0.35 0.273356 0.393567 0.0309788 0.00123273 0.112337 109.469 12025.8 1.10804
0.36 0.277171 0.374586 0.029941 0.00114476 0.0993204 108.929 11906.7 1.04971
0.37 0.281245 0.364182 0.0296823 0.00113534 0.0989703 108.426 11797.5 1.02842
0.38 0.284818 0.360977 0.0299274 0.00114612 0.0949128 108.18 11745.5 1.03677
0.39 0.288316 0.35209 0.0287917 0.00106644 0.0876831 107.463 11590.9 1.01496
0.4 0.291816 0.339418 0.0282194 0.00102855 0.0835964 107.09 11508.9 0.945495
0.41 0.29469 0.333254 0.0288601 0.00108194 0.0874672 107.227 11542.6 1.02326
0.42 0.298263 0.320359 0.0285743 0.00105184 0.0806902 106.656 11418 0.947075
0.43 0.301961 0.314449 0.0283281 0.00104476 0.0811332 106.388 11361.8 0.947118
0.44 0.304814 0.310271 0.0291424 0.0010897 0.0786851 106.375 11359.3 0.933543
0.45 0.307747 0.30428 0.0285983 0.00105332 0.0753455 105.977 11277.3 0.967118
0.46 0.310365 0.287309 0.0281542 0.00102601 0.0730505 105.573 11190.9 0.930915
0.47 0.31395 0.27909 0.0285694 0.00105174 0.0721617 105.554 11188 0.932571
0.48 0.316354 0.2837 0.0290878 0.0010925 0.0739187 105.622 11204.9 0.963022
0.49 0.318857 0.272617 0.0293767 0.00110425 0.070899 105.309 11137.6 0.920727
0.5 0.321759 0.267977 0.029491 0.00112159 0.0725394 105.29 11135.7 0.944662
0.51 0.324391 0.267633 0.0292299 0.00111252 0.0728864 104.769 11028.3 0.965805
0.52 0.326788 0.26586 0.0294743 0.00111721 0.0688077 104.959 11065.7 0.901197
0.53 0.330282 0.261718 0.0297875 0.00115312 0.0722228 104.602 10993.5 0.935333
0.54 0.332493 0.254036 0.0296656 0.00113423 0.0677822 104.332 10936.3 0.907854
0.55 0.335017 0.250368 0.0304934 0.00118608 0.0670862 104.612 10995.1 0.894054
0.56 0.337836 0.253643 0.0302076 0.00117436 0.0673347 104.24 10918 0.890706
0.57 0.339538 0.240642 0.0314083 0.00125342 0.0674364 104.641 11003.1 0.895307
0.58 0.343102 0.25132 0.0313392 0.00125705 0.0682511 104.249 10921.8 0.894186
0.59 0.345067 0.236992 0.0312 0.00122636 0.0617296 104.023 10873.2 0.854363
0.6 0.347114 0.240007 0.0318226 0.00128783 0.0660359 104.289 10931.9 0.8913
0.61 0.349515 0.236369 0.0317628 0.00129408 0.0673252 104.062 10887.8 0.926818
0.62 0.352286 0.239174 0.0322719 0.00132656 0.0662136 104.056 10886.8 0.917973
0.63 0.35358 0.231848 0.0326045 0.00135486 0.0666992 104.11 10897.1 0.886065
0.64 0.35675 0.235533 0.0334035 0.00141073 0.0663611 104.097 10894.9 0.882395
0.65 0.35848 0.231257 0.033275 0.00139966 0.0647849 104.128 10903.4 0.897381
0.66 0.361117 0.234978 0.0336368 0.00143154 0.0654774 104.01 10879.6 0.896359
0.67 0.363609 0.230242 0.0339729 0.00145569 0.0648057 103.817 10837.7 0.859338
0.68 0.365671 0.227605 0.0342569 0.00147596 0.0640432 103.852 10848.1 0.890533
0.69 0.369012 0.232092 0.034401 0.0014954 0.0651068 103.66 10809.9 0.901832
0.7 0.370862 0.227606 0.0357337 0.00159907 0.0662762 104.152 10910.2 0.857368
0.71 0.373228 0.236131 0.0357128 0.00159064 0.0639349 103.868 10854.9 0.900082
0.72 0.375842 0.228149 0.0363958 0.00164881 0.0648304 103.95 10872.2 0.890364
0.73 0.37743 0.230527 0.0370031 0.00169669 0.0645945 104.076 10898.8 0.881165
0.74 0.379786 0.232234 0.036966 0.00169691 0.064299 103.914 10864.1 0.858368
0.75 0.382587 0.231876 0.0381812 0.00179728 0.0651787 104.411 10970.1 0.87466
0.76 0.383309 0.2281 0.0390115 0.00187799 0.0674704 104.686 11030.3 0.894402
0.77 0.386642 0.226426 0.0388823 0.00186633 0.0662959 104.384 10970.2 0.92201
0.78 0.389729 0.227114 0.0394809 0.0019084 0.0645529 104.294 10948.6 0.878112
0.79 0.391263 0.224557 0.0405806 0.00200831 0.0658987 104.734 11039.5 0.849822
0.8 0.392834 0.229123 0.0401733 0.00198584 0.0669506 104.432 10977.9 0.860518
0.81 0.395074 0.231266 0.0409611 0.00206126 0.0681685 104.847 11069.5 0.902889
0.82 0.398885 0.235033 0.0424253 0.00218078 0.0668853 105.077 11113.2 0.836539
0.83 0.400837 0.23964 0.0430559 0.00225473 0.0695576 105.315 11168.6 0.885286
0.84 0.403662 0.238492 0.0433417 0.00227754 0.0684063 105.018 11107.1 0.88715
0.85 0.405791 0.234502 0.0439299 0.00235085 0.0713259 105.166 11141.4 0.91167
0.86 0.407117 0.236043 0.0444844 0.00239999 0.0705145 105.404 11189.7 0.879885
0.87 0.410109 0.239355 0.0441958 0.00236835 0.0687034 104.881 11079.7 0.874218
0.88 0.412431 0.242512 0.0461889 0.00256973 0.0713979 105.596 11230.1 0.856707
0.89 0.415635 0.240857 0.0468365 0.0026462 0.0732213 105.863 11292.9 0.912672
0.9 0.416795 0.244969 0.0470132 0.0026592 0.0718337 105.86 11292.1 0.899385
0.91 0.419184 0.2387 0.0478469 0.00272858 0.0695081 106.088 11335.9 0.840452
0.92 0.42234 0.242839 0.0482753 0.00280768 0.0746868 105.875 11299.5 0.924804
0.93 0.42409 0.247951 0.0490962 0.00287102 0.0713162 106.226 11367.9 0.850087
0.94 0.426518 0.250832 0.0497413 0.00295122 0.0730752 106.452 11420.4 0.882486
0.95 0.430082 0.248748 0.050549 0.00303461 0.0726695 106.326 11391.1 0.849485
0.96 0.431956 0.246071 0.0500333 0.00296753 0.06963 105.807 11280.5 0.839818
0.97 0.434715 0.246804 0.051725 0.00316244 0.0722919 106.485 11426.9 0.850663
0.98 0.43754 0.251505 0.0525083 0.0032713 0.0755517 106.904 11524.3 0.914597
0.99 0.439802 0.259257 0.0535358 0.00338817 0.0759403 107.063 11553.7 0.861349
