50 -0.99395 9.53674e-07 29036844 1203924 -628.267
51 -0.99185 9.53674e-07 29036844 1199714 -625.472
52 -0.98975 9.53674e-07 29036844 1191519 -622.733
53 -0.98765 9.53674e-07 29036844 1194503 -620.019
54 -0.98555 9.53674e-07 29036844 1196949 -617.362
55 -0.98345 9.53674e-07 29036844 1190358 -614.756
56 -0.98135 9.53674e-07 29036844 1206635 -612.199
57 -0.97925 9.53674e-07 29036844 1207710 -609.678
58 -0.97715 9.53674e-07 29036844 1208897 -607.189
59 -0.97505 9.53674e-07 29036844 1204152 -604.779
60 -0.97295 9.53674e-07 29036844 1198148 -602.385
61 -0.97085 9.53674e-07 29036844 1201232 -600.032
62 -0.96875 9.53674e-07 29036844 1191402 -597.715
63 -0.96665 9.53674e-07 29036844 1180168 -595.43
64 -0.96455 9.53674e-07 29036844 1173926 -593.189
65 -0.96245 9.53674e-07 29036844 1177556 -590.962
66 -0.96035 9.53674e-07 29036844 1161645 -588.798
67 -0.95825 9.53674e-07 29036844 1168998 -586.651
68 -0.95615 9.53674e-07 29036844 1174541 -584.544
69 -0.95405 9.53674e-07 29036844 1174312 -582.462
70 -0.95195 9.53674e-07 29036844 1171918 -580.413
71 -0.94985 9.53674e-07 29036844 1182947 -578.376
72 -0.94775 9.53674e-07 29036844 1178684 -576.39
73 -0.94565 9.53674e-07 29036844 1180576 -574.409
74 -0.94355 9.53674e-07 29036844 1178261 -572.456
75 -0.94145 9.53674e-07 29036844 1172496 -570.522
76 -0.93935 9.53674e-07 29036844 1175754 -568.627
77 -0.93725 9.53674e-07 29036844 1176018 -566.755
78 -0.93515 9.53674e-07 29036844 1173798 -564.906
79 -0.93305 9.53674e-07 29036844 1171731 -563.091
80 -0.93095 9.53674e-07 29036844 1168585 -561.283
81 -0.92885 9.53674e-07 29036844 1158461 -559.509
82 -0.92675 9.53674e-07 29036844 1160064 -557.755
83 -0.92465 9.53674e-07 29036844 1167316 -555.998
84 -0.92255 9.53674e-07 29036844 1171112 -554.287
85 -0.92045 9.53674e-07 29036844 1181598 -552.586
86 -0.91835 9.53674e-07 29036844 1184256 -550.888
87 -0.91625 9.53674e-07 29036844 1184614 -549.235
88 -0.91415 9.53674e-07 29036844 1184709 -547.584
89 -0.91205 9.53674e-07 29036844 1195120 -545.953
90 -0.90995 9.53674e-07 29036844 1183131 -544.332
91 -0.90785 9.53674e-07 29036844 1179816 -542.738
92 -0.90575 9.53674e-07 29036844 1176094 -541.164
93 -0.90365 9.53674e-07 29036844 1176095 -539.598
94 -0.90155 9.53674e-07 29036844 1179569 -538.056
95 -0.89945 9.53674e-07 29036844 1171999 -536.521
96 -0.89735 9.53674e-07 29036844 1175773 -535.007
97 -0.89525 9.53674e-07 29036844 1166899 -533.513
98 -0.89315 9.53674e-07 29036844 1161649 -532.04
99 -0.89105 9.53674e-07 29036844 1160239 -530.582
100 -0.88895 9.53674e-07 29036844 1156654 -529.117
101 -0.88685 9.53674e-07 29036844 1154371 -527.675
102 -0.88475 9.53674e-07 29036844 1153254 -526.251
103 -0.88265 9.53674e-07 29036844 1146778 -524.82
104 -0.88055 9.53674e-07 29036844 1136236 -523.428
105 -0.87845 9.53674e-07 29036844 1141209 -522.039
106 -0.87635 9.53674e-07 29036844 1133970 -520.662
107 -0.87425 9.53674e-07 29036844 1144145 -519.287
108 -0.87215 9.53674e-07 29036844 1148354 -517.925
109 -0.87005 9.53674e-07 29036844 1141214 -516.58
110 -0.86795 9.53674e-07 29036844 1135907 -515.246
111 -0.86585 9.53674e-07 29036844 1135558 -513.92
112 -0.86375 9.53674e-07 29036844 1139512 -512.603
113 -0.86165 9.53674e-07 29036844 1146719 -511.3
114 -0.85955 9.53674e-07 29036844 1139564 -510.003
115 -0.85745 9.53674e-07 29036844 1144502 -508.716
116 -0.85535 9.53674e-07 29036844 1150648 -507.439
117 -0.85325 9.53674e-07 29036844 1143597 -506.18
118 -0.85115 9.53674e-07 29036844 1147846 -504.938
119 -0.84905 9.53674e-07 29036844 1146767 -503.687
120 -0.84695 9.53674e-07 29036844 1145615 -502.448
121 -0.84485 9.53674e-07 29036844 1154388 -501.218
122 -0.84275 9.53674e-07 29036844 1144392 -500.006
123 -0.84065 9.53674e-07 29036844 1147515 -498.793
124 -0.83855 9.53674e-07 29036844 1142238 -497.59
125 -0.83645 9.53674e-07 29036844 1143699 -496.393
126 -0.83435 9.53674e-07 29036844 1136505 -495.221
127 -0.83225 9.53674e-07 29036844 1145187 -494.038
128 -0.83015 9.53674e-07 29036844 1137302 -492.866
129 -0.82805 9.53674e-07 29036844 1131952 -491.703
130 -0.82595 9.53674e-07 29036844 1130282 -490.552
131 -0.82385 9.53674e-07 29036844 1130962 -489.402
132 -0.82175 9.53674e-07 29036844 1131457 -488.258
133 -0.81965 9.53674e-07 29036844 1124032 -487.126
134 -0.81755 9.53674e-07 29036844 1121428 -486.002
135 -0.81545 9.53674e-07 29036844 1122276 -484.886
136 -0.81335 9.53674e-07 29036844 1127334 -483.777
137 -0.81125 9.53674e-07 29036844 1128187 -482.665
138 -0.80915 9.53674e-07 29036844 1132863 -481.55
139 -0.80705 9.53674e-07 29036844 1130756 -480.457
140 -0.80495 9.53674e-07 29036844 1127576 -479.368
141 -0.80285 9.53674e-07 29036844 1137464 -478.284
142 -0.80075 9.53674e-07 29036844 1127943 -477.215
143 -0.79865 9.53674e-07 29036844 1134105 -476.139
144 -0.79655 9.53674e-07 29036844 1131201 -475.078
145 -0.79445 9.53674e-07 29036844 1132355 -474.019
146 -0.79235 9.53674e-07 29036844 1133956 -472.965
147 -0.79025 9.53674e-07 29036844 1143403 -471.905
148 -0.78815 9.53674e-07 29036844 1139923 -470.865
149 -0.78605 9.53674e-07 29036844 1136792 -469.832
150 -0.78395 9.53674e-07 29036844 1136634 -468.805
151 -0.78185 9.53674e-07 29036844 1141542 -467.778
152 -0.77975 9.53674e-07 29036844 1142775 -466.75
153 -0.77765 9.53674e-07 29036844 1141237 -465.729
154 -0.77555 9.53674e-07 29036844 1143173 -464.718
155 -0.77345 9.53674e-07 29036844 1138722 -463.719
156 -0.77135 9.53674e-07 29036844 1128312 -462.719
157 -0.76925 9.53674e-07 29036844 1136762 -461.715
158 -0.76715 9.53674e-07 29036844 1128296 -460.727
159 -0.76505 9.53674e-07 29036844 1128171 -459.735
160 -0.76295 9.53674e-07 29036844 1123385 -458.754
161 -0.76085 9.53674e-07 29036844 1120904 -457.778
162 -0.75875 9.53674e-07 29036844 1123008 -456.808
163 -0.75665 9.53674e-07 29036844 1119560 -455.84
164 -0.75455 9.53674e-07 29036844 1123697 -454.873
165 -0.75245 9.53674e-07 29036844 1126966 -453.902
166 -0.75035 9.53674e-07 29036844 1131638 -452.944
167 -0.74825 9.53674e-07 29036844 1132998 -451.989
168 -0.74615 9.53674e-07 29036844 1130948 -451.04
169 -0.74405 9.53674e-07 29036844 1135218 -450.095
170 -0.74195 9.53674e-07 29036844 1132641 -449.157
171 -0.73985 9.53674e-07 29036844 1127433 -448.227
172 -0.73775 9.53674e-07 29036844 1127920 -447.295
173 -0.73565 9.53674e-07 29036844 1125355 -446.361
174 -0.73355 9.53674e-07 29036844 1122410 -445.436
175 -0.73145 9.53674e-07 29036844 1123666 -444.514
176 -0.72935 9.53674e-07 29036844 1121983 -443.586
177 -0.72725 9.53674e-07 29036844 1127049 -442.665
178 -0.72515 9.53674e-07 29036844 1129154 -441.753
179 -0.72305 9.53674e-07 29036844 1127868 -440.843
180 -0.72095 9.53674e-07 29036844 1128189 -439.933
181 -0.71885 9.53674e-07 29036844 1125737 -439.034
182 -0.71675 9.53674e-07 29036844 1121928 -438.13
183 -0.71465 9.53674e-07 29036844 1114690 -437.232
184 -0.71255 9.53674e-07 29036844 1115670 -436.337
185 -0.71045 9.53674e-07 29036844 1113649 -435.447
186 -0.70835 9.53674e-07 29036844 1117317 -434.555
187 -0.70625 9.53674e-07 29036844 1126705 -433.669
188 -0.70415 9.53674e-07 29036844 1127191 -432.785
189 -0.70205 9.53674e-07 29036844 1129929 -431.901
190 -0.69995 9.53674e-07 29036844 1131363 -431.02
191 -0.69785 9.53674e-07 29036844 1125136 -430.144
192 -0.69575 9.53674e-07 29036844 1126638 -429.275
193 -0.69365 9.53674e-07 29036844 1124186 -428.402
194 -0.69155 9.53674e-07 29036844 1126938 -427.535
195 -0.68945 9.53674e-07 29036844 1126517 -426.671
196 -0.68735 9.53674e-07 29036844 1126512 -425.809
197 -0.68525 9.53674e-07 29036844 1125639 -424.954
198 -0.68315 9.53674e-07 29036844 1126279 -424.099
199 -0.68105 9.53674e-07 29036844 1129910 -423.248
200 -0.67895 9.53674e-07 29036844 1126386 -422.395
201 -0.67685 9.53674e-07 29036844 1127677 -421.55
202 -0.67475 9.53674e-07 29036844 1128782 -420.697
203 -0.67265 9.53674e-07 29036844 1125485 -419.858
204 -0.67055 9.53674e-07 29036844 1123285 -419.021
205 -0.66845 9.53674e-07 29036844 1121083 -418.184
206 -0.66635 9.53674e-07 29036844 1121521 -417.354
207 -0.66425 9.53674e-07 29036844 1121371 -416.522
208 -0.66215 9.53674e-07 29036844 1120772 -415.696
209 -0.66005 9.53674e-07 29036844 1116256 -414.869
210 -0.65795 9.53674e-07 29036844 1117480 -414.048
211 -0.65585 9.53674e-07 29036844 1119135 -413.225
212 -0.65375 9.53674e-07 29036844 1122831 -412.41
213 -0.65165 9.53674e-07 29036844 1120808 -411.592
214 -0.64955 9.53674e-07 29036844 1124578 -410.776
215 -0.64745 9.53674e-07 29036844 1119830 -409.96
216 -0.64535 9.53674e-07 29036844 1127690 -409.144
217 -0.64325 9.53674e-07 29036844 1126903 -408.34
218 -0.64115 9.53674e-07 29036844 1122504 -407.536
219 -0.63905 9.53674e-07 29036844 1118716 -406.726
220 -0.63695 9.53674e-07 29036844 1118780 -405.916
221 -0.63485 9.53674e-07 29036844 1118781 -405.117
222 -0.63275 9.53674e-07 29036844 1116875 -404.317
223 -0.63065 9.53674e-07 29036844 1117683 -403.52
224 -0.62855 9.53674e-07 29036844 1114112 -402.731
225 -0.62645 9.53674e-07 29036844 1115034 -401.941
226 -0.62435 9.53674e-07 29036844 1114297 -401.151
227 -0.62225 9.53674e-07 29036844 1105748 -400.362
228 -0.62015 9.53674e-07 29036844 1104459 -399.569
229 -0.61805 9.53674e-07 29036844 1105693 -398.791
230 -0.61595 9.53674e-07 29036844 1107211 -398.005
231 -0.61385 9.53674e-07 29036844 1106674 -397.225
232 -0.61175 9.53674e-07 29036844 1108518 -396.443
233 -0.60965 9.53674e-07 29036844 1108030 -395.666
234 -0.60755 9.53674e-07 29036844 1114229 -394.889
235 -0.60545 9.53674e-07 29036844 1125284 -394.112
236 -0.60335 9.53674e-07 29036844 1125442 -393.337
237 -0.60125 9.53674e-07 29036844 1123038 -392.561
238 -0.59915 9.53674e-07 29036844 1114060 -391.801
239 -0.59705 9.53674e-07 29036844 1109553 -391.035
240 -0.59495 9.53674e-07 29036844 1110787 -390.271
241 -0.59285 9.53674e-07 29036844 1111763 -389.51
242 -0.59075 9.53674e-07 29036844 1105532 -388.749
243 -0.58865 9.53674e-07 29036844 1105386 -387.988
244 -0.58655 9.53674e-07 29036844 1102571 -387.224
245 -0.58445 9.53674e-07 29036844 1105888 -386.466
246 -0.58235 9.53674e-07 29036844 1106953 -385.71
247 -0.58025 9.53674e-07 29036844 1104791 -384.956
248 -0.57815 9.53674e-07 29036844 1110377 -384.2
249 -0.57605 9.53674e-07 29036844 1100042 -383.452
250 -0.57395 9.53674e-07 29036844 1095669 -382.711
251 -0.57185 9.53674e-07 29036844 1094893 -381.963
252 -0.56975 9.53674e-07 29036844 1098463 -381.21
253 -0.56765 9.53674e-07 29036844 1099218 -380.464
254 -0.56555 9.53674e-07 29036844 1097720 -379.717
255 -0.56345 9.53674e-07 29036844 1100509 -378.975
256 -0.56135 9.53674e-07 29036844 1104449 -378.235
257 -0.55925 9.53674e-07 29036844 1112955 -377.498
258 -0.55715 9.53674e-07 29036844 1108732 -376.755
259 -0.55505 9.53674e-07 29036844 1105003 -376.019
260 -0.55295 9.53674e-07 29036844 1103759 -375.285
261 -0.55085 9.53674e-07 29036844 1096467 -374.555
262 -0.54875 9.53674e-07 29036844 1098573 -373.825
263 -0.54665 9.53674e-07 29036844 1096740 -373.093
264 -0.54455 9.53674e-07 29036844 1096284 -372.363
265 -0.54245 9.53674e-07 29036844 1095256 -371.636
266 -0.54035 9.53674e-07 29036844 1087884 -370.917
267 -0.53825 9.53674e-07 29036844 1085453 -370.185
268 -0.53615 9.53674e-07 29036844 1091231 -369.461
269 -0.53405 9.53674e-07 29036844 1087881 -368.741
270 -0.53195 9.53674e-07 29036844 1085092 -368.022
271 -0.52985 9.53674e-07 29036844 1083035 -367.303
272 -0.52775 9.53674e-07 29036844 1083384 -366.575
273 -0.52565 9.53674e-07 29036844 1088184 -365.855
274 -0.52355 9.53674e-07 29036844 1084009 -365.134
275 -0.52145 9.53674e-07 29036844 1087112 -364.416
276 -0.51935 9.53674e-07 29036844 1087347 -363.701
277 -0.51725 9.53674e-07 29036844 1088188 -362.984
278 -0.51515 9.53674e-07 29036844 1090392 -362.275
279 -0.51305 9.53674e-07 29036844 1096960 -361.557
280 -0.51095 9.53674e-07 29036844 1096853 -360.842
281 -0.50885 9.53674e-07 29036844 1097258 -360.129
282 -0.50675 9.53674e-07 29036844 1093335 -359.425
283 -0.50465 9.53674e-07 29036844 1095160 -358.707
284 -0.50255 9.53674e-07 29036844 1097954 -358
285 -0.50045 9.53674e-07 29036844 1099358 -357.289
286 -0.49835 9.53674e-07 29036844 1098499 -356.587
287 -0.49625 9.53674e-07 29036844 1097118 -355.881
288 -0.49415 9.53674e-07 29036844 1087274 -355.184
289 -0.49205 9.53674e-07 29036844 1089757 -354.476
290 -0.48995 9.53674e-07 29036844 1083486 -353.781
291 -0.48785 9.53674e-07 29036844 1082515 -353.08
292 -0.48575 9.53674e-07 29036844 1084005 -352.376
293 -0.48365 9.53674e-07 29036844 1086575 -351.674
294 -0.48155 9.53674e-07 29036844 1084184 -350.974
295 -0.47945 9.53674e-07 29036844 1088554 -350.278
296 -0.47735 9.53674e-07 29036844 1089985 -349.578
297 -0.47525 9.53674e-07 29036844 1087407 -348.877
298 -0.47315 9.53674e-07 29036844 1085894 -348.186
299 -0.47105 9.53674e-07 29036844 1087855 -347.49
300 -0.46895 9.53674e-07 29036844 1083235 -346.794
301 -0.46685 9.53674e-07 29036844 1079964 -346.11
302 -0.46475 9.53674e-07 29036844 1078708 -345.42
303 -0.46265 9.53674e-07 29036844 1082197 -344.727
304 -0.46055 9.53674e-07 29036844 1077627 -344.038
305 -0.45845 9.53674e-07 29036844 1074620 -343.354
306 -0.45635 9.53674e-07 29036844 1076356 -342.664
307 -0.45425 9.53674e-07 29036844 1074959 -341.979
308 -0.45215 9.53674e-07 29036844 1075139 -341.293
309 -0.45005 9.53674e-07 29036844 1076664 -340.606
310 -0.44795 9.53674e-07 29036844 1075871 -339.922
311 -0.44585 9.53674e-07 29036844 1073824 -339.239
312 -0.44375 9.53674e-07 29036844 1077638 -338.557
313 -0.44165 9.53674e-07 29036844 1076366 -337.875
314 -0.43955 9.53674e-07 29036844 1078244 -337.191
315 -0.43745 9.53674e-07 29036844 1087166 -336.512
316 -0.43535 9.53674e-07 29036844 1085877 -335.83
317 -0.43325 9.53674e-07 29036844 1091176 -335.149
318 -0.43115 9.53674e-07 29036844 1095672 -334.471
319 -0.42905 9.53674e-07 29036844 1097081 -333.795
320 -0.42695 9.53674e-07 29036844 1099183 -333.118
321 -0.42485 9.53674e-07 29036844 1100807 -332.439
322 -0.42275 9.53674e-07 29036844 1106777 -331.758
323 -0.42065 9.53674e-07 29036844 1109303 -331.087
324 -0.41855 9.53674e-07 29036844 1111203 -330.418
325 -0.41645 9.53674e-07 29036844 1114319 -329.742
326 -0.41435 9.53674e-07 29036844 1117121 -329.07
327 -0.41225 9.53674e-07 29036844 1111455 -328.4
328 -0.41015 9.53674e-07 29036844 1117205 -327.729
329 -0.40805 9.53674e-07 29036844 1117045 -327.061
330 -0.40595 9.53674e-07 29036844 1118988 -326.385
331 -0.40385 9.53674e-07 29036844 1116441 -325.725
332 -0.40175 9.53674e-07 29036844 1114351 -325.058
333 -0.39965 9.53674e-07 29036844 1120350 -324.391
334 -0.39755 9.53674e-07 29036844 1113641 -323.728
335 -0.39545 9.53674e-07 29036844 1119526 -323.061
336 -0.39335 9.53674e-07 29036844 1117717 -322.4
337 -0.39125 9.53674e-07 29036844 1112331 -321.732
338 -0.38915 9.53674e-07 29036844 1113784 -321.064
339 -0.38705 9.53674e-07 29036844 1116352 -320.398
340 -0.38495 9.53674e-07 29036844 1114482 -319.728
341 -0.38285 9.53674e-07 29036844 1116015 -319.066
342 -0.38075 9.53674e-07 29036844 1119655 -318.4
343 -0.37865 9.53674e-07 29036844 1121527 -317.735
344 -0.37655 9.53674e-07 29036844 1119354 -317.069
345 -0.37445 9.53674e-07 29036844 1121347 -316.409
346 -0.37235 9.53674e-07 29036844 1119941 -315.747
347 -0.37025 9.53674e-07 29036844 1114284 -315.092
348 -0.36815 9.53674e-07 29036844 1122779 -314.428
349 -0.36605 9.53674e-07 29036844 1124454 -313.767
350 -0.36395 9.53674e-07 29036844 1128821 -313.104
351 -0.36185 9.53674e-07 29036844 1130522 -312.443
352 -0.35975 9.53674e-07 29036844 1127967 -311.784
353 -0.35765 9.53674e-07 29036844 1133003 -311.125
354 -0.35555 9.53674e-07 29036844 1133916 -310.468
355 -0.35345 9.53674e-07 29036844 1134885 -309.81
356 -0.35135 9.53674e-07 29036844 1138237 -309.154
357 -0.34925 9.53674e-07 29036844 1136254 -308.497
358 -0.34715 9.53674e-07 29036844 1135055 -307.838
359 -0.34505 9.53674e-07 29036844 1137433 -307.177
360 -0.34295 9.53674e-07 29036844 1138668 -306.526
361 -0.34085 9.53674e-07 29036844 1139816 -305.873
362 -0.33875 9.53674e-07 29036844 1136230 -305.219
363 -0.33665 9.53674e-07 29036844 1139464 -304.56
364 -0.33455 9.53674e-07 29036844 1137818 -303.904
365 -0.33245 9.53674e-07 29036844 1139597 -303.243
366 -0.33035 9.53674e-07 29036844 1135127 -302.593
367 -0.32825 9.53674e-07 29036844 1138325 -301.937
368 -0.32615 9.53674e-07 29036844 1136886 -301.28
369 -0.32405 9.53674e-07 29036844 1137342 -300.627
370 -0.32195 9.53674e-07 29036844 1134471 -299.97
371 -0.31985 9.53674e-07 29036844 1134983 -299.316
372 -0.31775 9.53674e-07 29036844 1134471 -298.666
373 -0.31565 9.53674e-07 29036844 1133588 -298.01
374 -0.31355 9.53674e-07 29036844 1132310 -297.356
375 -0.31145 9.53674e-07 29036844 1132061 -296.702
376 -0.30935 9.53674e-07 29036844 1127598 -296.057
377 -0.30725 9.53674e-07 29036844 1125919 -295.409
378 -0.30515 9.53674e-07 29036844 1124688 -294.757
379 -0.30305 9.53674e-07 29036844 1124007 -294.101
380 -0.30095 9.53674e-07 29036844 1129015 -293.446
381 -0.29885 9.53674e-07 29036844 1135017 -292.792
382 -0.29675 9.53674e-07 29036844 1132219 -292.143
383 -0.29465 9.53674e-07 29036844 1127914 -291.495
384 -0.29255 9.53674e-07 29036844 1126889 -290.845
385 -0.29045 9.53674e-07 29036844 1119834 -290.196
386 -0.28835 9.53674e-07 29036844 1119477 -289.544
387 -0.28625 9.53674e-07 29036844 1124519 -288.891
388 -0.28415 9.53674e-07 29036844 1121581 -288.242
389 -0.28205 9.53674e-07 29036844 1120495 -287.588
390 -0.27995 9.53674e-07 29036844 1121914 -286.932
391 -0.27785 9.53674e-07 29036844 1117475 -286.285
392 -0.27575 9.53674e-07 29036844 1117713 -285.63
393 -0.27365 9.53674e-07 29036844 1117061 -284.978
394 -0.27155 9.53674e-07 29036844 1116038 -284.321
395 -0.26945 9.53674e-07 29036844 1115745 -283.67
396 -0.26735 9.53674e-07 29036844 1113317 -283.019
397 -0.26525 9.53674e-07 29036844 1118282 -282.368
398 -0.26315 9.53674e-07 29036844 1116578 -281.716
399 -0.26105 9.53674e-07 29036844 1119388 -281.064
400 -0.25895 9.53674e-07 29036844 1117822 -280.408
401 -0.25685 9.53674e-07 29036844 1115916 -279.758
402 -0.25475 9.53674e-07 29036844 1111385 -279.105
403 -0.25265 9.53674e-07 29036844 1112336 -278.46
404 -0.25055 9.53674e-07 29036844 1111519 -277.811
405 -0.24845 9.53674e-07 29036844 1110419 -277.161
406 -0.24635 9.53674e-07 29036844 1104052 -276.52
407 -0.24425 9.53674e-07 29036844 1102436 -275.87
408 -0.24215 9.53674e-07 29036844 1102621 -275.223
409 -0.24005 9.53674e-07 29036844 1103897 -274.577
410 -0.23795 9.53674e-07 29036844 1105097 -273.921
411 -0.23585 9.53674e-07 29036844 1103333 -273.265
412 -0.23375 9.53674e-07 29036844 1100237 -272.615
413 -0.23165 9.53674e-07 29036844 1097227 -271.965
414 -0.22955 9.53674e-07 29036844 1101383 -271.309
415 -0.22745 9.53674e-07 29036844 1101014 -270.656
416 -0.22535 9.53674e-07 29036844 1099468 -270.01
417 -0.22325 9.53674e-07 29036844 1098101 -269.354
418 -0.22115 9.53674e-07 29036844 1098038 -268.698
419 -0.21905 9.53674e-07 29036844 1092877 -268.046
420 -0.21695 9.53674e-07 29036844 1095141 -267.385
421 -0.21485 9.53674e-07 29036844 1093239 -266.734
422 -0.21275 9.53674e-07 29036844 1092492 -266.071
423 -0.21065 9.53674e-07 29036844 1088950 -265.414
424 -0.20855 9.53674e-07 29036844 1084168 -264.756
425 -0.20645 9.53674e-07 29036844 1083057 -264.095
426 -0.20435 9.53674e-07 29036844 1074677 -263.446
427 -0.20225 9.53674e-07 29036844 1075272 -262.792
428 -0.20015 9.53674e-07 29036844 1074708 -262.133
429 -0.19805 9.53674e-07 29036844 1075104 -261.477
430 -0.19595 9.53674e-07 29036844 1073654 -260.819
431 -0.19385 9.53674e-07 29036844 1072461 -260.169
432 -0.19175 9.53674e-07 29036844 1066214 -259.515
433 -0.18965 9.53674e-07 29036844 1065914 -258.853
434 -0.18755 9.53674e-07 29036844 1066408 -258.191
435 -0.18545 9.53674e-07 29036844 1066614 -257.534
436 -0.18335 9.53674e-07 29036844 1068686 -256.872
437 -0.18125 9.53674e-07 29036844 1066758 -256.209
438 -0.17915 9.53674e-07 29036844 1061435 -255.551
439 -0.17705 9.53674e-07 29036844 1062188 -254.884
440 -0.17495 9.53674e-07 29036844 1059889 -254.223
441 -0.17285 9.53674e-07 29036844 1054152 -253.558
442 -0.17075 9.53674e-07 29036844 1049595 -252.897
443 -0.16865 9.53674e-07 29036844 1045945 -252.233
444 -0.16655 9.53674e-07 29036844 1045075 -251.565
445 -0.16445 9.53674e-07 29036844 1034334 -250.902
446 -0.16235 9.53674e-07 29036844 1035159 -250.238
447 -0.16025 9.53674e-07 29036844 1033037 -249.574
448 -0.15815 9.53674e-07 29036844 1020790 -248.911
449 -0.15605 9.53674e-07 29036844 1012093 -248.25
450 -0.15395 9.53674e-07 29036844 1008367 -247.586
451 -0.15185 9.53674e-07 29036844 1006660 -246.914
452 -0.14975 9.53674e-07 29036844 1000862 -246.243
453 -0.14765 9.53674e-07 29036844 995704 -245.574
454 -0.14555 9.53674e-07 29036844 991786 -244.905
455 -0.14345 9.53674e-07 29036844 988803 -244.235
456 -0.14135 9.53674e-07 29036844 986514 -243.562
457 -0.13925 9.53674e-07 29036844 984851 -242.892
458 -0.13715 9.53674e-07 29036844 976438 -242.218
459 -0.13505 9.53674e-07 29036844 969563 -241.548
460 -0.13295 9.53674e-07 29036844 974612 -240.866
461 -0.13085 9.53674e-07 29036844 976513 -240.187
462 -0.12875 9.53674e-07 29036844 973955 -239.51
463 -0.12665 9.53674e-07 29036844 977435 -238.828
464 -0.12455 9.53674e-07 29036844 977245 -238.154
465 -0.12245 9.53674e-07 29036844 970711 -237.475
466 -0.12035 9.53674e-07 29036844 965069 -236.798
467 -0.11825 9.53674e-07 29036844 963868 -236.112
468 -0.11615 9.53674e-07 29036844 967622 -235.427
469 -0.11405 9.53674e-07 29036844 968850 -234.742
470 -0.11195 9.53674e-07 29036844 965062 -234.055
471 -0.10985 9.53674e-07 29036844 962088 -233.365
472 -0.10775 9.53674e-07 29036844 958607 -232.682
473 -0.10565 9.53674e-07 29036844 958728 -231.986
474 -0.10355 9.53674e-07 29036844 957462 -231.295
475 -0.10145 9.53674e-07 29036844 948514 -230.608
476 -0.09935 9.53674e-07 29036844 944258 -229.915
477 -0.09725 9.53674e-07 29036844 945433 -229.215
478 -0.09515 9.53674e-07 29036844 942882 -228.519
479 -0.09305 9.53674e-07 29036844 945996 -227.815
480 -0.09095 9.53674e-07 29036844 945099 -227.112
481 -0.08885 9.53674e-07 29036844 944745 -226.414
482 -0.08675 9.53674e-07 29036844 944801 -225.719
483 -0.08465 9.53674e-07 29036844 940962 -225.02
484 -0.08255 9.53674e-07 29036844 938322 -224.324
485 -0.08045 9.53674e-07 29036844 938292 -223.618
486 -0.07835 9.53674e-07 29036844 935350 -222.914
487 -0.07625 9.53674e-07 29036844 933498 -222.21
488 -0.07415 9.53674e-07 29036844 930601 -221.51
489 -0.07205 9.53674e-07 29036844 924104 -220.8
490 -0.06995 9.53674e-07 29036844 926001 -220.085
491 -0.06785 9.53674e-07 29036844 922468 -219.378
492 -0.06575 9.53674e-07 29036844 919149 -218.659
493 -0.06365 9.53674e-07 29036844 917125 -217.945
494 -0.06155 9.53674e-07 29036844 916957 -217.231
495 -0.05945 9.53674e-07 29036844 914726 -216.515
496 -0.05735 9.53674e-07 29036844 914406 -215.796
497 -0.05525 9.53674e-07 29036844 912215 -215.082
498 -0.05315 9.53674e-07 29036844 904843 -214.372
499 -0.05105 9.53674e-07 29036844 898589 -213.657
500 -0.04895 9.53674e-07 29036844 898606 -212.939
501 -0.04685 9.53674e-07 29036844 898638 -212.215
502 -0.04475 9.53674e-07 29036844 898053 -211.486
503 -0.04265 9.53674e-07 29036844 890801 -210.763
504 -0.04055 9.53674e-07 29036844 890906 -210.035
505 -0.03845 9.53674e-07 29036844 884003 -209.308
506 -0.03635 9.53674e-07 29036844 884420 -208.577
507 -0.03425 9.53674e-07 29036844 881869 -207.84
508 -0.03215 9.53674e-07 29036844 877696 -207.113
509 -0.03005 9.53674e-07 29036844 874205 -206.379
510 -0.02795 9.53674e-07 29036844 872202 -205.651
511 -0.02585 9.53674e-07 29036844 866680 -204.918
512 -0.02375 9.53674e-07 29036844 866439 -204.172
513 -0.02165 9.53674e-07 29036844 860536 -203.436
514 -0.01955 9.53674e-07 29036844 861375 -202.687
515 -0.01745 9.53674e-07 29036844 858243 -201.946
516 -0.01535 9.53674e-07 29036844 854496 -201.204
517 -0.01325 9.53674e-07 29036844 853166 -200.453
518 -0.01115 9.53674e-07 29036844 854701 -199.691
519 -0.00905 9.53674e-07 29036844 848391 -198.945
520 -0.00695 9.53674e-07 29036844 848167 -198.199
521 -0.00485 9.53674e-07 29036844 846621 -197.443
522 -0.00275 9.53674e-07 29036844 849551 -196.689
523 -0.00065 9.53674e-07 29036844 847857 -195.922
524 0.00145 9.53674e-07 29036844 849547 -195.155
525 0.00355 9.53674e-07 29036844 849641 -194.389
526 0.00565 9.53674e-07 29036844 845198 -193.629
527 0.00775 9.53674e-07 29036844 845288 -192.862
528 0.00985 9.53674e-07 29036844 842791 -192.092
529 0.01195 9.53674e-07 29036844 838772 -191.333
530 0.01405 9.53674e-07 29036844 837546 -190.566
531 0.01615 9.53674e-07 29036844 834360 -189.792
532 0.01825 9.53674e-07 29036844 835542 -189.008
533 0.02035 9.53674e-07 29036844 822138 -188.233
534 0.02245 9.53674e-07 29036844 815927 -187.449
535 0.02455 9.53674e-07 29036844 810385 -186.664
536 0.02665 9.53674e-07 29036844 812595 -185.876
537 0.02875 9.53674e-07 29036844 807886 -185.093
538 0.03085 9.53674e-07 29036844 806189 -184.311
539 0.03295 9.53674e-07 29036844 807137 -183.521
540 0.03505 9.53674e-07 29036844 807886 -182.729
541 0.03715 9.53674e-07 29036844 805213 -181.93
542 0.03925 9.53674e-07 29036844 800625 -181.134
543 0.04135 9.53674e-07 29036844 795138 -180.337
544 0.04345 9.53674e-07 29036844 796824 -179.523
545 0.04555 9.53674e-07 29036844 793314 -178.726
546 0.04765 9.53674e-07 29036844 792563 -177.918
547 0.04975 9.53674e-07 29036844 783837 -177.111
548 0.05185 9.53674e-07 29036844 786158 -176.292
549 0.05395 9.53674e-07 29036844 789845 -175.467
550 0.05605 9.53674e-07 29036844 789057 -174.645
551 0.05815 9.53674e-07 29036844 793076 -173.822
552 0.06025 9.53674e-07 29036844 795464 -173.001
553 0.06235 9.53674e-07 29036844 791434 -172.167
554 0.06445 9.53674e-07 29036844 788655 -171.332
555 0.06655 9.53674e-07 29036844 784978 -170.495
556 0.06865 9.53674e-07 29036844 780983 -169.657
557 0.07075 9.53674e-07 29036844 775674 -168.813
558 0.07285 9.53674e-07 29036844 776332 -167.971
559 0.07495 9.53674e-07 29036844 776556 -167.111
560 0.07705 9.53674e-07 29036844 774112 -166.258
561 0.07915 9.53674e-07 29036844 771984 -165.402
562 0.08125 9.53674e-07 29036844 768831 -164.537
563 0.08335 9.53674e-07 29036844 766618 -163.676
564 0.08545 9.53674e-07 29036844 773011 -162.799
565 0.08755 9.53674e-07 29036844 776685 -161.925
566 0.08965 9.53674e-07 29036844 777857 -161.052
567 0.09175 9.53674e-07 29036844 775002 -160.187
568 0.09385 9.53674e-07 29036844 774773 -159.317
569 0.09595 9.53674e-07 29036844 774924 -158.439
570 0.09805 9.53674e-07 29036844 775741 -157.553
571 0.10015 9.53674e-07 29036844 785700 -156.667
572 0.10225 9.53674e-07 29036844 781506 -155.778
573 0.10435 9.53674e-07 29036844 778410 -154.887
574 0.10645 9.53674e-07 29036844 782165 -153.989
575 0.10855 9.53674e-07 29036844 789808 -153.094
576 0.11065 9.53674e-07 29036844 797521 -152.2
577 0.11275 9.53674e-07 29036844 801265 -151.296
578 0.11485 9.53674e-07 29036844 811440 -150.383
579 0.11695 9.53674e-07 29036844 812785 -149.482
580 0.11905 9.53674e-07 29036844 809398 -148.588
581 0.12115 9.53674e-07 29036844 810674 -147.697
582 0.12325 9.53674e-07 29036844 811274 -146.786
583 0.12535 9.53674e-07 29036844 813233 -145.88
584 0.12745 9.53674e-07 29036844 815340 -144.966
585 0.12955 9.53674e-07 29036844 820095 -144.051
586 0.13165 9.53674e-07 29036844 820161 -143.133
587 0.13375 9.53674e-07 29036844 831684 -142.208
588 0.13585 9.53674e-07 29036844 841735 -141.28
589 0.13795 9.53674e-07 29036844 851666 -140.355
590 0.14005 9.53674e-07 29036844 857431 -139.424
591 0.14215 9.53674e-07 29036844 866191 -138.501
592 0.14425 9.53674e-07 29036844 872314 -137.573
593 0.14635 9.53674e-07 29036844 872245 -136.644
594 0.14845 9.53674e-07 29036844 873101 -135.717
595 0.15055 9.53674e-07 29036844 882986 -134.776
596 0.15265 9.53674e-07 29036844 895639 -133.849
597 0.15475 9.53674e-07 29036844 894406 -132.919
598 0.15685 9.53674e-07 29036844 896315 -131.966
599 0.15895 9.53674e-07 29036844 904400 -131.031
600 0.16105 9.53674e-07 29036844 910633 -130.098
601 0.16315 9.53674e-07 29036844 905289 -129.172
602 0.16525 9.53674e-07 29036844 911161 -128.236
603 0.16735 9.53674e-07 29036844 909330 -127.303
604 0.16945 9.53674e-07 29036844 906417 -126.376
605 0.17155 9.53674e-07 29036844 898158 -125.444
606 0.17365 9.53674e-07 29036844 889706 -124.512
607 0.17575 9.53674e-07 29036844 887972 -123.576
608 0.17785 9.53674e-07 29036844 883823 -122.645
609 0.17995 9.53674e-07 29036844 885505 -121.707
610 0.18205 9.53674e-07 29036844 884243 -120.77
611 0.18415 9.53674e-07 29036844 883218 -119.831
612 0.18625 9.53674e-07 29036844 876412 -118.908
613 0.18835 9.53674e-07 29036844 867966 -117.99
614 0.19045 9.53674e-07 29036844 864036 -117.071
615 0.19255 9.53674e-07 29036844 865032 -116.159
616 0.19465 9.53674e-07 29036844 864424 -115.243
617 0.19675 9.53674e-07 29036844 863535 -114.324
618 0.19885 9.53674e-07 29036844 868784 -113.402
619 0.20095 9.53674e-07 29036844 868677 -112.483
620 0.20305 9.53674e-07 29036844 858553 -111.569
621 0.20515 9.53674e-07 29036844 854184 -110.66
622 0.20725 9.53674e-07 29036844 856134 -109.759
623 0.20935 9.53674e-07 29036844 856095 -108.856
624 0.21145 9.53674e-07 29036844 847867 -107.962
625 0.21355 9.53674e-07 29036844 846431 -107.063
626 0.21565 9.53674e-07 29036844 844555 -106.172
627 0.21775 9.53674e-07 29036844 837582 -105.295
628 0.21985 9.53674e-07 29036844 833865 -104.414
629 0.22195 9.53674e-07 29036844 835856 -103.534
630 0.22405 9.53674e-07 29036844 828720 -102.66
631 0.22615 9.53674e-07 29036844 829082 -101.782
632 0.22825 9.53674e-07 29036844 819660 -100.919
633 0.23035 9.53674e-07 29036844 822681 -100.047
634 0.23245 9.53674e-07 29036844 812573 -99.1973
635 0.23455 9.53674e-07 29036844 804140 -98.3418
636 0.23665 9.53674e-07 29036844 809983 -97.4961
637 0.23875 9.53674e-07 29036844 810988 -96.6626
638 0.24085 9.53674e-07 29036844 806858 -95.8329
639 0.24295 9.53674e-07 29036844 797123 -95.0175
640 0.24505 9.53674e-07 29036844 803094 -94.1979
641 0.24715 9.53674e-07 29036844 813343 -93.3845
642 0.24925 9.53674e-07 29036844 815837 -92.5851
643 0.25135 9.53674e-07 29036844 802964 -91.7962
644 0.25345 9.53674e-07 29036844 798640 -91.0054
645 0.25555 9.53674e-07 29036844 795604 -90.2238
646 0.25765 9.53674e-07 29036844 801378 -89.4402
647 0.25975 9.53674e-07 29036844 797054 -88.6725
648 0.26185 9.53674e-07 29036844 795758 -87.9031
649 0.26395 9.53674e-07 29036844 792129 -87.1596
650 0.26605 9.53674e-07 29036844 799666 -86.4185
651 0.26815 9.53674e-07 29036844 800807 -85.6812
652 0.27025 9.53674e-07 29036844 789462 -84.9536
653 0.27235 9.53674e-07 29036844 799205 -84.2177
654 0.27445 9.53674e-07 29036844 797115 -83.4957
655 0.27655 9.53674e-07 29036844 801562 -82.7897
656 0.27865 9.53674e-07 29036844 805711 -82.079
657 0.28075 9.53674e-07 29036844 804486 -81.3829
658 0.28285 9.53674e-07 29036844 804132 -80.7047
659 0.28495 9.53674e-07 29036844 801247 -80.0292
660 0.28705 9.53674e-07 29036844 800181 -79.3599
661 0.28915 9.53674e-07 29036844 788114 -78.6918
662 0.29125 9.53674e-07 29036844 788814 -78.0341
663 0.29335 9.53674e-07 29036844 787705 -77.3922
664 0.29545 9.53674e-07 29036844 792132 -76.7541
665 0.29755 9.53674e-07 29036844 796089 -76.1231
666 0.29965 9.53674e-07 29036844 810498 -75.4984
667 0.30175 9.53674e-07 29036844 807029 -74.8777
668 0.30385 9.53674e-07 29036844 814708 -74.2603
669 0.30595 9.53674e-07 29036844 814557 -73.6633
670 0.30805 9.53674e-07 29036844 815420 -73.0723
671 0.31015 9.53674e-07 29036844 821230 -72.4763
672 0.31225 9.53674e-07 29036844 825170 -71.8842
673 0.31435 9.53674e-07 29036844 832904 -71.3026
674 0.31645 9.53674e-07 29036844 840785 -70.7275
675 0.31855 9.53674e-07 29036844 838597 -70.1594
676 0.32065 9.53674e-07 29036844 841583 -69.5992
677 0.32275 9.53674e-07 29036844 846386 -69.0612
678 0.32485 9.53674e-07 29036844 825940 -68.519
679 0.32695 9.53674e-07 29036844 821546 -67.9911
680 0.32905 9.53674e-07 29036844 827069 -67.4689
681 0.33115 9.53674e-07 29036844 825598 -66.9425
682 0.33325 9.53674e-07 29036844 824430 -66.4224
683 0.33535 9.53674e-07 29036844 829974 -65.9087
684 0.33745 9.53674e-07 29036844 834549 -65.4078
685 0.33955 9.53674e-07 29036844 825974 -64.9078
686 0.34165 9.53674e-07 29036844 820600 -64.429
687 0.34375 9.53674e-07 29036844 818415 -63.9435
688 0.34585 9.53674e-07 29036844 822618 -63.46
689 0.34795 9.53674e-07 29036844 829905 -62.9802
690 0.35005 9.53674e-07 29036844 831002 -62.524
691 0.35215 9.53674e-07 29036844 834034 -62.0579
692 0.35425 9.53674e-07 29036844 834930 -61.601
693 0.35635 9.53674e-07 29036844 837998 -61.1586
694 0.35845 9.53674e-07 29036844 831917 -60.7281
695 0.36055 9.53674e-07 29036844 828983 -60.2876
696 0.36265 9.53674e-07 29036844 826425 -59.8535
697 0.36475 9.53674e-07 29036844 824189 -59.4262
698 0.36685 9.53674e-07 29036844 815997 -59.0132
699 0.36895 9.53674e-07 29036844 817123 -58.6107
700 0.37105 9.53674e-07 29036844 818474 -58.2005
701 0.37315 9.53674e-07 29036844 819386 -57.796
702 0.37525 9.53674e-07 29036844 820773 -57.3951
703 0.37735 9.53674e-07 29036844 814237 -56.9986
704 0.37945 9.53674e-07 29036844 816941 -56.6022
705 0.38155 9.53674e-07 29036844 811372 -56.2196
706 0.38365 9.53674e-07 29036844 816794 -55.8349
707 0.38575 9.53674e-07 29036844 819654 -55.453
708 0.38785 9.53674e-07 29036844 824910 -55.0689
709 0.38995 9.53674e-07 29036844 828878 -54.6836
710 0.39205 9.53674e-07 29036844 833273 -54.3231
711 0.39415 9.53674e-07 29036844 837091 -53.9681
712 0.39625 9.53674e-07 29036844 835013 -53.6026
713 0.39835 9.53674e-07 29036844 835288 -53.246
714 0.40045 9.53674e-07 29036844 832235 -52.8921
715 0.40255 9.53674e-07 29036844 832249 -52.5481
716 0.40465 9.53674e-07 29036844 831796 -52.1972
717 0.40675 9.53674e-07 29036844 833996 -51.8576
718 0.40885 9.53674e-07 29036844 831260 -51.5272
719 0.41095 9.53674e-07 29036844 830014 -51.1921
720 0.41305 9.53674e-07 29036844 825626 -50.8604
721 0.41515 9.53674e-07 29036844 829113 -50.5314
722 0.41725 9.53674e-07 29036844 828441 -50.2052
723 0.41935 9.53674e-07 29036844 831207 -49.875
724 0.42145 9.53674e-07 29036844 834028 -49.5513
725 0.42355 9.53674e-07 29036844 826067 -49.2376
726 0.42565 9.53674e-07 29036844 828040 -48.9162
727 0.42775 9.53674e-07 29036844 830459 -48.596
728 0.42985 9.53674e-07 29036844 834166 -48.2903
729 0.43195 9.53674e-07 29036844 835060 -47.986
730 0.43405 9.53674e-07 29036844 840386 -47.675
731 0.43615 9.53674e-07 29036844 845947 -47.3762
732 0.43825 9.53674e-07 29036844 843048 -47.0767
733 0.44035 9.53674e-07 29036844 837828 -46.779
734 0.44245 9.53674e-07 29036844 832244 -46.4813
735 0.44455 9.53674e-07 29036844 833193 -46.1903
736 0.44665 9.53674e-07 29036844 831002 -45.8907
737 0.44875 9.53674e-07 29036844 834938 -45.5943
738 0.45085 9.53674e-07 29036844 834615 -45.2987
739 0.45295 9.53674e-07 29036844 831141 -45.0084
740 0.45505 9.53674e-07 29036844 835258 -44.7234
741 0.45715 9.53674e-07 29036844 839012 -44.4363
742 0.45925 9.53674e-07 29036844 833546 -44.1471
743 0.46135 9.53674e-07 29036844 836931 -43.8691
744 0.46345 9.53674e-07 29036844 842555 -43.5813
745 0.46555 9.53674e-07 29036844 834621 -43.3122
746 0.46765 9.53674e-07 29036844 834528 -43.0487
747 0.46975 9.53674e-07 29036844 829952 -42.7766
748 0.47185 9.53674e-07 29036844 834102 -42.5018
749 0.47395 9.53674e-07 29036844 839393 -42.2276
750 0.47605 9.53674e-07 29036844 840450 -41.9611
751 0.47815 9.53674e-07 29036844 839783 -41.6975
752 0.48025 9.53674e-07 29036844 837596 -41.4306
753 0.48235 9.53674e-07 29036844 838919 -41.1669
754 0.48445 9.53674e-07 29036844 842410 -40.9016
755 0.48655 9.53674e-07 29036844 838175 -40.6395
756 0.48865 9.53674e-07 29036844 836174 -40.384
757 0.49075 9.53674e-07 29036844 836618 -40.1287
758 0.49285 9.53674e-07 29036844 839857 -39.8755
759 0.49495 9.53674e-07 29036844 840253 -39.6204
760 0.49705 9.53674e-07 29036844 847760 -39.3655
761 0.49915 9.53674e-07 29036844 848090 -39.1139
762 0.50125 9.53674e-07 29036844 847408 -38.8641
763 0.50335 9.53674e-07 29036844 845452 -38.6148
764 0.50545 9.53674e-07 29036844 848912 -38.3638
765 0.50755 9.53674e-07 29036844 852497 -38.1136
766 0.50965 9.53674e-07 29036844 853558 -37.8731
767 0.51175 9.53674e-07 29036844 847385 -37.636
768 0.51385 9.53674e-07 29036844 849664 -37.391
769 0.51595 9.53674e-07 29036844 849173 -37.1507
770 0.51805 9.53674e-07 29036844 846047 -36.9115
771 0.52015 9.53674e-07 29036844 848916 -36.6742
772 0.52225 9.53674e-07 29036844 847376 -36.4317
773 0.52435 9.53674e-07 29036844 847155 -36.197
774 0.52645 9.53674e-07 29036844 846681 -35.9611
775 0.52855 9.53674e-07 29036844 840566 -35.7299
776 0.53065 9.53674e-07 29036844 839895 -35.5061
777 0.53275 9.53674e-07 29036844 834351 -35.272
778 0.53485 9.53674e-07 29036844 830250 -35.0489
779 0.53695 9.53674e-07 29036844 827400 -34.8212
780 0.53905 9.53674e-07 29036844 830627 -34.5984
781 0.54115 9.53674e-07 29036844 830062 -34.3739
782 0.54325 9.53674e-07 29036844 826246 -34.1438
783 0.54535 9.53674e-07 29036844 831796 -33.9187
784 0.54745 9.53674e-07 29036844 828799 -33.6958
785 0.54955 9.53674e-07 29036844 820278 -33.4771
786 0.55165 9.53674e-07 29036844 821152 -33.257
787 0.55375 9.53674e-07 29036844 822811 -33.0292
788 0.55585 9.53674e-07 29036844 823877 -32.8096
789 0.55795 9.53674e-07 29036844 829013 -32.5938
790 0.56005 9.53674e-07 29036844 829415 -32.3728
791 0.56215 9.53674e-07 29036844 817787 -32.1585
792 0.56425 9.53674e-07 29036844 817358 -31.9476
793 0.56635 9.53674e-07 29036844 818546 -31.7337
794 0.56845 9.53674e-07 29036844 824096 -31.5188
795 0.57055 9.53674e-07 29036844 825281 -31.307
796 0.57265 9.53674e-07 29036844 823922 -31.0889
797 0.57475 9.53674e-07 29036844 820113 -30.8749
798 0.57685 9.53674e-07 29036844 819789 -30.6667
799 0.57895 9.53674e-07 29036844 826039 -30.4571
800 0.58105 9.53674e-07 29036844 830856 -30.2381
801 0.58315 9.53674e-07 29036844 831831 -30.0287
802 0.58525 9.53674e-07 29036844 826149 -29.8214
803 0.58735 9.53674e-07 29036844 823262 -29.615
804 0.58945 9.53674e-07 29036844 818089 -29.412
805 0.59155 9.53674e-07 29036844 818403 -29.2049
806 0.59365 9.53674e-07 29036844 814529 -29.0046
807 0.59575 9.53674e-07 29036844 811360 -28.8108
808 0.59785 9.53674e-07 29036844 811707 -28.6112
809 0.59995 9.53674e-07 29036844 808780 -28.4053
810 0.60205 9.53674e-07 29036844 807343 -28.202
811 0.60415 9.53674e-07 29036844 808119 -28.0025
812 0.60625 9.53674e-07 29036844 805031 -27.804
813 0.60835 9.53674e-07 29036844 801874 -27.6075
814 0.61045 9.53674e-07 29036844 807911 -27.4075
815 0.61255 9.53674e-07 29036844 813277 -27.2088
816 0.61465 9.53674e-07 29036844 808307 -27.0138
817 0.61675 9.53674e-07 29036844 811770 -26.8159
818 0.61885 9.53674e-07 29036844 808583 -26.617
819 0.62095 9.53674e-07 29036844 807852 -26.4228
820 0.62305 9.53674e-07 29036844 810931 -26.2275
821 0.62515 9.53674e-07 29036844 814053 -26.0313
822 0.62725 9.53674e-07 29036844 814867 -25.8377
823 0.62935 9.53674e-07 29036844 823960 -25.6533
824 0.63145 9.53674e-07 29036844 825153 -25.4633
825 0.63355 9.53674e-07 29036844 825374 -25.2745
826 0.63565 9.53674e-07 29036844 827304 -25.0892
827 0.63775 9.53674e-07 29036844 830051 -24.9004
828 0.63985 9.53674e-07 29036844 831753 -24.7145
829 0.64195 9.53674e-07 29036844 832611 -24.5308
830 0.64405 9.53674e-07 29036844 831806 -24.3422
831 0.64615 9.53674e-07 29036844 829517 -24.1578
832 0.64825 9.53674e-07 29036844 832104 -23.9719
833 0.65035 9.53674e-07 29036844 822290 -23.792
834 0.65245 9.53674e-07 29036844 823272 -23.6106
835 0.65455 9.53674e-07 29036844 824489 -23.4274
836 0.65665 9.53674e-07 29036844 829640 -23.2424
837 0.65875 9.53674e-07 29036844 827968 -23.0587
838 0.66085 9.53674e-07 29036844 828448 -22.8803
839 0.66295 9.53674e-07 29036844 827709 -22.699
840 0.66505 9.53674e-07 29036844 827560 -22.5212
841 0.66715 9.53674e-07 29036844 827232 -22.3461
842 0.66925 9.53674e-07 29036844 834922 -22.1673
843 0.67135 9.53674e-07 29036844 836863 -21.9938
844 0.67345 9.53674e-07 29036844 832525 -21.8184
845 0.67555 9.53674e-07 29036844 833114 -21.6417
846 0.67765 9.53674e-07 29036844 829994 -21.4699
847 0.67975 9.53674e-07 29036844 823764 -21.2987
848 0.68185 9.53674e-07 29036844 830508 -21.119
849 0.68395 9.53674e-07 29036844 830333 -20.9478
850 0.68605 9.53674e-07 29036844 832325 -20.7784
851 0.68815 9.53674e-07 29036844 832703 -20.6087
852 0.69025 9.53674e-07 29036844 829991 -20.4394
853 0.69235 9.53674e-07 29036844 830575 -20.2643
854 0.69445 9.53674e-07 29036844 828959 -20.1019
855 0.69655 9.53674e-07 29036844 828853 -19.9318
856 0.69865 9.53674e-07 29036844 825253 -19.7642
857 0.70075 9.53674e-07 29036844 825149 -19.5955
858 0.70285 9.53674e-07 29036844 819604 -19.4293
859 0.70495 9.53674e-07 29036844 816800 -19.2621
860 0.70705 9.53674e-07 29036844 822151 -19.0925
861 0.70915 9.53674e-07 29036844 820164 -18.9227
862 0.71125 9.53674e-07 29036844 822288 -18.7561
863 0.71335 9.53674e-07 29036844 821343 -18.5841
864 0.71545 9.53674e-07 29036844 819861 -18.4168
865 0.71755 9.53674e-07 29036844 820043 -18.2522
866 0.71965 9.53674e-07 29036844 821055 -18.0854
867 0.72175 9.53674e-07 29036844 820869 -17.9246
868 0.72385 9.53674e-07 29036844 821265 -17.7618
869 0.72595 9.53674e-07 29036844 822429 -17.6035
870 0.72805 9.53674e-07 29036844 823367 -17.4423
871 0.73015 9.53674e-07 29036844 826755 -17.2776
872 0.73225 9.53674e-07 29036844 832121 -17.1122
873 0.73435 9.53674e-07 29036844 833011 -16.9493
874 0.73645 9.53674e-07 29036844 832332 -16.786
875 0.73855 9.53674e-07 29036844 831375 -16.6282
876 0.74065 9.53674e-07 29036844 832099 -16.4687
877 0.74275 9.53674e-07 29036844 831995 -16.3076
878 0.74485 9.53674e-07 29036844 833787 -16.1495
879 0.74695 9.53674e-07 29036844 832592 -15.9923
880 0.74905 9.53674e-07 29036844 826337 -15.837
881 0.75115 9.53674e-07 29036844 825462 -15.6793
882 0.75325 9.53674e-07 29036844 825746 -15.5231
883 0.75535 9.53674e-07 29036844 829138 -15.3663
884 0.75745 9.53674e-07 29036844 828084 -15.2082
885 0.75955 9.53674e-07 29036844 828188 -15.0553
886 0.76165 9.53674e-07 29036844 825171 -14.8997
887 0.76375 9.53674e-07 29036844 829319 -14.7443
888 0.76585 9.53674e-07 29036844 828174 -14.5924
889 0.76795 9.53674e-07 29036844 823896 -14.4387
890 0.77005 9.53674e-07 29036844 824748 -14.2835
891 0.77215 9.53674e-07 29036844 824118 -14.1308
892 0.77425 9.53674e-07 29036844 824345 -13.9827
893 0.77635 9.53674e-07 29036844 822770 -13.8315
894 0.77845 9.53674e-07 29036844 821349 -13.681
895 0.78055 9.53674e-07 29036844 824191 -13.5298
896 0.78265 9.53674e-07 29036844 826423 -13.3775
897 0.78475 9.53674e-07 29036844 827618 -13.2272
898 0.78685 9.53674e-07 29036844 826152 -13.078
899 0.78895 9.53674e-07 29036844 828967 -12.9263
900 0.79105 9.53674e-07 29036844 828789 -12.7811
901 0.79315 9.53674e-07 29036844 829895 -12.6329
902 0.79525 9.53674e-07 29036844 827581 -12.4881
903 0.79735 9.53674e-07 29036844 824198 -12.3373
904 0.79945 9.53674e-07 29036844 826109 -12.1841
905 0.80155 9.53674e-07 29036844 826148 -12.0387
906 0.80365 9.53674e-07 29036844 825411 -11.8988
907 0.80575 9.53674e-07 29036844 827538 -11.7588
908 0.80785 9.53674e-07 29036844 826709 -11.6177
909 0.80995 9.53674e-07 29036844 828349 -11.4725
910 0.81205 9.53674e-07 29036844 828445 -11.327
911 0.81415 9.53674e-07 29036844 830413 -11.1783
912 0.81625 9.53674e-07 29036844 832701 -11.0349
913 0.81835 9.53674e-07 29036844 834376 -10.895
914 0.82045 9.53674e-07 29036844 835969 -10.7526
915 0.82255 9.53674e-07 29036844 842807 -10.6103
916 0.82465 9.53674e-07 29036844 838012 -10.4719
917 0.82675 9.53674e-07 29036844 835721 -10.3329
918 0.82885 9.53674e-07 29036844 835296 -10.1899
919 0.83095 9.53674e-07 29036844 833855 -10.0452
920 0.83305 9.53674e-07 29036844 836590 -9.90491
921 0.83515 9.53674e-07 29036844 839087 -9.76685
922 0.83725 9.53674e-07 29036844 837681 -9.63213
923 0.83935 9.53674e-07 29036844 837365 -9.49807
924 0.84145 9.53674e-07 29036844 837362 -9.35795
925 0.84355 9.53674e-07 29036844 837217 -9.22116
926 0.84565 9.53674e-07 29036844 833014 -9.08582
927 0.84775 9.53674e-07 29036844 834741 -8.94534
928 0.84985 9.53674e-07 29036844 837151 -8.81105
929 0.85195 9.53674e-07 29036844 838705 -8.67509
930 0.85405 9.53674e-07 29036844 840818 -8.53764
931 0.85615 9.53674e-07 29036844 839869 -8.39687
932 0.85825 9.53674e-07 29036844 842766 -8.26432
933 0.86035 9.53674e-07 29036844 844746 -8.13142
934 0.86245 9.53674e-07 29036844 843990 -7.99885
935 0.86455 9.53674e-07 29036844 838089 -7.87119
936 0.86665 9.53674e-07 29036844 837167 -7.73465
937 0.86875 9.53674e-07 29036844 833440 -7.59785
938 0.87085 9.53674e-07 29036844 836249 -7.46449
939 0.87295 9.53674e-07 29036844 835080 -7.32826
940 0.87505 9.53674e-07 29036844 832894 -7.18867
941 0.87715 9.53674e-07 29036844 831456 -7.05552
942 0.87925 9.53674e-07 29036844 832058 -6.92652
943 0.88135 9.53674e-07 29036844 831964 -6.7933
944 0.88345 9.53674e-07 29036844 831859 -6.65708
945 0.88555 9.53674e-07 29036844 828514 -6.52819
946 0.88765 9.53674e-07 29036844 826495 -6.39983
947 0.88975 9.53674e-07 29036844 825600 -6.27051
948 0.89185 9.53674e-07 29036844 825270 -6.1411
949 0.89395 9.53674e-07 29036844 825231 -6.01238
950 0.89605 9.53674e-07 29036844 823874 -5.8831
951 0.89815 9.53674e-07 29036844 823524 -5.75363
952 0.90025 9.53674e-07 29036844 823784 -5.62263
953 0.90235 9.53674e-07 29036844 825212 -5.49576
954 0.90445 9.53674e-07 29036844 822508 -5.37197
955 0.90655 9.53674e-07 29036844 822427 -5.24371
956 0.90865 9.53674e-07 29036844 823764 -5.1184
957 0.91075 9.53674e-07 29036844 825090 -4.99304
958 0.91285 9.53674e-07 29036844 821534 -4.86539
959 0.91495 9.53674e-07 29036844 828733 -4.73834
960 0.91705 9.53674e-07 29036844 827354 -4.61424
961 0.91915 9.53674e-07 29036844 825993 -4.49212
962 0.92125 9.53674e-07 29036844 825132 -4.37016
963 0.92335 9.53674e-07 29036844 821400 -4.25053
964 0.92545 9.53674e-07 29036844 822052 -4.12847
965 0.92755 9.53674e-07 29036844 824949 -4.00418
966 0.92965 9.53674e-07 29036844 822339 -3.87629
967 0.93175 9.53674e-07 29036844 820355 -3.75946
968 0.93385 9.53674e-07 29036844 816877 -3.63877
969 0.93595 9.53674e-07 29036844 820102 -3.51619
970 0.93805 9.53674e-07 29036844 815516 -3.39715
971 0.94015 9.53674e-07 29036844 818646 -3.2803
972 0.94225 9.53674e-07 29036844 818524 -3.15779
973 0.94435 9.53674e-07 29036844 817520 -3.03625
974 0.94645 9.53674e-07 29036844 815695 -2.91455
975 0.94855 9.53674e-07 29036844 817792 -2.80094
976 0.95065 9.53674e-07 29036844 818594 -2.67876
977 0.95275 9.53674e-07 29036844 821348 -2.5554
978 0.95485 9.53674e-07 29036844 823925 -2.43327
979 0.95695 9.53674e-07 29036844 820705 -2.31445
980 0.95905 9.53674e-07 29036844 818978 -2.19412
981 0.96115 9.53674e-07 29036844 820740 -2.07578
982 0.96325 9.53674e-07 29036844 822892 -1.95404
983 0.96535 9.53674e-07 29036844 819075 -1.83904
984 0.96745 9.53674e-07 29036844 820111 -1.72224
985 0.96955 9.53674e-07 29036844 821637 -1.6027
986 0.97165 9.53674e-07 29036844 817816 -1.48858
987 0.97375 9.53674e-07 29036844 821413 -1.37364
988 0.97585 9.53674e-07 29036844 823909 -1.25639
989 0.97795 9.53674e-07 29036844 825655 -1.13309
990 0.98005 9.53674e-07 29036844 827651 -1.01477
991 0.98215 9.53674e-07 29036844 831533 -0.898319
992 0.98425 9.53674e-07 29036844 831224 -0.788305
993 0.98635 9.53674e-07 29036844 831469 -0.677044
994 0.98845 9.53674e-07 29036844 827475 -0.556679
995 0.99055 9.53674e-07 29036844 825919 -0.446701
996 0.99265 9.53674e-07 29036844 826384 -0.336031
997 0.99475 9.53674e-07 29036844 823786 -0.228697
998 0.99685 9.53674e-07 29036844 822047 -0.1175
999 0.99895 9.53674e-07 29036844 825231 0
