0.8 0.408861 0.27468 0.0504387 0.00265952 0.0831303 423.243 179429 0.870066
0.799 0.408586 0.274525 0.0503495 0.00265028 0.0830573 423.184 179379 0.87004
0.798 0.408312 0.274371 0.0502604 0.00264108 0.0829842 423.124 179328 0.870013
0.797 0.408038 0.274218 0.0501715 0.0026319 0.0829112 423.065 179278 0.869984
0.796 0.407764 0.274067 0.0500827 0.00262275 0.0828383 423.006 179227 0.869953
0.795 0.40749 0.273917 0.049994 0.00261363 0.0827654 422.948 179177 0.869921
0.794 0.407216 0.273768 0.0499054 0.00260454 0.0826926 422.889 179127 0.869887
0.793 0.406943 0.27362 0.049817 0.00259548 0.0826199 422.831 179078 0.869851
0.792 0.406669 0.273473 0.0497287 0.00258645 0.0825472 422.773 179028 0.869814
0.791 0.406396 0.273328 0.0496405 0.00257744 0.0824746 422.715 178979 0.869775
0.79 0.406123 0.273184 0.0495525 0.00256846 0.082402 422.658 178930 0.869735
0.789 0.40585 0.273041 0.0494645 0.00255951 0.0823295 422.6 178881 0.869693
0.788 0.405577 0.2729 0.0493767 0.00255059 0.0822571 422.543 178832 0.86965
0.787 0.405304 0.27276 0.0492891 0.0025417 0.0821848 422.486 178784 0.869605
0.786 0.405032 0.27262 0.0492015 0.00253284 0.0821126 422.429 178735 0.869558
0.785 0.404759 0.272482 0.0491141 0.002524 0.0820404 422.373 178687 0.86951
0.784 0.404487 0.272346 0.0490268 0.00251519 0.0819683 422.316 178639 0.869461
0.783 0.404215 0.27221 0.0489396 0.00250642 0.0818963 422.26 178591 0.86941
0.782 0.403943 0.272076 0.0488526 0.00249766 0.0818244 422.204 178543 0.869357
0.781 0.403671 0.271943 0.0487657 0.00248894 0.0817526 422.148 178496 0.869304
0.78 0.403399 0.271811 0.0486789 0.00248024 0.0816809 422.093 178449 0.869248
0.779 0.403127 0.27168 0.0485922 0.00247158 0.0816093 422.038 178401 0.869192
0.778 0.402856 0.27155 0.0485057 0.00246294 0.0815378 421.982 178355 0.869134
0.777 0.402584 0.271422 0.0484193 0.00245432 0.0814664 421.928 178308 0.869075
0.776 0.402313 0.271294 0.048333 0.00244574 0.0813951 421.873 178261 0.869015
0.775 0.402042 0.271168 0.0482469 0.00243718 0.0813239 421.818 178215 0.868953
0.774 0.401771 0.271043 0.0481608 0.00242865 0.0812528 421.764 178169 0.86889
0.773 0.4015 0.270919 0.0480749 0.00242015 0.0811818 421.71 178123 0.868826
0.772 0.401229 0.270797 0.0479892 0.00241167 0.081111 421.656 178077 0.868761
0.771 0.400959 0.270675 0.0479035 0.00240322 0.0810402 421.603 178031 0.868694
0.77 0.400688 0.270555 0.047818 0.0023948 0.0809696 421.549 177986 0.868627
0.769 0.400418 0.270435 0.0477326 0.00238641 0.0808991 421.496 177941 0.868558
0.768 0.400148 0.270317 0.0476474 0.00237804 0.0808287 421.443 177896 0.868488
0.767 0.399878 0.2702 0.0475622 0.0023697 0.0807585 421.391 177851 0.868417
0.766 0.399608 0.270084 0.0474772 0.00236139 0.0806884 421.338 177806 0.868345
0.765 0.399338 0.269969 0.0473923 0.0023531 0.0806184 421.286 177762 0.868272
0.764 0.399068 0.269855 0.0473076 0.00234485 0.0805485 421.234 177717 0.868198
0.763 0.398798 0.269742 0.047223 0.00233661 0.0804788 421.182 177673 0.868124
0.762 0.398529 0.26963 0.0471385 0.00232841 0.0804092 421.13 177629 0.868048
0.761 0.398259 0.269519 0.0470541 0.00232023 0.0803397 421.079 177586 0.867971
0.76 0.39799 0.269409 0.0469698 0.00231208 0.0802704 421.028 177542 0.867893
0.759 0.397721 0.269301 0.0468857 0.00230395 0.0802012 420.977 177499 0.867815
0.758 0.397452 0.269193 0.0468017 0.00229585 0.0801322 420.926 177456 0.867736
0.757 0.397182 0.269086 0.0467179 0.00228778 0.0800633 420.876 177413 0.867655
0.756 0.396914 0.26898 0.0466341 0.00227974 0.0799945 420.825 177370 0.867575
0.755 0.396645 0.268875 0.0465505 0.00227172 0.0799259 420.775 177327 0.867493
0.754 0.396376 0.268771 0.046467 0.00226372 0.0798574 420.726 177285 0.867411
0.753 0.396108 0.268668 0.0463837 0.00225575 0.0797891 420.676 177243 0.867328
0.752 0.395839 0.268566 0.0463005 0.00224781 0.079721 420.627 177201 0.867244
0.751 0.395571 0.268465 0.0462174 0.0022399 0.0796529 420.577 177159 0.867159
0.75 0.395302 0.268365 0.0461344 0.00223201 0.0795851 420.529 177118 0.867074
0.749 0.395034 0.268266 0.0460516 0.00222415 0.0795174 420.48 177076 0.866989
0.748 0.394766 0.268168 0.0459688 0.00221631 0.0794498 420.431 177035 0.866903
0.747 0.394498 0.26807 0.0458863 0.0022085 0.0793824 420.383 176994 0.866816
0.746 0.39423 0.267973 0.0458038 0.00220071 0.0793152 420.335 176953 0.866729
0.745 0.393962 0.267878 0.0457215 0.00219295 0.0792481 420.287 176913 0.866641
0.744 0.393695 0.267783 0.0456393 0.00218522 0.0791812 420.24 176872 0.866553
0.743 0.393427 0.267689 0.0455572 0.00217751 0.0791144 420.193 176832 0.866465
0.742 0.39316 0.267595 0.0454753 0.00216983 0.0790478 420.146 176792 0.866376
0.741 0.392892 0.267503 0.0453934 0.00216217 0.0789813 420.099 176753 0.866286
0.74 0.392625 0.267411 0.0453117 0.00215454 0.078915 420.052 176713 0.866197
0.739 0.392358 0.26732 0.0452302 0.00214693 0.0788489 420.006 176674 0.866107
0.738 0.392091 0.26723 0.0451488 0.00213935 0.0787829 419.96 176634 0.866017
0.737 0.391823 0.267141 0.0450675 0.00213179 0.0787171 419.914 176595 0.865927
0.736 0.391557 0.267052 0.0449863 0.00212426 0.0786515 419.868 176557 0.865836
0.735 0.39129 0.266964 0.0449052 0.00211676 0.078586 419.823 176518 0.865745
0.734 0.391023 0.266877 0.0448243 0.00210928 0.0785207 419.777 176480 0.865654
0.733 0.390756 0.266791 0.0447435 0.00210182 0.0784555 419.732 176442 0.865563
0.732 0.39049 0.266705 0.0446629 0.00209439 0.0783906 419.688 176404 0.865472
0.731 0.390223 0.26662 0.0445823 0.00208699 0.0783258 419.643 176366 0.865381
0.73 0.389957 0.266535 0.0445019 0.00207961 0.0782611 419.599 176328 0.86529
0.729 0.38969 0.266452 0.0444217 0.00207225 0.0781966 419.555 176291 0.865199
0.728 0.389424 0.266368 0.0443415 0.00206492 0.0781323 419.511 176254 0.865108
0.727 0.389158 0.266286 0.0442615 0.00205761 0.0780682 419.468 176217 0.865017
0.726 0.388892 0.266204 0.0441816 0.00205033 0.0780042 419.424 176180 0.864926
0.725 0.388626 0.266123 0.0441019 0.00204308 0.0779404 419.381 176144 0.864836
0.724 0.38836 0.266043 0.0440222 0.00203584 0.0778768 419.339 176107 0.864745
0.723 0.388094 0.265963 0.0439427 0.00202864 0.0778133 419.296 176071 0.864655
0.722 0.387828 0.265883 0.0438634 0.00202145 0.07775 419.254 176035 0.864565
0.721 0.387562 0.265805 0.0437841 0.00201429 0.0776869 419.212 176000 0.864475
0.72 0.387297 0.265726 0.043705 0.00200716 0.0776239 419.17 175964 0.864386
0.719 0.387031 0.265649 0.0436261 0.00200005 0.0775612 419.128 175929 0.864297
0.718 0.386766 0.265572 0.0435472 0.00199296 0.0774986 419.087 175894 0.864208
0.717 0.3865 0.265496 0.0434685 0.0019859 0.0774362 419.046 175859 0.86412
0.716 0.386235 0.26542 0.0433899 0.00197886 0.0773739 419.005 175824 0.864032
0.715 0.38597 0.265344 0.0433115 0.00197185 0.0773119 418.964 175790 0.863945
0.714 0.385705 0.26527 0.0432331 0.00196486 0.07725 418.924 175756 0.863858
0.713 0.385439 0.265196 0.0431549 0.0019579 0.0771883 418.884 175722 0.863772
0.712 0.385174 0.265122 0.0430769 0.00195096 0.0771267 418.844 175688 0.863687
0.711 0.384909 0.265049 0.042999 0.00194404 0.0770654 418.804 175654 0.863602
0.71 0.384645 0.264976 0.0429212 0.00193714 0.0770043 418.765 175621 0.863518
0.709 0.38438 0.264904 0.0428435 0.00193027 0.0769433 418.726 175588 0.863434
0.708 0.384115 0.264833 0.042766 0.00192343 0.0768825 418.687 175555 0.863352
0.707 0.38385 0.264762 0.0426886 0.00191661 0.0768219 418.649 175522 0.86327
0.706 0.383586 0.264692 0.0426113 0.00190981 0.0767615 418.61 175490 0.863189
0.705 0.383321 0.264622 0.0425342 0.00190303 0.0767013 418.572 175457 0.863109
0.704 0.383057 0.264553 0.0424572 0.00189628 0.0766413 418.534 175425 0.86303
0.703 0.382792 0.264484 0.0423803 0.00188955 0.0765815 418.497 175393 0.862952
0.702 0.382528 0.264416 0.0423035 0.00188285 0.0765219 418.459 175362 0.862875
0.701 0.382264 0.264349 0.0422269 0.00187617 0.0764624 418.422 175330 0.862799
0.7 0.382 0.264282 0.0421505 0.00186951 0.0764032 418.385 175299 0.862724
0.699 0.381736 0.264215 0.0420741 0.00186288 0.0763442 418.349 175268 0.86265
0.698 0.381472 0.26415 0.0419979 0.00185627 0.0762854 418.313 175237 0.862577
0.697 0.381208 0.264084 0.0419218 0.00184968 0.0762268 418.277 175207 0.862506
0.696 0.380944 0.26402 0.0418459 0.00184312 0.0761684 418.241 175176 0.862435
0.695 0.38068 0.263956 0.0417701 0.00183658 0.0761102 418.205 175146 0.862367
0.694 0.380416 0.263893 0.0416944 0.00183006 0.0760523 418.17 175116 0.862299
0.693 0.380152 0.26383 0.0416189 0.00182356 0.0759945 418.135 175087 0.862233
0.692 0.379889 0.263768 0.0415435 0.00181709 0.075937 418.1 175057 0.862168
0.691 0.379625 0.263706 0.0414682 0.00181064 0.0758797 418.066 175028 0.862105
0.69 0.379361 0.263646 0.0413931 0.00180422 0.0758227 418.031 174999 0.862043
0.689 0.379098 0.263586 0.0413181 0.00179781 0.0757658 417.998 174970 0.861983
0.688 0.378835 0.263526 0.0412432 0.00179143 0.0757092 417.964 174942 0.861924
0.687 0.378571 0.263468 0.0411685 0.00178508 0.0756529 417.93 174913 0.861867
0.686 0.378308 0.26341 0.0410939 0.00177874 0.0755967 417.897 174885 0.861812
0.685 0.378045 0.263353 0.0410194 0.00177243 0.0755408 417.864 174857 0.861758
0.684 0.377781 0.263296 0.0409451 0.00176614 0.0754852 417.832 174830 0.861706
0.683 0.377518 0.263241 0.0408709 0.00175987 0.0754298 417.799 174802 0.861656
0.682 0.377255 0.263186 0.0407969 0.00175363 0.0753747 417.767 174775 0.861608
0.681 0.376992 0.263132 0.0407229 0.00174741 0.0753198 417.735 174748 0.861561
0.68 0.376729 0.263079 0.0406492 0.00174121 0.0752652 417.704 174721 0.861517
0.679 0.376466 0.263027 0.0405755 0.00173503 0.0752108 417.672 174695 0.861474
0.678 0.376203 0.262976 0.040502 0.00172888 0.0751567 417.641 174668 0.861433
0.677 0.37594 0.262925 0.0404286 0.00172275 0.0751029 417.611 174642 0.861395
0.676 0.375678 0.262876 0.0403554 0.00171664 0.0750494 417.58 174616 0.861358
0.675 0.375415 0.262827 0.0402823 0.00171055 0.0749961 417.55 174591 0.861324
0.674 0.375152 0.26278 0.0402093 0.00170448 0.0749431 417.52 174565 0.861291
0.673 0.37489 0.262733 0.0401365 0.00169844 0.0748904 417.49 174540 0.861261
0.672 0.374627 0.262688 0.0400638 0.00169242 0.074838 417.461 174515 0.861233
0.671 0.374364 0.262643 0.0399913 0.00168642 0.0747858 417.432 174491 0.861207
0.67 0.374102 0.2626 0.0399188 0.00168044 0.074734 417.403 174466 0.861184
0.669 0.373839 0.262557 0.0398466 0.00167449 0.0746825 417.374 174442 0.861163
0.668 0.373577 0.262516 0.0397744 0.00166856 0.0746313 417.346 174418 0.861144
0.667 0.373315 0.262476 0.0397024 0.00166265 0.0745803 417.318 174394 0.861127
0.666 0.373052 0.262437 0.0396306 0.00165676 0.0745297 417.29 174371 0.861113
0.665 0.37279 0.2624 0.0395588 0.00165089 0.0744794 417.263 174347 0.861101
0.664 0.372528 0.262363 0.0394872 0.00164504 0.0744294 417.236 174324 0.861092
0.663 0.372265 0.262328 0.0394158 0.00163922 0.0743798 417.209 174301 0.861085
0.662 0.372003 0.262294 0.0393445 0.00163342 0.0743304 417.182 174279 0.86108
0.661 0.371741 0.262262 0.0392733 0.00162764 0.0742814 417.156 174256 0.861078
0.66 0.371479 0.26223 0.0392023 0.00162188 0.0742327 417.13 174234 0.861079
0.659 0.371217 0.2622 0.0391314 0.00161614 0.0741844 417.104 174212 0.861082
0.658 0.370955 0.262172 0.0390606 0.00161042 0.0741363 417.079 174191 0.861088
0.657 0.370692 0.262145 0.03899 0.00160473 0.0740887 417.053 174169 0.861096
0.656 0.37043 0.262119 0.0389195 0.00159905 0.0740413 417.029 174148 0.861107
0.655 0.370168 0.262095 0.0388492 0.0015934 0.0739943 417.004 174127 0.86112
0.654 0.369906 0.262072 0.038779 0.00158777 0.0739477 416.98 174107 0.861137
0.653 0.369644 0.262051 0.0387089 0.00158216 0.0739014 416.956 174086 0.861155
0.652 0.369382 0.262031 0.038639 0.00157657 0.0738554 416.932 174066 0.861177
0.651 0.36912 0.262012 0.0385692 0.001571 0.0738098 416.908 174046 0.861201
0.65 0.368859 0.261996 0.0384995 0.00156546 0.0737646 416.885 174027 0.861228
0.649 0.368597 0.261981 0.03843 0.00155993 0.0737197 416.862 174007 0.861257
0.648 0.368335 0.261967 0.0383607 0.00155443 0.0736752 416.84 173988 0.861289
0.647 0.368073 0.261955 0.0382914 0.00154894 0.073631 416.818 173969 0.861324
0.646 0.367811 0.261945 0.0382224 0.00154348 0.0735873 416.796 173951 0.861361
0.645 0.367549 0.261936 0.0381534 0.00153804 0.0735438 416.774 173932 0.861401
0.644 0.367287 0.261929 0.0380846 0.00153261 0.0735008 416.753 173914 0.861444
0.643 0.367025 0.261924 0.0380159 0.00152721 0.0734581 416.732 173896 0.86149
0.642 0.366763 0.26192 0.0379474 0.00152183 0.0734158 416.711 173878 0.861538
0.641 0.366502 0.261918 0.037879 0.00151647 0.0733738 416.69 173861 0.861589
0.64 0.36624 0.261918 0.0378108 0.00151114 0.0733322 416.67 173844 0.861642
0.639 0.365978 0.26192 0.0377427 0.00150582 0.073291 416.65 173827 0.861698
0.638 0.365716 0.261923 0.0376747 0.00150052 0.0732502 416.631 173810 0.861757
0.637 0.365454 0.261928 0.0376069 0.00149524 0.0732097 416.612 173794 0.861818
0.636 0.365192 0.261935 0.0375392 0.00148999 0.0731697 416.593 173778 0.861882
0.635 0.36493 0.261944 0.0374717 0.00148475 0.0731299 416.574 173762 0.861949
0.634 0.364668 0.261954 0.0374043 0.00147953 0.0730906 416.556 173747 0.862018
0.633 0.364406 0.261966 0.0373371 0.00147434 0.0730516 416.538 173731 0.862089
0.632 0.364144 0.26198 0.03727 0.00146916 0.073013 416.52 173716 0.862163
0.631 0.363882 0.261996 0.037203 0.00146401 0.0729748 416.503 173701 0.86224
0.63 0.36362 0.262013 0.0371362 0.00145887 0.072937 416.486 173687 0.862319
0.629 0.363358 0.262033 0.0370695 0.00145375 0.0728995 416.469 173673 0.8624
0.628 0.363096 0.262054 0.0370029 0.00144866 0.0728624 416.453 173659 0.862484
0.627 0.362834 0.262077 0.0369366 0.00144358 0.0728256 416.437 173645 0.86257
0.626 0.362572 0.262102 0.0368703 0.00143853 0.0727892 416.421 173631 0.862658
0.625 0.36231 0.262128 0.0368042 0.00143349 0.0727532 416.406 173618 0.862749
0.624 0.362048 0.262157 0.0367382 0.00142848 0.0727175 416.391 173605 0.862841
0.623 0.361786 0.262187 0.0366724 0.00142348 0.0726822 416.376 173593 0.862936
0.622 0.361524 0.262219 0.0366068 0.0014185 0.0726473 416.361 173580 0.863033
0.621 0.361261 0.262252 0.0365412 0.00141355 0.0726127 416.347 173568 0.863132
0.62 0.360999 0.262288 0.0364758 0.00140861 0.0725785 416.334 173556 0.863233
0.619 0.360737 0.262325 0.0364106 0.00140369 0.0725446 416.32 173545 0.863336
0.618 0.360474 0.262364 0.0363455 0.00139879 0.0725111 416.307 173534 0.863441
0.617 0.360212 0.262405 0.0362806 0.00139392 0.0724779 416.294 173523 0.863547
0.616 0.359949 0.262448 0.0362158 0.00138906 0.072445 416.282 173512 0.863656
0.615 0.359687 0.262492 0.0361511 0.00138422 0.0724125 416.27 173502 0.863766
0.614 0.359424 0.262538 0.0360866 0.0013794 0.0723803 416.258 173492 0.863877
0.613 0.359162 0.262586 0.0360222 0.0013746 0.0723485 416.247 173482 0.863991
0.612 0.358899 0.262635 0.035958 0.00136982 0.072317 416.236 173472 0.864105
0.611 0.358636 0.262687 0.035894 0.00136505 0.0722858 416.225 173463 0.864221
0.61 0.358374 0.26274 0.03583 0.00136031 0.0722549 416.214 173454 0.864339
0.609 0.358111 0.262794 0.0357663 0.00135559 0.0722243 416.204 173445 0.864458
0.608 0.357848 0.26285 0.0357027 0.00135088 0.0721941 416.195 173437 0.864577
0.607 0.357585 0.262908 0.0356392 0.0013462 0.0721641 416.185 173429 0.864699
0.606 0.357322 0.262968 0.0355759 0.00134153 0.0721345 416.176 173421 0.864821
0.605 0.357059 0.263029 0.0355127 0.00133689 0.0721051 416.168 173413 0.864944
0.604 0.356796 0.263092 0.0354497 0.00133226 0.0720761 416.159 173406 0.865067
0.603 0.356533 0.263157 0.0353868 0.00132765 0.0720473 416.151 173399 0.865192
0.602 0.356269 0.263223 0.0353241 0.00132306 0.0720189 416.144 173393 0.865317
0.601 0.356006 0.26329 0.0352615 0.00131849 0.0719907 416.137 173386 0.865443
0.6 0.355742 0.26336 0.0351991 0.00131394 0.0719628 416.13 173380 0.86557
0.599 0.355479 0.26343 0.0351368 0.0013094 0.0719351 416.123 173374 0.865697
0.598 0.355215 0.263503 0.0350747 0.00130489 0.0719077 416.117 173369 0.865824
0.597 0.354952 0.263577 0.0350127 0.00130039 0.0718806 416.111 173364 0.865951
0.596 0.354688 0.263652 0.0349509 0.00129591 0.0718538 416.106 173359 0.866079
0.595 0.354424 0.26373 0.0348892 0.00129145 0.0718272 416.101 173354 0.866207
0.594 0.35416 0.263808 0.0348277 0.00128701 0.0718008 416.096 173350 0.866334
0.593 0.353896 0.263889 0.0347663 0.00128259 0.0717747 416.092 173346 0.866462
0.592 0.353632 0.26397 0.0347051 0.00127819 0.0717488 416.088 173342 0.866589
0.591 0.353368 0.264054 0.0346441 0.0012738 0.0717231 416.084 173339 0.866716
0.59 0.353104 0.264139 0.0345832 0.00126944 0.0716977 416.081 173336 0.866843
0.589 0.35284 0.264225 0.0345225 0.00126509 0.0716725 416.078 173333 0.866969
0.588 0.352575 0.264313 0.0344619 0.00126076 0.0716475 416.075 173331 0.867094
0.587 0.352311 0.264402 0.0344014 0.00125645 0.0716228 416.073 173329 0.867219
0.586 0.352046 0.264494 0.0343411 0.00125216 0.0715982 416.071 173327 0.867343
0.585 0.351782 0.264586 0.034281 0.00124788 0.0715739 416.07 173325 0.867466
0.584 0.351517 0.26468 0.0342211 0.00124362 0.0715497 416.069 173324 0.867589
0.583 0.351252 0.264776 0.0341612 0.00123939 0.0715258 416.068 173323 0.86771
0.582 0.350987 0.264874 0.0341016 0.00123517 0.071502 416.068 173323 0.86783
0.581 0.350722 0.264973 0.0340421 0.00123096 0.0714784 416.068 173322 0.867949
0.58 0.350457 0.265073 0.0339828 0.00122678 0.071455 416.069 173323 0.868066
0.579 0.350191 0.265175 0.0339236 0.00122261 0.0714318 416.069 173323 0.868183
0.578 0.349926 0.265279 0.0338645 0.00121846 0.0714088 416.071 173324 0.868298
0.577 0.349661 0.265385 0.0338057 0.00121433 0.0713859 416.072 173325 0.868411
0.576 0.349395 0.265492 0.033747 0.00121022 0.0713632 416.074 173326 0.868523
0.575 0.349129 0.265601 0.0336884 0.00120613 0.0713407 416.077 173328 0.868633
0.574 0.348863 0.265712 0.03363 0.00120205 0.0713183 416.079 173329 0.868741
0.573 0.348597 0.265824 0.0335718 0.00119799 0.0712961 416.082 173332 0.868848
0.572 0.348331 0.265938 0.0335137 0.00119395 0.0712741 416.086 173334 0.868953
0.571 0.348065 0.266054 0.0334558 0.00118992 0.0712522 416.09 173337 0.869055
0.57 0.347799 0.266172 0.033398 0.00118592 0.0712304 416.094 173340 0.869156
0.569 0.347532 0.266292 0.0333404 0.00118193 0.0712088 416.099 173344 0.869255
0.568 0.347266 0.266413 0.033283 0.00117795 0.0711874 416.104 173348 0.869352
0.567 0.346999 0.266537 0.0332257 0.001174 0.0711661 416.109 173352 0.869447
0.566 0.346732 0.266663 0.0331686 0.00117006 0.071145 416.115 173356 0.86954
0.565 0.346466 0.26679 0.0331116 0.00116614 0.071124 416.121 173361 0.86963
0.564 0.346198 0.26692 0.0330548 0.00116224 0.0711031 416.128 173366 0.869718
0.563 0.345931 0.267051 0.0329982 0.00115836 0.0710824 416.135 173372 0.869804
0.562 0.345664 0.267185 0.0329417 0.00115449 0.0710618 416.142 173378 0.869888
0.561 0.345397 0.267321 0.0328854 0.00115064 0.0710414 416.15 173384 0.86997
0.56 0.345129 0.267459 0.0328292 0.0011468 0.0710211 416.158 173390 0.870049
0.559 0.344861 0.267599 0.0327732 0.00114299 0.0710009 416.166 173397 0.870127
0.558 0.344593 0.267742 0.0327174 0.00113919 0.070981 416.175 173404 0.870202
0.557 0.344325 0.267887 0.0326617 0.00113541 0.0709611 416.185 173411 0.870274
0.556 0.344057 0.268035 0.0326062 0.00113164 0.0709414 416.194 173419 0.870345
0.555 0.343789 0.268184 0.0325508 0.00112789 0.0709219 416.205 173427 0.870413
0.554 0.34352 0.268337 0.0324956 0.00112416 0.0709025 416.215 173436 0.87048
0.553 0.343252 0.268491 0.0324406 0.00112044 0.0708832 416.226 173444 0.870544
0.552 0.342983 0.268649 0.0323857 0.00111675 0.0708642 416.237 173453 0.870606
0.551 0.342714 0.268809 0.032331 0.00111306 0.0708452 416.249 173463 0.870666
0.55 0.342445 0.268971 0.0322764 0.0011094 0.0708265 416.261 173473 0.870724
0.549 0.342176 0.269137 0.0322221 0.00110575 0.0708079 416.273 173483 0.87078
0.548 0.341906 0.269305 0.0321678 0.00110212 0.0707895 416.286 173493 0.870834
0.547 0.341637 0.269476 0.0321138 0.0010985 0.0707713 416.3 173504 0.870887
0.546 0.341367 0.269649 0.0320599 0.0010949 0.0707533 416.313 173515 0.870937
0.545 0.341097 0.269826 0.0320061 0.00109132 0.0707354 416.327 173526 0.870987
0.544 0.340827 0.270006 0.0319526 0.00108775 0.0707178 416.342 173538 0.871034
0.543 0.340556 0.270188 0.0318991 0.00108421 0.0707004 416.357 173550 0.871081
0.542 0.340286 0.270374 0.0318459 0.00108067 0.0706831 416.372 173562 0.871126
0.541 0.340015 0.270563 0.0317928 0.00107715 0.0706661 416.388 173575 0.871169
0.54 0.339744 0.270755 0.0317399 0.00107365 0.0706494 416.404 173588 0.871212
0.539 0.339473 0.27095 0.0316871 0.00107017 0.0706328 416.421 173602 0.871254
0.538 0.339202 0.271148 0.0316345 0.0010667 0.0706166 416.438 173615 0.871295
0.537 0.338931 0.27135 0.0315821 0.00106325 0.0706005 416.455 173630 0.871335
0.536 0.338659 0.271555 0.0315298 0.00105981 0.0705848 416.473 173644 0.871375
0.535 0.338387 0.271763 0.0314777 0.00105639 0.0705693 416.491 173659 0.871414
0.534 0.338115 0.271975 0.0314257 0.00105299 0.0705541 416.509 173674 0.871453
0.533 0.337843 0.27219 0.0313739 0.0010496 0.0705391 416.529 173689 0.871492
0.532 0.33757 0.272409 0.0313223 0.00104622 0.0705245 416.548 173705 0.87153
0.531 0.337298 0.272631 0.0312708 0.00104287 0.0705103 416.568 173722 0.871569
0.53 0.337025 0.272857 0.0312195 0.00103953 0.0704963 416.588 173738 0.871609
0.529 0.336751 0.273087 0.0311684 0.0010362 0.0704827 416.609 173755 0.871649
0.528 0.336478 0.27332 0.0311174 0.00103289 0.0704694 416.63 173772 0.87169
0.527 0.336204 0.273557 0.0310666 0.0010296 0.0704565 416.652 173790 0.871731
0.526 0.335931 0.273797 0.031016 0.00102632 0.070444 416.674 173808 0.871774
0.525 0.335656 0.274042 0.0309655 0.00102306 0.0704319 416.696 173826 0.871818
0.524 0.335382 0.27429 0.0309152 0.00101981 0.0704202 416.719 173845 0.871863
0.523 0.335108 0.274542 0.030865 0.00101658 0.0704089 416.742 173864 0.87191
0.522 0.334833 0.274798 0.030815 0.00101336 0.0703981 416.766 173884 0.871959
0.521 0.334558 0.275058 0.0307652 0.00101016 0.0703877 416.79 173903 0.872009
0.52 0.334282 0.275322 0.0307155 0.00100698 0.0703778 416.815 173924 0.872062
0.519 0.334007 0.275591 0.030666 0.00100381 0.0703683 416.84 173944 0.872118
0.518 0.333731 0.275863 0.0306167 0.00100066 0.0703594 416.865 173965 0.872176
0.517 0.333455 0.276139 0.0305675 0.000997518 0.0703509 416.891 173986 0.872236
0.516 0.333178 0.276419 0.0305185 0.000994395 0.070343 416.918 174008 0.8723
0.515 0.332901 0.276704 0.0304697 0.000991288 0.0703356 416.945 174030 0.872366
0.514 0.332624 0.276992 0.030421 0.000988195 0.0703288 416.972 174053 0.872436
0.513 0.332347 0.277285 0.0303725 0.000985119 0.0703226 417 174075 0.87251
0.512 0.33207 0.277582 0.0303241 0.000982057 0.0703169 417.028 174099 0.872587
0.511 0.331792 0.277884 0.030276 0.000979011 0.0703118 417.057 174122 0.872668
0.51 0.331514 0.278189 0.0302279 0.00097598 0.0703074 417.086 174146 0.872753
0.509 0.331235 0.278499 0.0301801 0.000972964 0.0703036 417.116 174171 0.872842
0.508 0.330956 0.278814 0.0301324 0.000969963 0.0703005 417.146 174195 0.872935
0.507 0.330677 0.279133 0.0300849 0.000966978 0.070298 417.176 174221 0.873033
0.506 0.330398 0.279456 0.0300375 0.000964007 0.0702962 417.207 174246 0.873135
0.505 0.330118 0.279784 0.0299904 0.000961052 0.070295 417.239 174272 0.873243
0.504 0.329838 0.280116 0.0299433 0.000958112 0.0702946 417.271 174299 0.873355
0.503 0.329558 0.280452 0.0298965 0.000955186 0.0702949 417.303 174325 0.873472
0.502 0.329277 0.280793 0.0298498 0.000952276 0.070296 417.336 174353 0.873594
0.501 0.328996 0.281139 0.0298033 0.000949381 0.0702978 417.37 174380 0.873721
0.5 0.328714 0.281489 0.029757 0.000946501 0.0703003 417.404 174408 0.873854
0.499 0.328433 0.281844 0.0297108 0.000943636 0.0703036 417.438 174437 0.873993
0.498 0.328151 0.282204 0.0296648 0.000940786 0.0703077 417.473 174465 0.874136
0.497 0.327868 0.282568 0.0296189 0.000937951 0.0703126 417.508 174495 0.874286
0.496 0.327585 0.282936 0.0295733 0.00093513 0.0703183 417.544 174524 0.874441
0.495 0.327302 0.28331 0.0295278 0.000932325 0.0703248 417.581 174554 0.874601
0.494 0.327019 0.283688 0.0294824 0.000929534 0.0703322 417.618 174585 0.874768
0.493 0.326735 0.28407 0.0294373 0.000926758 0.0703404 417.655 174616 0.87494
0.492 0.32645 0.284458 0.0293923 0.000923997 0.0703494 417.693 174647 0.875118
0.491 0.326166 0.28485 0.0293475 0.000921251 0.0703593 417.731 174679 0.875302
0.49 0.325881 0.285246 0.0293028 0.00091852 0.07037 417.77 174711 0.875491
0.489 0.325595 0.285648 0.0292584 0.000915803 0.0703816 417.81 174744 0.875686
0.488 0.325309 0.286054 0.0292141 0.000913101 0.0703941 417.85 174777 0.875887
0.487 0.325023 0.286465 0.0291699 0.000910414 0.0704074 417.89 174810 0.876094
0.486 0.324736 0.28688 0.029126 0.000907741 0.0704217 417.931 174844 0.876306
0.485 0.324449 0.2873 0.0290822 0.000905083 0.0704368 417.973 174879 0.876524
0.484 0.324162 0.287725 0.0290386 0.00090244 0.0704528 418.015 174914 0.876747
0.483 0.323874 0.288154 0.0289952 0.000899811 0.0704697 418.057 174949 0.876975
0.482 0.323585 0.288588 0.0289519 0.000897197 0.0704875 418.1 174985 0.877208
0.481 0.323296 0.289026 0.0289088 0.000894598 0.0705062 418.144 175021 0.877447
0.48 0.323007 0.289469 0.0288659 0.000892013 0.0705257 418.188 175057 0.877691
0.479 0.322718 0.289917 0.0288232 0.000889443 0.0705462 418.232 175094 0.877939
0.478 0.322427 0.290369 0.0287806 0.000886887 0.0705676 418.278 175132 0.878192
0.477 0.322137 0.290825 0.0287383 0.000884345 0.0705898 418.323 175170 0.878449
0.476 0.321846 0.291286 0.0286961 0.000881818 0.070613 418.37 175208 0.878711
0.475 0.321554 0.291751 0.0286541 0.000879306 0.070637 418.416 175247 0.878976
0.474 0.321262 0.29222 0.0286122 0.000876808 0.0706619 418.464 175286 0.879245
0.473 0.32097 0.292694 0.0285706 0.000874324 0.0706877 418.511 175326 0.879518
0.472 0.320677 0.293172 0.0285291 0.000871854 0.0707144 418.56 175366 0.879794
0.471 0.320384 0.293654 0.0284878 0.000869399 0.0707419 418.609 175407 0.880073
0.47 0.32009 0.29414 0.0284466 0.000866958 0.0707703 418.658 175448 0.880355
0.469 0.319796 0.29463 0.0284057 0.000864532 0.0707996 418.708 175489 0.88064
0.468 0.319501 0.295124 0.0283649 0.000862119 0.0708297 418.758 175531 0.880926
0.467 0.319205 0.295622 0.0283244 0.000859721 0.0708607 418.809 175574 0.881215
0.466 0.31891 0.296123 0.028284 0.000857337 0.0708925 418.861 175617 0.881505
0.465 0.318613 0.296628 0.0282438 0.000854967 0.0709252 418.913 175660 0.881797
0.464 0.318317 0.297137 0.0282037 0.000852612 0.0709586 418.966 175704 0.882089
0.463 0.318019 0.297649 0.0281639 0.00085027 0.0709929 419.019 175748 0.882383
0.462 0.317721 0.298165 0.0281242 0.000847942 0.0710281 419.072 175793 0.882676
0.461 0.317423 0.298684 0.0280847 0.000845629 0.071064 419.127 175838 0.88297
0.46 0.317124 0.299206 0.0280454 0.000843329 0.0711007 419.181 175883 0.883264
0.459 0.316825 0.299731 0.0280063 0.000841043 0.0711382 419.237 175929 0.883557
0.458 0.316525 0.300259 0.0279674 0.000838771 0.0711765 419.292 175976 0.88385
0.457 0.316225 0.30079 0.0279287 0.000836512 0.0712156 419.349 176023 0.884141
0.456 0.315924 0.301324 0.0278901 0.000834268 0.0712555 419.406 176070 0.884431
0.455 0.315622 0.30186 0.0278517 0.000832037 0.0712961 419.463 176118 0.884719
0.454 0.31532 0.3024 0.0278135 0.00082982 0.0713375 419.521 176166 0.885005
0.453 0.315018 0.302941 0.0277755 0.000827616 0.0713796 419.579 176215 0.885289
0.452 0.314715 0.303485 0.0277377 0.000825426 0.0714226 419.638 176264 0.885571
0.451 0.314411 0.304031 0.0277 0.000823249 0.0714662 419.698 176314 0.88585
0.45 0.314107 0.304579 0.0276626 0.000821086 0.0715106 419.758 176364 0.886125
0.449 0.313802 0.305129 0.0276253 0.000818936 0.0715558 419.819 176415 0.886398
0.448 0.313497 0.305682 0.0275882 0.000816799 0.0716016 419.88 176466 0.886667
0.447 0.313191 0.306236 0.0275513 0.000814675 0.0716483 419.941 176517 0.886932
0.446 0.312885 0.306791 0.0275145 0.000812564 0.0716956 420.003 176569 0.887194
0.445 0.312578 0.307349 0.027478 0.000810467 0.0717437 420.066 176621 0.887452
0.444 0.31227 0.307908 0.0274416 0.000808382 0.0717926 420.129 176674 0.887705
0.443 0.311962 0.308468 0.0274054 0.00080631 0.0718422 420.193 176727 0.887955
0.442 0.311654 0.30903 0.0273694 0.000804251 0.0718925 420.257 176781 0.8882
0.441 0.311344 0.309594 0.0273336 0.000802205 0.0719435 420.322 176835 0.888441
0.44 0.311035 0.310158 0.0272979 0.000800171 0.0719953 420.387 176890 0.888678
0.439 0.310724 0.310724 0.0272624 0.00079815 0.0720479 420.453 176945 0.888911
0.438 0.310414 0.311291 0.0272271 0.000796141 0.0721012 420.519 177000 0.889139
0.437 0.310102 0.311859 0.0271919 0.000794144 0.0721553 420.586 177056 0.889364
0.436 0.30979 0.312428 0.027157 0.00079216 0.0722101 420.654 177113 0.889584
0.435 0.309478 0.312998 0.0271222 0.000790188 0.0722657 420.721 177169 0.889801
0.434 0.309165 0.313569 0.0270875 0.000788228 0.0723221 420.79 177227 0.890013
0.433 0.308851 0.314141 0.0270531 0.00078628 0.0723793 420.859 177284 0.890223
0.432 0.308537 0.314714 0.0270188 0.000784343 0.0724372 420.928 177342 0.890429
0.431 0.308222 0.315288 0.0269847 0.000782419 0.072496 420.998 177401 0.890632
0.43 0.307907 0.315864 0.0269507 0.000780506 0.0725556 421.069 177460 0.890832
0.429 0.307591 0.31644 0.0269169 0.000778605 0.072616 421.14 177520 0.89103
0.428 0.307274 0.317017 0.0268833 0.000776716 0.0726773 421.211 177579 0.891226
0.427 0.306957 0.317595 0.0268498 0.000774837 0.0727394 421.283 177640 0.891421
0.426 0.306639 0.318175 0.0268166 0.000772971 0.0728024 421.356 177701 0.891615
0.425 0.306321 0.318756 0.0267834 0.000771116 0.0728662 421.429 177762 0.891808
0.424 0.306002 0.319338 0.0267504 0.000769272 0.072931 421.503 177824 0.892001
0.423 0.305683 0.319921 0.0267176 0.000767439 0.0729966 421.577 177886 0.892194
0.422 0.305363 0.320507 0.026685 0.000765617 0.0730632 421.652 177949 0.892389
0.421 0.305042 0.321093 0.0266525 0.000763807 0.0731307 421.727 178012 0.892585
0.42 0.304721 0.321682 0.0266202 0.000762008 0.0731991 421.803 178076 0.892784
0.419 0.3044 0.322273 0.026588 0.00076022 0.0732685 421.879 178140 0.892985
0.418 0.304077 0.322865 0.026556 0.000758443 0.073339 421.956 178204 0.89319
0.417 0.303754 0.32346 0.0265242 0.000756677 0.0734104 422.034 178270 0.8934
0.416 0.303431 0.324058 0.0264925 0.000754922 0.0734828 422.112 178335 0.893615
0.415 0.303107 0.324658 0.0264609 0.000753178 0.0735563 422.19 178401 0.893836
0.414 0.302782 0.325261 0.0264296 0.000751446 0.0736308 422.27 178468 0.894063
0.413 0.302457 0.325868 0.0263984 0.000749724 0.0737064 422.349 178535 0.894298
0.412 0.302131 0.326478 0.0263674 0.000748014 0.0737831 422.43 178603 0.894541
0.411 0.301804 0.327091 0.0263365 0.000746316 0.0738608 422.511 178671 0.894793
0.41 0.301477 0.327709 0.0263058 0.000744628 0.0739398 422.592 178739 0.895056
0.409 0.301149 0.328331 0.0262753 0.000742953 0.0740199 422.675 178809 0.895328
0.408 0.300821 0.328958 0.026245 0.000741288 0.0741011 422.758 178878 0.895613
0.407 0.300492 0.32959 0.0262148 0.000739636 0.0741835 422.841 178949 0.895909
0.406 0.300162 0.330227 0.0261849 0.000737995 0.0742672 422.925 179020 0.896219
0.405 0.299832 0.330869 0.0261551 0.000736367 0.0743521 423.01 179091 0.896543
0.404 0.299501 0.331518 0.0261255 0.000734751 0.0744382 423.096 179163 0.896882
0.403 0.29917 0.332173 0.0260961 0.000733147 0.0745256 423.182 179236 0.897236
0.402 0.298837 0.332836 0.0260669 0.000731555 0.0746143 423.268 179309 0.897607
0.401 0.298505 0.333505 0.0260378 0.000729977 0.0747043 423.356 179383 0.897994
0.4 0.298171 0.334182 0.026009 0.000728411 0.0747957 423.444 179457 0.8984
0.399 0.297837 0.334868 0.0259804 0.000726859 0.0748884 423.533 179532 0.898823
0.398 0.297502 0.335561 0.025952 0.00072532 0.0749825 423.623 179608 0.899266
0.397 0.297166 0.336264 0.0259239 0.000723794 0.075078 423.713 179684 0.899729
0.396 0.29683 0.336977 0.0258959 0.000722283 0.0751749 423.804 179761 0.900211
0.395 0.296493 0.337699 0.0258682 0.000720786 0.0752733 423.896 179839 0.900715
0.394 0.296155 0.338431 0.0258408 0.000719303 0.0753731 423.989 179917 0.901239
0.393 0.295817 0.339174 0.0258136 0.000717835 0.0754744 424.082 179996 0.901786
0.392 0.295477 0.339929 0.0257866 0.000716383 0.0755772 424.177 180076 0.902354
0.391 0.295137 0.340694 0.0257599 0.000714945 0.0756816 424.272 180156 0.902945
0.39 0.294797 0.341472 0.0257334 0.000713523 0.0757875 424.368 180237 0.903558
0.389 0.294455 0.342262 0.0257072 0.000712118 0.075895 424.464 180319 0.904193
0.388 0.294113 0.343065 0.0256813 0.000710728 0.0760041 424.562 180402 0.904852
0.387 0.293769 0.34388 0.0256557 0.000709356 0.0761148 424.66 180485 0.905533
0.386 0.293426 0.344709 0.0256304 0.000708 0.0762272 424.76 180569 0.906236
0.385 0.293081 0.345551 0.0256054 0.000706661 0.0763412 424.86 180654 0.906963
0.384 0.292735 0.346407 0.0255806 0.00070534 0.0764569 424.961 180740 0.907711
0.383 0.292388 0.347277 0.0255562 0.000704037 0.0765743 425.063 180827 0.908481
0.382 0.292041 0.348161 0.0255321 0.000702751 0.0766933 425.166 180914 0.909273
0.381 0.291693 0.34906 0.0255083 0.000701485 0.0768142 425.27 181002 0.910086
0.38 0.291344 0.349972 0.0254849 0.000700236 0.0769367 425.375 181091 0.910919
0.379 0.290993 0.350899 0.0254618 0.000699007 0.077061 425.481 181181 0.911772
0.378 0.290642 0.351839 0.025439 0.000697797 0.0771871 425.588 181272 0.912644
0.377 0.29029 0.352794 0.0254166 0.000696606 0.077315 425.696 181364 0.913534
0.376 0.289937 0.353763 0.0253945 0.000695435 0.0774447 425.805 181456 0.914441
0.375 0.289583 0.354745 0.0253728 0.000694283 0.0775762 425.915 181550 0.915364
0.374 0.289228 0.355741 0.0253514 0.000693152 0.0777095 426.026 181644 0.916302
0.373 0.288873 0.35675 0.0253304 0.00069204 0.0778447 426.138 181739 0.917253
0.372 0.288516 0.357771 0.0253098 0.000690949 0.0779817 426.251 181836 0.918217
0.371 0.288158 0.358804 0.0252895 0.000689878 0.0781206 426.365 181933 0.919192
0.37 0.287799 0.359849 0.0252697 0.000688828 0.0782613 426.48 182031 0.920177
0.369 0.287438 0.360905 0.0252502 0.000687798 0.0784039 426.597 182130 0.921169
0.368 0.287077 0.361971 0.025231 0.000686788 0.0785484 426.714 182230 0.922169
0.367 0.286715 0.363046 0.0252123 0.0006858 0.0786948 426.833 182331 0.923173
0.366 0.286352 0.36413 0.0251939 0.000684831 0.078843 426.952 182433 0.924181
0.365 0.285987 0.365222 0.0251759 0.000683883 0.0789932 427.073 182536 0.92519
0.364 0.285622 0.366321 0.0251583 0.000682956 0.0791453 427.195 182639 0.9262
0.363 0.285255 0.367426 0.0251411 0.000682049 0.0792993 427.318 182744 0.927208
0.362 0.284887 0.368536 0.0251242 0.000681162 0.0794552 427.442 182850 0.928213
0.361 0.284519 0.369651 0.0251077 0.000680295 0.079613 427.567 182957 0.929214
0.36 0.284149 0.370768 0.0250916 0.000679448 0.0797728 427.693 183065 0.930208
0.359 0.283777 0.371888 0.0250759 0.000678621 0.0799345 427.82 183173 0.931195
0.358 0.283405 0.373008 0.0250605 0.000677813 0.0800982 427.949 183283 0.932173
0.357 0.283032 0.374129 0.0250455 0.000677025 0.0802638 428.078 183394 0.933141
0.356 0.282657 0.375249 0.0250309 0.000676257 0.0804314 428.209 183505 0.934098
0.355 0.282282 0.376368 0.0250166 0.000675507 0.080601 428.341 183618 0.935043
0.354 0.281905 0.377484 0.0250027 0.000674775 0.0807725 428.473 183731 0.935974
0.353 0.281527 0.378597 0.0249891 0.000674063 0.0809461 428.607 183846 0.936892
0.352 0.281148 0.379705 0.0249759 0.000673368 0.0811217 428.742 183961 0.937796
0.351 0.280768 0.380809 0.024963 0.000672692 0.0812993 428.878 184078 0.938684
0.35 0.280387 0.381907 0.0249504 0.000672033 0.081479 429.015 184195 0.939559
0.349 0.280004 0.383 0.0249382 0.000671392 0.0816608 429.153 184313 0.940418
0.348 0.279621 0.384087 0.0249263 0.000670768 0.0818447 429.292 184432 0.941263
0.347 0.279236 0.385167 0.0249147 0.000670161 0.0820307 429.432 184552 0.942095
0.346 0.278851 0.386241 0.0249035 0.000669571 0.0822188 429.573 184673 0.942913
0.345 0.278464 0.387308 0.0248925 0.000668997 0.0824091 429.715 184795 0.94372
0.344 0.278076 0.388369 0.0248819 0.00066844 0.0826015 429.859 184918 0.944515
0.343 0.277687 0.389424 0.0248716 0.000667899 0.0827962 430.003 185042 0.945301
0.342 0.277297 0.390474 0.0248616 0.000667375 0.0829931 430.148 185166 0.946078
0.341 0.276906 0.391518 0.0248519 0.000666866 0.0831923 430.294 185292 0.94685
0.34 0.276514 0.392559 0.0248425 0.000666374 0.0833938 430.441 185418 0.947617
0.339 0.276121 0.393597 0.0248334 0.000665898 0.0835976 430.589 185545 0.948383
0.338 0.275727 0.394632 0.0248246 0.000665438 0.0838037 430.738 185673 0.949148
0.337 0.275331 0.395667 0.0248161 0.000664993 0.0840122 430.888 185802 0.949916
0.336 0.274935 0.396702 0.024808 0.000664565 0.0842231 431.039 185932 0.950689
0.335 0.274538 0.397739 0.0248001 0.000664154 0.0844364 431.191 186063 0.951469
0.334 0.274139 0.398779 0.0247926 0.000663758 0.0846521 431.344 186195 0.952259
0.333 0.27374 0.399824 0.0247854 0.00066338 0.0848702 431.498 186327 0.953062
0.332 0.27334 0.400877 0.0247785 0.000663018 0.0850908 431.653 186461 0.953879
0.331 0.272938 0.401938 0.0247719 0.000662673 0.0853139 431.808 186595 0.954714
0.33 0.272535 0.40301 0.0247657 0.000662346 0.0855394 431.965 186730 0.955568
0.329 0.272132 0.404094 0.0247598 0.000662036 0.0857675 432.123 186867 0.956443
0.328 0.271727 0.405192 0.0247543 0.000661745 0.0859981 432.282 187004 0.957342
0.327 0.271321 0.406307 0.0247491 0.000661472 0.0862311 432.442 187142 0.958267
0.326 0.270914 0.407441 0.0247443 0.000661219 0.0864667 432.604 187281 0.959218
0.325 0.270505 0.408594 0.0247399 0.000660984 0.0867048 432.766 187421 0.960197
0.324 0.270096 0.409769 0.0247359 0.00066077 0.0869454 432.929 187563 0.961205
0.323 0.269685 0.410968 0.0247322 0.000660576 0.0871885 433.094 187705 0.962242
0.322 0.269274 0.412193 0.024729 0.000660403 0.0874342 433.259 187848 0.963309
0.321 0.26886 0.413444 0.0247262 0.000660252 0.0876824 433.426 187992 0.964406
0.32 0.268446 0.414724 0.0247239 0.000660122 0.0879331 433.594 188138 0.965532
0.319 0.26803 0.416034 0.024722 0.000660016 0.0881864 433.764 188285 0.966686
0.318 0.267613 0.417375 0.0247205 0.000659932 0.0884423 433.934 188432 0.967868
0.317 0.267195 0.418748 0.0247195 0.000659872 0.0887008 434.106 188581 0.969076
0.316 0.266775 0.420154 0.024719 0.000659836 0.0889618 434.279 188732 0.970309
0.315 0.266354 0.421594 0.024719 0.000659824 0.0892256 434.454 188883 0.971564
0.314 0.265932 0.423068 0.0247195 0.000659838 0.0894921 434.63 189036 0.972839
0.313 0.265508 0.424577 0.0247204 0.000659877 0.0897614 434.807 189190 0.974132
0.312 0.265082 0.426122 0.0247219 0.000659942 0.0900336 434.986 189345 0.97544
0.311 0.264655 0.427701 0.0247239 0.000660034 0.0903087 435.166 189501 0.976762
0.31 0.264226 0.429316 0.0247265 0.000660152 0.0905869 435.347 189659 0.978093
0.309 0.263795 0.430966 0.0247295 0.000660298 0.0908683 435.53 189819 0.979432
0.308 0.263363 0.432651 0.0247332 0.000660471 0.0911531 435.715 189979 0.980775
0.307 0.26293 0.434369 0.0247373 0.000660672 0.0914415 435.901 190141 0.98212
0.306 0.262494 0.436122 0.024742 0.0006609 0.0917335 436.089 190304 0.983465
0.305 0.262057 0.437908 0.0247473 0.000661157 0.0920295 436.278 190469 0.984808
0.304 0.261618 0.439725 0.0247531 0.000661443 0.0923297 436.468 190635 0.986146
0.303 0.261177 0.441574 0.0247594 0.000661757 0.0926342 436.661 190803 0.987477
0.302 0.260734 0.443453 0.0247663 0.0006621 0.0929436 436.854 190972 0.9888
0.301 0.260289 0.44536 0.0247737 0.000662472 0.0932579 437.05 191143 0.990115
0.3 0.259843 0.447295 0.0247817 0.000662872 0.0935776 437.247 191315 0.99142
0.299 0.259394 0.449256 0.0247903 0.000663302 0.0939029 437.446 191489 0.992716
0.298 0.258944 0.451241 0.0247993 0.00066376 0.0942343 437.646 191664 0.994002
0.297 0.258491 0.453249 0.0248089 0.000664247 0.0945721 437.848 191840 0.995278
0.296 0.258037 0.455278 0.0248191 0.000664764 0.0949167 438.051 192018 0.996546
0.295 0.25758 0.457327 0.0248298 0.000665309 0.0952684 438.257 192198 0.997806
0.294 0.257121 0.459392 0.0248409 0.000665883 0.0956277 438.464 192379 0.99906
0.293 0.256661 0.461473 0.0248527 0.000666485 0.095995 438.672 192562 1.00031
0.292 0.256198 0.463567 0.0248649 0.000667117 0.0963706 438.882 192746 1.00156
0.291 0.255733 0.465671 0.0248776 0.000667776 0.096755 439.094 192932 1.0028
0.29 0.255266 0.467784 0.0248908 0.000668465 0.0971484 439.308 193120 1.00405
0.289 0.254797 0.469903 0.0249046 0.000669182 0.0975513 439.524 193309 1.0053
0.288 0.254326 0.472025 0.0249188 0.000669928 0.0979639 439.741 193499 1.00655
0.287 0.253853 0.474148 0.0249335 0.000670702 0.0983865 439.959 193692 1.00781
0.286 0.253377 0.47627 0.0249487 0.000671504 0.0988195 440.18 193886 1.00908
0.285 0.2529 0.478388 0.0249644 0.000672335 0.099263 440.402 194081 1.01036
0.284 0.25242 0.480499 0.0249806 0.000673194 0.0997172 440.626 194278 1.01164
0.283 0.251938 0.482601 0.0249972 0.000674082 0.100182 440.852 194477 1.01293
0.282 0.251454 0.484692 0.0250144 0.000674999 0.100658 441.08 194678 1.01423
0.281 0.250969 0.486768 0.025032 0.000675943 0.101145 441.309 194880 1.01554
0.28 0.250481 0.488829 0.0250501 0.000676917 0.101643 441.54 195084 1.01686
0.279 0.249991 0.490872 0.0250687 0.000677919 0.102152 441.773 195289 1.01817
0.278 0.249498 0.492895 0.0250878 0.000678951 0.102672 442.008 195496 1.01949
0.277 0.249004 0.494897 0.0251074 0.000680011 0.103202 442.244 195705 1.02081
0.276 0.248508 0.496877 0.0251275 0.000681101 0.103743 442.482 195915 1.02212
0.275 0.24801 0.498835 0.0251481 0.00068222 0.104294 442.722 196127 1.02343
0.274 0.24751 0.500769 0.0251692 0.00068337 0.104854 442.963 196341 1.02472
0.273 0.247009 0.502681 0.0251909 0.000684549 0.105425 443.206 196556 1.026
0.272 0.246505 0.50457 0.0252131 0.000685758 0.106005 443.451 196773 1.02727
0.271 0.245999 0.506438 0.0252358 0.000686999 0.106594 443.697 196991 1.02852
0.27 0.245492 0.508287 0.0252591 0.00068827 0.107191 443.945 197211 1.02974
0.269 0.244982 0.510118 0.025283 0.000689573 0.107797 444.195 197432 1.03094
0.268 0.244471 0.511935 0.0253075 0.000690908 0.10841 444.446 197655 1.03213
0.267 0.243958 0.51374 0.0253325 0.000692276 0.109031 444.699 197880 1.03329
0.266 0.243443 0.515538 0.0253581 0.000693677 0.10966 444.953 198105 1.03443
0.265 0.242927 0.517332 0.0253844 0.000695112 0.110296 445.208 198333 1.03555
0.264 0.242408 0.519126 0.0254113 0.000696583 0.110938 445.466 198562 1.03667
0.263 0.241888 0.520927 0.0254389 0.000698089 0.111588 445.724 198792 1.03778
0.262 0.241366 0.522737 0.0254672 0.000699632 0.112244 445.984 199023 1.03889
0.261 0.240842 0.524564 0.0254961 0.000701213 0.112907 446.246 199256 1.04002
0.26 0.240316 0.526412 0.0255258 0.000702834 0.113577 446.509 199491 1.04117
0.259 0.239789 0.528286 0.0255562 0.000704496 0.114255 446.773 199727 1.04235
0.258 0.239259 0.530191 0.0255874 0.000706201 0.11494 447.04 199965 1.04359
0.257 0.238728 0.532133 0.0256195 0.000707951 0.115633 447.307 200204 1.04488
0.256 0.238194 0.534117 0.0256523 0.000709747 0.116335 447.577 200445 1.04625
0.255 0.237659 0.536145 0.0256861 0.000711592 0.117046 447.848 200688 1.04771
0.254 0.237122 0.538224 0.0257208 0.000713489 0.117767 448.121 200932 1.04929
0.253 0.236582 0.540355 0.0257564 0.000715441 0.118499 448.396 201178 1.05098
0.252 0.23604 0.542542 0.025793 0.000717449 0.119243 448.673 201427 1.05282
0.251 0.235496 0.544786 0.0258307 0.000719518 0.12 448.952 201677 1.05482
0.25 0.23495 0.547091 0.0258695 0.000721651 0.120771 449.234 201930 1.05699
0.249 0.234402 0.549456 0.0259095 0.000723852 0.121558 449.517 202184 1.05935
0.248 0.233851 0.551882 0.0259507 0.000726123 0.122361 449.804 202442 1.06191
0.247 0.233298 0.554369 0.0259932 0.00072847 0.123182 450.093 202702 1.06468
0.246 0.232742 0.556917 0.0260371 0.000730897 0.124023 450.384 202964 1.06768
0.245 0.232183 0.559524 0.0260823 0.000733408 0.124884 450.679 203230 1.07091
0.244 0.231622 0.56219 0.0261291 0.000736007 0.125767 450.977 203498 1.07439
0.243 0.231059 0.564913 0.0261775 0.000738701 0.126674 451.278 203770 1.07811
0.242 0.230492 0.567691 0.0262275 0.000741493 0.127606 451.582 204045 1.08208
0.241 0.229923 0.570524 0.0262792 0.00074439 0.128564 451.89 204323 1.08631
0.24 0.229351 0.573409 0.0263328 0.000747396 0.12955 452.202 204605 1.09078
0.239 0.228777 0.576345 0.0263883 0.000750518 0.130564 452.517 204890 1.09551
0.238 0.228199 0.579332 0.0264458 0.000753761 0.131608 452.837 205180 1.10048
0.237 0.227618 0.582369 0.0265054 0.00075713 0.132684 453.161 205473 1.10569
0.236 0.227035 0.585457 0.0265672 0.000760633 0.133791 453.488 205771 1.11114
0.235 0.226448 0.588596 0.0266313 0.000764274 0.13493 453.821 206072 1.1168
0.234 0.225858 0.591787 0.0266977 0.000768061 0.136104 454.158 206379 1.12267
0.233 0.225265 0.595033 0.0267667 0.000772 0.137312 454.499 206689 1.12874
0.232 0.224669 0.598336 0.0268382 0.000776096 0.138554 454.846 207004 1.13498
0.231 0.224069 0.6017 0.0269124 0.000780357 0.139832 455.197 207324 1.14139
0.23 0.223466 0.605128 0.0269894 0.000784787 0.141145 455.553 207649 1.14794
0.229 0.22286 0.608626 0.0270692 0.000789394 0.142493 455.915 207979 1.15461
0.228 0.22225 0.6122 0.027152 0.000794183 0.143877 456.282 208314 1.16138
0.227 0.221637 0.615854 0.0272378 0.000799159 0.145296 456.654 208654 1.16823
0.226 0.22102 0.619596 0.0273267 0.00080433 0.146751 457.032 209000 1.17513
0.225 0.220399 0.623432 0.0274188 0.000809698 0.148239 457.415 209351 1.18206
0.224 0.219774 0.627369 0.0275142 0.00081527 0.149761 457.805 209707 1.18899
0.223 0.219145 0.631414 0.0276128 0.000821048 0.151316 458.199 210069 1.19588
0.222 0.218513 0.635573 0.0277148 0.000827038 0.152901 458.6 210437 1.20272
0.221 0.217876 0.639851 0.0278201 0.000833242 0.154516 459.007 210810 1.20947
0.22 0.217235 0.644252 0.0279288 0.000839662 0.156159 459.42 211189 1.21609
0.219 0.216589 0.648781 0.0280409 0.0008463 0.157828 459.838 211574 1.22256
0.218 0.215939 0.653437 0.0281564 0.000853156 0.15952 460.263 211965 1.22884
0.217 0.215284 0.65822 0.0282752 0.00086023 0.161231 460.694 212362 1.23491
0.216 0.214624 0.663123 0.0283974 0.00086752 0.162961 461.13 212765 1.24072
0.215 0.213959 0.66814 0.0285227 0.000875025 0.164704 461.573 213173 1.24626
0.214 0.213289 0.673257 0.0286513 0.000882739 0.166457 462.021 213587 1.25149
0.213 0.212614 0.678459 0.0287829 0.000890659 0.168217 462.475 214007 1.25639
0.212 0.211934 0.683722 0.0289174 0.000898778 0.169979 462.935 214432 1.26094
0.211 0.211249 0.689021 0.0290547 0.00090709 0.17174 463.4 214863 1.26512
0.21 0.210558 0.694335 0.0291947 0.000915588 0.173506 463.87 215299 1.26893
0.209 0.20986 0.709118 0.0293398 0.000926924 0.182174 464.347 215743 1.28902
0.208 0.207963 8.8042 0.0317132 0.00318014 6.02146 466.616 219215 15.2873
0.207 -0.139657 758.768 0.677148 0.653517 542.574 984.871 1.09554e+06 615.945
0.206 -0.302984 3.3807 0.97838 0.957693 1.30343 1226.45 1.50448e+06 1.23234
0.205 -0.304932 1.70244 0.979439 0.959342 0.116464 1227.17 1.50599e+06 0.154102
0.204 -0.306626 1.68568 0.980038 0.960515 0.11197 1227.54 1.50688e+06 0.15245
0.203 -0.308303 1.66891 0.980623 0.96166 0.108707 1227.89 1.50776e+06 0.152055
0.202 -0.309963 1.65086 0.981194 0.962778 0.105561 1228.24 1.50862e+06 0.151892
0.201 -0.311604 1.632 0.98175 0.963869 0.102529 1228.59 1.50947e+06 0.151938
0.2 -0.313226 1.61291 0.982291 0.964931 0.0996063 1228.93 1.5103e+06 0.152169
0.199 -0.314829 1.59424 0.982818 0.965965 0.0967911 1229.26 1.51112e+06 0.152556
0.198 -0.316414 1.57665 0.983331 0.966972 0.0940789 1229.59 1.51192e+06 0.153067
0.197 -0.317982 1.56072 0.98383 0.967953 0.0914645 1229.91 1.51271e+06 0.153665
0.196 -0.319536 1.54691 0.984316 0.968909 0.0889402 1230.22 1.51349e+06 0.154307
0.195 -0.321077 1.53548 0.98479 0.969841 0.0864971 1230.53 1.51425e+06 0.154942
0.194 -0.322607 1.52647 0.985252 0.970751 0.0841245 1230.84 1.515e+06 0.155512
0.193 -0.324131 1.51969 0.985704 0.971641 0.081811 1231.14 1.51574e+06 0.155955
0.192 -0.325648 1.51473 0.986147 0.972512 0.079545 1231.44 1.51647e+06 0.156206
0.191 -0.327161 1.51097 0.98658 0.973366 0.0773161 1231.73 1.51719e+06 0.156201
0.19 -0.328671 1.50763 0.987005 0.974205 0.0751149 1232.02 1.51791e+06 0.155882
0.189 -0.330178 1.50385 0.987423 0.975027 0.0729342 1232.31 1.51862e+06 0.155207
0.188 -0.33168 1.49878 0.987832 0.975834 0.0707695 1232.59 1.51931e+06 0.154148
0.187 -0.333176 1.49163 0.988233 0.976626 0.0686187 1232.87 1.52e+06 0.152703
0.186 -0.334665 1.48181 0.988625 0.977402 0.0664831 1233.15 1.52068e+06 0.150893
0.185 -0.336142 1.46902 0.989009 0.97816 0.0643671 1233.42 1.52135e+06 0.148764
0.184 -0.337604 1.45326 0.989384 0.9789 0.0622779 1233.68 1.522e+06 0.146386
0.183 -0.33905 1.43489 0.989749 0.979622 0.060225 1233.94 1.52264e+06 0.143847
0.182 -0.340476 1.41458 0.990104 0.980323 0.0582191 1234.19 1.52326e+06 0.14125
0.181 -0.341881 1.39327 0.990448 0.981005 0.0562708 1234.44 1.52387e+06 0.138699
0.18 -0.343265 1.37201 0.990783 0.981667 0.0543887 1234.68 1.52446e+06 0.1363
0.179 -0.344628 1.3519 0.991107 0.982309 0.0525785 1234.91 1.52504e+06 0.134151
0.178 -0.345972 1.33393 0.991422 0.982934 0.0508415 1235.15 1.52561e+06 0.132339
0.177 -0.3473 1.3189 0.991729 0.983541 0.0491746 1235.37 1.52618e+06 0.130936
0.176 -0.348614 1.30734 0.992028 0.984133 0.0475702 1235.6 1.52674e+06 0.129999
0.175 -0.349918 1.29945 0.992319 0.984712 0.0460173 1235.83 1.5273e+06 0.129566
0.174 -0.351217 1.29515 0.992605 0.985278 0.0445028 1236.06 1.52787e+06 0.129661
0.173 -0.352513 1.29405 0.992885 0.985833 0.0430129 1236.29 1.52844e+06 0.130284
0.172 -0.353809 1.29551 0.993159 0.986378 0.0415351 1236.53 1.52902e+06 0.131417
0.171 -0.355108 1.29872 0.993429 0.986912 0.0400596 1236.76 1.52961e+06 0.133019
0.17 -0.356412 1.30274 0.993693 0.987436 0.0385799 1237.01 1.53021e+06 0.135022
0.169 -0.357719 1.3066 0.993951 0.987949 0.0370942 1237.25 1.53082e+06 0.137334
0.168 -0.359031 1.30936 0.994203 0.98845 0.0356049 1237.5 1.53143e+06 0.13984
0.167 -0.360344 1.3102 0.994449 0.988938 0.0341184 1237.75 1.53204e+06 0.14241
0.166 -0.361658 1.30845 0.994686 0.98941 0.0326445 1237.99 1.53266e+06 0.144901
0.165 -0.362968 1.30366 0.994916 0.989867 0.031195 1238.24 1.53327e+06 0.147173
0.164 -0.364272 1.29562 0.995137 0.990305 0.0297828 1238.48 1.53387e+06 0.149101
0.163 -0.365567 1.28438 0.995348 0.990726 0.0284205 1238.72 1.53445e+06 0.150583
0.162 -0.366849 1.27027 0.99555 0.991127 0.0271197 1238.95 1.53503e+06 0.15155
0.161 -0.368115 1.25385 0.995742 0.991509 0.02589 1239.17 1.53558e+06 0.151969
0.16 -0.369364 1.2359 0.995925 0.991873 0.0247385 1239.39 1.53611e+06 0.151843
0.159 -0.370594 1.21737 0.996098 0.992217 0.0236699 1239.59 1.53662e+06 0.151209
0.158 -0.371805 1.19927 0.996262 0.992545 0.0226858 1239.79 1.5371e+06 0.150124
0.157 -0.372998 1.1826 0.996418 0.992855 0.0217848 1239.98 1.53757e+06 0.148664
0.156 -0.374176 1.16823 0.996567 0.993151 0.0209625 1240.16 1.53802e+06 0.146909
0.155 -0.37534 1.15685 0.996709 0.993434 0.020211 1240.33 1.53845e+06 0.144944
0.154 -0.376494 1.14884 0.996845 0.993705 0.0195193 1240.5 1.53887e+06 0.142847
0.153 -0.377641 1.14427 0.996975 0.993965 0.0188737 1240.67 1.53928e+06 0.140692
0.152 -0.378785 1.14286 0.997101 0.994216 0.018258 1240.83 1.53968e+06 0.138543
0.151 -0.379928 1.144 0.997224 0.99446 0.0176552 1240.99 1.54009e+06 0.136455
0.15 -0.381073 1.14686 0.997342 0.994696 0.0170484 1241.15 1.54048e+06 0.13447
0.149 -0.382221 1.15044 0.997458 0.994927 0.0164228 1241.31 1.54088e+06 0.132615
0.148 -0.383372 1.15372 0.997572 0.995153 0.0157678 1241.48 1.54129e+06 0.130903
0.147 -0.384526 1.15578 0.997682 0.995374 0.0150785 1241.64 1.54169e+06 0.129335
0.146 -0.38568 1.15588 0.997791 0.995591 0.0143568 1241.8 1.54209e+06 0.127908
0.145 -0.386833 1.15354 0.997897 0.995803 0.0136123 1241.96 1.5425e+06 0.12662
0.144 -0.387982 1.14859 0.998002 0.99601 0.0128616 1242.13 1.5429e+06 0.125484
0.143 -0.389125 1.14109 0.998103 0.996213 0.0121267 1242.29 1.54331e+06 0.124537
0.142 -0.390259 1.13139 0.998202 0.99641 0.0114324 1242.46 1.54372e+06 0.123838
0.141 -0.391383 1.11999 0.998298 0.996602 0.0108034 1242.62 1.54413e+06 0.123474
0.14 -0.392494 1.10753 0.998391 0.996787 0.0102603 1242.78 1.54453e+06 0.123536
0.139 -0.393594 1.0947 0.99848 0.996964 0.00981718 1242.95 1.54495e+06 0.124106
0.138 -0.39468 1.08224 0.998564 0.997133 0.00947845 1243.12 1.54536e+06 0.125236
0.137 -0.395756 1.07084 0.998645 0.997294 0.00923817 1243.28 1.54577e+06 0.126927
0.136 -0.396821 1.06116 0.998721 0.997446 0.00908017 1243.45 1.54619e+06 0.129121
0.135 -0.397878 1.05373 0.998793 0.99759 0.00897981 1243.62 1.5466e+06 0.131705
0.134 -0.398929 1.04901 0.998862 0.997727 0.00890707 1243.78 1.54702e+06 0.134525
0.133 -0.399978 1.04725 0.998926 0.997856 0.00883035 1243.95 1.54744e+06 0.137411
0.132 -0.401027 1.04857 0.998988 0.997979 0.00872074 1244.12 1.54786e+06 0.140206
0.131 -0.402079 1.05287 0.999047 0.998096 0.00855581 1244.29 1.54827e+06 0.142788
0.13 -0.403137 1.05986 0.999103 0.998209 0.00832265 1244.45 1.54868e+06 0.145089
0.129 -0.404204 1.069 0.999157 0.998317 0.00801956 1244.62 1.54909e+06 0.147094
0.128 -0.40528 1.07951 0.99921 0.998422 0.00765618 1244.78 1.5495e+06 0.148831
0.127 -0.406366 1.09041 0.99926 0.998522 0.00725192 1244.94 1.54989e+06 0.150348
0.126 -0.407463 1.10049 0.999308 0.998619 0.00683292 1245.1 1.55029e+06 0.151686
0.125 -0.408568 1.10852 0.999355 0.998711 0.0064279 1245.25 1.55068e+06 0.152854
0.124 -0.409679 1.11335 0.999399 0.9988 0.00606344 1245.41 1.55107e+06 0.153815
0.123 -0.410792 1.1142 0.999441 0.998884 0.00575944 1245.56 1.55145e+06 0.154482
0.122 -0.411904 1.1109 0.999481 0.998964 0.0055255 1245.72 1.55183e+06 0.154735
0.121 -0.41301 1.10403 0.999519 0.99904 0.00535889 1245.87 1.55221e+06 0.154445
0.12 -0.414109 1.09491 0.999555 0.999112 0.00524481 1246.02 1.55259e+06 0.153504
0.119 -0.415197 1.08538 0.99959 0.999181 0.00515883 1246.17 1.55295e+06 0.151862
0.118 -0.416278 1.07732 0.999623 0.999246 0.00507167 1246.31 1.55331e+06 0.14955
0.117 -0.417351 1.07214 0.999653 0.999308 0.00495539 1246.45 1.55366e+06 0.146693
0.116 -0.418422 1.07034 0.999683 0.999367 0.00479006 1246.59 1.554e+06 0.143506
0.115 -0.419493 1.07135 0.99971 0.999422 0.00456929 1246.72 1.55433e+06 0.140277
0.114 -0.420565 1.07367 0.999736 0.999473 0.00430329 1246.85 1.55466e+06 0.13732
0.113 -0.42164 1.07544 0.99976 0.999521 0.00401784 1246.98 1.55498e+06 0.134927
0.112 -0.422715 1.07506 0.999783 0.999566 0.00374919 1247.11 1.55529e+06 0.133315
0.111 -0.423788 1.07184 0.999803 0.999607 0.00353567 1247.23 1.55561e+06 0.132573
0.11 -0.424856 1.06614 0.999822 0.999644 0.00340842 1247.36 1.55593e+06 0.132651
0.109 -0.425916 1.05918 0.999838 0.999677 0.00338391 1247.49 1.55626e+06 0.133371
0.108 -0.426969 1.05238 0.999853 0.999707 0.00346005 1247.63 1.55659e+06 0.134474
0.107 -0.428015 1.0468 0.999866 0.999732 0.00361633 1247.76 1.55692e+06 0.135693
0.106 -0.429056 1.04266 0.999877 0.999754 0.0038167 1247.89 1.55725e+06 0.136835
0.105 -0.430093 1.03933 0.999886 0.999772 0.00401393 1248.02 1.55758e+06 0.137847
0.104 -0.431128 1.03555 0.999894 0.999788 0.00415446 1248.15 1.55791e+06 0.138858
0.103 -0.432158 1.02976 0.999901 0.999802 0.00418382 1248.28 1.55823e+06 0.140164
0.102 -0.433183 1.0204 0.999907 0.999816 0.00405333 1248.41 1.55856e+06 0.142159
0.101 -0.434196 1.00624 0.999914 0.999828 0.00372829 1248.54 1.55888e+06 0.145212
