0 0.113914 1.21727 1.73611e-07 3.01408e-10 1.73594e-06 500.798 250839 0.821515
0.01 0.113825 1.22594 1.73611e-07 3.01408e-10 1.73594e-06 500.957 250999 0.815039
0.02 0.113904 1.2404 2.60417e-07 4.52112e-10 2.60378e-06 500.845 250886 0.800678
0.03 0.113979 1.23847 3.47222e-07 6.02816e-10 3.47153e-06 500.705 250747 0.815798
0.04 0.113807 1.2057 5.20833e-07 9.04225e-10 5.20677e-06 500.916 250958 0.81651
0.05 0.113875 1.25011 5.20833e-07 9.04225e-10 5.20677e-06 500.842 250884 0.829762
0.06 0.11403 1.21962 3.47222e-07 6.02816e-10 3.47153e-06 500.725 250766 0.813705
0.07 0.113993 1.22512 8.68056e-07 1.50704e-09 8.67622e-06 500.729 250771 0.818573
0.08 0.113976 1.22107 3.47222e-07 6.02816e-10 3.47153e-06 500.831 250873 0.824824
0.09 0.113855 1.22782 5.20833e-07 9.04225e-10 5.20677e-06 500.83 250872 0.815812
0.1 0.113936 1.21289 9.54861e-07 1.65774e-09 9.54336e-06 500.765 250806 0.812909
0.11 0.113937 1.23376 5.20833e-07 9.04225e-10 5.20677e-06 500.816 250857 0.812603
0.12 0.113804 1.23155 1.73611e-07 3.01408e-10 1.73594e-06 500.917 250959 0.817716
0.13 0.113973 1.21561 7.8125e-07 1.35634e-09 7.80898e-06 500.744 250785 0.808114
0.14 0.113914 1.19592 1.30208e-06 2.26056e-09 1.30111e-05 500.83 250872 0.817389
0.15 0.113961 1.22519 6.07639e-07 1.05493e-09 6.07426e-06 500.705 250747 0.818102
0.16 0.113984 1.21754 1.64931e-06 2.86338e-09 1.64774e-05 500.736 250777 0.811329
0.17 0.113948 1.23241 1.82292e-06 3.16479e-09 1.821e-05 500.848 250890 0.815287
0.18 0.113945 1.23746 1.90972e-06 3.31549e-09 1.90762e-05 500.747 250789 0.815761
0.19 0.113882 1.22063 1.82292e-06 3.16479e-09 1.821e-05 500.857 250899 0.827717
0.2 0.113911 1.25044 2.08333e-06 3.6169e-09 2.08083e-05 500.746 250788 0.810917
0.21 0.113912 1.22651 2.17014e-06 3.7676e-09 2.16743e-05 500.79 250831 0.804125
0.22 0.113929 1.22386 2.25694e-06 3.91831e-09 2.25401e-05 500.717 250759 0.825334
0.23 0.113888 1.21924 2.69097e-06 4.67183e-09 2.6868e-05 500.803 250844 0.80802
0.24 0.113928 1.22709 3.29861e-06 5.72676e-09 3.29234e-05 500.759 250799 0.803709
0.25 0.113827 1.22413 2.95139e-06 5.12394e-09 2.94637e-05 500.871 250912 0.81833
0.26 0.113848 1.23326 3.125e-06 5.42535e-09 3.11938e-05 500.826 250868 0.819962
0.27 0.113904 1.21401 4.51389e-06 7.83661e-09 4.50215e-05 500.839 250881 0.815396
0.28 0.113827 1.2008 3.125e-06 5.42535e-09 3.11938e-05 500.869 250910 0.806306
0.29 0.113806 1.23812 4.77431e-06 8.28872e-09 4.76118e-05 500.927 250969 0.816168
0.3 0.113827 1.22001 5.20833e-06 9.04225e-09 5.19271e-05 500.855 250897 0.809768
0.31 0.113908 1.20762 6.16319e-06 1.07e-08 6.14132e-05 500.838 250880 0.82589
0.32 0.113912 1.23033 7.03125e-06 1.2207e-08 7.00277e-05 500.88 250922 0.818066
0.33 0.113946 1.25158 7.29167e-06 1.26591e-08 7.26104e-05 500.828 250869 0.808713
0.34 0.113983 1.23119 8.33333e-06 1.44676e-08 8.29333e-05 500.75 250792 0.820317
0.35 0.113937 1.24018 9.63542e-06 1.67282e-08 9.58194e-05 500.707 250749 0.821669
0.36 0.113961 1.2262 9.11458e-06 1.61253e-08 9.24034e-05 500.766 250808 0.822004
0.37 0.113838 1.21119 1.05035e-05 1.82352e-08 0.000104399 500.911 250953 0.822709
0.38 0.113811 1.248 1.21528e-05 2.14e-08 0.000122413 500.93 250972 0.822666
0.39 0.11399 1.2178 1.28472e-05 2.23042e-08 0.000127522 500.679 250720 0.816878
0.4 0.113884 1.20118 1.11111e-05 1.95915e-08 0.000112136 500.83 250872 0.833304
0.41 0.113849 1.25297 1.50174e-05 2.60718e-08 0.000148875 500.891 250933 0.816767
0.42 0.113918 1.219 1.71875e-05 3.01408e-08 0.00017191 500.781 250822 0.820631
0.43 0.113906 1.21197 1.72743e-05 3.05929e-08 0.000174496 500.853 250895 0.830363
0.44 0.1139 1.20961 1.78819e-05 3.13465e-08 0.000178714 500.823 250864 0.809826
0.45 0.113926 1.20795 2.21354e-05 3.8731e-08 0.000220268 500.826 250867 0.806355
0.46 0.113923 1.22201 2.73438e-05 4.8376e-08 0.000274339 500.754 250794 0.803642
0.47 0.113888 1.23686 2.77778e-05 4.82253e-08 0.000273333 500.858 250899 0.812188
0.48 0.113872 1.23296 3.66319e-05 6.45014e-08 0.000363798 500.872 250914 0.816686
0.49 0.113925 1.23698 3.69792e-05 6.45014e-08 0.000363651 500.863 250905 0.816058
0.5 0.113845 1.23309 3.74132e-05 6.58577e-08 0.000371278 500.912 250955 0.833445
0.51 0.113775 1.24229 4.02778e-05 7.14337e-08 0.000402114 500.982 251024 0.816244
0.52 0.113817 1.20002 4.43576e-05 7.97225e-08 0.000447868 500.946 250987 0.800014
0.53 0.113938 1.23397 4.7309e-05 8.51478e-08 0.00047756 500.831 250872 0.804049
0.54 0.113948 1.23394 5.65972e-05 1.01575e-07 0.000566619 500.814 250855 0.802541
0.55 0.113866 1.2462 6.18056e-05 1.10315e-07 0.000613414 500.907 250949 0.82466
0.56 0.113919 1.24092 7.17014e-05 1.29606e-07 0.000716915 500.956 250997 0.813138
0.57 0.113901 1.23724 7.56944e-05 1.36839e-07 0.000755192 500.91 250952 0.822413
0.58 0.113877 1.2165 8.32465e-05 1.50252e-07 0.000825535 501.032 251074 0.815127
0.59 0.11399 1.23867 9.07986e-05 1.67884e-07 0.000919526 500.9 250942 0.818497
0.6 0.114038 1.22032 0.000100868 1.8627e-07 0.00101431 500.855 250896 0.813005
0.61 0.114058 1.22012 0.000109115 1.99683e-07 0.0010816 500.804 250846 0.828114
0.62 0.114026 1.20955 0.000126563 2.35701e-07 0.00126537 500.814 250855 0.809999
0.63 0.113921 1.23696 0.000136632 2.60115e-07 0.00139073 500.963 251004 0.815482
0.64 0.11402 1.22691 0.000165191 3.12711e-07 0.00164404 500.91 250952 0.816044
0.65 0.114031 1.21779 0.000164844 3.10903e-07 0.00163428 500.975 251017 0.813435
0.66 0.114003 1.24593 0.000194184 3.73897e-07 0.00193645 500.924 250967 0.831221
0.67 0.114094 1.23827 0.000225955 4.45632e-07 0.00227276 500.975 251017 0.816665
0.68 0.114067 1.21869 0.000239583 4.67183e-07 0.00236035 500.993 251035 0.827743
0.69 0.114025 1.26453 0.000255642 5.1586e-07 0.00259492 501.083 251125 0.819324
0.7 0.114103 1.25638 0.000290625 5.82923e-07 0.00287113 501.039 251082 0.832856
0.71 0.114029 1.23415 0.000320486 6.75757e-07 0.00330074 501.013 251055 0.822659
0.72 0.113993 1.25011 0.000348872 7.40711e-07 0.00356544 501.075 251117 0.82785
0.73 0.114092 1.25562 0.000379601 8.17268e-07 0.00387747 501.1 251142 0.811635
0.74 0.114146 1.22665 0.000459722 1.01032e-06 0.0046021 501.077 251120 0.82141
0.75 0.114188 1.22614 0.000455208 9.98264e-07 0.00455644 501.083 251126 0.819721
0.76 0.11408 1.21519 0.000526649 1.19192e-06 0.00526786 501.232 251274 0.81895
0.77 0.114143 1.22033 0.00054783 1.24527e-06 0.00544407 501.088 251131 0.820887
0.78 0.114075 1.2424 0.000642795 1.50538e-06 0.00629106 501.297 251341 0.837192
0.79 0.114116 1.23254 0.000694705 1.68231e-06 0.00691024 501.353 251396 0.826094
0.8 0.114163 1.21424 0.000762153 1.90189e-06 0.00760901 501.357 251400 0.833286
0.81 0.114288 1.26309 0.000846354 2.19305e-06 0.00850597 501.385 251429 0.836715
0.82 0.114241 1.26963 0.000953212 2.59919e-06 0.00973774 501.447 251492 0.85133
0.83 0.114238 1.23264 0.00102674 2.80551e-06 0.0100876 501.555 251599 0.841662
0.84 0.114228 1.212 0.0011651 3.45685e-06 0.0120924 501.723 251768 0.835163
0.85 0.114193 1.2517 0.00127648 3.89073e-06 0.0130253 501.82 251866 0.842579
0.86 0.114133 1.25692 0.00138368 4.43733e-06 0.0145311 502.02 252067 0.844045
0.87 0.114347 1.23191 0.00150677 4.87829e-06 0.0150217 501.876 251922 0.846097
0.88 0.114396 1.24136 0.00169887 5.90534e-06 0.0173904 501.963 252009 0.838042
0.89 0.114433 1.23709 0.00197326 7.40711e-06 0.0202368 502.238 252286 0.849371
0.9 0.114429 1.228 0.00216354 8.55668e-06 0.0223244 502.421 252469 0.847172
0.91 0.114418 1.25111 0.00231189 9.41946e-06 0.0234698 502.536 252586 0.873922
0.92 0.114542 1.22869 0.00265139 1.17754e-05 0.0273344 502.702 252753 0.877145
0.93 0.11462 1.25797 0.00291589 1.35635e-05 0.0291521 502.944 252997 0.868971
0.94 0.114524 1.25455 0.00316155 1.54666e-05 0.0315144 503.152 253207 0.881604
0.95 0.114653 1.24056 0.00358351 1.93203e-05 0.0373176 503.307 253363 0.895968
0.96 0.114691 1.2344 0.00390234 2.194e-05 0.0386592 503.61 253668 0.899019
0.97 0.114652 1.2534 0.00439054 2.70796e-05 0.0449438 503.983 254045 0.904157
0.98 0.114652 1.23592 0.00477543 3.16203e-05 0.0507773 504.308 254372 0.902467
0.99 0.114765 1.23941 0.0054447 3.92176e-05 0.0551391 504.726 254796 0.933541
1 0.114794 1.23421 0.00604314 4.78626e-05 0.0653356 505.169 255242 0.914216
1.01 0.114836 1.25689 0.00678446 5.8602e-05 0.0724212 505.722 255803 0.954019
1.02 0.114753 1.2282 0.00732135 6.71272e-05 0.077904 506.185 256271 0.95113
1.03 0.114687 1.2262 0.00807413 7.99539e-05 0.0850311 506.768 256863 0.964396
1.04 0.114875 1.23439 0.00907561 0.000100191 0.102666 507.364 257469 0.988166
1.05 0.114877 1.23442 0.010221 0.000123512 0.109686 508.228 258347 0.999742
1.06 0.114838 1.21646 0.0112958 0.000148858 0.122472 508.981 259114 1.03317
1.07 0.114759 1.22593 0.0127075 0.000186689 0.145207 510.075 260232 1.07782
1.08 0.114617 1.23419 0.0144648 0.000237285 0.161602 511.438 261625 1.08894
1.09 0.114752 1.21926 0.0163164 0.000302911 0.211308 512.57 262788 1.17596
1.1 0.114566 1.25346 0.0181955 0.000368594 0.216103 514.001 264258 1.19469
1.11 0.114383 1.20419 0.0201603 0.000448637 0.243062 515.429 265731 1.23991
1.12 0.114194 1.20375 0.0233964 0.000596136 0.280758 517.84 268224 1.28473
1.13 0.113884 1.19614 0.0262526 0.000751176 0.356985 519.883 270354 1.45148
1.14 0.113616 1.21837 0.0300564 0.000974013 0.406799 522.606 273196 1.50545
1.15 0.113052 1.20545 0.0344809 0.0012733 0.485953 525.968 276728 1.6196
1.16 0.112363 1.19664 0.0410656 0.00180052 0.657397 530.84 281896 1.95736
1.17 0.111692 1.24228 0.0464076 0.00230081 0.847542 534.533 285847 2.27511
1.18 0.110118 1.29015 0.0572871 0.00348619 1.17724 542.757 294738 2.82563
1.19 0.108113 1.48921 0.0711831 0.00542261 2.04815 552.964 306008 4.32516
1.2 -0.288233 1.08384 0.999268 0.998538 0.00741919 1194.47 1.42678e+06 0.170745
1.21 -0.298246 1.06615 0.999354 0.998709 0.00656932 1194.39 1.4266e+06 0.171965
1.22 -0.308285 1.07939 0.999412 0.998826 0.00583857 1194.49 1.42682e+06 0.167806
1.23 -0.318292 1.07914 0.999464 0.998928 0.00547396 1194.49 1.42683e+06 0.169768
1.24 -0.328336 1.07582 0.99952 0.99904 0.00484053 1194.52 1.42691e+06 0.172729
1.25 -0.33839 1.04382 0.999559 0.999119 0.0044307 1194.58 1.42705e+06 0.168105
1.26 -0.34848 1.04784 0.999599 0.999199 0.00398806 1194.52 1.4269e+06 0.170588
1.27 -0.358468 1.05799 0.999633 0.999267 0.00374917 1194.56 1.427e+06 0.17005
1.28 -0.368508 1.07097 0.999683 0.999367 0.00321691 1194.6 1.42708e+06 0.171727
1.29 -0.378481 1.05939 0.999704 0.999408 0.00301148 1194.57 1.42701e+06 0.172358
1.3 -0.388549 1.04577 0.999742 0.999484 0.0026156 1194.59 1.42706e+06 0.171633
1.31 -0.398517 1.02467 0.999759 0.999519 0.00242643 1194.65 1.42721e+06 0.17041
1.32 -0.408538 1.06267 0.999774 0.999547 0.00226619 1194.57 1.42701e+06 0.171324
1.33 -0.418604 1.05317 0.999805 0.99961 0.00193865 1194.58 1.42704e+06 0.171709
1.34 -0.428673 1.05103 0.999824 0.999649 0.00175414 1194.58 1.42704e+06 0.172112
1.35 -0.43869 1.02957 0.999843 0.999686 0.00156196 1194.62 1.42714e+06 0.169861
1.36 -0.448639 1.05451 0.999853 0.999707 0.00147254 1194.68 1.42728e+06 0.170099
1.37 -0.458676 1.03512 0.999869 0.999739 0.00129813 1194.68 1.42728e+06 0.169387
1.38 -0.468698 1.02528 0.999877 0.999755 0.00123985 1194.64 1.42719e+06 0.166656
1.39 -0.478675 1.02037 0.999893 0.999785 0.00107161 1194.54 1.42695e+06 0.170285
1.4 -0.488725 1.02844 0.999906 0.999811 0.000939168 1194.67 1.42726e+06 0.168877
1.41 -0.498696 1.04267 0.99991 0.999819 0.000910431 1194.62 1.42714e+06 0.165975
1.42 -0.508688 1.03467 0.999921 0.999843 0.000788079 1194.64 1.42719e+06 0.169078
1.43 -0.518704 1.03283 0.999931 0.999863 0.000684581 1194.67 1.42726e+06 0.169555
1.44 -0.528778 1.03455 0.999937 0.999874 0.000634304 1194.66 1.42724e+06 0.172212
1.45 -0.538787 1.04429 0.999939 0.999879 0.000595981 1194.68 1.42728e+06 0.168564
1.46 -0.5487 1.0516 0.999944 0.999888 0.000564409 1194.6 1.42709e+06 0.170514
1.47 -0.558757 1.04481 0.999954 0.999908 0.000451258 1194.67 1.42726e+06 0.170898
1.48 -0.56873 1.03238 0.999955 0.999911 0.00044513 1194.71 1.42735e+06 0.172958
1.49 -0.578761 1.01752 0.999963 0.999926 0.000378297 1194.66 1.42723e+06 0.169996
1.5 -0.588677 1.03552 0.999966 0.999932 0.000337983 1194.65 1.4272e+06 0.168416
1.51 -0.598776 1.02898 0.999966 0.999932 0.000343957 1194.69 1.4273e+06 0.167932
1.52 -0.608752 1.03452 0.999972 0.999943 0.000281846 1194.68 1.42727e+06 0.169937
1.53 -0.618727 1.0237 0.999972 0.999944 0.000275069 1194.69 1.4273e+06 0.169517
1.54 -0.628751 1.03629 0.999976 0.999953 0.000236372 1194.7 1.42734e+06 0.166417
1.55 -0.638763 1.03588 0.999976 0.999952 0.000242329 1194.71 1.42736e+06 0.171413
1.56 -0.64874 1.02691 0.99998 0.99996 0.000202525 1194.67 1.42726e+06 0.16909
1.57 -0.658731 1.04754 0.999984 0.999967 0.000163364 1194.69 1.42732e+06 0.172653
1.58 -0.668762 1.01937 0.999981 0.999962 0.00018806 1194.73 1.42739e+06 0.17158
1.59 -0.678786 1.01986 0.999985 0.99997 0.000154053 1194.71 1.42735e+06 0.170326
1.6 -0.688762 1.01607 0.999987 0.999975 0.000124956 1194.72 1.42737e+06 0.169461
1.61 -0.698796 1.02145 0.999987 0.999975 0.000125811 1194.74 1.42743e+06 0.170703
1.62 -0.708767 1.02842 0.999989 0.999978 0.000114729 1194.72 1.42737e+06 0.170107
1.63 -0.718788 1.01905 0.999991 0.999982 9.15262e-05 1194.69 1.4273e+06 0.168407
1.64 -0.728758 1.03242 0.999991 0.999983 8.63715e-05 1194.68 1.42728e+06 0.169938
1.65 -0.738763 1.03376 0.999992 0.999984 8.20899e-05 1194.67 1.42725e+06 0.17032
1.66 -0.748779 1.03275 0.999993 0.999985 7.34711e-05 1194.7 1.42733e+06 0.169449
1.67 -0.758792 1.03196 0.999993 0.999986 7.08887e-05 1194.72 1.42737e+06 0.169559
1.68 -0.768813 1.01789 0.999995 0.99999 4.8475e-05 1194.67 1.42726e+06 0.166529
1.69 -0.7787 1.02132 0.999995 0.999991 4.50215e-05 1194.7 1.42733e+06 0.170808
1.7 -0.788825 1.02848 0.999994 0.999989 5.53778e-05 1194.67 1.42725e+06 0.165424
1.71 -0.798721 1.02228 0.999995 0.99999 4.76118e-05 1194.67 1.42726e+06 0.16808
1.72 -0.80872 1.02575 0.999996 0.999991 4.41579e-05 1194.66 1.42723e+06 0.171432
1.73 -0.818826 1.03722 0.999997 0.999993 3.46528e-05 1194.68 1.42728e+06 0.168261
1.74 -0.828794 1.04506 0.999997 0.999993 3.46528e-05 1194.69 1.4273e+06 0.168628
1.75 -0.838795 1.01717 0.999998 0.999995 2.25401e-05 1194.69 1.42731e+06 0.167351
1.76 -0.848798 1.02979 0.999997 0.999994 3.11938e-05 1194.72 1.42738e+06 0.170403
1.77 -0.858771 1.01232 0.999998 0.999997 1.73437e-05 1194.68 1.42728e+06 0.16733
1.78 -0.86875 1.02422 0.999999 0.999998 1.21443e-05 1194.64 1.42718e+06 0.168724
1.79 -0.878835 1.01704 0.999999 0.999997 1.38778e-05 1194.7 1.42734e+06 0.169082
1.8 -0.888801 1.01625 0.999999 0.999997 1.47444e-05 1194.65 1.42721e+06 0.167896
1.81 -0.898796 1.00884 0.999999 0.999997 1.38778e-05 1194.68 1.42728e+06 0.166634
1.82 -0.908796 1.0332 0.999999 0.999999 6.07426e-06 1194.67 1.42726e+06 0.16876
1.83 -0.918763 1.03642 0.999999 0.999998 8.67622e-06 1194.71 1.42736e+06 0.170217
1.84 -0.92882 1.01893 0.999999 0.999998 8.67622e-06 1194.74 1.42742e+06 0.169148
1.85 -0.938784 1.03662 0.999999 0.999997 1.38778e-05 1194.64 1.42718e+06 0.170022
1.86 -0.948808 1.01369 0.999999 0.999998 1.21443e-05 1194.68 1.42728e+06 0.169402
1.87 -0.958731 1.027 0.999999 0.999998 1.04104e-05 1194.7 1.42732e+06 0.170145
1.88 -0.968845 1.01583 1 0.999999 3.47153e-06 1194.69 1.42731e+06 0.168037
1.89 -0.978838 1.02626 1 0.999999 2.60378e-06 1194.71 1.42736e+06 0.170656
1.9 -0.988761 1.01861 1 0.999999 3.47153e-06 1194.64 1.42719e+06 0.169411
1.91 -0.998813 1.01576 0.999999 0.999998 7.80898e-06 1194.71 1.42736e+06 0.169561
1.92 -1.00875 1.02236 1 0.999999 2.60378e-06 1194.69 1.4273e+06 0.170428
1.93 -1.01888 1.03317 0.999999 0.999999 6.07426e-06 1194.7 1.42732e+06 0.166913
1.94 -1.02875 1.02976 0.999999 0.999998 7.80898e-06 1194.69 1.4273e+06 0.169391
1.95 -1.03877 1.01451 1 0.999999 2.60378e-06 1194.73 1.42741e+06 0.168752
1.96 -1.04883 1.03048 1 0.999999 4.33919e-06 1194.77 1.42749e+06 0.169369
1.97 -1.05881 1.0452 1 0.999999 3.47153e-06 1194.72 1.42737e+06 0.172935
1.98 -1.06881 1.03164 1 0.999999 3.47153e-06 1194.64 1.42717e+06 0.165076
1.99 -1.0788 1.01872 1 0.999999 2.60378e-06 1194.69 1.42731e+06 0.168817
