1.0 0.0 0.47508540000000005 7.170528561516103e-05 0.3274878 0.0011918520512212377 0.0938693 8.90225274860591e-05 0.00904538 1.746330209318872e-05 0.134725 0.0006934718451382423 461.69220000000007 0.16285070462148454 213580.6 151.01486019755896 0.9114502 0.005032691458057687 
0.99 0.0 0.47175639999999996 9.860571997862604e-05 0.331647 0.000839084262753406 0.09271442 4.663847681996612e-05 0.008828836 7.72766282926085e-06 0.13548659999999998 0.0009239057787465178 460.8396000000001 0.06975419690813182 212796.0 63.216453552020965 0.9270453999999999 0.00767510942515006 
0.9800000000000001 6.664001874625056e-09 0.46854680000000004 0.00017224155130556878 0.3304076 0.0014058108436044178 0.0914307 0.00012012512143608644 0.008588518 2.3019584948421204e-05 0.134523 0.0009143618977189784 459.6942 0.1521171653452418 211735.0 142.27916221502835 0.9242676 0.00778180191780798 
0.97 4.712160915387242e-09 0.4651922 0.0001356800353573582 0.32649300000000003 0.0019448834823703647 0.0901237 0.00011295551690783074 0.008348808 2.123827232149167e-05 0.1344752 0.0006682994777797183 458.6092 0.18231081152828363 210738.4 167.96704438632577 0.9344882 0.003340016878997289 
0.96 0.0 0.46219859999999996 5.071615137784608e-05 0.3285188 0.0009552302926508997 0.08912228000000001 6.512373699044653e-05 0.008169004 1.203547808763258e-05 0.135721 0.00036169688967271554 457.9106 0.12561866104400615 210097.0 115.33707122772645 0.9433876 0.0031598775621846853 
0.95 4.712160915387242e-09 0.4588146 0.00015416889436870403 0.323836 0.0017935493748422002 0.08783411999999999 7.075504448856897e-05 0.007935940000000002 1.2029559260100147e-05 0.1340432 0.0010303907763559458 456.89040000000006 0.0677357217257176 209159.8 60.728510618597625 0.9476091999999999 0.009224179084991898 
0.9399999999999998 4.712160915387242e-09 0.45569899999999997 7.331302748839057e-05 0.32320099999999996 0.001602675063761659 0.08665226 5.887735456018229e-05 0.007725532 1.1915677538438989e-05 0.13291 0.0012231544792056393 455.8926 0.08588485314178856 208239.8 82.5146774922374 0.9377996 0.011936619530170528 
0.93 0.0 0.45240559999999996 0.00011457420307746311 0.320758 0.0008372598163075069 0.08532574 7.791036182867992e-05 0.007495686 1.3927801147324181e-05 0.1332692 0.0007010585367847361 454.7416 0.13932224519133674 207190.8 128.48981283455237 0.947908 0.006963160759310896 
0.9200000000000002 6.664001874625056e-09 0.44920140000000003 6.053138023199819e-05 0.318418 0.0012191238493284996 0.08429247999999999 0.00012239485087364238 0.00731833 2.0139102661257528e-05 0.1333738 0.0008111404021505823 454.09619999999995 0.20439166324973165 206602.4 184.59698806074445 0.9548418000000002 0.00414756234334401 
0.9099999999999999 6.664001874625056e-09 0.4459972 5.015368387065324e-05 0.31339320000000004 0.001842951011826725 0.0831638 3.443003340579988e-05 0.0071233500000000005 7.218717337413033e-06 0.13110159999999998 0.0010572769022355306 453.283 0.0635232240852072 205856.8 60.20724209792039 0.9494992 0.00641692837048815 
0.9 4.712160915387242e-09 0.442659 4.525836935805463e-05 0.3135228 0.0012986768466404903 0.08181534 3.017640932764586e-05 0.006898688 5.3229641366625035e-06 0.1311582 0.00041841208395576476 452.0232 0.0525375294528172 204712.6 48.18348264263132 0.9526160000000001 0.002983395743103968 
0.89 0.0 0.4396778 6.154244057225709e-05 0.3115528 0.0006779396669312986 0.08065688 0.00011734205520726126 0.006707062 1.9337872354547585e-05 0.1303834 0.0007210634146866575 451.15599999999995 0.19779140530427702 203923.2 178.69357010897457 0.9494434 0.008222732920870415 
0.8800000000000001 6.664001874625056e-09 0.43670600000000004 1.917915528250845e-05 0.31099479999999996 0.0019161418611370925 0.07952901999999999 6.641080876123394e-05 0.006522084 1.0762147592342361e-05 0.12907439999999998 0.00041777473355967507 450.3212 0.13624313560085596 203168.8 122.2618174264854 0.9571272000000001 0.0022226363337238563 
0.8699999999999999 6.664001874625056e-09 0.4334454 6.836876484664886e-05 0.3089086 0.0005110145673119566 0.07842123999999999 8.096357008092301e-05 0.006345638000000001 1.2278611452452356e-05 0.1295764 0.0005525060434058213 449.48459999999994 0.14614392910293705 202410.8 129.45776145537818 0.957727 0.005891142028504857 
0.86 0.0 0.4303503999999999 0.00011144383344398837 0.3070524 0.0012658627919320423 0.07735812 0.00011605717694141819 0.00617688 1.835001776567847e-05 0.12895459999999997 0.0005927843857603223 448.81499999999994 0.13908012083778784 201807.8 124.40173632768465 0.9651598 0.004550749884578539 
0.85 0.0 0.4273002 9.451577645332954e-05 0.305806 0.0009647020265317585 0.07621892 9.194347567986866e-05 0.005997687999999999 1.4864742823238765e-05 0.1276162 0.0006985758312445684 447.9226 0.14508662241267006 200998.8 131.68185904306483 0.9570000000000001 0.005260607698734909 
0.8400000000000001 6.664001874625056e-09 0.4243768 5.139136108759781e-05 0.3053176 0.0011808352840232633 0.07510444000000001 0.00013767521084007817 0.005828844 2.2095711547718815e-05 0.12896380000000002 0.0010556400674469346 446.8882 0.22660686663810164 200074.8 204.66800434201426 0.9734022 0.0061297762269090705 
0.8299999999999998 6.664001874625056e-09 0.42120700000000005 0.00011174435106077493 0.303587 0.0007891253385870962 0.0742572 6.835440000537506e-05 0.005698587999999999 9.716987763805412e-06 0.1279912 0.0007370609961187405 446.771 0.10005998199037093 199966.0 89.32771126246126 0.9752179999999999 0.00692171555035564 
0.82 0.0 0.41832840000000004 8.341827131885738e-05 0.30023 0.0007465176756124522 0.07313196 6.600434288802635e-05 0.005528224 1.0159489987180677e-05 0.12638080000000002 0.0008355113117123005 445.7058 0.08493687066853975 199007.4 76.16277306396779 0.9684058 0.006125103541330548 
0.8100000000000002 4.712160915387242e-09 0.41531019999999996 0.00014593735646039482 0.2988106 0.0011702843278460315 0.07208529999999999 0.00011486833158087898 0.005373706000000001 1.6325005751846736e-05 0.1261138 0.0005011710606173765 445.0276 0.12454223380431152 198399.2 110.9642825354005 0.9695676000000001 0.00507817258154598 
0.8 0.0 0.41242799999999996 3.8234016328419e-05 0.29767679999999996 0.0011118921674339861 0.07100722 8.67941260691839e-05 0.005216285999999999 1.2009788874136921e-05 0.1254422 0.0005066480750968218 444.0894 0.13189832445287777 197559.6 116.67582440065617 0.9685710000000001 0.006959236739756749 
0.79 0.0 0.4093406 7.128231195371794e-05 0.296965 0.0007687525999957176 0.06988332 6.100120261191203e-05 0.005052856 9.178339109079229e-06 0.1233322 0.0005146565767581236 443.2406 0.12227300602693916 196798.4 109.60569328362055 0.9601748000000001 0.006069867025886194 
0.78 0.0 0.40635959999999993 9.727018050401283e-05 0.2959052 0.0008301190468846296 0.06898620000000001 4.607394925280045e-05 0.004926708 6.288565750636011e-06 0.123766 0.0003937615522109113 442.83099999999996 0.051410504792524445 196433.6 46.21566834406143 0.9680448 0.002650527893073809 
0.77 0.0 0.4035118 0.00011018471763842628 0.28934400000000005 0.001092354814149443 0.06797341999999999 7.709609276823608e-05 0.004786008 1.058279222136742e-05 0.12387079999999999 0.0002697586180272269 442.06719999999996 0.12664261530938725 195754.8 112.91001727768865 0.9717134 0.0038665427203145673 
0.76 0.0 0.40055019999999997 0.00011214041202068701 0.2895396 0.00227387986665946 0.06688619999999999 4.4133606244631874e-05 0.004637396 5.664571016400549e-06 0.12401 0.0006904907240507817 441.21100000000007 0.06206448245756851 194994.8 54.5478872335854 0.9780336000000001 0.005439517593313668 
0.75 0.0 0.3976378 9.407971088619976e-05 0.2944114 0.0024282358798107836 0.06617786 8.574868675284699e-05 0.004540188 1.1599589785886741e-05 0.1233754 0.0006493294756903215 441.05 0.1367072784984131 194850.4 121.35686218952878 0.9824780000000001 0.0022903982011807525 
0.74 0.0 0.39475560000000004 0.00010950528751777013 0.2897964 0.00037523652274394225 0.06509788000000001 5.148186010466122e-05 0.004393202 7.4126213447377465e-06 0.1210012 0.0005960184829344357 440.20160000000004 0.059355606226120135 194094.4 53.80899553218872 0.9732840000000001 0.008779745217256938 
0.73 0.0 0.3917996 9.547925430303895e-05 0.288666 0.0009590620834969318 0.0642338 7.58847652713567e-05 0.004282786 9.911990556877515e-06 0.12370300000000001 0.0005281598242953983 439.8528 0.1290436825318253 193791.2 113.30715775939187 0.9998034 0.008922136455354572 
0.72 0.0 0.38892119999999997 0.00013908656297376273 0.2895518 0.0018544422859696399 0.06330638 0.00011601143529957346 0.004160146 1.497065198314886e-05 0.12190780000000001 0.0003300457422835819 439.2558 0.1369792392989487 193256.2 120.7050620293603 0.9825326000000001 0.0016675521364977208 
0.71 0.0 0.3861014 5.665940352358996e-05 0.2889704 0.0007718998691529193 0.062372760000000006 6.801928314659134e-05 0.004040496 8.346903905025522e-06 0.1217812 0.0005258578819415627 438.6534 0.10383317392615353 192726.8 90.47315623883635 0.9945907999999999 0.0062282894306588486 
0.7 0.0 0.38314040000000005 6.45033952140268e-05 0.28612019999999994 0.0010572042905725634 0.0615843 9.9131746680997e-05 0.003941094000000001 1.2529611199021041e-05 0.12212839999999998 0.0005870616049454781 438.31980000000004 0.1374386844417003 192429.6 120.53666661627241 0.9952884000000001 0.005479589083860501 
0.69 0.0 0.3803524 5.1184841569928426e-05 0.2871928 0.0018952053482399968 0.060821639999999996 3.677313802372691e-05 0.003843618 4.566883751492034e-06 0.12049119999999999 0.0006084204072852537 438.014 0.059528144584281364 192152.6 52.30954022893341 0.9813827999999999 0.002424686163621356 
0.68 3.332000937312528e-09 0.37740280000000004 7.673351282036831e-05 0.2851656 0.001996480314952553 0.05996498 6.163150103521881e-05 0.0037398959999999995 7.589046633209324e-06 0.1220416 0.0005905286851629526 437.60519999999997 0.10084736984034727 191797.4 88.55669370797602 1.0045498 0.007114027441052177 
0.67 0.0 0.3747434 0.00011917570221186355 0.28446160000000004 0.00031176434689510495 0.05913438 6.849377431626853e-05 0.003637034 8.626590798221282e-06 0.12047759999999999 0.0004998778730848941 437.2102 0.11685594552382136 191443.0 102.93104487956974 0.9909247999999999 0.004704045725972285 
0.66 3.332000937312528e-09 0.3718074 7.549124450012945e-05 0.2835488 0.0014225667056424719 0.058281519999999996 5.221769355428425e-05 0.0035344979999999996 6.795530531199065e-06 0.12021580000000001 0.0011416779020368751 436.79580000000004 0.11022899792329101 191076.2 98.48427285054892 0.9906096 0.009349189939669253 
0.65 0.0 0.3690982 5.059201521661376e-05 0.2847766 0.0007204544454719396 0.05766156 4.867398976859384e-05 0.0034607979999999997 5.2682334041139355e-06 0.12045340000000002 0.0006670171571998209 436.53460000000007 0.05623493563036248 190848.0 47.689831198011426 1.0066358000000002 0.008354829819446446 
0.64 0.0 0.3660544 8.250410894910448e-05 0.2825878 0.0016924647683196653 0.05678762 6.118504654038929e-05 0.0033592860000000004 7.106031015943231e-06 0.1209896 0.0005590569631085377 436.20079999999996 0.09756983143026536 190553.2 84.55407736053309 1.0111072 0.0038359196905055123 
0.63 0.0 0.36328360000000004 6.208806647848124e-05 0.282167 0.0005363942579846402 0.056051840000000006 3.7869276201125406e-05 0.003272794 4.160885098163899e-06 0.1197514 0.00044362494068806726 435.87219999999996 0.10276007009696977 190259.4 88.9424982742647 1.0006718 0.003140259637675211 
0.62 0.0 0.360339 0.00010930580953463137 0.284545 0.0013345605419022525 0.05534703999999999 4.643978122450231e-05 0.003192912 5.070172699209491e-06 0.12040880000000001 0.000568816483585928 435.80679999999995 0.0945813512802594 190198.6 81.93685373244907 1.0037506 0.006736938999871862 
0.61 0.0 0.3577048 9.257835601563067e-05 0.2836284 0.0013460105675659657 0.054683880000000004 3.735715620688206e-05 0.00312054 4.303581764021652e-06 0.1229506 0.0005867969734072754 435.53180000000003 0.07516988751734292 189963.4 65.8140410587914 1.037228 0.006956503374539651 
0.6 0.0 0.35473999999999994 6.532564585920318e-05 0.28672580000000003 0.001168564911332583 0.053954579999999995 1.385751492769389e-05 0.0030351120000000004 2.017004511472837e-06 0.11905239999999999 0.000604768821948349 435.32000000000005 0.0626590774174209 189765.0 55.31798984331567 1.0015173999999998 0.003127645524679792 
0.59 0.0 0.3518426 7.282395209663763e-05 0.2875544 0.000882840216577177 0.053391339999999995 5.367601028507555e-05 0.002974744 6.03143273195929e-06 0.1211494 0.0005205762653056501 435.4204 0.049658513959026214 189852.6 43.69036506568414 1.0184484 0.006796522908668302 
0.58 0.0 0.34907099999999996 6.399249959420972e-05 0.2881312 0.0014926090285152622 0.05293196 4.5916520773242725e-05 0.0029255640000000003 5.677440690965222e-06 0.1229072 0.0012223565240958377 435.5786 0.05832776359988828 189987.8 53.17698751662013 1.0257657999999998 0.011928488341447444 
0.57 0.0 0.34615019999999996 0.00011891893038621265 0.2871896 0.0012638769117298838 0.052284580000000004 6.0271355716253836e-05 0.002854134 6.666667293317391e-06 0.12170640000000002 0.000882039255361798 435.4306 0.12934190347896898 189855.8 112.26946156783873 1.0308739999999998 0.00770438347955651 
0.56 0.0 0.34318020000000005 7.12625567495358e-05 0.2913098 0.001489593109544444 0.051815499999999994 6.904382955897956e-05 0.00280539 7.149535928987924e-06 0.12396479999999999 0.0002510989287129069 435.62039999999996 0.06652674646878275 190017.8 58.331055202504245 1.036054 0.006016255712649944 
0.55 0.0 0.3404074 0.0001141226007228192 0.2904414 0.0023673965210749487 0.0511421 2.5136220875947443e-05 0.002733546 3.0462890211197783e-06 0.12360560000000001 0.0007328863813714669 435.5044 0.1018581759364159 189912.6 89.3208150443283 1.0368739999999999 0.005349466964104049 
0.54 0.0 0.3371788 6.676729739996152e-05 0.2953332 0.0013329972663131805 0.05066598 8.245734121374976e-05 0.002684332 8.713024916727535e-06 0.1250762 0.001125347178430075 435.7378 0.11896365831486254 190115.2 104.31314394268126 1.053596 0.010646932177861734 
0.53 0.0 0.33430920000000003 6.121398532851806e-05 0.29647619999999997 0.001907020721441021 0.05022004 4.9101695286474516e-05 0.002636612 5.131283971891141e-06 0.12448800000000002 0.0006646342151884357 436.0042 0.04589675363789742 190340.6 40.46687533363032 1.042738 0.005519629987597356 
0.52 0.0 0.33130760000000004 7.145437702441013e-05 0.2980728 0.0007165482481971361 0.04980834 8.992470450339604e-05 0.0025967039999999996 8.945179528689803e-06 0.12826559999999998 0.0009165382523390078 436.19720000000007 0.1190292064595266 190507.8 103.72787474985724 1.0577299999999998 0.009213195753920943 
0.51 0.0 0.32832199999999995 4.681110987197798e-05 0.30383839999999995 0.0017962068388710896 0.049353299999999996 3.026056179335619e-05 0.002548156 3.120605838600227e-06 0.12695040000000002 0.0003669608807472915 436.4758 0.022592742213764963 190744.8 19.48004111001692 1.050122 0.00428136183941514 
0.5 0.0 0.32516480000000003 7.657540072639347e-05 0.3065494 0.0009566857624084879 0.048964259999999996 0.00010329958218733591 0.002509086 1.0547412801237346e-05 0.12848880000000001 0.0008527304099179043 436.875 0.13737394223884436 191091.4 120.97523713629623 1.059814 0.008141470432298018 
0.49000000000000005 3.332000937312528e-09 0.3221054 5.436807887936401e-05 0.3109558 0.001460855595875739 0.04874192000000001 0.00012007910858991816 0.002487254 1.2319330696103734e-05 0.1309592 0.0009973060673632195 437.379 0.1496398342576053 191530.2 130.9926410151428 1.072224 0.005277170908733097 
0.48 0.0 0.3189438 2.5498862724442604e-05 0.3166276 0.001521944929357792 0.04830818 4.834756167476407e-05 0.0024430799999999994 5.012584961900616e-06 0.13126480000000001 0.0007314363075479552 437.74180000000007 0.06943105923209021 191844.0 61.19673193390026 1.0755000000000001 0.0052231055895860575 
0.4699999999999999 2.356080457693621e-09 0.3158942 5.47309053298401e-05 0.3197156 0.0011650721385391084 0.048014280000000006 7.974910356821158e-05 0.002414748 7.494998545702992e-06 0.13400620000000002 0.0003956372479912608 438.09400000000005 0.11460087255985299 192148.4 99.64440777175156 1.078388 0.005228929068174557 
0.4600000000000001 3.332000937312528e-09 0.31272160000000004 5.4878483897399966e-05 0.32422120000000004 0.000691068181870717 0.0478064 0.000116584379742801 0.002392794 1.1100215349254263e-05 0.1343272 0.00024170484479751322 438.81859999999995 0.13390044064899015 192781.2 117.8600526039968 1.085504 0.0018429250662953525 
0.45 2.356080457693621e-09 0.30934160000000005 4.823077848114855e-05 0.3333932 0.0013758565157734727 0.04777869999999999 3.299947878616634e-05 0.002390718 2.847109973264845e-06 0.1381246 0.0006195428379060502 439.8262 0.05619779359348219 193665.8 49.0350079255454 1.10625 0.003435593689605565 
0.44000000000000006 3.332000937312528e-09 0.30593440000000005 4.528098933142353e-05 0.3331052 0.0013218567365641224 0.04766956000000001 6.553696117390158e-05 0.0023816880000000003 5.665089866867952e-06 0.14305459999999998 0.0010385775888210628 440.59139999999996 0.11558325140571644 194337.2 102.00525475972397 1.1156700000000002 0.006826430985511709 
0.43 0.0 0.3025486 5.389144641042985e-05 0.3429914 0.002190061489547746 0.047355100000000004 5.339192448243747e-05 0.002349382 5.411603385315555e-06 0.143148 0.0014433948039258328 441.18580000000003 0.08086452867230963 194857.2 71.09959211487339 1.118602 0.01269163768786336 
0.42000000000000004 3.332000937312528e-09 0.29902419999999996 6.062303196760244e-05 0.346961 0.0010680412351577158 0.047621279999999995 8.428508005638684e-05 0.00237684 7.913871366157628e-06 0.14951 0.0007750724353242464 442.47760000000005 0.11567457795856184 195998.4 103.03809004974147 1.137384 0.007502604134566843 
0.41 0.0 0.295515 6.555303193475999e-05 0.36262620000000007 0.0018961535887127086 0.047708459999999994 0.00013230659424282108 0.002384364 1.2772280798673119e-05 0.15197560000000002 0.001168465681139005 443.67960000000005 0.17333865118288094 197061.8 153.38354540509746 1.1552219999999997 0.0061881347108906784 
0.4 0.0 0.29180860000000003 4.366105812849786e-05 0.3688918 0.0010300814880409518 0.0477308 4.8607785385398566e-05 0.0023881180000000003 5.034467121751536e-06 0.1582234 0.000836729853656917 444.733 0.04877622367248846 197997.2 43.286395085658484 1.180274 0.005871552844005519 
0.39 0.0 0.288065 5.0403174461696275e-05 0.383301 0.0021224340932060885 0.04812598 9.205789221985585e-05 0.002427312 9.421618289866883e-06 0.164171 0.0012757976015022555 446.23100000000005 0.12858304703963216 199329.8 115.05317032021507 1.194308 0.006398076210865781 
0.38 0.0 0.2841982 5.2549709783133684e-05 0.3935696 0.001982626613359064 0.048383220000000005 0.0001289029042333228 0.002450674 1.2868344602172006e-05 0.1662112 0.0012765832648125187 447.6638000000001 0.15043254961119984 200607.2 135.43984642231902 1.2006219999999999 0.010315141647115545 
0.37 0.0 0.2803318 3.170160880350481e-05 0.4027494 0.002560625432977232 0.04890409999999999 8.181948423289445e-05 0.0025032199999999996 7.948818780194755e-06 0.173693 0.0007565043291355223 449.35599999999994 0.1061617634266875 202123.4 95.1960503408008 1.2179980000000001 0.003709712010379532 
0.36 0.0 0.27612320000000007 3.9645831984987764e-05 0.42266539999999997 0.001523505368550497 0.049403779999999994 3.961406215093682e-05 0.002555438 3.69814375056191e-06 0.1835176 0.0018424450841206463 451.1358 0.04318462689452235 203727.4 38.354765029762355 1.255762 0.008608262263661945 
0.35 0.0 0.2718404 6.998434113151434e-05 0.4319872 0.002577560449726247 0.05008094 9.022963415700805e-05 0.002624282 8.945901586769116e-06 0.1911362 0.0014479283794440621 453.1688000000001 0.11605426313200864 205563.6 104.51166442310772 1.272372 0.009112105969531653 
0.34 1.666000468656264e-09 0.2673896 6.235036488144053e-05 0.4553052 0.0024493994267971975 0.05119506 3.5338133508279884e-05 0.0027412239999999996 3.320358534917777e-06 0.2037772 0.0014547362207630267 455.6808 0.06278432925496444 207849.4 56.355017527175704 1.3217919999999999 0.00871336371328956 
0.33 1.666000468656264e-09 0.2627742 3.8290886622892035e-05 0.46868920000000003 0.002218875199733194 0.0519855 6.006957965702023e-05 0.0028238000000000004 4.815565594957142e-06 0.21170499999999998 0.0031848777558960953 457.84439999999995 0.05152211187926222 209823.2 46.25096754556998 1.336906 0.01708239739615089 
0.32 0.0 0.257985 3.341496666523065e-05 0.49555240000000006 0.0040711111564280585 0.05325246 6.0351693264964294e-05 0.002964152 7.011674493300634e-06 0.23095919999999998 0.0013574888404704378 460.5849999999999 0.0964891704425056 212345.8 89.58321272399826 1.406868 0.007391691227315456 
0.31 0.0 0.2528548 4.449665155464587e-05 0.5206056 0.00355691949416911 0.0550037 0.00010277851915614732 0.0031599779999999995 1.1471689117154102e-05 0.24994360000000002 0.0016292076994649414 463.954 0.12124850515794916 215461.0 112.54190330852404 1.442908 0.005069110691234033 
0.3 0.0 0.24752079999999999 3.051740488850498e-05 0.5457966 0.0026791233581170905 0.056976399999999996 6.790586425440848e-05 0.003387242 6.666802171967566e-06 0.270544 0.0035639059808025867 467.5158 0.0797703704621484 218781.8 74.2613762357475 1.50251 0.009710754450608953 
0.29 0.0 0.2420814 6.891478795611512e-05 0.5894425999999999 0.003069920645232069 0.05885638 0.00010549227232322349 0.0036099079999999998 1.2263275060131364e-05 0.28955 0.0022119746110660157 471.03139999999996 0.10149151692526971 222084.0 95.70997858112808 1.563774 0.010465022350667546 
0.28 0.0 0.2359738 5.1894816684697525e-05 0.623989 0.004398733881471399 0.061901000000000005 0.000161718268603128 0.0039905999999999995 2.0824800599296038e-05 0.326538 0.003344711658723914 475.78720000000004 0.1380627103606116 226595.2 132.20571848033416 1.6646 0.010902146944523801 
0.27 0.0 0.2292446 8.69117253477491e-05 0.6824381999999999 0.004437354828276503 0.06555364 0.00016662576415444114 0.004471238000000001 2.450784207554118e-05 0.370818 0.00709693117340212 481.33779999999996 0.2001961838017088 231919.2 194.56996684636655 1.791328 0.02666927541572598 
0.26 0.0 0.2223812 6.814302605524287e-05 0.7451032 0.005450214897782481 0.06985062 0.00028157619700571335 0.005074302 4.257029907341909e-05 0.431557 0.007243506659070248 487.271 0.24814834272312844 237681.2 245.67871702531855 1.9559179999999998 0.03057900945420392 
0.25 0.0 0.21435880000000002 0.0001232627762070228 0.8265724000000001 0.0033509267207695085 0.07569104000000001 0.0002720724765195393 0.0059492320000000005 4.138929343682531e-05 0.506255 0.006379877948676274 494.9842 0.2939381431619357 245277.2 291.72924433265405 2.15749 0.025645303507661615 
0.24 0.0 0.20532620000000001 0.00016073267246731671 0.9763994 0.009152004958914526 0.08367643999999999 0.00046347768671237485 0.0072752120000000005 8.151454448869651e-05 0.6537398000000001 0.010238684706151418 504.57559999999995 0.4266667645967582 254904.8 435.72719906076867 2.5384 0.042255798655328164 
0.23000000000000004 1.666000468656264e-09 0.19407999999999997 9.67756167698877e-05 1.253202 0.015718985819703688 0.09599416000000001 0.0002227316279288226 0.009593032 3.8703275768381856e-05 0.9463940000000001 0.013180922750701431 518.5342 0.19125718806966832 269270.8 195.51355962925274 3.2946979999999995 0.03954634743184712 
0.22000000000000003 1.666000468656264e-09 -0.45551139999999996 0.023998700682495485 276.055336 156.78366134153225 0.9357827999999999 0.030798289462112223 0.9186298 0.03432908083756371 100.00867009999999 57.07533192253743 1186.822 24.26692405724378 1435286.0 43107.99374593997 96.7879366 55.65301803340887 
0.21000000000000002 1.666000468656264e-09 -0.5110034 4.5337490027884016e-05 1.3664479999999999 0.005401886633385093 0.9916221999999999 9.840327915605796e-06 0.9833299999999999 1.97807989826962e-05 0.0419846 0.00019535521492921494 1231.0240000000001 0.010430721149586578 1515454.0 28.085583490467133 0.14686680000000002 0.0006713223607168503 
0.2 0.0 -0.5243048 4.2806915271136364e-05 1.297708 0.006062639953021973 0.9938982000000001 8.627396577021865e-06 0.9878444 1.7004940477860925e-05 0.03158837999999999 0.00011256214781229208 1233.188 0.01947305831953226 1520794.0 47.04040816149452 0.14300740000000003 0.00046733017021996113 
0.19 0.0 -0.5369918 3.853455583454616e-05 1.231992 0.0037949465345362243 0.9956714 3.1061255157634165e-06 0.9913694 6.315695053665167e-06 0.023333319999999998 0.0001291150414166889 1235.098 0.012774976789253708 1525502.0 32.42221460665511 0.14126940000000002 0.0006094565841790647 
0.18 0.0 -0.5491590000000001 2.599538384609171e-05 1.1849779999999999 0.003490546547473809 0.997064 9.134549154288335e-06 0.9941417999999999 1.837476681884599e-05 0.0164721 4.806910026208307e-05 1237.0220000000002 0.01507315209018582 1530254.0 35.50774563387543 0.13970639999999998 0.0002747810182696254 
0.17 8.33000234328132e-10 -0.5607314000000001 1.7743956182880818e-05 1.1419000000000001 0.0025247653356172267 0.9980640000000001 6.829345397760424e-06 0.9961354 1.3701387189411028e-05 0.01154752 9.996865668798406e-05 1238.652 0.013682104439126614 1534290.0 35.4400902933387 0.13879260000000002 0.0007639114922549801 
0.16 0.0 -0.5720542000000001 1.8311526132076313e-05 1.116578 0.006298865548649203 0.9988019999999999 5.912703025815432e-06 0.9976074 1.161240617740173e-05 0.00761897 4.2524371647337005e-05 1240.2740000000001 0.0166373050426959 1538308.0 40.7332787779231 0.1364244 0.0005565564553569489 
0.15 0.0 -0.5829705999999999 1.9790099169080424e-05 1.0831279999999999 0.0022802655985851112 0.9993024 3.9456265834520254e-06 0.9986062 7.804614581786267e-06 0.00468848 2.5726414752152175e-05 1241.746 0.015899684561855847 1541956.0 40.0599550673737 0.1358664 0.0007652323359608804 
0.14 0.0 -0.5936814 2.773387792682119e-05 1.055366 0.004063253474748301 0.9996248 2.0668882834965074e-06 0.9992507999999999 4.302564183454361e-06 0.0026791579999999996 1.4482403502196275e-05 1243.22 0.010198036757974219 1545624.0 23.596609926004202 0.13612280000000002 0.0003044223907650061 
0.13 0.0 -0.6041804 1.795461002545423e-05 1.04972 0.006724359895183653 0.9998137999999999 1.7297546217208949e-06 0.9996274000000002 3.5054170132170057e-06 0.001435524 1.4318269336757394e-05 1244.614 0.011865915663511894 1549084.0 29.475413483104862 0.13628200000000001 0.0004433554781424344 
0.12 0.0 -0.6145854 2.3163074057774997e-05 1.0317599999999998 0.0018815355431357258 0.9999202 1.2774823806289864e-06 0.9998412 2.5043971604910013e-06 0.0006576425999999999 9.068406685190963e-06 1245.9859999999999 0.0060663080987402125 1552502.0 14.25482374496437 0.135209 0.0004207527540015961 
0.11000000000000001 8.33000234328132e-10 -0.6248821999999999 2.1472587757516038e-05 1.0263680000000002 0.004368036080430807 0.99997 4.898834647168384e-07 0.9999397999999999 1.1798483110959673e-06 0.000272862 4.36793958749374e-06 1247.298 0.0071554122313653755 1555768.0 18.41738309315414 0.1351488 0.000530674468954133 
0.1 0.0 -0.6350778 1.5423099194811932e-05 1.022218 0.0012704846319375703 0.9999904 3.577830554110696e-07 0.9999812 5.215193539770799e-07 9.289750000000001e-05 3.105503078214483e-06 1248.634 0.009633276085167173 1559098.0 25.203174403237384 0.1345846 0.0010828628204900665 
0.09 0.0 -0.6452878 8.253000425742123e-06 1.0182639999999998 0.004160608224777362 0.9999976 2.1915348056849172e-07 0.9999955999999999 2.1915348056849172e-07 2.485152e-05 1.5724635859440486e-06 1249.938 0.015594869112419942 1562364.0 37.69350076604719 0.1353686 0.0007508009376656025 
0.08 0.0 -0.6554414000000001 8.720549875288399e-06 1.0135602000000001 0.0056150681591525 0.9999994000000001 2.189507483506605e-07 0.9999990000000001 4.712160915387242e-09 5.8575639999999995e-06 9.9868094930303e-07 1251.27 0.011661904266296574 1565688.0 30.252272641902458 0.13396619999999998 0.0005423946459913822 
0.07 0.0 -0.6655748000000001 7.835302756499364e-06 1.013213 0.00498945760580078 1.0 0.0 1.0 0.0 4.95982e-07 4.436197870465203e-07 1252.59 0.006928202722687314 1568994.0 15.899685531481431 0.13380340000000002 0.00041842472202131684 
0.06 0.0 -0.6757008000000001 7.0846293340023435e-06 1.008926 0.0024751155124524203 1.0 0.0 1.0 0.0 0.0 0.0 1253.892 0.007694155683559368 1572252.0 18.41738309315414 0.1344934 0.00041388052382160376 
0.05 0.0 -0.6858076000000001 2.864958960152177e-06 1.0112602000000002 0.0057783634388945924 1.0 0.0 1.0 0.0 0.0 0.0 1255.188 0.004381775888125473 1575508.0 11.798304963002101 0.13383720000000002 0.0002751528157208431 
0.04 0.0 -0.6958916 5.371031517381818e-06 1.0060688 0.005161195415023716 1.0 0.0 1.0 0.0 0.0 0.0 1256.4940000000001 0.004560693538357784 1578784.0 12.837445228704969 0.1335156 0.0004880450471010028 
0.03 0.0 -0.7059398 3.871949965211071e-06 1.0054012 0.0023878910259871595 1.0 0.0 1.0 0.0 0.0 0.0 1257.786 0.007797435302707524 1582028.0 18.633303518163384 0.1352246 0.0002903729463981513 
0.02 0.0 -0.7159818 1.8633364348315482e-06 1.0038662 0.004760445074989103 1.0 0.0 1.0 0.0 0.0 0.0 1259.088 0.005932961756114982 1585304.0 15.126136320951229 0.13331579999999998 0.0006508960224185603 
0.01 0.0 -0.7260004 1.0807503112593316e-06 0.9983083999999998 0.003025713279232145 1.0 0.0 1.0 0.0 0.0 0.0 1260.382 0.0033466389333282253 1588562.0 10.353743284435827 0.13457619999999998 0.00030685415428289555 
