0.0 0.0 -1.0 0.0 nan nan 1.0 0.0 1.0 0.0 nan nan 1024.0 0.0 1048580.0 0.0 nan nan 
0.01 0.0 -0.9899990000000001 1.4696806111767054e-06 1.009398 0.00281284681416314 1.0 0.0 1.0 0.0 0.0 0.0 1022.9279999999999 0.005932961756114982 1046386.0 9.633275663033835 0.11136019999999999 0.0007024874319164436 
0.02 0.0 -0.9799832 2.339230777497379e-06 1.0027758 0.0036515814261761557 1.0 0.0 1.0 0.0 0.0 0.0 1021.844 0.004560701196089428 1044166.0 7.797435475847172 0.11194540000000001 0.0005184638540913522 
0.03 0.0 -0.969942 5.176870140719539e-06 1.0045612000000002 0.0033828524697316134 1.0 0.0 1.0 0.0 0.0 0.0 1020.7700000000001 0.008944269519288168 1041974.0 16.14930339054908 0.1120776 0.0003858402363675297 
0.04 0.0 -0.9598711999999999 3.648566891112998e-06 1.0079498 0.0026695046791583546 1.0 0.0 1.0 0.0 0.0 0.0 1019.686 0.007797435302707524 1039768.0 16.34625339336204 0.11194219999999999 0.0003197162992402826 
0.05 0.0 -0.9498054 9.881700298853872e-06 1.0030223999999999 0.004461086653275521 1.0 0.0 1.0 0.0 0.0 0.0 1018.608 0.008671794152097744 1037568.0 17.527121840165314 0.1110802 0.0005966976721923492 
0.06 0.0 -0.9397052 6.414981911465253e-06 1.0093724 0.0030637688894506374 1.0 0.0 1.0 0.0 0.0 0.0 1017.51 0.0040000006770714545 1035330.0 10.198039027185569 0.11191960000000001 0.0004558728419193552 
0.07 0.0 -0.9295709999999999 1.2039933536342562e-05 1.009436 0.002915190010954104 1.0 0.0 1.0 0.0 7.44012e-07 2.7167477030302237e-07 1016.414 0.00606629850349612 1033108.0 11.099549540409287 0.11147499999999999 0.0005045152128532312 
0.08 0.0 -0.9194279999999999 9.579146308913526e-06 1.0088236 0.003236816579294733 0.9999996 2.1905213791309883e-07 0.9999990000000001 4.712160915387242e-09 5.640689999999999e-06 9.40426008347282e-07 1015.308 0.005215361690874409 1030858.0 10.353743284435827 0.11236679999999999 0.0004170280949775782 
0.09 0.0 -0.9092513999999999 1.140035149145317e-05 1.019566 0.00437652611097123 0.9999976 2.191028151001072e-07 0.9999952000000001 3.346297868745299e-07 2.658246e-05 2.1174493472288884e-06 1014.216 0.009208691209028324 1028648.0 19.05780679931455 0.1130662 0.00024427908629208776 
0.1 0.0 -0.8990472 1.7833451733597374e-05 1.020476 0.0038034190934057945 0.9999892000000001 1.7875183537158996e-07 0.9999787999999998 1.7900010192925033e-07 0.00010629419999999998 8.229168803719702e-07 1013.14 0.010954451410257573 1026462.0 21.79908254950194 0.11235599999999998 0.0001864358334664812 
0.11000000000000001 8.33000234328132e-10 -0.8888558 1.3444404537084056e-05 1.0238399999999999 0.002800467103902885 0.9999665999999999 6.066804242133842e-07 0.9999334 1.314523989886486e-06 0.0003050318 5.401586747614145e-06 1012.03 0.011661903268043424 1024218.0 23.047776465420693 0.11267559999999999 0.00028975404742785416 
0.12 0.0 -0.8785366 2.4679708309801733e-05 1.0315079999999999 0.003600050444100085 0.9999136 8.294607937450747e-07 0.9998276 1.5646077337075529e-06 0.0007208766000000001 7.715535085007056e-06 1010.9219999999999 0.003346642411900717 1021980.0 6.324555320336758 0.11212659999999999 0.00034051638433434697 
0.13 0.0 -0.8681165999999999 1.1981987486879286e-05 1.052042 0.004955840513983763 0.9998048 9.121409620525175e-07 0.9996103999999999 1.7343568992564402e-06 0.0015001020000000001 8.377018753707947e-06 1009.7819999999999 0.00819756200035125 1019672.0 16.589153082662175 0.1133142 0.0006006016583391085 
0.14 0.0 -0.8575956000000001 2.865881956734221e-05 1.057502 0.00880772996861565 0.9996078 1.480526165401487e-06 0.9992167999999999 3.141979713745048e-06 0.002809316 6.463422994039849e-06 1008.624 0.010430722265667759 1017342.0 22.163032283512106 0.1133032 0.0005319166400851155 
0.15 0.0 -0.8469002 1.6597349209010172e-05 1.084698 0.0028608633661917405 0.9992756 2.9339323083888117e-06 0.998553 6.013319243226849e-06 0.004834832 2.226423129596944e-05 1007.4860000000001 0.008294574436557857 1015046.0 17.572706109191035 0.1137492 0.0002398410140086228 
0.16 0.0 -0.8359724 3.970954554918415e-05 1.1174559999999998 0.00161837103287932 0.9987726 4.600869557554753e-06 0.9975488 9.136299178289803e-06 0.0076439260000000005 2.4110794030874615e-05 1006.2719999999999 0.01425482493283832 1012604.0 31.445190411253677 0.1135032 0.0004163660312758941 
0.17 8.33000234328132e-10 -0.8247099999999999 1.5674182902770826e-05 1.148276 0.0029910461046261426 0.9980454 3.027874154784196e-06 0.9960983999999999 5.963894482989467e-06 0.0115689 5.30937209093383e-05 1005.0220000000002 0.013084339998010284 1010088.0 26.442390209661454 0.11439619999999999 0.0002503542130675371 
0.18 0.0 -0.8129542000000001 2.407222427425398e-05 1.184134 0.005252314232788302 0.9970128 6.446086292058099e-06 0.9940404 1.3034107961737079e-05 0.01674724 6.411455123449729e-05 1003.6539999999999 0.012837446948251056 1007344.0 24.42949037536395 0.1155226 0.000308418235517542 
0.19 0.0 -0.8008626 3.5599550844141326e-05 1.2331759999999998 0.008324657158112522 0.9956492000000001 9.283962767947188e-06 0.9913250000000001 1.863974097143483e-05 0.02306194 8.129522298392078e-05 1002.292 0.008671792809638172 1004606.0 17.34358671094304 0.11746419999999999 0.0005547684489949258 
0.2 0.0 -0.7880925999999999 2.404429271427531e-05 1.296722 0.005704531111315876 0.9938640000000001 9.10823650467986e-06 0.9877762000000001 1.8212960346822066e-05 0.031293520000000005 0.00011614129119276754 1000.7400000000001 0.017663519779482603 1001502.0 35.37230555109463 0.1178236 0.000472679984767888 
0.21000000000000002 1.666000468656264e-09 -0.7748670000000001 6.714938543002006e-05 1.36245 0.0053099242932497836 0.9916326 7.454394318126633e-06 0.9833502 1.4798379868040435e-05 0.04061968 0.00011480757257253546 999.1630000000001 0.009156415232349021 998352.0 18.33030277982336 0.119951 0.0006878963293985472 
0.22000000000000003 1.666000468656264e-09 -0.7609154 4.120543636176181e-05 1.430058 0.006023334226151668 0.9889096 1.9017044413654443e-05 0.9779614000000001 3.7614464636757356e-05 0.05193363999999999 0.00015066913844677282 997.4581999999998 0.023309055675406424 994949.6 46.56745674120233 0.12074560000000001 0.0005321060495798553 
0.23000000000000004 1.666000468656264e-09 -0.7462815999999999 4.625546490798994e-05 1.499812 0.009036409641004491 0.9856491999999999 1.2034618201410795e-05 0.9715301999999999 2.3708901311319586e-05 0.06450464 0.0002731221259434025 995.6234000000001 0.011915031378075803 991293.4 23.779991343170206 0.1223784 0.0005385457157946398 
0.24 0.0 -0.7308178 3.884780535835362e-05 1.5869659999999999 0.0049167099568869065 0.981728 2.038234514273204e-05 0.9638232 4.007333238869801e-05 0.07967824 0.0003703030743598945 993.6098 0.020869883188041925 987290.0 41.379221720984255 0.12482679999999999 0.0005588595100746432 
0.25 0.0 -0.7143754 2.495531992843698e-05 1.6717499999999998 0.009706320827177149 0.9771671999999999 1.7507484564282488e-05 0.9548982 3.430731689825564e-05 0.0964749 0.00023180334941477835 991.427 0.01222129370049015 982959.2 24.145227615443233 0.12826379999999998 0.00042847799476943417 
0.26 0.0 -0.6969828 1.3509700011715782e-05 1.7747039999999998 0.006295307839977373 0.971856 2.0364675093934656e-05 0.9445560000000001 3.961110966674231e-05 0.11510499999999999 0.0003808829741542948 988.9842000000001 0.011765710793330561 978124.4 23.29394787949222 0.13178260000000003 0.00045542706111766025 
0.27 0.0 -0.6786586000000001 5.113793092701509e-05 1.893354 0.008011214439775673 0.965772 1.702233873418233e-05 0.9327806000000001 3.299769605807304e-05 0.1377644 0.0005264587049339634 986.3619999999999 0.01761817343632153 972946.8 34.76020674070063 0.1372432 0.0003614861989049585 
0.28 0.0 -0.6592832 0.00010106805638780538 2.0053080000000003 0.011769277089080389 0.958931 2.345207834913193e-05 0.9196275999999999 4.5182829343496177e-05 0.16146080000000002 0.0004804511546441951 983.4995999999999 0.015177881507911441 967310.2 29.87226182208484 0.1410502 0.00046229275573076665 
0.29 0.0 -0.6386722 7.591700715108526e-05 2.1254979999999994 0.008129095595482983 0.9510728 4.640293062407912e-05 0.9046354000000001 8.833282494299874e-05 0.1905964 0.0004992530100052668 980.2950000000001 0.018958902032260135 961021.0 37.2955762760897 0.1493364 0.0003756259415965797 
0.3 0.0 -0.6165552 3.963776002244731e-05 2.2529820000000003 0.00937003368188932 0.942108 2.720000061913795e-05 0.8876832 5.131112958284163e-05 0.2219706 0.0004977220589858867 976.6592 0.018832736583296542 953909.2 36.51454520761213 0.15754200000000002 0.000834642102939097 
0.31 0.0 -0.593307 4.259953047271459e-05 2.431354 0.005562677484815631 0.9322113999999999 3.155769381152185e-05 0.869159 5.892707367562345e-05 0.26173959999999996 0.00024931082608498805 972.7642 0.012494479390808765 946321.4 24.13727373583101 0.1678504 0.0008508617561029843 
0.32 0.0 -0.5682392 0.00011417404257856654 2.6118499999999996 0.02035014948349207 0.9209504 5.8224119076928734e-05 0.8483196 0.0001058540884198828 0.3058464 0.0027112593324860666 968.3036 0.03605174106841684 937668.4 69.81438245839372 0.1830544 0.0009384229579451988 
0.33 1.666000468656264e-09 -0.540964 0.00021500232555599706 2.8245980000000004 0.007400602353817725 0.9080299999999999 0.00012397709490530415 0.8247247999999999 0.00022471820577876133 0.36014999999999997 0.0007928625605995967 963.0626 0.06783485851826808 927553.4 130.51301850025104 0.2003526 0.0007908744830878898 
0.34 1.666000468656264e-09 -0.5117974000000001 9.095079983722753e-05 3.0485619999999995 0.015592980318087596 0.8933755999999999 6.0476508008358905e-05 0.7983722 0.00010751758925084981 0.4273956 0.003377002038495264 957.1637999999999 0.03221105469752439 916236.4 61.734657957779774 0.2257542 0.0015851394487554596 
0.35 0.0 -0.4797962 0.00016445921075400834 3.385754 0.02735603868984393 0.8765015999999999 0.00012462827941865797 0.7685687999999999 0.0002180257599855616 0.5166468000000001 0.0034734250347445914 950.2144000000001 0.058244724656559714 902995.0 110.7411396004213 0.2620736 0.0021987407778081636 
0.36 0.0 -0.4427746 0.00026913722893249115 3.8709499999999997 0.025654595066003625 0.8557539999999999 0.00017248327465311616 0.7327237999999999 0.0002920749767275864 0.6539278 0.006364905839995837 941.281 0.08212234783294692 886120.4 153.89570490524176 0.32737720000000003 0.002728308272904226 
0.37 0.0 -0.40095559999999997 0.0004026971666287287 4.664418 0.05780172477703706 0.8307184 0.0002838146719059355 0.690658 0.0004699056075480075 0.8784452 0.010091571752308584 930.1205999999999 0.16400819508379322 865276.2 304.90213513801234 0.44211100000000003 0.00486545849021365 
0.38 0.0 -0.3490082 0.00037991192663521434 5.960678 0.08605777080079402 0.7970456 0.00023806815826406215 0.6361338 0.00038185373117485436 1.290896 0.02221767559399397 914.4048 0.11357091175621101 836368.8 207.52819562059287 0.6694078 0.01276245374024898 
0.39 0.0 -0.26983860000000004 0.001393349047436203 11.4159 0.4821684726317132 0.7386264 0.001166992496968812 0.547719 0.001654746675477219 3.164992 0.1728916743258625 884.528 0.6687989832424037 783048.8 1157.4411570280458 1.9040400000000002 0.11826193683514466 
0.4 0.0 -0.021836346 0.004838787430736423 27.839160000000003 1.8197593536728844 0.5014445999999999 0.0052688151578919535 0.2607778 0.005638096440466586 13.237 0.777792958569315 743.0442 3.3544454373269796 555928.4 5113.383166553784 12.63594 0.6774978149632637 
0.41 0.0 0.09887774 0.0005927301818533687 5.395587999999999 0.13487916376965872 0.36663300000000004 0.0008179368190715323 0.1369268 0.0006240241918388413 3.517056 0.08604288166257204 654.4188 0.5567860917597505 429485.4 738.0004661207096 4.545610000000001 0.11183839369374635 
0.42000000000000004 3.332000937312528e-09 0.1403734 0.0003754667069132423 2.807372 0.04991631031236166 0.31897919999999996 0.00045102597708427885 0.1032128 0.0002881512658311676 2.0077100000000003 0.04430682358282719 620.9122 0.32812648782435366 386305.8 406.553947226706 2.9635239999999996 0.06551107458133149 
0.43 0.0 0.16392 0.0003064732288473493 2.1151880000000003 0.01519618515284816 0.2938612 0.0004476102232969989 0.08754792 0.0002670818711927702 1.5974239999999997 0.011727002208582934 602.812 0.36903192271626983 364042.4 446.9699408202146 2.5432539999999997 0.012988650615069859 
0.44000000000000006 3.332000937312528e-09 0.1826596 0.00036770342396847484 1.689732 0.015016046723422237 0.2743882 0.0005317693785822706 0.07629872 0.00029701184811386973 1.320124 0.009854579280717835 588.3729999999999 0.4454176467148789 346763.4 525.6671646547992 2.2376980000000004 0.014264206223960293 
0.45 2.356080457693621e-09 0.1976794 0.0002925311060382256 1.386056 0.010484950204937013 0.2599412 0.00035328078351635377 0.06843268 0.00018978314867266666 1.1040880000000002 0.012640410562949067 577.5378 0.2938777160902415 334062.2 343.02156200199863 1.968492 0.019287799127945038 
0.4600000000000001 3.332000937312528e-09 0.21027279999999998 0.00023826848721996926 1.187246 0.010823677970080364 0.2483686 0.0003258782103799372 0.06245666 0.00016370047672535133 0.9632078 0.008822493041765887 568.6772 0.29404236432541997 323861.4 336.1124335638535 1.7864600000000004 0.016037405026990966 
0.4699999999999999 2.356080457693621e-09 0.2220482 0.0001667696375229517 1.057466 0.0030450203283319387 0.2379904 0.00026812274801103894 0.05735152 0.00012656870197606338 0.8721838 0.0055489352593122345 560.5971999999999 0.23277841826969303 314717.2 260.1008112207278 1.6984319999999997 0.01365029798942761 
0.48 0.0 0.23147160000000003 0.00011470888368781192 0.954086 0.007162909213440553 0.2305738 0.00020070304432347682 0.053824859999999995 9.252691975919616e-05 0.7924684 0.008131861187206891 554.5772 0.18039654101479732 307977.4 197.5972874242876 1.5841740000000002 0.019846167912217237 
0.49000000000000005 3.332000937312528e-09 0.2409236 0.00017206803306156276 0.8590948 0.004054028065021867 0.22323120000000002 0.000194717107617954 0.0504497 8.630047971983358e-05 0.7257558 0.0068229481569185655 548.6166 0.12472998038996126 301380.0 137.2737411116172 1.487096 0.015037225435566477 
0.5 0.0 0.24913520000000006 0.0001393968148630309 0.7962382000000001 0.005987621320021799 0.2174978 0.00023348582826441129 0.047896680000000004 0.0001027289536591943 0.6809246 0.0057008587114585505 543.7891999999999 0.1926024714506178 296101.8 209.1274061503509 1.451788 0.013359282435818232 
0.51 0.0 0.25724860000000005 0.0001566380796424732 0.7515814000000001 0.0035403733543220854 0.21187740000000002 0.00017287142042011954 0.04546254000000001 7.395834827668832e-05 0.6441458 0.002412812688959365 539.0681999999999 0.20393281247859044 290983.4 219.63380431677 1.41354 0.007960453253425691 
0.52 0.0 0.26393300000000003 3.6339510181615316e-05 0.6845502 0.0034002656531504855 0.20835379999999998 4.9034192174609734e-05 0.04394292 2.2197142156442597e-05 0.5888416000000001 0.002058201478958962 536.0054 0.04178956808522312 287668.4 44.95206332791102 1.3151959999999998 0.00351986317917139 
0.53 0.0 0.27085339999999997 7.585385950809246e-05 0.6532709999999999 0.005933026478957295 0.2044458 0.00018496429925251364 0.042311699999999994 7.944038771376386e-05 0.5580510000000001 0.0046013991350442665 532.5866 0.1555870432120642 284007.2 168.4758498908967 1.2703039999999999 0.010366652535901142 
0.54 0.0 0.27714639999999996 0.00012492384881992866 0.6226248 0.0032219279371199987 0.2008708 0.0001723548432800747 0.040846160000000006 7.099129862084216e-05 0.53003 0.0035514992214552813 529.2474 0.12288778622723016 280455.6 130.74390235234426 1.233984 0.008308063360370228 
0.55 0.0 0.2833526 6.97151920311923e-05 0.5990996 0.0025027542684045766 0.1980154 0.00012676643088089298 0.03970324 4.7873212551429684e-05 0.5163034 0.0036355550838925534 526.5866 0.12088956947688322 277650.4 125.52277879419263 1.2316319999999998 0.009183858622608431 
0.56 0.0 0.2892372 0.00010320596881410046 0.5712424 0.005294926693354827 0.1952448 7.616791975574572e-05 0.038597320000000004 3.271128734767958e-05 0.49046319999999993 0.005370731893514757 523.975 0.07004398618187016 274896.0 74.1242200633504 1.1803599999999999 0.01335672474823146 
0.57 0.0 0.2950644 0.00017878178877834682 0.5511598 0.002737395454076662 0.1927838 0.00017011088148687962 0.03763086 6.175357220423139e-05 0.4699664 0.0045032856680431235 521.5338 0.19185773894745364 272340.8 196.9126506889356 1.154638 0.012228912429155964 
0.58 0.0 0.30020300000000005 0.00010258147978578158 0.5300746000000001 0.0028588097887059824 0.19104139999999997 0.00017758234147258927 0.03695156 6.84448718307451e-05 0.45142160000000003 0.0015900631081810445 519.775 0.1234870033690671 270507.8 127.82344073264662 1.1332280000000001 0.005252463345891913 
0.59 0.0 0.305242 4.182056909044087e-05 0.5151242 0.0033962476635252463 0.1895078 0.00013465077794438737 0.03635978 5.100536756012997e-05 0.4359242 0.0008800026545442047 518.1384 0.13618534423501152 268802.4 141.68263125474334 1.095868 0.0029806085284768626 
0.6 0.0 0.3103104 6.614928572675189e-05 0.497975 0.0029529710462531875 0.1881496 0.00017406265538580406 0.03583534000000001 6.36941604851062e-05 0.41758039999999996 0.0019058092160558918 516.6918 0.1368559535044369 267299.8 140.0266831718943 1.061546 0.005527783353206319 
0.61 0.0 0.3154006 6.310727380717321e-05 0.477865 0.0022450165611870567 0.186467 0.00012315063946315524 0.03520047999999999 4.898546233467753e-05 0.40644920000000007 0.0033230640607719605 514.8738000000001 0.10615098677331994 265425.0 111.93426641908766 1.051172 0.008503970084612336 
0.62 0.0 0.3201658 5.397436431172347e-05 0.4747237999999999 0.0012500632112063812 0.1853864 0.00015290744913039228 0.03479918 5.673573406575588e-05 0.4003698 0.002258967682814821 513.5595999999999 0.13653119795767266 264076.0 140.25519598653273 1.043966 0.0046957620041969215 
0.63 0.0 0.3249318 9.996255299449838e-05 0.45924519999999996 0.004613846329474583 0.18425460000000002 0.00013100522126080263 0.03436785999999999 4.948377188628593e-05 0.38214400000000004 0.0028728994134835147 512.1056000000001 0.11032700476370107 262578.0 114.48563228899228 1.009305 0.00955224134536095 
0.64 0.0 0.3295194 0.00011889511341209084 0.4509702 0.0014474893685269626 0.1834126 0.00022893380702568024 0.03405756 8.229160637623609e-05 0.3753442 0.0021460169691758725 510.97020000000003 0.21188438354374578 261419.2 214.7380543806955 1.0031805999999999 0.008479393212255607 
0.65 0.0 0.33367800000000003 0.00011336913159943441 0.44164319999999996 0.0030679368754926006 0.18265360000000003 0.00013992186390255688 0.0337741 4.9465082634014995e-05 0.36481319999999995 0.002066606927310442 509.9504 0.16574331962167102 260373.4 167.2238260541335 0.9765499999999999 0.008539901203178471 
0.66 3.332000937312528e-09 0.3381192 0.00012112651237847644 0.43351680000000004 0.0012528705407964017 0.1823178 0.00016876620514654585 0.033647579999999996 6.169491000085624e-05 0.3558142 0.002531544072695127 509.2826 0.19541209789814679 259695.0 199.96059611680909 0.9693795999999999 0.008081617841006573 
0.67 0.0 0.3426902 7.348382132666762e-05 0.42935619999999997 0.0014250911381389977 0.18156679999999997 9.59497368499694e-05 0.03336976 3.373212830588792e-05 0.34663659999999996 0.001956775993312936 508.1136 0.09127304094507478 258501.6 92.27029857249421 0.9460362 0.007158841321890538 
0.68 3.332000937312528e-09 0.3468094 0.00010611563503525429 0.4207382 0.0003856995099759836 0.1812974 0.00026303925182609775 0.0332678 9.637567327881631e-05 0.33777359999999995 0.0013971039932673074 507.54299999999995 0.2866032798355459 257920.4 291.6099586790435 0.9266971999999999 0.002813686996104054 
0.69 0.0 0.3508048 0.00012198865520794054 0.4152446 0.0011298310174542338 0.1810274 0.00019286650305202948 0.033173600000000004 7.09906867123513e-05 0.33599560000000006 0.001213912108842415 506.85159999999996 0.18690138580022078 257225.4 190.0977853653047 0.9349065999999999 0.004128278387902246 
0.7 0.0 0.3552384 9.550313083396253e-05 0.40909720000000005 0.0020928833584300207 0.180467 0.00010489156305919581 0.03296916 3.703622659063675e-05 0.32974320000000007 0.00137396228186524 505.8656000000001 0.11553859952120923 256227.2 114.47284393779401 0.9238502000000001 0.007345279209940183 
0.71 0.0 0.35918279999999997 0.00010490201141528828 0.40257819999999994 0.0011758118352911673 0.18041539999999998 0.00012118237496051882 0.032940399999999995 4.306020901132032e-05 0.3168028 0.0010315249449244094 505.42539999999997 0.14981070724612403 255772.2 151.00447675119224 0.8847198000000001 0.002299754480802493 
0.72 0.0 0.3631782 0.00012788100719602204 0.397763 0.0015632687804726804 0.1803468 0.00015419712059764216 0.03291634 5.5554662090198825e-05 0.3130268 0.0008858627613803464 504.87700000000007 0.22263297148315686 255223.6 223.502769555463 0.8879032 0.00444523992063647 
0.73 0.0 0.3672576 9.408999947810693e-05 0.3934342 0.0009158980030567672 0.18049339999999997 0.00013631041046926242 0.0329614 5.0807865532680145e-05 0.3025238 0.0026211596120803097 504.62800000000004 0.20553870681325984 254966.4 208.2778144680147 0.860444 0.00972004552664264 
0.74 0.0 0.3709772 7.487664518092407e-05 0.38892099999999996 0.0012595181300840731 0.180308 3.8417704235376674e-05 0.03290158 1.2135910349636626e-05 0.30404839999999994 0.0023018771922071325 503.986 0.04985017563310658 254327.8 48.835560824440186 0.8735480000000001 0.0104887130306819 
0.75 0.0 0.3749066 4.1910953232170095e-05 0.38401199999999996 0.001178523856358169 0.18036800000000003 0.0001355374486937579 0.032922179999999995 4.91491070115434e-05 0.29915780000000003 0.0012795050730639698 503.5732 0.14676386477599723 253911.0 149.4710674344704 0.8603095999999999 0.004682631538784824 
0.76 0.0 0.3789182 5.423460157259506e-05 0.38583400000000007 0.001294287232412525 0.18054420000000002 0.00010181017630371914 0.032982620000000004 3.594347117335427e-05 0.2928228 0.002610304601382918 503.2848 0.10916460961324229 253621.0 108.56850371859613 0.850385 0.008370679336830559 
0.77 0.0 0.3826552 8.391776928494039e-05 0.38150359999999994 0.0004828768455973448 0.18076279999999997 0.00017019903642893406 0.033060940000000004 6.113975204382755e-05 0.2884514 0.0012264104565754544 503.05820000000006 0.17319039230195385 253392.6 173.70149107069605 0.8391185999999999 0.0058560375313024705 
0.78 0.0 0.3863842 6.614009371844774e-05 0.37730119999999995 0.001737360743198717 0.1811864 8.610765355010517e-05 0.0332157 3.354056648274671e-05 0.28584639999999994 0.0019127967712244077 502.99879999999996 0.10036549215887565 253333.8 103.31288400014417 0.8307093999999999 0.007373467382990868 
0.79 0.0 0.390166 9.846014421798805e-05 0.3740672 0.0018031205927514895 0.1812074 0.00010395021885493853 0.03321892 3.7725041021247104e-05 0.279066 0.0014348917450463883 502.42359999999996 0.10054515409960574 252752.4 100.62945890984548 0.8132170000000001 0.005301391040092989 
0.8 0.0 0.3940078 8.620459385656529e-05 0.3680044 0.000859458741304235 0.18133439999999998 8.68905518419491e-05 0.03326324 3.281519891791382e-05 0.2743488 0.0020530248395966588 502.1536 0.1239227501734871 252481.6 125.8559811782978 0.8046076 0.0076125229541861164 
0.8100000000000002 4.712160915387242e-09 0.39737480000000003 9.596516035457241e-05 0.36994819999999995 0.0016970840497766801 0.18179620000000002 5.857535316785113e-05 0.03343336000000001 2.118999008602644e-05 0.2727146 0.0012992598693104896 502.0152 0.09779382394065687 252346.6 96.93238880251741 0.8054918000000001 0.005306409523583086 
0.82 0.0 0.4013292 9.546827745965653e-05 0.3652812 0.0008376951903919713 0.1822348 0.00024622012915195466 0.033595019999999996 9.029186187064147e-05 0.27053839999999996 0.0011269678824193847 502.03540000000004 0.2539036982779476 252369.8 255.4089113579195 0.8016714 0.005106669228371197 
0.8299999999999998 6.664001874625056e-09 0.4048246 8.154144958079432e-05 0.366324 0.0012398984151958431 0.1827478 0.00010415503828501225 0.03378064 3.853551712354897e-05 0.2663824 0.0013557715323754564 501.91580000000005 0.114263694995874 252247.2 114.33123807256939 0.7867602 0.004535437966943712 
0.8400000000000001 6.664001874625056e-09 0.40864700000000004 0.00012116071969191698 0.36235720000000005 0.0011196581049550546 0.18295279999999997 0.00020644949019515727 0.03385222 7.656912902705046e-05 0.26077859999999997 0.00120269885175102 501.71500000000003 0.23133404417156272 252044.0 231.19359852795486 0.7736784 0.006050307387893621 
0.85 0.0 0.4121746 0.00015137333978654485 0.3581698 0.002268635790954466 0.18364540000000001 6.96187331071502e-05 0.03410634 2.2791974025619433e-05 0.2579672 0.0021395378828156604 501.8636 0.07499845330560782 252194.6 73.74637618132792 0.7675976 0.0062296009605737855 
0.86 0.0 0.4157494 0.00010777925589297826 0.3584574 0.0013044963656537957 0.1839806 7.07093204771283e-05 0.03423062 2.7564432154128826e-05 0.2556836 0.0014714673112237759 501.674 0.09546559590178336 252007.6 97.9716693721851 0.7668172 0.00676437893912067 
0.8699999999999999 6.664001874625056e-09 0.41939760000000004 6.812964112112132e-05 0.3571556 0.0007717466734614556 0.18441140000000003 0.00012937097046014724 0.034388440000000006 4.9736148623171935e-05 0.25210140000000003 0.001454659591794291 501.51959999999997 0.14762482176990444 251854.0 149.06642814530707 0.7610433999999999 0.004220510666734918 
0.8800000000000001 6.664001874625056e-09 0.42282279999999994 6.29014467562435e-05 0.3564374 0.0027158952203645195 0.18521159999999998 8.765642019378165e-05 0.03468616 3.454910244777545e-05 0.2505402 0.0017665428021990549 501.9196 0.11395809758652649 252254.0 116.88455843266894 0.7483266 0.006312973914723538 
0.89 0.0 0.4264216 3.687015056698706e-05 0.35300739999999997 0.0015424359072593022 0.18541480000000002 0.00012231349884035523 0.03475994 4.697295051367867e-05 0.24669020000000003 0.0012122625920145623 501.52 0.14693182092016976 251854.8 149.1435281912788 0.7448387999999999 0.005553979916422388 
0.9 4.712160915387242e-09 0.4300976 0.00012133774349437546 0.3518512 0.000895207301132987 0.18599839999999998 0.00015383877274618583 0.03497386 5.607659476074685e-05 0.2421008 0.0013996882624355768 501.62299999999993 0.1890290983379807 251956.4 188.82830296297726 0.7322984 0.00727622868579466 
0.9099999999999999 6.664001874625056e-09 0.43337180000000003 8.786735452156651e-05 0.35127579999999997 0.0008157591016995417 0.18701700000000002 0.00011092664241326558 0.03535598 4.1146765607070636e-05 0.24089619999999998 0.0014638378708044016 502.16139999999996 0.1268591660562045 252496.2 127.3883511150721 0.7221394 0.006782693728011787 
0.9200000000000002 6.664001874625056e-09 0.4368874 9.183968643135139e-05 0.34825860000000003 0.001107014565394761 0.18777000000000002 0.000173858103059069 0.035637419999999996 6.419722984693299e-05 0.23769799999999996 0.0013965118545876045 502.27739999999994 0.22399832144635037 252613.8 224.68580729774098 0.7159036000000001 0.0027341660168990075 
0.93 0.0 0.44046060000000004 5.5293833281808674e-05 0.34832 0.0014221696382632303 0.18818580000000001 0.00011222527344575666 0.035792000000000004 4.2091975481118815e-05 0.23413340000000002 0.0008320725256841115 502.14079999999996 0.10958153134193974 252477.4 109.3210318305141 0.7107126 0.0030577389241078245 
0.9399999999999998 4.712160915387242e-09 0.4439686 6.180006473452236e-05 0.3471484000000001 0.0006003740567226377 0.188815 0.00017287614063122805 0.0360268 6.52233700451924e-05 0.2300668 0.0010643745731650992 502.2661999999999 0.20392418205105306 252599.4 204.66022574057496 0.6946302 0.0024734941989027386 
0.95 4.712160915387242e-09 0.447328 8.681151999745707e-05 0.34786419999999996 0.0011554353776836866 0.18933300000000003 0.00012598031591286768 0.036228060000000006 4.593659630264702e-05 0.2310206 0.0011584502268116013 502.2232 0.1328498098966686 252560.8 131.27967093938466 0.697405 0.004759800668095091 
0.96 0.0 0.45091479999999995 0.00010710607829672536 0.3461258 9.136931650498596e-05 0.19000299999999998 0.00014018245254693345 0.03648412 5.279925302497921e-05 0.2297266 0.0006369165471232978 502.36139999999995 0.16136284582931132 252705.8 161.0322700620679 0.7026264 0.0041636667167320235 
0.97 4.712160915387242e-09 0.4541052 6.407832713830582e-05 0.3445574 0.0019248709795725886 0.191063 0.00011291518940801932 0.0368883 4.4065496706533975e-05 0.227555 0.0011336068454274554 502.89759999999995 0.11968545445713144 253244.0 121.04412418744322 0.6928462 0.003914343821385211 
0.9800000000000001 6.664001874625056e-09 0.4576962 0.00013079400597071838 0.34284499999999996 0.0013552589420517932 0.1914866 0.00019262431829300414 0.03704756 7.44308570420018e-05 0.22348859999999998 0.0008015077092597393 502.7724 0.25047165108339287 253112.0 251.57949041881304 0.6732161999999999 0.004634478407763765 
0.99 0.0 0.46116419999999997 6.439217344237972e-05 0.34250440000000004 0.000821263348747855 0.19222960000000003 0.00010378385229176786 0.03733108 4.120485796584703e-05 0.22045820000000002 0.0011028789743205163 502.97839999999997 0.12226973463786463 253320.6 123.8817500703323 0.6696244 0.001966171520491294 
