1 0.34966 0.469149 0.400546 0.16103 0.341303 616.56 380523 0.612037
0.99 0.345164 0.471155 0.401408 0.161714 0.340596 617.565 381753 0.599748
0.98 0.340873 0.482081 0.401583 0.161868 0.352152 617.737 381973 0.619055
0.97 0.335372 0.486667 0.403669 0.163539 0.350928 619.733 384431 0.601642
0.96 0.331412 0.493597 0.404455 0.164178 0.356407 620.441 385313 0.614782
0.95 0.326334 0.50195 0.405675 0.165164 0.358999 621.765 386959 0.623017
0.94 0.320314 0.531065 0.407423 0.166609 0.377373 623.434 389051 0.650475
0.93 0.316008 0.533957 0.408453 0.167445 0.37838 624.511 390390 0.64708
0.92 0.309643 0.55454 0.410876 0.169444 0.391004 626.635 393051 0.658357
0.91 0.305137 0.553439 0.411638 0.170053 0.384275 627.406 394007 0.645814
0.9 0.298153 0.563165 0.414903 0.172774 0.403325 630.665 398110 0.654645
0.89 0.29314 0.571344 0.415654 0.173383 0.397936 631.161 398731 0.652732
0.88 0.28674 0.594027 0.418322 0.175611 0.40416 633.694 401937 0.66146
0.87 0.2813 0.597901 0.420244 0.177233 0.416208 635.343 404027 0.663016
0.86 0.275144 0.623579 0.422133 0.178845 0.434318 636.913 406042 0.700737
0.85 0.269947 0.644019 0.42362 0.180095 0.434582 638.001 407426 0.701779
0.84 0.26383 0.660307 0.425828 0.181969 0.438389 640.043 410033 0.702963
0.83 0.255799 0.645867 0.429495 0.185112 0.4481 643.188 414065 0.700729
0.82 0.247822 0.695587 0.432869 0.18803 0.459413 646.059 417778 0.727228
0.81 0.241756 0.720643 0.435555 0.190365 0.467339 648.361 420749 0.71832
0.8 0.234447 0.73866 0.43833 0.192801 0.480523 650.384 423389 0.748902
0.79 0.226869 0.747348 0.441807 0.195856 0.483324 653.236 427099 0.740615
0.78 0.219202 0.794725 0.44514 0.198821 0.496052 655.871 430548 0.744094
0.77 0.211341 0.842942 0.448871 0.20219 0.527523 659.115 434833 0.789265
0.76 0.203069 0.860575 0.452635 0.205559 0.516101 662.043 438688 0.768849
0.75 0.194536 0.907097 0.457043 0.20959 0.538526 665.576 443380 0.778809
0.74 0.185389 0.919072 0.461406 0.213609 0.555698 668.9 447827 0.807353
0.73 0.175846 0.961758 0.466308 0.218169 0.572802 672.634 452838 0.815418
0.72 0.16748 0.996433 0.470362 0.221966 0.580757 675.771 457065 0.818539
0.71 0.155762 1.05437 0.476995 0.228254 0.592138 680.913 464042 0.826593
0.7 0.143921 1.08702 0.483805 0.234802 0.604746 686.056 471076 0.839573
0.69 0.131493 1.1372 0.490586 0.241417 0.619945 691.453 478509 0.839646
0.68 0.118752 1.2634 0.497624 0.248397 0.649725 696.675 485771 0.875986
0.67 0.108168 1.34704 0.503573 0.254372 0.676011 701.011 491838 0.89685
0.66 0.0933829 1.44102 0.512232 0.263196 0.710475 707.526 501029 0.934001
0.65 0.0793455 1.47079 0.520523 0.271744 0.708339 713.521 509532 0.906089
0.64 0.0630779 1.57921 0.530295 0.28203 0.735268 720.889 520112 0.933596
0.63 0.046786 1.76011 0.539813 0.29224 0.769789 727.696 529987 0.973589
0.62 0.0286798 1.90818 0.551275 0.304761 0.795759 736.016 542173 0.995011
0.61 0.0102029 1.98343 0.562046 0.316746 0.803693 743.674 553489 0.964835
0.6 -0.00792675 2.07514 0.572999 0.329168 0.806129 751.542 565251 0.965102
0.59 -0.032696 2.36756 0.588402 0.347085 0.847415 762.574 581975 1.01395
0.58 -0.055091 2.56931 0.601963 0.363251 0.88553 772.047 596521 1.03517
0.57 -0.0841031 2.78918 0.619449 0.384601 0.892488 784.701 616213 1.02223
0.56 -0.111519 3.06495 0.635845 0.405202 0.928657 796.146 634313 1.04257
0.55 -0.141947 3.18448 0.654129 0.428746 0.901703 808.996 654914 0.987629
0.54 -0.175533 3.41471 0.673616 0.454599 0.896207 822.605 677108 0.965235
0.53 -0.21106 3.64322 0.694124 0.482615 0.876481 836.861 700751 0.936282
0.52 -0.247676 3.69814 0.714664 0.511498 0.835228 851.137 724820 0.872838
0.51 -0.288406 3.68581 0.737035 0.543903 0.771088 866.643 751418 0.786101
0.5 -0.326254 3.96966 0.757143 0.573934 0.76962 880.31 775287 0.777608
0.49 -0.367159 4.0148 0.778137 0.606116 0.727342 894.757 800908 0.723151
0.48 -0.405388 3.99277 0.797244 0.636151 0.664124 907.522 823883 0.657406
0.47 -0.44334 3.67895 0.815531 0.665553 0.5656 919.672 846039 0.560248
0.46 -0.481615 3.58858 0.833328 0.694852 0.520779 931.759 868394 0.513682
0.45 -0.518944 3.50492 0.850366 0.723488 0.467725 943.043 889525 0.460657
0.44 -0.551693 3.33965 0.864545 0.747757 0.418756 952.156 906781 0.428028
0.43 -0.585938 3.08603 0.878913 0.772763 0.367702 961.832 925280 0.383776
0.42 -0.616325 3.06417 0.891075 0.794261 0.337986 969.767 940594 0.35824
0.41 -0.64682 2.94605 0.903217 0.816013 0.297306 977.777 956180 0.330261
0.4 -0.675752 2.75381 0.914188 0.835922 0.26274 984.938 970223 0.305566
0.39 -0.70259 2.6248 0.923895 0.853742 0.236066 991.382 982948 0.283351
0.38 -0.727734 2.43335 0.932774 0.870204 0.206216 997.177 994461 0.264624
0.37 -0.751825 2.3409 0.940788 0.885197 0.178986 1002.6 1.00529e+06 0.248403
0.36 -0.774577 2.25889 0.948122 0.899038 0.163912 1007.44 1.01503e+06 0.246101
0.35 -0.79639 2.08913 0.954867 0.911857 0.143134 1012.01 1.02424e+06 0.23184
0.34 -0.816939 2.02749 0.960791 0.923192 0.125237 1016.39 1.03312e+06 0.224012
0.33 -0.83732 1.92361 0.966494 0.934173 0.109261 1020.53 1.04156e+06 0.215987
0.32 -0.85607 1.84772 0.971377 0.943628 0.0970227 1024.23 1.04911e+06 0.208834
0.31 -0.874562 1.8084 0.975838 0.952306 0.0852729 1027.78 1.0564e+06 0.20535
0.3 -0.891526 1.66042 0.979678 0.959805 0.0709512 1031 1.06301e+06 0.197339
0.29 -0.908183 1.62409 0.983279 0.966868 0.0599578 1034.14 1.0695e+06 0.196761
0.28 -0.923758 1.54269 0.986234 0.972683 0.0504211 1037.06 1.07556e+06 0.19345
0.27 -0.939031 1.45159 0.988961 0.978064 0.0417818 1039.82 1.08127e+06 0.188851
0.26 -0.953456 1.42878 0.991186 0.982465 0.0352815 1042.34 1.08651e+06 0.184844
0.25 -0.967281 1.37901 0.993136 0.986332 0.0282558 1044.77 1.09159e+06 0.180655
0.24 -0.980519 1.30456 0.994694 0.989426 0.0225756 1046.98 1.09622e+06 0.184646
0.23 -0.993572 1.26176 0.996055 0.992132 0.0175375 1049.26 1.10098e+06 0.179845
0.22 -1.00591 1.20339 0.997095 0.994203 0.0133775 1051.3 1.10527e+06 0.175149
0.21 -1.01773 1.15599 0.997974 0.995955 0.00965011 1053.28 1.10944e+06 0.174844
0.2 -1.02933 1.16507 0.998578 0.99716 0.00713867 1055.23 1.11354e+06 0.176117
0.19 -1.04099 1.12984 0.99908 0.998162 0.0048721 1057.11 1.11751e+06 0.171962
0.18 -1.05196 1.07812 0.999413 0.998828 0.00329595 1058.96 1.12142e+06 0.175159
0.17 -1.06279 1.0917 0.999637 0.999276 0.00215076 1060.73 1.12519e+06 0.171876
0.16 -1.07355 1.06572 0.9998 0.999601 0.00126834 1062.46 1.12886e+06 0.173345
0.15 -1.08413 1.06383 0.999894 0.999788 0.000703686 1064.28 1.13272e+06 0.169082
0.14 -1.09468 1.04073 0.999951 0.999902 0.000353482 1065.83 1.13602e+06 0.172103
0.13 -1.10511 1.04287 0.999981 0.999961 0.000149916 1067.59 1.13977e+06 0.174052
0.12 -1.11546 1.04084 0.999992 0.999984 6.62448e-05 1069.28 1.14338e+06 0.173241
0.11 -1.12592 1.04654 0.999997 0.999995 2.44255e-05 1070.93 1.14691e+06 0.17026
0.1 -1.13609 1.03339 0.999999 0.999998 8.67622e-06 1072.53 1.15035e+06 0.169934
0.09 -1.14641 1.02991 1 1 0 1074.31 1.15416e+06 0.17129
0.08 -1.15666 0.99426 1 1 0 1075.93 1.15764e+06 0.169992
0.07 -1.16683 1.01047 1 1 0 1077.59 1.16122e+06 0.170694
0.06 -1.17701 1.01451 1 1 0 1079.28 1.16486e+06 0.166895
0.05 -1.18719 1.01538 1 1 0 1080.83 1.16821e+06 0.166645
0.04 -1.19732 0.995855 1 1 0 1082.55 1.17192e+06 0.168166
0.03 -1.20739 1.00302 1 1 0 1084.16 1.17541e+06 0.166751
0.02 -1.21747 0.997296 1 1 0 1085.76 1.17888e+06 0.163347
0.01 -1.2275 1.00086 1 1 0 1087.38 1.1824e+06 0.16893
