1.0 0.0 0.4341482 0.00026177920468231365 0.3799194 0.001674804791011193 0.3350848 0.00018251036134794163 0.1128254 0.00012328198570668827 0.31295719999999994 0.0011069313763757116 581.2346 0.22287011465816678 338201.6 259.43871724195367 0.6327168000000001 0.001934099943639011 
0.99 0.0 0.43028199999999994 9.69771107740445e-05 0.38295979999999996 0.0011143158403271252 0.33504079999999997 0.00012684333646283203 0.11280140000000001 8.38033889497143e-05 0.31942719999999997 0.002282664117210779 581.577 0.15757893258501562 338600.4 182.1853122439801 0.6394214 0.0034663244349014757 
0.9800000000000001 6.664001874625056e-09 0.4264384 0.00012414204767110385 0.38851420000000003 0.0012465935472309568 0.3352814 0.0001496619123369561 0.112963 0.00010276536381598997 0.32269880000000006 0.0021222508880887943 582.135 0.12039933557262376 339247.8 141.8002538767534 0.642514 0.0041085092284196215 
0.97 4.712160915387242e-09 0.4228166 0.0002380612694306908 0.39340420000000004 0.002275454845079435 0.33532280000000003 0.00018031425899135426 0.11299200000000001 0.0001217600919821346 0.3269186 0.001479592203276981 582.6426 0.20482120982745736 339839.8 238.72350534156342 0.6500234 0.0030183405851578445 
0.96 0.0 0.4186972000000001 4.483070357286045e-05 0.391968 0.0008194317055173571 0.335747 4.9455434483745585e-05 0.1132806 3.327172974460327e-05 0.332658 0.0010158034061748813 583.415 0.05630701562596552 340739.0 66.86224645201769 0.6537682 0.00265727513667379 
0.95 4.712160915387242e-09 0.4146934 0.00015250353439296498 0.4032198 0.0021101877527834067 0.335871 8.826505538690873e-05 0.11336579999999999 6.012147703079493e-05 0.3372564 0.001435585137843691 583.8765999999999 0.08545810673674642 341281.0 100.83094762412627 0.6650240000000001 0.0038814431852059457 
0.9399999999999998 4.712160915387242e-09 0.4106828 0.00018350158582559615 0.4052952 0.0019526049759215245 0.33615359999999994 0.0001646384159498225 0.1135618 0.0001120501316370889 0.3446278 0.0017893851770928936 584.6270000000001 0.16524745076941597 342158.4 194.12297132700746 0.6725283999999999 0.0030408121099522833 
0.93 0.0 0.406645 0.00015190760350493703 0.4112884 0.0010634144855123174 0.3363462 0.00021571228987442623 0.1136862 0.00014471693750331714 0.34516840000000004 0.0016995456239817873 585.153 0.21158298606792686 342767.0 247.35998059631706 0.6668078 0.0025423758243077656 
0.9200000000000002 6.664001874625056e-09 0.40257560000000003 0.00012887376767469177 0.41520019999999996 0.0025679299118173036 0.33699899999999994 0.00011519166638929864 0.1141294 7.786480591115012e-05 0.3511686 0.002091348667248215 586.1214 0.10163999212315013 343906.8 119.26119234995271 0.6835431999999999 0.004372441911794931 
0.9099999999999999 6.664001874625056e-09 0.3981434 0.00014316720295586195 0.42065020000000003 0.0022053075867086995 0.3374456 0.00014208099098243616 0.114435 9.461374107537492e-05 0.35783960000000004 0.002456749797598676 586.9566 0.16242526895995207 344886.6 188.9314373087233 0.689458 0.00595656526531782 
0.9 4.712160915387242e-09 0.394271 0.00014515481391662291 0.4265106 0.0011615882437413434 0.337526 0.00012219230746855097 0.1144954 8.388496885612011e-05 0.36567459999999996 0.0008974007176304211 587.4173999999999 0.12466197503102822 345428.8 147.72769545069679 0.6988528 0.003447955781617697 
0.89 0.0 0.38966979999999996 0.00014987819055733623 0.4336786 0.0024358012004267395 0.33823 0.00019524466702167088 0.114978 0.00013358682569783955 0.37424559999999996 0.0011615524990315975 588.4264 0.19660185151042914 346618.4 233.37465157301506 0.7111571999999999 0.005886188603162412 
0.8800000000000001 6.664001874625056e-09 0.38562460000000004 0.0002099277208887012 0.44009339999999997 0.001851129786916975 0.3384662 9.517663579634237e-05 0.1151352 6.495007313419292e-05 0.37690940000000006 0.0028264972754263535 588.9739999999999 0.11209888498477817 347260.0 131.8684192624576 0.7131112 0.004893297451822299 
0.8699999999999999 6.664001874625056e-09 0.3809628 0.00012012640010511792 0.44293179999999993 0.001580195922034547 0.33919400000000005 0.00015170286745779232 0.115631 0.00010483091147297205 0.3829416 0.00160904614228375 589.9666000000001 0.168699638329366 348433.2 200.44298939671353 0.726164 0.0037251156653182187 
0.86 0.0 0.37631380000000003 0.0001342419904351325 0.45139320000000005 0.000997340118512643 0.34033559999999996 0.0001635634678310451 0.11640860000000001 0.0001138365846244061 0.38863499999999995 0.0017109837638054231 591.408 0.16224573957188287 350131.6 193.55218418852934 0.7236008 0.004907662852313945 
0.85 0.0 0.3720688 0.00013046452391046279 0.45972300000000005 0.0020741353668426725 0.3405034 0.00011990683049743807 0.11653 8.156862141986387e-05 0.39795220000000003 0.0013112422628924316 591.87 0.11558546624002176 350684.0 135.88436260515905 0.7433918000000002 0.0060783966793832205 
0.8400000000000001 6.664001874625056e-09 0.3673998 0.0001694205182526491 0.467167 0.0013771548351566097 0.3415128 0.00013378292866104746 0.11722320000000001 9.603391067338647e-05 0.40596180000000004 0.0035234545253185253 593.1166000000001 0.1282727093977529 352164.2 154.69283111078647 0.756563 0.006431166345226852 
0.8299999999999998 6.664001874625056e-09 0.36257439999999996 0.00013498610300649228 0.47243139999999995 0.0021658523790889185 0.3425662 7.79996923282367e-05 0.117947 5.2425184786958007e-05 0.4130122 0.002859485315926012 594.4148 0.07164490208798382 353702.8 83.34813734878374 0.7582516 0.008287762856644633 
0.82 0.0 0.3576168 7.931879978246985e-05 0.48434160000000004 0.0019686582151282515 0.3435222 7.120977460112893e-05 0.1186086 5.0927085134481776e-05 0.42226220000000003 0.0017515040941991768 595.5953999999999 0.06579458955513874 355111.4 79.27955597122828 0.7722825999999999 0.002041735606783706 
0.8100000000000002 4.712160915387242e-09 0.35280720000000004 6.472056856409654e-05 0.49853040000000004 0.0018964811752272932 0.3443504 0.0001304927890689545 0.1191846 8.863028827595177e-05 0.4320596 0.0011286244229135353 596.6364000000001 0.11383236783931429 356356.4 134.68796529384173 0.7893586 0.003912687757538858 
0.8 0.0 0.34773339999999997 8.963642117485017e-05 0.5024162000000001 0.0037278906357338286 0.3459168 0.00012245600023960934 0.120277 8.370806412744827e-05 0.44540939999999996 0.0017981477714607906 598.3236 0.10263044378270288 358377.8 121.87679025127437 0.807342 0.004076136523717905 
0.79 0.0 0.3424626 0.00015245526556781157 0.5136372 0.0020894434359405092 0.3470656 0.00019033288733765301 0.12106760000000001 0.00012982067631825238 0.446743 0.0019056370483396155 599.5548 0.1880288063064552 359848.2 223.7175719493249 0.8060328 0.005904356868619837 
0.78 0.0 0.33787219999999996 8.725750402041204e-05 0.5210554 0.0025231769751663767 0.347951 8.650317912695514e-05 0.12168779999999998 5.732531727613256e-05 0.4562914 0.0032834359881077136 600.5178000000001 0.0747691913442258 360999.2 87.67731745702511 0.8065592 0.007037053630034346 
0.77 0.0 0.3322932 9.665253230607195e-05 0.5399375999999999 0.002943953159956446 0.3496396 6.213958479914983e-05 0.12289020000000002 4.216576809239303e-05 0.48043900000000006 0.002051720546269792 602.3736 0.09415926931683954 363250.0 112.42028287289043 0.8542424000000001 0.004012786150288775 
0.76 0.0 0.32682700000000003 0.0001659583080003608 0.5489964 0.003088982597553745 0.3513908 0.00018495478365915225 0.1241054 0.00013226174049802162 0.4771612 0.0029545633234030577 604.1744000000001 0.15097512372338068 365410.0 183.89105470691254 0.8341747999999999 0.0053196949040368495 
0.75 0.0 0.3215174 0.00010424455858014432 0.5625935999999999 0.0022343377291740747 0.352722 0.00012472850517518267 0.12505039999999998 8.870021421080713e-05 0.4893484 0.003309335892289511 605.5732 0.11020105260148505 367108.4 133.18366265213058 0.8570742000000001 0.006675688485238533 
0.74 0.0 0.31551819999999997 0.00016246855696358515 0.5742662 0.0013598529744108588 0.35503300000000004 0.00020506096654088855 0.1266922 0.00014534906948358872 0.5008658 0.002136544675869617 607.7528 0.2153656239970454 369750.4 261.29134696008555 0.8600747999999999 0.005629575695559944 
0.73 0.0 0.3096896 0.00019018130297855854 0.598526 0.001924066464548472 0.35684 0.00013116523930509279 0.1279826 9.134225747103926e-05 0.5111634 0.0036444081725285076 609.5208 0.1193688066518817 371905.8 142.69503145931125 0.8761024 0.008474269075738833 
0.72 0.0 0.30399000000000004 0.00017043450354062197 0.6112424 0.0024706204014359875 0.3588456 0.00026455133339741023 0.12943659999999999 0.00019031355180541024 0.5330168000000001 0.003919303401369573 611.4051999999999 0.2578932182429509 374215.4 315.03455048497074 0.9054793999999999 0.007731615327215555 
0.71 0.0 0.29755699999999996 0.00010653262413356925 0.6325556 0.0037847511157286956 0.36169460000000003 8.679059849637772e-05 0.1314984 6.398287271006864e-05 0.547771 0.0033304780077340803 614.0752 0.10602467642049294 377495.0 130.5627818424585 0.9321396 0.005825005892533873 
0.7 0.0 0.2908404 0.00010946363780132806 0.648011 0.001855063621551765 0.3644944 0.0001072315625394189 0.1335304 7.656923664783127e-05 0.5548628 0.002211258870419116 616.6548 0.07096895091923056 380660.2 85.54923726761281 0.9203899999999999 0.006471328203701812 
0.69 0.0 0.2844116 8.945058972881868e-05 0.6762546 0.002757502995102389 0.367274 0.0001565906765942677 0.1355696 0.00011228556451603938 0.5670394 0.0035481932371291794 619.0448 0.1530106923873389 383615.6 186.09623317442237 0.9335008 0.00828034840523123 
0.68 3.332000937312528e-09 0.27736799999999995 0.00016546177807490306 0.700516 0.0021049125017465085 0.37045700000000004 0.00017743753830191873 0.13794520000000002 0.00012999489220168447 0.5983824 0.0035429305451851164 621.8786 0.16244890888209876 387147.8 201.96086749242045 0.9812406000000001 0.0092625718873306 
0.67 0.0 0.270228 0.00011863321624312077 0.7301516 0.004375243504995775 0.3739884 0.0001663539840248394 0.1405796 0.00012543352024013202 0.6122658 0.004180105878086618 624.9266 0.15736291811651285 390946.4 196.0592971476917 0.9869602000000001 0.011585973852550622 
0.66 3.332000937312528e-09 0.2631594 0.00018228254990720755 0.7627974 0.003553660350682426 0.3773326 0.0002708488286824571 0.14310760000000003 0.00020819118136445575 0.6348385999999999 0.00473150361386528 627.8026 0.22349256814542606 394558.0 282.3647286798431 1.0173200000000002 0.006191516777005051 
0.65 0.0 0.25534739999999995 0.0001504036169863058 0.7828614 0.0033766329927892025 0.3814286 0.0001804198658677316 0.1462134 0.00013775851335075037 0.6429728 0.0013495239279088331 631.1718 0.14292022956252007 398796.2 180.61127318285648 1.019776 0.0043158383658305965 
0.64 0.0 0.24701019999999999 0.00013686004530512807 0.8268102 0.0068814246280825735 0.3860678 0.0001280932160575582 0.14980620000000003 9.472418908472625e-05 0.68201 0.0047978606148957334 635.1146 0.1228298335577084 403804.2 152.30479964810564 1.06683 0.012089788749190533 
0.63 0.0 0.23852199999999998 0.00016709733690768133 0.8620026000000001 0.005527142499337515 0.3908352 0.00027032815613931005 0.1535068 0.00021429575824038303 0.6894278 0.0040550487188195485 638.9376 0.2418848651711133 408668.0 311.67508722635915 1.059028 0.008457913879909143 
0.62 0.0 0.2295922 9.471574314311821e-05 0.9181144 0.004882471813331878 0.3960334 0.00021618540190179177 0.157618 0.00017406458571236991 0.7203649999999999 0.003590937214714783 643.119 0.15614531698335332 414038.0 202.8924838370278 1.092638 0.007698411472504765 
0.61 0.0 0.22007680000000002 0.00020210322114900796 0.9860710000000001 0.008398146252592577 0.4019006 0.00017850705308751217 0.1623332 0.00014826878295219023 0.7638400000000001 0.004810776610899918 647.824 0.153729112426429 420130.2 203.29552871883413 1.1490399999999998 0.011063274379679978 
0.6 0.0 0.210399 0.00013890197983023973 1.041276 0.0040361512360126035 0.4081852 0.00018559103426301295 0.1674348 0.00015373962404200463 0.7868444000000001 0.004421198186915139 652.7062 0.1792822133071096 426480.8 235.06006041165824 1.1618659999999998 0.005750503699679831 
0.59 0.0 0.1994668 0.0002875094989740886 1.1154719999999998 0.006031711796838025 0.41556499999999996 0.0002947311995666637 0.173541 0.00024695262703436637 0.8260078 0.008409531251621576 658.5290000000001 0.2664872229097375 434125.8 351.12406924848545 1.1962359999999999 0.014547761504784821 
0.58 0.0 0.18789859999999997 0.00018101239737473813 1.211196 0.011024684884384376 0.4235062 0.0002494912262899412 0.180238 0.00021235517417714431 0.8743057999999999 0.0043758649558732635 664.6650000000001 0.2136466241087167 442261.8 284.2365775207906 1.2506840000000001 0.007895079784264637 
0.57 0.0 0.17579300000000003 0.00020553461994869693 1.2833080000000001 0.00477901529606165 0.43209280000000005 0.00022382196493254703 0.18759399999999998 0.00019053797522043027 0.89878 0.005983676147653797 671.168 0.15459547205804547 450948.6 205.55692156711822 1.2587879999999998 0.009102600683325725 
0.56 0.0 0.1616942 0.00012645264726195046 1.415124 0.008502859566053438 0.4425704 0.00015741298550875333 0.1967962 0.0001409647899312263 0.9541592000000001 0.006324218834919107 679.2066 0.12332610428873832 461820.4 168.4010926054895 1.311192 0.012828817996996806 
0.55 0.0 0.1461398 0.0002188748318122623 1.526624 0.009996053461244526 0.4544702 0.0001893583692543498 0.20749120000000004 0.00016729480564795998 0.9924114000000002 0.006856465197749895 688.0848000000002 0.15883762760943854 473963.2 213.98418631905702 1.327702 0.014746484706532973 
0.54 0.0 0.13074239999999998 0.00031719730137666166 1.7047559999999997 0.013435770346363299 0.4659459999999999 0.00029762405819329103 0.21810619999999997 0.00027446900007809866 1.066802 0.014447724637462626 696.5516 0.22812621066 485715.2 317.5298915074491 1.412048 0.02080372339750764 
0.53 0.0 0.1131726 9.918572477847989e-05 1.8907 0.031021105976412364 0.4795522 0.00011708198835942394 0.23101180000000002 0.00011042115739115534 1.131776 0.01458637874182839 706.4467999999999 0.11123287294199267 499611.4 157.68363262186145 1.4541 0.02051178549029832 
0.52 0.0 0.0928014 0.0004563125963629565 2.175282 0.032414240746928114 0.4956498 0.00046194565915161503 0.2467706 0.00046269485408682143 1.2192060000000002 0.013806492269940487 718.1338 0.3766136906778603 516286.8 543.8454486369944 1.526286 0.021416201829455198 
0.51 0.0 0.07081392 0.000679411062847829 2.3704799999999997 0.019237738744468283 0.5131988 0.0006403480553695163 0.26449219999999996 0.0006599233531288978 1.262044 0.010998783423634908 730.6928 0.49244462836787994 534486.0 720.7649824995375 1.537154 0.016190311324986027 
0.5 0.0 0.044043160000000005 0.00029213592124203134 2.703446 0.038683366616669795 0.5350332 0.00028819207485032065 0.287414 0.00029847787187316926 1.3280100000000001 0.01846637441405121 746.3008 0.21575382268935894 557546.0 314.5283453122831 1.557776 0.026721056056973808 
0.49000000000000005 3.332000937312528e-09 0.014501920000000001 0.00043719069377102566 3.156336 0.037538940805511435 0.5585778 0.00040215026046609584 0.3132248 0.0004515751454620823 1.42818 0.014275005569176335 763.0287999999999 0.3128965835995098 582817.4 479.5500057299608 1.615058 0.01630589498310103 
0.48 0.0 -0.01908782 0.000438482685085759 3.64862 0.04867364239503143 0.5850244 0.00041204879323200735 0.343513 0.0004744733501489828 1.509808 0.021134827635919798 781.514 0.29873064794968374 611385.0 461.5285039925037 1.6535360000000001 0.026646789315035953 
0.4699999999999999 2.356080457693621e-09 -0.05668234000000001 0.0005363354208698978 4.048566 0.08247122929118716 0.6142434 0.0004462528969151498 0.3785328 0.0005409057884623662 1.515626 0.028213405834817108 801.6908 0.3455000318532037 643309.2 548.2309294577972 1.5940559999999997 0.035805172989391794 
0.4600000000000001 3.332000937312528e-09 -0.09992352000000002 0.0004822512626417074 4.579872 0.047769384119948126 0.6468564 0.0004232635679874476 0.419644 0.0005483261073512412 1.527488 0.017596120345119724 823.9474 0.2956163188646267 679475.6 489.44087283896823 1.546586 0.022718335255912114 
0.45 2.356080457693621e-09 -0.1485148 0.0005012272458672859 4.770424 0.07352094344335032 0.6824098000000001 0.0004251569498042508 0.466796 0.0005655879065140687 1.4230859999999999 0.019492719584504166 848.2158 0.3015599973897784 719996.6 504.9170704286535 1.3766880000000001 0.019495886417393995 
0.44000000000000006 3.332000937312528e-09 -0.1971926 0.00040816404545095244 4.995654 0.0649872336755445 0.7161202 0.00031617582450399245 0.5138346 0.00046427841647230493 1.316888 0.018131319069498785 870.6998 0.21405857141963788 758586.2 378.25223330729074 1.2214500000000001 0.01766018957995478 
0.43 0.0 -0.2462586 0.0007876082071699341 4.861422 0.08624488415668106 0.7483903999999999 0.0005534545040308054 0.5609413999999999 0.0008194898217860995 1.1399460000000001 0.020618718990275085 892.0336 0.3854480613761673 796117.0 684.6413951772375 1.0218333999999998 0.016965153451947452 
0.42000000000000004 3.332000937312528e-09 -0.29343379999999997 0.0006591802424258534 4.640552 0.033788899644710275 0.7780428 0.0004402377902896143 0.6060624000000001 0.0006836759232035635 0.975145 0.003968920528302292 911.2546 0.33846377650845755 830713.6 615.8520991340474 0.8561582 0.0041658661850813095 
0.41 0.0 -0.33830839999999995 0.00020718679495047434 4.30942 0.03008355736942954 0.8048550000000001 0.00013860735899901705 0.6483722 0.0002252268900983329 0.8160594 0.004450327148425529 928.4628 0.10748670615707036 862313.0 200.72110006116853 0.708015 0.005425812661713778 
0.4 0.0 -0.38034579999999996 0.00028040790290142945 3.991226 0.02772421996739 0.8287548000000001 0.00015774292995395013 0.6873142 0.0002601584747654564 0.6907530000000001 0.006114207081868909 943.5829999999999 0.12344942284295492 890573.0 232.1973298726753 0.5951656 0.006070701953482509 
0.39 0.0 -0.41893139999999995 0.00013663018701944485 3.7325520000000005 0.03286736659969866 0.8496212 0.00010697715650358345 0.722256 0.00018067562100559332 0.590125 0.004488189523626823 956.5609999999999 0.06672510772872717 915198.6 126.83772312609722 0.5076136 0.004120408810784375 
0.38 0.0 -0.4541956 0.00013449270614539912 3.41839 0.02320256572019027 0.8677582000000001 6.318316211085765e-05 0.7533350000000001 0.00011096053344817366 0.5011776 0.0033404535811780607 967.7361999999999 0.07000422882447233 936674.8 135.5738617767832 0.43898880000000007 0.0031491950895405625 
0.37 0.0 -0.4871974 0.0002676015844374489 3.222070000000001 0.024088434403234858 0.8840461999999999 0.00016629357187894188 0.7818182 0.000292347382397624 0.4357952 0.0028361687594365284 977.6395999999999 0.13147885017296357 955922.0 256.61847164659514 0.3938994 0.0018438954330436794 
0.36 0.0 -0.5183274000000001 0.00032095128599341914 2.989496 0.011097423340588646 0.8986621999999999 0.0001525876536468765 0.8078259999999998 0.0002731436253112433 0.37166280000000007 0.0019318044497279464 986.5732 0.11933562753593409 973449.6 235.41921758389333 0.34690239999999994 0.0006038263724000724 
0.35 0.0 -0.547745 0.0001642378762739023 2.76266 0.010927467776216462 0.9118744 7.571557301057917e-05 0.8317086 0.00013693402786775494 0.3183628 0.002321447538067594 994.5498 0.05268882223347519 989238.2 104.51847700829175 0.3121286 0.002063336377812133 
0.34 1.666000468656264e-09 -0.574014 8.04994409073032e-05 2.600988 0.013270050911720092 0.9232123999999999 3.143704867176868e-05 0.8524839999999999 5.8280014011930834e-05 0.27640640000000005 0.0011926318325419358 1001.3619999999999 0.021241470279033784 1002826.0 42.48293775152561 0.288754 0.001408494373435961 
0.33 1.666000468656264e-09 -0.5995044 0.00012554030428332986 2.4500819999999996 0.014040592694061537 0.9336306000000001 6.181883186524514e-05 0.8718029999999999 0.00011525970691363078 0.238796 0.0005270279688955503 1007.7860000000001 0.044953308821260224 1015726.0 88.16348450464058 0.26804419999999995 0.00032130538744644686 
0.32 0.0 -0.6228704 0.00010683991762204943 2.3126939999999996 0.017719416604402467 0.9426552000000001 4.710617736291112e-05 0.8887142000000001 8.879927904518105e-05 0.20758000000000001 0.0005747282488271122 1013.296 0.05731317439743296 1026854.0 116.12407157863522 0.25089759999999994 0.0010614302652585564 
0.31 0.0 -0.6457352 0.00010272113712658507 2.184614 0.003776751620116955 0.9511768 4.676956252370319e-05 0.9048346 8.8995550453693e-05 0.180424 0.00028365514273707434 1018.642 0.05086452597581927 1037706.0 103.21240235553088 0.23982019999999998 0.0005875633344594871 
0.3 0.0 -0.6666364 0.00011094200289195269 2.0640460000000003 0.0126780653413603 0.9585046 4.173689006232895e-05 0.918812 7.981578813149471e-05 0.15548040000000002 0.0007019763870666693 1023.318 0.04761512376155998 1047252.0 95.72460498743256 0.2265104 0.00038372663186214586 
0.29 0.0 -0.686812 3.052736490150255e-05 1.9654779999999998 0.011806268640015426 0.9650926 1.5366457895086517e-05 0.9314709999999999 2.972271875242044e-05 0.1327572 0.0004030601344720633 1027.6680000000001 0.027040709676007108 1056172.0 54.801459834570096 0.21842920000000002 0.0013015825567356532 
0.28 0.0 -0.7056205999999999 8.889706421584262e-05 1.8415 0.013491362570185027 0.970898 1.85321339181473e-05 0.9426970000000001 3.563369141472778e-05 0.1116542 0.000470482424751307 1031.664 0.03232336605019131 1064392.0 67.78790452580755 0.2098642 0.00100329989135836 
0.27 0.0 -0.7235636000000001 0.00011450715250747436 1.7384920000000001 0.010669280538062105 0.975989 3.2638627384549485e-05 0.952599 6.34948817574374e-05 0.09458466 0.00042752376083652195 1035.3519999999999 0.03570994358457176 1072010.0 74.61903242471051 0.2020498 0.0006881793603420734 
0.26 0.0 -0.740413 4.5259253254692216e-05 1.668966 0.0031815726928614272 0.980415 1.4352699914652151e-05 0.9612498 2.796769525461486e-05 0.079999 5.318616361469241e-05 1038.658 0.021981811735276857 1078858.0 44.75712233823796 0.198007 0.000859939765333166 
0.25 0.0 -0.7565702 6.877232031542083e-05 1.575006 0.004138493059084073 0.9843006000000001 2.2131606226480313e-05 0.9688762000000001 4.3402672347002795e-05 0.06553196000000001 0.0002180188846857531 1041.766 0.041240756040359004 1085324.0 83.50329334822669 0.1931264 0.0010159926220206909 
0.24 0.0 -0.7719994 4.870039028574045e-05 1.496492 0.008460675812250866 0.9876122 1.7112334174095637e-05 0.9754001999999999 3.350391046835206e-05 0.05303334 0.00038563692520301155 1044.7459999999999 0.0072663660850764205 1091542.0 15.336231610144651 0.1887956 0.000512136044425146 
0.23000000000000004 1.666000468656264e-09 -0.7865013999999999 7.510451403061498e-05 1.421076 0.005042025466023107 0.9903874 1.3852364216369945e-05 0.9808844000000001 2.7347540543405935e-05 0.0432407 0.00020351247627580152 1047.3619999999999 0.018846751720089785 1097006.0 39.85975413872996 0.183942 0.0005548336687683814 
0.22000000000000003 1.666000468656264e-09 -0.8003206 4.525006081805542e-05 1.35962 0.009109523368427491 0.9926908000000001 1.878808050302617e-05 0.9854482000000001 3.7396683685720734e-05 0.03398196 0.00012574354408882545 1049.9020000000003 0.026138092770575192 1102338.0 53.02075065481438 0.18285599999999996 0.0006468283852797196 
0.21000000000000002 1.666000468656264e-09 -0.8136668 4.391391569731733e-05 1.293282 0.002840620213970233 0.9946052 8.420926884710171e-06 0.9892486 1.6746581022802223e-05 0.02612794 7.893004801723916e-05 1052.2760000000003 0.019099734136921155 1107326.0 42.00952272997159 0.17835199999999998 0.00044436912584181317 
0.2 0.0 -0.826375 5.573939398778234e-05 1.252164 0.0023002514645027315 0.9961131999999999 1.0250464270125337e-05 0.992248 2.03901927355567e-05 0.01980572 7.662645182975396e-05 1054.4640000000002 0.01930802695815961 1111930.0 41.08527716834827 0.1756848 0.0005598921610443616 
0.19 0.0 -0.8385159999999999 3.386089226084724e-05 1.194402 0.004469134502341088 0.9972875999999999 9.215639976258557e-06 0.9945872 1.810281782159323e-05 0.014383879999999998 6.795061383101545e-05 1056.556 0.022199098643095973 1116346.0 43.87254266622804 0.1758258 0.0010960738807216563 
0.18 0.0 -0.850335 2.2408927343215574e-05 1.15793 0.004531995586935956 0.9981912000000002 5.567038722815948e-06 0.9963894 1.1134093399855094e-05 0.010065288 4.075047439232751e-05 1058.548 0.011798302519870709 1120560.0 27.27636339397171 0.1761266 0.00047735953745603465 
0.17 8.33000234328132e-10 -0.8617500000000001 3.707290047198031e-05 1.1258759999999999 0.005242151924548989 0.9988391999999999 2.1428988908981686e-06 0.9976822000000001 4.29324150902635e-06 0.006886104 4.600235720918652e-05 1060.486 0.013145340062802527 1124668.0 27.62607463973121 0.172382 0.0005586582497377454 
0.16 0.0 -0.8728576 9.865496050184767e-06 1.106602 0.0032433530797581905 0.9992977999999999 2.0080054223963518e-06 0.9985978 3.9232637926400276e-06 0.004393648 6.823736454477351e-06 1062.3139999999999 0.013145343605207839 1128542.0 29.718680993610736 0.172794 0.0005917310875730272 
0.15 0.0 -0.8837598000000002 2.7599129297295084e-05 1.0746220000000002 0.0049122364763846 0.9996041999999999 4.0040005189655164e-06 0.9992091999999999 8.170192674183704e-06 0.0026380879999999994 2.0023525244087927e-05 1064.108 0.008671794152097744 1132354.0 16.637307474468336 0.17092279999999999 0.0005767093826187556 
0.14 0.0 -0.8944844 2.8302084609926403e-05 1.061822 0.003549801571919771 0.9997906000000001 2.4754726421959343e-06 0.9995814 4.992798555124477e-06 0.00149943 1.3259347495259492e-05 1065.85 0.011661904266296574 1136064.0 24.42949037536395 0.17271679999999998 0.0005686195494364779 
0.13 0.0 -0.9050454 1.037921019610485e-05 1.056992 0.004379113517598434 0.9999022 7.69425321685684e-07 0.9998048 1.584933064825569e-06 0.0007485514 6.110183752392277e-06 1067.574 0.006693274388081248 1139742.0 13.0843417870369 0.1709346 0.0005127017534596048 
0.12 0.0 -0.9154508 2.2518259404443855e-05 1.038992 0.0028711592084139765 0.9999598000000001 5.215193539770799e-07 0.9999198 9.121166184940977e-07 0.00033508899999999995 4.44393905448829e-06 1069.254 0.01344619002850503 1143320.0 28.0 0.1692006 0.0003502249105928613 
0.11000000000000001 8.33000234328132e-10 -0.9258371999999999 1.1140557964616974e-05 1.0424520000000002 0.003069322270459559 0.9999851999999999 5.215619287233836e-07 0.9999708 8.67165646828281e-07 0.00013161179999999999 4.150034133835691e-06 1070.99 0.012328827732180135 1147040.0 26.381811916545836 0.1695942 0.0007356291130723045 
0.1 0.0 -0.9361574000000001 1.3382374395976102e-05 1.03744 0.0018572388107154162 0.9999958 3.346297868745299e-07 0.9999912 6.572746635480032e-07 4.3293540000000004e-05 3.0420087616704712e-06 1072.608 0.005932961756114982 1150508.0 14.805404418657396 0.17009680000000002 0.0003728849044933702 
0.09 0.0 -0.9464141999999999 1.645697626793802e-05 1.0276340000000002 0.0031003452710836187 0.9999990000000001 4.712160915387242e-09 0.9999984 2.1915348056849172e-07 9.061956e-06 7.002023862261532e-07 1074.286 0.011865915663511894 1154108.0 23.89979079406345 0.1704338 0.0007934134558977542 
0.08 0.0 -0.9566658 6.389990785580871e-06 1.020226 0.004005897252800757 1.0 0.0 0.9999996 2.1905213791309883e-07 2.169812e-06 6.861212824648427e-07 1075.948 0.009121399839603427 1157680.0 19.390719429665317 0.1689488 0.0010128341779382791 
0.07 0.0 -0.9668813999999999 7.566242696338943e-06 1.025042 0.004034747476613768 1.0 0.0 1.0 0.0 2.48004e-07 2.2182152107674314e-07 1077.6159999999998 0.014028545952750531 1161274.0 30.01333037168651 0.1695364 0.00068137041908263 
0.06 0.0 -0.9770442000000001 7.512120073815476e-06 1.0168760000000001 0.002433857185614404 1.0 0.0 1.0 0.0 0.0 0.0 1079.224 0.0072663660850764205 1164738.0 17.977764043395386 0.16762939999999998 0.0004907253080905636 
0.05 0.0 -0.98719 6.6272183586993965e-06 1.0108038000000001 0.003525491561745962 1.0 0.0 1.0 0.0 0.0 0.0 1080.882 0.010353742226044267 1168316.0 22.37856116911898 0.1680156 0.0009358776244793416 
0.04 0.0 -0.9973174 5.219959927889322e-06 1.0065794000000001 0.0034235363424299924 1.0 0.0 1.0 0.0 0.0 0.0 1082.52 0.007999998443759827 1171856.0 18.46076921474292 0.16702120000000004 0.0002504845544108312 
0.03 0.0 -1.007396 2.1909065364427022e-06 1.0037224 0.0037167803012872094 1.0 0.0 1.0 0.0 0.0 0.0 1084.1580000000001 0.003346631976172395 1175402.0 6.572670690061993 0.1682594 0.00012178361137349181 
0.02 0.0 -1.01746 2.8284272417587424e-06 1.0138514 0.0038080958979462357 1.0 0.0 1.0 0.0 0.0 0.0 1085.772 0.006572674459407007 1178904.0 12.198360545581524 0.1670536 0.0004675978271985901 
0.01 0.0 -1.02749 0.0 1.00813 0.002214622315438942 1.0 0.0 1.0 0.0 0.0 0.0 1087.3780000000002 0.003346631976172395 1182392.0 9.121403400793103 0.1667236 0.000890804472373363 
