1 0.216265 0.308521 0.598017 0.358115 0.282704 199.071 39669.9 0.205017
0.99 0.212871 0.31515 0.599556 0.359947 0.27926 199.291 39757.4 0.205497
0.98 0.209956 0.318515 0.600752 0.361388 0.28555 199.531 39853.8 0.211042
0.97 0.206874 0.328523 0.60248 0.363458 0.282858 199.598 39879.5 0.206981
0.96 0.203451 0.329492 0.603907 0.365181 0.286081 199.905 40002.2 0.208515
0.95 0.200362 0.337562 0.605319 0.366899 0.295631 200.104 40081.8 0.210978
0.94 0.196777 0.349579 0.607127 0.369082 0.293293 200.197 40118.3 0.209184
0.93 0.193179 0.351607 0.60888 0.371214 0.296761 200.362 40183.5 0.207481
0.92 0.189577 0.35835 0.610935 0.37372 0.299427 200.44 40214.9 0.209905
0.91 0.185922 0.360172 0.612644 0.37581 0.301829 200.618 40285.6 0.209005
0.9 0.182344 0.371481 0.614408 0.37798 0.309264 200.868 40386.6 0.212673
0.89 0.178743 0.382129 0.616368 0.380385 0.307687 200.965 40424.8 0.211649
0.88 0.175315 0.387682 0.618135 0.382568 0.312023 201.108 40481.2 0.208482
0.87 0.171518 0.39469 0.619884 0.384728 0.312317 201.355 40581.1 0.212658
0.86 0.167203 0.406115 0.622152 0.387548 0.318296 201.585 40672.8 0.209573
0.85 0.162684 0.410618 0.624456 0.390423 0.323302 201.775 40749 0.209902
0.84 0.158613 0.416431 0.626651 0.393161 0.322522 201.905 40800.6 0.206972
0.83 0.154964 0.42847 0.628763 0.395815 0.327365 202.085 40874.1 0.212757
0.82 0.149963 0.444414 0.631175 0.398857 0.333893 202.289 40956.4 0.21463
0.81 0.146308 0.449944 0.633085 0.401272 0.338297 202.568 41068.4 0.210942
0.8 0.141423 0.460238 0.635945 0.404891 0.334486 202.591 41077.1 0.209267
0.79 0.136691 0.472398 0.638302 0.407901 0.343585 202.881 41194.6 0.2108
0.78 0.131527 0.477798 0.641051 0.411411 0.342411 203.169 41310.7 0.209619
0.77 0.127148 0.509071 0.643396 0.414437 0.357705 203.402 41405.8 0.214461
0.76 0.121774 0.502587 0.646376 0.418269 0.353944 203.502 41445.1 0.20798
0.75 0.116844 0.512363 0.649294 0.422052 0.359971 203.607 41488.4 0.21241
0.74 0.111331 0.526201 0.652032 0.425613 0.364408 204.006 41649.8 0.208271
0.73 0.105965 0.541483 0.655383 0.429988 0.364545 204.087 41683.1 0.210921
0.72 0.100308 0.558543 0.658507 0.434091 0.367757 204.261 41753.5 0.210483
0.71 0.0954346 0.572685 0.661183 0.437621 0.372333 204.543 41868.6 0.211528
0.7 0.0891524 0.58297 0.664868 0.442504 0.37417 204.725 41942 0.206545
0.69 0.0835017 0.604999 0.668248 0.447023 0.390263 204.872 42002.2 0.209737
0.68 0.0769385 0.613226 0.671801 0.451763 0.378311 205.174 42125.1 0.20566
0.67 0.0705474 0.631961 0.675655 0.456963 0.390461 205.318 42184.3 0.208807
0.66 0.0648286 0.655142 0.678933 0.4614 0.392623 205.539 42274.8 0.208711
0.65 0.0577169 0.668465 0.68314 0.467124 0.393107 205.759 42364.7 0.208043
0.64 0.0509354 0.69602 0.68718 0.472665 0.403619 206.017 42470.5 0.209221
0.63 0.044067 0.719465 0.691272 0.478297 0.401856 206.207 42548.5 0.210729
0.62 0.0364762 0.730335 0.695609 0.484307 0.404963 206.454 42649.9 0.209531
0.61 0.02884 0.756154 0.700214 0.490729 0.405342 206.666 42737 0.20736
0.6 0.021658 0.779437 0.704606 0.4969 0.412819 206.888 42828.3 0.20621
0.59 0.0141291 0.810162 0.709009 0.503115 0.411479 207.188 42951.7 0.201731
0.58 0.00559001 0.840121 0.714177 0.510466 0.414653 207.352 43019.4 0.205383
0.57 -0.0028678 0.860201 0.719415 0.517974 0.420272 207.574 43110.9 0.20272
0.56 -0.0121231 0.879962 0.724704 0.525604 0.420027 207.927 43258 0.207875
0.55 -0.0209919 0.90791 0.730129 0.533497 0.426991 208.232 43383.6 0.201506
0.54 -0.0299918 0.966171 0.735464 0.541313 0.433685 208.434 43467.6 0.201812
0.53 -0.0401197 0.972832 0.741758 0.550599 0.42829 208.708 43581.1 0.19902
0.52 -0.0499102 1.0256 0.747682 0.559421 0.435779 208.98 43694.5 0.201178
0.51 -0.0603642 1.05511 0.753866 0.5687 0.435903 209.317 43834.5 0.197115
0.5 -0.0709407 1.0987 0.760172 0.578239 0.43547 209.578 43943.4 0.194919
0.49 -0.0822926 1.11862 0.767168 0.588913 0.42947 209.839 44052.4 0.196182
0.48 -0.0937689 1.15163 0.774032 0.59948 0.425237 210.223 44213.3 0.192823
0.47 -0.105456 1.20258 0.780922 0.610193 0.43401 210.53 44342 0.191767
0.46 -0.118152 1.25694 0.788306 0.62177 0.431075 210.983 44532.4 0.190027
0.45 -0.130745 1.29618 0.795729 0.63352 0.430082 211.394 44705.3 0.189118
0.44 -0.143403 1.34803 0.803384 0.645753 0.427547 211.654 44815.1 0.188642
0.43 -0.157775 1.38456 0.811569 0.658961 0.423724 212.121 45012.4 0.18638
0.42 -0.171946 1.45175 0.819719 0.672242 0.416192 212.575 45204.7 0.185752
0.41 -0.186416 1.49883 0.827874 0.685668 0.411892 213.019 45393.2 0.182494
0.4 -0.20146 1.56136 0.836552 0.700105 0.41096 213.439 45571.6 0.180188
0.39 -0.217209 1.60005 0.845211 0.714653 0.400471 214.043 45829.3 0.176573
0.38 -0.23334 1.64079 0.854017 0.7296 0.386954 214.633 46081.6 0.176843
0.37 -0.249947 1.69996 0.862921 0.744876 0.378304 215.192 46321.3 0.174165
0.36 -0.267737 1.77171 0.872362 0.761244 0.365306 215.862 46609.5 0.167311
0.35 -0.285559 1.81967 0.881642 0.777505 0.348697 216.502 46885.7 0.167156
0.34 -0.303472 1.83756 0.890414 0.793034 0.334297 217.355 47255.8 0.167399
0.33 -0.322151 1.87237 0.899572 0.809411 0.314856 218.124 47589.8 0.164632
0.32 -0.341437 1.94518 0.908713 0.825924 0.296982 218.966 47957.6 0.164931
0.31 -0.36066 1.92355 0.917731 0.842377 0.274918 219.832 48336.7 0.15832
0.3 -0.380399 1.95494 0.926275 0.85812 0.258218 220.818 48771.1 0.157103
0.29 -0.400145 1.96624 0.93474 0.873856 0.232929 221.762 49188.5 0.157786
0.28 -0.420204 1.9578 0.943008 0.889367 0.211707 222.869 49680.1 0.150726
0.27 -0.439606 1.96241 0.950402 0.903356 0.193903 223.957 50165.7 0.146511
0.26 -0.459283 1.9221 0.957709 0.917283 0.170148 225.082 50670.5 0.146764
0.25 -0.47845 1.88917 0.964274 0.929888 0.147248 226.25 51197.3 0.14448
0.24 -0.497353 1.86003 0.970309 0.941552 0.128362 227.468 51749.2 0.140708
0.23 -0.515397 1.78111 0.975728 0.952089 0.107006 228.59 52260.7 0.14068
0.22 -0.533072 1.68529 0.980601 0.961612 0.0897537 229.87 52847.4 0.137021
0.21 -0.550095 1.66954 0.984666 0.969594 0.0745694 231.137 53430.9 0.135207
0.2 -0.566317 1.61725 0.988257 0.976673 0.0617084 232.399 54015.4 0.134504
0.19 -0.582072 1.52754 0.991279 0.982649 0.0472615 233.663 54604.3 0.130186
0.18 -0.596767 1.44721 0.993681 0.987413 0.0354977 234.88 55174.2 0.1278
0.17 -0.610743 1.38546 0.995594 0.991216 0.0266369 236.111 55753.3 0.127701
0.16 -0.624421 1.30646 0.997069 0.994151 0.0180189 237.37 56349.1 0.124946
0.15 -0.637127 1.25571 0.998115 0.996237 0.0126835 238.652 56959.3 0.125483
0.14 -0.649491 1.21925 0.998905 0.997813 0.00788712 239.86 57536.8 0.122537
0.13 -0.661551 1.18456 0.999396 0.998793 0.00467049 241.088 58127 0.121309
0.12 -0.673117 1.16285 0.999694 0.999389 0.00254324 242.313 58719.2 0.119583
0.11 -0.684525 1.10971 0.999868 0.999736 0.00119939 243.528 59309.2 0.119482
0.1 -0.695556 1.09439 0.99995 0.9999 0.000505415 244.701 59881.6 0.117879
0.09 -0.706458 1.09651 0.999986 0.999971 0.000159728 245.904 60471.2 0.115651
0.08 -0.717252 1.07295 0.999997 0.999995 3.3585e-05 247.074 61047.7 0.116217
0.07 -0.727952 1.05647 0.999999 0.999999 7.43825e-06 248.221 61615.7 0.116094
0.06 -0.73853 1.07188 1 1 0 249.361 62182.6 0.112214
0.05 -0.748999 1.05042 1 1 0 250.507 62755.2 0.113068
0.04 -0.759378 1.0554 1 1 0 251.612 63309.6 0.114046
0.03 -0.769666 1.00414 1 1 0 252.721 63868.9 0.113259
0.02 -0.779852 1.02009 1 1 0 253.829 64429.5 0.111709
0.01 -0.789966 0.977919 1 1 0 254.921 64985.1 0.113454
