0.8 0.408877 0.276009 0.0504478 0.00266039 0.0830921 423.249 179433 0.864828
0.799 0.408601 0.275846 0.0503588 0.00265117 0.0830223 423.191 179383 0.864901
0.798 0.408325 0.275684 0.0502699 0.00264199 0.0829526 423.133 179334 0.864975
0.797 0.408049 0.275524 0.0501811 0.00263283 0.0828831 423.075 179284 0.86505
0.796 0.407774 0.275364 0.0500925 0.0026237 0.0828138 423.018 179235 0.865125
0.795 0.407498 0.275204 0.050004 0.00261461 0.0827447 422.96 179186 0.865201
0.794 0.407223 0.275046 0.0499157 0.00260554 0.0826757 422.903 179138 0.865278
0.793 0.406948 0.274888 0.0498274 0.0025965 0.0826069 422.846 179089 0.865356
0.792 0.406673 0.274732 0.0497393 0.00258749 0.0825383 422.79 179041 0.865434
0.791 0.406398 0.274576 0.0496513 0.00257851 0.0824699 422.733 178993 0.865514
0.79 0.406124 0.274421 0.0495635 0.00256956 0.0824017 422.677 178945 0.865594
0.789 0.405849 0.274267 0.0494758 0.00256063 0.0823336 422.621 178897 0.865674
0.788 0.405575 0.274114 0.0493882 0.00255174 0.0822657 422.565 178850 0.865755
0.787 0.405301 0.273962 0.0493007 0.00254287 0.082198 422.51 178802 0.865837
0.786 0.405027 0.27381 0.0492134 0.00253403 0.0821305 422.454 178755 0.865919
0.785 0.404753 0.273659 0.0491262 0.00252522 0.0820632 422.399 178708 0.866002
0.784 0.40448 0.27351 0.0490392 0.00251644 0.081996 422.344 178662 0.866086
0.783 0.404206 0.273361 0.0489522 0.00250769 0.081929 422.29 178615 0.86617
0.782 0.403933 0.273213 0.0488654 0.00249897 0.0818622 422.235 178569 0.866254
0.781 0.403659 0.273066 0.0487787 0.00249027 0.0817956 422.181 178522 0.866339
0.78 0.403386 0.27292 0.0486922 0.0024816 0.0817291 422.127 178476 0.866424
0.779 0.403113 0.272774 0.0486058 0.00247296 0.0816629 422.073 178431 0.866509
0.778 0.402841 0.27263 0.0485195 0.00246435 0.0815968 422.02 178385 0.866595
0.777 0.402568 0.272486 0.0484333 0.00245577 0.0815308 421.966 178340 0.866681
0.776 0.402296 0.272344 0.0483473 0.00244721 0.0814651 421.913 178294 0.866767
0.775 0.402023 0.272202 0.0482614 0.00243868 0.0813995 421.86 178249 0.866854
0.774 0.401751 0.272061 0.0481756 0.00243018 0.0813341 421.808 178205 0.866941
0.773 0.401479 0.271921 0.04809 0.00242171 0.0812689 421.755 178160 0.867027
0.772 0.401207 0.271781 0.0480045 0.00241326 0.0812038 421.703 178116 0.867114
0.771 0.400935 0.271643 0.0479191 0.00240484 0.0811389 421.651 178071 0.867201
0.77 0.400664 0.271506 0.0478338 0.00239645 0.0810742 421.599 178027 0.867287
0.769 0.400392 0.271369 0.0477487 0.00238809 0.0810096 421.548 177984 0.867374
0.768 0.400121 0.271233 0.0476637 0.00237975 0.0809452 421.496 177940 0.867461
0.767 0.399849 0.271099 0.0475788 0.00237145 0.080881 421.445 177896 0.867547
0.766 0.399578 0.270965 0.0474941 0.00236316 0.0808169 421.394 177853 0.867633
0.765 0.399307 0.270831 0.0474095 0.00235491 0.0807529 421.344 177810 0.867719
0.764 0.399036 0.270699 0.047325 0.00234668 0.0806892 421.293 177767 0.867804
0.763 0.398766 0.270568 0.0472406 0.00233848 0.0806255 421.243 177725 0.86789
0.762 0.398495 0.270437 0.0471564 0.00233031 0.0805621 421.193 177682 0.867974
0.761 0.398225 0.270307 0.0470723 0.00232216 0.0804987 421.143 177640 0.868059
0.76 0.397954 0.270178 0.0469884 0.00231404 0.0804356 421.094 177598 0.868142
0.759 0.397684 0.27005 0.0469045 0.00230594 0.0803725 421.045 177556 0.868226
0.758 0.397414 0.269923 0.0468208 0.00229788 0.0803096 420.996 177514 0.868308
0.757 0.397144 0.269797 0.0467373 0.00228983 0.0802469 420.947 177473 0.86839
0.756 0.396874 0.269671 0.0466538 0.00228182 0.0801842 420.898 177432 0.868471
0.755 0.396604 0.269546 0.0465705 0.00227383 0.0801218 420.85 177391 0.868552
0.754 0.396335 0.269422 0.0464873 0.00226587 0.0800594 420.802 177350 0.868631
0.753 0.396065 0.269299 0.0464042 0.00225793 0.0799972 420.754 177309 0.86871
0.752 0.395796 0.269177 0.0463213 0.00225002 0.0799351 420.706 177268 0.868788
0.751 0.395527 0.269055 0.0462385 0.00224214 0.0798731 420.659 177228 0.868864
0.75 0.395258 0.268934 0.0461558 0.00223428 0.0798112 420.611 177188 0.86894
0.749 0.394989 0.268814 0.0460733 0.00222645 0.0797494 420.564 177148 0.869015
0.748 0.39472 0.268695 0.0459909 0.00221864 0.0796878 420.518 177108 0.869089
0.747 0.394451 0.268577 0.0459086 0.00221086 0.0796263 420.471 177069 0.869161
0.746 0.394183 0.268459 0.0458264 0.00220311 0.0795648 420.425 177030 0.869232
0.745 0.393914 0.268342 0.0457444 0.00219538 0.0795035 420.379 176991 0.869302
0.744 0.393646 0.268226 0.0456625 0.00218768 0.0794423 420.333 176952 0.86937
0.743 0.393377 0.268111 0.0455807 0.00218 0.0793812 420.287 176913 0.869438
0.742 0.393109 0.267996 0.0454991 0.00217235 0.0793202 420.242 176874 0.869503
0.741 0.392841 0.267882 0.0454176 0.00216472 0.0792592 420.197 176836 0.869568
0.74 0.392573 0.267769 0.0453362 0.00215712 0.0791984 420.152 176798 0.869631
0.739 0.392305 0.267657 0.045255 0.00214954 0.0791376 420.107 176760 0.869692
0.738 0.392038 0.267545 0.0451739 0.00214199 0.0790769 420.063 176722 0.869751
0.737 0.39177 0.267434 0.0450929 0.00213447 0.0790163 420.019 176685 0.869809
0.736 0.391503 0.267324 0.045012 0.00212697 0.0789558 419.975 176648 0.869866
0.735 0.391235 0.267214 0.0449313 0.00211949 0.0788954 419.931 176611 0.86992
0.734 0.390968 0.267106 0.0448507 0.00211204 0.078835 419.888 176574 0.869973
0.733 0.390701 0.266998 0.0447702 0.00210462 0.0787747 419.844 176537 0.870024
0.732 0.390434 0.26689 0.0446899 0.00209722 0.0787144 419.801 176500 0.870073
0.731 0.390167 0.266784 0.0446097 0.00208984 0.0786542 419.759 176464 0.870121
0.73 0.3899 0.266678 0.0445296 0.00208249 0.0785941 419.716 176428 0.870166
0.729 0.389633 0.266573 0.0444496 0.00207517 0.0785341 419.674 176392 0.870209
0.728 0.389366 0.266469 0.0443698 0.00206786 0.0784741 419.632 176357 0.870251
0.727 0.3891 0.266365 0.0442901 0.00206059 0.0784141 419.59 176321 0.87029
0.726 0.388833 0.266262 0.0442106 0.00205334 0.0783542 419.548 176286 0.870328
0.725 0.388567 0.26616 0.0441312 0.00204611 0.0782944 419.507 176251 0.870363
0.724 0.388301 0.266058 0.0440519 0.00203891 0.0782346 419.466 176216 0.870397
0.723 0.388035 0.265958 0.0439727 0.00203173 0.0781748 419.425 176181 0.870428
0.722 0.387769 0.265858 0.0438937 0.00202457 0.0781151 419.384 176147 0.870457
0.721 0.387503 0.265758 0.0438148 0.00201744 0.0780554 419.344 176112 0.870484
0.72 0.387237 0.26566 0.0437361 0.00201034 0.0779958 419.304 176078 0.870509
0.719 0.386971 0.265562 0.0436574 0.00200326 0.0779362 419.264 176044 0.870531
0.718 0.386705 0.265465 0.0435789 0.0019962 0.0778766 419.224 176011 0.870552
0.717 0.38644 0.265369 0.0435006 0.00198917 0.0778171 419.184 175977 0.87057
0.716 0.386174 0.265273 0.0434223 0.00198216 0.0777576 419.145 175944 0.870586
0.715 0.385909 0.265178 0.0433443 0.00197517 0.0776982 419.106 175911 0.8706
0.714 0.385644 0.265084 0.0432663 0.00196821 0.0776388 419.068 175878 0.870611
0.713 0.385379 0.264991 0.0431885 0.00196127 0.0775794 419.029 175845 0.870621
0.712 0.385114 0.264899 0.0431108 0.00195436 0.07752 418.991 175813 0.870628
0.711 0.384849 0.264807 0.0430332 0.00194747 0.0774607 418.953 175781 0.870632
0.71 0.384584 0.264717 0.0429558 0.00194061 0.0774015 418.915 175749 0.870635
0.709 0.384319 0.264627 0.0428785 0.00193377 0.0773422 418.878 175717 0.870636
0.708 0.384054 0.264537 0.0428013 0.00192695 0.077283 418.84 175685 0.870634
0.707 0.38379 0.264449 0.0427243 0.00192015 0.0772238 418.803 175654 0.87063
0.706 0.383525 0.264362 0.0426474 0.00191338 0.0771646 418.766 175623 0.870623
0.705 0.383261 0.264275 0.0425707 0.00190664 0.0771055 418.73 175592 0.870615
0.704 0.382996 0.26419 0.0424941 0.00189991 0.0770465 418.694 175561 0.870604
0.703 0.382732 0.264105 0.0424176 0.00189321 0.0769874 418.658 175530 0.870592
0.702 0.382468 0.264021 0.0423413 0.00188654 0.0769284 418.622 175500 0.870577
0.701 0.382203 0.263938 0.042265 0.00187989 0.0768694 418.586 175470 0.87056
0.7 0.381939 0.263856 0.042189 0.00187326 0.0768105 418.551 175440 0.870541
0.699 0.381675 0.263776 0.042113 0.00186665 0.0767516 418.516 175410 0.870519
0.698 0.381412 0.263696 0.0420373 0.00186007 0.0766928 418.481 175381 0.870496
0.697 0.381148 0.263617 0.0419616 0.00185351 0.076634 418.446 175351 0.870471
0.696 0.380884 0.263539 0.0418861 0.00184697 0.0765752 418.412 175322 0.870444
0.695 0.38062 0.263462 0.0418107 0.00184046 0.0765165 418.378 175293 0.870414
0.694 0.380357 0.263386 0.0417354 0.00183397 0.0764579 418.344 175265 0.870383
0.693 0.380093 0.263312 0.0416603 0.0018275 0.0763993 418.311 175236 0.87035
0.692 0.37983 0.263238 0.0415854 0.00182106 0.0763408 418.277 175208 0.870315
0.691 0.379567 0.263166 0.0415105 0.00181464 0.0762823 418.244 175180 0.870279
0.69 0.379303 0.263095 0.0414358 0.00180824 0.0762239 418.211 175152 0.87024
0.689 0.37904 0.263024 0.0413613 0.00180186 0.0761655 418.179 175124 0.8702
0.688 0.378777 0.262956 0.0412869 0.00179551 0.0761073 418.147 175097 0.870158
0.687 0.378514 0.262888 0.0412126 0.00178918 0.0760491 418.115 175070 0.870115
0.686 0.378251 0.262822 0.0411385 0.00178288 0.075991 418.083 175043 0.87007
0.685 0.377988 0.262757 0.0410645 0.00177659 0.0759329 418.051 175016 0.870023
0.684 0.377725 0.262693 0.0409906 0.00177033 0.075875 418.02 174989 0.869975
0.683 0.377462 0.262631 0.0409169 0.00176409 0.0758172 417.989 174963 0.869925
0.682 0.377199 0.262569 0.0408433 0.00175788 0.0757594 417.958 174937 0.869874
0.681 0.376937 0.26251 0.0407699 0.00175168 0.0757017 417.928 174911 0.869822
0.68 0.376674 0.262452 0.0406966 0.00174551 0.0756442 417.897 174885 0.869768
0.679 0.376411 0.262395 0.0406234 0.00173937 0.0755868 417.867 174860 0.869713
0.678 0.376149 0.26234 0.0405504 0.00173324 0.0755294 417.838 174835 0.869657
0.677 0.375886 0.262286 0.0404775 0.00172714 0.0754722 417.808 174810 0.8696
0.676 0.375624 0.262233 0.0404048 0.00172106 0.0754151 417.779 174785 0.869542
0.675 0.375362 0.262183 0.0403322 0.001715 0.0753582 417.75 174760 0.869483
0.674 0.375099 0.262134 0.0402597 0.00170896 0.0753014 417.721 174736 0.869423
0.673 0.374837 0.262086 0.0401874 0.00170295 0.0752447 417.693 174712 0.869362
0.672 0.374575 0.26204 0.0401153 0.00169695 0.0751881 417.664 174688 0.8693
0.671 0.374313 0.261996 0.0400432 0.00169098 0.0751318 417.637 174664 0.869237
0.67 0.374051 0.261953 0.0399713 0.00168504 0.0750755 417.609 174640 0.869174
0.669 0.373788 0.261913 0.0398996 0.00167911 0.0750194 417.581 174617 0.86911
0.668 0.373526 0.261874 0.039828 0.00167321 0.0749635 417.554 174594 0.869046
0.667 0.373264 0.261836 0.0397565 0.00166732 0.0749078 417.527 174571 0.868981
0.666 0.373002 0.261801 0.0396852 0.00166146 0.0748523 417.501 174549 0.868916
0.665 0.37274 0.261767 0.039614 0.00165562 0.0747969 417.474 174526 0.86885
0.664 0.372479 0.261735 0.039543 0.00164981 0.0747417 417.448 174504 0.868784
0.663 0.372217 0.261705 0.0394721 0.00164401 0.0746867 417.423 174482 0.868718
0.662 0.371955 0.261677 0.0394013 0.00163824 0.0746319 417.397 174460 0.868652
0.661 0.371693 0.261651 0.0393307 0.00163248 0.0745774 417.372 174439 0.868585
0.66 0.371431 0.261627 0.0392602 0.00162675 0.074523 417.347 174418 0.868519
0.659 0.371169 0.261605 0.0391899 0.00162104 0.0744688 417.322 174397 0.868453
0.658 0.370908 0.261585 0.0391197 0.00161536 0.0744149 417.298 174376 0.868386
0.657 0.370646 0.261567 0.0390496 0.00160969 0.0743612 417.273 174355 0.86832
0.656 0.370384 0.261551 0.0389797 0.00160405 0.0743077 417.25 174335 0.868254
0.655 0.370122 0.261537 0.0389099 0.00159842 0.0742545 417.226 174315 0.868188
0.654 0.369861 0.261525 0.0388403 0.00159282 0.0742015 417.203 174295 0.868123
0.653 0.369599 0.261516 0.0387708 0.00158724 0.0741488 417.179 174275 0.868058
0.652 0.369337 0.261508 0.0387015 0.00158168 0.0740964 417.157 174256 0.867994
0.651 0.369076 0.261503 0.0386322 0.00157614 0.0740441 417.134 174237 0.86793
0.65 0.368814 0.261499 0.0385632 0.00157062 0.0739922 417.112 174218 0.867866
0.649 0.368552 0.261498 0.0384942 0.00156512 0.0739405 417.09 174199 0.867804
0.648 0.368291 0.261499 0.0384255 0.00155964 0.0738892 417.068 174180 0.867742
0.647 0.368029 0.261503 0.0383568 0.00155418 0.073838 417.047 174162 0.86768
0.646 0.367767 0.261508 0.0382883 0.00154875 0.0737872 417.026 174144 0.86762
0.645 0.367506 0.261516 0.0382199 0.00154333 0.0737367 417.005 174126 0.86756
0.644 0.367244 0.261526 0.0381517 0.00153794 0.0736865 416.984 174109 0.867502
0.643 0.366982 0.261539 0.0380836 0.00153256 0.0736366 416.964 174091 0.867444
0.642 0.366721 0.261554 0.0380157 0.00152721 0.0735869 416.944 174074 0.867387
0.641 0.366459 0.261571 0.0379479 0.00152188 0.0735376 416.924 174058 0.867332
0.64 0.366197 0.26159 0.0378802 0.00151656 0.0734886 416.905 174041 0.867277
0.639 0.365935 0.261611 0.0378127 0.00151127 0.07344 416.886 174025 0.867224
0.638 0.365674 0.261635 0.0377453 0.001506 0.0733916 416.867 174009 0.867172
0.637 0.365412 0.261662 0.037678 0.00150075 0.0733436 416.848 173993 0.867121
0.636 0.36515 0.26169 0.0376109 0.00149551 0.0732959 416.83 173977 0.867072
0.635 0.364888 0.261721 0.037544 0.0014903 0.0732486 416.812 173962 0.867024
0.634 0.364626 0.261754 0.0374771 0.00148511 0.0732016 416.794 173947 0.866977
0.633 0.364364 0.26179 0.0374104 0.00147993 0.0731549 416.777 173932 0.866931
0.632 0.364102 0.261828 0.0373439 0.00147478 0.0731086 416.76 173917 0.866888
0.631 0.36384 0.261868 0.0372775 0.00146965 0.0730627 416.743 173903 0.866845
0.63 0.363578 0.26191 0.0372112 0.00146453 0.073017 416.727 173889 0.866804
0.629 0.363316 0.261955 0.037145 0.00145944 0.0729718 416.71 173875 0.866765
0.628 0.363054 0.262002 0.037079 0.00145437 0.0729269 416.695 173861 0.866727
0.627 0.362792 0.262052 0.0370132 0.00144931 0.0728824 416.679 173848 0.866691
0.626 0.36253 0.262104 0.0369474 0.00144427 0.0728382 416.664 173835 0.866657
0.625 0.362268 0.262158 0.0368819 0.00143926 0.0727944 416.649 173822 0.866624
0.624 0.362005 0.262214 0.0368164 0.00143426 0.072751 416.634 173809 0.866593
0.623 0.361743 0.262273 0.0367511 0.00142928 0.0727079 416.62 173797 0.866563
0.622 0.36148 0.262333 0.0366859 0.00142432 0.0726652 416.605 173785 0.866535
0.621 0.361218 0.262397 0.0366209 0.00141938 0.0726229 416.592 173773 0.866509
0.62 0.360955 0.262462 0.036556 0.00141446 0.072581 416.578 173761 0.866485
0.619 0.360693 0.262529 0.0364912 0.00140956 0.0725394 416.565 173750 0.866463
0.618 0.36043 0.262599 0.0364266 0.00140468 0.0724983 416.552 173739 0.866442
0.617 0.360167 0.262671 0.0363621 0.00139982 0.0724575 416.54 173728 0.866423
0.616 0.359904 0.262745 0.0362977 0.00139497 0.0724171 416.528 173718 0.866406
0.615 0.359641 0.262821 0.0362335 0.00139014 0.072377 416.516 173707 0.86639
0.614 0.359378 0.262899 0.0361694 0.00138534 0.0723374 416.504 173697 0.866377
0.613 0.359115 0.26298 0.0361055 0.00138055 0.0722982 416.493 173687 0.866365
0.612 0.358852 0.263062 0.0360417 0.00137578 0.0722593 416.482 173678 0.866355
0.611 0.358589 0.263147 0.035978 0.00137102 0.0722208 416.471 173669 0.866347
0.61 0.358326 0.263233 0.0359144 0.00136629 0.0721827 416.461 173660 0.866341
0.609 0.358062 0.263322 0.035851 0.00136158 0.072145 416.451 173651 0.866336
0.608 0.357799 0.263412 0.0357878 0.00135688 0.0721077 416.441 173643 0.866334
0.607 0.357535 0.263505 0.0357246 0.0013522 0.0720708 416.432 173635 0.866333
0.606 0.357272 0.263599 0.0356616 0.00134754 0.0720342 416.423 173627 0.866334
0.605 0.357008 0.263695 0.0355988 0.0013429 0.0719981 416.414 173619 0.866336
0.604 0.356744 0.263794 0.0355361 0.00133827 0.0719623 416.406 173612 0.866341
0.603 0.35648 0.263893 0.0354735 0.00133367 0.071927 416.398 173605 0.866347
0.602 0.356216 0.263995 0.035411 0.00132908 0.071892 416.39 173598 0.866355
0.601 0.355952 0.264099 0.0353487 0.00132451 0.0718574 416.383 173591 0.866364
0.6 0.355687 0.264204 0.0352865 0.00131995 0.0718232 416.376 173585 0.866376
0.599 0.355423 0.264311 0.0352245 0.00131542 0.0717894 416.369 173579 0.866388
0.598 0.355159 0.26442 0.0351626 0.0013109 0.071756 416.363 173574 0.866403
0.597 0.354894 0.26453 0.0351008 0.0013064 0.0717229 416.357 173568 0.866419
0.596 0.354629 0.264642 0.0350391 0.00130192 0.0716903 416.351 173563 0.866437
0.595 0.354364 0.264756 0.0349776 0.00129746 0.071658 416.346 173558 0.866456
0.594 0.3541 0.264871 0.0349163 0.00129301 0.0716262 416.341 173554 0.866477
0.593 0.353835 0.264988 0.034855 0.00128858 0.0715947 416.336 173550 0.8665
0.592 0.353569 0.265106 0.0347939 0.00128417 0.0715636 416.332 173546 0.866524
0.591 0.353304 0.265226 0.034733 0.00127978 0.0715329 416.328 173542 0.866549
0.59 0.353039 0.265347 0.0346722 0.0012754 0.0715025 416.324 173539 0.866576
0.589 0.352773 0.26547 0.0346115 0.00127104 0.0714726 416.321 173536 0.866604
0.588 0.352508 0.265594 0.0345509 0.0012667 0.071443 416.318 173533 0.866633
0.587 0.352242 0.265719 0.0344905 0.00126237 0.0714138 416.316 173530 0.866664
0.586 0.351976 0.265846 0.0344302 0.00125806 0.071385 416.313 173528 0.866697
0.585 0.35171 0.265974 0.0343701 0.00125377 0.0713566 416.312 173526 0.86673
0.584 0.351444 0.266103 0.0343101 0.0012495 0.0713286 416.31 173525 0.866765
0.583 0.351178 0.266233 0.0342502 0.00124524 0.0713009 416.309 173524 0.8668
0.582 0.350911 0.266365 0.0341905 0.001241 0.0712737 416.308 173523 0.866837
0.581 0.350645 0.266498 0.0341309 0.00123678 0.0712468 416.308 173522 0.866875
0.58 0.350378 0.266632 0.0340714 0.00123258 0.0712203 416.308 173521 0.866914
0.579 0.350111 0.266768 0.0340121 0.00122839 0.0711941 416.308 173521 0.866954
0.578 0.349844 0.266904 0.0339529 0.00122422 0.0711684 416.309 173522 0.866995
0.577 0.349577 0.267042 0.0338939 0.00122006 0.071143 416.31 173522 0.867037
0.576 0.34931 0.26718 0.033835 0.00121592 0.071118 416.311 173523 0.86708
0.575 0.349043 0.26732 0.0337762 0.0012118 0.0710934 416.313 173524 0.867124
0.574 0.348775 0.267461 0.0337176 0.0012077 0.0710692 416.315 173525 0.867168
0.573 0.348508 0.267602 0.0336591 0.00120361 0.0710453 416.318 173527 0.867213
0.572 0.34824 0.267745 0.0336007 0.00119954 0.0710219 416.32 173529 0.867259
0.571 0.347972 0.267889 0.0335425 0.00119548 0.0709988 416.324 173532 0.867306
0.57 0.347704 0.268034 0.0334845 0.00119145 0.0709761 416.327 173534 0.867353
0.569 0.347436 0.26818 0.0334265 0.00118743 0.0709537 416.331 173537 0.867401
0.568 0.347167 0.268327 0.0333688 0.00118342 0.0709318 416.336 173541 0.867449
0.567 0.346899 0.268474 0.0333111 0.00117943 0.0709102 416.341 173544 0.867497
0.566 0.34663 0.268623 0.0332536 0.00117546 0.0708891 416.346 173548 0.867546
0.565 0.346362 0.268773 0.0331962 0.00117151 0.0708683 416.351 173552 0.867596
0.564 0.346093 0.268924 0.033139 0.00116757 0.0708478 416.357 173557 0.867645
0.563 0.345824 0.269075 0.0330819 0.00116364 0.0708278 416.363 173562 0.867695
0.562 0.345554 0.269228 0.033025 0.00115974 0.0708082 416.37 173567 0.867746
0.561 0.345285 0.269382 0.0329682 0.00115585 0.0707889 416.377 173573 0.867796
0.56 0.345015 0.269536 0.0329115 0.00115197 0.07077 416.385 173578 0.867846
0.559 0.344746 0.269692 0.032855 0.00114812 0.0707515 416.392 173585 0.867897
0.558 0.344476 0.269848 0.0327987 0.00114428 0.0707334 416.401 173591 0.867947
0.557 0.344206 0.270006 0.0327425 0.00114045 0.0707157 416.409 173598 0.867998
0.556 0.343936 0.270164 0.0326864 0.00113664 0.0706984 416.418 173605 0.868048
0.555 0.343665 0.270324 0.0326305 0.00113285 0.0706815 416.428 173613 0.868099
0.554 0.343395 0.270485 0.0325747 0.00112907 0.0706649 416.437 173620 0.868149
0.553 0.343124 0.270646 0.032519 0.00112532 0.0706488 416.448 173629 0.868199
0.552 0.342854 0.270809 0.0324635 0.00112157 0.070633 416.458 173637 0.868249
0.551 0.342583 0.270973 0.0324082 0.00111784 0.0706177 416.469 173646 0.868298
0.55 0.342312 0.271138 0.032353 0.00111413 0.0706027 416.48 173655 0.868347
0.549 0.34204 0.271305 0.0322979 0.00111044 0.0705881 416.492 173664 0.868396
0.548 0.341769 0.271472 0.032243 0.00110676 0.0705739 416.504 173674 0.868444
0.547 0.341497 0.271641 0.0321883 0.00110309 0.0705601 416.517 173684 0.868492
0.546 0.341225 0.271811 0.0321337 0.00109945 0.0705468 416.53 173695 0.86854
0.545 0.340953 0.271982 0.0320792 0.00109582 0.0705338 416.543 173705 0.868587
0.544 0.340681 0.272155 0.0320249 0.0010922 0.0705212 416.557 173717 0.868633
0.543 0.340409 0.272329 0.0319708 0.0010886 0.070509 416.571 173728 0.868679
0.542 0.340137 0.272504 0.0319168 0.00108502 0.0704972 416.586 173740 0.868724
0.541 0.339864 0.272681 0.0318629 0.00108145 0.0704859 416.601 173752 0.868769
0.54 0.339591 0.27286 0.0318092 0.0010779 0.0704749 416.616 173764 0.868813
0.539 0.339318 0.27304 0.0317557 0.00107436 0.0704643 416.632 173777 0.868857
0.538 0.339045 0.273222 0.0317023 0.00107084 0.0704541 416.648 173790 0.868899
0.537 0.338772 0.273405 0.031649 0.00106734 0.0704444 416.664 173804 0.868942
0.536 0.338498 0.273591 0.031596 0.00106385 0.070435 416.681 173817 0.868983
0.535 0.338224 0.273778 0.031543 0.00106037 0.070426 416.699 173832 0.869024
0.534 0.33795 0.273967 0.0314902 0.00105692 0.0704175 416.716 173846 0.869064
0.533 0.337676 0.274157 0.0314376 0.00105348 0.0704094 416.735 173861 0.869103
0.532 0.337402 0.27435 0.0313851 0.00105005 0.0704016 416.753 173876 0.869142
0.531 0.337127 0.274545 0.0313328 0.00104664 0.0703943 416.772 173891 0.86918
0.53 0.336853 0.274742 0.0312807 0.00104325 0.0703874 416.792 173907 0.869217
0.529 0.336578 0.274941 0.0312287 0.00103987 0.0703809 416.811 173923 0.869253
0.528 0.336303 0.275143 0.0311768 0.0010365 0.0703748 416.832 173940 0.869289
0.527 0.336028 0.275346 0.0311251 0.00103316 0.0703691 416.852 173957 0.869325
0.526 0.335752 0.275553 0.0310736 0.00102982 0.0703638 416.873 173974 0.869359
0.525 0.335476 0.275761 0.0310222 0.00102651 0.0703589 416.895 173992 0.869393
0.524 0.3352 0.275972 0.030971 0.00102321 0.0703544 416.917 174010 0.869427
0.523 0.334924 0.276186 0.03092 0.00101992 0.0703504 416.939 174028 0.86946
0.522 0.334648 0.276403 0.0308691 0.00101665 0.0703468 416.962 174046 0.869493
0.521 0.334371 0.276622 0.0308183 0.0010134 0.0703435 416.985 174065 0.869525
0.52 0.334095 0.276844 0.0307678 0.00101016 0.0703407 417.008 174085 0.869557
0.519 0.333818 0.277069 0.0307174 0.00100693 0.0703383 417.032 174104 0.869588
0.518 0.33354 0.277296 0.0306671 0.00100372 0.0703363 417.057 174124 0.86962
0.517 0.333263 0.277527 0.030617 0.00100053 0.0703347 417.082 174145 0.869651
0.516 0.332985 0.277761 0.0305671 0.000997353 0.0703336 417.107 174165 0.869682
0.515 0.332707 0.277998 0.0305173 0.000994191 0.0703328 417.132 174186 0.869713
0.514 0.332429 0.278239 0.0304677 0.000991043 0.0703325 417.158 174208 0.869744
0.513 0.332151 0.278483 0.0304183 0.00098791 0.0703326 417.185 174229 0.869775
0.512 0.331872 0.27873 0.030369 0.000984793 0.0703331 417.212 174251 0.869807
0.511 0.331593 0.27898 0.0303199 0.000981691 0.0703341 417.239 174274 0.869839
0.51 0.331314 0.279235 0.0302709 0.000978604 0.0703354 417.267 174297 0.869871
0.509 0.331035 0.279492 0.0302221 0.000975532 0.0703372 417.295 174320 0.869904
0.508 0.330755 0.279754 0.0301735 0.000972475 0.0703394 417.324 174343 0.869937
0.507 0.330475 0.280019 0.030125 0.000969433 0.0703421 417.353 174367 0.869971
0.506 0.330195 0.280288 0.0300767 0.000966407 0.0703452 417.382 174392 0.870006
0.505 0.329915 0.280561 0.0300286 0.000963395 0.0703487 417.412 174416 0.870042
0.504 0.329634 0.280838 0.0299806 0.000960398 0.0703527 417.442 174441 0.87008
0.503 0.329353 0.281119 0.0299329 0.000957416 0.0703571 417.473 174467 0.870118
0.502 0.329072 0.281404 0.0298852 0.000954449 0.070362 417.504 174492 0.870158
0.501 0.32879 0.281693 0.0298378 0.000951497 0.0703673 417.536 174518 0.870199
0.5 0.328508 0.281986 0.0297905 0.000948559 0.0703731 417.568 174545 0.870242
0.499 0.328226 0.282284 0.0297433 0.000945637 0.0703793 417.601 174572 0.870287
0.498 0.327944 0.282586 0.0296964 0.000942729 0.070386 417.634 174599 0.870334
0.497 0.327661 0.282892 0.0296496 0.000939836 0.0703932 417.667 174626 0.870383
0.496 0.327378 0.283203 0.029603 0.000936958 0.0704009 417.701 174654 0.870435
0.495 0.327095 0.283518 0.0295565 0.000934095 0.0704091 417.735 174683 0.870489
0.494 0.326811 0.283838 0.0295102 0.000931246 0.0704177 417.77 174711 0.870545
0.493 0.326527 0.284162 0.0294641 0.000928412 0.0704269 417.805 174741 0.870604
0.492 0.326242 0.284491 0.0294182 0.000925593 0.0704366 417.841 174770 0.870667
0.491 0.325958 0.284825 0.0293724 0.000922788 0.0704468 417.877 174800 0.870732
0.49 0.325673 0.285164 0.0293268 0.000919999 0.0704576 417.914 174830 0.870801
0.489 0.325387 0.285507 0.0292814 0.000917224 0.0704689 417.951 174861 0.870873
0.488 0.325102 0.285855 0.0292361 0.000914463 0.0704807 417.988 174892 0.870949
0.487 0.324816 0.286209 0.029191 0.000911717 0.0704931 418.026 174923 0.871028
0.486 0.324529 0.286567 0.0291461 0.000908986 0.0705061 418.065 174955 0.871112
0.485 0.324243 0.28693 0.0291014 0.00090627 0.0705197 418.104 174987 0.8712
0.484 0.323956 0.287298 0.0290568 0.000903568 0.0705339 418.143 175020 0.871292
0.483 0.323668 0.287672 0.0290125 0.000900881 0.0705486 418.183 175053 0.871388
0.482 0.32338 0.28805 0.0289683 0.000898209 0.0705641 418.224 175087 0.87149
0.481 0.323092 0.288434 0.0289242 0.000895551 0.0705801 418.265 175121 0.871596
0.48 0.322803 0.288823 0.0288804 0.000892908 0.0705968 418.306 175155 0.871707
0.479 0.322514 0.289217 0.0288367 0.000890279 0.0706142 418.348 175190 0.871824
0.478 0.322225 0.289617 0.0287932 0.000887665 0.0706322 418.39 175225 0.871946
0.477 0.321935 0.290022 0.0287499 0.000885066 0.070651 418.433 175260 0.872073
0.476 0.321645 0.290432 0.0287068 0.000882482 0.0706704 418.477 175296 0.872206
0.475 0.321354 0.290848 0.0286639 0.000879913 0.0706906 418.52 175333 0.872345
0.474 0.321063 0.291269 0.0286211 0.000877358 0.0707115 418.565 175370 0.87249
0.473 0.320772 0.291696 0.0285785 0.000874818 0.0707332 418.61 175407 0.872641
0.472 0.32048 0.292128 0.0285362 0.000872292 0.0707557 418.655 175445 0.872799
0.471 0.320187 0.292566 0.0284939 0.000869782 0.0707789 418.701 175483 0.872963
0.47 0.319895 0.293009 0.0284519 0.000867286 0.070803 418.748 175521 0.873134
0.469 0.319601 0.293458 0.0284101 0.000864805 0.0708279 418.795 175561 0.873311
0.468 0.319308 0.293913 0.0283685 0.000862339 0.0708536 418.842 175600 0.873495
0.467 0.319014 0.294373 0.028327 0.000859888 0.0708802 418.89 175640 0.873687
0.466 0.318719 0.294838 0.0282858 0.000857452 0.0709077 418.939 175680 0.873885
0.465 0.318424 0.295309 0.0282447 0.00085503 0.0709361 418.988 175721 0.874091
0.464 0.318128 0.295786 0.0282039 0.000852624 0.0709654 419.038 175763 0.874304
0.463 0.317832 0.296268 0.0281632 0.000850233 0.0709956 419.088 175804 0.874525
0.462 0.317536 0.296756 0.0281227 0.000847856 0.0710268 419.139 175847 0.874753
0.461 0.317239 0.29725 0.0280824 0.000845495 0.071059 419.19 175889 0.874989
0.46 0.316941 0.297749 0.0280423 0.000843148 0.0710921 419.242 175933 0.875233
0.459 0.316643 0.298253 0.0280025 0.000840817 0.0711263 419.294 175976 0.875484
0.458 0.316345 0.298763 0.0279628 0.000838501 0.0711614 419.348 176021 0.875744
0.457 0.316046 0.299279 0.0279233 0.0008362 0.0711976 419.401 176065 0.876011
0.456 0.315746 0.2998 0.027884 0.000833914 0.0712349 419.455 176110 0.876287
0.455 0.315446 0.300326 0.027845 0.000831643 0.0712732 419.51 176156 0.87657
0.454 0.315146 0.300857 0.0278061 0.000829387 0.0713126 419.565 176202 0.876862
0.453 0.314844 0.301394 0.0277674 0.000827147 0.0713532 419.621 176249 0.877162
0.452 0.314543 0.301935 0.027729 0.000824921 0.0713948 419.678 176296 0.877471
0.451 0.314241 0.302482 0.0276907 0.000822711 0.0714376 419.735 176343 0.877787
0.45 0.313938 0.303033 0.0276527 0.000820516 0.0714815 419.792 176392 0.878112
0.449 0.313634 0.30359 0.0276149 0.000818336 0.0715266 419.851 176440 0.878445
0.448 0.313331 0.304151 0.0275772 0.000816172 0.0715729 419.909 176489 0.878787
0.447 0.313026 0.304716 0.0275398 0.000814022 0.0716203 419.969 176539 0.879137
0.446 0.312721 0.305286 0.0275026 0.000811888 0.071669 420.029 176589 0.879495
0.445 0.312415 0.30586 0.0274656 0.000809769 0.0717188 420.09 176640 0.879862
0.444 0.312109 0.306439 0.0274289 0.000807666 0.0717699 420.151 176691 0.880236
0.443 0.311803 0.307021 0.0273923 0.000805577 0.0718223 420.213 176743 0.88062
0.442 0.311495 0.307607 0.027356 0.000803504 0.0718758 420.275 176795 0.881011
0.441 0.311187 0.308197 0.0273198 0.000801445 0.0719306 420.338 176848 0.881411
0.44 0.310879 0.308791 0.0272839 0.000799402 0.0719867 420.402 176901 0.881819
0.439 0.31057 0.309387 0.0272482 0.000797374 0.0720441 420.466 176955 0.882235
0.438 0.31026 0.309987 0.0272127 0.000795361 0.0721027 420.531 177009 0.882659
0.437 0.30995 0.31059 0.0271775 0.000793363 0.0721626 420.597 177064 0.883091
0.436 0.309639 0.311195 0.0271424 0.00079138 0.0722238 420.663 177120 0.883531
0.435 0.309327 0.311803 0.0271076 0.000789413 0.0722863 420.73 177175 0.883979
0.434 0.309015 0.312413 0.027073 0.000787459 0.0723501 420.797 177232 0.884435
0.433 0.308702 0.313025 0.0270386 0.000785521 0.0724152 420.866 177289 0.884899
0.432 0.308389 0.31364 0.0270044 0.000783598 0.0724816 420.934 177347 0.885371
0.431 0.308075 0.314255 0.0269704 0.000781689 0.0725494 421.004 177405 0.88585
0.43 0.307761 0.314873 0.0269367 0.000779796 0.0726184 421.074 177464 0.886337
0.429 0.307445 0.315491 0.0269031 0.000777916 0.0726887 421.144 177523 0.886831
0.428 0.30713 0.31611 0.0268698 0.000776052 0.0727603 421.216 177583 0.887333
0.427 0.306813 0.316731 0.0268367 0.000774202 0.0728333 421.288 177643 0.887843
0.426 0.306496 0.317352 0.0268038 0.000772366 0.0729075 421.36 177704 0.888359
0.425 0.306178 0.317973 0.0267711 0.000770545 0.072983 421.433 177765 0.888883
0.424 0.30586 0.318595 0.0267387 0.000768738 0.0730599 421.507 177827 0.889414
0.423 0.305541 0.319217 0.0267064 0.000766945 0.073138 421.582 177890 0.889953
0.422 0.305222 0.319838 0.0266744 0.000765166 0.0732175 421.657 177953 0.890498
0.421 0.304901 0.32046 0.0266426 0.000763402 0.0732982 421.733 178017 0.89105
0.42 0.304581 0.321081 0.026611 0.000761651 0.0733802 421.809 178081 0.89161
0.419 0.304259 0.321702 0.0265796 0.000759915 0.0734634 421.887 178146 0.892176
0.418 0.303937 0.322323 0.0265484 0.000758192 0.073548 421.964 178211 0.892749
0.417 0.303615 0.322943 0.0265175 0.000756483 0.0736338 422.043 178277 0.893329
0.416 0.303291 0.323562 0.0264867 0.000754788 0.0737209 422.122 178344 0.893915
0.415 0.302968 0.324181 0.0264562 0.000753107 0.0738092 422.202 178411 0.894508
0.414 0.302643 0.324799 0.0264258 0.000751439 0.0738988 422.282 178479 0.895108
0.413 0.302318 0.325417 0.0263957 0.000749784 0.0739896 422.363 178547 0.895715
0.412 0.301992 0.326034 0.0263658 0.000748143 0.0740816 422.445 178616 0.896328
0.411 0.301666 0.326651 0.0263361 0.000746515 0.0741749 422.527 178685 0.896947
0.41 0.301339 0.327268 0.0263066 0.0007449 0.0742694 422.61 178755 0.897574
0.409 0.301012 0.327885 0.0262773 0.000743299 0.0743651 422.694 178826 0.898206
0.408 0.300684 0.328502 0.0262482 0.000741711 0.074462 422.778 178897 0.898845
0.407 0.300355 0.329119 0.0262193 0.000740136 0.0745601 422.863 178968 0.899491
0.406 0.300025 0.329736 0.0261906 0.000738573 0.0746594 422.949 179040 0.900143
0.405 0.299695 0.330355 0.0261622 0.000737024 0.0747599 423.035 179113 0.900802
0.404 0.299365 0.330975 0.0261339 0.000735488 0.0748615 423.122 179187 0.901467
0.403 0.299034 0.331596 0.0261058 0.000733964 0.0749644 423.21 179261 0.902138
0.402 0.298702 0.332219 0.026078 0.000732454 0.0750684 423.298 179335 0.902816
0.401 0.298369 0.332845 0.0260504 0.000730956 0.0751736 423.387 179410 0.903501
0.4 0.298036 0.333473 0.0260229 0.000729471 0.07528 423.477 179486 0.904192
0.399 0.297702 0.334104 0.0259957 0.000727999 0.0753875 423.567 179562 0.904889
0.398 0.297368 0.334739 0.0259687 0.000726539 0.0754962 423.658 179639 0.905592
0.397 0.297033 0.335379 0.0259419 0.000725092 0.075606 423.75 179716 0.906302
0.396 0.296698 0.336023 0.0259153 0.000723658 0.075717 423.842 179794 0.907019
0.395 0.296361 0.336672 0.0258889 0.000722237 0.0758292 423.935 179873 0.907742
0.394 0.296024 0.337327 0.0258627 0.000720828 0.0759425 424.029 179952 0.908471
0.393 0.295687 0.337989 0.0258368 0.000719432 0.076057 424.123 180032 0.909206
0.392 0.295349 0.338657 0.025811 0.000718049 0.0761727 424.218 180112 0.909947
0.391 0.29501 0.339334 0.0257855 0.000716679 0.0762895 424.314 180193 0.910695
0.39 0.29467 0.340018 0.0257602 0.000715321 0.0764076 424.41 180275 0.911448
0.389 0.29433 0.340711 0.0257351 0.000713976 0.0765268 424.508 180357 0.912207
0.388 0.293989 0.341414 0.0257102 0.000712644 0.0766472 424.605 180440 0.912973
0.387 0.293647 0.342127 0.0256855 0.000711325 0.0767688 424.704 180524 0.913743
0.386 0.293305 0.34285 0.0256611 0.000710019 0.0768916 424.803 180608 0.91452
0.385 0.292962 0.343585 0.0256368 0.000708725 0.0770156 424.903 180692 0.915301
0.384 0.292618 0.344331 0.0256128 0.000707445 0.0771409 425.004 180778 0.916088
0.383 0.292273 0.34509 0.0255891 0.000706178 0.0772673 425.105 180864 0.91688
0.382 0.291928 0.345861 0.0255655 0.000704924 0.0773951 425.207 180950 0.917677
0.381 0.291582 0.346646 0.0255422 0.000703683 0.0775241 425.31 181038 0.918478
0.38 0.291235 0.347444 0.0255191 0.000702455 0.0776544 425.414 181126 0.919283
0.379 0.290887 0.348257 0.0254962 0.000701241 0.077786 425.518 181214 0.920093
0.378 0.290539 0.349084 0.0254736 0.00070004 0.0779189 425.624 181304 0.920906
0.377 0.290189 0.349925 0.0254512 0.000698852 0.0780531 425.73 181394 0.921723
0.376 0.289839 0.350782 0.0254291 0.000697677 0.0781887 425.836 181484 0.922544
0.375 0.289488 0.351654 0.0254072 0.000696517 0.0783256 425.944 181576 0.923367
0.374 0.289136 0.352542 0.0253855 0.000695369 0.0784639 426.052 181668 0.924193
0.373 0.288783 0.353445 0.025364 0.000694235 0.0786036 426.161 181761 0.925022
0.372 0.288429 0.354364 0.0253428 0.000693115 0.0787448 426.271 181854 0.925852
0.371 0.288075 0.355298 0.0253219 0.000692008 0.0788873 426.382 181948 0.926685
0.37 0.287719 0.356248 0.0253012 0.000690915 0.0790314 426.494 182043 0.927519
0.369 0.287362 0.357213 0.0252807 0.000689836 0.0791769 426.607 182139 0.928354
0.368 0.287005 0.358194 0.0252605 0.00068877 0.0793239 426.72 182236 0.92919
0.367 0.286646 0.359189 0.0252405 0.000687718 0.0794724 426.834 182333 0.930028
0.366 0.286286 0.3602 0.0252207 0.000686679 0.0796225 426.95 182431 0.930865
0.365 0.285926 0.361224 0.0252013 0.000685655 0.0797742 427.066 182530 0.931704
0.364 0.285564 0.362263 0.025182 0.000684643 0.0799275 427.183 182630 0.932542
0.363 0.285202 0.363314 0.025163 0.000683646 0.0800823 427.301 182731 0.93338
0.362 0.284838 0.364379 0.0251443 0.000682661 0.0802388 427.42 182832 0.934219
0.361 0.284473 0.365456 0.0251257 0.000681691 0.080397 427.54 182934 0.935057
0.36 0.284107 0.366545 0.0251075 0.000680734 0.0805568 427.66 183037 0.935895
0.359 0.28374 0.367644 0.0250895 0.00067979 0.0807184 427.782 183141 0.936733
0.358 0.283372 0.368754 0.0250717 0.000678859 0.0808816 427.905 183246 0.937571
0.357 0.283003 0.369873 0.0250541 0.000677941 0.0810466 428.029 183352 0.938409
0.356 0.282632 0.371001 0.0250368 0.000677037 0.0812133 428.154 183459 0.939247
0.355 0.282261 0.372137 0.0250198 0.000676145 0.0813818 428.279 183566 0.940086
0.354 0.281888 0.373279 0.0250029 0.000675267 0.0815521 428.406 183675 0.940925
0.353 0.281515 0.374428 0.0249863 0.0006744 0.0817241 428.534 183784 0.941766
0.352 0.28114 0.375583 0.0249699 0.000673547 0.081898 428.663 183894 0.942607
0.351 0.280764 0.376741 0.0249538 0.000672706 0.0820736 428.793 184006 0.943451
0.35 0.280386 0.377904 0.0249379 0.000671877 0.082251 428.924 184118 0.944298
0.349 0.280008 0.379069 0.0249222 0.00067106 0.0824302 429.056 184231 0.945147
0.348 0.279629 0.380237 0.0249067 0.000670255 0.0826111 429.19 184345 0.946001
0.347 0.279248 0.381405 0.0248914 0.000669461 0.0827939 429.324 184460 0.946858
0.346 0.278866 0.382575 0.0248764 0.00066868 0.0829783 429.459 184576 0.947722
0.345 0.278483 0.383745 0.0248616 0.000667909 0.0831645 429.596 184693 0.948591
0.344 0.278099 0.384914 0.0248469 0.00066715 0.0833524 429.734 184811 0.949469
0.343 0.277713 0.386083 0.0248325 0.000666402 0.083542 429.872 184930 0.950354
0.342 0.277327 0.38725 0.0248183 0.000665665 0.0837332 430.012 185050 0.951249
0.341 0.276939 0.388416 0.0248043 0.000664939 0.083926 430.153 185171 0.952155
0.34 0.27655 0.38958 0.0247905 0.000664224 0.0841203 430.295 185293 0.953072
0.339 0.27616 0.390743 0.0247769 0.000663519 0.0843162 430.439 185417 0.954004
0.338 0.275769 0.391905 0.0247635 0.000662825 0.0845134 430.583 185541 0.95495
0.337 0.275377 0.393066 0.0247503 0.000662141 0.0847121 430.728 185666 0.955912
0.336 0.274983 0.394225 0.0247373 0.000661468 0.084912 430.875 185792 0.956893
0.335 0.274588 0.395385 0.0247246 0.000660806 0.0851133 431.023 185919 0.957893
0.334 0.274193 0.396546 0.024712 0.000660154 0.0853157 431.172 186047 0.958914
0.333 0.273796 0.397709 0.0246996 0.000659513 0.0855192 431.322 186176 0.959959
0.332 0.273398 0.398875 0.0246875 0.000658882 0.0857238 431.473 186307 0.961029
0.331 0.272998 0.400045 0.0246756 0.000658263 0.0859293 431.626 186438 0.962126
0.33 0.272598 0.401222 0.0246639 0.000657655 0.0861358 431.779 186571 0.963252
0.329 0.272196 0.402406 0.0246524 0.000657058 0.0863431 431.934 186704 0.964409
0.328 0.271793 0.403601 0.0246412 0.000656474 0.0865513 432.09 186839 0.9656
0.327 0.271389 0.404807 0.0246302 0.000655901 0.0867602 432.247 186974 0.966826
0.326 0.270984 0.406028 0.0246195 0.000655342 0.0869698 432.405 187111 0.968089
0.325 0.270577 0.407267 0.024609 0.000654795 0.0871801 432.565 187249 0.969392
0.324 0.270169 0.408525 0.0245989 0.000654263 0.0873911 432.726 187388 0.970737
0.323 0.26976 0.409806 0.024589 0.000653745 0.0876028 432.888 187528 0.972127
0.322 0.26935 0.411113 0.0245795 0.000653242 0.0878153 433.051 187669 0.973563
0.321 0.268938 0.412449 0.0245703 0.000652755 0.0880284 433.216 187811 0.975048
0.32 0.268525 0.413818 0.0245614 0.000652285 0.0882424 433.382 187955 0.976584
0.319 0.268111 0.415222 0.0245529 0.000651832 0.0884573 433.549 188100 0.978173
0.318 0.267695 0.416666 0.0245447 0.000651399 0.0886732 433.717 188246 0.979818
0.317 0.267277 0.418152 0.024537 0.000650985 0.0888902 433.887 188393 0.981521
0.316 0.266858 0.419683 0.0245297 0.000650593 0.0891085 434.059 188542 0.983283
0.315 0.266438 0.421264 0.0245229 0.000650222 0.0893284 434.231 188692 0.985106
0.314 0.266016 0.422895 0.0245165 0.000649875 0.0895499 434.406 188843 0.986993
0.313 0.265592 0.424581 0.0245106 0.000649553 0.0897735 434.582 188996 0.988944
0.312 0.265166 0.426324 0.0245052 0.000649257 0.0899994 434.759 189150 0.990962
0.311 0.264739 0.428126 0.0245004 0.000648988 0.0902279 434.938 189305 0.993046
0.31 0.264309 0.429987 0.0244962 0.000648749 0.0904594 435.119 189463 0.995199
0.309 0.263878 0.43191 0.0244926 0.000648541 0.0906943 435.301 189621 0.99742
0.308 0.263445 0.433895 0.0244896 0.000648365 0.090933 435.485 189782 0.999709
0.307 0.26301 0.435942 0.0244873 0.000648224 0.0911759 435.672 189944 1.00207
0.306 0.262572 0.438049 0.0244857 0.000648118 0.0914237 435.859 190107 1.00449
0.305 0.262133 0.440216 0.0244848 0.000648051 0.0916767 436.049 190273 1.00698
0.304 0.261691 0.442441 0.0244847 0.000648024 0.0919356 436.241 190440 1.00954
0.303 0.261247 0.444719 0.0244854 0.000648038 0.0922009 436.435 190610 1.01216
0.302 0.2608 0.447048 0.024487 0.000648097 0.0924733 436.632 190781 1.01483
0.301 0.260351 0.449422 0.0244894 0.000648202 0.0927533 436.83 190954 1.01756
0.3 0.2599 0.451837 0.0244928 0.000648356 0.0930416 437.031 191130 1.02034
0.299 0.259446 0.454285 0.0244971 0.00064856 0.0933388 437.234 191307 1.02316
0.298 0.25899 0.45676 0.0245024 0.000648818 0.0936456 437.439 191487 1.02602
0.297 0.258531 0.459255 0.0245088 0.000649131 0.0939627 437.647 191669 1.02891
0.296 0.25807 0.46176 0.0245163 0.000649502 0.0942906 437.857 191853 1.03182
0.295 0.257606 0.464268 0.0245249 0.000649934 0.0946301 438.07 192039 1.03474
0.294 0.257139 0.466769 0.0245346 0.000650428 0.0949818 438.285 192228 1.03766
0.293 0.25667 0.469254 0.0245456 0.000650988 0.0953462 438.503 192419 1.04057
0.292 0.256199 0.471714 0.0245579 0.000651616 0.095724 438.724 192612 1.04345
0.291 0.255725 0.474139 0.0245715 0.000652315 0.0961157 438.947 192808 1.0463
0.29 0.255249 0.476521 0.0245864 0.000653087 0.0965219 439.173 193006 1.0491
0.289 0.25477 0.478852 0.0246027 0.000653935 0.0969429 439.401 193207 1.05184
0.288 0.254289 0.481123 0.0246205 0.000654861 0.0973793 439.632 193410 1.05449
0.287 0.253805 0.483328 0.0246398 0.000655868 0.0978313 439.866 193615 1.05705
0.286 0.25332 0.485461 0.0246607 0.000656957 0.0982994 440.102 193823 1.0595
0.285 0.252832 0.487517 0.0246831 0.000658132 0.0987836 440.34 194033 1.06183
0.284 0.252342 0.489493 0.0247071 0.000659394 0.0992843 440.581 194245 1.06401
0.283 0.25185 0.491387 0.0247328 0.000660744 0.0998015 440.825 194460 1.06604
0.282 0.251357 0.493197 0.0247601 0.000662186 0.100335 441.071 194676 1.0679
0.281 0.250862 0.494926 0.0247892 0.000663719 0.100885 441.319 194895 1.06959
0.28 0.250365 0.496574 0.0248199 0.000665345 0.101452 441.569 195116 1.07108
0.279 0.249866 0.498145 0.0248524 0.000667065 0.102034 441.821 195338 1.07237
0.278 0.249366 0.499644 0.0248867 0.00066888 0.102633 442.075 195563 1.07345
0.277 0.248865 0.501077 0.0249226 0.00067079 0.103246 442.332 195789 1.07432
0.276 0.248362 0.502449 0.0249604 0.000672794 0.103875 442.59 196017 1.07498
0.275 0.247857 0.503768 0.0249998 0.000674892 0.104519 442.849 196246 1.07542
0.274 0.247352 0.505041 0.025041 0.000677084 0.105176 443.11 196477 1.07565
0.273 0.246845 0.506277 0.0250839 0.000679368 0.105847 443.373 196710 1.07567
0.272 0.246338 0.507483 0.0251284 0.000681743 0.106531 443.637 196944 1.07549
0.271 0.245829 0.508666 0.0251745 0.000684206 0.107227 443.903 197179 1.07512
0.27 0.245318 0.509835 0.0252222 0.000686755 0.107935 444.17 197416 1.07457
0.269 0.244807 0.510994 0.0252714 0.000689388 0.108653 444.438 197653 1.07386
0.268 0.244295 0.51215 0.0253221 0.000692101 0.109382 444.707 197892 1.07301
0.267 0.243782 0.513308 0.0253741 0.000694891 0.110121 444.977 198132 1.07204
0.266 0.243267 0.514471 0.0254274 0.000697753 0.110869 445.248 198373 1.07097
0.265 0.242752 0.515643 0.0254819 0.000700684 0.111626 445.521 198615 1.06982
0.264 0.242235 0.516826 0.0255375 0.00070368 0.112393 445.794 198858 1.06863
0.263 0.241717 0.51802 0.0255942 0.000706735 0.113167 446.068 199102 1.06742
0.262 0.241198 0.519227 0.0256518 0.000709845 0.113951 446.343 199347 1.06622
0.261 0.240678 0.520447 0.0257101 0.000713004 0.114743 446.619 199593 1.06506
0.26 0.240157 0.521679 0.0257692 0.000716209 0.115545 446.896 199840 1.06397
0.259 0.239635 0.522925 0.0258289 0.000719453 0.116357 447.174 200088 1.06299
0.258 0.239111 0.524184 0.0258891 0.000722732 0.11718 447.453 200337 1.06214
0.257 0.238587 0.525456 0.0259496 0.00072604 0.118015 447.733 200587 1.06145
0.256 0.238061 0.526743 0.0260105 0.000729373 0.118864 448.014 200838 1.06097
0.255 0.237533 0.528048 0.0260715 0.000732727 0.119729 448.296 201091 1.06072
0.254 0.237005 0.529371 0.0261325 0.000736096 0.120611 448.579 201344 1.06072
0.253 0.236475 0.530718 0.0261936 0.000739477 0.121512 448.864 201599 1.06102
0.252 0.235944 0.532093 0.0262545 0.000742866 0.122436 449.149 201855 1.06163
0.251 0.235412 0.533501 0.0263153 0.000746261 0.123385 449.436 202112 1.06259
0.25 0.234878 0.534949 0.0263758 0.000749658 0.124362 449.724 202371 1.06392
0.249 0.234343 0.536444 0.026436 0.000753057 0.12537 450.013 202632 1.06564
0.248 0.233807 0.537992 0.0264958 0.000756454 0.126412 450.304 202893 1.06778
0.247 0.233268 0.539603 0.0265552 0.000759849 0.127492 450.597 203157 1.07034
0.246 0.232728 0.541283 0.0266142 0.000763243 0.128611 450.891 203422 1.07335
0.245 0.232187 0.543042 0.0266728 0.000766635 0.129775 451.188 203689 1.07681
0.244 0.231643 0.544887 0.0267309 0.000770027 0.130984 451.486 203958 1.08074
0.243 0.231098 0.546828 0.0267886 0.000773419 0.132242 451.786 204230 1.08514
0.242 0.230551 0.548874 0.0268459 0.000776815 0.133551 452.088 204503 1.09
0.241 0.230001 0.551036 0.0269029 0.000780216 0.134912 452.393 204779 1.09533
0.24 0.229449 0.553324 0.0269597 0.000783625 0.136326 452.7 205057 1.1011
0.239 0.228895 0.555752 0.0270161 0.000787048 0.137795 453.01 205338 1.10731
0.238 0.228339 0.558338 0.0270725 0.000790486 0.139317 453.323 205622 1.11394
0.237 0.227779 0.5611 0.0271288 0.000793945 0.140892 453.639 205909 1.12096
0.236 0.227217 0.564063 0.0271853 0.000797431 0.142519 453.958 206199 1.12835
0.235 0.226651 0.567258 0.0272419 0.000800949 0.144194 454.28 206492 1.13609
0.234 0.226082 0.570721 0.0272988 0.000804506 0.145916 454.606 206789 1.14413
0.233 0.225509 0.574495 0.0273563 0.000808108 0.14768 454.936 207089 1.15245
0.232 0.224932 0.578631 0.0274145 0.000811765 0.149482 455.27 207394 1.16102
0.231 0.224351 0.583188 0.0274737 0.000815486 0.151317 455.609 207703 1.1698
0.23 0.223765 0.588233 0.0275339 0.000819282 0.153179 455.952 208016 1.17878
0.229 0.223174 0.593838 0.0275956 0.000823165 0.155063 456.3 208334 1.18792
0.228 0.222576 0.60008 0.027659 0.00082715 0.156962 456.654 208658 1.1972
0.227 0.221972 0.607041 0.0277244 0.000831254 0.158869 457.014 208987 1.2066
0.226 0.22136 0.614799 0.0277923 0.000835494 0.160777 457.38 209323 1.21611
0.225 0.22074 0.62343 0.027863 0.000839892 0.162679 457.754 209665 1.22572
0.224 0.220111 0.632996 0.0279369 0.000844469 0.164567 458.135 210014 1.2354
0.223 0.219472 0.643545 0.0280146 0.00084925 0.166431 458.524 210372 1.24514
0.222 0.218821 0.655098 0.0280964 0.00085426 0.168264 458.923 210738 1.25492
0.221 0.218159 0.667646 0.028183 0.000859527 0.170054 459.331 211113 1.26469
0.22 0.217483 0.681136 0.0282748 0.000865077 0.171793 459.749 211498 1.27442
0.219 0.216793 0.695467 0.0283722 0.000870935 0.173467 460.179 211894 1.28403
0.218 0.216089 0.710482 0.0284757 0.000877125 0.175064 460.621 212301 1.29344
0.217 0.215369 0.72596 0.0285858 0.000883667 0.176572 461.075 212720 1.30254
0.216 0.214634 0.741619 0.0287025 0.000890573 0.177975 461.541 213151 1.31118
0.215 0.213883 0.757113 0.0288261 0.000897854 0.179259 462.02 213593 1.31921
0.214 0.213117 0.772044 0.0289565 0.000905507 0.180411 462.511 214048 1.32646
0.213 0.212337 0.785973 0.0290936 0.000913523 0.181417 463.014 214513 1.33272
0.212 0.211543 0.798445 0.0292369 0.000921883 0.182267 463.528 214990 1.33781
0.211 0.210738 0.810278 0.0293864 0.000930924 0.183895 464.052 215476 1.34384
0.21 0.209783 1.74444 0.0298023 0.00120327 0.864261 464.794 216325 2.98391
0.209 0.119582 494.14 0.1969 0.169299 359.737 599.339 443393 672.075
0.208 -0.297061 20.689 0.972542 0.950851 13.8825 1221.86 1.49618e+06 12.7527
0.207 -0.301556 1.68236 0.978405 0.957325 0.134512 1226.45 1.50423e+06 0.182814
0.206 -0.30321 1.63924 0.978992 0.958466 0.115397 1226.82 1.50513e+06 0.167686
0.205 -0.30484 1.61976 0.979556 0.959569 0.111968 1227.17 1.50599e+06 0.166777
0.204 -0.306452 1.60235 0.980105 0.960645 0.108752 1227.52 1.50684e+06 0.166023
0.203 -0.308047 1.58688 0.980642 0.961695 0.105738 1227.86 1.50768e+06 0.165434
0.202 -0.309628 1.57326 0.981166 0.962723 0.10292 1228.19 1.50849e+06 0.165025
0.201 -0.311196 1.56139 0.981681 0.963732 0.100289 1228.52 1.50929e+06 0.164809
0.2 -0.312753 1.55125 0.982186 0.964724 0.0978308 1228.84 1.51009e+06 0.16479
0.199 -0.314301 1.54283 0.982684 0.965701 0.0955295 1229.16 1.51087e+06 0.164957
0.198 -0.315842 1.53619 0.983175 0.966665 0.0933666 1229.48 1.51165e+06 0.165293
0.197 -0.317376 1.53138 0.98366 0.967618 0.0913213 1229.79 1.51243e+06 0.165764
0.196 -0.318907 1.52836 0.98414 0.968562 0.0893695 1230.11 1.51322e+06 0.166328
0.195 -0.320435 1.52703 0.984616 0.969498 0.0874831 1230.43 1.514e+06 0.166934
0.194 -0.321963 1.52708 0.985088 0.970427 0.0856297 1230.75 1.5148e+06 0.167527
0.193 -0.323492 1.52807 0.985557 0.97135 0.0837724 1231.08 1.51559e+06 0.168051
0.192 -0.325021 1.52936 0.986022 0.972267 0.0818718 1231.4 1.51639e+06 0.168451
0.191 -0.326552 1.53019 0.986483 0.973175 0.0798884 1231.73 1.5172e+06 0.168685
0.19 -0.328083 1.52976 0.986939 0.974075 0.077787 1232.05 1.518e+06 0.16872
0.189 -0.329613 1.52732 0.987389 0.974962 0.0755409 1232.38 1.51879e+06 0.168539
0.188 -0.331139 1.52226 0.987831 0.975833 0.0731369 1232.7 1.51958e+06 0.168144
0.187 -0.332658 1.51423 0.988262 0.976685 0.070578 1233.01 1.52035e+06 0.16755
0.186 -0.334168 1.50316 0.988681 0.977513 0.0678849 1233.31 1.5211e+06 0.166788
0.185 -0.335666 1.48928 0.989087 0.978313 0.0650952 1233.61 1.52183e+06 0.165903
0.184 -0.337148 1.47307 0.989476 0.979083 0.0622591 1233.9 1.52254e+06 0.164941
0.183 -0.338614 1.45516 0.989849 0.97982 0.0594345 1234.17 1.52322e+06 0.163956
0.182 -0.340061 1.43622 0.990205 0.980524 0.0566801 1234.44 1.52388e+06 0.162996
0.181 -0.341489 1.4169 0.990544 0.981194 0.0540498 1234.7 1.52451e+06 0.162104
0.18 -0.342898 1.39771 0.990866 0.981831 0.0515868 1234.94 1.52512e+06 0.161316
0.179 -0.344288 1.37899 0.991173 0.982439 0.0493213 1235.18 1.5257e+06 0.160653
0.178 -0.34566 1.36093 0.991466 0.98302 0.0472684 1235.41 1.52628e+06 0.160127
0.177 -0.347015 1.34359 0.991747 0.983577 0.045429 1235.64 1.52683e+06 0.159732
0.176 -0.348352 1.32697 0.992018 0.984114 0.0437919 1235.86 1.52737e+06 0.15945
0.175 -0.349674 1.31107 0.99228 0.984633 0.0423362 1236.07 1.52791e+06 0.159248
0.174 -0.35098 1.29591 0.992535 0.985139 0.0410356 1236.28 1.52843e+06 0.159082
0.173 -0.352272 1.28163 0.992784 0.985632 0.0398607 1236.49 1.52895e+06 0.158898
0.172 -0.35355 1.26841 0.993028 0.986116 0.0387829 1236.7 1.52946e+06 0.158641
0.171 -0.354815 1.2565 0.993267 0.98659 0.0377758 1236.91 1.52997e+06 0.158254
0.17 -0.356069 1.24612 0.993502 0.987057 0.0368174 1237.11 1.53048e+06 0.157686
0.169 -0.357314 1.23745 0.993733 0.987517 0.0358906 1237.32 1.53099e+06 0.156896
0.168 -0.358551 1.23054 0.993961 0.987969 0.0349833 1237.52 1.53149e+06 0.155856
0.167 -0.359782 1.2253 0.994186 0.988415 0.034088 1237.73 1.532e+06 0.154551
0.166 -0.361008 1.22156 0.994407 0.988854 0.0332012 1237.94 1.53252e+06 0.152984
0.165 -0.362231 1.21903 0.994624 0.989286 0.0323225 1238.15 1.53304e+06 0.151171
0.164 -0.363451 1.21743 0.994838 0.989711 0.0314533 1238.36 1.53356e+06 0.149148
0.163 -0.36467 1.21658 0.995048 0.990128 0.0305959 1238.57 1.53409e+06 0.146967
0.162 -0.365887 1.21641 0.995253 0.990537 0.0297519 1238.79 1.53463e+06 0.1447
0.161 -0.367105 1.21705 0.995455 0.990938 0.0289215 1239.01 1.53516e+06 0.142437
0.16 -0.368322 1.21877 0.995652 0.99133 0.0281023 1239.22 1.5357e+06 0.140287
0.159 -0.369542 1.22195 0.995844 0.991713 0.027289 1239.44 1.53623e+06 0.138376
0.158 -0.370764 1.22692 0.996032 0.992087 0.0264737 1239.65 1.53676e+06 0.136832
0.157 -0.371992 1.23387 0.996216 0.992453 0.0256466 1239.86 1.53728e+06 0.135779
0.156 -0.373228 1.24272 0.996395 0.99281 0.0247977 1240.06 1.53778e+06 0.135319
0.155 -0.374472 1.25303 0.99657 0.993158 0.0239183 1240.26 1.53828e+06 0.135509
0.154 -0.375727 1.26402 0.99674 0.993497 0.0230027 1240.46 1.53876e+06 0.136348
0.153 -0.376993 1.27458 0.996906 0.993828 0.0220502 1240.65 1.53923e+06 0.137767
0.152 -0.378268 1.28348 0.997068 0.99415 0.0210647 1240.84 1.5397e+06 0.139621
0.151 -0.379552 1.28948 0.997225 0.994463 0.020055 1241.02 1.54016e+06 0.141707
0.15 -0.38084 1.2916 0.997377 0.994766 0.0190331 1241.2 1.54061e+06 0.143779
0.149 -0.382128 1.28929 0.997525 0.99506 0.0180129 1241.39 1.54107e+06 0.145582
0.148 -0.383412 1.28248 0.997667 0.995344 0.0170084 1241.57 1.54152e+06 0.146885
0.147 -0.384688 1.27166 0.997804 0.995618 0.0160326 1241.75 1.54197e+06 0.147509
0.146 -0.385952 1.25772 0.997937 0.995881 0.0150972 1241.93 1.54242e+06 0.147348
0.145 -0.3872 1.24185 0.998063 0.996134 0.0142128 1242.11 1.54287e+06 0.146374
0.144 -0.388432 1.22525 0.998184 0.996374 0.0133894 1242.29 1.54332e+06 0.144633
0.143 -0.389647 1.20896 0.998298 0.996602 0.0126363 1242.47 1.54375e+06 0.142226
0.142 -0.390846 1.19364 0.998405 0.996816 0.0119617 1242.64 1.54418e+06 0.139295
0.141 -0.39203 1.17952 0.998506 0.997016 0.0113715 1242.8 1.54458e+06 0.136005
0.14 -0.3932 1.16632 0.998598 0.997201 0.0108674 1242.96 1.54497e+06 0.132531
0.139 -0.394356 1.15339 0.998684 0.997372 0.0104449 1243.11 1.54534e+06 0.129054
0.138 -0.395498 1.13985 0.998763 0.997529 0.0100929 1243.25 1.54569e+06 0.125757
0.137 -0.396626 1.12483 0.998835 0.997673 0.00979413 1243.38 1.54602e+06 0.122819
0.136 -0.397738 1.10774 0.998901 0.997806 0.00952676 1243.5 1.54632e+06 0.120403
0.135 -0.398831 1.08846 0.998962 0.997928 0.00926821 1243.62 1.54661e+06 0.118649
0.134 -0.399905 1.06746 0.99902 0.998042 0.00899881 1243.73 1.54688e+06 0.117648
0.133 -0.400957 1.04571 0.999073 0.99815 0.00870539 1243.84 1.54715e+06 0.117429
0.132 -0.401988 1.0246 0.999124 0.998251 0.00838346 1243.94 1.54741e+06 0.117949
0.131 -0.403 1.00565 0.999173 0.998348 0.00803772 1244.05 1.54768e+06 0.119093
0.13 -0.403996 0.990271 0.999219 0.99844 0.00768077 1244.16 1.54796e+06 0.120686
0.129 -0.40498 0.979553 0.999263 0.998528 0.00733037 1244.28 1.54826e+06 0.122524
0.128 -0.405956 0.974103 0.999305 0.998613 0.00700598 1244.41 1.54857e+06 0.124399
0.127 -0.406932 0.973982 0.999346 0.998693 0.00672522 1244.54 1.5489e+06 0.126139
0.126 -0.40791 0.978709 0.999384 0.99877 0.00650103 1244.68 1.54925e+06 0.127632
0.125 -0.408897 0.987321 0.99942 0.998842 0.00633974 1244.83 1.54962e+06 0.128844
0.124 -0.409895 0.998468 0.999455 0.998912 0.00624054 1244.98 1.55e+06 0.12981
0.123 -0.410906 1.01053 0.999488 0.998978 0.00619611 1245.14 1.55039e+06 0.130619
0.122 -0.41193 1.02173 0.99952 0.999041 0.00619406 1245.3 1.5508e+06 0.131369
0.121 -0.412964 1.03036 0.99955 0.999101 0.0062189 1245.47 1.5512e+06 0.132131
0.12 -0.414005 1.03496 0.999578 0.999158 0.00625367 1245.63 1.55162e+06 0.132901
0.119 -0.415049 1.0347 0.999606 0.999213 0.00628117 1245.8 1.55203e+06 0.133589
0.118 -0.41609 1.02967 0.999632 0.999265 0.00628444 1245.96 1.55244e+06 0.134026
0.117 -0.417124 1.0211 0.999657 0.999315 0.00624705 1246.13 1.55285e+06 0.133994
0.116 -0.418147 1.01143 0.999681 0.999363 0.00615352 1246.29 1.55325e+06 0.13329
0.115 -0.41916 1.00392 0.999703 0.999408 0.00599037 1246.45 1.55365e+06 0.131773
0.114 -0.420166 1.00207 0.999724 0.99945 0.00574782 1246.61 1.55405e+06 0.129417
0.113 -0.421174 1.00881 0.999744 0.999489 0.00542185 1246.76 1.55444e+06 0.126332
0.112 -0.422191 1.02565 0.999763 0.999526 0.00501575 1246.92 1.55483e+06 0.122758
0.111 -0.423229 1.05207 0.99978 0.999561 0.00454056 1247.08 1.55523e+06 0.119045
0.11 -0.424297 1.08516 0.999796 0.999594 0.00401379 1247.24 1.55563e+06 0.115601
0.109 -0.425397 1.11993 0.999812 0.999625 0.00345684 1247.41 1.55604e+06 0.112828
0.108 -0.42653 1.1501 0.999827 0.999655 0.00289209 1247.58 1.55646e+06 0.111052
0.107 -0.427688 1.16957 0.999842 0.999685 0.00234146 1247.75 1.55689e+06 0.110451
0.106 -0.428857 1.17413 0.999857 0.999714 0.00182774 1247.92 1.55731e+06 0.111012
0.105 -0.430022 1.16278 0.999871 0.999742 0.00137824 1248.09 1.55774e+06 0.112527
0.104 -0.431169 1.13821 0.999885 0.99977 0.00102789 1248.26 1.55816e+06 0.114629
0.103 -0.432286 1.10621 0.999898 0.999797 0.000818363 1248.42 1.55856e+06 0.116872
0.102 -0.433372 1.0743 0.999911 0.999822 0.000790683 1248.57 1.55893e+06 0.118794
0.101 -0.434431 1.05001 0.999923 0.999845 0.00097286 1248.71 1.55928e+06 0.119979
