1 0.430677 0.369947 0.241485 0.0587789 0.267302 532.903 284337 0.659602
0.99 0.427517 0.376702 0.240836 0.0584581 0.265443 532.62 284032 0.658316
0.98 0.423358 0.375425 0.240807 0.0584462 0.269171 533.17 284614 0.658678
0.97 0.419474 0.379589 0.240498 0.058312 0.280683 533.135 284590 0.690862
0.96 0.415403 0.381441 0.241098 0.0585928 0.27869 534.085 285592 0.673696
0.95 0.411317 0.37762 0.241501 0.0587854 0.280402 534.756 286301 0.66319
0.94 0.4079 0.383675 0.240906 0.0584918 0.279404 534.867 286421 0.673468
0.93 0.403973 0.39438 0.240748 0.0584322 0.292812 535.017 286599 0.716029
0.92 0.400186 0.39012 0.240863 0.0584875 0.295889 535.246 286833 0.701332
0.91 0.396379 0.40607 0.240354 0.0582484 0.302768 535.063 286646 0.725574
0.9 0.391784 0.398699 0.241068 0.0585926 0.306577 536.232 287901 0.737329
0.89 0.387916 0.415533 0.241597 0.0588546 0.314193 536.976 288699 0.745292
0.88 0.383781 0.429625 0.241737 0.0589119 0.311149 537.389 289132 0.729228
0.87 0.379682 0.417031 0.241349 0.058744 0.327404 537.543 289306 0.757118
0.86 0.375942 0.429834 0.241393 0.0587555 0.32477 537.795 289577 0.764158
0.85 0.371012 0.429031 0.242321 0.0591983 0.324503 538.756 290605 0.757351
0.84 0.367151 0.444747 0.241969 0.0590528 0.345627 538.93 290808 0.799962
0.83 0.362427 0.443204 0.243522 0.0598063 0.349163 540.733 292755 0.807844
0.82 0.358161 0.450834 0.244087 0.0600702 0.345248 541.45 293518 0.787796
0.81 0.352932 0.461212 0.24516 0.0606042 0.356292 542.564 294730 0.804849
0.8 0.348125 0.462729 0.246386 0.061214 0.365778 544.07 296369 0.81815
0.79 0.343951 0.472769 0.246784 0.0614076 0.368201 544.55 296887 0.817885
0.78 0.339138 0.489594 0.247244 0.061642 0.378486 545.117 297507 0.833653
0.77 0.334313 0.506631 0.248827 0.0624515 0.401564 546.714 299269 0.886614
0.76 0.329214 0.504809 0.249554 0.0628075 0.402049 547.626 300256 0.867629
0.75 0.32366 0.524072 0.251588 0.0638492 0.424621 549.614 302450 0.906977
0.74 0.318911 0.537161 0.25229 0.0641965 0.425293 550.465 303376 0.895056
0.73 0.313639 0.551153 0.253831 0.0649907 0.442181 551.782 304837 0.925787
0.72 0.30776 0.574767 0.256336 0.0662807 0.45819 554.336 307666 0.946868
0.71 0.302364 0.573484 0.256947 0.0665979 0.467292 554.602 307964 0.966702
0.7 0.296463 0.604189 0.259561 0.0679342 0.462469 557.124 310747 0.923513
0.69 0.289443 0.607131 0.262983 0.0697499 0.492529 560.116 314112 0.98833
0.68 0.283481 0.654811 0.265306 0.0709975 0.516866 562.203 316468 1.03508
0.67 0.276742 0.683793 0.26821 0.0725577 0.533964 564.45 318999 1.04433
0.66 0.270437 0.717472 0.270929 0.0740296 0.547338 566.882 321751 1.05935
0.65 0.263468 0.749618 0.274351 0.0759341 0.589856 569.666 324935 1.12166
0.64 0.255409 0.758011 0.279551 0.0788013 0.587131 574.266 330177 1.07617
0.63 0.247515 0.827098 0.283668 0.081151 0.624642 577.363 333766 1.15094
0.62 0.239127 0.870283 0.287988 0.0836353 0.648395 580.752 337685 1.14591
0.61 0.229726 0.931388 0.293815 0.0870716 0.703055 585.41 343146 1.23492
0.6 0.219889 1.0509 0.300826 0.0913145 0.785627 590.769 349486 1.34734
0.59 0.210514 1.05408 0.306457 0.0947006 0.7664 594.778 354217 1.29909
0.58 0.197676 1.23465 0.316353 0.100954 0.869108 602.257 363209 1.41813
0.57 0.184249 1.30498 0.326809 0.107681 0.885418 610.276 372916 1.37684
0.56 0.171308 1.46117 0.335972 0.113827 0.977232 616.917 381107 1.50911
0.55 0.155263 1.71899 0.348899 0.122777 1.09557 626.046 392486 1.60224
0.54 0.134906 1.98872 0.366344 0.13536 1.22903 638.744 408591 1.731
0.53 0.115907 2.25442 0.381423 0.146713 1.33589 649.249 422149 1.81513
0.52 0.0883443 3.20795 0.40507 0.165687 1.77836 665.338 443463 2.27646
0.51 0.0551251 3.7078 0.434356 0.190367 1.92244 685.423 470603 2.28482
0.5 0.00975591 5.02798 0.474053 0.226739 2.31882 711.924 507738 2.53542
0.49 -0.056692 8.04624 0.530141 0.283745 3.1683 748.383 561220 3.11755
0.48 -0.145494 9.1578 0.602446 0.365409 2.96137 793.678 630884 2.51798
0.47 -0.235761 10.0105 0.669224 0.450069 2.70613 833.475 695472 2.02081
0.46 -0.329151 7.80075 0.732485 0.537928 1.74519 869.48 756459 1.15753
0.45 -0.398101 6.05491 0.775139 0.601739 1.15152 892.582 796985 0.705201
0.44 -0.454993 4.95186 0.807589 0.652837 0.834753 909.331 827078 0.487975
0.43 -0.500293 4.35924 0.831497 0.691889 0.672024 920.873 848159 0.385047
0.42 -0.541973 3.90748 0.852546 0.727232 0.544367 930.92 866736 0.313787
0.41 -0.577744 3.59959 0.869631 0.756594 0.471799 938.735 881332 0.280656
0.4 -0.611918 3.18955 0.885137 0.783737 0.388129 945.792 894611 0.233804
0.39 -0.642838 2.94472 0.898798 0.808064 0.33405 951.843 906082 0.207744
0.38 -0.671447 2.79781 0.910611 0.829408 0.295724 956.979 915880 0.19247
0.37 -0.698092 2.64179 0.921233 0.848837 0.259501 961.568 924679 0.183947
0.36 -0.724328 2.42628 0.931453 0.867744 0.221141 966.035 933282 0.170098
0.35 -0.747022 2.29976 0.939613 0.882994 0.199128 969.504 939992 0.157626
0.34 -0.770071 2.21226 0.947808 0.898442 0.173473 973.094 946963 0.153882
0.33 -0.791691 2.06567 0.954996 0.912103 0.149726 976.215 953041 0.142815
0.32 -0.811364 1.96836 0.961202 0.923983 0.131386 979.088 958656 0.137902
0.31 -0.830952 1.8665 0.967109 0.935362 0.113944 981.801 963975 0.138309
0.3 -0.849604 1.77915 0.972307 0.945432 0.0985108 984.338 968959 0.131908
0.29 -0.86642 1.70983 0.976735 0.954053 0.0837161 986.486 973191 0.1292
0.28 -0.883487 1.60108 0.980859 0.96212 0.0708003 988.721 977605 0.125809
0.27 -0.899297 1.55308 0.984344 0.968962 0.0603067 990.677 981475 0.123664
0.26 -0.914522 1.4789 0.987394 0.974969 0.0493648 992.447 984983 0.120287
0.25 -0.928969 1.41651 0.990063 0.980242 0.0407614 994.309 988681 0.121102
0.24 -0.942671 1.35299 0.992263 0.9846 0.03358 995.886 991817 0.119224
0.23 -0.955858 1.29296 0.994108 0.988262 0.0260724 997.374 994782 0.118585
0.22 -0.968704 1.228 0.995586 0.991199 0.0201183 998.885 997796 0.117749
0.21 -0.980803 1.21458 0.996816 0.993649 0.0154267 1000.29 1.0006e+06 0.118787
0.2 -0.992704 1.17697 0.997766 0.995542 0.0113677 1001.58 1.00318e+06 0.114062
0.19 -1.00423 1.15478 0.998495 0.996995 0.00802468 1002.82 1.00567e+06 0.114786
0.18 -1.01543 1.09751 0.999037 0.998076 0.005354 1004.07 1.00818e+06 0.113298
0.17 -1.02633 1.06907 0.999398 0.998798 0.0035631 1005.3 1.01064e+06 0.113653
0.16 -1.03698 1.0688 0.999653 0.999308 0.00212522 1006.41 1.01288e+06 0.113468
0.15 -1.04752 1.04892 0.999809 0.999619 0.00127597 1007.59 1.01525e+06 0.113744
0.14 -1.05796 1.05389 0.999904 0.999808 0.000696618 1008.71 1.01751e+06 0.113602
0.13 -1.06823 1.02755 0.999958 0.999915 0.000319239 1009.83 1.01978e+06 0.114791
0.12 -1.07862 1.02936 0.999985 0.999971 0.000123376 1010.94 1.02202e+06 0.112943
0.11 -1.0889 1.02567 0.999995 0.999991 4.24986e-05 1012.05 1.02425e+06 0.113261
0.1 -1.0991 1.03985 0.999999 0.999997 1.47444e-05 1013.14 1.02647e+06 0.111892
0.09 -1.10925 1.00699 1 0.999999 2.89308e-06 1014.25 1.02872e+06 0.112118
0.08 -1.11939 1.03589 1 1 0 1015.31 1.03086e+06 0.112857
0.07 -1.1296 0.999311 1 1 0 1016.42 1.03313e+06 0.112046
0.06 -1.13969 1.03558 1 1 0 1017.52 1.03535e+06 0.112414
0.05 -1.1498 1.01497 1 1 0 1018.59 1.03754e+06 0.112624
0.04 -1.15986 1.00734 1 1 0 1019.69 1.03977e+06 0.114206
0.03 -1.16994 1.00937 1 1 0 1020.77 1.04198e+06 0.112169
0.02 -1.17998 1.00138 1 1 0 1021.86 1.04421e+06 0.111089
0.01 -1.19 1.00598 1 1 0 1022.92 1.04638e+06 0.111725
