1.0 0.0 0.47737480000000004 0.00020113665003779725 0.3333622 0.0013816681338136225 0.35130439999999996 0.00015635973907085398 0.1239524 0.00010908220752949066 0.3095966 0.0010887169182118958 580.3108 0.1982897677601878 337132.0 229.57491151994296 0.6396890000000001 0.0012325336830978355 
0.99 0.0 0.4742276 0.00011669365021803756 0.33720819999999996 0.0012319952077842755 0.3507892 0.00018127270064330844 0.1235998 0.00012576085241583146 0.318193 0.001870963302686195 580.4100000000001 0.18876164860086941 337253.8 218.69950160705403 0.657347 0.0032605430958633245 
0.9800000000000001 6.664001874625056e-09 0.4707658 9.312589325617576e-05 0.33867140000000007 0.0013795356494100443 0.35070199999999996 0.00015185150642205215 0.1235366 0.00010724499055989937 0.32001099999999993 0.0011535757279015192 580.9354000000001 0.17697832627291737 337864.2 205.57089287710704 0.6635334 0.0037895058210806005 
0.97 4.712160915387242e-09 0.46727180000000007 0.00014112417223938813 0.3446958 0.0017640024807226708 0.3506796 0.00011662781830175073 0.1235266 8.073541973685651e-05 0.3268564 0.0009431917556883819 581.4982 0.12246873884357348 338518.0 140.51391390396307 0.6700634 0.005586990027555744 
0.96 0.0 0.46403859999999997 0.0001586618038544779 0.34900680000000006 0.0013615424312136723 0.35035540000000004 0.0001268771374114225 0.1232974 8.851332103446867e-05 0.3289832 0.001739184070765341 581.774 0.10754868662554769 338836.8 125.80791708287846 0.672565 0.0029714716219437147 
0.95 4.712160915387242e-09 0.4603236 0.00010926576773580866 0.348299 0.0009257131737182673 0.3500638 0.00010366345548467835 0.1230964 7.464936704455599e-05 0.3346022 0.0017231784446183533 582.1364000000001 0.11224280813915077 339258.8 130.34612384940135 0.6794328000000001 0.0032604822637132113 
0.9399999999999998 4.712160915387242e-09 0.45698999999999995 0.00010726826185849942 0.3512522 0.0010887171680464068 0.3498504 0.00013475595718586352 0.122949 9.45054495780195e-05 0.3391862 0.0014192839152186193 582.4893999999999 0.14828178581464066 339666.8 172.051480675301 0.6807717999999999 0.0030193892547999562 
0.93 0.0 0.45353059999999995 9.131159841516396e-05 0.35552659999999997 0.0007801764210766038 0.3495568 9.975706492274661e-05 0.122739 7.104646367080525e-05 0.33997779999999994 0.001262480269949259 582.7407999999999 0.10154817587911706 339958.6 119.01784740575101 0.6851388 0.004278673414972199 
0.9200000000000002 6.664001874625056e-09 0.4499148 0.00016420630924696 0.3607894 0.0020792129203124838 0.349451 0.00010914614054723316 0.12267539999999999 7.493709362215735e-05 0.3501784 0.0009121236144276583 583.2493999999999 0.09944952504888017 340556.4 115.9670987660544 0.7019550000000001 0.0014330534951553081 
0.9099999999999999 6.664001874625056e-09 0.4462334 0.00015145127270319025 0.36394499999999996 0.0020920915467553475 0.34946859999999996 0.00010030457618918296 0.12268680000000001 7.226141432289304e-05 0.3535646 0.0021175645180263364 583.8005999999999 0.1485550672480258 341200.4 174.27555191769102 0.7095286 0.0035105464258435586 
0.9 4.712160915387242e-09 0.44280240000000004 8.115397706329e-05 0.3675496 0.0015496699674487928 0.34923580000000004 6.953238089695366e-05 0.1225328 4.779991632142166e-05 0.36297999999999997 0.002585665639636971 584.2443999999999 0.048007166404582295 341720.2 55.60244596850631 0.7206296 0.004320372508015467 
0.89 0.0 0.43876399999999993 5.0775584869175464e-05 0.3711432 0.0029015475650065897 0.34936659999999997 0.00016668643617147503 0.12262100000000001 0.00011619982788356634 0.3648160000000001 0.0005595383811617617 585.0304 0.18747791337770336 342638.2 218.2403079123576 0.7248602 0.0026911290924111343 
0.8800000000000001 6.664001874625056e-09 0.4351190000000001 6.49091671321335e-05 0.37643560000000004 0.001397224122317986 0.34915320000000005 0.0001489556712520224 0.1224766 0.00010491543260898757 0.3721536 0.0008462506768132722 585.3408000000001 0.16633277485992276 342998.8 194.8189723917673 0.7276384 0.00245808679423299 
0.8699999999999999 6.664001874625056e-09 0.43141619999999997 0.00017642707277162073 0.37904440000000006 0.0005882420318086666 0.34899139999999995 0.00013440077382688887 0.1223684 9.587892364643836e-05 0.3795484 0.001505641407504304 585.8101999999999 0.13439863106848593 343552.2 157.6729272858894 0.742624 0.0006283756201726033 
0.86 0.0 0.4277854 0.00011825957889841914 0.3807176 0.000588244207795752 0.3491546 0.00012172743322837815 0.12247759999999999 8.536444225245873e-05 0.3808508 0.0020878514200009988 586.4662000000001 0.1155901033528874 344318.4 135.8380211730715 0.7452992 0.00809892511583987 
0.85 0.0 0.4236612 0.0001312479789929182 0.3852078 0.0018944449614582183 0.349271 4.5400440491195114e-05 0.12255959999999999 3.1534869588893026e-05 0.3858252 0.0013303459519985422 587.2964 0.06315099368593353 345288.0 73.655413930143 0.7424004 0.004537027067142976 
0.8400000000000001 6.664001874625056e-09 0.4197884 0.0001985065439758736 0.3924096 0.0008473021940206296 0.34921019999999997 0.00026046456957441787 0.1225222 0.00018369483389630312 0.39354480000000003 0.0021601978501967793 587.7958000000001 0.2759243953808605 345874.6 325.0110890442186 0.7502626 0.0032622837105309066 
0.8299999999999998 6.664001874625056e-09 0.41585920000000004 9.589052088494948e-05 0.39684339999999996 0.0019139566682684554 0.349617 6.974926522007584e-05 0.122806 4.8342941570790925e-05 0.39832520000000005 0.0024402786955576134 588.7922000000001 0.09123744832039342 347051.8 106.57294216330321 0.7688408000000001 0.005217981451863279 
0.82 0.0 0.41189299999999995 6.395686054103896e-05 0.4015186 0.0017356996191720934 0.34970819999999997 6.867977874314169e-05 0.1228718 4.7869322113950874e-05 0.4044504 0.001814100473513476 589.3720000000001 0.050463451850706324 347732.6 58.756174173783975 0.7717761999999999 0.004194381989283921 
0.8100000000000002 4.712160915387242e-09 0.407681 0.00014287924972121219 0.407744 0.0011019718326696253 0.35004540000000006 9.338505230417122e-05 0.1231182 6.518122429109631e-05 0.4171194000000001 0.0012871126011319712 590.3614 0.11471864717010517 348904.6 135.32970111150652 0.7906116000000001 0.0007727846064518422 
0.8 0.0 0.40375560000000005 8.22044280684719e-05 0.41092499999999993 0.0014175354104971653 0.3500038 0.00011051385435051231 0.12309060000000001 7.570077938562175e-05 0.42306999999999995 0.002559081272645895 590.8091999999999 0.08985472733877016 349431.2 104.63781343339542 0.7957257999999999 0.005716852458479656 
0.79 0.0 0.3996892 0.00016677731260267793 0.4172968 0.0023714409695356296 0.3502834 0.00016555279519915115 0.1232856 0.00011913441148603547 0.4278734 0.0024767986046497193 591.6193999999999 0.15535832130207547 350384.8 184.791644838053 0.7950448 0.0018283841915739609 
0.78 0.0 0.3955918 7.132203029652582e-05 0.42112039999999995 0.002340679996925315 0.35042059999999997 0.00014630778517805225 0.123387 0.00010553217518979292 0.4373766 0.0025561253584282695 592.3317999999999 0.11804656712208189 351232.4 142.046358627272 0.8128534000000001 0.00518681174210098 
0.77 0.0 0.3911428 0.00011201478474072252 0.4287102 0.0014635155865273073 0.35074900000000003 0.00013897165177725724 0.12362200000000001 9.657245983908427e-05 0.4464428000000001 0.0009578285608548111 593.2023999999999 0.15120333339937567 352265.8 177.3878011609942 0.8247808000000001 0.004844903098305116 
0.76 0.0 0.3869488 0.0001332382527737203 0.44002800000000003 0.0025375909835915673 0.351238 0.00016332103353582626 0.1239692 0.00011603082349028902 0.45537479999999997 0.0022224545961616582 594.251 0.1680630834157894 353513.0 201.00288555294512 0.8389355999999999 0.00410226804195265 
0.75 0.0 0.3823534 0.00010579587894300234 0.4394892 0.0020616589708277447 0.35190059999999995 6.459015410475563e-05 0.1244324 4.775654929181197e-05 0.4594544 0.0034946039272008207 595.3498 0.08504605818162528 354814.8 103.22844570448339 0.8371354 0.007670308612303524 
0.74 0.0 0.3780482 0.00016393593872011264 0.4478078 0.0028406279643778515 0.35264140000000005 0.00017589624212534962 0.1249562 0.00012420512066432267 0.46703980000000006 0.0026926982957597386 596.5834 0.2006111861331474 356288.0 240.08565138554343 0.8515270000000001 0.005909530560032086 
0.73 0.0 0.3732418 0.00012201258950358972 0.45739840000000004 0.001519036341894875 0.3532866 0.0001447283247969643 0.125423 0.00010383217227920962 0.4827674 0.003301358879006077 597.7198 0.13007394823143129 357647.0 156.73544589530474 0.8663176 0.007660709066918298 
0.72 0.0 0.36893980000000004 0.00015680367340921506 0.4613328 0.002540296634647084 0.35392440000000003 0.00014038991415853708 0.125878 0.00010073847328813259 0.492129 0.001737177043365177 598.8464 0.13436297105368603 358999.4 161.94433610415592 0.8861359999999999 0.003072365394942385 
0.71 0.0 0.364315 8.989638478747614e-05 0.46880819999999995 0.0018116465748039775 0.35441920000000005 0.00011408081343151814 0.1262332 8.146184383068928e-05 0.5028856 0.002297389137259199 599.8142 0.11143478812466785 360157.6 135.24307007584545 0.8936122000000001 0.006324203497040078 
0.7 0.0 0.3595552 7.057047539646655e-05 0.4840396 0.0015764724063529647 0.355358 0.00011127803016090347 0.1269034 8.177950843366113e-05 0.5133304 0.0022302078755174312 601.2028 0.13402190868721234 361827.8 162.81582233107065 0.9101855999999999 0.005081583852306733 
0.69 0.0 0.35450039999999994 0.0001759878632463952 0.49568499999999993 0.0014927418531036688 0.356615 0.0002410847154051433 0.1278028 0.00017174734932286513 0.5245562 0.0028574148232256478 602.8216 0.24670834603733086 363779.4 296.81194045527576 0.926281 0.005354537619626009 
0.68 3.332000937312528e-09 0.3493698 9.537018402291285e-05 0.5051084 0.0008247526950533763 0.3579996 0.00014384508334888612 0.12880419999999998 9.98119832529229e-05 0.5423418000000001 0.003372176429546314 604.5529999999999 0.1326269958409091 365873.6 156.83739351752533 0.9458420000000001 0.010120874804084051 
0.67 0.0 0.34465060000000003 0.00014303387010248337 0.5085174 0.001354948193844896 0.3588204 0.0002616652212323746 0.12939340000000002 0.0001898826163699625 0.5508604 0.0025733326189961445 605.6956 0.24902218374235896 367255.4 303.2721022385934 0.9555596000000002 0.006457330300356962 
0.66 3.332000937312528e-09 0.33914059999999996 0.00010710727335762422 0.5278731999999999 0.0034681311786072186 0.36067 0.00019392018976530431 0.13073260000000003 0.00013740352251062456 0.5670136 0.00248145563087425 607.9206 0.1882233991699306 369959.6 226.29760935924395 0.977801 0.007227748650859099 
0.65 0.0 0.33390900000000007 5.647937669664517e-05 0.5443612 0.0027375088880235406 0.361999 0.00018896433523504932 0.1317054 0.00013779973875537355 0.5866103999999999 0.004959372545799628 609.5139999999999 0.17764458906916714 371905.2 216.76040228111387 1.0040068 0.010181865924869502 
0.64 0.0 0.32810760000000005 0.00021884215315389163 0.5551984 0.0024179340371511906 0.3640694 0.0003072032031110711 0.13321639999999998 0.00022375229160753504 0.6025036 0.0022831849263680384 611.8058 0.27521997023028294 374705.0 336.9961424111558 1.0173964 0.005263066251527669 
0.63 0.0 0.3229968 0.00012158335413770712 0.5607598 0.005400553759754062 0.36566540000000003 0.00014957555948898725 0.13438060000000002 0.00011229625104925315 0.6115383999999999 0.006587464268444239 613.6106 0.13451619977315357 376914.2 166.14196338026588 1.0247009999999999 0.013490326056848623 
0.62 0.0 0.31697919999999996 0.00011103095066942693 0.5818711999999999 0.0046282293754755285 0.3679922 7.802430389492903e-05 0.1360978 5.839479429390082e-05 0.6312536 0.0032137145187452897 616.1564 0.09330449078418242 380052.2 115.12337728841617 1.057016 0.007011206230030341 
0.61 0.0 0.31092520000000007 8.52640134710003e-05 0.5984849999999999 0.003260889645483983 0.370494 0.00013964984783700757 0.137954 0.00010568254349762567 0.6495896 0.005077558496756928 618.6700000000001 0.10995453594420414 383157.6 136.5622495573004 1.0729859999999998 0.01077066631179793 
0.6 0.0 0.3048614 0.00011398512182652706 0.6239 0.002117418371505668 0.372806 0.0002087017009808909 0.13968379999999997 0.00015642848845682603 0.6713292 0.002517900449185381 621.0405999999999 0.20664570648137118 386100.6 257.09649550647123 1.0965859999999998 0.0054669096206202365 
0.59 0.0 0.2985376 0.00012093323777729812 0.6523644000000001 0.004849527379857879 0.3756372 0.00020540290163706528 0.141819 0.0001540776427648085 0.6984864 0.004380231743642721 623.8038 0.1972227978661085 389550.6 245.92138581857756 1.139218 0.008296960118018143 
0.58 0.0 0.2920488 9.806667118390566e-05 0.675063 0.0026783773147204103 0.378747 0.00011873870473593138 0.14417660000000002 9.32894849368751e-05 0.722328 0.003744582721750254 626.8176 0.1053700527792908 393322.0 134.10055927384715 1.159412 0.005690985433120411 
0.57 0.0 0.2850176 0.00016602761216422303 0.701371 0.00418370548676702 0.38231940000000003 0.0002637921302710103 0.14691179999999998 0.00020156098829224062 0.7511382 0.004623734987217417 630.2202 0.22820383872400002 397606.6 286.76326125459497 1.19394 0.010954684842568988 
0.56 0.0 0.2781866 0.00012427730283738156 0.7347596 0.0053999394485485745 0.386178 0.00018961371257040905 0.14988039999999997 0.000146695221471811 0.7684126000000001 0.0035376866972591067 633.7176 0.16557502228707066 402027.2 210.79077779151802 1.209762 0.008018188024736563 
0.55 0.0 0.27064659999999996 0.00013911422647441365 0.7561432 0.004048438310263339 0.3900502 0.00022605210019127964 0.1528992 0.00017867991493197174 0.7957576 0.0030050509825994645 637.2393999999999 0.18830222519007472 406507.8 240.77049653296896 1.2379520000000002 0.004022947576092707 
0.54 0.0 0.2628244 0.00011468412270298468 0.8007477999999999 0.008105951736351586 0.39527260000000003 0.00016939813456410722 0.1570234 0.0001390106758442278 0.8352692000000002 0.007880220537011746 641.8674 0.134906664071244 412437.0 176.31925589333483 1.277726 0.013160531782568664 
0.53 0.0 0.25463240000000004 0.000158988200803475 0.841752 0.006426316363206712 0.40057859999999995 0.00032103839023549236 0.16125340000000002 0.0002545454929857062 0.8582268000000001 0.007434016337888019 646.5088000000001 0.2684167505313456 418420.4 345.90560561283877 1.3029760000000001 0.01443794406416583 
0.52 0.0 0.24586699999999997 0.00019237234728973935 0.8854286 0.006694396681405039 0.4064392 0.00031166256110759033 0.1660052 0.00025638804964465733 0.8990079999999999 0.00481651050450804 651.3549999999999 0.2788109037283557 424719.8 365.9693320511339 1.3450140000000002 0.010063220399051807 
0.51 0.0 0.2366704 0.00023905155928869793 0.9490755999999999 0.002878883597510889 0.41312920000000003 0.0002187183394040903 0.1715118 0.0001828587214230655 0.9439017999999999 0.002895470164244386 657.0534 0.1658494739198359 432183.0 218.51993043555223 1.3850419999999999 0.0024573260264037196 
0.5 0.0 0.22683939999999997 0.0003141126676873877 1.0224402 0.012991220267242354 0.420545 0.00046277173638930295 0.17772380000000002 0.00039326676950843866 0.9959241999999999 0.010085711502519207 663.185 0.39239062170180034 440296.4 523.8145167881918 1.45266 0.018724072206652446 
0.49000000000000005 3.332000937312528e-09 0.21611520000000004 0.0002184464053193499 1.1075679999999999 0.01038709252871196 0.42900659999999996 0.00029954400011460554 0.18494 0.0002598658115257693 1.049196 0.006717471309950072 670.0036 0.26118753416861357 449398.2 351.9015089440088 1.501064 0.013054444944153386 
0.48 0.0 0.20472079999999998 0.00023275057894841112 1.19265 0.010161160169981566 0.438457 0.00032934310376868533 0.1931626 0.0002964589145261346 1.1011819999999999 0.011836234333605975 677.6936 0.26188556282200787 459771.0 360.3893450128337 1.54306 0.02082045475007723 
0.4699999999999999 2.356080457693621e-09 0.1921902 0.0003069778363348383 1.295002 0.003668673220666542 0.44927780000000006 0.00039370520951109825 0.20278619999999997 0.00034991146309024964 1.14576 0.011473346503963805 686.2518 0.3018368300817455 471450.6 411.74259921141396 1.576832 0.015574935351390902 
0.4600000000000001 3.332000937312528e-09 0.1778728 0.0002952871687035423 1.429756 0.007694429465534257 0.46208340000000003 0.0004171062790148939 0.214499 0.0003869970542514219 1.223902 0.008294182250224855 696.3073999999999 0.3369192900632187 485371.2 471.1029951090658 1.6439500000000002 0.012781856516163535 
0.45 2.356080457693621e-09 0.16320840000000003 0.00017454228140553293 1.6156739999999998 0.013051477341672214 0.47539299999999995 0.00023421579795247408 0.2270342 0.00022356411161188915 1.324886 0.01011711919471176 706.5082 0.18988173161518604 499715.4 267.7321945353652 1.7653860000000001 0.019371162401880533 
0.44000000000000006 3.332000937312528e-09 0.1460474 0.00038091097122609134 1.831578 0.0123444894264621 0.4918738 0.0005247243390524212 0.24301279999999997 0.0005185203101161338 1.403082 0.009727496039578174 719.0791999999999 0.42974610183735573 517653.4 619.432940674908 1.824352 0.01323642380705483 
0.43 0.0 0.1263672 0.00040993105761738443 2.058262 0.03415838408355862 0.5110628 0.0005696512898135508 0.2623014 0.0005881403641949482 1.4933919999999998 0.018796107980114312 733.6139999999999 0.4709038967840985 538783.4 695.8591581673486 1.8792179999999998 0.028294415477266303 
0.42000000000000004 3.332000937312528e-09 0.1042586 7.129577827243188e-05 2.372044 0.020162471792915058 0.5324815999999999 0.0001906277210225188 0.2846972 0.0002119227028960953 1.59189 0.01512635871582919 749.664 0.1577778184133295 562612.2 240.86334715342875 1.955914 0.019996258370004887 
0.41 0.0 0.07985284000000001 0.00022230187331555437 2.76185 0.05354813064897845 0.5563395999999999 0.00025459718776612016 0.3107226 0.0002810605059391917 1.697702 0.02805193004411581 767.2662 0.22727857801390286 589335.6 347.2155065774173 2.02705 0.042890944685329516 
0.4 0.0 0.04863792 0.0006475409870580591 3.1404520000000002 0.03171496459402147 0.5871986 0.0007827518942820311 0.3460116 0.0009199825041827104 1.7371659999999998 0.0199308222810868 790.0210000000001 0.6105613810003673 624768.6 966.5972315332857 2.0066119999999996 0.026720254998787888 
0.39 0.0 0.01494076 0.000549118196821045 3.660752 0.03598750465369499 0.6192103999999999 0.0006044739597350269 0.384645 0.0007454753114585049 1.8040939999999999 0.012863952300912833 813.3756 0.4782741138606009 662224.0 776.493502868864 2.0273320000000004 0.016072363211415322 
0.38 0.0 -0.02484774 0.0001651030771366236 4.095394000000001 0.0486604483004181 0.6565342000000001 0.00022534691474723311 0.43219959999999996 0.00028306361123650066 1.7619320000000003 0.02314082027932013 840.5101999999999 0.15819188360612302 707066.2 259.40846557921 1.9065499999999997 0.025352545749887396 
0.37 0.0 -0.06663643999999999 0.0003610765255184312 4.48373 0.07054719940578053 0.6936318 0.0003279324808416452 0.4822179999999999 0.0004508249327750533 1.7001939999999998 0.029666338850626417 867.2220000000001 0.2640951343215183 752646.6 456.29031112051996 1.7841239999999998 0.034314018313222686 
0.36 0.0 -0.1120238 0.0004532057722487538 4.523682 0.0795528399694121 0.7320972 0.00042042125539579894 0.5368983999999999 0.0006161157424021186 1.4901799999999998 0.01970095144910831 894.6838 0.31930241467150766 800948.2 572.8237704752521 1.516566 0.024248554200199366 
0.35 0.0 -0.1562342 0.00021825606979106722 4.381272000000001 0.03333962404105546 0.7673824 0.0002103881364890727 0.5896406000000001 0.0003235036444440799 1.2588380000000001 0.006599804481946749 919.7317999999999 0.18108879604467287 846309.6 334.52492885784125 1.2504779999999998 0.009044141706102338 
0.34 1.666000468656264e-09 -0.1997972 0.00037548852445475815 4.170584 0.02891847611476661 0.8000655999999999 0.0002449578902743944 0.6407224 0.00039330096364196155 1.04576 0.008843625048587801 942.8536 0.18449858534482266 889301.8 347.8209193935486 1.0249486 0.00831296028908959 
0.33 1.666000468656264e-09 -0.24042400000000003 0.0004033564180681592 3.853319999999999 0.03518609338930404 0.828826 0.0003176005037776471 0.6874482000000001 0.0005231472756251783 0.8643574 0.009597142131279091 962.9907999999999 0.24368445179133003 927621.0 467.8754535025688 0.8483726 0.008782547505593213 
0.32 0.0 -0.27734460000000005 0.0001453224277010277 3.5857979999999996 0.0236658997547295 0.8533882 0.00010525679081509141 0.7286698 0.00017839852007622527 0.7166783999999999 0.004129965506877246 980.113 0.07678176852455035 960845.0 150.48747457806184 0.7131074 0.003857304619550883 
0.31 0.0 -0.31156860000000003 0.0003088350498150834 3.2718199999999995 0.03185324134214389 0.8749136 0.00023292378155363405 0.7657898 0.0004033401939078568 0.5871449999999999 0.007977619203748319 995.061 0.17700192083161156 990330.8 350.580592699509 0.597025 0.006507744653871304 
0.3 0.0 -0.3434426 0.0001823198508181542 3.002554 0.01731525399179296 0.8938206 0.00010759092899050948 0.7991694 0.00019113170330186527 0.4881318 0.002921460968763063 1008.126 0.10452176805062278 1016480.0 210.5991452974109 0.518319 0.0024166195894293227 
0.29 0.0 -0.372275 0.0001672875368912158 2.785682 0.020553696582368337 0.9099547999999998 0.00011612455405151344 0.828224 0.00021009845313954396 0.40877300000000005 0.003403372539113647 1019.3799999999999 0.08800000034365803 1039268.0 180.60786250880662 0.4568206 0.0028257061361699554 
0.28 0.0 -0.39940420000000004 8.702615696819863e-05 2.5874800000000002 0.014773276955354844 0.9242488000000002 4.201847125824538e-05 0.8544021999999998 7.81339367033546e-05 0.3419204 0.0006932539275013688 1029.3819999999998 0.06446084135277456 1059750.0 131.96969349058895 0.4119826 0.0020256143087967866 
0.27 0.0 -0.42427259999999994 0.00012239137228944384 2.391334 0.011462279912813778 0.9365942 8.987431198789103e-05 0.8773434 0.00016821072497892015 0.2865308 0.0014562574607546702 1038.184 0.09132798034976308 1077934.0 189.83361135478617 0.3741806 0.002761292532131121 
0.26 0.0 -0.44730879999999995 6.798670463347996e-05 2.2251 0.01909244290288827 0.9473948 5.638396942673196e-05 0.8976643999999998 0.00010646712213501333 0.23743660000000003 0.0014876646557597326 1045.934 0.037373788480874096 1094072.0 77.53192890674138 0.3442114 0.002037981738877856 
0.25 0.0 -0.46894939999999996 1.557074216814829e-05 2.072412 0.006453611949911219 0.9568329999999999 9.951886395732455e-06 0.9156156 1.9130290417318437e-05 0.199168 0.0005237807174769485 1052.904 0.02426520169018461 1108692.0 51.2562191348523 0.3244924 0.0014700441517173082 
0.24 0.0 -0.48927319999999996 4.2363569384576266e-05 1.933912 0.00381393487096946 0.9650307999999999 3.02633783156382e-05 0.9313521999999999 5.836053507058955e-05 0.16263100000000003 0.000505159222421952 1059.2599999999998 0.02209072392916818 1122112.0 49.1039713261565 0.304469 0.0006977694175033193 
0.23000000000000004 1.666000468656264e-09 -0.5080638000000001 5.8819996482810194e-05 1.8194200000000003 0.0084207942618137 0.9720115999999999 2.3230326290693232e-05 0.9448598 4.538052410525702e-05 0.1336078 0.00021815011345384605 1064.882 0.0341057167712683 1134046.0 71.7551391887717 0.2863652 0.0007475029578542754 
0.22000000000000003 1.666000468656264e-09 -0.525753 5.753885642025571e-05 1.721686 0.007605768126890171 0.9779672000000001 3.994636357123587e-05 0.9564615999999999 7.801363998541861e-05 0.10832519999999998 0.00039889040098843115 1069.946 0.01538830834104705 1144848.0 30.90631003533097 0.27671100000000004 0.0010584468621509097 
0.21000000000000002 1.666000468656264e-09 -0.5422476 7.084778048993999e-05 1.59409 0.005236721875370217 0.9829435999999999 2.5261195876168944e-05 0.9662098 4.952365110091234e-05 0.08685356000000001 0.0003481379239321007 1074.5580000000002 0.03993995367733878 1154738.0 83.4457907865939 0.2643758 0.0012541496051116754 
0.2 0.0 -0.5577722 3.205669962134728e-05 1.5235560000000001 0.010748268921079029 0.9871084 1.426772605903595e-05 0.9744064 2.801085505285897e-05 0.06798818 0.00048227163416516286 1078.708 0.013084341777470523 1163668.0 28.199290771223303 0.25781540000000003 0.0020568044068402483 
0.19 0.0 -0.5724066 1.5769844400668048e-05 1.424712 0.004936372271218123 0.9905077999999999 1.0603395543211767e-05 0.981123 2.099333318560188e-05 0.05213522 0.00023889758709521268 1082.5300000000002 0.04638965296248897 1171920.0 102.01960595885478 0.2524506 0.0005198501784119436 
0.18 0.0 -0.5862261999999999 4.5344371359427873e-05 1.3530840000000002 0.005024568120736147 0.9932264 9.548193885623608e-06 0.9865106000000001 1.879701897842963e-05 0.03908854 0.00016325982383923667 1085.978 0.021052314097265778 1179396.0 47.46367031741224 0.2456868 0.0011571393485658528 
0.17 8.33000234328132e-10 -0.599243 1.644870805349346e-05 1.286492 0.004619870474379294 0.9953286 1.0262943679965033e-05 0.9906874 2.0574936084485198e-05 0.0283035 0.00011929025777486727 1089.166 0.011523891698646985 1186330.0 25.76819745345025 0.2408376 0.0008784808523808207 
0.16 0.0 -0.6117332 2.270753187295722e-05 1.215972 0.00602686080808465 0.996946 3.370463474445247e-06 0.9939064 6.696864339882138e-06 0.019392819999999998 3.9119584864935836e-05 1092.154 0.02237856105552195 1192844.0 48.95712409854157 0.23933300000000002 0.0008483724182224229 
0.15 0.0 -0.6235842 2.947595622261786e-05 1.161484 0.007896232316746599 0.9980924 1.0010395579592788e-05 0.9961922 2.0022787940293354e-05 0.012796479999999999 5.6806009541302716e-05 1094.904 0.02359660997330324 1198852.0 49.831716807671796 0.2340382 0.000801280794728236 
0.14 0.0 -0.6350871999999999 3.676237253338417e-05 1.123348 0.0052893110326406876 0.9988771999999999 1.338676732063589e-06 0.9977574 2.8085585917332725e-06 0.008034379999999999 4.6755861322447185e-05 1097.56 0.0048989791266473015 1204670.0 14.696938456699067 0.2319022 0.001210606869300871 
0.13 0.0 -0.6461765999999999 1.518841743693679e-05 1.10118 0.0037016363948878172 0.9993928000000001 2.1799028854516882e-06 0.9987874000000001 4.378122441324858e-06 0.004690118 2.8648437220894385e-05 1100.036 0.022018174601501732 1210112.0 46.25148646259923 0.22929300000000002 0.0008015885727708591 
0.12 0.0 -0.656986 1.399428414283286e-05 1.07666 0.0033539791293452077 0.9997029999999999 1.7888656273734129e-06 0.9994064 3.606659767901891e-06 0.00246826 1.195394395169336e-05 1102.382 0.012774974966701198 1215280.0 29.5296461204668 0.2287706 0.00022151164303305532 
0.11000000000000001 8.33000234328132e-10 -0.6677014000000001 2.1344038330061063e-05 1.057958 0.002521922124096689 0.9998726 1.8889124774905118e-06 0.9997451999999999 3.5710035101866717e-06 0.001154686 2.1103758831070504e-05 1104.7579999999998 0.01397140255540738 1220526.0 30.278705388440898 0.2285218 0.0008903645725213401 
0.1 0.0 -0.6781604000000001 7.141986811880552e-06 1.046548 0.0037777108412344897 0.9999551999999999 7.69439750800289e-07 0.9999104000000001 1.4310701590573918e-06 0.00044934 6.536944215763291e-06 1106.99 0.009797958253294603 1225454.0 23.765521244020718 0.2252666 0.0006340235074487435 
0.09 0.0 -0.6885516 1.533779605277555e-05 1.0363600000000002 0.0032372939316652194 0.9999874 4.560826524806324e-07 0.9999746 8.763352501147683e-07 0.0001417012 5.077249802008967e-06 1109.23 0.009797958253294603 1230410.0 20.591260281973998 0.2280564 0.0008102087928424481 
0.08 0.0 -0.6989076000000001 8.36946637644777e-06 1.030762 0.004481262679199038 0.9999974000000001 2.189507483506605e-07 0.9999948 1.7887601172235757e-07 3.14211e-05 1.1032748611293469e-06 1111.484 0.014859342228565522 1235412.0 34.91704454847231 0.22434859999999998 0.0007193862717627442 
0.07 0.0 -0.7091338 8.851667287349688e-06 1.034964 0.004142857564533615 1.0 0.0 0.9999993999999999 2.1915348056849172e-07 4.4633679999999994e-06 7.520099788295377e-07 1113.6979999999999 0.010353744474802381 1240342.0 22.163032283512106 0.22587600000000002 0.0008823827287508172 
0.06 0.0 -0.7193852000000001 9.271029008024223e-06 1.020346 0.002644061421382532 1.0 0.0 0.9999998 1.7887601172235757e-07 8.679260000000001e-07 7.76296614175793e-07 1115.8980000000001 0.013084339998010284 1245246.0 28.368997162395427 0.22635 0.0008198362275475114 
0.05 0.0 -0.7295904 1.8022213702711108e-06 1.0123102 0.006242209803586151 1.0 0.0 1.0 0.0 0.0 0.0 1118.102 0.016828544834605972 1250164.0 36.28773897613352 0.2252558 0.0005128431651089045 
0.04 0.0 -0.7397312 4.537840320680979e-06 1.0115036 0.003970725370509577 1.0 0.0 1.0 0.0 0.0 0.0 1120.3 0.006928206083307615 1255088.0 16.34625339336204 0.2255902 0.0008129542865384934 
0.03 0.0 -0.7498616 3.1572111103588746e-06 1.0129199999999998 0.0029107703447840633 1.0 0.0 1.0 0.0 0.0 0.0 1122.478 0.006572667374596385 1259964.0 12.837445228704969 0.2230318 0.0007913522300467987 
0.02 0.0 -0.7599448000000001 2.6892282114925246e-06 1.0103294 0.005965456452610529 1.0 0.0 1.0 0.0 0.0 0.0 1124.65 0.0040000035874529485 1264840.0 9.797958971132712 0.223238 0.0011788072615993822 
0.01 0.0 -0.769991 2.5298248659175342e-06 1.0089232 0.0027863263613590898 1.0 0.0 1.0 0.0 0.0 0.0 1126.81 0.0048989791266473015 1269704.0 13.446189051177289 0.2222026 0.0012063988925718647 
