1.0 0.0 0.4083972 0.00012249943670033682 0.16397739999999997 0.00041632694844353417 0.02249326 2.566612709316087e-05 0.000554825 1.2055514588766493e-06 0.028152280000000002 0.00016790554582850835 394.6302 0.05257101867498467 156031.4 40.619798128874514 0.7555264 0.003590431858144368 
0.99 0.0 0.40684960000000003 8.86271289819803e-05 0.1617886 0.0006637358872314291 0.022174359999999997 2.2070606698241813e-05 0.000539551 8.40725115600527e-07 0.027837840000000003 0.00011974087890092893 394.2134 0.07116381104820416 155702.0 55.112249090809314 0.7629427999999999 0.004593186191743091 
0.9800000000000001 6.664001874625056e-09 0.40525859999999997 8.184991146072048e-05 0.160629 0.0006304365471645303 0.02187248 3.757891323601399e-05 0.0005255487999999999 1.8574885927034754e-06 0.02770512 0.0001341153425972486 394.0404 0.13940806291907898 155561.6 110.12632745815219 0.7601152 0.0037097507129171944 
0.97 4.712160915387242e-09 0.4036512 8.222379215972576e-05 0.1607078 0.0004735309409093202 0.02158298 2.829148847238888e-05 0.0005126337999999999 1.2696231692976812e-06 0.0277941 5.734610012916739e-05 393.88980000000004 0.11956768792874929 155440.6 93.11438127231122 0.7626072 0.0060818734574134194 
0.96 0.0 0.40196540000000003 8.687259634966178e-05 0.1604758 0.0007769941261043181 0.021330540000000002 4.5193110979271094e-05 0.0005006248 2.066036696671584e-06 0.027373520000000002 0.00014949507925008374 393.7478 0.08360258374933004 155321.8 65.1124565711694 0.7525046 0.0027058399302295933 
0.95 4.712160915387242e-09 0.4003328 0.00010358316465410636 0.1605974 0.0006896581529997897 0.02102802 4.124730682109228e-05 0.00048717340000000006 2.073265667486851e-06 0.02727602 0.0002440436164294804 393.61319999999995 0.12659238524831018 155214.4 100.60163020790608 0.7569425999999999 0.005606035887151561 
0.9399999999999998 4.712160915387242e-09 0.39886 0.00010352506946479375 0.1617038 0.0005706548799404802 0.02075574 3.997441781906142e-05 0.00047524059999999997 1.7955598257929802e-06 0.02722712 8.78552236351129e-05 393.28880000000004 0.06755821189251365 154958.0 54.33599175500526 0.7628282000000001 0.005562596562037033 
0.93 0.0 0.3970758 5.034075889617397e-05 0.1612114 0.0007507875651607979 0.02047186 1.0860003682503847e-05 0.0004627516 5.52950963466721e-07 0.02703678 0.00019174696326153197 393.3156 0.07567805492991282 154974.2 59.82333992018953 0.7569288000000001 0.004658117666181056 
0.9200000000000002 6.664001874625056e-09 0.3954946 0.0001284998365793449 0.15970420000000002 0.000756264366474681 0.02025632 3.61810712939323e-05 0.00045369759999999996 1.5471669231230133e-06 0.027154460000000002 0.00011602102774924559 393.2426 0.11383096242329535 154914.6 89.82364944134925 0.7595462000000001 0.002776335633882901 
0.9099999999999999 6.664001874625056e-09 0.394208 8.374723873191481e-05 0.1609392 0.0006421244365384261 0.019961319999999998 2.3007136284668817e-05 0.0004406494 9.527179897477543e-07 0.02670596 8.832947684658763e-05 392.88439999999997 0.06110882104559117 154629.0 47.55039432173604 0.7573592 0.0020965764741628598 
0.9 4.712160915387242e-09 0.3924092 8.695074466111436e-05 0.1595878 0.0009003375989037457 0.01975462 3.4534868177016834e-05 0.00043244599999999996 1.4213163476171012e-06 0.027004480000000004 0.00010982561959746189 393.0234 0.05190421952908442 154734.8 39.92533031463136 0.756073 0.004804789968355032 
0.89 0.0 0.3906636 9.107166408056256e-05 0.1590794 0.0006896760166910577 0.019449139999999997 1.2084389932141062e-05 0.0004195398 3.554253114209672e-07 0.02670944 8.183914760062946e-05 392.8586 0.042309904234768665 154603.0 33.5249161027261 0.7584956 0.0017854261474534786 
0.8800000000000001 6.664001874625056e-09 0.3892698 8.289916767656962e-05 0.16060000000000002 0.0006611089471477003 0.01925848 4.085194144720901e-05 0.0004116208000000001 1.8445959861131303e-06 0.02665498 0.00018673958423428733 392.76820000000004 0.13651619684442717 154527.8 108.00496285303286 0.7548538 0.002008270248749694 
0.8699999999999999 6.664001874625056e-09 0.38748879999999997 8.505076133991787e-05 0.1613772 0.0004681754713772319 0.01906216 4.2326942719561886e-05 0.000403618 1.6219219463340684e-06 0.02664404 0.00014489599193903262 392.9792 0.10125389866498502 154692.8 79.00855650135145 0.7603683999999999 0.0037455331326799084 
0.86 0.0 0.3861154 8.521671202054519e-05 0.161265 0.0009960586729708307 0.018819620000000002 2.4104894108521323e-05 0.000393173 8.907228076114722e-07 0.0261156 6.695264595224627e-05 392.8488 0.038201989516470816 154583.8 30.00986506705376 0.7502616 0.0024881298776405583 
0.85 0.0 0.3841852 9.036255859527561e-05 0.16100560000000003 0.0007021731182546744 0.018598979999999998 2.2356643755409024e-05 0.0003847128 9.310789612032271e-07 0.02628488 0.00010460968750554486 392.879 0.06664052818675348 154605.6 52.106506308956675 0.7531384000000001 0.00428934678103564 
0.8400000000000001 6.664001874625056e-09 0.3828076 7.248646765833964e-05 0.162715 0.0003629279818362842 0.018370020000000004 2.5246392216795458e-05 0.000375716 9.989040794782991e-07 0.02623218 9.671513800850637e-05 392.8156 0.07634112913217035 154552.8 59.98626509816431 0.7542385999999999 0.0028557910231734305 
0.8299999999999998 6.664001874625056e-09 0.38113919999999996 0.00014847852373749902 0.1630544 0.00045112806164130547 0.01810636 1.973890777118482e-05 0.00036548580000000003 7.105142588296666e-07 0.026123920000000002 8.759617982531765e-05 392.71279999999996 0.11776736393651607 154469.2 92.80922367773748 0.7537108000000001 0.0014400670095431397 
0.82 0.0 0.3795268 8.543507476139247e-05 0.1633722 0.0012013157253613499 0.01793428 3.5769779423413034e-05 0.0003590458 1.380581483287226e-06 0.0262718 8.51409419726317e-05 392.87159999999994 0.09845185632245654 154592.6 78.5639102879009 0.7589238 0.0047786008278566505 
0.8100000000000002 4.712160915387242e-09 0.3778574 3.728012870774213e-05 0.1651528 0.0007041025152630647 0.01767718 2.6345328238338378e-05 0.0003489828 1.0973919773709702e-06 0.025953399999999998 0.00021660541452142077 392.7962 0.04901216186598048 154526.4 39.310660130274194 0.7463192000000001 0.00619391473237889 
0.8 0.0 0.376185 9.218459740182224e-05 0.1646318 0.0007286311220374564 0.017465840000000003 5.330288247340847e-05 0.0003410024 2.0315450986877313e-06 0.02587122 0.00014168646907870863 392.90520000000004 0.10318581294414114 154610.6 81.44377201312167 0.7516337999999999 0.001921304273671347 
0.79 0.0 0.3745304 2.8594545019256462e-05 0.1639734 0.0005558208776216706 0.0173057 2.942307937665758e-05 0.00033517620000000003 1.0085413387640586e-06 0.0260183 4.5575230114677655e-05 392.99359999999996 0.13066739460216809 154677.0 102.94347963735932 0.750837 0.001396134262881146 
0.78 0.0 0.3728372 3.982803043324655e-05 0.1669196 0.0006713329784836178 0.01707692 4.404550737594602e-05 0.00032674639999999997 1.537570228641393e-06 0.02593132 7.674154754757366e-05 393.1 0.10676141623523099 154759.0 83.6301381082203 0.7553404 0.0019275757334062 
0.77 0.0 0.37125220000000003 0.00010459422543479305 0.167645 0.0009506872882287176 0.016911219999999998 2.5380660354140155e-05 0.0003203778 8.786043205004714e-07 0.025721519999999998 0.00012965991639674916 393.178 0.08287001872893808 154815.4 65.727072050531 0.7482968 0.003382594251756306 
0.76 0.0 0.3696882 7.352245908126982e-05 0.16718099999999997 0.0012664688863144372 0.016691019999999997 3.6062283899066725e-05 0.0003122494 1.0858358844699241e-06 0.025506219999999996 0.00013157693536496837 393.28340000000003 0.07208139841013754 154894.4 56.65093115422613 0.7448162 0.0027255263770492675 
0.75 0.0 0.3678402 5.8824756735033636e-05 0.1693266 0.0013286497687503502 0.01655446 5.105318481740786e-05 0.000307357 1.7642321162471843e-06 0.02556908 0.00014987114839083807 393.4918 0.12799887499316184 155057.4 100.80579348521147 0.7523268 0.0033046518533742597 
0.74 0.0 0.36605040000000005 3.714469004472075e-05 0.17060479999999997 0.0012465550737940177 0.016426299999999998 2.747882093545986e-05 0.00030358599999999995 1.125873563062337e-06 0.026277039999999995 0.0002355180852505061 393.83099999999996 0.0590850235736919 155324.6 46.57260997002601 0.7603514 0.0007798178556425422 
0.73 0.0 0.3644096 9.545201939338437e-05 0.1712742 0.0010199949568507351 0.01615508 3.419656590951835e-05 0.000293375 1.2182578380600256e-06 0.025551420000000002 8.968734760255387e-05 393.7472000000001 0.08689460275357272 155253.4 69.0985383360828 0.7525630000000001 0.0033953651939038283 
0.72 0.0 0.36271200000000003 6.74762179547315e-05 0.174269 0.00047038783997924085 0.016011699999999997 2.060762965524656e-05 0.00028877579999999996 6.834805278921854e-07 0.025919779999999996 9.285054399419021e-05 394.0036 0.059342126653409884 155454.2 47.140131512904745 0.759994 0.004139750214687569 
0.71 0.0 0.361036 5.042142400771755e-05 0.1749238 0.0015807140513073748 0.01588078 3.738180733981542e-05 0.000284141 1.2384656313360218e-06 0.025908139999999996 0.00015286379191965002 394.1956 0.09361093953217382 155602.0 73.68527668194524 0.7569106 0.004439362932673219 
0.7 0.0 0.35914979999999996 9.739872691016137e-05 0.176958 0.0008823635531904519 0.01568874 2.3162911733988477e-05 0.0002775668 7.523405292833174e-07 0.025860099999999997 0.00016576855431601537 394.4848 0.10014245853650731 155828.2 78.62996883247628 0.7586704 0.003591703802935531 
0.69 0.0 0.3573748 6.251745360950748e-05 0.180448 0.0008180114424628001 0.01558758 2.176994993102918e-05 0.000274207 7.577608593747496e-07 0.026072400000000003 0.00011525662497222322 394.77479999999997 0.024307036174392605 156052.6 19.30098442768994 0.7541302 0.004806366697622802 
0.68 3.332000937312528e-09 0.35542320000000005 3.771196086059486e-05 0.17978119999999997 0.001213923931719556 0.01540436 2.494747442131916e-05 0.0002680118 8.30983195977621e-07 0.026016820000000003 0.00017439598940330314 395.0626 0.08572028934471937 156276.8 67.83709899547644 0.7524308 0.003583164929501211 
0.67 0.0 0.35402560000000005 6.707166306366151e-05 0.1814056 0.0005622244107115954 0.01521432 3.242125722430893e-05 0.000261781 9.541176866609825e-07 0.02604812 0.00018485444955428166 395.01 0.12103652342143746 156234.6 95.82717777109349 0.7615757999999999 0.002516739754521767 
0.66 3.332000937312528e-09 0.35205919999999996 5.263945290963194e-05 0.1857374 0.0006650423505313646 0.015067859999999999 3.495718066443791e-05 0.0002570208 1.1200977600187141e-06 0.02615926 9.278532470166687e-05 395.474 0.07485612868123277 156596.4 60.136910465501074 0.7534884 0.004769618111337718 
0.65 0.0 0.3501566 5.3278588557284696e-05 0.1836106 0.0004492458213485162 0.015028660000000003 4.002951511054048e-05 0.00025571839999999997 1.1915336873136894e-06 0.0264519 4.8295863176889636e-05 395.93580000000003 0.05115498018644054 156958.6 40.0155969538473 0.7505406 0.0047593011974451935 
0.64 0.0 0.3482424 4.9710843867392586e-05 0.1889946 0.001070484510863414 0.0149394 2.559004493921383e-05 0.0002527282 8.215835149284069e-07 0.026584759999999995 9.161454731671232e-05 396.4214 0.06354626656903863 157342.8 51.11665091765693 0.7603502000000001 0.004775972138945031 
0.63 0.0 0.34629380000000004 4.148773304298474e-05 0.1907008 0.0006310271880037907 0.014721520000000002 1.7381079367757218e-05 0.0002457734 4.948723956770946e-07 0.02655866 0.00015095418006783393 396.57460000000003 0.03199949991550928 157459.0 25.49509756796392 0.7501199999999999 0.0034762246762897555 
0.62 0.0 0.3442986 7.641601925518555e-05 0.19444 0.001055535466008058 0.0146788 4.00561406029087e-05 0.0002444734 1.2456490549096268e-06 0.02694014 0.00012817239203510668 397.213 0.0815676405910311 157964.2 65.60329259308526 0.7562578 0.005997945390883506 
0.61 0.0 0.34248200000000006 3.3750851734094455e-05 0.1950434 0.0010898232003404347 0.01457048 1.663969711247886e-05 0.0002412576 6.625491136511307e-07 0.027343080000000002 0.00024978834464392215 397.457 0.054564457283060135 158157.4 42.76316172230815 0.7635796 0.004394882993665265 
0.6 0.0 0.3404182 7.656913216457488e-05 0.199769 0.0011734853045522202 0.01448922 5.307639324591791e-05 0.0002386128 1.4861082975345466e-06 0.027515 0.00012800574987074237 398.0728 0.09684023958113891 158642.8 77.67645718448043 0.7566048000000001 0.0038551597466223025 
0.59 0.0 0.338528 6.424141967232598e-05 0.2023108 0.0002048799453353198 0.01429974 3.521406082805677e-05 0.00023247100000000002 1.0519712163356542e-06 0.02731842 0.00010313074963359841 398.28860000000003 0.1159564055756351 158814.2 92.04277266227442 0.7682247999999999 0.0015632984206579695 
0.58 0.0 0.3365538 4.6829392469964224e-05 0.20599859999999998 0.000633167630255224 0.014342279999999999 3.5630564407607215e-05 0.0002341774 1.146794196009368e-06 0.028274100000000003 0.0001517979578255002 398.95560000000006 0.06224377874895343 159345.2 49.88979854693698 0.7761870000000001 0.0028752881316452135 
0.57 0.0 0.33432199999999995 5.909653124592415e-05 0.20710540000000002 0.0012091710085834072 0.01416068 3.3698954286326584e-05 0.0002279852 9.848418106479469e-07 0.027743479999999997 0.00014998030644064773 399.3604 0.08099313547505603 159664.2 64.51505249981554 0.7707232 0.0026135845484687396 
0.56 0.0 0.33212220000000003 9.039442458854567e-05 0.21206399999999997 0.0010849872257312973 0.0141796 2.783271456394148e-05 0.0002286128 8.686836662442841e-07 0.028334900000000003 0.00019616282012646115 400.17140000000006 0.036618683656223484 160310.8 29.779724658438695 0.774948 0.004043079746927303 
0.55 0.0 0.33019980000000004 5.3483006591300235e-05 0.21758039999999998 0.0015300579492297326 0.01421066 5.136092366769893e-05 0.00022955599999999998 1.6295437152772988e-06 0.0289039 0.00021512074934784093 400.7934 0.05351082130264071 160806.8 43.26421154464546 0.776499 0.0028817747725981744 
0.54 0.0 0.32782619999999996 3.121461203722677e-05 0.22134460000000003 0.001095597904341669 0.014066020000000002 3.5532704934890224e-05 0.00022548419999999998 1.182494427894038e-06 0.02946664 0.0002474500476459372 401.4334 0.09370319100018898 161318.4 75.27740697239963 0.7819666000000001 0.0029234431289098025 
0.53 0.0 0.3256886 7.375017291497124e-05 0.2268424 0.0009175979337380486 0.01401712 3.0568433391449765e-05 0.0002239076 7.845147595802947e-07 0.02980338 0.00012787937879108187 402.02840000000003 0.061218689919872976 161794.6 48.69053295320948 0.7877774 0.004861843145145039 
0.52 0.0 0.3234348 7.624035674504892e-05 0.23175060000000003 0.0008655344984453356 0.014047179999999998 3.137621264612647e-05 0.00022485999999999999 9.194177722886867e-07 0.03049636 0.00020215744873734124 402.8306 0.054684988830592064 162437.8 43.35103229494769 0.7876798 0.00478557285515224 
0.51 0.0 0.32109699999999997 6.789815901920582e-05 0.23526180000000002 0.0015626333773463685 0.01396404 2.775051134658365e-05 0.0002221402 8.497423327094557e-07 0.03065478 0.0001671670862341754 403.4062 0.0882067570926295 162899.2 71.91517224518033 0.7903682 0.0038426174037987154 
0.5 0.0 0.31876699999999997 6.796881639636178e-05 0.2419432 0.0008399403502640439 0.01399096 4.373305020231241e-05 0.00022303220000000003 1.3275132059598875e-06 0.03142186 0.00012893999410545603 404.2576 0.07955003452951534 163584.6 64.25735755086856 0.7946228 0.0027534163709856665 
0.49000000000000005 3.332000937312528e-09 0.31629019999999997 1.5047657748056604e-05 0.2426548 0.0014967123544622535 0.01397534 9.272522850090538e-06 0.0002225096 4.903221471669292e-07 0.03197366 0.00029750281961680346 405.0918 0.012481666835400671 164257.6 10.585272767990153 0.7980632 0.004540443849667488 
0.48 0.0 0.31373939999999995 8.81542285220671e-05 0.252679 0.00102289827451186 0.0140049 3.9539782498088774e-05 0.00022358960000000002 1.2557596139385452e-06 0.032933199999999996 0.000233324747080214 405.98 0.06370117730566548 164974.8 52.05412568406487 0.7952314 0.003052447904220249 
0.4699999999999999 2.356080457693621e-09 0.3111974 3.671250466178845e-05 0.2584026 0.0014344589391134866 0.01416588 3.85382864175803e-05 0.0002279372 1.0075175591517239e-06 0.03340432 0.00021071247784597752 407.0842 0.07513049977658262 165872.8 60.980915054507086 0.8112299999999999 0.0034148435396125416 
0.4600000000000001 3.332000937312528e-09 0.3086568 7.702020513372395e-05 0.2663646 0.00043881491314731546 0.01410682 4.106494758301429e-05 0.00022665340000000003 1.2758368735840095e-06 0.0346137 0.00023059892280752247 407.9028 0.07940952085769913 166539.2 65.06513658910684 0.8252048000000001 0.005086677645770687 
0.45 2.356080457693621e-09 0.3057726 3.351011784237374e-05 0.2725864 0.0022174866962387406 0.01425322 3.517103808531272e-05 0.00023087119999999997 1.0831347616996321e-06 0.03547014 0.00041577741218108943 409.13859999999994 0.049875525161249254 167546.6 41.02448048933912 0.8266818 0.004926517580602467 
0.44000000000000006 3.332000937312528e-09 0.30317340000000004 3.6839761093537366e-05 0.27760619999999997 0.002125348129602654 0.01427274 3.838261689867291e-05 0.00023123599999999998 1.1597333831541665e-06 0.03602345999999999 0.00014055693963712631 410.10479999999995 0.0759096305735773 168335.4 61.627007064478974 0.8282802 0.003781143810014779 
0.43 0.0 0.3004194 3.732302243109375e-05 0.2848544 0.0014658637208146258 0.01449054 2.3008374127637525e-05 0.00023797519999999998 8.136224873991122e-07 0.037502480000000005 0.0002242785329002989 411.22839999999997 0.050367132209436394 169255.0 41.4410424560895 0.8267162000000001 0.0018246083064444541 
0.42000000000000004 3.332000937312528e-09 0.29745340000000003 5.4049310783532085e-05 0.29417040000000005 0.0017793309439209423 0.01461306 5.251540421627906e-05 0.0002421862 1.7531901528362526e-06 0.03926520000000001 0.00039921654975703393 412.53860000000003 0.07605292890171837 170333.4 63.229486798434934 0.8377224 0.005093971838162746 
0.41 0.0 0.294443 4.898897834045071e-05 0.30621699999999996 0.0021868135723022513 0.01470986 2.1260810896886713e-05 0.0002445904 5.859981979492682e-07 0.03962946 0.0002746757835703688 413.80640000000005 0.03442510693792306 171378.6 27.853330131604835 0.8418796000000001 0.004387040356321143 
0.4 0.0 0.291354 4.999519979044074e-05 0.3130242 0.0015813371911154318 0.01488318 4.710622379259085e-05 0.0002502808 1.6591860992660744e-06 0.04141602 0.0005972777058622526 415.11800000000005 0.047969156704356634 172463.8 40.2217851585776 0.8470891999999999 0.008872237965251016 
0.39 0.0 0.2881796 5.2219230202618696e-05 0.3256094 0.0017132707573536282 0.01522394 5.201497169083938e-05 0.00026134659999999996 1.8228009348250697e-06 0.0436648 0.00040458055415457133 416.65700000000004 0.1083999999627495 173743.2 90.2403014110036 0.8612572000000001 0.004759861992955247 
0.38 0.0 0.2848472 6.51118422069085e-05 0.340283 0.0027999758856103066 0.015384520000000002 4.8108705241262606e-05 0.000266515 1.6756141083199483e-06 0.04520173999999999 0.0006427324498421539 418.13980000000004 0.08347809287999257 174981.2 69.6536574718553 0.8815283999999999 0.007556957576171783 
0.37 0.0 0.2813474 3.2597668567529836e-05 0.3489292 0.0012691360652027132 0.01571332 5.017141337450962e-05 0.0002774516 1.797979145596249e-06 0.04752904 0.0007010415808495128 419.808 0.07387178083657209 176376.4 62.441396524084325 0.8869223999999999 0.006185685343439806 
0.36 0.0 0.2777946 4.604919106390419e-05 0.36208 0.0018234892267286308 0.015971819999999998 5.605499014370682e-05 0.00028674140000000005 1.9747317306403845e-06 0.05060238 0.00040094290606015664 421.5222 0.05709528881488755 177818.2 48.28200491799576 0.9037199999999999 0.005048674019984475 
0.35 0.0 0.2741224 4.608739528491981e-05 0.37727520000000003 0.00220450911361097 0.016499939999999998 5.6837147008021816e-05 0.0003053332 2.012829797077115e-06 0.05442184 0.0005329370361309487 423.47880000000004 0.0969434473878498 179471.6 82.34881905575773 0.9275192000000001 0.00704443504277954 
0.34 1.666000468656264e-09 0.2702852 3.9285009833811704e-05 0.3952738 0.002197045914859537 0.01695224 4.477933987894705e-05 0.0003209794 1.6332473811375742e-06 0.05690666 0.0005789315037896581 425.4904 0.04286219772309355 181178.6 36.274067864249325 0.9417349999999999 0.00493079549769004 
0.33 1.666000468656264e-09 0.26626439999999996 7.829615574855393e-05 0.4109018 0.0009133823033115706 0.01752026 3.610150800174887e-05 0.00034201559999999997 1.4812855389845017e-06 0.06117743999999999 0.000650106914653451 427.7234 0.06937007995277426 183082.4 59.27265811768266 0.9587584 0.00401597604176252 
0.32 0.0 0.26205179999999995 4.70840950212667e-05 0.43337000000000003 0.0019730557011888718 0.01821512 5.0748756831970185e-05 0.00036820980000000004 1.8909846408652064e-06 0.06553091999999999 0.0005201493388635429 430.129 0.04363393172586998 185144.6 37.91949365382405 0.971706 0.005033257720407103 
0.31 0.0 0.2577126 2.521681974026464e-05 0.4501206 0.0015882523628193137 0.018848379999999998 5.2584388557993076e-05 0.00039234579999999995 2.233672033224259e-06 0.0688802 0.0007837273112504663 432.575 0.06933628198880595 187254.2 60.15007896259607 0.9921754 0.001560111883163404 
0.3 0.0 0.2530264 0.0001006278689180241 0.4739618 0.002031687227897124 0.019698880000000002 0.00010441044928543363 0.0004280369999999999 4.261367874287542e-06 0.07667728 0.0006807205461275237 435.29259999999994 0.16695570672747453 189613.6 145.38572144534382 1.0267779999999997 0.007614289408742116 
0.29 0.0 0.24817140000000001 2.10952127245522e-05 0.5006328 0.0028339141186716032 0.02075228 0.00010440789778545284 0.0004729922 4.985335201568368e-06 0.08397886 0.0012901312747467999 438.37299999999993 0.06356288230919573 192304.0 56.82956976785941 1.0502699999999998 0.009681563510098962 
0.28 0.0 0.24301019999999998 4.526225802461394e-05 0.5337864 0.003262247858151173 0.02201522 0.00010399316285227625 0.0005297084000000001 5.071386032239252e-06 0.09253894 0.0014412074908493019 441.7252 0.11482069499646963 195255.8 102.38492077277762 1.086992 0.009478232071437902 
0.27 0.0 0.2375424 7.828491552637719e-05 0.5672330000000001 0.0019152476602175626 0.02353388 6.347034205044464e-05 0.0006038924 3.706668742685801e-06 0.10672659999999998 0.0018144342280724873 445.46360000000004 0.0878064234377253 198576.6 78.38499855621116 1.15464 0.009128001752846329 
0.26 0.0 0.231663 6.251591798151477e-05 0.6082574000000001 0.0004517849576893112 0.025335580000000003 0.00015349972612337153 0.000695506 7.958318716914506e-06 0.1185166 0.0007225295343445937 449.7396 0.1572495087618908 202406.4 141.61344569211448 1.20336 0.005390448589868557 
0.25 0.0 0.2252818 0.00010249815607485324 0.6749638000000001 0.0038889628478510387 0.027526439999999996 0.00022386645590629815 0.0008207548 1.2509549355272862e-05 0.1446912 0.0013914551634887464 454.39760000000007 0.2515446043715721 206626.4 228.91458669226012 1.308116 0.008525771097090169 
0.24 0.0 0.21822060000000004 7.49087978498791e-05 0.7348230000000001 0.003584870999067106 0.030603979999999996 9.278334936841455e-05 0.0010071222000000001 5.960349106554174e-06 0.1691402 0.0024478401810575016 460.1932 0.11526505104399462 211931.8 107.1706676307806 1.394774 0.014462396924438613 
0.23000000000000004 1.666000468656264e-09 0.21056780000000003 8.934490471553288e-05 0.8173753999999999 0.007830660011010957 0.03422344 0.00019110666466652104 0.001251998 1.377359340186844e-05 0.20177640000000002 0.004608694787898029 466.6274 0.2013118178158108 217903.2 188.68585532281259 1.508964 0.021203769023454708 
0.22000000000000003 1.666000468656264e-09 0.20182740000000005 5.4739090207794365e-05 0.9501660000000001 0.007051678387447115 0.03930802 7.342553997125886e-05 0.001650478 7.746193077899897e-06 0.2757798 0.007337415269152936 474.7784 0.08890831229600475 225599.4 86.05793397048048 1.772484 0.026346842330724117 
0.21000000000000002 1.666000468656264e-09 0.19159920000000003 4.8432551019462534e-05 1.1150699999999998 0.009721659529120887 0.04650834 7.870775107878858e-05 0.0022884220000000005 7.13031578539561e-06 0.3438574 0.0052065724817774465 485.1684 0.07900967025094519 235592.0 76.59921670219381 1.9979300000000002 0.009138185377840018 
0.2 0.0 0.17866020000000002 0.00025488623344267536 1.557302 0.019798082614234578 0.05764115999999999 0.00045671740812044666 0.0035201219999999997 5.260703514930522e-05 0.5661316000000001 0.014645819716492385 499.6758 0.5053125290465277 249952.0 505.0870816013911 2.750134 0.04213004301920721 
0.19 0.0 -0.7620526000000001 1.70683327820535e-05 1.0721479999999999 0.003935067369191941 0.9994042000000001 2.931206505630932e-06 0.9988094000000001 5.752213017477973e-06 0.0031616680000000003 2.2206754179740527e-05 1323.8999999999999 0.015748016565561726 1752732.0 42.36980056596915 0.08469518000000001 0.0003561196073226824 
0.18 0.0 -0.7726948 1.907123472290104e-05 1.0565779999999998 0.002661977310220444 0.9996369999999999 2.4166127862348453e-06 0.9992746 4.9687005333053246e-06 0.002043698 1.1868301108418175e-05 1324.7740000000001 0.008763554433057392 1755046.0 20.513410247932935 0.08475478 0.00034053502421908273 
0.17 8.33000234328132e-10 -0.7830726 1.5488317408616204e-05 1.047372 0.004415039207078636 0.9997909999999999 1.6248279735521656e-06 0.9995824000000001 3.3057479698710245e-06 0.001227936 9.441994111411215e-06 1325.678 0.01480540417267669 1757446.0 37.051315766110115 0.08415887999999999 0.0002793445462508856 
0.16 0.0 -0.7934486000000001 1.5516700143016323e-05 1.027906 0.004014074837369778 0.9998828 1.2132601944469743e-06 0.9997654 2.2733185340659237e-06 0.0007360116 7.808405310177096e-06 1326.518 0.011454257773108949 1759666.0 31.189741903388686 0.08427134 0.0003526016036265716 
0.15 0.0 -0.8037354000000001 1.1368727628183712e-05 1.026058 0.002578434253575062 0.9999414 6.06643823180247e-07 0.9998832 1.3682155002783566e-06 0.0003874342 3.1586506410175496e-06 1327.3619999999999 0.005215363923035931 1761904.0 13.740451229854134 0.08419696 0.00014811329069309352 
0.14 0.0 -0.8139378 2.3312485464474375e-05 1.0171272 0.00724719034329889 0.9999735999999999 7.266512715957528e-07 0.9999475999999999 1.3446347476259315e-06 0.0001867678 4.684379176795894e-06 1328.178 0.007694152657487385 1764074.0 21.651789764358973 0.08416848000000002 0.00021432226650393933 
0.13 0.0 -0.82412 6.578755506105004e-06 1.0157219999999998 0.006861545831665035 0.9999898 3.346629628808449e-07 0.9999800000000001 7.4829946191344e-07 7.727228e-05 2.588793080862247e-06 1329.022 0.004381786515339975 1766316.0 9.633275663033835 0.08386062000000001 0.0002585515057385905 
0.12 0.0 -0.8342702 1.0397693515349678e-05 1.0199919999999998 0.0027224436082435434 0.9999964 3.577830554110696e-07 0.9999930000000001 5.656359882791031e-07 2.9595499999999998e-05 2.5362075279440367e-06 1329.802 0.012774976789253708 1768382.0 33.27461494893667 0.08368776 0.00026257092390424705 
0.11000000000000001 8.33000234328132e-10 -0.8444141999999999 9.848453514359458e-06 1.007742 0.002525195279577116 0.9999990000000001 4.712160915387242e-09 0.999998 0.0 8.202777999999999e-06 2.820468816406288e-07 1330.6399999999999 0.017204652431304365 1770612.0 44.75712233823796 0.08421981999999999 0.0003244442305239414 
0.1 0.0 -0.8545214000000001 1.4586567752802297e-05 1.0178 0.002872873126341957 1.0 0.0 0.9999996 2.1905213791309883e-07 1.7359047999999998e-06 3.471536000892286e-07 1331.4540000000002 0.012521980004504616 1772784.0 32.81463088318989 0.08487252 0.00020177286913649147 
0.09 0.0 -0.864611 4.270832413334682e-06 1.017588 0.004069751245472051 1.0 0.0 1.0 0.0 3.8576400000000004e-07 3.450378109088916e-07 1332.266 0.00606629658444548 1774948.0 15.073154945133417 0.08368426000000001 0.0002916403053072214 
0.08 0.0 -0.8746803999999999 1.1891510359409441e-05 1.0102936000000002 0.004962124461149728 1.0 0.0 1.0 0.0 0.0 0.0 1333.072 0.008671794152097744 1777092.0 23.73183515870612 0.08453575999999999 0.0001277680479621596 
0.07 0.0 -0.8847935999999998 1.1414378958916554e-05 1.008327 0.0050038236259889405 1.0 0.0 1.0 0.0 0.0 0.0 1333.886 0.008763562403471892 1779264.0 21.651789764358973 0.08312632 0.0005480834880927419 
0.06 0.0 -0.8948404 3.47102711613288e-06 0.998943 0.003711097304033588 1.0 0.0 1.0 0.0 0.0 0.0 1334.7 0.006324553629848804 1781424.0 18.242806801586205 0.08435032 0.00024545598448557363 
0.05 0.0 -0.9049128 8.769950529993728e-06 1.0077310000000002 0.00678578903296794 1.0 0.0 1.0 0.0 0.0 0.0 1335.5179999999998 0.00954987377309888 1783614.0 24.592681838303037 0.0836226 0.0003131940804033773 
0.04 0.0 -0.9149526 8.506938372942934e-06 1.0049620000000001 0.008049473388982804 1.0 0.0 1.0 0.0 0.0 0.0 1336.3359999999998 0.0072663660850764205 1785796.0 20.119642143934865 0.08368974 0.0004654271660312789 
0.03 0.0 -0.9249708 2.6442445382123393e-06 1.0068814 0.005118554871060568 1.0 0.0 1.0 0.0 0.0 0.0 1337.132 0.0033466389333282253 1787924.0 10.807404868885037 0.08332826000000002 0.00017439917339096808 
0.02 0.0 -0.9350042000000001 1.7977619537986112e-06 0.9907424 0.0021971746330216708 1.0 0.0 1.0 0.0 0.0 0.0 1337.9479999999999 0.005215377315985002 1790108.0 12.457929201917949 0.08343695999999999 0.00029907458013104913 
0.01 0.0 -0.945004 1.7204679639197338e-06 1.004223 0.0072682877983715035 1.0 0.0 1.0 0.0 0.0 0.0 1338.7540000000001 0.004560693538357784 1792266.0 10.430723848324238 0.08381864000000001 0.0002859023981702534 
