0 -0.1 inf 1 1 -nan 1296 1.67962e+06 -inf
0.01 -0.0900055 0.999633 1 1 0 1294.91 1.6768e+06 0.113788
0.02 -0.0799834 1.01911 1 1 0 1293.85 1.67404e+06 0.111744
0.03 -0.0699503 1.0113 1 1 0 1292.77 1.67125e+06 0.112047
0.04 -0.0599045 1.01007 1 1 0 1291.66 1.66839e+06 0.11334
0.05 -0.0498457 0.99321 0.999998 0.999996 4.16167e-05 1290.62 1.66571e+06 0.111371
0.06 -0.0397408 1.04187 0.999975 0.999949 0.00042786 1289.5 1.66282e+06 0.112619
0.07 -0.0295696 1.02839 0.999865 0.99973 0.00197003 1288.37 1.6599e+06 0.112663
0.08 -0.019201 1.05514 0.999515 0.999032 0.00621848 1287.17 1.65682e+06 0.109956
0.09 -0.00847578 1.09313 0.998654 0.997311 0.0150323 1285.84 1.6534e+06 0.114896
0.1 0.0028452 1.17197 0.996998 0.994011 0.0318035 1284.26 1.64935e+06 0.117257
0.11 0.0150627 1.27752 0.994057 0.988161 0.0572629 1282.25 1.64417e+06 0.120879
0.12 0.0285189 1.41724 0.98934 0.978815 0.0996446 1279.68 1.6376e+06 0.129942
0.13 0.0438642 1.633 0.981921 0.964208 0.172959 1276.11 1.62849e+06 0.142812
0.14 0.0619882 1.96377 0.970239 0.94144 0.311611 1270.9 1.61522e+06 0.176204
0.15 0.168587 0.934015 0.000823524 2.11604e-06 0.00552132 466.004 217216 0.806108
0.16 0.177772 0.880423 0.000982639 2.71508e-06 0.00629822 460.546 212162 0.8078
0.17 0.186214 0.798002 0.00108464 3.0498e-06 0.0063474 455.511 207552 0.790743
0.18 0.194234 0.763363 0.00122144 3.65081e-06 0.00690844 450.85 203329 0.783407
0.19 0.20177 0.725649 0.00132691 4.14647e-06 0.00723269 446.625 199541 0.795439
0.2 0.208656 0.674212 0.00141918 4.49806e-06 0.00715387 442.83 196167 0.778461
0.21 0.215247 0.663467 0.00157535 5.2662e-06 0.00763744 439.213 192979 0.769489
0.22 0.221479 0.615092 0.0017171 5.98582e-06 0.00795242 436.088 190247 0.774992
0.23 0.227298 0.579229 0.00184384 6.65916e-06 0.00816274 433.11 187660 0.762827
0.24 0.232936 0.542788 0.00189887 6.92531e-06 0.00796702 429.968 184949 0.744646
0.25 0.238206 0.515857 0.00206033 7.80994e-06 0.00821371 427.479 182817 0.733711
0.26 0.243277 0.496444 0.00215443 8.4444e-06 0.00842477 424.892 180614 0.731856
0.27 0.248272 0.473849 0.00229141 9.22806e-06 0.00848538 422.468 178562 0.726298
0.28 0.252912 0.459997 0.00245217 1.03773e-05 0.00897777 420.313 176749 0.728895
0.29 0.257395 0.435586 0.00257483 1.11997e-05 0.00907695 418.229 175002 0.716684
0.3 0.261293 0.425939 0.00269236 1.20786e-05 0.00927326 416.555 173608 0.716526
0.31 0.265872 0.405131 0.00285703 1.31087e-05 0.00919011 414.581 171969 0.705968
0.32 0.269769 0.386789 0.00299314 1.4248e-05 0.00952041 412.686 170402 0.698387
0.33 0.273524 0.37417 0.00314505 1.53361e-05 0.00950356 411.318 169275 0.681327
0.34 0.277028 0.360613 0.00325243 1.63475e-05 0.00977365 409.767 168006 0.699509
0.35 0.280626 0.339092 0.00334384 1.70948e-05 0.00973205 408.164 166698 0.697329
0.36 0.284151 0.338124 0.00352092 1.86519e-05 0.010008 406.697 165502 0.685832
0.37 0.287547 0.326203 0.00374705 2.06226e-05 0.010247 405.606 164618 0.676732
0.38 0.290559 0.312924 0.00382804 2.16886e-05 0.0106631 404.296 163561 0.687855
0.39 0.29369 0.311905 0.00402708 2.33124e-05 0.0104788 403.23 162704 0.696927
0.4 0.29701 0.301409 0.00413776 2.44567e-05 0.0105633 401.896 161632 0.695287
0.41 0.299771 0.294276 0.00434488 2.67673e-05 0.0110836 401.018 160926 0.674697
0.42 0.302837 0.282947 0.00450885 2.85849e-05 0.0113214 399.991 160107 0.681947
0.43 0.305444 0.283003 0.0046224 2.95823e-05 0.0110053 399.075 159378 0.682514
0.44 0.308133 0.269809 0.00480964 3.1676e-05 0.0111841 398.024 158541 0.670945
0.45 0.311007 0.262639 0.0050408 3.41673e-05 0.0112098 397.157 157852 0.666028
0.46 0.31348 0.260439 0.00517995 3.60645e-05 0.0115609 396.437 157284 0.666293
0.47 0.316471 0.256812 0.00535191 3.82397e-05 0.0117611 395.478 156525 0.657194
0.48 0.318698 0.252754 0.00554097 4.05867e-05 0.0118612 394.815 156005 0.667227
0.49 0.321116 0.247882 0.00578116 4.40461e-05 0.012489 394.259 155574 0.68976
0.5 0.323569 0.238426 0.00596094 4.63973e-05 0.0125159 393.407 154899 0.661834
0.51 0.326008 0.232119 0.00614392 4.88438e-05 0.012532 392.695 154345 0.673217
0.52 0.328324 0.229448 0.00640391 5.23855e-05 0.0126005 392.32 154051 0.664504
0.53 0.330573 0.225022 0.00652856 5.46114e-05 0.0130299 391.824 153660 0.648087
0.54 0.333181 0.222919 0.00682526 5.90786e-05 0.0133273 391.221 153196 0.671808
0.55 0.335019 0.220517 0.00696311 6.12231e-05 0.0133404 390.521 152648 0.65732
0.56 0.337517 0.2162 0.00725408 6.60586e-05 0.0138208 390.184 152387 0.657683
0.57 0.339663 0.214608 0.00746276 6.91176e-05 0.0135661 389.502 151859 0.661099
0.58 0.341327 0.210061 0.00769028 7.30448e-05 0.0138085 389.622 151960 0.685069
0.59 0.343777 0.211848 0.0078862 7.68023e-05 0.0142635 388.924 151417 0.677111
0.6 0.345498 0.209363 0.00806406 8.01474e-05 0.0145136 388.546 151123 0.66764
0.61 0.347915 0.202781 0.00835686 8.53909e-05 0.0146869 387.998 150702 0.673683
0.62 0.349801 0.203464 0.00856606 8.92393e-05 0.0147362 387.745 150505 0.662956
0.63 0.352023 0.200805 0.00891372 9.572e-05 0.0148715 387.642 150429 0.66542
0.64 0.353997 0.201059 0.00905069 9.90916e-05 0.0154588 387.01 149942 0.666739
0.65 0.355797 0.199869 0.00932205 0.000104368 0.0154788 386.903 149862 0.669037
0.66 0.357796 0.194272 0.00954384 0.000108944 0.0155866 386.495 149546 0.65679
0.67 0.359898 0.197599 0.00991476 0.00011679 0.015894 386.64 149663 0.664506
0.68 0.362107 0.191136 0.0101646 0.000122475 0.0162263 386.248 149362 0.665152
0.69 0.363817 0.191112 0.0105009 0.000129871 0.0163644 386.212 149337 0.6645
0.7 0.365684 0.192157 0.0106836 0.000134349 0.0166297 385.794 149020 0.678266
0.71 0.367331 0.193749 0.0110031 0.000141914 0.0169112 385.878 149082 0.65921
0.72 0.370007 0.193257 0.0112799 0.000149126 0.0175113 385.425 148742 0.68203
0.73 0.371593 0.189082 0.0115653 0.000155484 0.0171449 385.501 148798 0.662811
0.74 0.373378 0.186192 0.0119541 0.000165488 0.0175822 385.584 148864 0.663698
0.75 0.375371 0.18993 0.0122265 0.000173335 0.0183152 385.486 148796 0.679432
0.76 0.376886 0.187776 0.012428 0.000178237 0.0180231 385.38 148713 0.664923
0.77 0.378728 0.189269 0.0128367 0.000189691 0.0186338 385.635 148916 0.67781
0.78 0.380886 0.186704 0.013109 0.000197012 0.0185838 385.21 148589 0.673632
0.79 0.382653 0.185437 0.0134742 0.000207888 0.0191999 385.381 148723 0.670905
0.8 0.384615 0.184756 0.013751 0.000215452 0.0189814 385.448 148775 0.665791
0.81 0.38658 0.191328 0.0140995 0.000226345 0.0195912 385.258 148630 0.663618
0.82 0.388437 0.193182 0.0145448 0.000239825 0.0198608 385.499 148820 0.664192
0.83 0.390404 0.1876 0.0148915 0.000250774 0.0201374 385.758 149025 0.674083
0.84 0.392393 0.190336 0.0151661 0.000259811 0.0204352 385.215 148609 0.67579
0.85 0.393917 0.185052 0.0154833 0.000270305 0.0207164 385.738 149016 0.67881
0.86 0.395595 0.187559 0.0157536 0.000279205 0.0207834 385.402 148760 0.679345
0.87 0.397328 0.186337 0.0161802 0.000293728 0.0211391 385.723 149011 0.682474
0.88 0.399801 0.187587 0.0165472 0.000306665 0.0215047 385.666 148974 0.693488
0.89 0.401188 0.189138 0.0169259 0.0003204 0.0219494 386.065 149274 0.665082
0.9 0.403206 0.192222 0.01732 0.000335498 0.0227306 386.49 149611 0.679298
0.91 0.405136 0.19197 0.0177664 0.000351567 0.0227376 386.515 149636 0.687144
0.92 0.40734 0.193816 0.0182155 0.000368338 0.0228745 386.727 149801 0.681953
0.93 0.408708 0.191565 0.0185451 0.000381494 0.0232706 387.179 150153 0.681349
0.94 0.410671 0.193743 0.0189604 0.000397532 0.0233064 387.207 150180 0.6873
0.95 0.412737 0.196901 0.0193287 0.000413017 0.0238994 387.422 150349 0.688342
0.96 0.41449 0.196411 0.0196542 0.0004258 0.0237084 387.413 150343 0.682177
0.97 0.416885 0.200597 0.0201493 0.000446718 0.0241822 387.916 150739 0.691313
0.98 0.418755 0.201402 0.0206785 0.000469944 0.0248886 388.264 151009 0.683108
0.99 0.420649 0.198305 0.0208898 0.000479675 0.0251867 388.123 150908 0.70005
