1 0.47206 0.320894 0.0809701 0.0067571 0.115742 448.539 201595 0.908048
0.99 0.468751 0.322226 0.079966 0.00659425 0.116188 447.887 201004 0.906225
0.98 0.465098 0.319595 0.0788759 0.00641223 0.112159 447.268 200439 0.888584
0.97 0.462115 0.313341 0.0777714 0.00623873 0.11303 446.413 199671 0.890714
0.96 0.459436 0.312278 0.0766728 0.00606622 0.112499 445.329 198695 0.881407
0.95 0.455928 0.317474 0.0757058 0.00591642 0.112196 444.805 198234 0.905951
0.94 0.452239 0.313614 0.0743649 0.00571467 0.113071 443.885 197415 0.913309
0.93 0.449249 0.310641 0.0729533 0.00550201 0.111378 442.38 196076 0.914051
0.92 0.446452 0.309177 0.0718581 0.00533978 0.110317 441.377 195181 0.906751
0.91 0.443477 0.305196 0.070822 0.00518993 0.110241 440.588 194482 0.908322
0.9 0.440736 0.305756 0.0699575 0.00506389 0.108699 440.277 194205 0.910364
0.89 0.437442 0.308393 0.0691064 0.0049449 0.109508 439.462 193488 0.923531
0.88 0.434493 0.301992 0.0680044 0.00478585 0.105541 438.904 192985 0.901945
0.87 0.431427 0.293609 0.0669386 0.00464278 0.107258 438.133 192314 0.927216
0.86 0.428378 0.302501 0.0657788 0.00448451 0.105597 437.357 191619 0.89686
0.85 0.425563 0.298813 0.0645734 0.00432319 0.103992 436.091 190508 0.897661
0.84 0.422717 0.298365 0.0639756 0.00424526 0.10449 435.993 190423 0.909481
0.83 0.419623 0.287801 0.0625481 0.00406054 0.102902 434.41 189039 0.90532
0.82 0.416531 0.288948 0.061782 0.00396012 0.100521 434.655 189242 0.890135
0.81 0.414068 0.284199 0.0607574 0.00383492 0.102018 433.495 188242 0.922352
0.8 0.410803 0.288949 0.0597341 0.00370707 0.100013 432.87 187691 0.909126
0.79 0.407944 0.281505 0.0585815 0.00356575 0.097672 431.972 186909 0.907279
0.78 0.405129 0.286679 0.0577336 0.00347339 0.103547 431.422 186438 0.930441
0.77 0.402311 0.288764 0.0566248 0.00334089 0.100624 430.418 185565 0.921522
0.76 0.39953 0.282695 0.0562398 0.00329595 0.10083 430.82 185910 0.928769
0.75 0.396658 0.281505 0.0548538 0.00313884 0.0997623 429.5 184772 0.937625
0.74 0.394361 0.27898 0.0541817 0.00306198 0.0983291 429.057 184379 0.9109
0.73 0.391124 0.272796 0.0533447 0.0029692 0.0974833 428.816 184169 0.913279
0.72 0.388704 0.273714 0.0525291 0.00288027 0.0967704 428.42 183824 0.908018
0.71 0.385794 0.275114 0.0516604 0.00278841 0.0970363 427.782 183275 0.913182
0.7 0.383372 0.272979 0.051136 0.00273278 0.0970077 427.641 183159 0.942723
0.69 0.380801 0.265429 0.0497604 0.00259183 0.0966112 426.194 181917 0.937663
0.68 0.377599 0.2747 0.0492045 0.00253215 0.0940783 426.541 182205 0.924852
0.67 0.374684 0.267576 0.048351 0.00244514 0.0922592 426.272 181966 0.903137
0.66 0.371919 0.270705 0.047899 0.00240372 0.0954738 426.157 181872 0.931578
0.65 0.369098 0.272413 0.0469495 0.00230841 0.0923017 425.801 181557 0.904891
0.64 0.366441 0.276889 0.0461585 0.00223326 0.0923906 425.338 181163 0.921028
0.63 0.363867 0.273586 0.0454414 0.00216489 0.0914029 425.153 180996 0.898595
0.62 0.360843 0.271339 0.0447326 0.0021014 0.0932705 425.014 180876 0.909097
0.61 0.358505 0.273232 0.0440562 0.00203786 0.0915039 424.714 180619 0.916079
0.6 0.355862 0.278734 0.0434542 0.00198336 0.0912961 424.563 180488 0.918862
0.59 0.352847 0.272426 0.0429179 0.00193655 0.092357 424.739 180637 0.933609
0.58 0.350264 0.2772 0.0424215 0.00189347 0.0932368 424.944 180812 0.952363
0.57 0.347769 0.274313 0.0414525 0.00180726 0.0898902 424.345 180288 0.908323
0.56 0.344967 0.2766 0.0407995 0.00175383 0.0917814 424.036 180031 0.944237
0.55 0.341878 0.282409 0.0402924 0.00171032 0.090951 424.647 180541 0.927314
0.54 0.33879 0.281345 0.0396102 0.00165586 0.0926857 424.571 180479 0.953238
0.53 0.336172 0.282586 0.0394823 0.00164608 0.0948032 425.258 181059 0.953692
0.52 0.333316 0.287277 0.0393339 0.00163254 0.0945829 425.891 181596 0.957932
0.51 0.330657 0.285149 0.0383828 0.00155698 0.0945722 425.36 181137 0.94963
0.5 0.327778 0.287431 0.0380703 0.001531 0.0940632 425.895 181587 0.940824
0.49 0.324887 0.29785 0.0373289 0.00147228 0.0926633 425.993 181665 0.937644
0.48 0.321537 0.3001 0.0371157 0.00145656 0.0947854 426.61 182195 0.974449
0.47 0.318623 0.305304 0.0366726 0.00142288 0.0955953 426.925 182457 0.953043
0.46 0.315805 0.303685 0.0365392 0.00141326 0.0978511 427.544 182985 0.974476
0.45 0.312451 0.318558 0.035924 0.00136977 0.101422 428.183 183531 0.987948
0.44 0.309414 0.317397 0.0356855 0.00135021 0.100481 428.53 183823 0.985198
0.43 0.305925 0.323719 0.0353888 0.00132756 0.100719 429.41 184576 0.993308
0.42 0.302765 0.326572 0.0350256 0.00129841 0.0982234 429.985 185066 0.986548
0.41 0.299237 0.337721 0.0351801 0.00131034 0.10214 431.491 186361 1.00083
0.4 0.295994 0.352022 0.0352411 0.001316 0.106662 432.519 187247 1.01135
0.39 0.292373 0.355028 0.0349776 0.00129851 0.110876 433.522 188119 1.05021
0.38 0.289039 0.364808 0.0347182 0.00127728 0.109016 434.213 188710 1.02266
0.37 0.285144 0.372633 0.0350274 0.00130137 0.115896 436.208 190446 1.04405
0.36 0.281365 0.38366 0.0349923 0.0012991 0.119431 437.245 191350 1.06115
0.35 0.277358 0.397323 0.035031 0.00130224 0.123539 438.658 192583 1.05697
0.34 0.273419 0.414751 0.0347589 0.00128182 0.124749 439.902 193675 1.07778
0.33 0.269128 0.419629 0.0352898 0.00131869 0.127968 442.206 195704 1.08509
0.32 0.265131 0.435744 0.0355613 0.00134107 0.137645 443.762 197086 1.13271
0.31 0.260595 0.448539 0.0358522 0.00136379 0.145698 445.805 198902 1.15732
0.3 0.255959 0.482945 0.0363864 0.00140107 0.148033 448.094 200945 1.16196
0.29 0.250902 0.498232 0.0374535 0.00148621 0.165748 451.083 203637 1.23537
0.28 0.24595 0.518344 0.0387006 0.00158264 0.174651 454.213 206463 1.20585
0.27 0.240522 0.5408 0.0395534 0.00165253 0.18785 457.118 209114 1.27721
0.26 0.235179 0.571876 0.0406639 0.00173956 0.190539 460.246 211978 1.27156
0.25 0.228989 0.616302 0.0424651 0.00189984 0.222453 464.431 215854 1.35896
0.24 0.222988 0.650245 0.0441488 0.00205405 0.251854 468.468 219625 1.4489
0.23 0.216274 0.700761 0.0468909 0.00230673 0.270401 473.668 224527 1.51658
0.22 0.208863 0.74875 0.0505579 0.00267479 0.310751 479.931 230504 1.61465
0.21 0.200922 0.814752 0.0542578 0.00308693 0.392275 486.585 236953 1.83104
0.2 0.192106 0.928422 0.0605723 0.00383022 0.464298 495.433 245654 2.01137
0.19 0.182772 1.08199 0.0669375 0.00469295 0.643663 504.49 254746 2.46699
0.18 0.170105 1.43387 0.0813481 0.0069327 1.0086 521.195 271958 3.35243
0.17 -0.459131 1.22386 0.996493 0.993006 0.0215161 1238.19 1.53313e+06 0.139901
0.16 -0.470925 1.15271 0.997748 0.995505 0.0142809 1239.89 1.53736e+06 0.139144
0.15 -0.482227 1.0985 0.998639 0.997282 0.0090344 1241.44 1.5412e+06 0.136513
0.14 -0.493214 1.08341 0.999225 0.998452 0.00558297 1243.07 1.54524e+06 0.135468
0.13 -0.503936 1.06255 0.999598 0.999197 0.00309233 1244.57 1.54898e+06 0.136614
0.12 -0.514499 1.05506 0.999816 0.999632 0.0015718 1245.94 1.55238e+06 0.134102
0.11 -0.524789 1.03576 0.999925 0.99985 0.000686228 1247.25 1.55566e+06 0.136853
0.1 -0.535099 1.01176 0.999974 0.999947 0.000260719 1248.62 1.55906e+06 0.134197
0.09 -0.545291 1.01106 0.999993 0.999986 8.06943e-05 1249.97 1.56243e+06 0.135366
0.08 -0.555453 1.02122 0.999999 0.999998 1.19292e-05 1251.27 1.56569e+06 0.137749
0.07 -0.565566 1.01294 1 0.999999 3.71968e-06 1252.61 1.56905e+06 0.134236
0.06 -0.575744 1.02444 1 1 1.44669e-06 1253.9 1.57227e+06 0.132473
0.05 -0.585811 1.0067 1 1 0 1255.19 1.5755e+06 0.13417
0.04 -0.595881 1.00715 1 1 0 1256.49 1.57876e+06 0.133025
0.03 -0.605937 1.00139 1 1 0 1257.8 1.58207e+06 0.135243
0.02 -0.615985 0.992377 1 1 0 1259.06 1.58524e+06 0.133207
0.01 -0.625998 0.989667 1 1 0 1260.38 1.58856e+06 0.131327
