50 -0.3293 1 112832000 0 0
51 -0.3279 1 112832000 0 0
52 -0.3265 1 112832000 0 0
53 -0.3251 1 112832000 0 0
54 -0.3237 1 112832000 0 0
55 -0.3223 1 112832000 0 0
56 -0.3209 1 112832000 0 0
57 -0.3195 1 112832000 0 0
58 -0.3181 1 112832000 0 0
59 -0.3167 1 112832000 0 0
60 -0.3153 1 112832000 0 0
61 -0.3139 1 112832000 0 0
62 -0.3125 1 112832000 0 0
63 -0.3111 1 112832000 0 0
64 -0.3097 1 112832000 0 0
65 -0.3083 1 112832000 0 0
66 -0.3069 1 112832000 0 0
67 -0.3055 1 112832000 0 0
68 -0.3041 1 112832000 0 0
69 -0.3027 1 112832000 0 0
70 -0.3013 1 112832000 0 0
71 -0.2999 1 112832000 0 0
72 -0.2985 1 112832000 0 0
73 -0.2971 1 112832000 0 0
74 -0.2957 1 112832000 0 0
75 -0.2943 1 112832000 0 0
76 -0.2929 1 112832000 0 0
77 -0.2915 1 112832000 0 0
78 -0.2901 1 112832000 0 0
79 -0.2887 1 112832000 0 0
80 -0.2873 1 112832000 0 0
81 -0.2859 1 112832000 0 0
82 -0.2845 1 112832000 0 0
83 -0.2831 1 112832000 0 0
84 -0.2817 1 112832000 0 0
85 -0.2803 1 112832000 0 0
86 -0.2789 1 112832000 0 0
87 -0.2775 1 112832000 0 0
88 -0.2761 1 112832000 0 0
89 -0.2747 1 112832000 0 0
90 -0.2733 1 112832000 0 0
91 -0.2719 1 112832000 0 0
92 -0.2705 1 112832000 0 0
93 -0.2691 1 112832000 0 0
94 -0.2677 1 112832000 0 0
95 -0.2663 1 112832000 0 0
96 -0.2649 1 112832000 0 0
97 -0.2635 1 112832000 0 0
98 -0.2621 1 112832000 0 0
99 -0.2607 1 112832000 0 0
100 -0.2593 1 112832000 0 0
101 -0.2579 1 112832000 0 0
102 -0.2565 1 112832000 0 0
103 -0.2551 1 112832000 0 0
104 -0.2537 1 112832000 0 0
105 -0.2523 1 112832000 0 0
106 -0.2509 1 112832000 0 0
107 -0.2495 1 112832000 0 0
108 -0.2481 1 112832000 0 0
109 -0.2467 1 112832000 0 0
110 -0.2453 1 112832000 0 0
111 -0.2439 1 112832000 0 0
112 -0.2425 1 112832000 0 0
113 -0.2411 1 112832000 0 0
114 -0.2397 1 112832000 0 0
115 -0.2383 1 112832000 0 0
116 -0.2369 1 112832000 0 0
117 -0.2355 1 112832000 0 0
118 -0.2341 1 112832000 0 0
119 -0.2327 1 112832000 0 0
120 -0.2313 1 112832000 0 0
121 -0.2299 1 112832000 0 0
122 -0.2285 1 112832000 0 0
123 -0.2271 1 112832000 0 0
124 -0.2257 1 112832000 0 0
125 -0.2243 1 112832000 0 0
126 -0.2229 1 112832000 0 0
127 -0.2215 1 112832000 0 0
128 -0.2201 1 112832000 0 0
129 -0.2187 1 112832000 0 0
130 -0.2173 1 112832000 0 0
131 -0.2159 1 112832000 0 0
132 -0.2145 1 112832000 0 0
133 -0.2131 1 112832000 0 0
134 -0.2117 1 112832000 0 0
135 -0.2103 1 112832000 0 0
136 -0.2089 1 112832000 0 0
137 -0.2075 1 112832000 0 0
138 -0.2061 1 112832000 0 0
139 -0.2047 1 112832000 0 0
140 -0.2033 1 112832000 0 0
141 -0.2019 1 112832000 0 0
142 -0.2005 1 112832000 0 0
143 -0.1991 1 112832000 0 0
144 -0.1977 1 112832000 0 0
145 -0.1963 1 112832000 0 0
146 -0.1949 1 112832000 0 0
147 -0.1935 1 112832000 0 0
148 -0.1921 1 112832000 0 0
149 -0.1907 1 112832000 0 0
150 -0.1893 1 112832000 0 0
151 -0.1879 1 112832000 0 0
152 -0.1865 1 112832000 0 0
153 -0.1851 1 112832000 0 0
154 -0.1837 1 112832000 0 0
155 -0.1823 1 112832000 0 0
156 -0.1809 1 112832000 0 0
157 -0.1795 1 112832000 0 0
158 -0.1781 1 112832000 0 0
159 -0.1767 1 112832000 0 0
160 -0.1753 1 112832000 0 0
161 -0.1739 1 112832000 0 0
162 -0.1725 1 112832000 0 0
163 -0.1711 1 112832000 0 0
164 -0.1697 1 112832000 0 0
165 -0.1683 1 112832000 0 0
166 -0.1669 1 112832000 0 0
167 -0.1655 1 112832000 0 0
168 -0.1641 1 112832000 0 0
169 -0.1627 1 112832000 0 0
170 -0.1613 1 112832000 0 0
171 -0.1599 1 112832000 0 0
172 -0.1585 1 112832000 0 0
173 -0.1571 1 112832000 0 0
174 -0.1557 1 112832000 0 0
175 -0.1543 1 112832000 0 0
176 -0.1529 1 112832000 0 0
177 -0.1515 1 112832000 0 0
178 -0.1501 1 112832000 0 0
179 -0.1487 1 112832000 0 0
180 -0.1473 1 112832000 0 0
181 -0.1459 1 112832000 0 0
182 -0.1445 1 112832000 0 0
183 -0.1431 1 112832000 0 0
184 -0.1417 1 112832000 0 0
185 -0.1403 1 112832000 0 0
186 -0.1389 1 112832000 0 0
187 -0.1375 1 112832000 0 0
188 -0.1361 1 112832000 0 0
189 -0.1347 1 112832000 0 0
190 -0.1333 1 112832000 0 0
191 -0.1319 1 112832000 0 0
192 -0.1305 1 112832000 0 0
193 -0.1291 1 112832000 0 0
194 -0.1277 1 112832000 0 0
195 -0.1263 1 112832000 0 0
196 -0.1249 1 112832000 0 0
197 -0.1235 1 112832000 0 0
198 -0.1221 1 112832000 0 0
199 -0.1207 1 112832000 0 0
200 -0.1193 1 112832000 0 0
201 -0.1179 1 112832000 0 0
202 -0.1165 1 112832000 0 0
203 -0.1151 1 112832000 0 0
204 -0.1137 1 112832000 0 0
205 -0.1123 1 112832000 0 0
206 -0.1109 1 112832000 0 0
207 -0.1095 1 112832000 0 0
208 -0.1081 1 112832000 0 0
209 -0.1067 1 112832000 0 0
210 -0.1053 1 112832000 0 0
211 -0.1039 1 112832000 0 0
212 -0.1025 1 112832000 0 0
213 -0.1011 1 112832000 0 0
214 -0.0997 1 112832000 0 0
215 -0.0983 1 112832000 0 0
216 -0.0969 1 112832000 0 0
217 -0.0955 1 112832000 0 0
218 -0.0941 1 112832000 0 0
219 -0.0927 1 112832000 0 0
220 -0.0913 1 112832000 0 0
221 -0.0899 1 112832000 0 0
222 -0.0885 1 112832000 0 0
223 -0.0871 1 112832000 0 0
224 -0.0857 1 112832000 0 0
225 -0.0843 1 112832000 0 0
226 -0.0829 1 112832000 0 0
227 -0.0815 1 112832000 0 0
228 -0.0801 1 112832000 0 0
229 -0.0787 1 112832000 0 0
230 -0.0773 1 112832000 0 0
231 -0.0759 1 112832000 0 0
232 -0.0745 1 112832000 0 0
233 -0.0731 1 112832000 0 0
234 -0.0717 1 112832000 0 0
235 -0.0703 1 112832000 0 0
236 -0.0689 1 112832000 0 0
237 -0.0675 1 112832000 0 0
238 -0.0661 1 112832000 0 0
239 -0.0647 1 112832000 0 0
240 -0.0633 1 112832000 0 0
241 -0.0619 1 112832000 0 0
242 -0.0605 1 112832000 0 0
243 -0.0591 1 112832000 0 0
244 -0.0577 1 112832000 0 0
245 -0.0563 1 112832000 0 0
246 -0.0549 1 112832000 0 0
247 -0.0535 1 112832000 0 0
248 -0.0521 1 112832000 0 0
249 -0.0507 1 112832000 0 0
250 -0.0493 1 112832000 0 0
251 -0.0479 1 112832000 0 0
252 -0.0465 1 112832000 0 0
253 -0.0451 1 112832000 0 0
254 -0.0437 1 112832000 0 0
255 -0.0423 1 112832000 0 0
256 -0.0409 1 112832000 0 0
257 -0.0395 1 112832000 0 0
258 -0.0381 1 112832000 0 0
259 -0.0367 1 112832000 0 0
260 -0.0353 1 112832000 0 0
261 -0.0339 1 112832000 0 0
262 -0.0325 1 112832000 0 0
263 -0.0311 1 112832000 0 0
264 -0.0297 1 112832000 0 0
265 -0.0283 1 112832000 0 0
266 -0.0269 1 112832000 0 0
267 -0.0255 1 112832000 0 0
268 -0.0241 1 112832000 0 0
269 -0.0227 1 112832000 0 0
270 -0.0213 1 112832000 0 0
271 -0.0199 1 112832000 0 0
272 -0.0185 1 112832000 0 0
273 -0.0171 1 112832000 0 0
274 -0.0157 1 112832000 0 0
275 -0.0143 1 112832000 0 0
276 -0.0129 1 112832000 0 0
277 -0.0115 1 112832000 0 0
278 -0.0101 1 112832000 0 0
279 -0.0087 1 112832000 0 0
280 -0.0073 1 112832000 0 0
281 -0.0059 1 112832000 0 0
282 -0.0045 1 112832000 0 0
283 -0.0031 1 112832000 0 0
284 -0.0017 1 112832000 0 0
285 -0.0003 1 112832000 0 0
286 0.0011 1 112832000 0 0
287 0.0025 1 112832000 0 0
288 0.0039 1 112832000 0 0
289 0.0053 1 112832000 0 0
290 0.0067 1 112832000 0 0
291 0.0081 1 112832000 0 0
292 0.0095 1 112832000 0 0
293 0.0109 1 112832000 0 0
294 0.0123 1 112832000 0 0
295 0.0137 1 112832000 0 0
296 0.0151 1 112832000 0 0
297 0.0165 1 112832000 0 0
298 0.0179 1 112832000 0 0
299 0.0193 1 112832000 0 0
300 0.0207 1 112832000 0 0
301 0.0221 1 112832000 0 0
302 0.0235 1 112832000 0 0
303 0.0249 1 112832000 0 0
304 0.0263 1 112832000 0 0
305 0.0277 1 112832000 0 0
306 0.0291 1 112832000 0 0
307 0.0305 1 112832000 0 0
308 0.0319 1 112832000 0 0
309 0.0333 1 112832000 0 0
310 0.0347 1 112832000 0 0
311 0.0361 1 112832000 0 0
312 0.0375 1 112832000 0 0
313 0.0389 1 112832000 0 0
314 0.0403 1 112832000 0 0
315 0.0417 1 112832000 0 0
316 0.0431 1 112832000 0 0
317 0.0445 1 112832000 0 0
318 0.0459 1 112832000 1649953475 1.64995e+09
319 0.0473 1 112832000 1733393539 1.73339e+09
320 0.0487 1 112832000 1892679706 1.89268e+09
321 0.0501 1 112832000 1968121460 1.96812e+09
322 0.0515 1 112832000 2077941596 2.07794e+09
323 0.0529 1 112832000 2094506646 2.09451e+09
324 0.0543 1 112832000 2115969036 2.11597e+09
325 0.0557 1 112832000 2117922411 2.11792e+09
326 0.0571 1 112832000 2131955128 2.13196e+09
327 0.0585 1 112832000 -2144918577 2.15005e+09
328 0.0599 1 112832000 -2091039599 2.20393e+09
329 0.0613 1 112832000 -2085416070 2.20955e+09
330 0.0627 1 112832000 -2084100149 2.21087e+09
331 0.0641 1 112832000 -2080217574 2.21475e+09
332 0.0655 1 112832000 -2078312376 2.21665e+09
333 0.0669 1 112832000 -2072899330 2.22207e+09
334 0.0683 1 112832000 -2070924213 2.22404e+09
335 0.0697 1 112832000 -2069734095 2.22523e+09
336 0.0711 1 112832000 -2067794732 2.22717e+09
337 0.0725 1 112832000 -2064939212 2.23003e+09
338 0.0739 1 112832000 -2060535846 2.23443e+09
339 0.0753 1 112832000 -2060326557 2.23464e+09
340 0.0767 1 112832000 -2058128424 2.23684e+09
341 0.0781 1 112832000 -2057195321 2.23777e+09
342 0.0795 1 112832000 -2056391242 2.23858e+09
343 0.0809 1 112832000 -2056048040 2.23892e+09
344 0.0823 1 112832000 -2056044994 2.23892e+09
345 0.0837 1 112832000 -2055931953 2.23904e+09
346 0.0851 1 112832000 -2055563250 2.2394e+09
347 0.0865 1 112832000 -2055271904 2.2397e+09
348 0.0879 1 112832000 -2055209345 2.23976e+09
349 0.0893 1 112832000 -2054783175 2.24018e+09
350 0.0907 1 112832000 -2054610184 2.24036e+09
351 0.0921 1 112832000 -2054311054 2.24066e+09
352 0.0935 1 112832000 -2054245319 2.24072e+09
353 0.0949 1 112832000 -2053962819 2.241e+09
354 0.0963 1 112832000 -2053650257 2.24132e+09
355 0.0977 1 112832000 -2053598977 2.24137e+09
356 0.0991 1 112832000 -2053528962 2.24144e+09
357 0.1005 1 112832000 -2053288046 2.24168e+09
358 0.1019 1 112832000 -2053178085 2.24179e+09
359 0.1033 1 112832000 -2053153040 2.24181e+09
360 0.1047 1 112832000 -2053134365 2.24183e+09
361 0.1061 1 112832000 -2053084001 2.24188e+09
362 0.1075 1 112832000 -2053047019 2.24192e+09
363 0.1089 1 112832000 -2053041082 2.24193e+09
364 0.1103 1 112832000 -2052889746 2.24208e+09
365 0.1117 1 112832000 -2052861604 2.24211e+09
366 0.1131 1 112832000 -2052851525 2.24212e+09
367 0.1145 1 112832000 -2052828872 2.24214e+09
368 0.1159 1 112832000 -2052795485 2.24217e+09
369 0.1173 1 112832000 -2052794133 2.24217e+09
370 0.1187 1 112832000 -2052759661 2.24221e+09
371 0.1201 1 112832000 -2052716365 2.24225e+09
372 0.1215 1 112832000 -2052707005 2.24226e+09
373 0.1229 1 112832000 -2052700491 2.24227e+09
374 0.1243 1 112832000 -2052689425 2.24228e+09
375 0.1257 1 112832000 -2052666610 2.2423e+09
376 0.1271 1 112832000 -2052657194 2.24231e+09
377 0.1285 1 112832000 -2052642709 2.24232e+09
378 0.1299 1 112832000 -2052635041 2.24233e+09
379 0.1313 1 112832000 -2052576471 2.24239e+09
380 0.1327 1 112832000 -2052574130 2.24239e+09
381 0.1341 1 112832000 -2052561120 2.24241e+09
382 0.1355 1 112832000 -2052556576 2.24241e+09
383 0.1369 1 112832000 -2052538470 2.24243e+09
384 0.1383 1 112832000 -2052529329 2.24244e+09
385 0.1397 1 112832000 -2052527029 2.24244e+09
386 0.1411 1 112832000 -2052526327 2.24244e+09
387 0.1425 1 112832000 -2052515893 2.24245e+09
388 0.1439 1 112832000 -2052509695 2.24246e+09
389 0.1453 1 112832000 -2052490181 2.24248e+09
390 0.1467 1 112832000 -2052484274 2.24248e+09
391 0.1481 1 112832000 -2052469533 2.2425e+09
392 0.1495 1 112832000 -2052462670 2.2425e+09
393 0.1509 1 112832000 -2052458602 2.24251e+09
394 0.1523 1 112832000 -2052447655 2.24252e+09
395 0.1537 1 112832000 -2052445032 2.24252e+09
396 0.1551 1 112832000 -2052443815 2.24252e+09
397 0.1565 1 112832000 -2052434173 2.24253e+09
398 0.1579 1 112832000 -2052408029 2.24256e+09
399 0.1593 1 112832000 -2052388281 2.24258e+09
400 0.1607 1 112832000 -2052384488 2.24258e+09
401 0.1621 1 112832000 -2052381804 2.24259e+09
402 0.1635 1 112832000 -2052380855 2.24259e+09
403 0.1649 1 112832000 -2052374208 2.24259e+09
404 0.1663 1 112832000 -2052367603 2.2426e+09
405 0.1677 1 112832000 -2052361183 2.24261e+09
406 0.1691 1 112832000 -2052342241 2.24263e+09
407 0.1705 1 112832000 -2052340645 2.24263e+09
408 0.1719 1 112832000 -2052331596 2.24264e+09
409 0.1733 1 112832000 -2052329388 2.24264e+09
410 0.1747 1 112832000 -2052327032 2.24264e+09
411 0.1761 1 112832000 -2052326607 2.24264e+09
412 0.1775 1 112832000 -2052320856 2.24265e+09
413 0.1789 1 112832000 -2052319664 2.24265e+09
414 0.1803 1 112832000 -2052318355 2.24265e+09
415 0.1817 1 112832000 -2052311543 2.24266e+09
416 0.1831 1 112832000 -2052303445 2.24266e+09
417 0.1845 1 112832000 -2052303317 2.24266e+09
418 0.1859 1 112832000 -2052302412 2.24266e+09
419 0.1873 1 112832000 -2052301110 2.24267e+09
420 0.1887 1 112832000 -2052300172 2.24267e+09
421 0.1901 1 112832000 -2052294345 2.24267e+09
422 0.1915 1 112832000 -2052283041 2.24268e+09
423 0.1929 1 112832000 -2052279472 2.24269e+09
424 0.1943 1 112832000 -2052273674 2.24269e+09
425 0.1957 1 112832000 -2052273286 2.24269e+09
426 0.1971 1 112832000 -2052272136 2.2427e+09
427 0.1985 1 112832000 -2052266261 2.2427e+09
428 0.1999 1 112832000 -2052266101 2.2427e+09
429 0.2013 1 112832000 -2052263851 2.2427e+09
430 0.2027 1 112832000 -2052262691 2.2427e+09
431 0.2041 1 112832000 -2052260765 2.24271e+09
432 0.2055 1 112832000 -2052260174 2.24271e+09
433 0.2069 1 112832000 -2052256959 2.24271e+09
434 0.2083 1 112832000 -2052256700 2.24271e+09
435 0.2097 1 112832000 -2052254722 2.24271e+09
436 0.2111 1 112832000 -2052254042 2.24271e+09
437 0.2125 1 112832000 -2052253430 2.24271e+09
438 0.2139 1 112832000 -2052252862 2.24271e+09
439 0.2153 1 112832000 -2052252266 2.24272e+09
440 0.2167 1 112832000 -2052251957 2.24272e+09
441 0.2181 1 112832000 -2052251812 2.24272e+09
442 0.2195 1 112832000 -2052249851 2.24272e+09
443 0.2209 1 112832000 -2052249020 2.24272e+09
444 0.2223 1 112832000 -2052248765 2.24272e+09
445 0.2237 1 112832000 -2052247454 2.24272e+09
446 0.2251 1 112832000 -2052247394 2.24272e+09
447 0.2265 1 112832000 -2052246164 2.24272e+09
448 0.2279 1 112832000 -2052245443 2.24272e+09
449 0.2293 1 112832000 -2052244663 2.24272e+09
450 0.2307 1 112832000 -2052244501 2.24272e+09
451 0.2321 1 112832000 -2052244189 2.24272e+09
452 0.2335 1 112832000 -2052243480 2.24272e+09
453 0.2349 1 112832000 -2052242153 2.24273e+09
454 0.2363 1 112832000 -2052242059 2.24273e+09
455 0.2377 1 112832000 -2052241763 2.24273e+09
456 0.2391 1 112832000 -2052240434 2.24273e+09
457 0.2405 1 112832000 -2052239773 2.24273e+09
458 0.2419 1 112832000 -2052238056 2.24273e+09
459 0.2433 1 112832000 -2052236577 2.24273e+09
460 0.2447 1 112832000 -2052234668 2.24273e+09
461 0.2461 1 112832000 -2052234613 2.24273e+09
462 0.2475 1 112832000 -2052234384 2.24273e+09
463 0.2489 1 112832000 -2052234405 2.24273e+09
464 0.2503 1 112832000 -2052234286 2.24273e+09
465 0.2517 1 112832000 -2052234248 2.24273e+09
466 0.2531 1 112832000 -2052232877 2.24273e+09
467 0.2545 1 112832000 -2052232486 2.24273e+09
468 0.2559 1 112832000 -2052232455 2.24273e+09
469 0.2573 1 112832000 -2052231801 2.24274e+09
470 0.2587 1 112832000 -2052231354 2.24274e+09
471 0.2601 1 112832000 -2052230127 2.24274e+09
472 0.2615 1 112832000 -2052230013 2.24274e+09
473 0.2629 1 112832000 -2052229992 2.24274e+09
474 0.2643 1 112832000 -2052229945 2.24274e+09
475 0.2657 1 112832000 -2052229466 2.24274e+09
476 0.2671 1 112832000 -2052229371 2.24274e+09
477 0.2685 1 112832000 -2052228902 2.24274e+09
478 0.2699 1 112832000 -2052228785 2.24274e+09
479 0.2713 1 112832000 -2052228238 2.24274e+09
480 0.2727 1 112832000 -2052227716 2.24274e+09
481 0.2741 1 112832000 -2052227115 2.24274e+09
482 0.2755 1 112832000 -2052226991 2.24274e+09
483 0.2769 1 112832000 -2052226802 2.24274e+09
484 0.2783 1 112832000 -2052226633 2.24274e+09
485 0.2797 1 112832000 -2052226437 2.24274e+09
486 0.2811 1 112832000 -2052226430 2.24274e+09
487 0.2825 1 112832000 -2052225535 2.24274e+09
488 0.2839 1 112832000 -2052225433 2.24274e+09
489 0.2853 1 112832000 -2052225200 2.24274e+09
490 0.2867 1 112832000 -2052224626 2.24274e+09
491 0.2881 1 112832000 -2052224401 2.24274e+09
492 0.2895 1 112832000 -2052223757 2.24274e+09
493 0.2909 1 112832000 -2052223676 2.24274e+09
494 0.2923 1 112832000 -2052223540 2.24274e+09
495 0.2937 1 112832000 -2052223234 2.24274e+09
496 0.2951 1 112832000 -2052223145 2.24274e+09
497 0.2965 1 112832000 -2052223185 2.24274e+09
498 0.2979 1 112832000 -2052222973 2.24274e+09
499 0.2993 1 112832000 -2052222769 2.24274e+09
500 0.3007 1 112832000 -2052222702 2.24274e+09
501 0.3021 1 112832000 -2052222476 2.24274e+09
502 0.3035 1 112832000 -2052222145 2.24275e+09
503 0.3049 1 112832000 -2052222117 2.24275e+09
504 0.3063 1 112832000 -2052221842 2.24275e+09
505 0.3077 1 112832000 -2052221213 2.24275e+09
506 0.3091 1 112832000 -2052221032 2.24275e+09
507 0.3105 1 112832000 -2052221022 2.24275e+09
508 0.3119 1 112832000 -2052220989 2.24275e+09
509 0.3133 1 112832000 -2052220737 2.24275e+09
510 0.3147 1 112832000 -2052220668 2.24275e+09
511 0.3161 1 112832000 -2052220636 2.24275e+09
512 0.3175 1 112832000 -2052220463 2.24275e+09
513 0.3189 1 112832000 -2052220326 2.24275e+09
514 0.3203 1 112832000 -2052220310 2.24275e+09
515 0.3217 1 112832000 -2052220358 2.24275e+09
516 0.3231 1 112832000 -2052220144 2.24275e+09
517 0.3245 1 112832000 -2052220123 2.24275e+09
518 0.3259 1 112832000 -2052220204 2.24275e+09
519 0.3273 1 112832000 -2052220327 2.24275e+09
520 0.3287 1 112832000 -2052220201 2.24275e+09
521 0.3301 1 112832000 -2052219957 2.24275e+09
522 0.3315 1 112832000 -2052219537 2.24275e+09
523 0.3329 1 112832000 -2052219279 2.24275e+09
524 0.3343 1 112832000 -2052219221 2.24275e+09
525 0.3357 1 112832000 -2052219139 2.24275e+09
526 0.3371 1 112832000 -2052218724 2.24275e+09
527 0.3385 1 112832000 -2052218715 2.24275e+09
528 0.3399 1 112832000 -2052218806 2.24275e+09
529 0.3413 1 112832000 -2052218583 2.24275e+09
530 0.3427 1 112832000 -2052218448 2.24275e+09
531 0.3441 1 112832000 -2052218320 2.24275e+09
532 0.3455 1 112832000 -2052218173 2.24275e+09
533 0.3469 1 112832000 -2052217715 2.24275e+09
534 0.3483 1 112832000 -2052217459 2.24275e+09
535 0.3497 1 112832000 -2052217447 2.24275e+09
536 0.3511 1 112832000 -2052217435 2.24275e+09
537 0.3525 1 112832000 -2052217446 2.24275e+09
538 0.3539 1 112832000 -2052217470 2.24275e+09
539 0.3553 1 112832000 -2052217273 2.24275e+09
540 0.3567 1 112832000 -2052217280 2.24275e+09
541 0.3581 1 112832000 -2052217379 2.24275e+09
542 0.3595 1 112832000 -2052217355 2.24275e+09
543 0.3609 1 112832000 -2052217383 2.24275e+09
544 0.3623 1 112832000 -2052217382 2.24275e+09
545 0.3637 1 112832000 -2052217335 2.24275e+09
546 0.3651 1 112832000 -2052217273 2.24275e+09
547 0.3665 1 112832000 -2052217096 2.24275e+09
548 0.3679 1 112832000 -2052217133 2.24275e+09
549 0.3693 1 112832000 -2052217063 2.24275e+09
550 0.3707 1 112832000 -2052217031 2.24275e+09
551 0.3721 1 112832000 -2052217269 2.24275e+09
552 0.3735 1 112832000 -2052217244 2.24275e+09
553 0.3749 1 112832000 -2052217200 2.24275e+09
554 0.3763 1 112832000 -2052217118 2.24275e+09
555 0.3777 1 112832000 -2052216978 2.24275e+09
556 0.3791 1 112832000 -2052217046 2.24275e+09
557 0.3805 1 112832000 -2052217098 2.24275e+09
558 0.3819 1 112832000 -2052216939 2.24275e+09
559 0.3833 1 112832000 -2052216718 2.24275e+09
560 0.3847 1 112832000 -2052216703 2.24275e+09
561 0.3861 1 112832000 -2052216304 2.24275e+09
562 0.3875 1 112832000 -2052216319 2.24275e+09
563 0.3889 1 112832000 -2052216122 2.24275e+09
564 0.3903 1 112832000 -2052216092 2.24275e+09
565 0.3917 1 112832000 -2052216121 2.24275e+09
566 0.3931 1 112832000 -2052215864 2.24275e+09
567 0.3945 1 112832000 -2052215725 2.24275e+09
568 0.3959 1 112832000 -2052215647 2.24275e+09
569 0.3973 1 112832000 -2052215572 2.24275e+09
570 0.3987 1 112832000 -2052215413 2.24275e+09
571 0.4001 1 112832000 -2052215340 2.24275e+09
572 0.4015 1 112832000 -2052215252 2.24275e+09
573 0.4029 1 112832000 -2052215244 2.24275e+09
574 0.4043 1 112832000 -2052215279 2.24275e+09
575 0.4057 1 112832000 -2052215251 2.24275e+09
576 0.4071 1 112832000 -2052215397 2.24275e+09
577 0.4085 1 112832000 -2052215192 2.24275e+09
578 0.4099 1 112832000 -2052215127 2.24275e+09
579 0.4113 1 112832000 -2052215312 2.24275e+09
580 0.4127 1 112832000 -2052215153 2.24275e+09
581 0.4141 1 112832000 -2052215057 2.24275e+09
582 0.4155 1 112832000 -2052215008 2.24275e+09
583 0.4169 1 112832000 -2052215036 2.24275e+09
584 0.4183 1 112832000 -2052215006 2.24275e+09
585 0.4197 1 112832000 -2052214634 2.24275e+09
586 0.4211 1 112832000 -2052214509 2.24275e+09
587 0.4225 1 112832000 -2052214458 2.24275e+09
588 0.4239 1 112832000 -2052214438 2.24275e+09
589 0.4253 1 112832000 -2052214432 2.24275e+09
590 0.4267 1 112832000 -2052214518 2.24275e+09
591 0.4281 1 112832000 -2052214540 2.24275e+09
592 0.4295 1 112832000 -2052214457 2.24275e+09
593 0.4309 1 112832000 -2052214070 2.24275e+09
594 0.4323 1 112832000 -2052213911 2.24275e+09
595 0.4337 1 112832000 -2052213807 2.24275e+09
596 0.4351 1 112832000 -2052213729 2.24275e+09
597 0.4365 1 112832000 -2052213745 2.24275e+09
598 0.4379 1 112832000 -2052213795 2.24275e+09
599 0.4393 1 112832000 -2052213794 2.24275e+09
600 0.4407 1 112832000 -2052213536 2.24275e+09
601 0.4421 1 112832000 -2052213540 2.24275e+09
602 0.4435 1 112832000 -2052213420 2.24275e+09
603 0.4449 1 112832000 -2052213347 2.24275e+09
604 0.4463 1 112832000 -2052213272 2.24275e+09
605 0.4477 1 112832000 -2052213271 2.24275e+09
606 0.4491 1 112832000 -2052213268 2.24275e+09
607 0.4505 1 112832000 -2052213242 2.24275e+09
608 0.4519 1 112832000 -2052213221 2.24275e+09
609 0.4533 1 112832000 -2052213221 2.24275e+09
610 0.4547 1 112832000 -2052213178 2.24275e+09
611 0.4561 1 112832000 -2052213331 2.24275e+09
612 0.4575 1 112832000 -2052213279 2.24275e+09
613 0.4589 1 112832000 -2052213394 2.24275e+09
614 0.4603 1 112832000 -2052213418 2.24275e+09
615 0.4617 1 112832000 -2052213273 2.24275e+09
616 0.4631 1 112832000 -2052213223 2.24275e+09
617 0.4645 1 112832000 -2052213210 2.24275e+09
618 0.4659 1 112832000 -2052213054 2.24275e+09
619 0.4673 1 112832000 -2052213038 2.24275e+09
620 0.4687 1 112832000 -2052212998 2.24275e+09
621 0.4701 1 112832000 -2052212939 2.24275e+09
622 0.4715 1 112832000 -2052212816 2.24275e+09
623 0.4729 1 112832000 -2052212746 2.24275e+09
624 0.4743 1 112832000 -2052212747 2.24275e+09
625 0.4757 1 112832000 -2052212709 2.24275e+09
626 0.4771 1 112832000 -2052212651 2.24275e+09
627 0.4785 1 112832000 -2052212615 2.24275e+09
628 0.4799 1 112832000 -2052212530 2.24275e+09
629 0.4813 1 112832000 -2052212591 2.24275e+09
630 0.4827 1 112832000 -2052212530 2.24275e+09
631 0.4841 1 112832000 -2052212550 2.24275e+09
632 0.4855 1 112832000 -2052212654 2.24275e+09
633 0.4869 1 112832000 -2052212682 2.24275e+09
634 0.4883 1 112832000 -2052212543 2.24275e+09
635 0.4897 1 112832000 -2052212378 2.24275e+09
636 0.4911 1 112832000 -2052212412 2.24275e+09
637 0.4925 1 112832000 -2052212389 2.24275e+09
638 0.4939 1 112832000 -2052212459 2.24275e+09
639 0.4953 1 112832000 -2052212462 2.24275e+09
640 0.4967 1 112832000 -2052212514 2.24275e+09
641 0.4981 1 112832000 -2052212563 2.24275e+09
642 0.4995 1 112832000 -2052212589 2.24275e+09
643 0.5009 1 112832000 -2052212542 2.24275e+09
644 0.5023 1 112832000 -2052212418 2.24275e+09
645 0.5037 1 112832000 -2052212401 2.24275e+09
646 0.5051 1 112832000 -2052212403 2.24275e+09
647 0.5065 1 112832000 -2052212349 2.24275e+09
648 0.5079 1 112832000 -2052212337 2.24275e+09
649 0.5093 1 112832000 -2052212319 2.24275e+09
650 0.5107 1 112832000 -2052212194 2.24276e+09
651 0.5121 1 112832000 -2052212222 2.24276e+09
652 0.5135 1 112832000 -2052212210 2.24276e+09
653 0.5149 1 112832000 -2052212060 2.24276e+09
654 0.5163 1 112832000 -2052212060 2.24276e+09
655 0.5177 1 112832000 -2052212028 2.24276e+09
656 0.5191 1 112832000 -2052211985 2.24276e+09
657 0.5205 1 112832000 -2052211674 2.24276e+09
658 0.5219 1 112832000 -2052211686 2.24276e+09
659 0.5233 1 112832000 -2052211679 2.24276e+09
660 0.5247 1 112832000 -2052211604 2.24276e+09
661 0.5261 1 112832000 -2052211602 2.24276e+09
662 0.5275 1 112832000 -2052211717 2.24276e+09
663 0.5289 1 112832000 -2052211746 2.24276e+09
664 0.5303 1 112832000 -2052211761 2.24276e+09
665 0.5317 1 112832000 -2052211747 2.24276e+09
666 0.5331 1 112832000 -2052211743 2.24276e+09
667 0.5345 1 112832000 -2052211758 2.24276e+09
668 0.5359 1 112832000 -2052211773 2.24276e+09
669 0.5373 1 112832000 -2052211715 2.24276e+09
670 0.5387 1 112832000 -2052211690 2.24276e+09
671 0.5401 1 112832000 -2052211690 2.24276e+09
672 0.5415 1 112832000 -2052211700 2.24276e+09
673 0.5429 1 112832000 -2052211758 2.24276e+09
674 0.5443 1 112832000 -2052211756 2.24276e+09
675 0.5457 1 112832000 -2052211569 2.24276e+09
676 0.5471 1 112832000 -2052211547 2.24276e+09
677 0.5485 1 112832000 -2052211359 2.24276e+09
678 0.5499 1 112832000 -2052211367 2.24276e+09
679 0.5513 1 112832000 -2052211324 2.24276e+09
680 0.5527 1 112832000 -2052211378 2.24276e+09
681 0.5541 1 112832000 -2052211261 2.24276e+09
682 0.5555 1 112832000 -2052211205 2.24276e+09
683 0.5569 1 112832000 -2052211258 2.24276e+09
684 0.5583 1 112832000 -2052211334 2.24276e+09
685 0.5597 1 112832000 -2052211272 2.24276e+09
686 0.5611 1 112832000 -2052211286 2.24276e+09
687 0.5625 1 112832000 -2052211277 2.24276e+09
688 0.5639 1 112832000 -2052211241 2.24276e+09
689 0.5653 1 112832000 -2052211224 2.24276e+09
690 0.5667 1 112832000 -2052211159 2.24276e+09
691 0.5681 1 112832000 -2052211170 2.24276e+09
692 0.5695 1 112832000 -2052211175 2.24276e+09
693 0.5709 1 112832000 -2052211192 2.24276e+09
694 0.5723 1 112832000 -2052211262 2.24276e+09
695 0.5737 1 112832000 -2052211258 2.24276e+09
696 0.5751 1 112832000 -2052211239 2.24276e+09
697 0.5765 1 112832000 -2052211133 2.24276e+09
698 0.5779 1 112832000 -2052211133 2.24276e+09
699 0.5793 1 112832000 -2052211166 2.24276e+09
700 0.5807 1 112832000 -2052211250 2.24276e+09
701 0.5821 1 112832000 -2052211219 2.24276e+09
702 0.5835 1 112832000 -2052211226 2.24276e+09
703 0.5849 1 112832000 -2052211115 2.24276e+09
704 0.5863 1 112832000 -2052211104 2.24276e+09
705 0.5877 1 112832000 -2052211044 2.24276e+09
706 0.5891 1 112832000 -2052210899 2.24276e+09
707 0.5905 1 112832000 -2052210890 2.24276e+09
708 0.5919 1 112832000 -2052210786 2.24276e+09
709 0.5933 1 112832000 -2052210771 2.24276e+09
710 0.5947 1 112832000 -2052210698 2.24276e+09
711 0.5961 1 112832000 -2052210657 2.24276e+09
712 0.5975 1 112832000 -2052210617 2.24276e+09
713 0.5989 1 112832000 -2052210623 2.24276e+09
714 0.6003 1 112832000 -2052210564 2.24276e+09
715 0.6017 1 112832000 -2052210552 2.24276e+09
716 0.6031 1 112832000 -2052210598 2.24276e+09
717 0.6045 1 112832000 -2052210668 2.24276e+09
718 0.6059 1 112832000 -2052210668 2.24276e+09
719 0.6073 1 112832000 -2052210625 2.24276e+09
720 0.6087 1 112832000 -2052210612 2.24276e+09
721 0.6101 1 112832000 -2052210612 2.24276e+09
722 0.6115 1 112832000 -2052210636 2.24276e+09
723 0.6129 1 112832000 -2052210591 2.24276e+09
724 0.6143 1 112832000 -2052210591 2.24276e+09
725 0.6157 1 112832000 -2052210622 2.24276e+09
726 0.6171 1 112832000 -2052210616 2.24276e+09
727 0.6185 1 112832000 -2052210589 2.24276e+09
728 0.6199 1 112832000 -2052210444 2.24276e+09
729 0.6213 1 112832000 -2052210425 2.24276e+09
730 0.6227 1 112832000 -2052210444 2.24276e+09
731 0.6241 1 112832000 -2052210409 2.24276e+09
732 0.6255 1 112832000 -2052210441 2.24276e+09
733 0.6269 1 112832000 -2052210429 2.24276e+09
734 0.6283 1 112832000 -2052210513 2.24276e+09
735 0.6297 1 112832000 -2052210531 2.24276e+09
736 0.6311 1 112832000 -2052210453 2.24276e+09
737 0.6325 1 112832000 -2052210485 2.24276e+09
738 0.6339 1 112832000 -2052210481 2.24276e+09
739 0.6353 1 112832000 -2052210508 2.24276e+09
740 0.6367 1 112832000 -2052210521 2.24276e+09
741 0.6381 1 112832000 -2052210491 2.24276e+09
742 0.6395 1 112832000 -2052210371 2.24276e+09
743 0.6409 1 112832000 -2052210375 2.24276e+09
744 0.6423 1 112832000 -2052210354 2.24276e+09
745 0.6437 1 112832000 -2052210311 2.24276e+09
746 0.6451 1 112832000 -2052210296 2.24276e+09
747 0.6465 1 112832000 -2052210285 2.24276e+09
748 0.6479 1 112832000 -2052210271 2.24276e+09
749 0.6493 1 112832000 -2052210263 2.24276e+09
750 0.6507 1 112832000 -2052210214 2.24276e+09
751 0.6521 1 112832000 -2052210143 2.24276e+09
752 0.6535 1 112832000 -2052210167 2.24276e+09
753 0.6549 1 112832000 -2052210081 2.24276e+09
754 0.6563 1 112832000 -2052210096 2.24276e+09
755 0.6577 1 112832000 -2052210054 2.24276e+09
756 0.6591 1 112832000 -2052210040 2.24276e+09
757 0.6605 1 112832000 -2052210028 2.24276e+09
758 0.6619 1 112832000 -2052210047 2.24276e+09
759 0.6633 1 112832000 -2052209952 2.24276e+09
760 0.6647 1 112832000 -2052209874 2.24276e+09
761 0.6661 1 112832000 -2052209883 2.24276e+09
762 0.6675 1 112832000 -2052209868 2.24276e+09
763 0.6689 1 112832000 -2052209842 2.24276e+09
764 0.6703 1 112832000 -2052209882 2.24276e+09
765 0.6717 1 112832000 -2052209875 2.24276e+09
766 0.6731 1 112832000 -2052209886 2.24276e+09
767 0.6745 1 112832000 -2052209890 2.24276e+09
768 0.6759 1 112832000 -2052209869 2.24276e+09
769 0.6773 1 112832000 -2052209902 2.24276e+09
770 0.6787 1 112832000 -2052209930 2.24276e+09
771 0.6801 1 112832000 -2052209905 2.24276e+09
772 0.6815 1 112832000 -2052209781 2.24276e+09
773 0.6829 1 112832000 -2052209766 2.24276e+09
774 0.6843 1 112832000 -2052209719 2.24276e+09
775 0.6857 1 112832000 -2052209700 2.24276e+09
776 0.6871 1 112832000 -2052209651 2.24276e+09
777 0.6885 1 112832000 -2052209633 2.24276e+09
778 0.6899 1 112832000 -2052209639 2.24276e+09
779 0.6913 1 112832000 -2052209611 2.24276e+09
780 0.6927 1 112832000 -2052209607 2.24276e+09
781 0.6941 1 112832000 -2052209625 2.24276e+09
782 0.6955 1 112832000 -2052209676 2.24276e+09
783 0.6969 1 112832000 -2052209648 2.24276e+09
784 0.6983 1 112832000 -2052209652 2.24276e+09
785 0.6997 1 112832000 -2052209698 2.24276e+09
786 0.7011 1 112832000 -2052209681 2.24276e+09
787 0.7025 1 112832000 -2052209650 2.24276e+09
788 0.7039 1 112832000 -2052209623 2.24276e+09
789 0.7053 1 112832000 -2052209615 2.24276e+09
790 0.7067 1 112832000 -2052209619 2.24276e+09
791 0.7081 1 112832000 -2052209588 2.24276e+09
792 0.7095 1 112832000 -2052209571 2.24276e+09
793 0.7109 1 112832000 -2052209568 2.24276e+09
794 0.7123 1 112832000 -2052209569 2.24276e+09
795 0.7137 1 112832000 -2052209569 2.24276e+09
796 0.7151 1 112832000 -2052209565 2.24276e+09
797 0.7165 1 112832000 -2052209579 2.24276e+09
798 0.7179 1 112832000 -2052209562 2.24276e+09
799 0.7193 1 112832000 -2052209558 2.24276e+09
800 0.7207 1 112832000 -2052209555 2.24276e+09
801 0.7221 1 112832000 -2052209592 2.24276e+09
802 0.7235 1 112832000 -2052209595 2.24276e+09
803 0.7249 1 112832000 -2052209569 2.24276e+09
804 0.7263 1 112832000 -2052209529 2.24276e+09
805 0.7277 1 112832000 -2052209443 2.24276e+09
806 0.7291 1 112832000 -2052209437 2.24276e+09
807 0.7305 1 112832000 -2052209458 2.24276e+09
808 0.7319 1 112832000 -2052209485 2.24276e+09
809 0.7333 1 112832000 -2052209420 2.24276e+09
810 0.7347 1 112832000 -2052209417 2.24276e+09
811 0.7361 1 112832000 -2052209331 2.24276e+09
812 0.7375 1 112832000 -2052209337 2.24276e+09
813 0.7389 1 112832000 -2052209364 2.24276e+09
814 0.7403 1 112832000 -2052209423 2.24276e+09
815 0.7417 1 112832000 -2052209381 2.24276e+09
816 0.7431 1 112832000 -2052209405 2.24276e+09
817 0.7445 1 112832000 -2052209400 2.24276e+09
818 0.7459 1 112832000 -2052209355 2.24276e+09
819 0.7473 1 112832000 -2052209353 2.24276e+09
820 0.7487 1 112832000 -2052209358 2.24276e+09
821 0.7501 1 112832000 -2052209375 2.24276e+09
822 0.7515 1 112832000 -2052209361 2.24276e+09
823 0.7529 1 112832000 -2052209352 2.24276e+09
824 0.7543 1 112832000 -2052209342 2.24276e+09
825 0.7557 1 112832000 -2052209300 2.24276e+09
826 0.7571 1 112832000 -2052209299 2.24276e+09
827 0.7585 1 112832000 -2052209366 2.24276e+09
828 0.7599 1 112832000 -2052209369 2.24276e+09
829 0.7613 1 112832000 -2052209347 2.24276e+09
830 0.7627 1 112832000 -2052209363 2.24276e+09
831 0.7641 1 112832000 -2052209317 2.24276e+09
832 0.7655 1 112832000 -2052209318 2.24276e+09
833 0.7669 1 112832000 -2052209306 2.24276e+09
834 0.7683 1 112832000 -2052209285 2.24276e+09
835 0.7697 1 112832000 -2052209259 2.24276e+09
836 0.7711 1 112832000 -2052209242 2.24276e+09
837 0.7725 1 112832000 -2052209267 2.24276e+09
838 0.7739 1 112832000 -2052209291 2.24276e+09
839 0.7753 1 112832000 -2052209275 2.24276e+09
840 0.7767 1 112832000 -2052209269 2.24276e+09
841 0.7781 1 112832000 -2052209294 2.24276e+09
842 0.7795 1 112832000 -2052209277 2.24276e+09
843 0.7809 1 112832000 -2052209308 2.24276e+09
844 0.7823 1 112832000 -2052209349 2.24276e+09
845 0.7837 1 112832000 -2052209316 2.24276e+09
846 0.7851 1 112832000 -2052209310 2.24276e+09
847 0.7865 1 112832000 -2052209220 2.24276e+09
848 0.7879 1 112832000 -2052209224 2.24276e+09
849 0.7893 1 112832000 -2052209162 2.24276e+09
850 0.7907 1 112832000 -2052209144 2.24276e+09
851 0.7921 1 112832000 -2052209153 2.24276e+09
852 0.7935 1 112832000 -2052209158 2.24276e+09
853 0.7949 1 112832000 -2052209135 2.24276e+09
854 0.7963 1 112832000 -2052209131 2.24276e+09
855 0.7977 1 112832000 -2052209119 2.24276e+09
856 0.7991 1 112832000 -2052209137 2.24276e+09
857 0.8005 1 112832000 -2052209077 2.24276e+09
858 0.8019 1 112832000 -2052209101 2.24276e+09
859 0.8033 1 112832000 -2052209059 2.24276e+09
860 0.8047 1 112832000 -2052209039 2.24276e+09
861 0.8061 1 112832000 -2052209028 2.24276e+09
862 0.8075 1 112832000 -2052209097 2.24276e+09
863 0.8089 1 112832000 -2052209052 2.24276e+09
864 0.8103 1 112832000 -2052209039 2.24276e+09
865 0.8117 1 112832000 -2052209017 2.24276e+09
866 0.8131 1 112832000 -2052209038 2.24276e+09
867 0.8145 1 112832000 -2052209000 2.24276e+09
868 0.8159 1 112832000 -2052208982 2.24276e+09
869 0.8173 1 112832000 -2052208935 2.24276e+09
870 0.8187 1 112832000 -2052208922 2.24276e+09
871 0.8201 1 112832000 -2052208940 2.24276e+09
872 0.8215 1 112832000 -2052208950 2.24276e+09
873 0.8229 1 112832000 -2052208966 2.24276e+09
874 0.8243 1 112832000 -2052209054 2.24276e+09
875 0.8257 1 112832000 -2052209078 2.24276e+09
876 0.8271 1 112832000 -2052209095 2.24276e+09
877 0.8285 1 112832000 -2052209104 2.24276e+09
878 0.8299 1 112832000 -2052209011 2.24276e+09
879 0.8313 1 112832000 -2052208988 2.24276e+09
880 0.8327 1 112832000 -2052208943 2.24276e+09
881 0.8341 1 112832000 -2052208937 2.24276e+09
882 0.8355 1 112832000 -2052208946 2.24276e+09
883 0.8369 1 112832000 -2052208930 2.24276e+09
884 0.8383 1 112832000 -2052208932 2.24276e+09
885 0.8397 1 112832000 -2052208898 2.24276e+09
886 0.8411 1 112832000 -2052209023 2.24276e+09
887 0.8425 1 112832000 -2052209028 2.24276e+09
888 0.8439 1 112832000 -2052209028 2.24276e+09
889 0.8453 1 112832000 -2052209019 2.24276e+09
890 0.8467 1 112832000 -2052209026 2.24276e+09
891 0.8481 1 112832000 -2052209016 2.24276e+09
892 0.8495 1 112832000 -2052209020 2.24276e+09
893 0.8509 1 112832000 -2052209001 2.24276e+09
894 0.8523 1 112832000 -2052208982 2.24276e+09
895 0.8537 1 112832000 -2052208983 2.24276e+09
896 0.8551 1 112832000 -2052208966 2.24276e+09
897 0.8565 1 112832000 -2052208997 2.24276e+09
898 0.8579 1 112832000 -2052208995 2.24276e+09
899 0.8593 1 112832000 -2052208981 2.24276e+09
900 0.8607 1 112832000 -2052208943 2.24276e+09
901 0.8621 1 112832000 -2052208888 2.24276e+09
902 0.8635 1 112832000 -2052208861 2.24276e+09
903 0.8649 1 112832000 -2052208878 2.24276e+09
904 0.8663 1 112832000 -2052208871 2.24276e+09
905 0.8677 1 112832000 -2052208838 2.24276e+09
906 0.8691 1 112832000 -2052208837 2.24276e+09
907 0.8705 1 112832000 -2052208884 2.24276e+09
908 0.8719 1 112832000 -2052208993 2.24276e+09
909 0.8733 1 112832000 -2052208988 2.24276e+09
910 0.8747 1 112832000 -2052208982 2.24276e+09
911 0.8761 1 112832000 -2052209002 2.24276e+09
912 0.8775 1 112832000 -2052209024 2.24276e+09
913 0.8789 1 112832000 -2052208981 2.24276e+09
914 0.8803 1 112832000 -2052208982 2.24276e+09
915 0.8817 1 112832000 -2052209014 2.24276e+09
916 0.8831 1 112832000 -2052208999 2.24276e+09
917 0.8845 1 112832000 -2052209000 2.24276e+09
918 0.8859 1 112832000 -2052208929 2.24276e+09
919 0.8873 1 112832000 -2052208979 2.24276e+09
920 0.8887 1 112832000 -2052208959 2.24276e+09
921 0.8901 1 112832000 -2052208913 2.24276e+09
922 0.8915 1 112832000 -2052208884 2.24276e+09
923 0.8929 1 112832000 -2052208865 2.24276e+09
924 0.8943 1 112832000 -2052208885 2.24276e+09
925 0.8957 1 112832000 -2052208859 2.24276e+09
926 0.8971 1 112832000 -2052208836 2.24276e+09
927 0.8985 1 112832000 -2052208870 2.24276e+09
928 0.8999 1 112832000 -2052208904 2.24276e+09
929 0.9013 1 112832000 -2052208895 2.24276e+09
930 0.9027 1 112832000 -2052208912 2.24276e+09
931 0.9041 1 112832000 -2052208804 2.24276e+09
932 0.9055 1 112832000 -2052208658 2.24276e+09
933 0.9069 1 112832000 -2052208655 2.24276e+09
934 0.9083 1 112832000 -2052208654 2.24276e+09
935 0.9097 1 112832000 -2052208670 2.24276e+09
936 0.9111 1 112832000 -2052208633 2.24276e+09
937 0.9125 1 112832000 -2052208636 2.24276e+09
938 0.9139 1 112832000 -2052208650 2.24276e+09
939 0.9153 1 112832000 -2052208629 2.24276e+09
940 0.9167 1 112832000 -2052208594 2.24276e+09
941 0.9181 1 112832000 -2052208627 2.24276e+09
942 0.9195 1 112832000 -2052208681 2.24276e+09
943 0.9209 1 112832000 -2052208699 2.24276e+09
944 0.9223 1 112832000 -2052208692 2.24276e+09
945 0.9237 1 112832000 -2052208690 2.24276e+09
946 0.9251 1 112832000 -2052208674 2.24276e+09
947 0.9265 1 112832000 -2052208635 2.24276e+09
948 0.9279 1 112832000 -2052208633 2.24276e+09
949 0.9293 1 112832000 -2052208597 2.24276e+09
950 0.9307 1 112832000 -2052208601 2.24276e+09
951 0.9321 1 112832000 -2052208607 2.24276e+09
952 0.9335 1 112832000 -2052208613 2.24276e+09
953 0.9349 1 112832000 -2052208638 2.24276e+09
954 0.9363 1 112832000 -2052208613 2.24276e+09
955 0.9377 1 112832000 -2052208638 2.24276e+09
956 0.9391 1 112832000 -2052208591 2.24276e+09
957 0.9405 1 112832000 -2052208575 2.24276e+09
958 0.9419 1 112832000 -2052208553 2.24276e+09
959 0.9433 1 112832000 -2052208562 2.24276e+09
960 0.9447 1 112832000 -2052208561 2.24276e+09
961 0.9461 1 112832000 -2052208596 2.24276e+09
962 0.9475 1 112832000 -2052208600 2.24276e+09
963 0.9489 1 112832000 -2052208613 2.24276e+09
964 0.9503 1 112832000 -2052208593 2.24276e+09
965 0.9517 1 112832000 -2052208591 2.24276e+09
966 0.9531 1 112832000 -2052208611 2.24276e+09
967 0.9545 1 112832000 -2052208521 2.24276e+09
968 0.9559 1 112832000 -2052208521 2.24276e+09
969 0.9573 1 112832000 -2052208523 2.24276e+09
970 0.9587 1 112832000 -2052208520 2.24276e+09
971 0.9601 1 112832000 -2052208520 2.24276e+09
972 0.9615 1 112832000 -2052208532 2.24276e+09
973 0.9629 1 112832000 -2052208553 2.24276e+09
974 0.9643 1 112832000 -2052208534 2.24276e+09
975 0.9657 1 112832000 -2052208516 2.24276e+09
976 0.9671 1 112832000 -2052208484 2.24276e+09
977 0.9685 1 112832000 -2052208473 2.24276e+09
978 0.9699 1 112832000 -2052208479 2.24276e+09
979 0.9713 1 112832000 -2052208492 2.24276e+09
980 0.9727 1 112832000 -2052208507 2.24276e+09
981 0.9741 1 112832000 -2052208434 2.24276e+09
982 0.9755 1 112832000 -2052208436 2.24276e+09
983 0.9769 1 112832000 -2052208437 2.24276e+09
984 0.9783 1 112832000 -2052208422 2.24276e+09
985 0.9797 1 112832000 -2052208421 2.24276e+09
986 0.9811 1 112832000 -2052208342 2.24276e+09
987 0.9825 1 112832000 -2052208342 2.24276e+09
988 0.9839 1 112832000 -2052208327 2.24276e+09
989 0.9853 1 112832000 -2052208333 2.24276e+09
990 0.9867 1 112832000 -2052208325 2.24276e+09
991 0.9881 1 112832000 -2052208298 2.24276e+09
992 0.9895 1 112832000 -2052208312 2.24276e+09
993 0.9909 1 112832000 -2052208308 2.24276e+09
994 0.9923 1 112832000 -2052208312 2.24276e+09
995 0.9937 1 112832000 -2052208343 2.24276e+09
996 0.9951 1 112832000 -2052208333 2.24276e+09
997 0.9965 1 112832000 -2052208326 2.24276e+09
998 0.9979 1 112832000 -2052208343 2.24276e+09
999 0.9993 1 112832000 -2052208338 2.24276e+09
