0 508 -152.195 1213.98
1 507 -126.559 1199.42
2 493 -111.878 1193.59
3 504 -135.031 1205.65
4 503 -142.204 1207.52
5 502 -139.538 1209.97
6 510 -166.358 1222.36
7 516 -156.73 1218.33
8 509 -151.07 1203.17
9 511 -161.671 1207.97
10 507 -165.555 1199.66
11 503 -137.638 1200.41
12 506 -145.927 1196.94
13 499 -145.484 1218.97
14 514 -157.465 1218.84
15 514 -156.552 1199.34
16 512 -139.692 1216.59
17 505 -155.893 1197.4
18 503 -148.918 1191.71
19 510 -153.719 1207
20 501 -147.244 1207.03
21 510 -145.902 1197.85
22 503 -152.424 1201.68
23 499 -147.936 1198.36
24 499 -134.955 1190.37
25 490 -133.087 1192.2
26 485 -113.686 1176.18
27 482 -102.333 1178.46
28 489 -124.702 1190.37
29 495 -147.072 1184.07
30 497 -145.92 1194.78
31 489 -118.476 1185.5
32 494 -135.239 1196.27
33 494 -133.056 1183.37
34 481 -122.088 1185.34
35 482 -133.186 1170.52
36 480 -125.6 1189.26
37 500 -137.242 1194.2
38 493 -113.449 1181.39
39 479 -109.815 1175.84
40 479 -102.011 1163.78
41 472 -93.4918 1170.69
42 474 -102.583 1162.68
43 478 -94.1767 1176.06
44 476 -98.6842 1164.32
45 458 -82.7292 1147.52
46 456 -74.8648 1136.28
47 444 -88.7825 1133.32
48 448 -81.1234 1135.36
49 457 -92.6007 1138.03
50 446 -82.5259 1147.55
51 458 -76.5794 1166.5
52 461 -100.109 1152.02
53 461 -84.4195 1144.8
54 462 -96.3039 1157.19
55 447 -84.2221 1150.75
56 458 -80.5998 1150.01
57 462 -101.099 1165.24
58 474 -103.473 1161.07
59 469 -102.619 1149.64
60 466 -98.1228 1162.21
61 467 -94.6021 1176.26
62 475 -98.3206 1163.58
63 464 -90.578 1166.26
64 464 -95.6001 1162.36
65 466 -111.304 1172.37
66 489 -130.517 1182.31
67 486 -123.624 1173.5
68 464 -97.5424 1166
69 473 -94.0023 1165.56
70 470 -89.8279 1145.42
71 452 -80.7776 1139.05
72 451 -72.499 1139.56
73 453 -76.2865 1169.82
74 466 -112.014 1158.09
75 470 -103.389 1146.66
76 439 -79.8397 1139.02
77 455 -80.5739 1150.34
78 467 -84.6017 1156.95
79 456 -89.1877 1159.68
80 467 -95.8355 1157.94
81 468 -102.505 1155.74
82 453 -88.149 1143.57
83 456 -77.7508 1157.82
84 460 -78.331 1139.32
85 448 -78.0622 1147.57
86 465 -89.0044 1158.21
87 469 -91.4535 1168.74
88 458 -83.4508 1142.95
89 453 -90.8397 1151.34
90 455 -86.2305 1157.39
91 470 -85.084 1146.62
92 459 -84.4399 1150.41
93 452 -86.9319 1155.96
94 463 -93.0175 1144.45
95 450 -78.0476 1139.37
96 439 -70.9603 1125.88
97 442 -81.8699 1127.12
98 435 -62.5827 1122.98
99 426 -47.888 1114.45
100 417 -45.3961 1117.1
101 422 -63.192 1108.65
102 427 -60.2548 1112.1
103 427 -69.9327 1110.31
104 427 -59.5953 1123.28
105 422 -47.5189 1110.78
106 420 -37.2738 1100.62
107 414 -43.3074 1109.4
108 426 -41.0567 1119.89
109 436 -53.2846 1115.29
110 426 -59.302 1105.21
111 414 -44.2564 1100.53
112 421 -52.7169 1103.06
113 398 -33.8688 1084.92
114 409 -51.9735 1109.39
115 439 -64.4723 1102.12
116 419 -42.493 1098.23
117 410 -56.742 1088.36
118 416 -49.5101 1091.95
119 420 -58.4477 1093.2
120 403 -43.4667 1099.38
121 419 -41.6893 1090.96
122 401 -32.091 1087
123 406 -44.2743 1084.79
124 400 -36.0753 1072.96
125 387 -23.4711 1053.2
126 384 -26.4296 1062.26
127 390 -18.6103 1070.11
128 379 -7.18054 1050.29
129 374 -2.74734 1041.05
130 363 -5.95067 1036.07
131 353 13.7235 1011.73
132 337 16.9678 1007.26
133 338 34.4007 997.615
134 324 33.5178 980.794
135 324 34.0849 978.668
136 327 20.7745 963.582
137 309 41.6436 951.422
138 308 55.2943 932.855
139 277 63.9375 895.624
140 269 86.2352 897.468
141 255 57.9592 874.981
142 256 81.5053 887.953
143 243 77.4776 874.161
144 242 80.0248 865.542
145 226 104.256 826.196
146 203 96.3972 805.012
147 190 127.713 777.401
148 174 126.553 734.321
149 154 127.748 710.696
150 135 131.142 674.205
151 115 138.767 627.152
152 102 118.325 609.182
153 101 141.077 598.111
154 79 139.856 561.391
155 66 143.723 538.359
156 68 145.331 548.119
157 65 152.882 531.587
158 63 151.589 511.011
159 47 146.907 499.728
160 40 146.987 483.634
161 40 150.665 487.867
162 36 155.294 473.678
163 36 156.052 473.646
164 28 156.697 465.577
165 28 160.905 464.864
166 23 161.365 442.815
167 15 155.62 435.405
168 13 156.817 438.339
169 16 153.86 430.019
170 16 153.135 450.474
171 15 154.998 440.548
172 14 160.034 439.079
173 18 160.156 443.579
174 21 161.372 429.567
175 19 155.149 436.73
176 16 146.592 433.778
177 18 156.047 436.629
178 17 156.668 418.885
179 14 164.808 436.043
180 20 165.433 424.566
181 17 162.405 421.002
182 14 169.057 424.632
183 15 168.352 434.326
184 17 164.249 435.563
185 16 175.962 432.416
186 20 173.072 413.889
187 12 159.821 433.007
188 15 160.379 418.172
189 17 158.536 417.333
190 18 154.157 448.339
191 22 168.22 440.933
192 21 168.322 438.575
193 21 163.13 427.909
194 23 153.585 441.086
195 22 161.419 440.463
196 21 166.572 425.929
197 17 165.491 447.797
198 18 160.858 437.44
199 15 157.694 431.724
200 10 166.122 419.93
201 10 162.739 423.435
202 12 155.809 442.713
203 15 159.072 414.056
204 13 164.021 403.129
205 14 161.993 428.127
206 17 154.8 424.898
207 18 154.398 455.641
208 19 157.958 423.003
209 22 157.333 432.572
210 19 156.51 433.661
211 20 155.083 439.527
212 19 154.175 436.885
213 18 162.776 428.72
214 17 166.822 449.303
215 18 159.368 423.79
216 15 161.509 422.954
217 18 155.439 430.164
218 18 156.976 437.356
219 19 164.597 446.225
220 16 165.431 443.263
221 16 165.358 432.213
222 17 166.254 424.983
223 12 168.448 424.406
224 12 161.414 423.564
225 10 156.44 421.114
226 14 158.97 416.778
227 8 160.922 422.679
228 4 164.611 423.451
229 10 164.515 420.625
230 10 160.511 407.966
231 6 172.457 410.546
232 8 167.912 410.518
233 15 168.651 422.209
234 14 169.032 422.225
235 11 167.624 407.318
236 13 158.308 430.52
237 15 164.262 418.558
238 17 160.118 425.767
239 11 162.948 430.769
240 16 169.785 419.04
241 11 168.974 415.665
242 14 171.191 404.342
243 14 168.09 414.646
244 8 165.75 406.664
245 15 167.797 424.326
246 15 165.151 411.642
247 13 164.2 418.386
248 15 176.9 419.448
249 16 164.578 425.208
250 17 157.296 435.871
251 21 159.564 447.803
252 19 162.536 449.884
253 24 156.066 445.993
254 23 157.68 456.179
255 18 161.637 462.029
256 18 161.753 442.471
257 20 163.474 431.388
258 16 158.458 427.645
259 17 160.813 422.965
260 16 166.744 435.742
261 15 166.991 423.05
262 13 165.123 438.247
263 11 165.066 425.016
264 10 166.559 408.303
265 9 167.718 416.377
266 12 170.476 416.362
267 9 162.419 417.718
268 15 159.358 420.806
269 15 161.427 432.372
270 15 167.384 434.655
271 15 170.754 437.429
272 11 159.266 418.16
273 9 157.022 422.702
274 11 157.677 427.058
275 13 160.492 434.802
276 11 158.968 414.908
277 11 162.875 411.726
278 13 161.768 409.162
279 10 155.152 424.04
280 12 156.127 431.831
281 8 159.402 429.92
282 12 163.781 423.891
283 15 162.086 439.44
284 14 159.279 442.015
285 9 157.669 443.613
286 15 154.361 435.997
287 16 150.326 433.557
288 16 154.859 446.623
289 15 166.108 432.026
290 11 170.191 425.891
291 11 164.425 422.968
292 12 149.779 426.53
293 12 155.328 426.954
294 14 151.46 452.108
295 17 150.744 457.995
296 16 148.033 436.249
297 21 150.394 454.814
298 24 161.523 443.545
299 24 158.939 458.345
300 24 166.689 447.123
301 24 166.674 443.533
302 20 168.357 437.543
303 18 160.035 429.174
304 18 160.263 446.517
305 18 155.71 434.514
306 16 160.506 431.68
307 18 159.822 436.085
308 16 152.735 435.705
309 15 153.975 433.054
310 14 151.788 440.723
311 24 158.78 437.361
312 23 150.248 455.792
313 20 167.469 435.165
314 12 153.708 430.859
315 13 163.581 429.67
316 10 154.271 432.64
317 15 167.673 439.392
318 15 158.56 443.263
319 18 169.516 426.645
320 15 162.539 425.921
321 14 166.057 434.401
322 20 164.464 434.728
323 19 174.751 421.115
324 18 165.069 422.597
325 16 165.17 438.5
326 24 169.769 459.245
327 28 156.391 456.962
328 28 158.845 452.118
329 30 163.568 458.891
330 25 160.503 449.144
331 20 166.622 444.506
332 23 174.735 444.111
333 14 158.233 418.518
334 14 163.845 430.508
335 12 162.432 421.82
336 14 161.185 422.473
337 13 163.132 421.454
338 11 163.97 416.527
339 12 158.896 415.005
340 12 160.523 441.045
341 17 158.064 434.995
342 17 163.598 433.566
343 17 158.317 430.729
344 18 153.364 441.833
345 18 152.682 439.148
346 14 161.646 441.151
347 14 157.376 434.073
348 16 167.977 418.088
349 15 160.364 426.024
350 15 163.799 439.105
351 21 170.554 426.628
352 18 168.486 429.795
353 21 161.265 452.166
354 19 174.528 441.352
355 13 161.151 431.577
356 17 158.036 431.565
357 16 165.507 432.65
358 19 168.804 441.897
359 14 170.223 421.974
360 14 164.611 408.37
361 11 165.556 430.335
362 15 166.947 443.031
363 19 165.142 432.889
364 20 166.225 428.434
365 13 161.511 417.571
366 14 157.225 417.758
367 14 161.233 417.154
368 17 164.289 437.156
369 19 167.098 445.044
370 22 157.299 444.813
371 21 162.112 442.155
372 21 163.114 446.107
373 21 159.611 437.351
374 19 160.202 435.766
375 19 166.955 436.238
376 19 160.025 441.837
377 18 175.162 421.925
378 9 166.484 413.266
379 9 163.356 415.884
380 12 162.691 423.945
381 16 167.669 450.297
382 24 168.699 436.263
383 17 160.658 439.672
384 20 154.834 432.683
385 18 160.998 433.676
386 15 158.529 423.681
387 14 169.089 414.772
388 10 175.147 418.852
389 11 168.563 414.642
390 12 171.355 415.21
391 12 173.31 436.32
392 14 173.673 423.065
393 14 168.706 410.612
394 13 173.9 423.349
395 16 173.375 416.483
396 17 165.761 428.036
397 17 167.295 423.864
398 15 168.004 434.605
399 18 170.979 427.006
400 15 165.203 436.083
401 17 156.883 439.998
402 14 159.797 430.852
403 18 158.516 443.374
404 16 161.918 429.893
405 13 158.024 418.374
406 16 155.556 425.887
407 15 152.736 430.069
408 20 154.751 446.829
409 14 159.661 426.339
410 12 158.577 431.408
411 15 162.344 432.162
412 21 164.186 440.443
413 18 167.788 417.133
414 15 163.486 405.065
415 8 155.642 429.787
416 16 160.285 423.126
417 12 161.683 424.368
418 14 159.829 412.778
419 14 161.227 443.921
420 20 167.921 432.595
421 17 151.157 434.863
422 19 161.874 443.242
423 21 158.409 441.462
424 20 156.994 447.056
425 23 161.669 450.515
426 19 159.557 432.734
427 18 163.355 434.844
428 23 165.953 434.16
429 23 172.445 437.209
430 21 159.662 435.876
431 21 161.686 438.359
432 23 151.269 461.909
433 26 160.107 432.852
434 23 156.527 447.924
435 22 155.696 446.482
436 21 156.757 434.396
437 18 150.945 450.788
438 22 151.898 452.499
439 24 148.704 456.492
440 25 162.106 449.979
441 23 164.677 442.958
442 20 160.117 456.775
443 27 158.414 451.962
444 27 158.959 440.382
445 21 159.861 450.85
446 20 156.065 445.058
447 22 164.707 441.869
448 21 162.706 435.081
449 18 168.191 422.549
450 14 162.479 408.619
451 15 158.007 433.844
452 16 160.069 410.863
453 11 166.348 421.288
454 13 165.162 418.908
455 9 166.967 415.913
456 8 158.149 430.719
457 14 163.649 437.67
458 13 169.453 420.348
459 16 165.263 425.832
460 13 159.864 426.588
461 9 155.466 420.103
462 9 157.336 421.565
463 10 157.046 417.492
464 11 167.4 415.654
465 10 166.935 421.719
466 12 156.328 432.396
467 17 153.841 430.794
468 12 164.627 417.89
469 13 167.134 418.688
470 15 172.191 438.062
471 19 168.365 431.437
472 11 167.955 423.676
473 11 169.438 435.075
474 12 162.222 419.035
475 11 165.598 422.354
476 15 170.535 416.092
477 13 169.428 405.571
478 11 154.694 446.016
479 14 163.575 423.404
480 12 163.021 406.401
481 12 167.28 428.592
482 11 159.195 438.334
483 12 166.169 413.305
484 15 170.41 443.794
485 18 162.109 429.805
486 11 163.203 429.864
487 20 175.633 426.319
488 16 168.56 416.729
489 13 177.5 418.575
490 16 165.761 435.096
491 17 165.398 436.375
492 14 163.325 441.551
493 15 157.008 447.579
494 18 163.604 435.414
495 17 168.68 441.623
496 19 160.895 449.048
497 10 167.087 420.51
498 11 167.793 431.038
499 12 166.68 425.095
500 15 179.405 434.443
501 23 176.184 436.698
502 19 172.731 427.309
503 22 163.199 435.203
504 19 159.316 441.15
505 25 175.52 429.205
506 16 169.053 435.668
507 17 173.101 430.516
508 14 160.21 421.854
509 16 160.512 429.787
510 9 158.602 433.912
511 7 163.854 430.302
512 11 174.072 418.878
513 15 166.282 448.967
514 17 169.279 432.781
515 18 156.947 425.044
516 19 165.645 428.522
517 22 171.472 419.134
518 21 168.446 436.151
519 24 165.156 437.673
520 22 160.975 452.057
521 25 160.615 461.461
522 24 162.89 452.241
523 23 153.812 441.909
524 26 154.818 454.593
525 25 158.054 458.104
526 25 159.952 437.323
527 23 156.934 461.63
528 26 164.683 453.316
529 28 155.526 446.184
530 23 154.892 460.974
531 21 156.671 439.501
532 13 157.27 442.776
533 19 161.154 440.6
534 16 160.928 449.331
535 13 151.236 439.409
536 18 152.221 439.382
537 18 159.158 439.212
538 19 161.071 432.25
539 19 151.649 437.642
540 17 163.36 429.691
541 12 160.4 435.477
542 18 167.126 422.412
543 8 165.003 423.816
544 12 165.698 416.429
545 11 155.492 436.409
546 18 160.157 437.743
547 16 168.124 427.508
548 12 165.078 433.891
549 17 161.976 437.047
550 17 166.323 428.942
551 14 165.941 426.326
552 18 154.085 431.067
553 18 160.803 431.289
554 22 167.555 435.763
555 17 165.598 429.093
556 14 161.505 422.51
557 16 159.748 429.926
558 13 168.141 425.548
559 18 166.775 436.384
560 18 159.726 428.206
561 14 167.643 408.979
562 17 171.635 423.012
563 18 159.06 458.634
564 20 159.155 452.009
565 15 158.743 437.071
566 18 158.935 429.862
567 15 158.565 422.476
568 15 161.622 418.064
569 13 161.965 419.18
570 15 170.121 412.512
571 17 168.958 424.985
572 23 159.095 440.642
573 24 164.37 437.292
574 23 161.137 434.843
575 18 163.237 436.037
576 20 160.102 431.672
577 17 162.028 429.906
578 17 156.795 442.972
579 18 157.143 440.864
580 20 163.741 461.848
581 26 172.093 438.337
582 16 161.611 427.126
583 16 160.068 445.474
584 19 165.751 435.839
585 22 163.651 431.2
586 18 163.385 415.16
587 13 161.101 418.806
588 13 160.512 421.263
589 11 160.793 434.498
590 14 156.314 427.856
591 14 163.1 443.799
592 26 159.765 447.354
593 23 158.405 451.238
594 22 152.833 453.338
595 30 160.945 444.398
596 23 160.798 450.684
597 15 159.941 430.798
598 14 162.735 416.929
599 12 164.935 419.474
600 16 165.968 425.481
601 18 166.339 426.831
602 14 179.971 408.171
603 13 166.871 432.716
604 15 163.063 431.414
605 15 163.833 424.936
606 16 156.181 432.02
607 12 154.314 429.821
608 12 166.407 431.868
609 10 165.625 414.204
610 9 162.223 410.787
611 12 167.658 416.224
612 15 155.521 433.977
613 12 159.67 419.998
614 13 149.97 434.456
615 14 152.5 445.128
616 15 149.211 446.803
617 13 161.63 430.22
618 12 161.933 427.557
619 16 160.639 439.998
620 21 157.448 451.895
621 16 159.848 428.233
622 17 160.633 445.537
623 15 155.134 431.985
624 14 161.909 427.626
625 15 170.65 403.228
626 12 156.191 428.51
627 8 164.246 404.49
628 8 166.59 412.695
629 11 156.275 423.008
630 12 158.074 423.942
631 12 162.605 419.32
632 14 159.559 434.807
633 18 171.324 435.241
634 18 159.581 434.627
635 17 159.133 411.237
636 17 158.294 429.144
637 17 164.028 443.093
638 19 153.906 452.561
639 22 161.292 438.212
640 16 163.088 434.302
641 18 167.199 428.711
642 17 167.804 432.392
643 13 171.513 418.015
644 12 170.312 432.27
645 17 166.576 431.244
646 15 161.469 421.522
647 20 154.719 443.49
648 17 156.62 451.354
649 19 159.29 424.166
650 10 152.901 426.46
651 10 162.285 401.283
652 8 165.783 421.169
653 13 167.446 425.661
654 15 167.768 438.103
655 14 163.446 433.219
656 18 164.632 433.599
657 18 176.056 422.171
658 20 174.402 415.818
659 19 174.914 430.337
660 19 172.264 422.846
661 14 170.544 409.808
662 17 165.362 419.023
663 20 167.915 430.992
664 20 162.099 444.539
665 19 155.645 453.948
666 20 165.343 433.151
667 16 165.259 436.19
668 16 164.336 418.148
669 11 165.965 403.663
670 11 167.745 422.827
671 15 160.058 425.739
672 17 163.562 432.993
673 17 156.787 448.063
674 18 152.77 435.859
675 13 152.345 430.959
676 12 153.662 442.921
677 16 165.808 433.847
678 21 159.528 449.853
679 18 165.625 431.13
680 21 168.071 442.759
681 14 168.993 412.269
682 16 176.653 421.233
683 14 165.398 411.749
684 14 164.798 454.069
685 21 165.562 442.293
686 28 158.141 458.382
687 21 156.704 444.888
688 25 149.099 456.055
689 27 160.676 450.911
690 26 162.12 448.185
691 27 159.731 461.669
692 32 166.315 452.842
693 30 159.721 447.285
694 25 160.482 455.572
695 24 166.965 436.794
696 15 171.395 425.565
697 11 164.842 424.093
698 13 159.438 428.202
699 14 164.133 422.372
700 11 166.279 402.598
701 8 165.426 416.975
702 7 159.219 408.924
703 11 169.803 429.676
704 15 168.002 437.989
705 15 163.239 423.817
706 14 157.127 426.279
707 19 152.776 439.528
708 13 165.04 423.815
709 15 167.312 423.84
710 18 161.182 428.182
711 20 160.419 433.547
712 22 156.871 448.42
713 20 153.489 442.716
714 17 160.765 426.864
715 13 161.342 414.614
716 16 160.539 445.316
717 21 166.988 456.69
718 24 168.187 462.782
719 21 162.512 438.079
720 18 163.254 435.026
721 21 158.25 443.797
722 21 165.354 429.674
723 21 165.376 446.604
724 25 161.857 443.637
725 24 165.669 434.421
726 17 168.596 421.485
727 17 166.266 423.225
728 14 162.636 422.142
729 12 155.652 436.625
730 14 162.485 425.097
731 8 161.595 418.123
732 7 159.609 424.512
733 11 154.388 424.226
734 14 157.472 422.836
735 12 154.575 428.039
736 12 152.701 433.293
737 16 159.844 427.392
738 14 159.621 411.929
739 15 166.943 422.708
740 15 166.793 434.857
741 17 167.007 433.845
742 12 166.853 426.199
743 11 158.165 427.629
744 9 164.248 431.95
745 12 175.21 436.377
746 16 180.701 424.791
747 14 162.515 427.015
748 11 161.217 420.62
749 11 157.966 416.575
750 15 163.484 433.628
751 17 153.288 436.337
752 18 162.611 450.843
753 18 162.795 424.539
754 16 169.698 421.846
755 11 164.447 432.252
756 15 165.978 416.67
757 14 169.627 411.407
758 18 166.383 427.519
759 20 161.733 432.126
760 22 156.056 446.488
761 18 151.051 442.659
762 14 167.027 446.429
763 11 158.662 433.712
764 15 155.031 431.873
765 21 161.565 440.777
766 21 157.259 446.948
767 17 163.134 432.918
768 20 157.23 438.395
769 17 169.42 442.385
770 14 166.933 432.925
771 16 162.494 432.97
772 15 157.035 442.335
773 19 165.501 418.237
774 13 168.121 417.765
775 17 161.02 436.075
776 14 155.353 425.832
777 13 156.236 440.386
778 15 166.759 426.208
779 12 168.298 412.295
780 10 165.198 432.349
781 13 171.171 413.704
782 14 171.431 419.534
783 16 162.895 439.354
784 15 161.919 426.141
785 13 155.387 444.197
786 12 161.295 431.258
787 13 156.94 427.268
788 10 157.125 421.78
789 10 160.417 427.211
790 11 167.597 431.597
791 11 169.735 426.465
792 12 168.415 416.696
793 6 175.044 410.665
794 9 171.242 403.665
795 9 163.25 408.464
796 13 169.114 437.91
797 14 163.625 406.793
798 11 169.695 421.065
799 14 162.99 434.507
800 14 159.184 441.652
801 17 167.48 431.193
802 17 163.057 417.797
803 14 164.563 422.304
804 16 161.353 424.782
805 17 161.683 431.319
806 16 161.395 425.289
807 14 160.183 431.07
808 17 155.598 439.765
809 12 156.66 416.837
810 7 160.24 428.79
811 12 154.761 417.292
812 15 171.263 411.561
813 11 170.519 407.754
814 9 165.442 408.088
815 9 162.356 416.291
816 13 167.295 428.169
817 15 162.336 436.777
818 21 161.887 449.619
819 23 158.096 448.251
820 25 163.902 428.825
821 18 168.961 420.049
822 12 169.764 408.545
823 16 174.2 439.535
824 19 170.353 443.324
825 15 160.084 432.716
826 17 156.795 447.092
827 20 162.711 438.63
828 18 156.556 442.764
829 18 161.711 445.693
830 14 161.881 434.274
831 11 165.11 418.23
832 16 170 432.499
833 19 157.147 431.877
834 25 164.122 430.21
835 22 159.805 448.795
836 23 168.344 436.608
837 26 163.89 438.962
838 22 166.332 426.901
839 14 160.667 427.058
840 13 167.143 425.863
841 18 166.289 438.106
842 22 163.924 432.615
843 22 158.805 438.211
844 19 159.55 437.585
845 17 158.045 434.254
846 15 156.267 449.346
847 15 152.354 432.53
848 17 166.479 445.56
849 19 168.307 427.026
850 21 164.552 442.205
851 22 158.009 449.983
852 19 163.786 419.029
853 17 161.49 414.667
854 15 158.075 428.089
855 18 158.81 409.8
856 18 162.361 431.634
857 15 157.834 423.619
858 14 161.398 425.653
859 16 165.544 442.163
860 18 166.51 436.319
861 18 162.082 429.175
862 16 159.801 428.056
863 17 166.858 444.505
864 16 176.801 420.681
865 16 174.978 421.075
866 13 168.578 438.047
867 13 167.334 423.01
868 10 165.39 405.932
869 9 163.535 422.231
870 19 172.636 436.975
871 18 163.461 419.353
872 16 165.948 415.371
873 13 167.395 423.283
874 11 173.811 413.746
875 12 167.197 417.042
876 16 162.263 418.794
877 14 165.94 410.856
878 10 165.878 416.697
879 13 165.819 434.514
880 12 171.718 413.071
881 14 169.83 421.438
882 13 168.335 417.548
883 14 165.162 425.986
884 12 161.087 434.855
885 14 154.55 441.635
886 16 153.981 447.143
887 16 159.241 446.779
888 21 166.295 442.893
889 20 162.783 445.318
890 21 162.294 435.355
891 18 157.622 440.354
892 15 161.709 442.128
893 10 165.59 433.13
894 13 159.287 427.996
895 12 160.69 436.383
896 13 167.295 416.546
897 14 164.456 422.102
898 18 161.137 426.883
899 13 166.952 420.787
900 10 167.95 416.754
901 8 165.305 415.104
902 8 168.76 425.893
903 12 165.942 415.465
904 12 169.13 407.384
905 17 161.531 421.259
906 12 162.282 413.345
907 15 169.246 447.756
908 16 163.345 433.068
909 14 162.014 438.733
910 21 163.522 424.646
911 13 170.164 413.262
912 17 180.744 428.198
913 17 166.911 427.832
914 16 170.224 415.008
915 13 160.61 418.12
916 9 162.452 419.659
917 8 168.954 401.955
918 10 165.413 430.891
919 11 159.696 426.393
920 10 162.908 414.886
921 8 173.566 413.256
922 9 167.993 408.181
923 6 165.804 413.909
924 5 164.365 407.726
925 9 156.24 418.411
926 12 159.334 430.146
927 16 161.916 433.456
928 12 165.847 425.563
929 15 172.082 423.499
930 16 162.143 416.029
931 14 155.851 421.239
932 11 164.266 427.698
933 13 155.804 435.286
934 15 160.307 431.572
935 15 161.132 434.179
936 18 161.035 431.624
937 17 166.865 435.218
938 17 168.984 430.192
939 16 164.16 416.719
940 14 164.959 420.817
941 14 161.942 411.902
942 12 162.231 411.078
943 12 159.377 428.415
944 20 157.221 449.563
945 18 154.516 435.393
946 17 157.53 429.292
947 13 162.509 414.933
948 13 163.61 426.504
949 20 158.767 441.962
950 24 157.487 443.615
951 23 160.865 436.194
952 19 153.94 428.721
953 22 151.763 449.884
954 11 158.666 414.772
955 10 166.777 418.306
956 16 163.85 426.904
957 14 171.056 429.126
958 18 159.096 443.463
959 20 163.92 408.34
960 13 163.937 415.133
961 13 158.245 442.566
962 13 164.184 410.192
963 11 162.721 415.208
964 16 156.187 435.305
965 19 154.934 441.22
966 15 162.165 440.005
967 17 160.382 445.468
968 19 164.212 438.356
969 17 160.946 436.623
970 15 158.786 434.011
971 19 158.173 433.79
972 16 165.986 424.817
973 19 165.857 431.233
974 18 166.093 428.922
975 17 167.413 427.254
976 14 159.526 438.512
977 20 158.021 452.75
978 21 161.7 441.191
979 22 160.169 467.743
980 27 154.163 459.193
981 27 155.688 458.854
982 20 158.127 444.626
983 21 156.083 450.176
984 22 158.611 443.31
985 17 164.996 429.294
986 15 156.419 429.662
987 12 160.297 420.283
988 13 162.819 413.391
989 10 155.542 421.839
990 15 155.954 455.985
991 15 163.35 459.871
992 21 151.842 441.206
993 22 151.134 441.908
994 17 149.342 442.49
995 21 156.718 441.558
996 21 160.619 459.335
997 29 162.475 470.304
998 30 155.883 461.393
999 28 150.179 476.509
1000 24 156.571 455.171
1001 19 160.453 453.888
1002 27 157.237 451.234
1003 21 158.457 449.075
1004 24 161.202 437.023
1005 15 163.107 427.371
1006 18 166.279 435.722
1007 18 169.65 440.548
1008 22 161.186 453.48
1009 25 157.786 456.595
1010 26 167.428 453.469
1011 25 165.659 457.172
1012 23 164.249 433.516
1013 17 169.711 413.455
1014 14 164.987 431.12
1015 15 163.802 418.191
1016 19 165.275 432.86
1017 18 156.857 439.064
1018 16 168.829 426.305
1019 14 165.879 426.534
1020 13 156.786 426.956
1021 18 157.348 426.532
1022 11 166.005 401.437
1023 10 164.025 410.786
1024 8 172.737 417.343
1025 12 171.588 406.637
1026 15 167.977 426.438
1027 17 171.024 423.253
1028 13 166.971 419.59
1029 20 171.449 440.952
1030 19 165.601 419.246
1031 14 170.763 428.09
1032 17 177.82 425.236
1033 17 172.168 438.601
1034 18 166.291 446.866
1035 13 166.09 418.396
1036 10 161.182 425.914
1037 16 163.209 406.679
1038 14 168.982 409.788
1039 8 165.608 407.262
1040 7 163.433 413.453
1041 14 161.303 406.267
1042 12 167.676 416.972
1043 18 175.038 415.425
1044 17 170.11 422.12
1045 14 165.272 433.767
1046 20 162.138 446.957
1047 20 165.81 427.333
1048 20 162.582 437.77
1049 18 175.648 434.429
1050 19 173.132 430.526
1051 15 163.149 418.443
1052 17 164.474 437.807
1053 16 154.48 429.036
1054 19 161.309 435.854
1055 18 167.764 449.252
1056 23 163.856 459.357
1057 24 168.67 434.295
1058 15 169.186 418.475
1059 14 164.448 427.969
1060 13 170.964 422.305
1061 16 155.68 430.706
1062 18 164.393 438.505
1063 19 158.827 430.92
1064 23 160.888 454.677
1065 23 156.275 461.91
1066 22 159.157 449.913
1067 24 163.057 457.677
1068 24 176.098 449.259
1069 25 165.858 451.873
1070 17 154.573 444.48
1071 15 156.777 418.79
1072 16 164.251 431.097
1073 18 157.039 435.135
1074 17 169.301 415.233
1075 16 164.589 423.695
1076 19 162.118 440.423
1077 16 157.866 446.867
1078 15 163.373 443.789
1079 14 161.072 436.658
1080 14 161.51 432.261
1081 16 166.141 424.69
1082 15 164.462 439.001
1083 20 160.878 442.634
1084 17 158.233 437.564
1085 15 160.545 423.782
1086 19 159.451 432.564
1087 16 166.711 431.461
1088 18 167.693 421.86
1089 15 161.437 433.462
1090 20 161.385 436.224
1091 16 164.03 446.204
1092 15 157.623 435.592
1093 17 153.097 440.331
1094 21 148.51 448.62
1095 18 163.625 433.645
1096 17 163.47 450.705
1097 19 163.204 455.093
1098 19 165.627 423.282
1099 17 165.937 427.525
1100 17 162.433 415.368
1101 17 168.399 421.967
1102 16 159.56 443.246
1103 19 160.155 433.652
1104 17 159.242 433.62
1105 12 163.504 414.981
1106 12 160.178 428.468
1107 13 165.451 419.36
1108 17 163.315 430.875
1109 13 162.679 427.936
1110 11 167.923 427.324
1111 14 164.828 437.69
1112 14 156.544 423.045
1113 16 162.381 435.109
1114 15 159.455 434.547
1115 17 162.281 417.875
1116 17 152.657 451.743
1117 24 161.769 458.599
1118 19 151.76 444.813
1119 20 153.888 439.821
1120 18 156.804 429.889
1121 20 159.915 429.02
1122 22 157.607 452.321
1123 25 166.319 442.26
1124 21 156.047 443.14
1125 17 156.951 436.73
1126 13 160.715 431.881
1127 13 172.397 409.771
1128 11 170.229 404.235
1129 12 163.818 411.384
1130 11 163.116 414.887
1131 13 166.467 429.985
1132 18 161.924 434.953
1133 15 160.08 426.985
1134 13 168.558 421.624
1135 15 169.337 427.444
1136 16 168.39 419.751
1137 16 164.445 414.899
1138 16 168.604 435.621
1139 18 156.057 426.464
1140 14 161.596 416.159
1141 15 168.044 430.171
1142 22 164.012 425.862
1143 16 158.277 438.028
1144 19 156.593 445.508
1145 26 157.652 447.912
1146 23 163.085 448.026
1147 23 169.435 437.149
1148 24 160.384 443.462
1149 17 170.854 434.383
1150 20 164.845 437.72
1151 22 163.141 443.046
1152 19 166.091 446.074
1153 19 161.664 430.745
1154 21 160.715 448.968
1155 18 159.754 462.287
1156 14 159.901 446.815
1157 10 167.767 425.007
1158 12 169.569 418.964
1159 7 169.72 425.194
1160 10 167.539 424.342
1161 18 170.14 423.59
1162 13 164.185 433.264
1163 16 164.931 419.327
1164 10 163.402 418.35
1165 13 162.164 416.709
1166 12 157.105 430.825
1167 16 161.616 421.369
1168 14 164.533 431.591
1169 14 165.881 409.477
1170 11 170.965 414.695
1171 13 166.971 409.782
1172 15 154.579 435.166
1173 17 161.231 433.201
1174 12 162.872 436.781
1175 17 162.019 432.982
1176 13 155.852 419.524
1177 12 162.011 417.501
1178 19 161.076 441.135
1179 18 162.485 441.373
1180 18 154.418 436.112
1181 10 153.868 439.744
1182 16 158.516 453.15
1183 16 156.685 434.984
1184 17 159.865 418.039
1185 14 164.032 421.074
1186 12 158.573 436.953
1187 16 163.283 443.605
1188 19 162.217 439.067
1189 17 162.72 451.771
1190 20 157.036 437.846
1191 23 168.645 425.757
1192 20 173.925 433.97
1193 19 161.11 447.735
1194 23 175.674 430.855
1195 22 163.395 424.998
1196 17 149.276 434.189
1197 22 155.002 459.468
1198 21 152.977 450.12
1199 20 158.754 435.512
1200 16 157.146 437.763
1201 13 171.153 434.603
1202 14 156.683 430.764
1203 12 163.151 431.241
1204 16 171.331 428.823
1205 14 170.353 412.105
1206 17 163.904 411.817
1207 16 155.713 429.722
1208 18 162.513 437.166
1209 17 155.611 426.597
1210 12 167.069 415.987
1211 15 166.366 435.204
1212 19 164.431 441.956
1213 19 161.925 427.041
1214 18 159.03 461.229
1215 19 152.948 442.265
1216 21 153.021 433.486
1217 16 157.244 428.444
1218 20 160.701 440.305
1219 23 159.71 451.152
1220 22 149.24 453.331
1221 28 163.877 445.47
1222 30 164.255 453.167
1223 28 167.643 447.185
1224 22 169.748 441.568
1225 23 165.728 441.855
1226 21 159.835 446.111
1227 23 158.326 445.304
1228 18 167.898 425.082
1229 17 163.617 440.63
1230 17 162.612 419.552
1231 13 167.725 406.547
1232 15 173.266 427.466
1233 12 168.642 415.809
1234 12 164.71 424.353
1235 20 164.144 440.14
1236 22 156.52 453.84
1237 26 149.819 450.184
1238 18 161.951 434.291
1239 12 156.765 436.191
1240 14 170.118 416.389
1241 12 160.639 425.454
1242 10 161.777 409.488
1243 11 165.076 436.919
1244 13 166.793 426.517
1245 19 167.73 422.039
1246 15 167.04 425.69
1247 14 160.683 430.877
1248 12 155.677 429.253
1249 10 154.341 435.953
1250 16 158.415 442.422
1251 14 154.661 435.401
1252 14 165.449 441.472
1253 18 163.02 429.053
1254 18 169.637 430.794
1255 15 165.214 426.67
1256 15 154.506 425.212
1257 13 156.816 427.918
1258 8 161.686 419.145
1259 10 163.653 424.061
1260 14 161.819 418.381
1261 13 169.129 406.624
1262 19 165.056 433.229
1263 13 170.325 422.618
1264 14 159.864 414.892
1265 18 164.06 424.779
1266 18 158.682 435.242
1267 20 159.411 435.067
1268 16 158.934 436.576
1269 13 163.821 431.439
1270 17 157.351 430.546
1271 19 163.07 429.715
1272 16 164.561 425.832
1273 22 155.038 443.697
1274 24 160.515 441.177
1275 20 165.792 434.214
1276 19 167.112 444.046
1277 22 168.444 434.438
1278 21 164.132 425
1279 24 157.858 417.32
1280 23 167.766 434.298
1281 22 162.617 425.855
1282 22 168.087 431.557
1283 18 169.814 435.531
1284 12 172.453 419.158
1285 13 176.323 417.732
1286 13 166.157 434.772
1287 17 170.698 427.305
1288 15 165.713 433.451
1289 17 162.379 438.807
1290 19 160.162 442.818
1291 16 169.683 424.227
1292 15 170.22 403.85
1293 11 165.913 411.817
1294 11 163.192 413.929
1295 15 162.309 421.572
1296 11 160.651 413.637
1297 11 165.841 434.998
1298 13 171.286 415.211
1299 13 168.64 419.627
1300 14 163.414 417.892
1301 11 167.036 393.668
1302 12 160.976 432.594
1303 12 172.351 418.732
1304 9 165.452 417.343
1305 11 159.293 433.561
1306 13 160.312 422.526
1307 11 158.954 421.854
1308 13 154.211 421.92
1309 13 163.638 417.106
1310 16 169.402 432.178
1311 15 167.628 438.011
1312 15 161.286 437.265
1313 17 164.29 432.923
1314 16 164.936 428.307
1315 12 156.402 424.844
1316 16 161.239 445.221
1317 14 167.338 431.308
1318 19 166.469 452.291
1319 20 160.28 458.945
1320 21 157.752 447.1
1321 19 157.668 443.519
1322 26 161.215 452.531
1323 27 158.481 438.268
1324 20 152.092 450.519
1325 21 160.02 441.377
1326 19 153.688 449.7
1327 21 157.825 445.566
1328 15 171.897 431.484
1329 20 168.861 437.684
1330 19 160.37 440.475
1331 13 166.629 413.128
1332 16 170.847 421.006
1333 18 168.358 437.968
1334 19 154.433 437.11
1335 13 156.652 415.633
1336 15 158.659 428.808
1337 19 167.423 437.219
1338 16 157.277 414.033
1339 16 164.409 415.596
1340 16 165.492 432.89
1341 17 166.932 426.109
1342 18 170.761 419.588
1343 17 166.927 437.869
1344 21 162.314 421.368
1345 18 170.973 419.568
1346 15 164.157 428.897
1347 20 163.477 440.645
1348 18 160.846 437.181
1349 19 158.963 437.39
1350 16 151.334 432.75
1351 18 148.039 459.484
1352 23 155.518 442.776
1353 18 152.654 441.504
1354 19 155.88 432.956
1355 19 167.106 446.315
1356 21 163.688 442.441
1357 19 162.006 445.01
1358 21 162 443.782
1359 18 161.908 419.227
1360 21 166.679 443.476
1361 21 161.131 441.712
1362 22 158.353 434.404
1363 14 161.404 431.619
1364 19 162.681 451.616
1365 25 161.938 446.725
1366 16 155.196 437.813
1367 17 160.355 429.598
1368 19 154.21 449.409
1369 17 153.387 442.067
1370 17 153.226 436.578
1371 18 156.961 437.277
1372 22 159.393 431.467
1373 18 162.44 424.443
1374 17 158.328 421.842
1375 14 161.916 418.977
1376 13 164.857 410.334
1377 14 162.044 421.671
1378 17 161.03 437.204
1379 17 170.47 431.263
1380 14 164.982 440.131
1381 16 163.494 411.135
1382 11 162.779 404.763
1383 13 155.614 423.787
1384 12 153.753 413.521
1385 16 162.596 434.176
1386 18 157.723 430.747
1387 17 156.537 427.994
1388 13 162.986 422.616
1389 15 163.999 421.649
1390 14 168.633 434.774
1391 13 164.836 430.461
1392 18 164.281 431.984
1393 14 156.84 439.903
1394 15 159.833 440.169
1395 16 158.902 428.376
1396 17 167.266 443.338
1397 16 164.943 443.879
1398 21 164.6 440.219
1399 26 160.2 452.196
1400 18 154.755 432.131
1401 17 160.599 426.213
1402 13 167.434 416.906
1403 15 166.664 426.551
1404 16 158.077 434.504
1405 16 152.014 430.078
1406 20 159.056 437.326
1407 15 161.78 425.204
1408 10 166.931 414.601
1409 13 160.943 425.178
1410 15 162.994 427.46
1411 18 168.277 450.42
1412 19 164.071 443.847
1413 18 158.233 434.435
1414 19 160.278 435.47
1415 16 159.303 434.941
1416 20 156.453 441.044
1417 19 164.117 443.259
1418 20 160.188 457.253
1419 26 160.925 453.057
1420 23 161.087 454.078
1421 24 162.316 440.239
1422 22 169.735 453.293
1423 29 164.557 446.948
1424 23 159.954 436.21
1425 20 161.613 426.788
1426 19 173.301 413.423
1427 14 165.837 433.577
1428 13 160.685 434.497
1429 17 157.734 449.089
1430 18 158.038 453.08
1431 20 164.373 456.855
1432 16 158.823 441.905
1433 20 150.279 457.798
1434 20 147.078 462.715
1435 16 166.808 429.146
1436 15 157.85 447.958
1437 17 165.765 427.515
1438 14 162.953 424.451
1439 12 156.009 426.309
1440 15 155.859 427.268
1441 17 155.6 438.995
1442 17 164.949 430.727
1443 21 164.075 434.84
1444 15 165.31 422.057
1445 16 163.848 430.165
1446 19 162.021 436.284
1447 20 160.952 439.535
1448 20 156.073 448.081
1449 21 157.844 455.423
1450 17 155.316 424.496
1451 13 169.802 414.975
1452 15 166.504 422.835
1453 16 161.249 425.033
1454 12 168.035 424.212
1455 13 162.288 438.416
1456 17 156.823 428.834
1457 21 162.179 448.434
1458 16 163.292 436.351
1459 17 164.448 434.613
1460 16 164.305 435.829
1461 9 157.947 419.2
1462 5 160.702 404.196
1463 9 163.766 411.832
1464 17 161.237 437.828
1465 15 154.445 434.438
1466 18 163.007 427.753
1467 11 160.359 414.377
1468 10 163.886 414.368
1469 10 150.126 420.582
1470 10 155.492 422.107
1471 12 160.738 443.668
1472 19 155.358 442.587
1473 19 163.871 434.248
1474 17 160.944 441.401
1475 18 156.214 460.584
1476 23 160.771 447.663
1477 21 163.988 449.003
1478 27 164.579 446.216
1479 23 170.343 453.357
1480 22 164.644 443.445
1481 18 164.606 427.401
1482 17 169.324 433.83
1483 14 162.348 433.59
1484 18 164.577 432.102
1485 18 167.273 425.615
1486 13 160.61 429.418
1487 17 161.219 432.374
1488 14 161.339 441.713
1489 21 165.23 455.409
1490 22 170.374 429.526
1491 19 158.817 424.078
1492 21 156.2 443.442
1493 19 160.174 433.717
1494 22 162.369 442.574
1495 19 155.913 445.263
1496 15 166.365 425.595
1497 13 161.887 433.55
1498 12 159.1 425.099
1499 12 163.901 420.4
1500 16 162.652 434.417
1501 14 156.11 425.102
1502 12 166.473 423.797
1503 16 156.9 433.41
1504 15 167.405 438.106
1505 12 163.877 402.821
1506 10 166.189 405.205
1507 11 162.767 419.888
1508 17 165.096 415.422
1509 14 156.528 437.825
1510 20 155.648 424.979
1511 16 160.949 420.205
1512 15 164.944 435.955
1513 18 163.633 440.394
1514 18 164.559 438.587
1515 13 159.382 411.922
1516 11 163.629 416.404
1517 11 171.098 424.246
1518 14 161.889 423.272
1519 13 168.432 422.684
1520 12 163.697 424.378
1521 12 164.276 420.171
1522 18 170.027 435.565
1523 16 164.411 434.698
1524 19 168.015 444.655
1525 19 162.446 438.653
1526 14 162.165 430.704
1527 15 161.442 434.501
1528 12 161.474 420.055
1529 11 156.097 425.643
1530 8 168.544 409.249
1531 11 164.614 414.213
1532 9 170.504 400.276
1533 14 162.173 419.998
1534 16 159.512 428.429
1535 13 152.385 428.77
1536 16 157.472 427.88
1537 18 163.978 431.96
1538 17 162.162 435.579
1539 11 161.155 422.212
1540 17 164.994 439.471
1541 12 158.633 417.117
1542 17 161.663 432.54
1543 11 170.24 429.067
1544 15 162.953 421.891
1545 17 165.717 442.536
1546 19 168.618 441.16
1547 14 171.367 421.507
1548 14 171.46 425.539
1549 16 169.873 429.776
1550 20 157.879 456.792
1551 23 150.515 458.795
1552 24 152.208 446.731
1553 18 153.907 445.122
1554 14 158.39 441.428
1555 18 159.281 444.325
1556 13 166.059 433.542
1557 12 167.637 407.803
1558 8 160.301 397.83
1559 4 160.755 398.305
1560 11 166.199 408.44
1561 6 154.081 413.749
1562 8 163.274 426.993
1563 10 153.99 432.405
1564 14 162.226 422.937
1565 12 154.6 422.15
1566 13 157.715 431.749
1567 12 153.66 427.472
1568 12 156.653 414.537
1569 9 162.428 432.974
1570 10 158.595 432.738
1571 10 155.484 412.532
1572 11 160.318 421.915
1573 16 161.645 423.75
1574 13 164.484 420.727
1575 18 164.488 443.919
1576 20 153.735 451.265
1577 20 162.521 445.444
1578 20 159.974 432.823
1579 16 163.262 434.575
1580 16 168.361 434.879
1581 16 162.627 434.765
1582 15 163.519 419.537
1583 15 164.214 438.936
1584 19 167.165 457.669
1585 23 161.249 438.992
1586 15 157.331 427.051
1587 14 167.408 428.863
1588 19 155.716 441.344
1589 22 154.325 446.579
1590 22 154.867 426.481
1591 19 167.686 417.253
1592 18 156.061 425.998
1593 16 163.327 429.944
1594 18 161.736 437.396
1595 19 160.816 424.44
1596 18 169.187 425.288
1597 21 167.158 422.444
1598 17 161.06 423.549
1599 18 164.546 433.356
1600 16 162.22 438.007
1601 17 156.802 429.455
1602 10 159.209 418.396
1603 8 165.143 417.515
1604 9 168.592 420.106
1605 8 156.566 422.844
1606 14 168.673 429.074
1607 16 162.09 433.375
1608 17 156.618 431.352
1609 15 159.883 426.521
1610 16 161.685 429.607
1611 15 162.332 421.224
1612 13 164.694 419.838
1613 13 164.391 431.615
1614 11 164.609 427.472
1615 11 166.827 412.342
1616 11 163.197 413.395
1617 10 165.845 407.542
1618 12 159.626 434.75
1619 13 154.293 412.75
1620 14 154.444 444.386
1621 15 160.891 434.617
1622 21 160.984 444.151
1623 21 158.689 436.004
1624 19 162.047 441.573
1625 18 159.287 439.051
1626 18 162.247 424.486
1627 13 155.652 414.268
1628 13 159.994 425.377
1629 12 157.533 421.488
1630 19 159.473 428.465
1631 17 164.91 432.137
1632 22 166.519 444.656
1633 21 168.043 439.682
1634 13 169.507 410.774
1635 15 163.2 417.946
1636 10 174.435 413.077
1637 17 160.497 449.803
1638 18 162.975 436.981
1639 17 169.966 437.579
1640 18 157.357 462.142
1641 20 151.398 460.194
1642 16 152.166 424.157
1643 16 161.313 434.043
1644 14 157.965 435.139
1645 14 164.107 418.665
1646 15 164.757 425.296
1647 12 172.614 432.195
1648 8 172.789 419.481
1649 7 171.862 416.341
1650 8 166.297 420.111
1651 3 166.781 415.333
1652 6 158.425 407.56
1653 9 159.979 422.754
1654 9 159.22 427.158
1655 11 154.174 429.527
1656 16 148.703 427.931
1657 18 166.66 437.285
1658 18 164.004 433.162
1659 19 161.116 439.259
1660 15 160.322 427.181
1661 16 169.332 424.332
1662 12 169.039 432.254
1663 19 162.451 420.329
1664 13 162.592 407.3
1665 13 167.825 414.552
1666 18 164.827 450.116
1667 25 156.944 452.754
1668 26 171.044 454.079
1669 21 166.876 437.734
1670 23 159.193 448.913
1671 27 165.176 453.887
1672 22 164.38 439.969
1673 19 155.293 434.855
1674 15 157.379 424.705
1675 22 154.706 437.89
1676 21 163.249 444.604
1677 20 164.776 445.988
1678 23 163.516 441.324
1679 15 157.859 422.588
1680 23 158.947 439.212
1681 16 152.989 428.137
1682 16 154.71 443.768
1683 19 166.519 445.606
1684 21 163.552 453.7
1685 17 163.404 445.522
1686 16 154.66 439.744
1687 18 150.102 452.596
1688 21 159.462 426.569
1689 16 146.886 429.895
1690 14 155.806 425.379
1691 20 157.034 432.824
1692 15 169.779 419.86
1693 14 171.698 418.175
1694 18 163.024 431.159
1695 13 169.263 418.752
1696 13 159.032 430.626
1697 11 170.406 418.03
1698 15 161.564 414.586
1699 14 161.401 437.998
1700 20 160.15 444.513
1701 21 163.827 442.405
1702 21 163.1 438.158
1703 23 157.22 442.218
1704 17 159.303 436.849
1705 26 159.824 443.156
1706 23 167.27 437.823
1707 22 164.25 426.271
1708 25 160.216 440.174
1709 21 165.735 455.73
1710 20 160.557 430.952
1711 20 160.466 437.714
1712 18 152.028 449.48
1713 19 157.777 444.971
1714 22 158.047 435.218
1715 14 159.093 443.087
1716 14 147.39 443.762
1717 17 156.681 435.63
1718 13 158.428 426.817
1719 19 154.316 432.067
1720 14 159.766 420.607
1721 12 155.382 414.927
1722 8 158.094 416.677
1723 10 162.108 417.003
1724 9 161.048 428.51
1725 9 150.763 434.874
1726 12 156.788 437.86
1727 13 152.498 425.29
1728 15 154.142 432.404
1729 18 166.623 423.437
1730 12 161.599 424.97
1731 17 155.278 434.422
1732 15 163.681 433.36
1733 13 163.58 431.986
1734 16 163.474 433.668
1735 12 169.951 428.583
1736 18 171.981 433.902
1737 20 169.961 438.02
1738 20 160.54 451.075
1739 18 163.356 441.972
1740 18 157.452 445.697
1741 21 157.485 452.259
1742 21 153.681 446.981
1743 23 156.63 435.137
1744 20 160.104 457.466
1745 12 155.706 429.783
1746 7 156.065 412.985
1747 9 154.12 423.451
1748 11 160.834 440.438
1749 12 156.138 417.806
1750 16 158.528 441.098
1751 18 161.248 429.637
1752 14 169.477 430.312
1753 15 165.2 427.875
1754 11 169.274 405.097
1755 10 155.468 412.459
1756 13 150.887 437.051
1757 12 166.353 424.685
1758 18 158.048 440.499
1759 17 164.459 430.743
1760 18 154.641 447.186
1761 17 155.836 445.255
1762 20 160.896 440.521
1763 24 165.801 427.657
1764 20 157.796 440.007
1765 21 160.036 443.491
1766 16 156.522 436.851
1767 19 150.77 452.717
1768 20 158.727 446.883
1769 20 149.177 442.679
1770 15 150.739 429.843
1771 14 164.848 426.67
1772 14 155.094 422.499
1773 12 157.83 434.609
1774 18 157.757 438.805
1775 21 153.66 456.782
1776 19 157.325 430.389
1777 18 157.248 432.263
1778 13 158.088 444.766
1779 15 156.84 427.223
1780 13 158.711 440.921
1781 16 164.428 417.923
1782 15 169.21 426.634
1783 15 155.623 427.987
1784 10 155.075 419.994
1785 16 164.11 420.577
1786 15 160.02 433.689
1787 13 159.66 425.722
1788 15 159.254 428.263
1789 13 156.793 428.548
1790 13 163.626 426.178
1791 15 165.423 423.957
1792 12 160.84 427.392
1793 14 159.158 440.369
1794 15 158.184 432.43
1795 13 160.495 448.661
1796 20 158.946 436.023
1797 13 159.772 435.428
1798 13 149.461 438.779
1799 17 153.133 427.581
1800 13 157.388 427.582
1801 16 160.166 437.604
1802 17 153.199 447.846
1803 13 165.204 424.229
1804 14 158.954 435.669
1805 16 165.471 425.487
1806 17 168.32 413.124
1807 16 157.101 421.977
1808 16 158.145 431.516
1809 17 161.412 449.53
1810 19 158.976 432.29
1811 18 158.749 431.465
1812 16 157.308 430.773
1813 18 153.08 449.989
1814 19 163.288 431.875
1815 21 159.936 443.591
1816 20 165.5 453.141
1817 20 166.757 454.19
1818 23 165.272 462.366
1819 18 160.503 429.825
1820 23 159.749 439.53
1821 21 153.456 446.807
1822 13 157.375 442.95
1823 19 161.223 432.855
1824 17 164.575 431.328
1825 15 171.053 419.915
1826 11 166.731 413.613
1827 12 164.99 418.701
1828 12 167.031 426.955
1829 15 164.907 446.028
1830 20 162.51 445.313
1831 22 159.251 441.955
1832 22 155.484 449.206
1833 20 154.277 432.601
1834 17 168.687 428.407
1835 17 165.982 443.468
1836 14 168.101 431.358
1837 15 170.055 438.277
1838 12 163.99 425.675
1839 15 159.404 426.563
1840 13 168.325 425.098
1841 18 169.503 428.672
1842 12 163.107 432.702
1843 12 165.067 423.71
1844 17 157.387 422.548
1845 14 159.517 417.007
1846 13 158.344 426.891
1847 22 168.32 446.548
1848 23 164.528 444.019
1849 22 160.51 449.268
1850 25 155.809 442.783
1851 25 162.846 438.201
1852 23 164.999 450.992
1853 21 160.392 448.064
1854 21 168.5 440.669
1855 16 164.671 417.409
1856 17 154.626 418.936
1857 11 155.225 430.224
1858 16 165.005 415.43
1859 14 156.079 433.286
1860 18 154.764 431.087
1861 9 157.161 414.853
1862 14 152.529 434.588
1863 13 156.126 417.967
1864 13 162.182 423.751
1865 12 157.89 439.548
1866 15 152.444 421.265
1867 14 160.347 416.55
1868 12 167.843 423.676
1869 13 162.15 427.419
1870 16 163.79 422.759
1871 19 166.044 436.281
1872 17 170.99 440.215
1873 17 158.154 440.508
1874 18 158.711 441.68
1875 18 152.023 439.362
1876 19 165.573 424.329
1877 13 164.448 419.202
1878 8 156.714 415.613
1879 8 160.962 425.435
1880 10 164.135 420.996
1881 10 161.817 430.594
1882 9 156.175 419.566
1883 10 151.988 432.707
1884 12 158.793 429.584
1885 13 166.759 428.95
1886 13 170.974 425.125
1887 14 165.261 419.583
1888 11 167.322 436.888
1889 13 158.918 426.704
1890 7 161.284 417.586
1891 11 166.081 421.541
1892 17 162.063 427.423
1893 18 165.746 421.108
1894 16 171.447 419.833
1895 14 162.126 402.47
1896 14 157.004 429.008
1897 13 166.815 418.268
1898 11 166.17 425.612
1899 17 163.575 431.21
1900 15 159.286 418.147
1901 17 162.864 428.132
1902 18 162.096 435.741
1903 17 162.365 423.974
1904 16 164.348 425.836
1905 12 160.711 423.82
1906 12 166.555 413.505
1907 16 164.477 412.125
1908 13 165.752 435.084
1909 20 162.411 426.328
1910 14 151.408 430.514
1911 17 153.76 440.569
1912 13 163.675 412.601
1913 14 156.391 427.834
1914 14 159.577 442.512
1915 12 160.408 423.61
1916 16 157.72 445.628
1917 14 160.529 423.757
1918 17 157.938 451.73
1919 21 155.635 450.24
1920 20 151.917 448.567
1921 18 157.811 434.769
1922 14 161.473 432.948
1923 18 160.866 446.923
1924 17 158.205 446.204
1925 20 160.635 445.749
1926 19 156.104 440.755
1927 20 161.411 457.985
1928 21 167.805 458.322
1929 22 165.995 450.04
1930 12 169.255 424.052
1931 17 158.318 431.202
1932 16 159.237 429.983
1933 15 164.339 430.456
1934 15 166.381 424.633
1935 14 166.799 429.858
1936 15 159.824 425.31
1937 10 170.394 398.912
1938 8 165.68 419.817
1939 3 153.474 404.507
1940 7 158.262 411.526
1941 5 167.818 414.367
1942 6 167.717 408.765
1943 5 156.503 417.329
1944 10 156.241 428.168
1945 12 165.206 428.302
1946 9 157.108 434.679
1947 12 152.893 441.505
1948 13 160.818 437.181
1949 18 162.34 443.278
1950 18 152.773 443.424
1951 19 157.689 429.954
1952 17 154.79 445.633
1953 19 155.174 444.433
1954 19 166.237 416.783
1955 21 168.566 439.861
1956 18 158.634 444.728
1957 18 161.855 414.902
1958 19 165.908 440.579
1959 17 158.597 422.884
1960 13 162.919 425.389
1961 14 159.865 441.471
1962 21 160.315 440.995
1963 21 161.634 428.859
1964 18 166.67 421.983
1965 15 162.594 420.985
1966 15 164.372 450.296
1967 16 165.857 431.007
1968 15 161.622 406.412
1969 15 168.694 424.516
1970 15 158.159 435.404
1971 15 162.916 433.778
1972 18 159.778 429.038
1973 18 164.761 413.574
1974 16 155.092 432.718
1975 17 154.829 455.286
1976 25 149.703 451.761
1977 22 161.917 444.942
1978 22 159.233 440.524
1979 23 161.858 466.669
1980 28 151.653 464.789
1981 25 152.269 448.013
1982 25 157.873 447.569
1983 27 164.339 466.914
1984 26 155.269 461.006
1985 27 157.149 446.776
1986 28 155.568 440.398
1987 21 155.628 453.934
1988 20 160.596 451.565
1989 14 162.885 431.05
1990 14 168.366 433.481
1991 16 168.071 427.866
1992 12 153.215 425.623
1993 12 160.139 419.404
1994 13 160.044 434.802
1995 13 154.088 429.202
1996 12 159.664 415.047
1997 11 159.8 423.363
1998 15 169.83 420.131
1999 14 157.735 436.378
