0.8 0.431517 0.376174 0.160247 0.0261362 0.329181 522.851 273907 1.27834
0.799 0.431141 0.376208 0.160117 0.0260945 0.329478 522.775 273829 1.27968
0.798 0.430765 0.376242 0.159987 0.0260528 0.329776 522.7 273750 1.28103
0.797 0.430388 0.376277 0.159858 0.0260113 0.330074 522.625 273671 1.28237
0.796 0.430012 0.376312 0.159729 0.0259698 0.330373 522.551 273593 1.28372
0.795 0.429636 0.376347 0.159599 0.0259284 0.330672 522.476 273515 1.28507
0.794 0.429259 0.376383 0.15947 0.025887 0.330971 522.402 273437 1.28641
0.793 0.428883 0.376419 0.159341 0.0258458 0.331271 522.327 273359 1.28776
0.792 0.428507 0.376456 0.159213 0.0258046 0.331571 522.253 273281 1.28911
0.791 0.42813 0.376493 0.159084 0.0257635 0.331872 522.179 273204 1.29047
0.79 0.427753 0.37653 0.158955 0.0257224 0.332173 522.105 273127 1.29182
0.789 0.427377 0.376568 0.158827 0.0256815 0.332474 522.032 273050 1.29317
0.788 0.427 0.376606 0.158699 0.0256406 0.332776 521.958 272973 1.29453
0.787 0.426624 0.376644 0.158571 0.0255998 0.333078 521.885 272896 1.29589
0.786 0.426247 0.376683 0.158443 0.0255591 0.333381 521.812 272819 1.29725
0.785 0.42587 0.376722 0.158315 0.0255184 0.333684 521.739 272743 1.29861
0.784 0.425493 0.376762 0.158187 0.0254779 0.333988 521.666 272667 1.29997
0.783 0.425117 0.376802 0.15806 0.0254374 0.334292 521.593 272591 1.30133
0.782 0.42474 0.376842 0.157933 0.025397 0.334597 521.521 272515 1.3027
0.781 0.424363 0.376883 0.157805 0.0253567 0.334902 521.448 272440 1.30406
0.78 0.423986 0.376924 0.157678 0.0253164 0.335208 521.376 272364 1.30543
0.779 0.423609 0.376966 0.157552 0.0252763 0.335514 521.304 272289 1.3068
0.778 0.423232 0.377008 0.157425 0.0252362 0.335821 521.233 272214 1.30818
0.777 0.422855 0.37705 0.157298 0.0251962 0.336128 521.161 272139 1.30955
0.776 0.422478 0.377093 0.157172 0.0251563 0.336437 521.09 272064 1.31093
0.775 0.422101 0.377136 0.157046 0.0251164 0.336745 521.018 271990 1.31231
0.774 0.421724 0.377179 0.15692 0.0250767 0.337055 520.947 271916 1.31369
0.773 0.421346 0.377223 0.156794 0.025037 0.337365 520.876 271842 1.31507
0.772 0.420969 0.377267 0.156668 0.0249974 0.337675 520.806 271768 1.31646
0.771 0.420592 0.377312 0.156542 0.024958 0.337987 520.735 271694 1.31784
0.77 0.420214 0.377357 0.156417 0.0249185 0.338299 520.665 271621 1.31923
0.769 0.419837 0.377402 0.156292 0.0248792 0.338612 520.595 271548 1.32063
0.768 0.419459 0.377448 0.156167 0.02484 0.338925 520.525 271475 1.32202
0.767 0.419082 0.377494 0.156042 0.0248008 0.33924 520.455 271402 1.32342
0.766 0.418704 0.37754 0.155917 0.0247618 0.339555 520.386 271329 1.32482
0.765 0.418327 0.377587 0.155793 0.0247228 0.339871 520.316 271257 1.32623
0.764 0.417949 0.377634 0.155668 0.0246839 0.340188 520.247 271185 1.32763
0.763 0.417572 0.377681 0.155544 0.0246451 0.340506 520.178 271113 1.32904
0.762 0.417194 0.377729 0.15542 0.0246064 0.340824 520.11 271041 1.33046
0.761 0.416816 0.377777 0.155297 0.0245677 0.341144 520.041 270970 1.33187
0.76 0.416438 0.377826 0.155173 0.0245292 0.341464 519.973 270899 1.33329
0.759 0.41606 0.377874 0.15505 0.0244907 0.341786 519.905 270828 1.33472
0.758 0.415682 0.377924 0.154926 0.0244524 0.342108 519.837 270757 1.33614
0.757 0.415304 0.377973 0.154803 0.0244141 0.342431 519.769 270686 1.33757
0.756 0.414926 0.378023 0.15468 0.0243759 0.342756 519.702 270616 1.339
0.755 0.414548 0.378073 0.154558 0.0243378 0.343081 519.635 270546 1.34044
0.754 0.41417 0.378123 0.154435 0.0242998 0.343408 519.568 270476 1.34188
0.753 0.413792 0.378173 0.154313 0.0242619 0.343736 519.501 270407 1.34333
0.752 0.413414 0.378224 0.154191 0.0242241 0.344065 519.434 270337 1.34478
0.751 0.413035 0.378275 0.154069 0.0241864 0.344395 519.368 270268 1.34623
0.75 0.412657 0.378327 0.153948 0.0241488 0.344726 519.302 270199 1.34769
0.749 0.412279 0.378378 0.153826 0.0241112 0.345058 519.236 270131 1.34915
0.748 0.4119 0.37843 0.153705 0.0240738 0.345392 519.17 270062 1.35061
0.747 0.411522 0.378483 0.153584 0.0240365 0.345727 519.105 269994 1.35208
0.746 0.411143 0.378535 0.153463 0.0239992 0.346063 519.04 269927 1.35355
0.745 0.410765 0.378588 0.153343 0.0239621 0.346401 518.975 269859 1.35503
0.744 0.410386 0.37864 0.153223 0.023925 0.34674 518.91 269792 1.35651
0.743 0.410007 0.378694 0.153102 0.0238881 0.34708 518.846 269725 1.358
0.742 0.409629 0.378747 0.152983 0.0238512 0.347422 518.782 269658 1.35949
0.741 0.40925 0.3788 0.152863 0.0238145 0.347765 518.718 269591 1.36099
0.74 0.408871 0.378854 0.152743 0.0237778 0.34811 518.654 269525 1.36249
0.739 0.408492 0.378908 0.152624 0.0237412 0.348456 518.591 269459 1.364
0.738 0.408113 0.378962 0.152505 0.0237048 0.348804 518.528 269394 1.36551
0.737 0.407734 0.379016 0.152387 0.0236684 0.349154 518.465 269328 1.36703
0.736 0.407355 0.379071 0.152268 0.0236322 0.349505 518.402 269263 1.36855
0.735 0.406976 0.379126 0.15215 0.023596 0.349857 518.34 269199 1.37008
0.734 0.406597 0.37918 0.152032 0.02356 0.350211 518.278 269134 1.37161
0.733 0.406217 0.379235 0.151914 0.023524 0.350567 518.216 269070 1.37315
0.732 0.405838 0.379291 0.151797 0.0234882 0.350925 518.155 269006 1.37469
0.731 0.405459 0.379346 0.151679 0.0234524 0.351284 518.094 268942 1.37624
0.73 0.405079 0.379401 0.151562 0.0234168 0.351646 518.033 268879 1.37779
0.729 0.4047 0.379457 0.151446 0.0233813 0.352009 517.972 268816 1.37935
0.728 0.40432 0.379513 0.151329 0.0233458 0.352373 517.912 268754 1.38092
0.727 0.403941 0.379569 0.151213 0.0233105 0.35274 517.852 268691 1.38249
0.726 0.403561 0.379625 0.151097 0.0232753 0.353109 517.792 268629 1.38407
0.725 0.403181 0.379681 0.150981 0.0232402 0.353479 517.733 268568 1.38565
0.724 0.402802 0.379737 0.150866 0.0232052 0.353852 517.674 268506 1.38724
0.723 0.402422 0.379794 0.15075 0.0231703 0.354226 517.615 268445 1.38883
0.722 0.402042 0.379851 0.150636 0.0231356 0.354603 517.557 268385 1.39044
0.721 0.401662 0.379907 0.150521 0.0231009 0.354981 517.499 268324 1.39204
0.72 0.401282 0.379964 0.150407 0.0230663 0.355362 517.441 268264 1.39366
0.719 0.400902 0.380021 0.150293 0.0230319 0.355745 517.383 268205 1.39528
0.718 0.400522 0.380079 0.150179 0.0229976 0.356129 517.326 268145 1.39691
0.717 0.400142 0.380136 0.150065 0.0229634 0.356516 517.269 268086 1.39854
0.716 0.399762 0.380194 0.149952 0.0229293 0.356906 517.213 268028 1.40018
0.715 0.399381 0.380252 0.149839 0.0228953 0.357297 517.157 267970 1.40183
0.714 0.399001 0.38031 0.149727 0.0228614 0.357691 517.101 267912 1.40348
0.713 0.398621 0.380368 0.149614 0.0228277 0.358087 517.046 267854 1.40514
0.712 0.39824 0.380426 0.149502 0.022794 0.358485 516.991 267797 1.40681
0.711 0.39786 0.380485 0.149391 0.0227605 0.358885 516.936 267740 1.40849
0.71 0.397479 0.380544 0.149279 0.0227271 0.359288 516.882 267684 1.41017
0.709 0.397098 0.380603 0.149168 0.0226939 0.359694 516.828 267628 1.41186
0.708 0.396718 0.380662 0.149057 0.0226607 0.360101 516.774 267572 1.41355
0.707 0.396337 0.380722 0.148947 0.0226277 0.360512 516.721 267517 1.41525
0.706 0.395956 0.380782 0.148837 0.0225948 0.360924 516.668 267462 1.41697
0.705 0.395575 0.380842 0.148727 0.022562 0.361339 516.615 267408 1.41868
0.704 0.395194 0.380902 0.148618 0.0225293 0.361757 516.563 267354 1.42041
0.703 0.394813 0.380963 0.148508 0.0224968 0.362177 516.511 267300 1.42214
0.702 0.394432 0.381025 0.1484 0.0224644 0.3626 516.46 267247 1.42388
0.701 0.394051 0.381086 0.148291 0.0224321 0.363026 516.409 267194 1.42563
0.7 0.39367 0.381148 0.148183 0.0223999 0.363454 516.359 267142 1.42739
0.699 0.393289 0.381211 0.148075 0.0223679 0.363884 516.308 267090 1.42915
0.698 0.392908 0.381274 0.147968 0.022336 0.364318 516.259 267039 1.43092
0.697 0.392526 0.381337 0.147861 0.0223042 0.364754 516.209 266988 1.4327
0.696 0.392145 0.381401 0.147754 0.0222726 0.365192 516.16 266937 1.43449
0.695 0.391763 0.381466 0.147648 0.022241 0.365634 516.112 266887 1.43629
0.694 0.391382 0.381531 0.147542 0.0222097 0.366078 516.064 266837 1.43809
0.693 0.391 0.381597 0.147436 0.0221784 0.366526 516.016 266788 1.43991
0.692 0.390618 0.381663 0.147331 0.0221473 0.366976 515.969 266739 1.44173
0.691 0.390237 0.38173 0.147226 0.0221163 0.367428 515.922 266690 1.44356
0.69 0.389855 0.381798 0.147122 0.0220855 0.367884 515.876 266643 1.4454
0.689 0.389473 0.381866 0.147018 0.0220548 0.368343 515.83 266595 1.44724
0.688 0.389091 0.381936 0.146914 0.0220242 0.368804 515.785 266548 1.4491
0.687 0.388709 0.382006 0.146811 0.0219938 0.369269 515.74 266502 1.45096
0.686 0.388327 0.382077 0.146708 0.0219635 0.369736 515.695 266456 1.45284
0.685 0.387945 0.382149 0.146605 0.0219334 0.370207 515.651 266410 1.45472
0.684 0.387562 0.382223 0.146503 0.0219034 0.37068 515.608 266365 1.45661
0.683 0.38718 0.382297 0.146402 0.0218735 0.371157 515.564 266320 1.45851
0.682 0.386798 0.382372 0.1463 0.0218438 0.371636 515.522 266276 1.46042
0.681 0.386415 0.382448 0.146199 0.0218142 0.372119 515.48 266233 1.46234
0.68 0.386033 0.382526 0.146099 0.0217848 0.372605 515.438 266190 1.46427
0.679 0.38565 0.382604 0.145999 0.0217555 0.373094 515.397 266147 1.4662
0.678 0.385267 0.382684 0.1459 0.0217264 0.373586 515.356 266105 1.46815
0.677 0.384885 0.382766 0.1458 0.0216974 0.374081 515.316 266063 1.47011
0.676 0.384502 0.382848 0.145702 0.0216686 0.37458 515.276 266022 1.47207
0.675 0.384119 0.382933 0.145604 0.0216399 0.375082 515.237 265982 1.47405
0.674 0.383736 0.383018 0.145506 0.0216114 0.375586 515.198 265942 1.47604
0.673 0.383353 0.383106 0.145408 0.0215831 0.376095 515.16 265902 1.47803
0.672 0.382969 0.383194 0.145312 0.0215548 0.376606 515.123 265864 1.48004
0.671 0.382586 0.383285 0.145215 0.0215268 0.377121 515.085 265825 1.48205
0.67 0.382203 0.383377 0.145119 0.0214989 0.377639 515.049 265787 1.48408
0.669 0.381819 0.383471 0.145024 0.0214712 0.378161 515.013 265750 1.48611
0.668 0.381436 0.383567 0.144929 0.0214436 0.378686 514.977 265713 1.48816
0.667 0.381052 0.383665 0.144834 0.0214162 0.379214 514.942 265677 1.49022
0.666 0.380668 0.383765 0.144741 0.0213889 0.379745 514.908 265642 1.49228
0.665 0.380284 0.383867 0.144647 0.0213618 0.380281 514.874 265607 1.49436
0.664 0.3799 0.383971 0.144554 0.0213349 0.380819 514.841 265572 1.49645
0.663 0.379516 0.384077 0.144462 0.0213081 0.381361 514.808 265539 1.49854
0.662 0.379132 0.384186 0.14437 0.0212815 0.381907 514.776 265505 1.50065
0.661 0.378748 0.384297 0.144278 0.0212551 0.382456 514.744 265473 1.50277
0.66 0.378363 0.38441 0.144187 0.0212288 0.383008 514.713 265441 1.5049
0.659 0.377979 0.384525 0.144097 0.0212027 0.383564 514.683 265409 1.50704
0.658 0.377594 0.384644 0.144007 0.0211768 0.384124 514.653 265378 1.50919
0.657 0.37721 0.384764 0.143918 0.0211511 0.384687 514.623 265348 1.51135
0.656 0.376825 0.384888 0.143829 0.0211255 0.385254 514.595 265319 1.51352
0.655 0.37644 0.385014 0.143741 0.0211001 0.385824 514.567 265290 1.51571
0.654 0.376055 0.385143 0.143653 0.0210749 0.386398 514.539 265261 1.5179
0.653 0.375669 0.385274 0.143566 0.0210498 0.386976 514.512 265234 1.5201
0.652 0.375284 0.385409 0.143479 0.021025 0.387557 514.486 265207 1.52232
0.651 0.374898 0.385547 0.143393 0.0210003 0.388143 514.46 265180 1.52455
0.65 0.374513 0.385688 0.143308 0.0209758 0.388731 514.435 265154 1.52678
0.649 0.374127 0.385832 0.143223 0.0209514 0.389324 514.411 265129 1.52903
0.648 0.373741 0.385979 0.143139 0.0209273 0.38992 514.387 265105 1.53129
0.647 0.373355 0.386129 0.143055 0.0209034 0.39052 514.364 265081 1.53356
0.646 0.372969 0.386283 0.142972 0.0208796 0.391124 514.342 265058 1.53584
0.645 0.372582 0.38644 0.142889 0.020856 0.391732 514.32 265035 1.53814
0.644 0.372196 0.386601 0.142807 0.0208326 0.392343 514.299 265014 1.54044
0.643 0.371809 0.386765 0.142726 0.0208094 0.392958 514.278 264992 1.54275
0.642 0.371422 0.386932 0.142645 0.0207864 0.393578 514.259 264972 1.54508
0.641 0.371035 0.387104 0.142565 0.0207636 0.394201 514.24 264952 1.54742
0.64 0.370648 0.387279 0.142486 0.020741 0.394828 514.221 264933 1.54976
0.639 0.370261 0.387458 0.142407 0.0207185 0.395458 514.203 264915 1.55212
0.638 0.369873 0.387641 0.142329 0.0206963 0.396093 514.186 264897 1.55449
0.637 0.369485 0.387828 0.142252 0.0206743 0.396732 514.17 264881 1.55687
0.636 0.369097 0.388019 0.142175 0.0206524 0.397375 514.154 264864 1.55926
0.635 0.368709 0.388214 0.142099 0.0206308 0.398022 514.139 264849 1.56167
0.634 0.368321 0.388413 0.142023 0.0206094 0.398673 514.125 264834 1.56408
0.633 0.367933 0.388616 0.141948 0.0205882 0.399327 514.111 264820 1.5665
0.632 0.367544 0.388824 0.141874 0.0205671 0.399986 514.099 264807 1.56894
0.631 0.367155 0.389036 0.141801 0.0205463 0.40065 514.087 264795 1.57139
0.63 0.366766 0.389252 0.141728 0.0205257 0.401317 514.075 264783 1.57384
0.629 0.366376 0.389473 0.141656 0.0205053 0.401988 514.065 264772 1.57631
0.628 0.365987 0.389698 0.141584 0.0204851 0.402664 514.055 264762 1.57879
0.627 0.365597 0.389928 0.141514 0.0204651 0.403344 514.046 264753 1.58128
0.626 0.365207 0.390162 0.141444 0.0204454 0.404028 514.038 264744 1.58378
0.625 0.364817 0.390401 0.141374 0.0204258 0.404716 514.03 264736 1.58629
0.624 0.364426 0.390645 0.141306 0.0204065 0.405409 514.023 264730 1.58882
0.623 0.364036 0.390893 0.141238 0.0203874 0.406106 514.017 264723 1.59135
0.622 0.363645 0.391147 0.141171 0.0203685 0.406808 514.012 264718 1.59389
0.621 0.363253 0.391405 0.141104 0.0203498 0.407513 514.008 264713 1.59645
0.62 0.362862 0.391669 0.141039 0.0203313 0.408224 514.004 264710 1.59902
0.619 0.36247 0.391937 0.140974 0.0203131 0.408939 514.001 264707 1.60159
0.618 0.362078 0.39221 0.14091 0.0202951 0.409658 513.999 264705 1.60418
0.617 0.361686 0.392489 0.140847 0.0202773 0.410382 513.998 264704 1.60678
0.616 0.361293 0.392772 0.140784 0.0202598 0.411111 513.998 264703 1.60939
0.615 0.3609 0.393061 0.140722 0.0202425 0.411844 513.998 264704 1.61201
0.614 0.360507 0.393355 0.140661 0.0202254 0.412583 514 264705 1.61464
0.613 0.360114 0.393654 0.140601 0.0202085 0.413326 514.002 264708 1.61728
0.612 0.35972 0.393959 0.140542 0.0201919 0.414073 514.005 264711 1.61993
0.611 0.359326 0.394269 0.140483 0.0201755 0.414826 514.009 264715 1.62259
0.61 0.358932 0.394584 0.140425 0.0201594 0.415584 514.014 264720 1.62527
0.609 0.358537 0.394905 0.140368 0.0201435 0.416346 514.019 264726 1.62795
0.608 0.358142 0.395231 0.140312 0.0201278 0.417114 514.026 264732 1.63065
0.607 0.357747 0.395563 0.140257 0.0201124 0.417887 514.033 264740 1.63335
0.606 0.357351 0.3959 0.140202 0.0200972 0.418665 514.042 264749 1.63607
0.605 0.356955 0.396242 0.140149 0.0200823 0.419449 514.051 264758 1.6388
0.604 0.356559 0.39659 0.140096 0.0200676 0.420238 514.061 264769 1.64154
0.603 0.356162 0.396944 0.140044 0.0200531 0.421032 514.072 264780 1.64429
0.602 0.355765 0.397303 0.139993 0.020039 0.421832 514.084 264792 1.64705
0.601 0.355368 0.397668 0.139943 0.020025 0.422637 514.097 264806 1.64982
0.6 0.35497 0.398039 0.139894 0.0200114 0.423448 514.111 264820 1.65261
0.599 0.354572 0.398415 0.139845 0.019998 0.424265 514.126 264836 1.6554
0.598 0.354174 0.398797 0.139798 0.0199848 0.425087 514.142 264852 1.65821
0.597 0.353775 0.399184 0.139751 0.0199719 0.425916 514.159 264869 1.66103
0.596 0.353375 0.399577 0.139706 0.0199593 0.42675 514.177 264887 1.66386
0.595 0.352976 0.399975 0.139661 0.0199469 0.427591 514.195 264907 1.66671
0.594 0.352576 0.40038 0.139617 0.0199348 0.428438 514.215 264927 1.66956
0.593 0.352175 0.40079 0.139575 0.019923 0.429291 514.236 264949 1.67243
0.592 0.351775 0.401205 0.139533 0.0199115 0.430151 514.258 264971 1.67531
0.591 0.351373 0.401626 0.139492 0.0199002 0.431017 514.281 264995 1.6782
0.59 0.350972 0.402053 0.139452 0.0198892 0.43189 514.304 265019 1.68111
0.589 0.35057 0.402485 0.139413 0.0198785 0.43277 514.329 265045 1.68403
0.588 0.350167 0.402923 0.139375 0.019868 0.433657 514.355 265072 1.68696
0.587 0.349764 0.403366 0.139338 0.0198579 0.43455 514.382 265099 1.6899
0.586 0.349361 0.403815 0.139302 0.019848 0.435451 514.41 265128 1.69286
0.585 0.348957 0.404269 0.139267 0.0198384 0.436359 514.44 265158 1.69583
0.584 0.348552 0.404728 0.139233 0.0198291 0.437274 514.47 265190 1.69882
0.583 0.348148 0.405193 0.1392 0.0198201 0.438197 514.501 265222 1.70182
0.582 0.347742 0.405664 0.139168 0.0198114 0.439128 514.533 265255 1.70484
0.581 0.347337 0.40614 0.139137 0.019803 0.440066 514.567 265290 1.70787
0.58 0.346931 0.406621 0.139107 0.0197949 0.441012 514.602 265326 1.71092
0.579 0.346524 0.407107 0.139079 0.0197871 0.441966 514.638 265362 1.71398
0.578 0.346117 0.407598 0.139051 0.0197796 0.442929 514.674 265401 1.71705
0.577 0.345709 0.408095 0.139024 0.0197724 0.4439 514.713 265440 1.72015
0.576 0.345301 0.408597 0.138999 0.0197655 0.444879 514.752 265480 1.72326
0.575 0.344892 0.409104 0.138974 0.0197589 0.445867 514.792 265522 1.72639
0.574 0.344483 0.409616 0.138951 0.0197527 0.446864 514.834 265565 1.72953
0.573 0.344074 0.410133 0.138929 0.0197467 0.44787 514.877 265609 1.73269
0.572 0.343663 0.410655 0.138908 0.0197411 0.448885 514.921 265655 1.73587
0.571 0.343253 0.411181 0.138888 0.0197358 0.449909 514.966 265701 1.73907
0.57 0.342842 0.411713 0.138869 0.0197308 0.450942 515.012 265749 1.74229
0.569 0.34243 0.412249 0.138851 0.0197262 0.451986 515.06 265799 1.74553
0.568 0.342018 0.41279 0.138835 0.0197219 0.453039 515.109 265849 1.74879
0.567 0.341605 0.413336 0.13882 0.0197179 0.454102 515.159 265901 1.75206
0.566 0.341191 0.413887 0.138806 0.0197143 0.455175 515.211 265954 1.75536
0.565 0.340778 0.414442 0.138793 0.019711 0.456258 515.264 266009 1.75868
0.564 0.340363 0.415002 0.138781 0.019708 0.457352 515.318 266064 1.76202
0.563 0.339948 0.415567 0.138771 0.0197054 0.458457 515.373 266122 1.76539
0.562 0.339532 0.416136 0.138761 0.0197031 0.459573 515.43 266180 1.76877
0.561 0.339116 0.416709 0.138753 0.0197012 0.460699 515.488 266240 1.77218
0.56 0.3387 0.417287 0.138747 0.0196997 0.461837 515.547 266301 1.77562
0.559 0.338282 0.41787 0.138741 0.0196985 0.462986 515.608 266364 1.77907
0.558 0.337864 0.418457 0.138737 0.0196977 0.464147 515.67 266428 1.78256
0.557 0.337446 0.419049 0.138734 0.0196972 0.465319 515.733 266494 1.78606
0.556 0.337027 0.419645 0.138733 0.0196971 0.466504 515.798 266561 1.7896
0.555 0.336607 0.420245 0.138733 0.0196974 0.467701 515.864 266629 1.79316
0.554 0.336187 0.420851 0.138734 0.019698 0.46891 515.932 266699 1.79675
0.553 0.335766 0.421461 0.138736 0.0196991 0.470132 516.001 266771 1.80037
0.552 0.335345 0.422075 0.13874 0.0197005 0.471366 516.072 266844 1.80401
0.551 0.334923 0.422694 0.138745 0.0197023 0.472614 516.143 266918 1.80769
0.55 0.3345 0.423318 0.138752 0.0197045 0.473874 516.217 266994 1.81139
0.549 0.334077 0.423947 0.138759 0.0197071 0.475149 516.292 267072 1.81512
0.548 0.333653 0.424581 0.138769 0.01971 0.476436 516.368 267151 1.81889
0.547 0.333228 0.425219 0.138779 0.0197134 0.477738 516.446 267232 1.82269
0.546 0.332803 0.425863 0.138792 0.0197172 0.479054 516.526 267314 1.82652
0.545 0.332377 0.426512 0.138805 0.0197214 0.480384 516.607 267398 1.83038
0.544 0.33195 0.427166 0.13882 0.0197261 0.481728 516.689 267483 1.83428
0.543 0.331523 0.427825 0.138837 0.0197311 0.483088 516.773 267570 1.83821
0.542 0.331095 0.42849 0.138855 0.0197366 0.484462 516.859 267659 1.84218
0.541 0.330667 0.429161 0.138875 0.0197425 0.485851 516.946 267750 1.84618
0.54 0.330238 0.429838 0.138896 0.0197488 0.487256 517.035 267842 1.85022
0.539 0.329808 0.430521 0.138918 0.0197555 0.488677 517.125 267936 1.8543
0.538 0.329377 0.431211 0.138942 0.0197628 0.490113 517.218 268031 1.85841
0.537 0.328946 0.431906 0.138968 0.0197704 0.491566 517.311 268129 1.86257
0.536 0.328514 0.432609 0.138995 0.0197785 0.493035 517.407 268228 1.86676
0.535 0.328082 0.433318 0.139024 0.0197871 0.494521 517.504 268329 1.87099
0.534 0.327648 0.434035 0.139055 0.0197961 0.496024 517.603 268431 1.87527
0.533 0.327214 0.434759 0.139087 0.0198056 0.497544 517.704 268536 1.87958
0.532 0.326779 0.435491 0.139121 0.0198156 0.499081 517.806 268642 1.88394
0.531 0.326344 0.436231 0.139156 0.019826 0.500637 517.91 268750 1.88834
0.53 0.325908 0.436979 0.139194 0.0198369 0.50221 518.016 268860 1.89279
0.529 0.32547 0.437736 0.139232 0.0198484 0.503802 518.124 268972 1.89728
0.528 0.325033 0.438502 0.139273 0.0198603 0.505412 518.233 269086 1.90182
0.527 0.324594 0.439277 0.139315 0.0198727 0.507041 518.345 269202 1.9064
0.526 0.324155 0.440062 0.13936 0.0198856 0.50869 518.458 269320 1.91103
0.525 0.323715 0.440857 0.139406 0.0198991 0.510358 518.573 269439 1.91571
0.524 0.323274 0.441662 0.139453 0.0199131 0.512046 518.69 269561 1.92043
0.523 0.322832 0.442478 0.139503 0.0199276 0.513754 518.809 269685 1.92521
0.522 0.322389 0.443305 0.139555 0.0199426 0.515483 518.93 269811 1.93003
0.521 0.321946 0.444143 0.139608 0.0199582 0.517233 519.053 269939 1.93491
0.52 0.321502 0.444993 0.139663 0.0199743 0.519004 519.177 270069 1.93984
0.519 0.321057 0.445856 0.13972 0.019991 0.520797 519.304 270201 1.94482
0.518 0.320611 0.446731 0.13978 0.0200083 0.522612 519.433 270335 1.94985
0.517 0.320164 0.447619 0.139841 0.0200262 0.524449 519.564 270472 1.95494
0.516 0.319716 0.448521 0.139904 0.0200446 0.526309 519.697 270611 1.96009
0.515 0.319268 0.449436 0.139969 0.0200636 0.528192 519.832 270751 1.96529
0.514 0.318818 0.450366 0.140036 0.0200832 0.530099 519.969 270895 1.97055
0.513 0.318368 0.45131 0.140106 0.0201034 0.532029 520.109 271040 1.97586
0.512 0.317916 0.45227 0.140177 0.0201243 0.533985 520.25 271188 1.98124
0.511 0.317464 0.453245 0.140251 0.0201458 0.535965 520.394 271338 1.98667
0.51 0.31701 0.454236 0.140327 0.0201679 0.537971 520.54 271491 1.99216
0.509 0.316556 0.455244 0.140405 0.0201907 0.540003 520.688 271646 1.99772
0.508 0.3161 0.456268 0.140485 0.0202141 0.542061 520.839 271803 2.00334
0.507 0.315644 0.45731 0.140567 0.0202382 0.544146 520.992 271963 2.00902
0.506 0.315186 0.458369 0.140652 0.0202629 0.546258 521.147 272125 2.01477
0.505 0.314728 0.459447 0.140739 0.0202884 0.548399 521.304 272290 2.02058
0.504 0.314268 0.460543 0.140829 0.0203146 0.550568 521.464 272458 2.02646
0.503 0.313807 0.461658 0.140921 0.0203414 0.552767 521.627 272628 2.03241
0.502 0.313345 0.462792 0.141015 0.020369 0.554995 521.791 272800 2.03843
0.501 0.312882 0.463946 0.141112 0.0203974 0.557253 521.959 272976 2.04452
0.5 0.312418 0.465121 0.141212 0.0204264 0.559543 522.129 273154 2.05068
0.499 0.311953 0.466316 0.141314 0.0204563 0.561864 522.301 273335 2.05691
0.498 0.311486 0.467532 0.141418 0.0204869 0.564217 522.476 273518 2.06322
0.497 0.311018 0.46877 0.141525 0.0205183 0.566604 522.654 273705 2.06961
0.496 0.310549 0.47003 0.141635 0.0205505 0.569025 522.834 273894 2.07607
0.495 0.310079 0.471311 0.141748 0.0205836 0.57148 523.017 274086 2.08261
0.494 0.309607 0.472616 0.141863 0.0206174 0.57397 523.203 274282 2.08923
0.493 0.309134 0.473944 0.141981 0.0206521 0.576496 523.392 274480 2.09594
0.492 0.30866 0.475296 0.142102 0.0206877 0.57906 523.583 274681 2.10273
0.491 0.308184 0.476672 0.142226 0.0207241 0.581661 523.777 274885 2.1096
0.49 0.307707 0.478072 0.142353 0.0207614 0.584301 523.975 275093 2.11656
0.489 0.307229 0.479498 0.142483 0.0207997 0.58698 524.175 275304 2.12362
0.488 0.306749 0.480949 0.142616 0.0208388 0.589701 524.378 275517 2.13076
0.487 0.306267 0.482425 0.142752 0.0208789 0.592462 524.584 275735 2.138
0.486 0.305784 0.483929 0.142891 0.02092 0.595266 524.793 275955 2.14534
0.485 0.3053 0.485459 0.143033 0.020962 0.598114 525.006 276179 2.15278
0.484 0.304814 0.487017 0.143178 0.0210051 0.601007 525.221 276406 2.16032
0.483 0.304326 0.488603 0.143327 0.0210491 0.603945 525.44 276637 2.16796
0.482 0.303837 0.490218 0.143479 0.0210942 0.60693 525.662 276872 2.17571
0.481 0.303346 0.491862 0.143635 0.0211403 0.609964 525.887 277110 2.18357
0.48 0.302854 0.493536 0.143794 0.0211876 0.613046 526.116 277351 2.19154
0.479 0.30236 0.49524 0.143956 0.0212359 0.61618 526.348 277597 2.19963
0.478 0.301864 0.496975 0.144123 0.0212853 0.619365 526.584 277846 2.20784
0.477 0.301366 0.498742 0.144292 0.0213359 0.622604 526.823 278099 2.21618
0.476 0.300867 0.500542 0.144466 0.0213876 0.625898 527.065 278356 2.22464
0.475 0.300365 0.502375 0.144643 0.0214405 0.629248 527.312 278617 2.23323
0.474 0.299862 0.504243 0.144824 0.0214947 0.632655 527.562 278882 2.24195
0.473 0.299357 0.506145 0.145009 0.02155 0.636122 527.816 279151 2.25082
0.472 0.29885 0.508083 0.145198 0.0216066 0.639651 528.073 279425 2.25983
0.471 0.298341 0.510058 0.145391 0.0216646 0.643241 528.335 279703 2.26898
0.47 0.29783 0.512071 0.145588 0.0217238 0.646897 528.601 279985 2.27829
0.469 0.297317 0.514122 0.14579 0.0217844 0.650618 528.87 280271 2.28775
0.468 0.296802 0.516214 0.145995 0.0218463 0.654408 529.144 280562 2.29738
0.467 0.296285 0.518346 0.146205 0.0219097 0.658268 529.422 280858 2.30717
0.466 0.295766 0.520521 0.14642 0.0219744 0.662199 529.704 281159 2.31713
0.465 0.295244 0.522739 0.146639 0.0220407 0.666205 529.991 281464 2.32727
0.464 0.29472 0.525002 0.146862 0.0221084 0.670288 530.282 281774 2.3376
0.463 0.294194 0.527312 0.14709 0.0221777 0.674449 530.578 282089 2.34811
0.462 0.293666 0.529668 0.147323 0.0222486 0.678691 530.878 282410 2.35883
0.461 0.293135 0.532075 0.147561 0.022321 0.683017 531.183 282735 2.36974
0.46 0.292602 0.534532 0.147804 0.0223951 0.687428 531.492 283066 2.38086
0.459 0.292066 0.537041 0.148052 0.0224708 0.691928 531.807 283402 2.3922
0.458 0.291528 0.539605 0.148305 0.0225483 0.69652 532.126 283744 2.40375
0.457 0.290987 0.542225 0.148564 0.0226275 0.701206 532.451 284092 2.41554
0.456 0.290443 0.544903 0.148828 0.0227086 0.705988 532.781 284445 2.42757
0.455 0.289897 0.547641 0.149097 0.0227915 0.710871 533.116 284805 2.43984
0.454 0.289348 0.550441 0.149372 0.0228762 0.715858 533.457 285170 2.45236
0.453 0.288796 0.553306 0.149653 0.022963 0.720951 533.803 285542 2.46515
0.452 0.288241 0.556238 0.149939 0.0230517 0.726155 534.155 285920 2.4782
0.451 0.287683 0.559238 0.150232 0.0231424 0.731473 534.513 286304 2.49154
0.45 0.287123 0.562311 0.150531 0.0232352 0.736909 534.876 286696 2.50516
0.449 0.286559 0.565458 0.150836 0.0233302 0.742466 535.246 287094 2.51908
0.448 0.285992 0.568682 0.151147 0.0234274 0.74815 535.622 287499 2.53331
0.447 0.285421 0.571986 0.151465 0.0235269 0.753965 536.004 287911 2.54785
0.446 0.284847 0.575372 0.15179 0.0236287 0.759914 536.393 288330 2.56273
0.445 0.28427 0.578845 0.152122 0.0237329 0.766004 536.788 288758 2.57795
0.444 0.28369 0.582408 0.152461 0.0238395 0.772238 537.191 289192 2.59351
0.443 0.283105 0.586062 0.152807 0.0239487 0.778623 537.6 289635 2.60944
0.442 0.282517 0.589813 0.15316 0.0240605 0.785165 538.016 290086 2.62575
0.441 0.281925 0.593664 0.153521 0.024175 0.791868 538.44 290545 2.64245
0.44 0.28133 0.597618 0.15389 0.0242923 0.79874 538.872 291013 2.65955
0.439 0.28073 0.60168 0.154267 0.0244124 0.805787 539.311 291490 2.67708
0.438 0.280126 0.605853 0.154652 0.0245354 0.813016 539.758 291976 2.69503
0.437 0.279518 0.610142 0.155045 0.0246615 0.820434 540.213 292471 2.71344
0.436 0.278905 0.614551 0.155448 0.0247907 0.828049 540.677 292975 2.73231
0.435 0.278288 0.619084 0.155859 0.0249232 0.835869 541.149 293490 2.75167
0.434 0.277667 0.623748 0.156279 0.025059 0.843903 541.63 294014 2.77153
0.433 0.277041 0.628545 0.156709 0.0251982 0.85216 542.12 294550 2.79191
0.432 0.27641 0.633483 0.157148 0.025341 0.86065 542.62 295095 2.81284
0.431 0.275773 0.638565 0.157598 0.0254875 0.869383 543.129 295652 2.83433
0.43 0.275132 0.643799 0.158057 0.0256379 0.878369 543.648 296221 2.85641
0.429 0.274486 0.649189 0.158528 0.0257922 0.887621 544.177 296801 2.87911
0.428 0.273834 0.654741 0.159009 0.0259506 0.89715 544.717 297393 2.90244
0.427 0.273176 0.660464 0.159502 0.0261132 0.906969 545.268 297998 2.92645
0.426 0.272512 0.666362 0.160006 0.0262803 0.917092 545.829 298616 2.95115
0.425 0.271843 0.672444 0.160523 0.0264519 0.927534 546.403 299247 2.97658
0.424 0.271167 0.678717 0.161051 0.0266283 0.938309 546.988 299892 3.00277
0.423 0.270485 0.68519 0.161593 0.0268096 0.949435 547.585 300551 3.02975
0.422 0.269797 0.69187 0.162148 0.0269961 0.960928 548.195 301225 3.05758
0.421 0.269101 0.698768 0.162717 0.0271879 0.972808 548.818 301915 3.08627
0.42 0.268399 0.705892 0.1633 0.0273852 0.985093 549.455 302620 3.11589
0.419 0.267689 0.713254 0.163898 0.0275883 0.997805 550.106 303342 3.14647
0.418 0.266972 0.720865 0.164511 0.0277975 1.01097 550.771 304080 3.17806
0.417 0.266248 0.728736 0.16514 0.028013 1.0246 551.451 304837 3.21071
0.416 0.265515 0.736881 0.165785 0.028235 1.03874 552.147 305611 3.24449
0.415 0.264774 0.745315 0.166448 0.0284638 1.0534 552.858 306405 3.27945
0.414 0.264024 0.754053 0.167128 0.0286998 1.06862 553.587 307218 3.31565
0.413 0.263266 0.763111 0.167827 0.0289433 1.08443 554.332 308052 3.35318
0.412 0.262498 0.772509 0.168544 0.0291946 1.10086 555.096 308907 3.3921
0.411 0.261721 0.782266 0.169282 0.0294541 1.11796 555.878 309785 3.43249
0.41 0.260933 0.792406 0.170041 0.0297222 1.13576 556.68 310686 3.47446
0.409 0.260136 0.802954 0.170821 0.0299993 1.1543 557.502 311611 3.5181
0.408 0.259328 0.813938 0.171623 0.0302859 1.17365 558.345 312561 3.56351
0.407 0.258508 0.825389 0.17245 0.0305825 1.19385 559.21 313538 3.61083
0.406 0.257677 0.837342 0.173301 0.0308895 1.21497 560.098 314542 3.66018
0.405 0.256833 0.84984 0.174177 0.0312076 1.23707 561.01 315576 3.71173
0.404 0.255977 0.862938 0.175081 0.0315374 1.26023 561.947 316640 3.76566
0.403 0.255108 0.876747 0.176014 0.0318796 1.2846 562.911 317736 3.82226
0.402 0.254224 0.891629 0.176976 0.0322352 1.31049 563.902 318866 3.88227
0.401 0.253324 0.909332 0.177972 0.0326062 1.33921 564.925 320034 3.94869
0.4 0.252402 0.939423 0.179009 0.033001 1.37763 565.985 321253 4.03707
0.399 0.251425 1.03735 0.180133 0.0334623 1.46445 567.122 322585 4.23489
0.398 0.250207 1.5351 0.181589 0.0342372 1.82743 568.547 324389 5.05432
0.397 0.247624 4.4628 0.184849 0.0368142 3.8376 571.527 328809 9.55022
0.396 0.236869 21.9368 0.198773 0.0502028 15.5521 583.669 348772 35.0583
0.395 0.181647 107.545 0.270271 0.122373 71.9295 645.22 452842 143.345
0.394 -0.00341154 240.818 0.508445 0.365918 157.014 849.61 800914 236.232
0.393 -0.196812 117.87 0.754585 0.619928 74.0579 1060.44 1.1616e+06 88.9383
0.392 -0.259369 27.0419 0.831151 0.700897 14.8174 1125.73 1.27459e+06 16.6093
0.391 -0.274575 8.63051 0.846925 0.71935 3.04581 1138.91 1.29857e+06 3.25979
0.39 -0.2813 5.66746 0.851935 0.726622 1.22341 1142.89 1.30674e+06 1.22955
0.389 -0.286629 5.11544 0.855238 0.732059 0.928289 1145.41 1.31237e+06 0.907662
0.388 -0.291638 4.92192 0.858199 0.737081 0.854294 1147.65 1.31747e+06 0.831424
0.387 -0.296491 4.78712 0.861019 0.7419 0.8136 1149.78 1.32234e+06 0.791819
0.386 -0.301218 4.66799 0.863733 0.746558 0.779825 1151.82 1.32702e+06 0.759631
0.385 -0.30583 4.55786 0.866353 0.751069 0.749136 1153.79 1.33155e+06 0.730646
0.384 -0.310336 4.4552 0.868887 0.755444 0.720798 1155.69 1.33592e+06 0.704066
0.383 -0.314743 4.35926 0.871339 0.759693 0.69452 1157.52 1.34016e+06 0.679579
0.382 -0.319057 4.26943 0.873716 0.763823 0.670093 1159.3 1.34427e+06 0.656961
0.381 -0.323285 4.18522 0.876022 0.767843 0.647337 1161.02 1.34826e+06 0.636017
0.38 -0.32743 4.10614 0.878263 0.771758 0.626092 1162.69 1.35213e+06 0.616576
0.379 -0.331499 4.03177 0.880442 0.775576 0.606215 1164.32 1.3559e+06 0.598482
0.378 -0.335496 3.96171 0.882563 0.779303 0.587575 1165.9 1.35957e+06 0.581597
0.377 -0.339424 3.89561 0.88463 0.782943 0.570055 1167.43 1.36315e+06 0.565797
0.376 -0.343288 3.83311 0.886645 0.786501 0.553546 1168.93 1.36664e+06 0.55097
0.375 -0.347092 3.77389 0.888612 0.789982 0.537949 1170.39 1.37005e+06 0.537019
0.374 -0.350837 3.71763 0.890533 0.793389 0.523177 1171.81 1.37338e+06 0.523858
0.373 -0.354528 3.66405 0.892411 0.796727 0.509147 1173.21 1.37663e+06 0.511413
0.372 -0.358166 3.61285 0.894247 0.799998 0.495788 1174.56 1.37982e+06 0.499621
0.371 -0.361754 3.56377 0.896044 0.803205 0.483033 1175.89 1.38294e+06 0.488427
0.37 -0.365294 3.51656 0.897802 0.806351 0.470826 1177.19 1.38599e+06 0.477789
0.369 -0.368788 3.47101 0.899524 0.809438 0.459116 1178.47 1.38899e+06 0.467666
0.368 -0.372237 3.42692 0.901211 0.812468 0.447859 1179.71 1.39192e+06 0.458027
0.367 -0.375642 3.38412 0.902864 0.815443 0.437018 1180.93 1.3948e+06 0.448846
0.366 -0.379005 3.34248 0.904485 0.818364 0.426561 1182.13 1.39762e+06 0.440096
0.365 -0.382327 3.30188 0.906074 0.821233 0.416462 1183.3 1.40038e+06 0.431758
0.364 -0.385609 3.26225 0.907632 0.824052 0.4067 1184.45 1.4031e+06 0.423809
0.363 -0.388851 3.22352 0.90916 0.826822 0.397257 1185.58 1.40577e+06 0.41623
0.362 -0.392056 3.18567 0.910659 0.829543 0.388118 1186.68 1.40839e+06 0.409
0.361 -0.395223 3.14868 0.912129 0.832218 0.379272 1187.76 1.41096e+06 0.4021
0.36 -0.398353 3.11254 0.913573 0.834847 0.370709 1188.83 1.41348e+06 0.395508
0.359 -0.401447 3.07725 0.914989 0.837432 0.36242 1189.87 1.41596e+06 0.389204
0.358 -0.404507 3.04281 0.91638 0.839973 0.354397 1190.9 1.4184e+06 0.383168
0.357 -0.407532 3.0092 0.917746 0.842472 0.346631 1191.9 1.42079e+06 0.377379
0.356 -0.410525 2.97643 0.919087 0.84493 0.339114 1192.89 1.42315e+06 0.371817
0.355 -0.413485 2.94448 0.920404 0.847348 0.331837 1193.86 1.42546e+06 0.366465
0.354 -0.416413 2.91332 0.921698 0.849727 0.324792 1194.82 1.42774e+06 0.361305
0.353 -0.419311 2.88293 0.92297 0.852068 0.317968 1195.75 1.42998e+06 0.356323
0.352 -0.422178 2.85329 0.924219 0.854372 0.311357 1196.68 1.43218e+06 0.351507
0.351 -0.425017 2.82436 0.925448 0.856639 0.304949 1197.58 1.43435e+06 0.346847
0.35 -0.427826 2.79613 0.926655 0.858872 0.298736 1198.47 1.43648e+06 0.342335
0.349 -0.430608 2.76858 0.927843 0.86107 0.292708 1199.35 1.43858e+06 0.337966
0.348 -0.433363 2.7417 0.929011 0.863234 0.286859 1200.21 1.44065e+06 0.333738
0.347 -0.436091 2.7155 0.930159 0.865366 0.281182 1201.06 1.44269e+06 0.32965
0.346 -0.438794 2.68999 0.93129 0.867466 0.27567 1201.9 1.44469e+06 0.3257
0.345 -0.441471 2.66517 0.932402 0.869535 0.270317 1202.72 1.44666e+06 0.321891
0.344 -0.444124 2.64107 0.933496 0.871573 0.265119 1203.53 1.44861e+06 0.318222
0.343 -0.446753 2.6177 0.934573 0.873582 0.26007 1204.33 1.45053e+06 0.314692
0.342 -0.449359 2.59506 0.935634 0.875562 0.255164 1205.11 1.45242e+06 0.311298
0.341 -0.451943 2.57314 0.936679 0.877515 0.250395 1205.89 1.45429e+06 0.308038
0.34 -0.454506 2.55195 0.937707 0.87944 0.245757 1206.65 1.45613e+06 0.304904
0.339 -0.457047 2.53144 0.938721 0.881339 0.241242 1207.4 1.45794e+06 0.301887
0.338 -0.459569 2.51157 0.93972 0.883213 0.236844 1208.14 1.45974e+06 0.298977
0.337 -0.462071 2.49228 0.940704 0.885061 0.232553 1208.88 1.46151e+06 0.296161
0.336 -0.464554 2.47352 0.941675 0.886885 0.228363 1209.6 1.46326e+06 0.293426
0.335 -0.467018 2.45519 0.942632 0.888685 0.224264 1210.32 1.46498e+06 0.290758
0.334 -0.469465 2.43723 0.943575 0.890462 0.22025 1211.02 1.46669e+06 0.288143
0.333 -0.471893 2.41956 0.944505 0.892215 0.216314 1211.72 1.46838e+06 0.285569
0.332 -0.474305 2.4021 0.945423 0.893946 0.21245 1212.41 1.47005e+06 0.283025
0.331 -0.476698 2.38479 0.946327 0.895655 0.208653 1213.09 1.4717e+06 0.280503
0.33 -0.479075 2.36759 0.947219 0.897341 0.20492 1213.76 1.47333e+06 0.277997
0.329 -0.481434 2.35045 0.948099 0.899006 0.201248 1214.43 1.47495e+06 0.275506
0.328 -0.483776 2.33335 0.948966 0.900649 0.197637 1215.09 1.47654e+06 0.273029
0.327 -0.486101 2.31627 0.949821 0.90227 0.194087 1215.73 1.47812e+06 0.270571
0.326 -0.488409 2.29921 0.950664 0.903869 0.190597 1216.38 1.47968e+06 0.268135
0.325 -0.4907 2.28219 0.951495 0.905448 0.187168 1217.01 1.48122e+06 0.265729
0.324 -0.492974 2.26521 0.952314 0.907005 0.183802 1217.64 1.48274e+06 0.263361
0.323 -0.495231 2.24829 0.953121 0.908541 0.180499 1218.25 1.48425e+06 0.261039
0.322 -0.497471 2.23145 0.953917 0.910056 0.17726 1218.87 1.48573e+06 0.258771
0.321 -0.499694 2.21473 0.954701 0.911551 0.174086 1219.47 1.4872e+06 0.256565
0.32 -0.5019 2.19814 0.955474 0.913025 0.170975 1220.06 1.48866e+06 0.254428
0.319 -0.50409 2.18171 0.956236 0.91448 0.167929 1220.65 1.49009e+06 0.252362
0.318 -0.506264 2.16545 0.956986 0.915914 0.164944 1221.23 1.49151e+06 0.250372
0.317 -0.508421 2.14939 0.957726 0.917328 0.162021 1221.81 1.49291e+06 0.248459
0.316 -0.510562 2.13355 0.958455 0.918723 0.159157 1222.38 1.4943e+06 0.246621
0.315 -0.512688 2.11795 0.959173 0.920099 0.15635 1222.94 1.49567e+06 0.244858
0.314 -0.514798 2.1026 0.959881 0.921455 0.153599 1223.49 1.49702e+06 0.243165
0.313 -0.516892 2.08752 0.960579 0.922793 0.150901 1224.04 1.49836e+06 0.241537
0.312 -0.518972 2.07272 0.961266 0.924113 0.148255 1224.58 1.49968e+06 0.239971
0.311 -0.521037 2.05823 0.961943 0.925414 0.145659 1225.11 1.50099e+06 0.238459
0.31 -0.523088 2.04404 0.962611 0.926697 0.143111 1225.64 1.50228e+06 0.236996
0.309 -0.525124 2.03017 0.963269 0.927963 0.14061 1226.16 1.50356e+06 0.235576
0.308 -0.527147 2.01662 0.963918 0.929211 0.138154 1226.67 1.50482e+06 0.234195
0.307 -0.529156 2.00339 0.964557 0.930442 0.135743 1227.18 1.50607e+06 0.232849
0.306 -0.531152 1.99047 0.965187 0.931657 0.133375 1227.69 1.5073e+06 0.231533
0.305 -0.533135 1.97787 0.965809 0.932856 0.131048 1228.18 1.50852e+06 0.230246
0.304 -0.535106 1.96556 0.966421 0.934038 0.128762 1228.68 1.50973e+06 0.228987
0.303 -0.537064 1.95354 0.967026 0.935205 0.126516 1229.16 1.51093e+06 0.227756
0.302 -0.539011 1.94178 0.967622 0.936357 0.124307 1229.65 1.51211e+06 0.226555
0.301 -0.540946 1.93026 0.96821 0.937494 0.122135 1230.12 1.51328e+06 0.225387
0.3 -0.542869 1.91896 0.96879 0.938616 0.119999 1230.59 1.51444e+06 0.224253
0.299 -0.544782 1.90785 0.969362 0.939723 0.117896 1231.06 1.5156e+06 0.223159
0.298 -0.546683 1.89692 0.969926 0.940817 0.115827 1231.52 1.51674e+06 0.222107
0.297 -0.548573 1.88612 0.970483 0.941896 0.113789 1231.98 1.51787e+06 0.221099
0.296 -0.550453 1.87544 0.971033 0.942962 0.111782 1232.44 1.51899e+06 0.22014
0.295 -0.552323 1.86486 0.971575 0.944014 0.109805 1232.89 1.5201e+06 0.219228
0.294 -0.554182 1.85434 0.97211 0.945053 0.107856 1233.34 1.5212e+06 0.218364
0.293 -0.55603 1.84387 0.972638 0.946079 0.105936 1233.78 1.52229e+06 0.217545
0.292 -0.557868 1.83344 0.973159 0.947091 0.104042 1234.22 1.52337e+06 0.216768
0.291 -0.559697 1.82303 0.973673 0.94809 0.102177 1234.65 1.52445e+06 0.216025
0.29 -0.561514 1.81263 0.97418 0.949076 0.100338 1235.09 1.52551e+06 0.21531
0.289 -0.563322 1.80224 0.974679 0.950049 0.0985259 1235.51 1.52657e+06 0.214614
0.288 -0.56512 1.79185 0.975172 0.951009 0.0967406 1235.94 1.52762e+06 0.213926
0.287 -0.566907 1.78148 0.975658 0.951956 0.0949822 1236.36 1.52866e+06 0.213237
0.286 -0.568684 1.77112 0.976137 0.95289 0.0932506 1236.78 1.52969e+06 0.212535
0.285 -0.570451 1.7608 0.976609 0.953811 0.0915458 1237.19 1.53071e+06 0.211811
0.284 -0.572208 1.75052 0.977075 0.954719 0.0898679 1237.6 1.53172e+06 0.211056
0.283 -0.573955 1.7403 0.977533 0.955614 0.088217 1238 1.53272e+06 0.210263
0.282 -0.575692 1.73015 0.977985 0.956496 0.0865932 1238.4 1.53371e+06 0.209426
0.281 -0.577418 1.72009 0.97843 0.957366 0.0849964 1238.8 1.5347e+06 0.208542
0.28 -0.579135 1.71013 0.978868 0.958223 0.0834268 1239.19 1.53567e+06 0.20761
0.279 -0.580841 1.70029 0.979299 0.959067 0.0818845 1239.58 1.53664e+06 0.206634
0.278 -0.582538 1.69058 0.979724 0.959898 0.0803696 1239.97 1.53759e+06 0.205616
0.277 -0.584225 1.68101 0.980143 0.960717 0.0788822 1240.35 1.53854e+06 0.204565
0.276 -0.585903 1.67157 0.980555 0.961524 0.0774225 1240.73 1.53948e+06 0.203488
0.275 -0.58757 1.66228 0.98096 0.962319 0.0759905 1241.1 1.5404e+06 0.202398
0.274 -0.589229 1.65312 0.981359 0.963102 0.0745862 1241.47 1.54132e+06 0.201305
0.273 -0.590878 1.6441 0.981752 0.963872 0.0732097 1241.84 1.54223e+06 0.200224
0.272 -0.592517 1.63521 0.982139 0.964632 0.0718606 1242.2 1.54314e+06 0.199166
0.271 -0.594148 1.62644 0.98252 0.965379 0.0705385 1242.56 1.54403e+06 0.198146
0.27 -0.595769 1.61778 0.982895 0.966115 0.0692427 1242.92 1.54492e+06 0.197173
0.269 -0.597382 1.60921 0.983264 0.96684 0.0679723 1243.27 1.5458e+06 0.196257
0.268 -0.598985 1.60073 0.983627 0.967554 0.066726 1243.62 1.54667e+06 0.195407
0.267 -0.60058 1.59232 0.983985 0.968256 0.0655021 1243.97 1.54753e+06 0.194627
0.266 -0.602166 1.58397 0.984336 0.968948 0.0642988 1244.31 1.54838e+06 0.193919
0.265 -0.603744 1.57568 0.984682 0.969629 0.0631139 1244.65 1.54923e+06 0.193281
0.264 -0.605312 1.56743 0.985023 0.970299 0.061945 1244.99 1.55007e+06 0.19271
0.263 -0.606873 1.55922 0.985358 0.970958 0.0607896 1245.33 1.5509e+06 0.192199
0.262 -0.608425 1.55106 0.985688 0.971607 0.0596452 1245.66 1.55172e+06 0.191739
0.261 -0.609968 1.54294 0.986012 0.972246 0.0585093 1245.98 1.55254e+06 0.191319
0.26 -0.611503 1.53487 0.98633 0.972874 0.0573796 1246.31 1.55335e+06 0.190928
0.259 -0.61303 1.52686 0.986644 0.973491 0.056254 1246.63 1.55415e+06 0.190554
0.258 -0.614549 1.51893 0.986952 0.974099 0.055131 1246.95 1.55495e+06 0.190185
0.257 -0.616059 1.51107 0.987255 0.974696 0.0540094 1247.27 1.55574e+06 0.189813
0.256 -0.617562 1.50331 0.987553 0.975284 0.0528886 1247.58 1.55652e+06 0.189428
0.255 -0.619057 1.49565 0.987845 0.975861 0.0517686 1247.89 1.55729e+06 0.189024
0.254 -0.620544 1.48809 0.988133 0.976429 0.05065 1248.2 1.55806e+06 0.188596
0.253 -0.622024 1.48064 0.988416 0.976987 0.049534 1248.51 1.55883e+06 0.188145
0.252 -0.623496 1.47329 0.988694 0.977536 0.0484224 1248.81 1.55958e+06 0.18767
0.251 -0.624961 1.46604 0.988967 0.978076 0.0473172 1249.11 1.56034e+06 0.187176
0.25 -0.626419 1.45886 0.989235 0.978606 0.0462211 1249.41 1.56108e+06 0.186666
0.249 -0.62787 1.45173 0.989499 0.979127 0.0451368 1249.71 1.56182e+06 0.18615
0.248 -0.629315 1.44465 0.989758 0.979639 0.0440671 1250 1.56256e+06 0.185634
0.247 -0.630752 1.43758 0.990012 0.980143 0.043015 1250.29 1.56329e+06 0.185129
0.246 -0.632183 1.4305 0.990262 0.980637 0.0419831 1250.58 1.56401e+06 0.184644
0.245 -0.633607 1.4234 0.990508 0.981123 0.0409737 1250.87 1.56473e+06 0.184189
0.244 -0.635024 1.41625 0.990749 0.981601 0.0399888 1251.15 1.56544e+06 0.183775
0.243 -0.636435 1.40904 0.990986 0.982069 0.0390299 1251.44 1.56615e+06 0.183412
0.242 -0.637839 1.40177 0.991218 0.98253 0.0380978 1251.72 1.56686e+06 0.183106
0.241 -0.639237 1.39445 0.991446 0.982981 0.0371927 1252 1.56756e+06 0.182865
0.24 -0.640627 1.38708 0.99167 0.983425 0.0363144 1252.28 1.56825e+06 0.182693
0.239 -0.642011 1.37968 0.991889 0.983859 0.0354617 1252.55 1.56894e+06 0.182593
0.238 -0.643388 1.37226 0.992105 0.984286 0.0346331 1252.82 1.56962e+06 0.182564
0.237 -0.644758 1.36484 0.992315 0.984704 0.0338264 1253.09 1.5703e+06 0.182603
0.236 -0.646121 1.35743 0.992522 0.985114 0.0330391 1253.36 1.57097e+06 0.182701
0.235 -0.647476 1.35003 0.992725 0.985515 0.0322682 1253.63 1.57163e+06 0.18285
0.234 -0.648825 1.34264 0.992923 0.985909 0.0315109 1253.89 1.57229e+06 0.183036
0.233 -0.650167 1.33523 0.993117 0.986294 0.030764 1254.15 1.57295e+06 0.183244
0.232 -0.651501 1.32777 0.993307 0.986671 0.0300247 1254.41 1.5736e+06 0.183456
0.231 -0.652828 1.32018 0.993493 0.987041 0.0292906 1254.66 1.57424e+06 0.183654
0.23 -0.654147 1.31236 0.993675 0.987402 0.0285597 1254.92 1.57487e+06 0.183819
0.229 -0.655458 1.3042 0.993853 0.987755 0.0278307 1255.17 1.5755e+06 0.183935
0.228 -0.656761 1.29552 0.994027 0.9881 0.0271029 1255.42 1.57613e+06 0.183986
0.227 -0.658053 1.28613 0.994197 0.988438 0.0263768 1255.66 1.57674e+06 0.183958
0.226 -0.659336 1.2758 0.994362 0.988767 0.0256535 1255.91 1.57735e+06 0.183844
0.225 -0.660608 1.26425 0.994524 0.989088 0.024935 1256.15 1.57795e+06 0.183636
0.224 -0.661866 1.25119 0.994681 0.9894 0.0242239 1256.38 1.57855e+06 0.183335
0.223 -0.66311 1.2363 0.994834 0.989705 0.0235238 1256.62 1.57913e+06 0.182944
0.222 -0.664338 1.21928 0.994983 0.99 0.0228385 1256.84 1.57971e+06 0.18247
0.221 -0.665547 1.1998 0.995127 0.990286 0.0221719 1257.07 1.58027e+06 0.181925
0.22 -0.666735 1.17761 0.995266 0.990563 0.0215284 1257.29 1.58083e+06 0.181324
0.219 -0.667899 1.15247 0.995401 0.990831 0.0209117 1257.51 1.58137e+06 0.180683
0.218 -0.669037 1.12424 0.99553 0.991088 0.0203257 1257.72 1.5819e+06 0.180023
0.217 -0.670144 1.09286 0.995655 0.991336 0.0197734 1257.92 1.58241e+06 0.179363
0.216 -0.671218 1.0584 0.995774 0.991572 0.0192574 1258.12 1.58291e+06 0.178724
0.215 -0.672256 1.02102 0.995887 0.991798 0.0187795 1258.31 1.58339e+06 0.178124
0.214 -0.673256 0.980986 0.995995 0.992013 0.0183408 1258.49 1.58385e+06 0.177582
0.213 -0.674214 0.938683 0.996097 0.992216 0.0179419 1258.67 1.58429e+06 0.177114
0.212 -0.675129 0.894565 0.996193 0.992408 0.0175824 1258.84 1.58472e+06 0.176734
0.211 -0.676 0.849144 0.996284 0.992588 0.0172616 1259 1.58512e+06 0.176452
0.21 -0.676824 0.802965 0.996369 0.992758 0.0169783 1259.15 1.5855e+06 0.176277
0.209 -0.677603 0.756571 0.996449 0.992916 0.0167308 1259.29 1.58586e+06 0.176214
0.208 -0.678336 0.710485 0.996523 0.993063 0.0165172 1259.42 1.58619e+06 0.176264
0.207 -0.679023 0.665185 0.996591 0.9932 0.0163356 1259.55 1.58651e+06 0.176428
0.206 -0.679665 0.621091 0.996655 0.993327 0.0161837 1259.67 1.5868e+06 0.176702
0.205 -0.680264 0.578553 0.996714 0.993445 0.0160594 1259.77 1.58708e+06 0.177083
0.204 -0.680821 0.537846 0.996769 0.993554 0.0159607 1259.88 1.58733e+06 0.177564
0.203 -0.681338 0.499175 0.996819 0.993654 0.0158856 1259.97 1.58757e+06 0.17814
0.202 -0.681818 0.462675 0.996865 0.993746 0.0158321 1260.06 1.58779e+06 0.178802
0.201 -0.682263 0.42842 0.996908 0.993831 0.0157985 1260.14 1.588e+06 0.179542
0.2 -0.682674 0.396431 0.996947 0.993909 0.0157832 1260.21 1.58819e+06 0.180353
0.199 -0.683054 0.366685 0.996983 0.99398 0.0157847 1260.28 1.58836e+06 0.181227
0.198 -0.683405 0.339124 0.997016 0.994046 0.0158017 1260.35 1.58852e+06 0.182157
0.197 -0.68373 0.313666 0.997046 0.994107 0.0158331 1260.41 1.58867e+06 0.183136
0.196 -0.68403 0.290208 0.997074 0.994163 0.0158777 1260.46 1.58881e+06 0.184157
0.195 -0.684307 0.268635 0.9971 0.994214 0.0159345 1260.51 1.58894e+06 0.185214
0.194 -0.684563 0.248827 0.997124 0.994261 0.0160028 1260.56 1.58905e+06 0.186302
0.193 -0.6848 0.23066 0.997146 0.994305 0.0160816 1260.6 1.58916e+06 0.187416
0.192 -0.68502 0.21401 0.997166 0.994345 0.0161704 1260.64 1.58927e+06 0.188553
0.191 -0.685223 0.198757 0.997185 0.994382 0.0162685 1260.68 1.58936e+06 0.189707
0.19 -0.685411 0.184787 0.997202 0.994417 0.0163753 1260.71 1.58945e+06 0.190875
0.189 -0.685586 0.171992 0.997218 0.994449 0.0164902 1260.75 1.58953e+06 0.192055
0.188 -0.685749 0.160267 0.997232 0.994478 0.0166129 1260.78 1.5896e+06 0.193244
0.187 -0.685899 0.14952 0.997246 0.994505 0.0167428 1260.8 1.58967e+06 0.19444
0.186 -0.68604 0.139663 0.997259 0.994531 0.0168795 1260.83 1.58974e+06 0.19564
0.185 -0.686171 0.130614 0.997271 0.994555 0.0170227 1260.85 1.5898e+06 0.196843
0.184 -0.686293 0.1223 0.997282 0.994577 0.017172 1260.88 1.58985e+06 0.198048
0.183 -0.686407 0.114654 0.997292 0.994597 0.0173271 1260.9 1.5899e+06 0.199252
0.182 -0.686513 0.107616 0.997302 0.994616 0.0174877 1260.92 1.58995e+06 0.200456
0.181 -0.686612 0.101129 0.997311 0.994634 0.0176534 1260.93 1.59e+06 0.201658
0.18 -0.686706 0.0951428 0.997319 0.994651 0.0178239 1260.95 1.59004e+06 0.202857
0.179 -0.686793 0.089613 0.997327 0.994667 0.0179991 1260.97 1.59008e+06 0.204054
0.178 -0.686875 0.0844981 0.997335 0.994682 0.0181787 1260.98 1.59012e+06 0.205248
0.177 -0.686951 0.0797609 0.997341 0.994696 0.0183624 1261 1.59015e+06 0.206438
0.176 -0.687024 0.0753682 0.997348 0.994709 0.01855 1261.01 1.59019e+06 0.207625
0.175 -0.687091 0.0712895 0.997354 0.994721 0.0187413 1261.02 1.59022e+06 0.208809
0.174 -0.687155 0.0674975 0.99736 0.994733 0.0189361 1261.03 1.59025e+06 0.209989
0.173 -0.687215 0.0639678 0.997365 0.994744 0.0191341 1261.04 1.59027e+06 0.211167
0.172 -0.687272 0.0606778 0.997371 0.994754 0.0193353 1261.05 1.5903e+06 0.212342
0.171 -0.687325 0.0576076 0.997375 0.994764 0.0195393 1261.06 1.59032e+06 0.213516
0.17 -0.687375 0.0547389 0.99738 0.994773 0.0197461 1261.07 1.59035e+06 0.214688
0.169 -0.687423 0.0520551 0.997384 0.994781 0.0199555 1261.08 1.59037e+06 0.21586
0.168 -0.687468 0.0495415 0.997388 0.99479 0.0201674 1261.09 1.59039e+06 0.217032
0.167 -0.68751 0.0471844 0.997392 0.994797 0.0203815 1261.1 1.59041e+06 0.218204
0.166 -0.68755 0.0449716 0.997396 0.994805 0.0205978 1261.1 1.59043e+06 0.219379
0.165 -0.687588 0.0428919 0.997399 0.994812 0.0208161 1261.11 1.59044e+06 0.220556
0.164 -0.687624 0.0409353 0.997403 0.994818 0.0210364 1261.12 1.59046e+06 0.221736
0.163 -0.687658 0.0390926 0.997406 0.994824 0.0212584 1261.12 1.59047e+06 0.222922
0.162 -0.687691 0.0373553 0.997409 0.99483 0.0214821 1261.13 1.59049e+06 0.224113
0.161 -0.687721 0.035716 0.997412 0.994836 0.0217074 1261.13 1.5905e+06 0.22531
0.16 -0.68775 0.0341676 0.997414 0.994841 0.0219343 1261.14 1.59051e+06 0.226516
0.159 -0.687777 0.0327038 0.997417 0.994846 0.0221625 1261.14 1.59053e+06 0.22773
0.158 -0.687803 0.0313189 0.997419 0.994851 0.0223921 1261.15 1.59054e+06 0.228954
0.157 -0.687828 0.0300077 0.997421 0.994856 0.022623 1261.15 1.59055e+06 0.230189
0.156 -0.687851 0.0287652 0.997424 0.99486 0.0228551 1261.15 1.59056e+06 0.231436
0.155 -0.687873 0.0275871 0.997426 0.994864 0.0230884 1261.16 1.59057e+06 0.232697
0.154 -0.687895 0.0264695 0.997428 0.994868 0.0233228 1261.16 1.59058e+06 0.233971
0.153 -0.687914 0.0254084 0.997429 0.994872 0.0235583 1261.17 1.59058e+06 0.235261
0.152 -0.687933 0.0244008 0.997431 0.994875 0.0237949 1261.17 1.59059e+06 0.236568
0.151 -0.687951 0.0234433 0.997433 0.994879 0.0240324 1261.17 1.5906e+06 0.237892
0.15 -0.687968 0.0225331 0.997434 0.994882 0.024271 1261.17 1.59061e+06 0.239234
0.149 -0.687985 0.0216677 0.997436 0.994885 0.0245106 1261.18 1.59061e+06 0.240596
0.148 -0.688 0.0208447 0.997437 0.994888 0.0247511 1261.18 1.59062e+06 0.241979
0.147 -0.688014 0.0200618 0.997439 0.99489 0.0249926 1261.18 1.59063e+06 0.243384
0.146 -0.688028 0.0193169 0.99744 0.994893 0.0252352 1261.18 1.59063e+06 0.244811
0.145 -0.688041 0.0186083 0.997441 0.994895 0.0254787 1261.19 1.59064e+06 0.246261
0.144 -0.688054 0.0179341 0.997442 0.994898 0.0257233 1261.19 1.59064e+06 0.247736
0.143 -0.688065 0.0172928 0.997443 0.9949 0.0259689 1261.19 1.59065e+06 0.249237
0.142 -0.688076 0.0166828 0.997444 0.994902 0.0262156 1261.19 1.59065e+06 0.250764
0.141 -0.688087 0.0161029 0.997445 0.994904 0.0264634 1261.19 1.59066e+06 0.252318
0.14 -0.688097 0.0155517 0.997446 0.994906 0.0267124 1261.2 1.59066e+06 0.2539
0.139 -0.688106 0.0150281 0.997447 0.994907 0.0269626 1261.2 1.59066e+06 0.255512
0.138 -0.688115 0.0145309 0.997448 0.994909 0.027214 1261.2 1.59067e+06 0.257153
0.137 -0.688124 0.0140591 0.997449 0.994911 0.0274668 1261.2 1.59067e+06 0.258825
0.136 -0.688132 0.0136118 0.99745 0.994912 0.027721 1261.2 1.59067e+06 0.260528
0.135 -0.688139 0.0131881 0.99745 0.994914 0.0279767 1261.2 1.59068e+06 0.262264
0.134 -0.688146 0.0127872 0.997451 0.994915 0.0282339 1261.2 1.59068e+06 0.264032
0.133 -0.688153 0.0124082 0.997452 0.994916 0.0284927 1261.21 1.59068e+06 0.265835
0.132 -0.688159 0.0120505 0.997452 0.994917 0.0287533 1261.21 1.59069e+06 0.267672
0.131 -0.688165 0.0117134 0.997453 0.994918 0.0290156 1261.21 1.59069e+06 0.269545
0.13 -0.688171 0.0113962 0.997453 0.99492 0.0292799 1261.21 1.59069e+06 0.271454
0.129 -0.688176 0.0110983 0.997454 0.994921 0.0295462 1261.21 1.59069e+06 0.2734
0.128 -0.688181 0.0108191 0.997454 0.994921 0.0298145 1261.21 1.59069e+06 0.275384
0.127 -0.688186 0.0105581 0.997455 0.994922 0.0300851 1261.21 1.5907e+06 0.277406
0.126 -0.68819 0.0103148 0.997455 0.994923 0.0303581 1261.21 1.5907e+06 0.279468
0.125 -0.688194 0.0100888 0.997455 0.994924 0.0306335 1261.21 1.5907e+06 0.281569
0.124 -0.688198 0.00987939 0.997456 0.994925 0.0309115 1261.21 1.5907e+06 0.283712
0.123 -0.688202 0.00968632 0.997456 0.994925 0.0311922 1261.21 1.5907e+06 0.285897
0.122 -0.688205 0.00950911 0.997456 0.994926 0.0314758 1261.21 1.5907e+06 0.288124
0.121 -0.688208 0.00934738 0.997457 0.994927 0.0317623 1261.21 1.59071e+06 0.290395
0.12 -0.688211 0.00920073 0.997457 0.994927 0.032052 1261.21 1.59071e+06 0.29271
0.119 -0.688214 0.00906879 0.997457 0.994928 0.032345 1261.22 1.59071e+06 0.295071
0.118 -0.688217 0.00895122 0.997457 0.994928 0.0326414 1261.22 1.59071e+06 0.297477
0.117 -0.688219 0.00884768 0.997458 0.994929 0.0329414 1261.22 1.59071e+06 0.299931
0.116 -0.688221 0.00875785 0.997458 0.994929 0.0332451 1261.22 1.59071e+06 0.302433
0.115 -0.688223 0.00868142 0.997458 0.994929 0.0335528 1261.22 1.59071e+06 0.304984
0.114 -0.688225 0.00861809 0.997458 0.99493 0.0338646 1261.22 1.59071e+06 0.307585
0.113 -0.688227 0.00856758 0.997458 0.99493 0.0341806 1261.22 1.59071e+06 0.310237
0.112 -0.688229 0.00852962 0.997459 0.99493 0.034501 1261.22 1.59071e+06 0.312942
0.111 -0.68823 0.00850395 0.997459 0.994931 0.0348261 1261.22 1.59071e+06 0.3157
0.11 -0.688232 0.00849033 0.997459 0.994931 0.035156 1261.22 1.59071e+06 0.318513
0.109 -0.688233 0.00848851 0.997459 0.994931 0.035491 1261.22 1.59072e+06 0.321382
0.108 -0.688234 0.00849829 0.997459 0.994931 0.0358311 1261.22 1.59072e+06 0.324308
0.107 -0.688235 0.00851945 0.997459 0.994932 0.0361766 1261.22 1.59072e+06 0.327293
0.106 -0.688236 0.00855179 0.997459 0.994932 0.0365278 1261.22 1.59072e+06 0.330338
0.105 -0.688237 0.00859514 0.997459 0.994932 0.0368849 1261.22 1.59072e+06 0.333445
0.104 -0.688238 0.00864931 0.997459 0.994932 0.037248 1261.22 1.59072e+06 0.336615
0.103 -0.688239 0.00871416 0.997459 0.994932 0.0376174 1261.22 1.59072e+06 0.339849
0.102 -0.688239 0.00878954 0.99746 0.994932 0.0379933 1261.22 1.59072e+06 0.34315
0.101 -0.68824 0.00887533 0.99746 0.994932 0.038376 1261.22 1.59072e+06 0.346519
