1 0.547794 0.284794 0.277587 0.0774247 0.213331 410.543 168705 0.38821
0.99 0.5452 0.280071 0.276233 0.0766693 0.21217 410.663 168803 0.390884
0.98 0.542154 0.289276 0.275203 0.0761008 0.214012 410.972 169053 0.384881
0.97 0.539263 0.294677 0.273859 0.0753646 0.217107 410.928 169018 0.392856
0.96 0.5362 0.288368 0.2727 0.0747183 0.211704 411.309 169329 0.388973
0.95 0.53324 0.290296 0.271581 0.0741115 0.215433 411.538 169520 0.398823
0.94 0.530372 0.299301 0.27009 0.0733162 0.225377 411.548 169528 0.404621
0.93 0.527629 0.294412 0.268775 0.0726029 0.224626 411.833 169761 0.402746
0.92 0.524359 0.299968 0.267637 0.0719882 0.224433 412.151 170021 0.403711
0.91 0.521734 0.300641 0.266329 0.0712869 0.225208 412.39 170218 0.406264
0.9 0.518767 0.307075 0.265042 0.070612 0.233578 412.485 170294 0.405732
0.89 0.515451 0.300267 0.263934 0.0700105 0.226034 412.834 170582 0.408546
0.88 0.512465 0.311731 0.262316 0.0691668 0.23356 412.887 170627 0.418341
0.87 0.509178 0.312817 0.261203 0.0685794 0.23346 413.469 171105 0.411855
0.86 0.506129 0.315119 0.25974 0.0678158 0.235196 413.593 171207 0.41453
0.85 0.503343 0.310768 0.258535 0.0671889 0.236311 413.892 171456 0.424049
0.84 0.500123 0.316607 0.256757 0.0662803 0.244045 414.027 171566 0.424968
0.83 0.496525 0.320188 0.255725 0.0657432 0.241608 414.545 171994 0.425277
0.82 0.494032 0.32126 0.254097 0.0649128 0.244222 414.461 171923 0.426921
0.81 0.490502 0.32126 0.252809 0.0642542 0.243185 414.805 172208 0.43242
0.8 0.486933 0.329343 0.251724 0.0637079 0.247033 415.314 172627 0.426011
0.79 0.484196 0.330586 0.249898 0.0627898 0.248589 415.303 172619 0.433829
0.78 0.480338 0.336572 0.248735 0.0622149 0.255337 415.91 173122 0.435065
0.77 0.477423 0.336235 0.246542 0.0611189 0.251126 415.534 172809 0.440904
0.76 0.473824 0.34271 0.24563 0.0606774 0.260079 416.227 173381 0.431862
0.75 0.470424 0.346572 0.244162 0.0599545 0.260522 416.643 173728 0.438396
0.74 0.466719 0.343911 0.242875 0.0593251 0.262023 417.227 174216 0.446694
0.73 0.463459 0.348612 0.241045 0.0584395 0.265807 417.351 174319 0.448177
0.72 0.459817 0.345077 0.239706 0.0577917 0.266322 417.801 174695 0.456605
0.71 0.456631 0.356956 0.238247 0.057097 0.272255 418.006 174863 0.451819
0.7 0.453086 0.356351 0.236262 0.0561516 0.273009 418.229 175047 0.450306
0.69 0.449369 0.356982 0.234972 0.0555415 0.275304 418.79 175518 0.45931
0.68 0.445953 0.363087 0.23309 0.0546645 0.282456 418.85 175568 0.466336
0.67 0.44226 0.363527 0.231395 0.0538728 0.283036 419.274 175922 0.468256
0.66 0.438503 0.367247 0.230071 0.0532561 0.282354 419.868 176419 0.468487
0.65 0.434521 0.374615 0.228449 0.0525146 0.2887 420.268 176754 0.473123
0.64 0.431272 0.373193 0.226629 0.0516907 0.296955 420.446 176904 0.478594
0.63 0.427403 0.375889 0.225021 0.0509546 0.292627 421.012 177379 0.480959
0.62 0.423538 0.382135 0.223351 0.0502009 0.293014 421.699 177956 0.481488
0.61 0.419836 0.390914 0.221689 0.0494671 0.303191 421.916 178136 0.477883
0.6 0.415449 0.387657 0.220279 0.0488382 0.302609 422.64 178750 0.493989
0.59 0.41181 0.388784 0.218325 0.0479813 0.307895 422.95 179011 0.498043
0.58 0.408008 0.396703 0.216472 0.0471753 0.313052 423.269 179279 0.498298
0.57 0.403836 0.39554 0.215092 0.0465787 0.317229 424.04 179933 0.50773
0.56 0.399633 0.407633 0.213516 0.0459016 0.321536 424.624 180426 0.508039
0.55 0.395589 0.408298 0.211435 0.0450176 0.327556 425.102 180829 0.503716
0.54 0.391506 0.416042 0.209792 0.0443243 0.332265 425.749 181380 0.511054
0.53 0.387526 0.423063 0.207869 0.0435129 0.329522 426.228 181787 0.516779
0.52 0.383223 0.42588 0.206076 0.0427748 0.340644 426.764 182242 0.516216
0.51 0.378985 0.433471 0.204299 0.042038 0.338604 427.388 182775 0.526727
0.5 0.374434 0.437035 0.202712 0.0413907 0.344081 428.269 183529 0.535958
0.49 0.370147 0.435916 0.201058 0.0407248 0.353177 428.982 184140 0.54615
0.48 0.36584 0.442932 0.199204 0.0399806 0.358015 429.716 184768 0.542073
0.47 0.361554 0.455927 0.197369 0.0392516 0.364165 430.324 185289 0.548666
0.46 0.356834 0.460694 0.195628 0.0385685 0.37323 431.214 186056 0.55796
0.45 0.352321 0.464213 0.193673 0.0378046 0.377931 431.978 186715 0.567925
0.44 0.347377 0.463835 0.192277 0.0372573 0.375559 433.19 187762 0.564884
0.43 0.342725 0.47909 0.190651 0.0366436 0.395961 433.992 188456 0.570162
0.42 0.337961 0.485264 0.188448 0.0357964 0.388895 434.783 189143 0.582234
0.41 0.333048 0.490911 0.186964 0.0352425 0.403347 436.028 190224 0.578824
0.4 0.328228 0.496962 0.185282 0.0346196 0.417936 436.971 191048 0.595189
0.39 0.322972 0.506854 0.183671 0.0340235 0.426053 438.223 192142 0.60266
0.38 0.31782 0.523128 0.182433 0.0335651 0.429308 439.792 193518 0.603021
0.37 0.312578 0.526536 0.180545 0.0328788 0.439502 440.773 194380 0.60734
0.36 0.307217 0.532372 0.179019 0.0323241 0.442123 442.095 195547 0.623341
0.35 0.302027 0.551937 0.177573 0.031816 0.466975 443.567 196849 0.627916
0.34 0.296537 0.568088 0.175899 0.031215 0.464794 444.831 197970 0.629141
0.33 0.290635 0.581179 0.174824 0.0308438 0.489423 446.444 199409 0.656623
0.32 0.284671 0.587839 0.173778 0.0304761 0.499367 448.451 201204 0.66945
0.31 0.278901 0.612314 0.172657 0.0300936 0.525965 450.336 202896 0.668785
0.3 0.272718 0.614315 0.171771 0.0297796 0.52697 452.292 204660 0.678566
0.29 0.266504 0.632763 0.170845 0.029468 0.556215 454.327 206504 0.695075
0.28 0.26019 0.657762 0.169945 0.0291602 0.574091 456.446 208432 0.694643
0.27 0.25331 0.682916 0.169786 0.0291078 0.598708 459.235 210986 0.725315
0.26 0.246352 0.701928 0.169749 0.029095 0.620644 461.88 213422 0.736239
0.25 0.239376 0.736929 0.169594 0.0290465 0.655209 464.604 215947 0.771588
0.24 0.231851 0.761592 0.170335 0.0293034 0.694304 467.829 218950 0.759146
0.23 0.223861 0.80637 0.171417 0.0296752 0.729521 471.572 222464 0.769186
0.22 0.215822 0.830186 0.172635 0.0300985 0.773875 475.197 225895 0.791738
0.21 0.207002 0.878039 0.175503 0.0311044 0.8314 479.789 230278 0.805624
0.2 0.198107 0.942249 0.178284 0.0320949 0.891868 484.302 234628 0.824359
0.19 0.188538 1.0241 0.182456 0.0336203 1.00058 489.456 239647 0.862965
0.18 0.178275 1.03355 0.187981 0.0356737 1.07753 495.41 245506 0.848795
0.17 0.167381 1.12632 0.19517 0.0384441 1.19565 501.997 252077 0.88716
0.16 0.155553 1.22612 0.204466 0.042189 1.37686 509.226 259385 0.909683
0.15 0.142967 1.30839 0.216677 0.0473545 1.55665 517.544 267922 0.906421
0.14 0.129474 1.41665 0.232424 0.0544675 1.83814 526.707 277489 0.939686
0.13 0.114766 1.52462 0.253261 0.0646273 2.15464 537.113 288557 0.955473
0.12 0.0987576 1.62175 0.280841 0.0794015 2.54249 548.739 301175 0.916257
0.11 0.0821209 1.80933 0.315228 0.0999708 3.15221 561.058 314842 0.915495
0.1 0.0638582 1.90402 0.361975 0.1317 3.88521 574.797 330442 0.866601
0.09 0.044417 2.07535 0.421877 0.178715 4.70221 589.288 347303 0.797543
0.08 0.0224276 2.35061 0.502345 0.253112 5.47621 605.137 366223 0.677579
0.07 -0.00159938 2.5337 0.601691 0.362737 5.79833 620.858 385487 0.530021
0.06 -0.0272072 2.58454 0.714322 0.510787 5.10168 635.277 403591 0.373074
0.05 -0.0525184 2.43231 0.824268 0.679743 3.75234 646.6 418101 0.269726
0.04 -0.0753062 2.07539 0.915116 0.837592 2.22472 654.587 428489 0.208414
0.03 -0.093708 1.61923 0.974231 0.949173 0.895229 659.52 434970 0.180206
0.02 -0.107078 1.13941 0.997537 0.995085 0.125967 662.28 438617 0.16778
0.01 -0.117491 0.962754 0.999998 0.999996 0.000208083 664.026 440932 0.165015
