1 0.519855 0.348002 0.223049 0.0501719 0.242448 517.003 267652 0.694542
0.99 0.516174 0.352874 0.221789 0.0496095 0.243969 516.647 267277 0.690925
0.98 0.512879 0.348028 0.219698 0.0486876 0.247026 515.168 265750 0.697273
0.97 0.508872 0.35349 0.219393 0.0485564 0.251345 515.812 266411 0.69691
0.96 0.505569 0.351584 0.21765 0.0477879 0.249684 514.732 265298 0.706941
0.95 0.502561 0.353199 0.216081 0.0471077 0.252651 513.891 264438 0.725697
0.94 0.498622 0.361279 0.215374 0.0468026 0.255329 514.192 264738 0.712248
0.93 0.495018 0.358469 0.213992 0.0462131 0.260558 513.678 264216 0.733972
0.92 0.491736 0.357985 0.213638 0.0460553 0.259352 514.166 264718 0.742001
0.91 0.488121 0.359088 0.211604 0.0451893 0.26136 512.858 263369 0.739763
0.9 0.484654 0.361146 0.210364 0.0446664 0.264439 512.544 263041 0.734813
0.89 0.48078 0.364675 0.209363 0.044241 0.264252 512.371 262862 0.74176
0.88 0.477327 0.367487 0.207912 0.0436363 0.267678 511.814 262295 0.758201
0.87 0.473685 0.36153 0.206652 0.043114 0.270676 511.51 261981 0.761947
0.86 0.469845 0.36852 0.205294 0.0425517 0.272061 511.025 261484 0.768311
0.85 0.466082 0.36622 0.204109 0.0420753 0.281194 510.611 261067 0.790478
0.84 0.462275 0.366593 0.203185 0.0416921 0.279629 510.567 261023 0.803268
0.83 0.458754 0.373133 0.20228 0.0413272 0.284417 510.572 261022 0.798365
0.82 0.454882 0.367317 0.200677 0.0406787 0.286288 509.785 260220 0.811273
0.81 0.451492 0.366827 0.199397 0.0401667 0.28979 509.307 259735 0.827812
0.8 0.447323 0.368897 0.197476 0.0393963 0.287684 508.324 258724 0.812879
0.79 0.444068 0.378628 0.197312 0.0393367 0.29493 509.089 259502 0.822364
0.78 0.440521 0.375133 0.195279 0.0385392 0.299362 507.871 258268 0.844522
0.77 0.436633 0.381821 0.194488 0.0382275 0.300699 508.163 258557 0.834856
0.76 0.432087 0.374138 0.193533 0.0378485 0.298138 508.199 258589 0.836968
0.75 0.428886 0.383005 0.192192 0.0373433 0.311495 507.712 258100 0.863431
0.74 0.424856 0.383414 0.191141 0.0369318 0.308975 507.413 257787 0.849303
0.73 0.421317 0.388921 0.18992 0.0364745 0.319595 507.271 257659 0.904615
0.72 0.417269 0.381141 0.188309 0.03586 0.319869 506.572 256940 0.892083
0.71 0.413092 0.38916 0.187655 0.0356161 0.325795 506.883 257259 0.913433
0.7 0.409672 0.389602 0.186419 0.0351478 0.325538 506.516 256876 0.894887
0.69 0.405663 0.392681 0.185171 0.0346934 0.33805 506.145 256512 0.941885
0.68 0.401863 0.400421 0.184045 0.0342735 0.339767 505.907 256263 0.935917
0.67 0.397935 0.393362 0.182845 0.0338266 0.339034 505.708 256062 0.950105
0.66 0.393934 0.390641 0.181451 0.0333178 0.343138 505.307 255651 0.948801
0.65 0.38991 0.399199 0.180751 0.0330714 0.355071 505.469 255824 0.987126
0.64 0.386036 0.403696 0.1797 0.0326836 0.352417 505.398 255746 0.985645
0.63 0.381692 0.402755 0.17892 0.0324065 0.360222 505.653 256010 1.0215
0.62 0.377757 0.402757 0.177705 0.0319721 0.365106 505.33 255675 1.01259
0.61 0.373705 0.414278 0.176619 0.0315945 0.378002 505.21 255562 1.05352
0.6 0.369608 0.411523 0.176254 0.031462 0.380536 505.845 256193 1.0327
0.59 0.365627 0.409594 0.174926 0.0309978 0.389239 505.284 255629 1.06445
0.58 0.361125 0.416711 0.174979 0.0310177 0.397343 506.45 256809 1.07899
0.57 0.357242 0.428888 0.174463 0.0308299 0.396711 506.758 257117 1.08593
0.56 0.352599 0.429318 0.173322 0.0304386 0.409582 506.773 257137 1.12064
0.55 0.348839 0.419864 0.172606 0.0301772 0.402617 506.938 257287 1.07804
0.54 0.344429 0.437771 0.172469 0.0301505 0.431827 507.549 257926 1.16774
0.53 0.339844 0.43279 0.17213 0.030028 0.433952 508.281 258659 1.15053
0.52 0.335861 0.457527 0.17117 0.0297026 0.446936 508.308 258693 1.19582
0.51 0.330879 0.454741 0.171241 0.0297319 0.461397 509.15 259548 1.20908
0.5 0.326197 0.459357 0.171778 0.0299111 0.464601 510.744 261169 1.21137
0.49 0.321574 0.468854 0.171613 0.0298573 0.477526 511.534 261981 1.25322
0.48 0.316819 0.483234 0.172044 0.0300179 0.502704 512.835 263321 1.30377
0.47 0.312147 0.477666 0.171643 0.0298629 0.492174 513.131 263609 1.27027
0.46 0.30726 0.505963 0.172306 0.0301031 0.517945 514.612 265139 1.32151
0.45 0.302264 0.514793 0.17289 0.0303144 0.541895 515.923 266493 1.36025
0.44 0.297188 0.520911 0.174353 0.0308337 0.569037 518.213 268865 1.40458
0.43 0.291533 0.542189 0.175884 0.031388 0.606651 520.448 271204 1.51066
0.42 0.285938 0.564623 0.177738 0.0320276 0.599259 523.033 273881 1.44827
0.41 0.280651 0.578479 0.179411 0.0326479 0.645507 525.313 276284 1.53269
0.4 0.274579 0.597285 0.181687 0.0334887 0.688919 527.926 279041 1.58767
0.39 0.26792 0.634648 0.185111 0.0347648 0.736441 531.836 283199 1.68641
0.38 0.261983 0.675588 0.188111 0.0359047 0.786804 535.221 286824 1.78458
0.37 0.254942 0.703809 0.192045 0.0373997 0.806966 539.249 291140 1.75748
0.36 0.247673 0.771815 0.196776 0.0392979 0.923165 543.961 296279 1.96951
0.35 0.23936 0.854989 0.204025 0.0422379 1.00645 550.799 303781 2.08256
0.34 0.230758 0.926432 0.211887 0.0455741 1.14833 557.882 311667 2.28655
0.33 0.220399 1.05667 0.223321 0.0506371 1.33473 567.699 322762 2.55782
0.32 0.208896 1.27199 0.23687 0.0569814 1.57307 579.077 335858 2.85187
0.31 0.194075 1.69572 0.257539 0.0674817 2.14707 595.428 355208 3.64784
0.3 0.174749 2.46888 0.287081 0.0840243 3.08835 618.303 383188 4.79803
0.29 0.113825 28.6628 0.393354 0.167214 24.7999 694.167 487662 28.784
0.28 -0.158113 6.47729 0.793909 0.631343 2.16452 953.39 909321 1.37717
0.27 -0.212975 4.60342 0.844708 0.714104 1.22323 981.507 963552 0.738362
0.26 -0.251745 3.46628 0.876209 0.768093 0.776715 997.921 995971 0.479245
0.25 -0.284439 3.04172 0.900107 0.810448 0.589293 1010.37 1.02094e+06 0.383735
0.24 -0.312315 2.67201 0.918915 0.844595 0.458533 1019.82 1.04011e+06 0.319097
0.23 -0.338201 2.35162 0.935065 0.874488 0.352238 1028.08 1.05702e+06 0.27913
0.22 -0.361273 2.15431 0.94834 0.899456 0.281038 1034.85 1.07098e+06 0.2516
0.21 -0.382108 2.02849 0.959111 0.919977 0.226934 1040.42 1.08253e+06 0.228862
0.2 -0.401341 1.8725 0.968369 0.9378 0.177485 1045.47 1.09306e+06 0.215691
0.19 -0.419415 1.71317 0.976039 0.952699 0.138454 1049.75 1.10201e+06 0.204371
0.18 -0.436056 1.58768 0.982287 0.964921 0.106839 1053.63 1.11017e+06 0.199206
0.17 -0.45118 1.46344 0.987236 0.974659 0.0797611 1056.9 1.11707e+06 0.189782
0.16 -0.465447 1.37105 0.991152 0.982399 0.0589573 1059.89 1.12339e+06 0.186794
0.15 -0.478566 1.29926 0.994104 0.988253 0.0406775 1062.43 1.12878e+06 0.179807
0.14 -0.491208 1.22521 0.996309 0.992639 0.0277832 1064.85 1.13393e+06 0.176464
0.13 -0.503064 1.15657 0.997835 0.995679 0.0167881 1066.96 1.13842e+06 0.17455
0.12 -0.514377 1.12108 0.998826 0.997656 0.0098395 1068.92 1.14261e+06 0.169559
0.11 -0.525256 1.07996 0.999421 0.998844 0.00520746 1070.8 1.14663e+06 0.170139
0.1 -0.535935 1.04973 0.999763 0.999527 0.00237381 1072.56 1.15041e+06 0.168113
0.09 -0.546336 1.02868 0.999921 0.999841 0.000865296 1074.3 1.15414e+06 0.169213
0.08 -0.556611 1.03434 0.999979 0.999958 0.000261632 1075.97 1.15773e+06 0.170855
0.07 -0.566874 0.992303 0.999995 0.999991 6.43165e-05 1077.62 1.16127e+06 0.166565
0.06 -0.577009 1.00855 1 0.999999 4.33963e-06 1079.24 1.16476e+06 0.168513
0.05 -0.587202 1.0186 1 1 0 1080.87 1.16829e+06 0.168498
0.04 -0.597318 1.03328 1 1 0 1082.52 1.17186e+06 0.166488
0.03 -0.607408 0.99843 1 1 0 1084.16 1.1754e+06 0.167011
0.02 -0.617467 1.00304 1 1 0 1085.76 1.17888e+06 0.168022
0.01 -0.627493 0.99074 1 1 0 1087.38 1.18241e+06 0.16715
