0.3 0.251653 0.492855 0.0335705 0.00119843 0.137182 447.766 200653 1.18458
0.2999 0.251603 0.493095 0.0335823 0.00119925 0.13729 447.796 200681 1.18496
0.2998 0.251554 0.493335 0.0335941 0.00120008 0.137398 447.827 200708 1.18534
0.2997 0.251505 0.493576 0.0336059 0.00120091 0.137507 447.857 200735 1.18572
0.2996 0.251455 0.493816 0.0336178 0.00120174 0.137616 447.887 200762 1.1861
0.2995 0.251406 0.494057 0.0336297 0.00120257 0.137725 447.918 200790 1.18649
0.2994 0.251356 0.494297 0.0336416 0.0012034 0.137834 447.948 200817 1.18687
0.2993 0.251307 0.494538 0.0336535 0.00120423 0.137943 447.979 200844 1.18725
0.2992 0.251257 0.494779 0.0336654 0.00120507 0.138053 448.009 200872 1.18764
0.2991 0.251208 0.49502 0.0336774 0.00120591 0.138163 448.04 200899 1.18803
0.299 0.251158 0.495261 0.0336893 0.00120675 0.138274 448.071 200927 1.18841
0.2989 0.251108 0.495502 0.0337013 0.00120759 0.138384 448.101 200954 1.1888
0.2988 0.251059 0.495744 0.0337134 0.00120843 0.138495 448.132 200982 1.18919
0.2987 0.251009 0.495985 0.0337254 0.00120928 0.138606 448.163 201009 1.18958
0.2986 0.25096 0.496227 0.0337374 0.00121013 0.138717 448.193 201037 1.18997
0.2985 0.25091 0.496468 0.0337495 0.00121097 0.138829 448.224 201064 1.19036
0.2984 0.25086 0.49671 0.0337616 0.00121182 0.138941 448.255 201092 1.19075
0.2983 0.25081 0.496952 0.0337737 0.00121268 0.139053 448.286 201120 1.19114
0.2982 0.250761 0.497195 0.0337858 0.00121353 0.139166 448.317 201147 1.19154
0.2981 0.250711 0.497437 0.033798 0.00121439 0.139278 448.348 201175 1.19193
0.298 0.250661 0.497679 0.0338102 0.00121524 0.139391 448.379 201203 1.19233
0.2979 0.250611 0.497922 0.0338224 0.0012161 0.139505 448.41 201230 1.19272
0.2978 0.250561 0.498164 0.0338346 0.00121696 0.139618 448.441 201258 1.19312
0.2977 0.250511 0.498407 0.0338468 0.00121782 0.139732 448.472 201286 1.19352
0.2976 0.250462 0.49865 0.033859 0.00121869 0.139846 448.503 201314 1.19391
0.2975 0.250412 0.498893 0.0338713 0.00121955 0.13996 448.534 201342 1.19431
0.2974 0.250362 0.499136 0.0338836 0.00122042 0.140075 448.565 201370 1.19471
0.2973 0.250312 0.499379 0.0338959 0.00122129 0.14019 448.596 201398 1.19511
0.2972 0.250262 0.499623 0.0339082 0.00122216 0.140305 448.627 201426 1.19551
0.2971 0.250212 0.499866 0.0339206 0.00122304 0.140421 448.659 201454 1.19591
0.297 0.250162 0.50011 0.033933 0.00122391 0.140536 448.69 201482 1.19632
0.2969 0.250111 0.500354 0.0339454 0.00122479 0.140653 448.721 201510 1.19672
0.2968 0.250061 0.500598 0.0339578 0.00122566 0.140769 448.752 201538 1.19713
0.2967 0.250011 0.500842 0.0339702 0.00122654 0.140886 448.784 201566 1.19753
0.2966 0.249961 0.501086 0.0339826 0.00122743 0.141002 448.815 201595 1.19794
0.2965 0.249911 0.50133 0.0339951 0.00122831 0.14112 448.847 201623 1.19834
0.2964 0.249861 0.501574 0.0340076 0.0012292 0.141237 448.878 201651 1.19875
0.2963 0.24981 0.501819 0.0340201 0.00123008 0.141355 448.91 201679 1.19916
0.2962 0.24976 0.502063 0.0340327 0.00123097 0.141473 448.941 201708 1.19957
0.2961 0.24971 0.502308 0.0340452 0.00123186 0.141591 448.973 201736 1.19998
0.296 0.24966 0.502553 0.0340578 0.00123276 0.14171 449.004 201764 1.20039
0.2959 0.249609 0.502798 0.0340704 0.00123365 0.141829 449.036 201793 1.2008
0.2958 0.249559 0.503043 0.034083 0.00123455 0.141948 449.067 201821 1.20121
0.2957 0.249508 0.503288 0.0340956 0.00123545 0.142068 449.099 201850 1.20163
0.2956 0.249458 0.503534 0.0341083 0.00123635 0.142188 449.131 201878 1.20204
0.2955 0.249408 0.503779 0.034121 0.00123725 0.142308 449.163 201907 1.20245
0.2954 0.249357 0.504025 0.0341337 0.00123815 0.142428 449.194 201935 1.20287
0.2953 0.249307 0.50427 0.0341464 0.00123906 0.142549 449.226 201964 1.20329
0.2952 0.249256 0.504516 0.0341591 0.00123997 0.14267 449.258 201992 1.2037
0.2951 0.249206 0.504762 0.0341719 0.00124088 0.142792 449.29 202021 1.20412
0.295 0.249155 0.505008 0.0341847 0.00124179 0.142913 449.322 202050 1.20454
0.2949 0.249105 0.505254 0.0341975 0.0012427 0.143035 449.354 202079 1.20496
0.2948 0.249054 0.505501 0.0342103 0.00124362 0.143158 449.386 202107 1.20538
0.2947 0.249003 0.505747 0.0342232 0.00124453 0.14328 449.418 202136 1.2058
0.2946 0.248953 0.505994 0.0342361 0.00124545 0.143403 449.45 202165 1.20623
0.2945 0.248902 0.506241 0.034249 0.00124637 0.143527 449.482 202194 1.20665
0.2944 0.248851 0.506487 0.0342619 0.0012473 0.14365 449.514 202223 1.20707
0.2943 0.248801 0.506734 0.0342748 0.00124822 0.143774 449.546 202252 1.2075
0.2942 0.24875 0.506981 0.0342878 0.00124915 0.143898 449.578 202281 1.20792
0.2941 0.248699 0.507229 0.0343007 0.00125008 0.144023 449.611 202310 1.20835
0.294 0.248648 0.507476 0.0343137 0.00125101 0.144148 449.643 202339 1.20878
0.2939 0.248597 0.507724 0.0343268 0.00125194 0.144273 449.675 202368 1.20921
0.2938 0.248546 0.507971 0.0343398 0.00125288 0.144398 449.708 202397 1.20964
0.2937 0.248496 0.508219 0.0343529 0.00125381 0.144524 449.74 202426 1.21007
0.2936 0.248445 0.508467 0.034366 0.00125475 0.14465 449.772 202455 1.2105
0.2935 0.248394 0.508715 0.0343791 0.00125569 0.144777 449.805 202484 1.21093
0.2934 0.248343 0.508963 0.0343922 0.00125663 0.144903 449.837 202513 1.21136
0.2933 0.248292 0.509211 0.0344054 0.00125758 0.145031 449.87 202543 1.2118
0.2932 0.248241 0.50946 0.0344186 0.00125853 0.145158 449.902 202572 1.21223
0.2931 0.24819 0.509709 0.0344318 0.00125947 0.145286 449.935 202601 1.21267
0.293 0.248139 0.509958 0.034445 0.00126043 0.145414 449.967 202630 1.2131
0.2929 0.248088 0.510207 0.0344582 0.00126138 0.145543 450 202660 1.21354
0.2928 0.248037 0.510456 0.0344715 0.00126233 0.145672 450.033 202689 1.21398
0.2927 0.247985 0.510706 0.0344848 0.00126329 0.145801 450.065 202719 1.21442
0.2926 0.247934 0.510956 0.0344981 0.00126425 0.145931 450.098 202748 1.21486
0.2925 0.247883 0.511207 0.0345114 0.00126521 0.146062 450.131 202778 1.2153
0.2924 0.247832 0.51146 0.0345248 0.00126617 0.146193 450.164 202807 1.21575
0.2923 0.247781 0.511714 0.0345382 0.00126714 0.146326 450.196 202837 1.2162
0.2922 0.247729 0.511971 0.0345516 0.00126811 0.14646 450.229 202866 1.21665
0.2921 0.247678 0.512232 0.034565 0.00126908 0.146597 450.262 202896 1.21712
0.292 0.247627 0.512501 0.0345785 0.00127006 0.146738 450.295 202926 1.21759
0.2919 0.247575 0.51278 0.034592 0.00127104 0.146885 450.328 202955 1.21808
0.2918 0.247524 0.513078 0.0346055 0.00127203 0.147042 450.361 202985 1.21859
0.2917 0.247473 0.513405 0.034619 0.00127303 0.147213 450.394 203015 1.21915
0.2916 0.247421 0.513779 0.0346326 0.00127404 0.147409 450.427 203045 1.21978
0.2915 0.24737 0.514228 0.0346462 0.00127508 0.147644 450.46 203075 1.22052
0.2914 0.247318 0.514798 0.0346599 0.00127615 0.147942 450.493 203105 1.22144
0.2913 0.247267 0.515565 0.0346736 0.00127728 0.148339 450.527 203135 1.22265
0.2912 0.247215 0.516648 0.0346875 0.0012785 0.1489 450.56 203165 1.22431
0.2911 0.247163 0.518243 0.0347015 0.00127986 0.149721 450.594 203196 1.22672
0.291 0.247111 0.520664 0.0347158 0.00128146 0.150966 450.627 203226 1.23033
0.2909 0.247059 0.524423 0.0347305 0.00128342 0.152893 450.662 203258 1.23589
0.2908 0.247006 0.530344 0.0347458 0.00128599 0.155924 450.696 203290 1.24458
0.2907 0.246952 0.539766 0.0347621 0.00128953 0.16074 450.732 203324 1.25835
0.2906 0.246898 0.554858 0.03478 0.00129463 0.168444 450.769 203360 1.28034
0.2905 0.246841 0.579132 0.0348004 0.00130226 0.180825 450.808 203400 1.31561
0.2904 0.246781 0.618288 0.0348249 0.001314 0.200778 450.851 203446 1.37241
0.2903 0.246716 0.681573 0.0348561 0.00133238 0.233 450.899 203502 1.46408
0.2902 0.246643 0.783989 0.034898 0.00136152 0.285109 450.957 203573 1.61222
0.2901 0.246557 0.94989 0.0349574 0.0014081 0.36946 451.029 203670 1.85192
0.29 0.24645 1.21882 0.035045 0.00148296 0.506101 451.126 203808 2.24
0.2899 0.246308 1.65497 0.0351783 0.00160369 0.727559 451.262 204013 2.8686
0.2898 0.24611 2.36255 0.0353859 0.00179886 1.0866 451.463 204327 3.88688
0.2897 0.245821 3.51057 0.0357139 0.00211478 1.66875 451.766 204817 5.53602
0.2896 0.245384 5.37285 0.0362373 0.00262664 2.61248 452.237 205593 8.20477
0.2895 0.244708 8.39186 0.0370774 0.00345623 4.14141 452.981 206833 12.5166
0.2894 0.243644 13.2795 0.0384307 0.00480054 6.61509 454.165 208824 19.4629
0.2893 0.241952 21.1731 0.0406135 0.00697714 10.6075 456.062 212030 30.5975
0.2892 0.23925 33.8667 0.0441331 0.010495 17.0235 459.108 217193 48.2972
0.2891 0.234928 54.1331 0.0497944 0.0161617 27.2604 463.993 225490 76.0492
0.289 0.228035 86.1058 0.0588543 0.025239 43.3997 471.797 238764 118.604
0.2889 0.217125 135.572 0.0732233 0.0396444 68.352 484.161 259809 181.576
0.2888 0.200097 209.717 0.095677 0.0621643 105.727 503.468 292690 269.67
0.2887 0.174126 315.35 0.129948 0.0965456 158.932 532.923 342870 382.59
0.2886 0.135907 454.138 0.180398 0.14717 228.776 576.272 416736 508.962
0.2885 0.0825576 614.414 0.250831 0.217856 309.343 636.778 519853 622.536
0.2884 0.0133613 763.963 0.342184 0.309551 384.388 715.244 653593 688.487
0.2883 -0.0682901 855.473 0.449966 0.417751 430.115 807.812 811382 681.957
0.2882 -0.154524 852.096 0.56377 0.532013 428.054 905.541 977985 605.339
0.2881 -0.235547 755.209 0.670659 0.639349 378.999 997.324 1.13446e+06 486.576
0.288 -0.303725 603.33 0.760552 0.729637 302.396 1074.5 1.26606e+06 360.303
0.2879 -0.355969 443.491 0.829379 0.798788 221.912 1133.59 1.36681e+06 250.601
0.2878 -0.393214 306.64 0.878382 0.848041 153.078 1175.65 1.43854e+06 166.672
0.2877 -0.418429 203.317 0.911492 0.881341 101.153 1204.06 1.48701e+06 107.532
0.2876 -0.434924 131.246 0.933081 0.903076 64.9623 1222.58 1.51861e+06 68.0133
0.2875 -0.445487 83.4238 0.946836 0.916946 40.9653 1234.37 1.53875e+06 42.4825
0.2874 -0.452175 52.6699 0.955475 0.925679 25.5439 1241.77 1.55139e+06 26.3368
0.2873 -0.456397 33.276 0.960858 0.931141 15.8257 1246.37 1.55927e+06 16.2625
0.2872 -0.459073 21.1947 0.964199 0.934553 9.77591 1249.22 1.56416e+06 10.0294
0.2871 -0.460789 13.7263 0.966273 0.936693 6.03869 1250.99 1.5672e+06 6.1935
0.287 -0.461913 9.13171 0.967567 0.938049 3.74125 1252.08 1.56909e+06 3.84105
0.2869 -0.462674 6.31386 0.968381 0.938924 2.33334 1252.76 1.57028e+06 2.40163
0.2868 -0.463212 4.58906 0.968901 0.939503 1.47231 1253.19 1.57104e+06 1.52225
0.2867 -0.463614 3.53462 0.969242 0.939901 0.946475 1253.47 1.57154e+06 0.985604
0.2866 -0.463932 2.89044 0.969473 0.940189 0.625638 1253.65 1.57188e+06 0.658375
0.2865 -0.4642 2.49699 0.969637 0.94041 0.430002 1253.78 1.57212e+06 0.458965
0.2864 -0.464437 2.2566 0.96976 0.94059 0.31075 1253.86 1.5723e+06 0.337502
0.2863 -0.464654 2.10957 0.969859 0.940744 0.23806 1253.93 1.57244e+06 0.263539
0.2862 -0.46486 2.01946 0.969942 0.940883 0.193735 1253.99 1.57256e+06 0.218506
0.2861 -0.465059 1.96403 0.970016 0.941013 0.16668 1254.03 1.57267e+06 0.191082
0.286 -0.465254 1.92971 0.970084 0.941137 0.150134 1254.08 1.57277e+06 0.174372
0.2859 -0.465445 1.90825 0.970148 0.941257 0.13998 1254.11 1.57286e+06 0.164177
0.2858 -0.465636 1.89461 0.970211 0.941375 0.133712 1254.15 1.57295e+06 0.157943
0.2857 -0.465824 1.88573 0.970272 0.941492 0.129806 1254.19 1.57304e+06 0.154114
0.2856 -0.466013 1.87974 0.970332 0.941608 0.127334 1254.22 1.57313e+06 0.151746
0.2855 -0.4662 1.87552 0.970392 0.941722 0.125733 1254.26 1.57322e+06 0.150265
0.2854 -0.466388 1.87236 0.970451 0.941837 0.124661 1254.29 1.5733e+06 0.149322
0.2853 -0.466575 1.86986 0.97051 0.941951 0.12391 1254.33 1.57339e+06 0.148705
0.2852 -0.466762 1.86776 0.970569 0.942065 0.123355 1254.36 1.57347e+06 0.148286
0.2851 -0.466948 1.86591 0.970628 0.942179 0.122917 1254.4 1.57356e+06 0.147988
0.285 -0.467135 1.8642 0.970686 0.942292 0.122552 1254.43 1.57365e+06 0.147761
0.2849 -0.467321 1.86259 0.970744 0.942405 0.12223 1254.46 1.57373e+06 0.147579
0.2848 -0.467507 1.86104 0.970803 0.942518 0.121936 1254.5 1.57382e+06 0.147424
0.2847 -0.467693 1.85953 0.970861 0.942631 0.121657 1254.53 1.5739e+06 0.147284
0.2846 -0.467879 1.85805 0.970919 0.942744 0.12139 1254.56 1.57398e+06 0.147155
0.2845 -0.468065 1.85658 0.970977 0.942856 0.121128 1254.6 1.57407e+06 0.147031
0.2844 -0.46825 1.85513 0.971035 0.942968 0.120871 1254.63 1.57415e+06 0.146911
0.2843 -0.468436 1.85369 0.971093 0.94308 0.120617 1254.67 1.57424e+06 0.146793
0.2842 -0.468621 1.85227 0.97115 0.943192 0.120365 1254.7 1.57432e+06 0.146677
0.2841 -0.468806 1.85085 0.971208 0.943304 0.120114 1254.73 1.57441e+06 0.146562
0.284 -0.468991 1.84944 0.971265 0.943416 0.119865 1254.77 1.57449e+06 0.146448
0.2839 -0.469176 1.84804 0.971323 0.943527 0.119616 1254.8 1.57457e+06 0.146333
0.2838 -0.469361 1.84664 0.97138 0.943638 0.119369 1254.83 1.57466e+06 0.14622
0.2837 -0.469545 1.84526 0.971437 0.943749 0.119122 1254.87 1.57474e+06 0.146106
0.2836 -0.46973 1.84388 0.971494 0.94386 0.118876 1254.9 1.57483e+06 0.145993
0.2835 -0.469914 1.84252 0.971552 0.943971 0.118631 1254.93 1.57491e+06 0.14588
0.2834 -0.470098 1.84115 0.971608 0.944081 0.118387 1254.97 1.57499e+06 0.145768
0.2833 -0.470282 1.8398 0.971665 0.944192 0.118144 1255 1.57508e+06 0.145656
0.2832 -0.470466 1.83846 0.971722 0.944302 0.117901 1255.03 1.57516e+06 0.145544
0.2831 -0.47065 1.83712 0.971779 0.944412 0.117659 1255.07 1.57524e+06 0.145432
0.283 -0.470834 1.8358 0.971835 0.944522 0.117418 1255.1 1.57532e+06 0.145321
0.2829 -0.471017 1.83448 0.971892 0.944631 0.117178 1255.13 1.57541e+06 0.145209
0.2828 -0.4712 1.83317 0.971948 0.944741 0.116938 1255.16 1.57549e+06 0.145099
0.2827 -0.471384 1.83187 0.972005 0.94485 0.116699 1255.2 1.57557e+06 0.144988
0.2826 -0.471567 1.83058 0.972061 0.944959 0.116461 1255.23 1.57566e+06 0.144878
0.2825 -0.47175 1.82929 0.972117 0.945068 0.116224 1255.26 1.57574e+06 0.144769
0.2824 -0.471933 1.82802 0.972173 0.945177 0.115987 1255.3 1.57582e+06 0.144659
0.2823 -0.472115 1.82675 0.972229 0.945286 0.115752 1255.33 1.5759e+06 0.14455
0.2822 -0.472298 1.82549 0.972285 0.945394 0.115517 1255.36 1.57598e+06 0.144442
0.2821 -0.47248 1.82425 0.972341 0.945503 0.115282 1255.39 1.57607e+06 0.144334
0.282 -0.472663 1.82301 0.972396 0.945611 0.115049 1255.43 1.57615e+06 0.144226
0.2819 -0.472845 1.82178 0.972452 0.945719 0.114816 1255.46 1.57623e+06 0.144119
0.2818 -0.473027 1.82055 0.972508 0.945827 0.114584 1255.49 1.57631e+06 0.144012
0.2817 -0.473209 1.81934 0.972563 0.945935 0.114353 1255.52 1.57639e+06 0.143905
0.2816 -0.473391 1.81814 0.972618 0.946042 0.114122 1255.56 1.57647e+06 0.143799
0.2815 -0.473573 1.81695 0.972674 0.94615 0.113892 1255.59 1.57656e+06 0.143694
0.2814 -0.473754 1.81576 0.972729 0.946257 0.113663 1255.62 1.57664e+06 0.143589
0.2813 -0.473936 1.81459 0.972784 0.946364 0.113435 1255.65 1.57672e+06 0.143484
0.2812 -0.474117 1.81342 0.972839 0.946471 0.113207 1255.69 1.5768e+06 0.14338
0.2811 -0.474298 1.81226 0.972894 0.946578 0.11298 1255.72 1.57688e+06 0.143276
0.281 -0.47448 1.81112 0.972949 0.946685 0.112754 1255.75 1.57696e+06 0.143173
0.2809 -0.474661 1.80998 0.973004 0.946791 0.112529 1255.78 1.57704e+06 0.14307
0.2808 -0.474842 1.80885 0.973058 0.946897 0.112304 1255.82 1.57712e+06 0.142968
0.2807 -0.475022 1.80773 0.973113 0.947004 0.11208 1255.85 1.5772e+06 0.142866
0.2806 -0.475203 1.80662 0.973168 0.94711 0.111856 1255.88 1.57728e+06 0.142765
0.2805 -0.475384 1.80552 0.973222 0.947216 0.111633 1255.91 1.57736e+06 0.142665
0.2804 -0.475564 1.80443 0.973276 0.947321 0.111411 1255.94 1.57744e+06 0.142565
0.2803 -0.475745 1.80335 0.973331 0.947427 0.11119 1255.98 1.57752e+06 0.142465
0.2802 -0.475925 1.80228 0.973385 0.947532 0.110969 1256.01 1.5776e+06 0.142366
0.2801 -0.476105 1.80122 0.973439 0.947638 0.110749 1256.04 1.57768e+06 0.142268
0.28 -0.476285 1.80017 0.973493 0.947743 0.110529 1256.07 1.57776e+06 0.14217
0.2799 -0.476465 1.79913 0.973547 0.947848 0.110311 1256.1 1.57784e+06 0.142073
0.2798 -0.476645 1.7981 0.973601 0.947953 0.110092 1256.13 1.57792e+06 0.141976
0.2797 -0.476825 1.79708 0.973655 0.948058 0.109875 1256.17 1.578e+06 0.14188
0.2796 -0.477004 1.79607 0.973709 0.948162 0.109658 1256.2 1.57808e+06 0.141784
0.2795 -0.477184 1.79507 0.973763 0.948267 0.109441 1256.23 1.57816e+06 0.141689
0.2794 -0.477363 1.79408 0.973816 0.948371 0.109225 1256.26 1.57824e+06 0.141595
0.2793 -0.477543 1.79309 0.97387 0.948475 0.10901 1256.29 1.57832e+06 0.141501
0.2792 -0.477722 1.79212 0.973923 0.948579 0.108795 1256.32 1.5784e+06 0.141408
0.2791 -0.477901 1.79116 0.973977 0.948683 0.108581 1256.36 1.57848e+06 0.141315
0.279 -0.47808 1.79021 0.97403 0.948787 0.108368 1256.39 1.57856e+06 0.141223
0.2789 -0.478259 1.78927 0.974083 0.94889 0.108155 1256.42 1.57864e+06 0.141132
0.2788 -0.478438 1.78834 0.974136 0.948994 0.107942 1256.45 1.57872e+06 0.141041
0.2787 -0.478617 1.78741 0.974189 0.949097 0.10773 1256.48 1.5788e+06 0.140951
0.2786 -0.478796 1.7865 0.974242 0.9492 0.107519 1256.51 1.57887e+06 0.140862
0.2785 -0.478974 1.7856 0.974295 0.949303 0.107308 1256.54 1.57895e+06 0.140773
0.2784 -0.479153 1.78471 0.974348 0.949406 0.107098 1256.58 1.57903e+06 0.140685
0.2783 -0.479331 1.78383 0.974401 0.949509 0.106888 1256.61 1.57911e+06 0.140597
0.2782 -0.479509 1.78295 0.974454 0.949611 0.106678 1256.64 1.57919e+06 0.14051
0.2781 -0.479688 1.78209 0.974506 0.949714 0.106469 1256.67 1.57927e+06 0.140423
0.278 -0.479866 1.78124 0.974559 0.949816 0.106261 1256.7 1.57935e+06 0.140338
0.2779 -0.480044 1.7804 0.974611 0.949919 0.106053 1256.73 1.57943e+06 0.140253
0.2778 -0.480222 1.77956 0.974664 0.950021 0.105845 1256.76 1.5795e+06 0.140168
0.2777 -0.4804 1.77874 0.974716 0.950123 0.105638 1256.79 1.57958e+06 0.140084
0.2776 -0.480578 1.77793 0.974768 0.950224 0.105431 1256.83 1.57966e+06 0.140001
0.2775 -0.480755 1.77712 0.974821 0.950326 0.105225 1256.86 1.57974e+06 0.139918
0.2774 -0.480933 1.77633 0.974873 0.950428 0.105019 1256.89 1.57982e+06 0.139836
0.2773 -0.481111 1.77555 0.974925 0.950529 0.104813 1256.92 1.57989e+06 0.139755
0.2772 -0.481288 1.77477 0.974977 0.95063 0.104608 1256.95 1.57997e+06 0.139674
0.2771 -0.481466 1.77401 0.975029 0.950731 0.104403 1256.98 1.58005e+06 0.139594
0.277 -0.481643 1.77325 0.975081 0.950832 0.104199 1257.01 1.58013e+06 0.139515
0.2769 -0.48182 1.7725 0.975132 0.950933 0.103995 1257.04 1.58021e+06 0.139436
0.2768 -0.481997 1.77177 0.975184 0.951034 0.103791 1257.07 1.58028e+06 0.139358
0.2767 -0.482175 1.77104 0.975236 0.951135 0.103588 1257.1 1.58036e+06 0.13928
0.2766 -0.482352 1.77032 0.975287 0.951235 0.103385 1257.14 1.58044e+06 0.139203
0.2765 -0.482529 1.76961 0.975339 0.951335 0.103182 1257.17 1.58052e+06 0.139127
0.2764 -0.482706 1.76891 0.97539 0.951436 0.102979 1257.2 1.58059e+06 0.139051
0.2763 -0.482882 1.76822 0.975442 0.951536 0.102777 1257.23 1.58067e+06 0.138976
0.2762 -0.483059 1.76754 0.975493 0.951636 0.102575 1257.26 1.58075e+06 0.138902
0.2761 -0.483236 1.76686 0.975544 0.951735 0.102373 1257.29 1.58083e+06 0.138828
0.276 -0.483413 1.7662 0.975595 0.951835 0.102172 1257.32 1.5809e+06 0.138755
0.2759 -0.483589 1.76554 0.975646 0.951935 0.101971 1257.35 1.58098e+06 0.138683
0.2758 -0.483766 1.76489 0.975697 0.952034 0.10177 1257.38 1.58106e+06 0.138611
0.2757 -0.483942 1.76425 0.975748 0.952133 0.101569 1257.41 1.58114e+06 0.138539
0.2756 -0.484118 1.76362 0.975799 0.952233 0.101369 1257.44 1.58121e+06 0.138469
0.2755 -0.484295 1.763 0.97585 0.952332 0.101168 1257.47 1.58129e+06 0.138399
0.2754 -0.484471 1.76238 0.975901 0.952431 0.100968 1257.5 1.58137e+06 0.138329
0.2753 -0.484647 1.76177 0.975951 0.952529 0.100769 1257.54 1.58144e+06 0.13826
0.2752 -0.484823 1.76117 0.976002 0.952628 0.100569 1257.57 1.58152e+06 0.138192
0.2751 -0.484999 1.76058 0.976053 0.952726 0.100369 1257.6 1.5816e+06 0.138125
0.275 -0.485175 1.75999 0.976103 0.952825 0.10017 1257.63 1.58167e+06 0.138057
0.2749 -0.485351 1.75941 0.976153 0.952923 0.0999708 1257.66 1.58175e+06 0.137991
0.2748 -0.485527 1.75884 0.976204 0.953021 0.0997718 1257.69 1.58183e+06 0.137925
0.2747 -0.485703 1.75828 0.976254 0.953119 0.0995729 1257.72 1.5819e+06 0.13786
0.2746 -0.485879 1.75772 0.976304 0.953217 0.0993742 1257.75 1.58198e+06 0.137795
0.2745 -0.486055 1.75717 0.976354 0.953315 0.0991756 1257.78 1.58206e+06 0.137731
0.2744 -0.48623 1.75663 0.976404 0.953412 0.0989771 1257.81 1.58213e+06 0.137667
0.2743 -0.486406 1.75609 0.976454 0.95351 0.0987787 1257.84 1.58221e+06 0.137604
0.2742 -0.486581 1.75556 0.976504 0.953607 0.0985804 1257.87 1.58229e+06 0.137542
0.2741 -0.486757 1.75503 0.976554 0.953704 0.0983823 1257.9 1.58236e+06 0.13748
0.274 -0.486932 1.75451 0.976604 0.953801 0.0981842 1257.93 1.58244e+06 0.137419
0.2739 -0.487108 1.754 0.976653 0.953898 0.0979862 1257.96 1.58252e+06 0.137358
0.2738 -0.487283 1.75349 0.976703 0.953995 0.0977883 1257.99 1.58259e+06 0.137298
0.2737 -0.487458 1.75299 0.976753 0.954092 0.0975904 1258.02 1.58267e+06 0.137238
0.2736 -0.487634 1.75249 0.976802 0.954188 0.0973927 1258.05 1.58275e+06 0.137179
0.2735 -0.487809 1.75199 0.976851 0.954285 0.097195 1258.08 1.58282e+06 0.13712
0.2734 -0.487984 1.7515 0.976901 0.954381 0.0969973 1258.11 1.5829e+06 0.137062
0.2733 -0.488159 1.75102 0.97695 0.954477 0.0967997 1258.14 1.58297e+06 0.137005
0.2732 -0.488334 1.75054 0.976999 0.954573 0.0966022 1258.17 1.58305e+06 0.136948
0.2731 -0.488509 1.75006 0.977048 0.954669 0.0964047 1258.21 1.58313e+06 0.136891
0.273 -0.488684 1.74959 0.977097 0.954765 0.0962072 1258.24 1.5832e+06 0.136835
0.2729 -0.488859 1.74912 0.977146 0.954861 0.0960098 1258.27 1.58328e+06 0.13678
0.2728 -0.489034 1.74865 0.977195 0.954956 0.0958124 1258.3 1.58335e+06 0.136725
0.2727 -0.489209 1.74819 0.977244 0.955052 0.095615 1258.33 1.58343e+06 0.13667
0.2726 -0.489383 1.74773 0.977293 0.955147 0.0954176 1258.36 1.58351e+06 0.136616
0.2725 -0.489558 1.74727 0.977342 0.955242 0.0952203 1258.39 1.58358e+06 0.136563
0.2724 -0.489733 1.74682 0.97739 0.955337 0.095023 1258.42 1.58366e+06 0.13651
0.2723 -0.489907 1.74637 0.977439 0.955432 0.0948257 1258.45 1.58373e+06 0.136457
0.2722 -0.490082 1.74592 0.977487 0.955526 0.0946284 1258.48 1.58381e+06 0.136405
0.2721 -0.490257 1.74547 0.977536 0.955621 0.0944311 1258.51 1.58389e+06 0.136354
0.272 -0.490431 1.74502 0.977584 0.955715 0.0942338 1258.54 1.58396e+06 0.136302
0.2719 -0.490605 1.74457 0.977633 0.95581 0.0940365 1258.57 1.58404e+06 0.136252
0.2718 -0.49078 1.74413 0.977681 0.955904 0.0938392 1258.6 1.58411e+06 0.136201
0.2717 -0.490954 1.74368 0.977729 0.955998 0.093642 1258.63 1.58419e+06 0.136152
0.2716 -0.491129 1.74324 0.977777 0.956092 0.0934447 1258.66 1.58426e+06 0.136102
0.2715 -0.491303 1.7428 0.977825 0.956186 0.0932474 1258.69 1.58434e+06 0.136053
0.2714 -0.491477 1.74235 0.977873 0.956279 0.0930501 1258.72 1.58441e+06 0.136005
0.2713 -0.491651 1.74191 0.977921 0.956373 0.0928529 1258.75 1.58449e+06 0.135957
0.2712 -0.491825 1.74146 0.977969 0.956466 0.0926556 1258.78 1.58456e+06 0.135909
0.2711 -0.491999 1.74102 0.978016 0.956559 0.0924583 1258.81 1.58464e+06 0.135862
0.271 -0.492173 1.74057 0.978064 0.956652 0.092261 1258.84 1.58471e+06 0.135815
0.2709 -0.492347 1.74013 0.978112 0.956745 0.0920638 1258.87 1.58479e+06 0.135769
0.2708 -0.492521 1.73968 0.978159 0.956838 0.0918665 1258.9 1.58486e+06 0.135723
0.2707 -0.492695 1.73923 0.978206 0.956931 0.0916692 1258.93 1.58494e+06 0.135677
0.2706 -0.492869 1.73878 0.978254 0.957023 0.0914719 1258.96 1.58501e+06 0.135632
0.2705 -0.493043 1.73832 0.978301 0.957116 0.0912747 1258.99 1.58509e+06 0.135587
0.2704 -0.493217 1.73786 0.978348 0.957208 0.0910774 1259.01 1.58516e+06 0.135543
0.2703 -0.49339 1.7374 0.978395 0.9573 0.0908802 1259.04 1.58524e+06 0.135499
0.2702 -0.493564 1.73694 0.978443 0.957392 0.0906829 1259.07 1.58531e+06 0.135455
0.2701 -0.493738 1.73648 0.97849 0.957484 0.0904857 1259.1 1.58539e+06 0.135412
0.27 -0.493911 1.73601 0.978536 0.957576 0.0902885 1259.13 1.58546e+06 0.135369
0.2699 -0.494085 1.73553 0.978583 0.957667 0.0900913 1259.16 1.58554e+06 0.135326
0.2698 -0.494258 1.73506 0.97863 0.957759 0.0898941 1259.19 1.58561e+06 0.135284
0.2697 -0.494432 1.73458 0.978677 0.95785 0.089697 1259.22 1.58569e+06 0.135242
0.2696 -0.494605 1.73409 0.978723 0.957941 0.0894999 1259.25 1.58576e+06 0.135201
0.2695 -0.494778 1.7336 0.97877 0.958032 0.0893028 1259.28 1.58584e+06 0.13516
0.2694 -0.494952 1.73311 0.978816 0.958123 0.0891058 1259.31 1.58591e+06 0.135119
0.2693 -0.495125 1.73261 0.978863 0.958214 0.0889088 1259.34 1.58598e+06 0.135079
0.2692 -0.495298 1.7321 0.978909 0.958305 0.0887118 1259.37 1.58606e+06 0.135038
0.2691 -0.495471 1.73159 0.978955 0.958395 0.0885149 1259.4 1.58613e+06 0.134999
0.269 -0.495644 1.73107 0.979002 0.958485 0.0883181 1259.43 1.58621e+06 0.134959
0.2689 -0.495817 1.73055 0.979048 0.958576 0.0881213 1259.46 1.58628e+06 0.13492
0.2688 -0.49599 1.73002 0.979094 0.958666 0.0879246 1259.49 1.58635e+06 0.134881
0.2687 -0.496163 1.72949 0.97914 0.958755 0.0877279 1259.52 1.58643e+06 0.134843
0.2686 -0.496336 1.72894 0.979186 0.958845 0.0875313 1259.55 1.5865e+06 0.134805
0.2685 -0.496509 1.7284 0.979231 0.958935 0.0873349 1259.58 1.58657e+06 0.134767
0.2684 -0.496681 1.72784 0.979277 0.959024 0.0871385 1259.6 1.58665e+06 0.13473
0.2683 -0.496854 1.72728 0.979323 0.959114 0.0869422 1259.63 1.58672e+06 0.134692
0.2682 -0.497027 1.72671 0.979368 0.959203 0.086746 1259.66 1.5868e+06 0.134656
0.2681 -0.497199 1.72613 0.979414 0.959292 0.0865499 1259.69 1.58687e+06 0.134619
0.268 -0.497372 1.72554 0.979459 0.959381 0.0863539 1259.72 1.58694e+06 0.134583
0.2679 -0.497544 1.72495 0.979505 0.959469 0.086158 1259.75 1.58702e+06 0.134547
0.2678 -0.497717 1.72434 0.97955 0.959558 0.0859623 1259.78 1.58709e+06 0.134511
0.2677 -0.497889 1.72373 0.979595 0.959646 0.0857667 1259.81 1.58716e+06 0.134476
0.2676 -0.498061 1.72311 0.97964 0.959735 0.0855712 1259.84 1.58723e+06 0.134441
0.2675 -0.498233 1.72249 0.979685 0.959823 0.0853759 1259.87 1.58731e+06 0.134406
0.2674 -0.498405 1.72185 0.97973 0.959911 0.0851807 1259.89 1.58738e+06 0.134372
0.2673 -0.498578 1.7212 0.979775 0.959999 0.0849857 1259.92 1.58745e+06 0.134337
0.2672 -0.49875 1.72055 0.97982 0.960086 0.0847909 1259.95 1.58752e+06 0.134304
0.2671 -0.498921 1.71988 0.979865 0.960174 0.0845962 1259.98 1.5876e+06 0.13427
0.267 -0.499093 1.71921 0.979909 0.960261 0.0844018 1260.01 1.58767e+06 0.134237
0.2669 -0.499265 1.71853 0.979954 0.960349 0.0842075 1260.04 1.58774e+06 0.134204
0.2668 -0.499437 1.71783 0.979998 0.960436 0.0840134 1260.07 1.58781e+06 0.134171
0.2667 -0.499608 1.71713 0.980043 0.960523 0.0838195 1260.1 1.58789e+06 0.134138
0.2666 -0.49978 1.71642 0.980087 0.960609 0.0836259 1260.12 1.58796e+06 0.134106
0.2665 -0.499952 1.71569 0.980131 0.960696 0.0834324 1260.15 1.58803e+06 0.134074
0.2664 -0.500123 1.71496 0.980176 0.960783 0.0832392 1260.18 1.5881e+06 0.134043
0.2663 -0.500294 1.71421 0.98022 0.960869 0.0830462 1260.21 1.58817e+06 0.134011
0.2662 -0.500466 1.71346 0.980264 0.960955 0.0828535 1260.24 1.58825e+06 0.13398
0.2661 -0.500637 1.7127 0.980308 0.961041 0.0826611 1260.27 1.58832e+06 0.133949
0.266 -0.500808 1.71192 0.980352 0.961127 0.0824688 1260.29 1.58839e+06 0.133919
0.2659 -0.500979 1.71113 0.980395 0.961213 0.0822769 1260.32 1.58846e+06 0.133888
0.2658 -0.50115 1.71034 0.980439 0.961299 0.0820852 1260.35 1.58853e+06 0.133858
0.2657 -0.501321 1.70953 0.980483 0.961384 0.0818939 1260.38 1.5886e+06 0.133829
0.2656 -0.501492 1.70871 0.980526 0.961469 0.0817028 1260.41 1.58867e+06 0.133799
0.2655 -0.501662 1.70788 0.98057 0.961555 0.081512 1260.44 1.58874e+06 0.13377
0.2654 -0.501833 1.70704 0.980613 0.96164 0.0813215 1260.46 1.58881e+06 0.133741
0.2653 -0.502004 1.70619 0.980656 0.961724 0.0811314 1260.49 1.58888e+06 0.133712
0.2652 -0.502174 1.70532 0.9807 0.961809 0.0809416 1260.52 1.58895e+06 0.133684
0.2651 -0.502344 1.70445 0.980743 0.961894 0.0807521 1260.55 1.58903e+06 0.133656
0.265 -0.502515 1.70356 0.980786 0.961978 0.0805629 1260.58 1.5891e+06 0.133628
0.2649 -0.502685 1.70267 0.980829 0.962062 0.0803741 1260.6 1.58917e+06 0.1336
0.2648 -0.502855 1.70176 0.980872 0.962146 0.0801857 1260.63 1.58924e+06 0.133573
0.2647 -0.503025 1.70084 0.980915 0.96223 0.0799976 1260.66 1.58931e+06 0.133546
0.2646 -0.503195 1.69991 0.980957 0.962314 0.0798099 1260.69 1.58938e+06 0.133519
0.2645 -0.503365 1.69897 0.981 0.962398 0.0796226 1260.71 1.58945e+06 0.133492
0.2644 -0.503535 1.69802 0.981043 0.962481 0.0794357 1260.74 1.58951e+06 0.133466
0.2643 -0.503704 1.69705 0.981085 0.962565 0.0792491 1260.77 1.58958e+06 0.133439
0.2642 -0.503874 1.69608 0.981128 0.962648 0.079063 1260.8 1.58965e+06 0.133414
0.2641 -0.504043 1.69509 0.98117 0.962731 0.0788773 1260.82 1.58972e+06 0.133388
0.264 -0.504213 1.69409 0.981212 0.962814 0.078692 1260.85 1.58979e+06 0.133363
0.2639 -0.504382 1.69309 0.981255 0.962896 0.0785071 1260.88 1.58986e+06 0.133337
0.2638 -0.504551 1.69207 0.981297 0.962979 0.0783227 1260.91 1.58993e+06 0.133312
0.2637 -0.50472 1.69104 0.981339 0.963061 0.0781387 1260.93 1.59e+06 0.133288
0.2636 -0.504889 1.68999 0.981381 0.963144 0.0779551 1260.96 1.59007e+06 0.133263
0.2635 -0.505058 1.68894 0.981423 0.963226 0.077772 1260.99 1.59013e+06 0.133239
0.2634 -0.505226 1.68788 0.981464 0.963308 0.0775894 1261.01 1.5902e+06 0.133215
0.2633 -0.505395 1.6868 0.981506 0.963389 0.0774072 1261.04 1.59027e+06 0.133192
0.2632 -0.505563 1.68572 0.981548 0.963471 0.0772255 1261.07 1.59034e+06 0.133168
0.2631 -0.505732 1.68462 0.981589 0.963553 0.0770443 1261.1 1.59041e+06 0.133145
0.263 -0.5059 1.68352 0.981631 0.963634 0.0768636 1261.12 1.59047e+06 0.133122
0.2629 -0.506068 1.6824 0.981672 0.963715 0.0766834 1261.15 1.59054e+06 0.133099
0.2628 -0.506236 1.68128 0.981713 0.963796 0.0765037 1261.18 1.59061e+06 0.133076
0.2627 -0.506404 1.68014 0.981755 0.963877 0.0763244 1261.2 1.59068e+06 0.133054
0.2626 -0.506572 1.67899 0.981796 0.963958 0.0761457 1261.23 1.59074e+06 0.133032
0.2625 -0.50674 1.67783 0.981837 0.964038 0.0759675 1261.26 1.59081e+06 0.13301
0.2624 -0.506907 1.67667 0.981878 0.964119 0.0757898 1261.28 1.59088e+06 0.132988
0.2623 -0.507075 1.67549 0.981919 0.964199 0.0756127 1261.31 1.59094e+06 0.132967
0.2622 -0.507242 1.6743 0.98196 0.964279 0.0754361 1261.34 1.59101e+06 0.132946
0.2621 -0.507409 1.6731 0.982 0.964359 0.07526 1261.36 1.59108e+06 0.132925
0.262 -0.507576 1.6719 0.982041 0.964439 0.0750845 1261.39 1.59114e+06 0.132904
0.2619 -0.507743 1.67068 0.982082 0.964519 0.0749095 1261.41 1.59121e+06 0.132883
0.2618 -0.50791 1.66946 0.982122 0.964598 0.0747351 1261.44 1.59128e+06 0.132862
0.2617 -0.508077 1.66822 0.982163 0.964677 0.0745612 1261.47 1.59134e+06 0.132842
0.2616 -0.508244 1.66698 0.982203 0.964757 0.0743879 1261.49 1.59141e+06 0.132822
0.2615 -0.50841 1.66573 0.982243 0.964836 0.0742152 1261.52 1.59147e+06 0.132802
0.2614 -0.508577 1.66447 0.982284 0.964915 0.074043 1261.54 1.59154e+06 0.132782
0.2613 -0.508743 1.6632 0.982324 0.964993 0.0738714 1261.57 1.5916e+06 0.132763
0.2612 -0.508909 1.66192 0.982364 0.965072 0.0737004 1261.6 1.59167e+06 0.132744
0.2611 -0.509075 1.66063 0.982404 0.96515 0.07353 1261.62 1.59173e+06 0.132724
0.261 -0.509241 1.65934 0.982444 0.965229 0.0733601 1261.65 1.5918e+06 0.132705
0.2609 -0.509406 1.65803 0.982483 0.965307 0.0731908 1261.67 1.59186e+06 0.132686
0.2608 -0.509572 1.65672 0.982523 0.965385 0.0730222 1261.7 1.59193e+06 0.132668
0.2607 -0.509737 1.65541 0.982563 0.965463 0.0728541 1261.72 1.59199e+06 0.132649
0.2606 -0.509903 1.65408 0.982602 0.96554 0.0726866 1261.75 1.59206e+06 0.132631
0.2605 -0.510068 1.65275 0.982642 0.965618 0.0725198 1261.78 1.59212e+06 0.132612
0.2604 -0.510233 1.65141 0.982681 0.965695 0.0723535 1261.8 1.59219e+06 0.132594
0.2603 -0.510398 1.65006 0.982721 0.965772 0.0721878 1261.83 1.59225e+06 0.132576
0.2602 -0.510563 1.6487 0.98276 0.965849 0.0720228 1261.85 1.59231e+06 0.132558
0.2601 -0.510727 1.64734 0.982799 0.965926 0.0718583 1261.88 1.59238e+06 0.13254
0.26 -0.510892 1.64598 0.982838 0.966003 0.0716945 1261.9 1.59244e+06 0.132523
0.2599 -0.511056 1.6446 0.982877 0.96608 0.0715312 1261.93 1.5925e+06 0.132505
0.2598 -0.51122 1.64322 0.982916 0.966156 0.0713686 1261.95 1.59257e+06 0.132488
0.2597 -0.511384 1.64183 0.982955 0.966233 0.0712066 1261.98 1.59263e+06 0.13247
0.2596 -0.511548 1.64044 0.982994 0.966309 0.0710452 1262 1.59269e+06 0.132453
0.2595 -0.511712 1.63904 0.983033 0.966385 0.0708845 1262.03 1.59276e+06 0.132436
0.2594 -0.511876 1.63764 0.983071 0.966461 0.0707243 1262.05 1.59282e+06 0.132419
0.2593 -0.512039 1.63623 0.98311 0.966537 0.0705648 1262.08 1.59288e+06 0.132402
0.2592 -0.512203 1.63481 0.983148 0.966612 0.0704059 1262.1 1.59294e+06 0.132385
0.2591 -0.512366 1.63339 0.983187 0.966688 0.0702476 1262.13 1.593e+06 0.132368
0.259 -0.512529 1.63197 0.983225 0.966763 0.0700899 1262.15 1.59307e+06 0.132351
0.2589 -0.512692 1.63054 0.983263 0.966838 0.0699328 1262.17 1.59313e+06 0.132334
0.2588 -0.512855 1.62911 0.983301 0.966913 0.0697764 1262.2 1.59319e+06 0.132317
0.2587 -0.513017 1.62767 0.98334 0.966988 0.0696206 1262.22 1.59325e+06 0.1323
0.2586 -0.51318 1.62622 0.983378 0.967063 0.0694654 1262.25 1.59331e+06 0.132283
0.2585 -0.513342 1.62478 0.983416 0.967137 0.0693108 1262.27 1.59337e+06 0.132267
0.2584 -0.513505 1.62332 0.983453 0.967212 0.0691568 1262.3 1.59344e+06 0.13225
0.2583 -0.513667 1.62187 0.983491 0.967286 0.0690035 1262.32 1.5935e+06 0.132233
0.2582 -0.513829 1.62041 0.983529 0.96736 0.0688507 1262.35 1.59356e+06 0.132216
0.2581 -0.51399 1.61895 0.983567 0.967434 0.0686986 1262.37 1.59362e+06 0.132199
0.258 -0.514152 1.61748 0.983604 0.967508 0.0685471 1262.39 1.59368e+06 0.132182
0.2579 -0.514313 1.61601 0.983642 0.967582 0.0683962 1262.42 1.59374e+06 0.132166
0.2578 -0.514475 1.61454 0.983679 0.967655 0.0682459 1262.44 1.5938e+06 0.132149
0.2577 -0.514636 1.61306 0.983717 0.967729 0.0680962 1262.47 1.59386e+06 0.132132
0.2576 -0.514797 1.61159 0.983754 0.967802 0.0679471 1262.49 1.59392e+06 0.132115
0.2575 -0.514958 1.6101 0.983791 0.967875 0.0677986 1262.51 1.59398e+06 0.132097
0.2574 -0.515119 1.60862 0.983828 0.967948 0.0676507 1262.54 1.59404e+06 0.13208
0.2573 -0.515279 1.60713 0.983865 0.968021 0.0675034 1262.56 1.5941e+06 0.132063
0.2572 -0.51544 1.60565 0.983902 0.968094 0.0673567 1262.58 1.59416e+06 0.132046
0.2571 -0.5156 1.60416 0.983939 0.968167 0.0672106 1262.61 1.59422e+06 0.132028
0.257 -0.51576 1.60266 0.983976 0.968239 0.067065 1262.63 1.59428e+06 0.13201
0.2569 -0.51592 1.60117 0.984013 0.968311 0.0669201 1262.65 1.59434e+06 0.131993
0.2568 -0.51608 1.59967 0.98405 0.968384 0.0667757 1262.68 1.5944e+06 0.131975
0.2567 -0.51624 1.59818 0.984086 0.968456 0.066632 1262.7 1.59446e+06 0.131957
0.2566 -0.516399 1.59668 0.984123 0.968528 0.0664887 1262.72 1.59452e+06 0.131939
0.2565 -0.516559 1.59518 0.984159 0.968599 0.0663461 1262.75 1.59457e+06 0.131921
0.2564 -0.516718 1.59367 0.984196 0.968671 0.066204 1262.77 1.59463e+06 0.131902
0.2563 -0.516877 1.59217 0.984232 0.968743 0.0660625 1262.79 1.59469e+06 0.131884
0.2562 -0.517036 1.59067 0.984269 0.968814 0.0659216 1262.82 1.59475e+06 0.131865
0.2561 -0.517195 1.58916 0.984305 0.968885 0.0657812 1262.84 1.59481e+06 0.131846
0.256 -0.517353 1.58765 0.984341 0.968956 0.0656413 1262.86 1.59487e+06 0.131827
0.2559 -0.517512 1.58615 0.984377 0.969027 0.065502 1262.89 1.59492e+06 0.131807
0.2558 -0.51767 1.58464 0.984413 0.969098 0.0653632 1262.91 1.59498e+06 0.131788
0.2557 -0.517828 1.58313 0.984449 0.969169 0.065225 1262.93 1.59504e+06 0.131768
0.2556 -0.517987 1.58162 0.984485 0.969239 0.0650873 1262.96 1.5951e+06 0.131748
0.2555 -0.518144 1.58011 0.984521 0.96931 0.0649502 1262.98 1.59516e+06 0.131728
0.2554 -0.518302 1.5786 0.984556 0.96938 0.0648135 1263 1.59521e+06 0.131707
0.2553 -0.51846 1.57709 0.984592 0.96945 0.0646774 1263.02 1.59527e+06 0.131686
0.2552 -0.518617 1.57558 0.984628 0.96952 0.0645418 1263.05 1.59533e+06 0.131665
0.2551 -0.518774 1.57407 0.984663 0.96959 0.0644067 1263.07 1.59539e+06 0.131644
0.255 -0.518932 1.57256 0.984699 0.96966 0.0642721 1263.09 1.59544e+06 0.131623
0.2549 -0.519089 1.57105 0.984734 0.96973 0.064138 1263.11 1.5955e+06 0.131601
0.2548 -0.519245 1.56955 0.984769 0.969799 0.0640044 1263.14 1.59556e+06 0.131579
0.2547 -0.519402 1.56804 0.984805 0.969869 0.0638713 1263.16 1.59561e+06 0.131556
0.2546 -0.519559 1.56653 0.98484 0.969938 0.0637387 1263.18 1.59567e+06 0.131534
0.2545 -0.519715 1.56502 0.984875 0.970007 0.0636065 1263.2 1.59573e+06 0.131511
0.2544 -0.519871 1.56351 0.98491 0.970076 0.0634748 1263.23 1.59578e+06 0.131487
0.2543 -0.520027 1.562 0.984945 0.970145 0.0633436 1263.25 1.59584e+06 0.131464
0.2542 -0.520183 1.56049 0.98498 0.970214 0.0632129 1263.27 1.59589e+06 0.13144
0.2541 -0.520339 1.55899 0.985015 0.970282 0.0630826 1263.29 1.59595e+06 0.131416
0.254 -0.520495 1.55748 0.98505 0.970351 0.0629527 1263.31 1.59601e+06 0.131391
0.2539 -0.52065 1.55598 0.985084 0.970419 0.0628233 1263.34 1.59606e+06 0.131366
0.2538 -0.520806 1.55447 0.985119 0.970487 0.0626943 1263.36 1.59612e+06 0.131341
0.2537 -0.520961 1.55297 0.985154 0.970555 0.0625658 1263.38 1.59617e+06 0.131315
0.2536 -0.521116 1.55146 0.985188 0.970623 0.0624377 1263.4 1.59623e+06 0.131289
0.2535 -0.521271 1.54996 0.985223 0.970691 0.06231 1263.43 1.59629e+06 0.131263
0.2534 -0.521425 1.54846 0.985257 0.970759 0.0621827 1263.45 1.59634e+06 0.131236
0.2533 -0.52158 1.54696 0.985291 0.970827 0.0620558 1263.47 1.5964e+06 0.131209
0.2532 -0.521734 1.54546 0.985326 0.970894 0.0619293 1263.49 1.59645e+06 0.131181
0.2531 -0.521889 1.54396 0.98536 0.970961 0.0618033 1263.51 1.59651e+06 0.131153
0.253 -0.522043 1.54246 0.985394 0.971029 0.0616776 1263.53 1.59656e+06 0.131125
0.2529 -0.522197 1.54097 0.985428 0.971096 0.0615523 1263.56 1.59662e+06 0.131097
0.2528 -0.522351 1.53947 0.985462 0.971163 0.0614273 1263.58 1.59667e+06 0.131068
0.2527 -0.522504 1.53798 0.985496 0.97123 0.0613028 1263.6 1.59673e+06 0.131038
0.2526 -0.522658 1.53649 0.98553 0.971296 0.0611786 1263.62 1.59678e+06 0.131008
0.2525 -0.522811 1.53499 0.985564 0.971363 0.0610548 1263.64 1.59684e+06 0.130978
0.2524 -0.522964 1.5335 0.985598 0.971429 0.0609313 1263.66 1.59689e+06 0.130947
0.2523 -0.523118 1.53201 0.985631 0.971496 0.0608081 1263.69 1.59694e+06 0.130916
0.2522 -0.52327 1.53053 0.985665 0.971562 0.0606853 1263.71 1.597e+06 0.130885
0.2521 -0.523423 1.52904 0.985699 0.971628 0.0605629 1263.73 1.59705e+06 0.130853
0.252 -0.523576 1.52755 0.985732 0.971694 0.0604408 1263.75 1.59711e+06 0.130821
0.2519 -0.523728 1.52607 0.985766 0.97176 0.060319 1263.77 1.59716e+06 0.130788
0.2518 -0.523881 1.52459 0.985799 0.971826 0.0601975 1263.79 1.59721e+06 0.130755
0.2517 -0.524033 1.5231 0.985832 0.971891 0.0600763 1263.81 1.59727e+06 0.130722
0.2516 -0.524185 1.52162 0.985866 0.971957 0.0599554 1263.84 1.59732e+06 0.130688
0.2515 -0.524337 1.52015 0.985899 0.972022 0.0598348 1263.86 1.59738e+06 0.130654
0.2514 -0.524489 1.51867 0.985932 0.972088 0.0597146 1263.88 1.59743e+06 0.130619
0.2513 -0.52464 1.51719 0.985965 0.972153 0.0595946 1263.9 1.59748e+06 0.130584
0.2512 -0.524792 1.51572 0.985998 0.972218 0.0594749 1263.92 1.59754e+06 0.130548
0.2511 -0.524943 1.51425 0.986031 0.972283 0.0593554 1263.94 1.59759e+06 0.130512
0.251 -0.525094 1.51277 0.986064 0.972348 0.0592363 1263.96 1.59764e+06 0.130476
0.2509 -0.525245 1.5113 0.986097 0.972412 0.0591174 1263.98 1.5977e+06 0.130439
0.2508 -0.525396 1.50984 0.986129 0.972477 0.0589987 1264 1.59775e+06 0.130402
0.2507 -0.525547 1.50837 0.986162 0.972541 0.0588803 1264.03 1.5978e+06 0.130364
0.2506 -0.525698 1.5069 0.986195 0.972606 0.0587622 1264.05 1.59786e+06 0.130326
0.2505 -0.525848 1.50544 0.986227 0.97267 0.0586443 1264.07 1.59791e+06 0.130288
0.2504 -0.525998 1.50398 0.98626 0.972734 0.0585266 1264.09 1.59796e+06 0.130249
0.2503 -0.526149 1.50252 0.986292 0.972798 0.0584092 1264.11 1.59801e+06 0.13021
0.2502 -0.526299 1.50106 0.986325 0.972862 0.0582919 1264.13 1.59807e+06 0.130171
0.2501 -0.526448 1.4996 0.986357 0.972926 0.058175 1264.15 1.59812e+06 0.130131
