0 0.0100959 1.01234 0 0 0 569.48 324311 0.668165
0.01 0.0101003 1.01673 0 0 0 569.49 324323 0.666336
0.02 0.0101024 1.0174 0 0 0 569.454 324282 0.663185
0.03 0.0100951 1.01712 0 0 0 569.453 324281 0.675433
0.04 0.0100961 1.01341 0 0 0 569.479 324310 0.678714
0.05 0.0100922 1.01517 0 0 0 569.489 324321 0.673344
0.06 0.010103 1.03222 0 0 0 569.485 324317 0.679845
0.07 0.0100995 1.0252 0 0 0 569.464 324293 0.680509
0.08 0.0100988 1.00466 0 0 0 569.443 324269 0.684531
0.09 0.0101029 1.027 0 0 0 569.482 324314 0.682271
0.1 0.0101066 1.02794 0 0 0 569.484 324316 0.671274
0.11 0.0100969 1.04281 0 0 0 569.494 324328 0.676355
0.12 0.0101042 1.02617 0 0 0 569.458 324286 0.682661
0.13 0.0100964 1.0202 0 0 0 569.476 324307 0.673565
0.14 0.0101026 1.01007 0 0 0 569.465 324295 0.680545
0.15 0.0101003 1.02795 0 0 0 569.462 324291 0.677381
0.16 0.0100997 1.02067 0 0 0 569.478 324309 0.68176
0.17 0.0101007 1.03433 0 0 0 569.472 324303 0.67786
0.18 0.0100973 1.01824 0 0 0 569.457 324285 0.670579
0.19 0.0100995 1.03334 0 0 0 569.487 324320 0.688411
0.2 0.0101065 1.01777 0 0 0 569.462 324291 0.681435
0.21 0.0100963 1.0066 0 0 0 569.462 324291 0.674649
0.22 0.0101012 1.00157 0 0 0 569.463 324292 0.685425
0.23 0.0100997 1.01786 0 0 0 569.473 324303 0.663922
0.24 0.0100988 1.034 0 0 0 569.477 324308 0.674293
0.25 0.0101006 1.01932 0 0 0 569.476 324306 0.669633
0.26 0.0100998 1.03101 0 0 0 569.5 324333 0.657651
0.27 0.0100981 1.02415 0 0 0 569.494 324327 0.678209
0.28 0.0100973 1.02893 0 0 0 569.468 324298 0.663066
0.29 0.0100944 1.04981 0 0 0 569.466 324296 0.673989
0.3 0.0101035 1.03231 0 0 0 569.466 324296 0.666657
0.31 0.0101047 1.00965 0 0 0 569.467 324297 0.678365
0.32 0.0101002 1.02773 0 0 0 569.473 324303 0.664567
0.33 0.0100937 1.02892 0 0 0 569.481 324312 0.659801
0.34 0.0101021 1.02457 0 0 0 569.498 324332 0.683897
0.35 0.0100957 1.02992 0 0 0 569.469 324299 0.683594
0.36 0.0100955 1.01399 0 0 0 569.486 324318 0.671666
0.37 0.0101054 1.01989 0 0 0 569.454 324281 0.678349
0.38 0.0100997 1.02132 0 0 0 569.471 324301 0.665575
0.39 0.0100991 1.01989 0 0 0 569.476 324306 0.672684
0.4 0.0100949 1.02454 0 0 0 569.47 324300 0.661172
0.41 0.0100982 1.00737 0 0 0 569.452 324279 0.67862
0.42 0.0100989 1.02131 0 0 0 569.483 324315 0.684849
0.43 0.0100983 1.02249 0 0 0 569.482 324314 0.672867
0.44 0.0101017 1.0086 0 0 0 569.482 324314 0.674352
0.45 0.0100983 1.01318 0 0 0 569.481 324312 0.666743
0.46 0.0100982 1.01286 0 0 0 569.479 324310 0.678607
0.47 0.0100988 1.01693 0 0 0 569.465 324294 0.683197
0.48 0.0101011 1.03081 0 0 0 569.483 324315 0.687475
0.49 0.010105 1.02677 0 0 0 569.48 324311 0.693753
0.5 0.0101048 1.01243 0 0 0 569.471 324301 0.673646
0.51 0.010098 1.02826 0 0 0 569.464 324293 0.668709
0.52 0.0101014 1.02922 0 0 0 569.466 324296 0.69142
0.53 0.0100997 1.03264 0 0 0 569.48 324311 0.667448
0.54 0.0100961 1.02478 0 0 0 569.506 324341 0.680019
0.55 0.0101004 1.03247 0 0 0 569.469 324299 0.680453
0.56 0.0100945 1.00545 0 0 0 569.488 324321 0.688637
0.57 0.0101011 1.01054 0 0 0 569.482 324314 0.678761
0.58 0.0100924 1.00287 0 0 0 569.489 324321 0.67542
0.59 0.0100962 1.0191 0 0 0 569.481 324313 0.680052
0.6 0.0101009 1.01484 0 0 0 569.494 324327 0.671727
0.61 0.0100979 1.00621 0 0 0 569.467 324297 0.668549
0.62 0.0101017 1.01492 0 0 0 569.487 324320 0.676762
0.63 0.0101011 1.01477 0 0 0 569.485 324317 0.668332
0.64 0.0100995 1.03648 0 0 0 569.479 324310 0.668888
0.65 0.0100992 1.02154 0 0 0 569.469 324299 0.669764
0.66 0.0100963 1.01045 0 0 0 569.479 324310 0.665258
0.67 0.0100973 1.01799 0 0 0 569.482 324313 0.681267
0.68 0.0101033 1.02829 0 0 0 569.464 324293 0.691609
0.69 0.0101094 1.01053 0 0 0 569.46 324288 0.677328
0.7 0.0100918 1.01777 0 0 0 569.48 324311 0.664996
0.71 0.0100951 1.01565 0 0 0 569.456 324284 0.679227
0.72 0.0101028 1.01054 0 0 0 569.485 324317 0.672777
0.73 0.0101022 1.0258 0 0 0 569.477 324308 0.671432
0.74 0.0100959 1.02181 0 0 0 569.5 324334 0.665414
0.75 0.0100998 0.999223 0 0 0 569.505 324340 0.677447
0.76 0.010095 1.02352 0 0 0 569.474 324304 0.673811
0.77 0.0100983 1.00804 0 0 0 569.479 324311 0.666112
0.78 0.0101027 1.03069 0 0 0 569.466 324296 0.685639
0.79 0.0100962 1.01549 0 0 0 569.475 324305 0.677088
0.8 0.0100936 1.03047 0 0 0 569.497 324331 0.671641
0.81 0.010099 1.01649 0 0 0 569.473 324303 0.676464
0.82 0.0100988 1.00696 0 0 0 569.476 324307 0.683804
0.83 0.0101025 1.02282 0 0 0 569.468 324297 0.670116
0.84 0.0101036 1.01907 0 0 0 569.471 324301 0.681855
0.85 0.0100994 1.03298 0 0 0 569.467 324297 0.670882
0.86 0.0101004 1.02759 0 0 0 569.483 324314 0.675018
0.87 0.0101059 1.00151 0 0 0 569.476 324306 0.669686
0.88 0.0100922 1.01039 0 0 0 569.473 324304 0.673114
0.89 0.0101025 1.02312 0 0 0 569.473 324304 0.675487
0.9 0.0101002 1.00589 0 0 0 569.477 324308 0.680115
0.91 0.010103 1.01652 0 0 0 569.485 324317 0.676905
0.92 0.0100948 1.0075 0 0 0 569.495 324329 0.681355
0.93 0.0100978 1.01053 0 0 0 569.488 324320 0.674564
0.94 0.0101014 1.01459 0 0 0 569.487 324319 0.670377
0.95 0.0100963 1.02725 0 0 0 569.498 324332 0.682634
0.96 0.0101034 1.00933 0 0 0 569.473 324303 0.66775
0.97 0.0101021 1.02362 0 0 0 569.493 324326 0.664627
0.98 0.0101005 1.0257 0 0 0 569.493 324326 0.683039
0.99 0.010093 1.02236 0 0 0 569.484 324316 0.679279
1 0.0100952 1.01144 0 0 0 569.484 324315 0.690624
1.01 0.010095 1.01049 0 0 0 569.473 324304 0.675782
1.02 0.0100911 1.02503 0 0 0 569.463 324293 0.685343
1.03 0.0100976 1.00692 0 0 0 569.47 324300 0.673313
1.04 0.010101 1.03 0 0 0 569.505 324339 0.66624
1.05 0.0101002 1.03166 0 0 0 569.467 324297 0.685845
1.06 0.010101 1.01916 0 0 0 569.481 324313 0.667841
1.07 0.0101002 1.03545 0 0 0 569.486 324319 0.671153
1.08 0.0101039 1.03508 0 0 0 569.463 324292 0.666745
1.09 0.0100149 1.05714 0.000988889 1.71682e-06 0.0425618 570.029 324937 0.718112
1.1 0.0098014 1.1521 0.00256137 7.31231e-06 0.0432973 570.931 325966 0.715093
1.11 0.00961632 1.00508 0.00347222 1.20563e-05 0 571.473 326586 0.675043
1.12 0.00958622 1.00656 0.00347222 1.20563e-05 0 571.477 326590 0.675012
1.13 0.00954863 1.0373 0.00347222 1.20563e-05 0 571.492 326606 0.662671
1.14 0.0092108 1.01902 0.00520833 2.71267e-05 0 572.466 327721 0.679221
1.15 0.00890077 1.01638 0.00694444 4.82253e-05 0 573.485 328889 0.672492
1.16 0.00628904 5.76267 0.0197239 0.000405829 0.967563 580.841 337386 1.58985
1.17 -0.103086 165115 0.287025 0.212264 7481.15 729.846 572951 5518.43
1.18 -0.449994 0.998663 1 1 0 1126.8 1.26968e+06 0.219986
1.19 -0.459993 0.991803 1 1 0 1126.8 1.26969e+06 0.22346
