1 0.508617 0.379545 0.13934 0.0197677 0.202837 498.494 248976 0.962879
0.99 0.504348 0.378152 0.137945 0.0193784 0.203377 497.657 248144 0.97705
0.98 0.500271 0.375086 0.13603 0.018857 0.207454 495.934 246434 0.995991
0.97 0.496767 0.382227 0.134803 0.0185216 0.207661 495.459 245964 1.00585
0.96 0.492884 0.372131 0.132648 0.0179397 0.206498 493.411 243924 0.991658
0.95 0.48929 0.377338 0.131123 0.0175356 0.207552 492.408 242933 0.999953
0.94 0.485722 0.371813 0.129136 0.0170098 0.204502 490.525 241090 1.02966
0.93 0.481864 0.364595 0.127977 0.016715 0.208628 490.064 240632 1.02797
0.92 0.478168 0.366605 0.126179 0.0162467 0.203787 488.639 239225 1.01635
0.91 0.47473 0.375394 0.125297 0.0160324 0.21086 488.497 239099 1.05618
0.9 0.470503 0.37119 0.123345 0.0155423 0.210156 486.789 237433 1.07112
0.89 0.466973 0.36811 0.121435 0.0150673 0.207682 485.099 235773 1.04611
0.88 0.463452 0.373387 0.119921 0.0147049 0.211981 483.938 234653 1.07416
0.87 0.459519 0.368922 0.117839 0.0141924 0.202886 482.238 232987 1.03521
0.86 0.455874 0.362238 0.117007 0.0140028 0.20902 482.175 232946 1.09178
0.85 0.452413 0.359915 0.115268 0.0135881 0.204225 480.824 231632 1.07695
0.84 0.448668 0.362271 0.114033 0.0133085 0.209089 480.203 231034 1.09045
0.83 0.445532 0.367471 0.112705 0.0129962 0.203847 479.278 230129 1.05833
0.82 0.441509 0.361847 0.110429 0.0124886 0.206507 477.239 228181 1.08328
0.81 0.43818 0.362737 0.109195 0.0122155 0.207618 476.496 227474 1.10285
0.8 0.434232 0.356828 0.107927 0.0119397 0.20982 476.034 227033 1.11434
0.79 0.430819 0.353299 0.106729 0.0116739 0.206132 475.37 226392 1.10648
0.78 0.427267 0.354738 0.104701 0.0112407 0.205536 473.593 224703 1.11783
0.77 0.423604 0.357315 0.10335 0.0109539 0.203941 472.85 223992 1.11103
0.76 0.420278 0.347309 0.101653 0.0106018 0.203403 471.397 222613 1.10864
0.75 0.416504 0.347043 0.0998289 0.0102286 0.201812 469.976 221273 1.12186
0.74 0.413146 0.35005 0.0989416 0.0100489 0.201944 469.88 221174 1.11274
0.73 0.409496 0.354532 0.0975049 0.00977058 0.207816 468.956 220312 1.1476
0.72 0.40624 0.340353 0.0957045 0.00941015 0.200641 467.433 218871 1.12205
0.71 0.402335 0.341997 0.0942715 0.00913327 0.199693 466.472 217973 1.13703
0.7 0.399443 0.343661 0.0932675 0.00894602 0.203399 466.184 217712 1.17797
0.69 0.39592 0.34184 0.0920015 0.00871004 0.205165 465.29 216873 1.17708
0.68 0.392185 0.338556 0.0902264 0.00837849 0.201336 464.069 215730 1.17133
0.67 0.388877 0.338729 0.0890893 0.0081738 0.20366 463.646 215334 1.17912
0.66 0.385542 0.337681 0.0880284 0.00798158 0.202978 463.323 215027 1.17332
0.65 0.382174 0.342118 0.0871485 0.00782523 0.204135 462.848 214585 1.18433
0.64 0.378943 0.338579 0.085601 0.00755154 0.201597 461.592 213418 1.18732
0.63 0.37512 0.327861 0.0841957 0.00730795 0.200253 461.151 213005 1.18661
0.62 0.372365 0.337465 0.0831465 0.00712714 0.19862 460.395 212303 1.1884
0.61 0.368741 0.335019 0.0821474 0.00696431 0.204067 460.104 212033 1.20088
0.6 0.365012 0.342471 0.0807898 0.00673895 0.203469 459.4 211385 1.22392
0.59 0.36198 0.331526 0.0793298 0.00649512 0.197114 458.443 210490 1.18261
0.58 0.358205 0.3329 0.078631 0.00638507 0.200846 458.446 210489 1.19022
0.57 0.355069 0.338965 0.0780319 0.00628922 0.202344 458.684 210704 1.19738
0.56 0.351536 0.34022 0.0768616 0.00610211 0.199959 458.023 210099 1.22539
0.55 0.348277 0.341986 0.0759088 0.00595819 0.205316 457.93 210010 1.23265
0.54 0.344767 0.343404 0.0749491 0.00580684 0.202103 457.75 209837 1.2205
0.53 0.341467 0.34394 0.0743385 0.00572029 0.210919 457.962 210039 1.27741
0.52 0.337848 0.343551 0.0734077 0.0055772 0.20881 457.619 209715 1.26121
0.51 0.334356 0.35115 0.0727415 0.00547688 0.209564 457.796 209873 1.26719
0.5 0.330939 0.346955 0.071605 0.00530886 0.209179 457.205 209322 1.25127
0.49 0.327368 0.349248 0.0710232 0.00522441 0.211734 457.432 209528 1.26505
0.48 0.324193 0.362488 0.0704539 0.00514327 0.215421 457.69 209765 1.29565
0.47 0.320456 0.358512 0.0698345 0.00505165 0.21422 457.988 210027 1.27188
0.46 0.31678 0.36831 0.0695804 0.005022 0.226103 458.668 210660 1.34099
0.45 0.313118 0.371452 0.0690557 0.00495045 0.232645 459.047 211005 1.36129
0.44 0.309211 0.375472 0.0689021 0.00492491 0.232246 459.927 211809 1.36485
0.43 0.305415 0.387745 0.0685059 0.00486752 0.233699 460.538 212369 1.38261
0.42 0.30182 0.386613 0.0687498 0.00489807 0.235249 461.711 213440 1.35417
0.41 0.297828 0.394149 0.0681036 0.00480864 0.239601 462.158 213848 1.35919
0.4 0.293962 0.403782 0.0679861 0.00479353 0.246845 463.064 214686 1.39158
0.39 0.290085 0.411377 0.0682801 0.00483492 0.255131 464.213 215750 1.41389
0.38 0.285404 0.420225 0.0691673 0.00496167 0.269145 466.579 217957 1.46928
0.37 0.28094 0.430694 0.0693536 0.00499408 0.286684 468.249 219521 1.52418
0.36 0.276954 0.451117 0.069714 0.00504007 0.288049 469.45 220642 1.53342
0.35 0.272479 0.469967 0.070553 0.00515988 0.299787 471.66 222718 1.54416
0.34 0.267273 0.48086 0.0715077 0.00530368 0.322425 474.067 225000 1.62204
0.33 0.262415 0.509579 0.0729249 0.00551409 0.342185 476.794 227601 1.70515
0.32 0.257258 0.532666 0.0746878 0.00579071 0.382392 480.246 230917 1.82747
0.31 0.251683 0.562514 0.0769628 0.00613816 0.399289 483.861 234398 1.84476
0.3 0.246337 0.587683 0.0786565 0.00639683 0.403175 486.811 237254 1.84074
0.29 0.240021 0.618855 0.082481 0.00704802 0.486432 492.446 242799 2.06947
0.28 0.233512 0.69348 0.0856692 0.0076029 0.54246 497.024 247346 2.24717
0.27 0.226122 0.749752 0.0923672 0.0088365 0.650249 505.316 255687 2.51155
0.26 0.218372 0.874704 0.0985835 0.0100929 0.828948 513.086 263658 3.00039
0.25 0.208664 1.07566 0.108959 0.0123459 1.0917 524.71 275807 3.71242
0.24 -0.427053 1.69762 0.979532 0.959524 0.0967396 1246.72 1.55436e+06 0.211281
0.23 -0.443564 1.5806 0.984095 0.968473 0.0755821 1250.61 1.56407e+06 0.199626
0.22 -0.458877 1.47478 0.987791 0.975753 0.0591097 1254.03 1.57265e+06 0.19385
0.21 -0.473159 1.38407 0.9909 0.981899 0.0452613 1257.11 1.58038e+06 0.187884
0.2 -0.486686 1.33936 0.993353 0.986763 0.0345742 1259.95 1.58752e+06 0.186177
0.19 -0.499878 1.24395 0.995361 0.990751 0.0256105 1262.59 1.59417e+06 0.181837
0.18 -0.512053 1.21206 0.996805 0.993625 0.0181449 1264.85 1.59988e+06 0.17598
0.17 -0.523918 1.14965 0.997917 0.995843 0.0123982 1267.13 1.60566e+06 0.174966
0.16 -0.535327 1.10437 0.998702 0.997408 0.00831808 1269.15 1.61077e+06 0.172738
0.15 -0.546405 1.11156 0.999222 0.998447 0.00526951 1270.99 1.61544e+06 0.169931
0.14 -0.557037 1.07089 0.999568 0.999137 0.00312994 1272.76 1.61994e+06 0.170031
0.13 -0.567819 1.05512 0.999788 0.999576 0.0016502 1274.6 1.62463e+06 0.1724
0.12 -0.578187 1.04126 0.999911 0.999821 0.000745772 1276.34 1.62906e+06 0.169556
0.11 -0.588647 1.05455 0.999966 0.999933 0.000305043 1278 1.6333e+06 0.170258
0.1 -0.598867 1.02402 0.999987 0.999975 0.000128402 1279.64 1.63749e+06 0.16861
0.09 -0.609132 1.02046 0.999997 0.999995 2.98533e-05 1281.31 1.64178e+06 0.16897
0.08 -0.619307 1.01228 1 0.999999 4.33941e-06 1282.97 1.64603e+06 0.168989
0.07 -0.629488 1.00895 1 1 1.24002e-06 1284.64 1.65032e+06 0.170076
0.06 -0.639618 1.01381 1 1 0 1286.24 1.65443e+06 0.170965
0.05 -0.649731 1.00971 1 1 0 1287.91 1.65873e+06 0.167509
0.04 -0.659864 0.997965 1 1 0 1289.53 1.66288e+06 0.167552
0.03 -0.669921 0.997308 1 1 0 1291.18 1.66715e+06 0.168724
0.02 -0.679963 0.996468 1 1 0 1292.77 1.67127e+06 0.17014
0.01 -0.689989 1.01464 1 1 0 1294.4 1.67547e+06 0.164896
