0.8 0.39278 0.237934 0.0464774 0.00227048 0.0794352 424.486 180505 0.931772
0.799 0.392542 0.237864 0.0464178 0.00226476 0.0794046 424.449 180473 0.931782
0.798 0.392304 0.237795 0.0463582 0.00225905 0.0793742 424.411 180441 0.931792
0.797 0.392067 0.237728 0.0462988 0.00225337 0.0793439 424.374 180409 0.931802
0.796 0.391829 0.237661 0.0462396 0.0022477 0.0793139 424.337 180377 0.931811
0.795 0.391591 0.237596 0.0461804 0.00224206 0.079284 424.301 180345 0.93182
0.794 0.391354 0.237532 0.0461214 0.00223643 0.0792543 424.264 180314 0.93183
0.793 0.391116 0.237469 0.0460625 0.00223083 0.0792248 424.228 180283 0.931839
0.792 0.390879 0.237407 0.0460037 0.00222524 0.0791956 424.192 180252 0.931848
0.791 0.390641 0.237346 0.0459451 0.00221967 0.0791664 424.156 180221 0.931857
0.79 0.390404 0.237286 0.0458866 0.00221412 0.0791375 424.121 180191 0.931866
0.789 0.390167 0.237228 0.0458282 0.00220859 0.0791088 424.086 180160 0.931874
0.788 0.38993 0.23717 0.04577 0.00220308 0.0790803 424.051 180130 0.931883
0.787 0.389692 0.237114 0.0457118 0.00219758 0.0790519 424.016 180100 0.931891
0.786 0.389455 0.237058 0.0456539 0.00219211 0.0790237 423.981 180071 0.931899
0.785 0.389218 0.237004 0.045596 0.00218665 0.0789958 423.947 180041 0.931908
0.784 0.388981 0.236951 0.0455383 0.00218122 0.078968 423.913 180012 0.931916
0.783 0.388744 0.236899 0.0454807 0.0021758 0.0789404 423.88 179983 0.931924
0.782 0.388507 0.236847 0.0454232 0.0021704 0.078913 423.846 179954 0.931931
0.781 0.388271 0.236797 0.0453659 0.00216502 0.0788858 423.813 179926 0.931939
0.78 0.388034 0.236749 0.0453087 0.00215966 0.0788588 423.78 179898 0.931947
0.779 0.387797 0.236701 0.0452516 0.00215432 0.0788319 423.747 179869 0.931954
0.778 0.38756 0.236654 0.0451946 0.002149 0.0788053 423.715 179842 0.931962
0.777 0.387324 0.236608 0.0451378 0.00214369 0.0787789 423.683 179814 0.931969
0.776 0.387087 0.236563 0.0450811 0.00213841 0.0787526 423.651 179786 0.931976
0.775 0.386851 0.23652 0.0450246 0.00213314 0.0787266 423.619 179759 0.931983
0.774 0.386614 0.236477 0.0449682 0.00212789 0.0787007 423.588 179732 0.93199
0.773 0.386378 0.236436 0.0449119 0.00212266 0.0786751 423.557 179705 0.931997
0.772 0.386141 0.236395 0.0448557 0.00211745 0.0786496 423.526 179679 0.932004
0.771 0.385905 0.236356 0.0447997 0.00211226 0.0786243 423.495 179652 0.932011
0.77 0.385668 0.236317 0.0447438 0.00210708 0.0785993 423.465 179626 0.932017
0.769 0.385432 0.23628 0.0446881 0.00210193 0.0785744 423.435 179600 0.932024
0.768 0.385196 0.236243 0.0446324 0.00209679 0.0785497 423.405 179575 0.93203
0.767 0.38496 0.236208 0.044577 0.00209167 0.0785253 423.375 179549 0.932036
0.766 0.384723 0.236173 0.0445216 0.00208657 0.078501 423.346 179524 0.932043
0.765 0.384487 0.23614 0.0444664 0.00208149 0.078477 423.317 179499 0.932049
0.764 0.384251 0.236107 0.0444113 0.00207642 0.0784531 423.288 179474 0.932055
0.763 0.384015 0.236076 0.0443563 0.00207138 0.0784295 423.259 179449 0.932061
0.762 0.383779 0.236045 0.0443015 0.00206635 0.078406 423.231 179425 0.932067
0.761 0.383543 0.236015 0.0442468 0.00206134 0.0783828 423.203 179401 0.932073
0.76 0.383307 0.235987 0.0441923 0.00205635 0.0783598 423.175 179377 0.932079
0.759 0.383071 0.235959 0.0441379 0.00205138 0.078337 423.147 179353 0.932084
0.758 0.382835 0.235932 0.0440836 0.00204642 0.0783144 423.12 179329 0.93209
0.757 0.382599 0.235907 0.0440294 0.00204149 0.0782921 423.093 179306 0.932096
0.756 0.382363 0.235882 0.0439754 0.00203657 0.0782699 423.066 179283 0.932101
0.755 0.382127 0.235858 0.0439216 0.00203167 0.078248 423.04 179260 0.932107
0.754 0.381891 0.235835 0.0438678 0.00202679 0.0782263 423.013 179238 0.932112
0.753 0.381655 0.235813 0.0438142 0.00202192 0.0782048 422.987 179215 0.932118
0.752 0.381419 0.235791 0.0437608 0.00201708 0.0781835 422.962 179193 0.932123
0.751 0.381184 0.235771 0.0437074 0.00201225 0.0781625 422.936 179171 0.932129
0.75 0.380948 0.235752 0.0436542 0.00200744 0.0781417 422.911 179149 0.932134
0.749 0.380712 0.235733 0.0436012 0.00200265 0.0781212 422.886 179128 0.93214
0.748 0.380476 0.235716 0.0435483 0.00199788 0.0781008 422.861 179106 0.932145
0.747 0.38024 0.235699 0.0434955 0.00199312 0.0780807 422.837 179085 0.93215
0.746 0.380005 0.235683 0.0434429 0.00198838 0.0780609 422.812 179064 0.932156
0.745 0.379769 0.235668 0.0433904 0.00198366 0.0780413 422.789 179044 0.932161
0.744 0.379533 0.235654 0.043338 0.00197896 0.0780219 422.765 179023 0.932167
0.743 0.379298 0.235641 0.0432858 0.00197428 0.0780028 422.741 179003 0.932172
0.742 0.379062 0.235628 0.0432337 0.00196961 0.0779839 422.718 178983 0.932177
0.741 0.378826 0.235617 0.0431817 0.00196496 0.0779653 422.695 178963 0.932183
0.74 0.378591 0.235606 0.0431299 0.00196033 0.0779469 422.673 178944 0.932188
0.739 0.378355 0.235596 0.0430782 0.00195572 0.0779288 422.65 178924 0.932194
0.738 0.378119 0.235587 0.0430267 0.00195112 0.077911 422.628 178905 0.9322
0.737 0.377884 0.235579 0.0429753 0.00194654 0.0778934 422.606 178886 0.932205
0.736 0.377648 0.235571 0.042924 0.00194198 0.0778761 422.585 178868 0.932211
0.735 0.377413 0.235565 0.0428729 0.00193744 0.077859 422.563 178849 0.932217
0.734 0.377177 0.235559 0.042822 0.00193291 0.0778423 422.542 178831 0.932222
0.733 0.376941 0.235554 0.0427711 0.00192841 0.0778258 422.521 178813 0.932228
0.732 0.376706 0.23555 0.0427204 0.00192392 0.0778095 422.501 178795 0.932234
0.731 0.37647 0.235547 0.0426699 0.00191944 0.0777936 422.481 178778 0.93224
0.73 0.376235 0.235545 0.0426194 0.00191499 0.0777779 422.461 178760 0.932246
0.729 0.375999 0.235543 0.0425692 0.00191055 0.0777625 422.441 178743 0.932253
0.728 0.375763 0.235542 0.042519 0.00190613 0.0777474 422.421 178726 0.932259
0.727 0.375528 0.235542 0.042469 0.00190173 0.0777326 422.402 178710 0.932265
0.726 0.375292 0.235543 0.0424192 0.00189734 0.0777181 422.383 178693 0.932272
0.725 0.375057 0.235545 0.0423694 0.00189297 0.0777038 422.364 178677 0.932279
0.724 0.374821 0.235547 0.0423199 0.00188862 0.0776899 422.346 178661 0.932286
0.723 0.374586 0.23555 0.0422704 0.00188429 0.0776763 422.327 178645 0.932293
0.722 0.37435 0.235554 0.0422211 0.00187997 0.0776629 422.31 178630 0.9323
0.721 0.374114 0.235559 0.042172 0.00187567 0.0776499 422.292 178614 0.932307
0.72 0.373879 0.235565 0.042123 0.00187139 0.0776372 422.274 178599 0.932315
0.719 0.373643 0.235572 0.0420741 0.00186713 0.0776248 422.257 178584 0.932323
0.718 0.373408 0.235579 0.0420254 0.00186288 0.0776127 422.24 178569 0.932331
0.717 0.373172 0.235587 0.0419768 0.00185865 0.0776009 422.224 178555 0.932339
0.716 0.372936 0.235596 0.0419283 0.00185443 0.0775895 422.207 178541 0.932347
0.715 0.372701 0.235606 0.04188 0.00185024 0.0775783 422.191 178527 0.932356
0.714 0.372465 0.235617 0.0418318 0.00184605 0.0775675 422.175 178513 0.932365
0.713 0.372229 0.235628 0.0417838 0.00184189 0.077557 422.159 178499 0.932374
0.712 0.371994 0.235641 0.0417359 0.00183775 0.0775469 422.144 178486 0.932383
0.711 0.371758 0.235654 0.0416882 0.00183362 0.077537 422.129 178473 0.932393
0.71 0.371522 0.235668 0.0416406 0.0018295 0.0775275 422.114 178460 0.932403
0.709 0.371287 0.235683 0.0415931 0.00182541 0.0775184 422.099 178447 0.932413
0.708 0.371051 0.235699 0.0415458 0.00182133 0.0775095 422.085 178434 0.932424
0.707 0.370815 0.235716 0.0414986 0.00181726 0.0775011 422.071 178422 0.932435
0.706 0.370579 0.235734 0.0414516 0.00181322 0.0774929 422.057 178410 0.932446
0.705 0.370344 0.235753 0.0414047 0.00180919 0.0774851 422.043 178398 0.932458
0.704 0.370108 0.235772 0.041358 0.00180518 0.0774777 422.03 178387 0.93247
0.703 0.369872 0.235793 0.0413114 0.00180118 0.0774706 422.017 178375 0.932483
0.702 0.369636 0.235814 0.0412649 0.0017972 0.0774638 422.004 178364 0.932495
0.701 0.3694 0.235837 0.0412186 0.00179324 0.0774575 421.992 178353 0.932509
0.7 0.369164 0.23586 0.0411724 0.00178929 0.0774514 421.98 178342 0.932523
0.699 0.368928 0.235884 0.0411264 0.00178536 0.0774457 421.967 178332 0.932537
0.698 0.368693 0.23591 0.0410805 0.00178145 0.0774404 421.956 178321 0.932552
0.697 0.368457 0.235936 0.0410347 0.00177755 0.0774355 421.944 178311 0.932567
0.696 0.368221 0.235963 0.0409891 0.00177367 0.0774309 421.933 178301 0.932583
0.695 0.367985 0.235992 0.0409436 0.0017698 0.0774267 421.922 178292 0.932599
0.694 0.367749 0.236021 0.0408983 0.00176596 0.0774228 421.911 178282 0.932616
0.693 0.367513 0.236051 0.0408531 0.00176212 0.0774193 421.901 178273 0.932633
0.692 0.367276 0.236083 0.0408081 0.00175831 0.0774162 421.891 178264 0.932652
0.691 0.36704 0.236116 0.0407632 0.00175451 0.0774135 421.881 178255 0.93267
0.69 0.366804 0.236149 0.0407184 0.00175072 0.0774111 421.871 178247 0.93269
0.689 0.366568 0.236184 0.0406738 0.00174696 0.0774092 421.862 178238 0.93271
0.688 0.366332 0.23622 0.0406294 0.0017432 0.0774076 421.853 178230 0.932731
0.687 0.366096 0.236257 0.040585 0.00173947 0.0774064 421.844 178222 0.932752
0.686 0.365859 0.236296 0.0405409 0.00173575 0.0774056 421.835 178215 0.932775
0.685 0.365623 0.236335 0.0404968 0.00173205 0.0774051 421.827 178207 0.932798
0.684 0.365387 0.236376 0.040453 0.00172836 0.0774051 421.819 178200 0.932822
0.683 0.36515 0.236418 0.0404092 0.00172469 0.0774055 421.811 178193 0.932847
0.682 0.364914 0.236461 0.0403656 0.00172103 0.0774062 421.803 178186 0.932873
0.681 0.364677 0.236506 0.0403222 0.00171739 0.0774074 421.796 178180 0.932899
0.68 0.364441 0.236552 0.0402788 0.00171377 0.0774089 421.789 178174 0.932927
0.679 0.364204 0.236599 0.0402357 0.00171016 0.0774109 421.782 178168 0.932956
0.678 0.363968 0.236647 0.0401927 0.00170657 0.0774133 421.776 178162 0.932985
0.677 0.363731 0.236697 0.0401498 0.001703 0.0774161 421.77 178156 0.933016
0.676 0.363494 0.236748 0.0401071 0.00169944 0.0774193 421.764 178151 0.933048
0.675 0.363257 0.236801 0.0400645 0.00169589 0.0774229 421.758 178146 0.933081
0.674 0.363021 0.236855 0.0400221 0.00169237 0.0774269 421.753 178141 0.933115
0.673 0.362784 0.23691 0.0399798 0.00168885 0.0774314 421.748 178136 0.93315
0.672 0.362547 0.236967 0.0399376 0.00168536 0.0774362 421.743 178132 0.933187
0.671 0.36231 0.237026 0.0398956 0.00168188 0.0774415 421.738 178127 0.933225
0.67 0.362073 0.237085 0.0398538 0.00167841 0.0774473 421.734 178123 0.933264
0.669 0.361836 0.237147 0.0398121 0.00167496 0.0774535 421.73 178120 0.933305
0.668 0.361599 0.23721 0.0397706 0.00167153 0.0774601 421.726 178116 0.933347
0.667 0.361361 0.237274 0.0397292 0.00166811 0.0774672 421.723 178113 0.933391
0.666 0.361124 0.23734 0.0396879 0.00166471 0.0774747 421.72 178110 0.933436
0.665 0.360887 0.237408 0.0396468 0.00166132 0.0774826 421.717 178107 0.933482
0.664 0.360649 0.237477 0.0396059 0.00165795 0.0774911 421.714 178104 0.933531
0.663 0.360412 0.237548 0.0395651 0.0016546 0.0775 421.712 178102 0.933581
0.662 0.360174 0.237621 0.0395244 0.00165126 0.0775093 421.71 178100 0.933633
0.661 0.359937 0.237695 0.0394839 0.00164794 0.0775191 421.708 178098 0.933686
0.66 0.359699 0.237771 0.0394436 0.00164463 0.0775294 421.707 178097 0.933742
0.659 0.359461 0.237849 0.0394034 0.00164134 0.0775402 421.706 178095 0.933799
0.658 0.359223 0.237929 0.0393634 0.00163807 0.0775515 421.705 178094 0.933858
0.657 0.358985 0.23801 0.0393235 0.00163481 0.0775633 421.704 178093 0.93392
0.656 0.358747 0.238093 0.0392838 0.00163156 0.0775755 421.704 178093 0.933983
0.655 0.358509 0.238178 0.0392442 0.00162834 0.0775883 421.704 178092 0.934049
0.654 0.358271 0.238265 0.0392048 0.00162512 0.0776016 421.705 178092 0.934116
0.653 0.358033 0.238353 0.0391655 0.00162193 0.0776154 421.705 178092 0.934187
0.652 0.357795 0.238444 0.0391264 0.00161875 0.0776297 421.706 178093 0.934259
0.651 0.357556 0.238536 0.0390875 0.00161558 0.0776446 421.707 178094 0.934334
0.65 0.357318 0.238631 0.0390487 0.00161244 0.07766 421.709 178094 0.934411
0.649 0.357079 0.238727 0.03901 0.0016093 0.0776759 421.711 178096 0.934491
0.648 0.35684 0.238825 0.0389716 0.00160619 0.0776924 421.713 178097 0.934573
0.647 0.356601 0.238925 0.0389332 0.00160309 0.0777095 421.715 178099 0.934659
0.646 0.356363 0.239027 0.0388951 0.0016 0.0777271 421.718 178101 0.934746
0.645 0.356124 0.239131 0.0388571 0.00159693 0.0777453 421.721 178103 0.934837
0.644 0.355884 0.239238 0.0388193 0.00159388 0.0777641 421.725 178105 0.934931
0.643 0.355645 0.239346 0.0387816 0.00159084 0.0777834 421.728 178108 0.935028
0.642 0.355406 0.239456 0.0387441 0.00158782 0.0778034 421.732 178111 0.935127
0.641 0.355167 0.239568 0.0387068 0.00158482 0.077824 421.737 178115 0.93523
0.64 0.354927 0.239683 0.0386696 0.00158183 0.0778452 421.741 178118 0.935336
0.639 0.354687 0.239799 0.0386326 0.00157886 0.077867 421.746 178122 0.935446
0.638 0.354448 0.239918 0.0385957 0.0015759 0.0778895 421.751 178126 0.935559
0.637 0.354208 0.240038 0.0385591 0.00157297 0.0779126 421.757 178130 0.935675
0.636 0.353968 0.240161 0.0385226 0.00157004 0.0779364 421.763 178135 0.935795
0.635 0.353728 0.240286 0.0384862 0.00156714 0.0779608 421.769 178140 0.935919
0.634 0.353487 0.240413 0.0384501 0.00156425 0.0779859 421.776 178145 0.936046
0.633 0.353247 0.240542 0.0384141 0.00156137 0.0780118 421.783 178151 0.936177
0.632 0.353006 0.240674 0.0383782 0.00155851 0.0780383 421.79 178157 0.936312
0.631 0.352766 0.240807 0.0383426 0.00155567 0.0780655 421.798 178163 0.936451
0.63 0.352525 0.240943 0.0383071 0.00155285 0.0780934 421.806 178169 0.936595
0.629 0.352284 0.241081 0.0382718 0.00155004 0.078122 421.814 178176 0.936742
0.628 0.352043 0.241222 0.0382367 0.00154725 0.0781514 421.823 178182 0.936894
0.627 0.351802 0.241364 0.0382017 0.00154447 0.0781816 421.832 178190 0.93705
0.626 0.351561 0.241509 0.0381669 0.00154172 0.0782125 421.841 178197 0.93721
0.625 0.351319 0.241656 0.0381323 0.00153897 0.0782441 421.851 178205 0.937375
0.624 0.351078 0.241805 0.0380979 0.00153625 0.0782766 421.861 178213 0.937545
0.623 0.350836 0.241956 0.0380637 0.00153354 0.0783098 421.871 178222 0.937719
0.622 0.350594 0.24211 0.0380296 0.00153085 0.0783439 421.882 178230 0.937898
0.621 0.350352 0.242266 0.0379957 0.00152818 0.0783787 421.893 178239 0.938082
0.62 0.35011 0.242424 0.037962 0.00152552 0.0784144 421.904 178249 0.938271
0.619 0.349867 0.242585 0.0379285 0.00152288 0.078451 421.916 178258 0.938466
0.618 0.349625 0.242748 0.0378952 0.00152025 0.0784883 421.928 178268 0.938665
0.617 0.349382 0.242913 0.037862 0.00151765 0.0785266 421.941 178278 0.93887
0.616 0.349139 0.24308 0.0378291 0.00151506 0.0785657 421.954 178289 0.93908
0.615 0.348896 0.24325 0.0377963 0.00151249 0.0786057 421.967 178300 0.939295
0.614 0.348653 0.243422 0.0377637 0.00150993 0.0786466 421.98 178311 0.939516
0.613 0.34841 0.243597 0.0377313 0.00150739 0.0786884 421.994 178322 0.939743
0.612 0.348166 0.243774 0.0376991 0.00150487 0.0787311 422.009 178334 0.939975
0.611 0.347922 0.243953 0.0376671 0.00150237 0.0787747 422.024 178346 0.940213
0.61 0.347678 0.244134 0.0376353 0.00149988 0.0788193 422.039 178359 0.940457
0.609 0.347434 0.244318 0.0376036 0.00149742 0.0788648 422.054 178372 0.940707
0.608 0.34719 0.244504 0.0375722 0.00149496 0.0789113 422.07 178385 0.940963
0.607 0.346946 0.244693 0.037541 0.00149253 0.0789587 422.086 178398 0.941225
0.606 0.346701 0.244884 0.0375099 0.00149012 0.0790071 422.103 178412 0.941493
0.605 0.346456 0.245077 0.0374791 0.00148772 0.0790565 422.12 178426 0.941767
0.604 0.346211 0.245273 0.0374484 0.00148534 0.079107 422.138 178440 0.942048
0.603 0.345966 0.245472 0.037418 0.00148297 0.0791584 422.156 178455 0.942335
0.602 0.345721 0.245672 0.0373877 0.00148063 0.0792108 422.174 178470 0.942629
0.601 0.345475 0.245875 0.0373577 0.0014783 0.0792643 422.192 178486 0.942929
0.6 0.345229 0.246081 0.0373278 0.00147599 0.0793187 422.212 178502 0.943235
0.599 0.344983 0.246289 0.0372982 0.0014737 0.0793743 422.231 178518 0.943549
0.598 0.344737 0.2465 0.0372687 0.00147142 0.0794309 422.251 178534 0.943868
0.597 0.34449 0.246713 0.0372395 0.00146917 0.0794885 422.271 178551 0.944195
0.596 0.344244 0.246928 0.0372105 0.00146693 0.0795472 422.292 178568 0.944528
0.595 0.343997 0.247147 0.0371816 0.00146471 0.079607 422.313 178586 0.944868
0.594 0.34375 0.247367 0.037153 0.00146251 0.0796679 422.335 178604 0.945215
0.593 0.343502 0.24759 0.0371246 0.00146032 0.0797299 422.356 178622 0.945569
0.592 0.343255 0.247816 0.0370964 0.00145815 0.0797929 422.379 178640 0.94593
0.591 0.343007 0.248045 0.0370684 0.00145601 0.0798571 422.402 178659 0.946297
0.59 0.342759 0.248276 0.0370407 0.00145388 0.0799223 422.425 178679 0.946672
0.589 0.342511 0.248509 0.0370131 0.00145177 0.0799887 422.449 178698 0.947053
0.588 0.342262 0.248746 0.0369858 0.00144967 0.0800562 422.473 178718 0.947441
0.587 0.342014 0.248984 0.0369586 0.0014476 0.0801249 422.497 178739 0.947836
0.586 0.341765 0.249226 0.0369317 0.00144554 0.0801946 422.522 178760 0.948239
0.585 0.341516 0.24947 0.036905 0.0014435 0.0802655 422.547 178781 0.948648
0.584 0.341266 0.249718 0.0368786 0.00144148 0.0803375 422.573 178802 0.949064
0.583 0.341016 0.249967 0.0368523 0.00143948 0.0804107 422.6 178824 0.949486
0.582 0.340767 0.25022 0.0368263 0.0014375 0.080485 422.626 178847 0.949916
0.581 0.340516 0.250475 0.0368005 0.00143553 0.0805605 422.653 178869 0.950353
0.58 0.340266 0.250734 0.0367749 0.00143359 0.0806371 422.681 178892 0.950796
0.579 0.340015 0.250995 0.0367495 0.00143166 0.0807149 422.709 178916 0.951246
0.578 0.339764 0.251259 0.0367244 0.00142975 0.0807938 422.738 178940 0.951703
0.577 0.339513 0.251525 0.0366994 0.00142786 0.0808739 422.767 178964 0.952167
0.576 0.339261 0.251795 0.0366748 0.00142599 0.0809551 422.796 178988 0.952637
0.575 0.33901 0.252068 0.0366503 0.00142414 0.0810375 422.826 179013 0.953113
0.574 0.338758 0.252343 0.0366261 0.00142231 0.0811211 422.856 179039 0.953596
0.573 0.338505 0.252622 0.0366021 0.00142049 0.0812058 422.887 179065 0.954086
0.572 0.338253 0.252904 0.0365783 0.0014187 0.0812917 422.918 179091 0.954582
0.571 0.338 0.253188 0.0365548 0.00141692 0.0813788 422.95 179117 0.955084
0.57 0.337747 0.253476 0.0365314 0.00141517 0.081467 422.982 179144 0.955592
0.569 0.337493 0.253767 0.0365084 0.00141343 0.0815563 423.015 179172 0.956106
0.568 0.337239 0.254061 0.0364855 0.00141171 0.0816469 423.048 179200 0.956626
0.567 0.336985 0.254358 0.036463 0.00141001 0.0817385 423.082 179228 0.957152
0.566 0.336731 0.254658 0.0364406 0.00140833 0.0818314 423.116 179256 0.957684
0.565 0.336476 0.254961 0.0364185 0.00140667 0.0819254 423.151 179285 0.958221
0.564 0.336221 0.255268 0.0363966 0.00140502 0.0820205 423.186 179315 0.958764
0.563 0.335966 0.255578 0.036375 0.0014034 0.0821168 423.221 179345 0.959312
0.562 0.33571 0.255891 0.0363536 0.0014018 0.0822142 423.257 179375 0.959865
0.561 0.335455 0.256207 0.0363324 0.00140021 0.0823128 423.294 179406 0.960423
0.56 0.335198 0.256527 0.0363115 0.00139865 0.0824126 423.331 179437 0.960987
0.559 0.334942 0.25685 0.0362909 0.00139711 0.0825134 423.368 179468 0.961555
0.558 0.334685 0.257176 0.0362705 0.00139558 0.0826154 423.406 179500 0.962128
0.557 0.334428 0.257505 0.0362503 0.00139407 0.0827185 423.445 179533 0.962705
0.556 0.33417 0.257838 0.0362304 0.00139259 0.0828228 423.484 179565 0.963286
0.555 0.333912 0.258174 0.0362107 0.00139112 0.0829282 423.523 179599 0.963872
0.554 0.333654 0.258514 0.0361913 0.00138968 0.0830347 423.564 179632 0.964462
0.553 0.333396 0.258857 0.0361722 0.00138825 0.0831423 423.604 179666 0.965056
0.552 0.333137 0.259203 0.0361533 0.00138684 0.0832511 423.645 179701 0.965653
0.551 0.332877 0.259553 0.0361347 0.00138546 0.0833609 423.687 179736 0.966254
0.55 0.332618 0.259906 0.0361163 0.00138409 0.0834719 423.729 179771 0.966859
0.549 0.332358 0.260262 0.0360982 0.00138275 0.0835839 423.771 179807 0.967466
0.548 0.332098 0.260622 0.0360804 0.00138142 0.0836971 423.814 179843 0.968077
0.547 0.331837 0.260985 0.0360628 0.00138011 0.0838113 423.858 179880 0.968691
0.546 0.331576 0.261351 0.0360454 0.00137883 0.0839266 423.902 179917 0.969307
0.545 0.331314 0.261721 0.0360284 0.00137757 0.0840431 423.947 179955 0.969927
0.544 0.331053 0.262095 0.0360116 0.00137632 0.0841606 423.992 179993 0.970548
0.543 0.33079 0.262471 0.0359951 0.0013751 0.0842792 424.038 180031 0.971172
0.542 0.330528 0.262851 0.0359788 0.00137389 0.0843988 424.084 180070 0.971798
0.541 0.330265 0.263235 0.0359629 0.00137271 0.0845195 424.131 180110 0.972426
0.54 0.330002 0.263621 0.0359472 0.00137155 0.0846414 424.178 180150 0.973057
0.539 0.329738 0.264011 0.0359317 0.00137041 0.0847642 424.226 180190 0.973688
0.538 0.329474 0.264404 0.0359166 0.00136929 0.0848882 424.274 180231 0.974322
0.537 0.329209 0.264801 0.0359017 0.00136819 0.0850131 424.323 180272 0.974957
0.536 0.328944 0.265201 0.0358871 0.00136711 0.0851392 424.372 180314 0.975594
0.535 0.328679 0.265604 0.0358728 0.00136606 0.0852663 424.422 180356 0.976231
0.534 0.328413 0.26601 0.0358588 0.00136502 0.0853945 424.473 180398 0.97687
0.533 0.328147 0.266419 0.0358451 0.00136401 0.0855237 424.524 180441 0.977511
0.532 0.327881 0.266832 0.0358316 0.00136302 0.0856539 424.575 180485 0.978152
0.531 0.327614 0.267247 0.0358185 0.00136205 0.0857852 424.627 180529 0.978794
0.53 0.327347 0.267666 0.0358056 0.0013611 0.0859176 424.68 180573 0.979437
0.529 0.327079 0.268088 0.035793 0.00136017 0.086051 424.733 180618 0.98008
0.528 0.326811 0.268513 0.0357807 0.00135927 0.0861855 424.787 180664 0.980725
0.527 0.326542 0.268941 0.0357688 0.00135838 0.086321 424.841 180710 0.98137
0.526 0.326273 0.269372 0.0357571 0.00135752 0.0864575 424.896 180756 0.982016
0.525 0.326003 0.269806 0.0357457 0.00135668 0.0865952 424.951 180803 0.982663
0.524 0.325734 0.270242 0.0357346 0.00135587 0.0867338 425.007 180850 0.98331
0.523 0.325463 0.270682 0.0357238 0.00135507 0.0868735 425.064 180898 0.983958
0.522 0.325192 0.271125 0.0357133 0.0013543 0.0870143 425.121 180946 0.984607
0.521 0.324921 0.27157 0.0357032 0.00135355 0.0871561 425.178 180995 0.985256
0.52 0.324649 0.272019 0.0356933 0.00135282 0.087299 425.237 181044 0.985906
0.519 0.324377 0.27247 0.0356838 0.00135212 0.087443 425.295 181094 0.986557
0.518 0.324105 0.272924 0.0356745 0.00135144 0.0875881 425.355 181144 0.987208
0.517 0.323832 0.27338 0.0356656 0.00135078 0.0877342 425.415 181195 0.987861
0.516 0.323558 0.27384 0.035657 0.00135015 0.0878814 425.475 181246 0.988514
0.515 0.323284 0.274302 0.0356487 0.00134954 0.0880297 425.536 181298 0.989169
0.514 0.32301 0.274767 0.0356408 0.00134895 0.0881791 425.598 181350 0.989824
0.513 0.322735 0.275234 0.0356331 0.00134839 0.0883296 425.66 181403 0.990481
0.512 0.322459 0.275704 0.0356258 0.00134785 0.0884812 425.723 181456 0.99114
0.511 0.322184 0.276177 0.0356188 0.00134733 0.0886339 425.786 181510 0.9918
0.51 0.321907 0.276653 0.0356122 0.00134684 0.0887878 425.85 181564 0.992461
0.509 0.32163 0.277131 0.0356059 0.00134637 0.0889429 425.915 181619 0.993125
0.508 0.321353 0.277612 0.0355999 0.00134593 0.089099 425.98 181674 0.99379
0.507 0.321075 0.278095 0.0355942 0.00134551 0.0892564 426.046 181730 0.994458
0.506 0.320797 0.278582 0.0355889 0.00134512 0.0894149 426.112 181786 0.995128
0.505 0.320518 0.279071 0.035584 0.00134475 0.0895747 426.18 181843 0.995801
0.504 0.320239 0.279562 0.0355793 0.00134441 0.0897356 426.247 181901 0.996476
0.503 0.319959 0.280057 0.0355751 0.00134409 0.0898978 426.315 181959 0.997155
0.502 0.319679 0.280554 0.0355711 0.0013438 0.0900613 426.384 182017 0.997837
0.501 0.319399 0.281054 0.0355676 0.00134353 0.090226 426.454 182076 0.998522
0.5 0.319117 0.281557 0.0355643 0.00134329 0.090392 426.524 182136 0.999211
0.499 0.318836 0.282063 0.0355615 0.00134307 0.0905593 426.595 182196 0.999904
0.498 0.318553 0.282572 0.035559 0.00134288 0.0907279 426.666 182257 1.0006
0.497 0.318271 0.283083 0.0355568 0.00134272 0.0908979 426.738 182318 1.0013
0.496 0.317987 0.283598 0.0355551 0.00134258 0.0910693 426.811 182380 1.00201
0.495 0.317704 0.284116 0.0355536 0.00134247 0.091242 426.884 182442 1.00272
0.494 0.317419 0.284637 0.0355526 0.00134239 0.0914162 426.958 182505 1.00344
0.493 0.317135 0.285162 0.0355519 0.00134233 0.0915919 427.033 182568 1.00416
0.492 0.316849 0.285689 0.0355516 0.0013423 0.091769 427.108 182633 1.00489
0.491 0.316563 0.286221 0.0355517 0.0013423 0.0919476 427.184 182697 1.00563
0.49 0.316277 0.286755 0.0355522 0.00134233 0.0921278 427.261 182762 1.00637
0.489 0.31599 0.287294 0.035553 0.00134238 0.0923096 427.338 182828 1.00712
0.488 0.315703 0.287836 0.0355543 0.00134247 0.092493 427.416 182895 1.00787
0.487 0.315415 0.288381 0.0355559 0.00134258 0.092678 427.495 182962 1.00864
0.486 0.315126 0.288931 0.0355579 0.00134272 0.0928647 427.574 183030 1.00941
0.485 0.314837 0.289485 0.0355603 0.00134289 0.0930532 427.654 183098 1.01019
0.484 0.314547 0.290043 0.0355631 0.00134309 0.0932433 427.735 183167 1.01098
0.483 0.314257 0.290605 0.0355663 0.00134331 0.0934353 427.817 183236 1.01178
0.482 0.313966 0.291172 0.03557 0.00134357 0.0936292 427.899 183306 1.01258
0.481 0.313675 0.291743 0.035574 0.00134386 0.0938249 427.982 183377 1.0134
0.48 0.313383 0.292319 0.0355784 0.00134418 0.0940226 428.066 183449 1.01423
0.479 0.31309 0.292899 0.0355833 0.00134453 0.0942222 428.15 183521 1.01506
0.478 0.312797 0.293485 0.0355886 0.00134491 0.0944239 428.235 183594 1.01591
0.477 0.312503 0.294075 0.0355943 0.00134532 0.0946277 428.321 183667 1.01677
0.476 0.312209 0.294671 0.0356004 0.00134576 0.0948336 428.408 183741 1.01764
0.475 0.311914 0.295272 0.0356069 0.00134623 0.0950417 428.495 183816 1.01852
0.474 0.311619 0.295879 0.0356139 0.00134674 0.095252 428.584 183891 1.01941
0.473 0.311323 0.296491 0.0356214 0.00134727 0.0954646 428.673 183967 1.02032
0.472 0.311026 0.297109 0.0356292 0.00134784 0.0956795 428.763 184044 1.02124
0.471 0.310729 0.297733 0.0356375 0.00134845 0.0958969 428.853 184121 1.02217
0.47 0.310431 0.298363 0.0356463 0.00134909 0.0961167 428.944 184200 1.02312
0.469 0.310132 0.298999 0.0356555 0.00134976 0.096339 429.037 184278 1.02407
0.468 0.309833 0.299641 0.0356651 0.00135046 0.096564 429.13 184358 1.02505
0.467 0.309533 0.30029 0.0356753 0.0013512 0.0967916 429.223 184438 1.02603
0.466 0.309232 0.300945 0.0356859 0.00135197 0.0970218 429.318 184519 1.02703
0.465 0.308931 0.301607 0.0356969 0.00135278 0.0972549 429.413 184601 1.02805
0.464 0.308629 0.302276 0.0357084 0.00135363 0.0974908 429.51 184684 1.02908
0.463 0.308326 0.302952 0.0357204 0.00135451 0.0977296 429.607 184767 1.03013
0.462 0.308023 0.303635 0.0357329 0.00135542 0.0979714 429.705 184851 1.03119
0.461 0.307719 0.304325 0.0357459 0.00135638 0.0982162 429.804 184936 1.03227
0.46 0.307415 0.305022 0.0357593 0.00135736 0.0984642 429.903 185021 1.03336
0.459 0.307109 0.305726 0.0357733 0.00135839 0.0987153 430.004 185107 1.03447
0.458 0.306803 0.306438 0.0357877 0.00135946 0.0989696 430.105 185194 1.0356
0.457 0.306496 0.307158 0.0358027 0.00136056 0.0992273 430.208 185282 1.03675
0.456 0.306189 0.307885 0.0358181 0.0013617 0.0994883 430.311 185371 1.03791
0.455 0.305881 0.30862 0.0358341 0.00136288 0.0997528 430.415 185460 1.03909
0.454 0.305571 0.309362 0.0358506 0.0013641 0.100021 430.52 185551 1.04028
0.453 0.305262 0.310113 0.0358676 0.00136536 0.100292 430.626 185642 1.0415
0.452 0.304951 0.310871 0.0358851 0.00136666 0.100567 430.733 185734 1.04273
0.451 0.30464 0.311638 0.0359032 0.001368 0.100846 430.84 185826 1.04398
0.45 0.304328 0.312412 0.0359218 0.00136938 0.101129 430.949 185920 1.04525
0.449 0.304015 0.313194 0.035941 0.00137081 0.101415 431.059 186014 1.04654
0.448 0.303701 0.313985 0.0359607 0.00137227 0.101706 431.169 186109 1.04784
0.447 0.303387 0.314783 0.0359809 0.00137378 0.102 431.281 186205 1.04917
0.446 0.303072 0.31559 0.0360017 0.00137533 0.102298 431.393 186302 1.05051
0.445 0.302756 0.316405 0.0360231 0.00137693 0.102601 431.507 186400 1.05187
0.444 0.302439 0.317229 0.036045 0.00137857 0.102907 431.621 186499 1.05325
0.443 0.302121 0.31806 0.0360676 0.00138025 0.103218 431.737 186598 1.05464
0.442 0.301802 0.3189 0.0360907 0.00138198 0.103533 431.853 186699 1.05606
0.441 0.301483 0.319748 0.0361143 0.00138376 0.103852 431.97 186800 1.05749
0.44 0.301163 0.320605 0.0361386 0.00138558 0.104175 432.089 186902 1.05894
0.439 0.300841 0.321469 0.0361635 0.00138745 0.104503 432.208 187005 1.06041
0.438 0.300519 0.322343 0.036189 0.00138936 0.104835 432.329 187109 1.0619
0.437 0.300197 0.323224 0.0362151 0.00139132 0.105171 432.45 187214 1.0634
0.436 0.299873 0.324115 0.0362418 0.00139334 0.105512 432.573 187320 1.06493
0.435 0.299548 0.325013 0.0362691 0.0013954 0.105857 432.697 187427 1.06646
0.434 0.299222 0.325921 0.0362971 0.00139751 0.106207 432.821 187535 1.06802
0.433 0.298896 0.326836 0.0363257 0.00139966 0.106562 432.947 187644 1.06959
0.432 0.298568 0.327761 0.036355 0.00140188 0.10692 433.074 187753 1.07117
0.431 0.29824 0.328694 0.0363849 0.00140414 0.107284 433.202 187864 1.07277
0.43 0.297911 0.329636 0.0364155 0.00140645 0.107651 433.331 187976 1.07439
0.429 0.29758 0.330587 0.0364467 0.00140882 0.108024 433.461 188088 1.07602
0.428 0.297249 0.331547 0.0364786 0.00141124 0.108401 433.592 188202 1.07766
0.427 0.296917 0.332516 0.0365112 0.00141371 0.108782 433.725 188317 1.07932
0.426 0.296584 0.333494 0.0365445 0.00141624 0.109168 433.858 188433 1.08099
0.425 0.29625 0.334482 0.0365784 0.00141882 0.109559 433.993 188549 1.08267
0.424 0.295914 0.335479 0.0366131 0.00142146 0.109954 434.128 188667 1.08436
0.423 0.295578 0.336486 0.0366485 0.00142415 0.110353 434.265 188786 1.08606
0.422 0.295241 0.337502 0.0366846 0.00142691 0.110757 434.403 188906 1.08777
0.421 0.294903 0.338528 0.0367215 0.00142972 0.111166 434.543 189027 1.08949
0.42 0.294563 0.339565 0.036759 0.00143259 0.111579 434.683 189149 1.09122
0.419 0.294223 0.340612 0.0367974 0.00143552 0.111996 434.825 189272 1.09295
0.418 0.293882 0.341669 0.0368365 0.00143851 0.112418 434.968 189396 1.09469
0.417 0.293539 0.342737 0.0368763 0.00144156 0.112844 435.112 189521 1.09644
0.416 0.293196 0.343816 0.0369169 0.00144467 0.113274 435.257 189648 1.0982
0.415 0.292851 0.344906 0.0369583 0.00144784 0.113709 435.404 189775 1.09995
0.414 0.292506 0.346008 0.0370005 0.00145108 0.114149 435.552 189904 1.10172
0.413 0.292159 0.347122 0.0370435 0.00145439 0.114592 435.701 190034 1.10348
0.412 0.291811 0.348248 0.0370873 0.00145775 0.11504 435.851 190165 1.10525
0.411 0.291462 0.349386 0.0371319 0.00146119 0.115492 436.003 190297 1.10702
0.41 0.291112 0.350536 0.0371774 0.00146469 0.115949 436.156 190430 1.10879
0.409 0.29076 0.3517 0.0372237 0.00146826 0.11641 436.31 190565 1.11056
0.408 0.290408 0.352877 0.0372708 0.0014719 0.116875 436.466 190700 1.11234
0.407 0.290054 0.354067 0.0373189 0.00147561 0.117345 436.622 190837 1.11411
0.406 0.289699 0.355271 0.0373678 0.0014794 0.117819 436.781 190975 1.11588
0.405 0.289343 0.35649 0.0374175 0.00148325 0.118297 436.94 191115 1.11765
0.404 0.288986 0.357722 0.0374682 0.00148718 0.118779 437.101 191255 1.11942
0.403 0.288627 0.35897 0.0375198 0.00149118 0.119267 437.264 191397 1.12119
0.402 0.288267 0.360232 0.0375723 0.00149526 0.119758 437.428 191540 1.12296
0.401 0.287906 0.36151 0.0376258 0.00149942 0.120254 437.593 191685 1.12473
0.4 0.287544 0.362803 0.0376801 0.00150365 0.120755 437.76 191831 1.1265
0.399 0.28718 0.364112 0.0377355 0.00150797 0.12126 437.928 191978 1.12826
0.398 0.286815 0.365437 0.0377918 0.00151236 0.12177 438.097 192126 1.13003
0.397 0.286449 0.366779 0.0378491 0.00151684 0.122285 438.268 192276 1.1318
0.396 0.286081 0.368136 0.0379074 0.0015214 0.122805 438.441 192427 1.13356
0.395 0.285712 0.369511 0.0379668 0.00152605 0.12333 438.615 192580 1.13533
0.394 0.285342 0.370902 0.0380271 0.00153079 0.12386 438.791 192734 1.1371
0.393 0.28497 0.37231 0.0380885 0.00153561 0.124395 438.968 192889 1.13887
0.392 0.284597 0.373735 0.038151 0.00154052 0.124936 439.147 193046 1.14065
0.391 0.284222 0.375177 0.0382145 0.00154553 0.125483 439.327 193205 1.14243
0.39 0.283846 0.376636 0.0382791 0.00155063 0.126035 439.509 193365 1.14421
0.389 0.283469 0.378113 0.0383448 0.00155582 0.126593 439.693 193526 1.14601
0.388 0.28309 0.379607 0.0384117 0.00156111 0.127158 439.878 193689 1.14781
0.387 0.282709 0.381118 0.0384797 0.0015665 0.127728 440.065 193853 1.14962
0.386 0.282327 0.382646 0.0385488 0.00157199 0.128306 440.254 194019 1.15145
0.385 0.281943 0.384191 0.0386191 0.00157759 0.12889 440.444 194187 1.15329
0.384 0.281558 0.385752 0.0386906 0.00158328 0.129481 440.636 194356 1.15514
0.383 0.281171 0.387331 0.0387633 0.00158909 0.13008 440.83 194527 1.15701
0.382 0.280783 0.388926 0.0388372 0.001595 0.130686 441.026 194699 1.1589
0.381 0.280393 0.390538 0.0389124 0.00160102 0.1313 441.223 194873 1.16081
0.38 0.280002 0.392166 0.0389888 0.00160716 0.131922 441.423 195049 1.16274
0.379 0.279609 0.39381 0.0390665 0.00161341 0.132553 441.624 195227 1.1647
0.378 0.279214 0.39547 0.0391454 0.00161977 0.133192 441.827 195406 1.16669
0.377 0.278817 0.397145 0.0392257 0.00162626 0.13384 442.032 195587 1.1687
0.376 0.278419 0.398836 0.0393074 0.00163287 0.134498 442.239 195770 1.17075
0.375 0.278019 0.400542 0.0393904 0.0016396 0.135165 442.448 195954 1.17284
0.374 0.277618 0.402262 0.0394747 0.00164646 0.135842 442.658 196141 1.17496
0.373 0.277215 0.403997 0.0395605 0.00165344 0.13653 442.871 196329 1.17712
0.372 0.27681 0.405747 0.0396476 0.00166056 0.137228 443.086 196520 1.17932
0.371 0.276403 0.40751 0.0397362 0.00166781 0.137937 443.303 196712 1.18157
0.37 0.275994 0.409288 0.0398263 0.0016752 0.138657 443.522 196906 1.18387
0.369 0.275584 0.41108 0.0399178 0.00168273 0.139389 443.743 197102 1.18622
0.368 0.275172 0.412885 0.0400108 0.0016904 0.140133 443.966 197300 1.18861
0.367 0.274758 0.414704 0.0401054 0.00169821 0.140889 444.191 197500 1.19107
0.366 0.274342 0.416538 0.0402015 0.00170617 0.141659 444.419 197702 1.19358
0.365 0.273925 0.418385 0.0402991 0.00171428 0.142441 444.648 197906 1.19615
0.364 0.273505 0.420246 0.0403984 0.00172255 0.143236 444.88 198113 1.19878
0.363 0.273084 0.422122 0.0404992 0.00173097 0.144046 445.114 198321 1.20148
0.362 0.272661 0.424013 0.0406017 0.00173955 0.14487 445.351 198531 1.20425
0.361 0.272236 0.425919 0.0407059 0.00174829 0.145708 445.589 198744 1.20709
0.36 0.271809 0.42784 0.0408117 0.0017572 0.146561 445.83 198959 1.21
0.359 0.27138 0.429778 0.0409193 0.00176628 0.14743 446.074 199176 1.21298
0.358 0.270949 0.431733 0.0410286 0.00177553 0.148315 446.319 199395 1.21604
0.357 0.270516 0.433706 0.0411397 0.00178495 0.149215 446.568 199617 1.21919
0.356 0.270081 0.435698 0.0412525 0.00179456 0.150133 446.818 199841 1.22241
0.355 0.269644 0.43771 0.0413672 0.00180435 0.151067 447.071 200067 1.22571
0.354 0.269206 0.439742 0.0414838 0.00181433 0.152018 447.326 200296 1.2291
0.353 0.268765 0.441798 0.0416022 0.0018245 0.152988 447.584 200527 1.23258
0.352 0.268322 0.443876 0.0417226 0.00183487 0.153976 447.845 200760 1.23614
0.351 0.267877 0.44598 0.0418449 0.00184543 0.154982 448.108 200996 1.2398
0.35 0.26743 0.44811 0.0419691 0.00185621 0.156008 448.373 201234 1.24355
0.349 0.26698 0.450268 0.0420955 0.00186719 0.157053 448.642 201475 1.24739
0.348 0.266529 0.452455 0.0422238 0.00187838 0.158118 448.913 201718 1.25132
0.347 0.266075 0.454673 0.0423543 0.00188979 0.159204 449.186 201964 1.25534
0.346 0.265619 0.456923 0.0424869 0.00190143 0.160311 449.463 202213 1.25947
0.345 0.265161 0.459208 0.0426216 0.0019133 0.161439 449.742 202464 1.26368
0.344 0.264701 0.461528 0.0427586 0.0019254 0.16259 450.024 202718 1.268
0.343 0.264238 0.463884 0.0428978 0.00193774 0.163762 450.309 202974 1.27241
0.342 0.263773 0.466278 0.0430393 0.00195033 0.164959 450.596 203234 1.27691
0.341 0.263305 0.468711 0.0431832 0.00196317 0.166178 450.887 203496 1.28152
0.34 0.262835 0.471184 0.0433294 0.00197626 0.167422 451.18 203761 1.28621
0.339 0.262363 0.473697 0.0434781 0.00198962 0.168691 451.477 204029 1.291
0.338 0.261887 0.476252 0.0436292 0.00200326 0.169985 451.777 204300 1.29589
0.337 0.26141 0.478848 0.0437829 0.00201717 0.171305 452.079 204574 1.30087
0.336 0.260929 0.481485 0.0439391 0.00203136 0.172651 452.385 204851 1.30595
0.335 0.260446 0.484164 0.044098 0.00204584 0.174025 452.695 205131 1.31111
0.334 0.259961 0.486883 0.0442595 0.00206063 0.175427 453.007 205415 1.31637
0.333 0.259472 0.489643 0.0444238 0.00207572 0.176857 453.323 205701 1.32171
0.332 0.258981 0.492451 0.0445908 0.00209113 0.178322 453.642 205991 1.32716
0.331 0.258487 0.495779 0.0447609 0.002107 0.180051 453.965 206284 1.33337
0.33 0.257984 0.524589 0.0449416 0.00213097 0.194134 454.297 206592 1.37501
0.329 0.257131 1.93921 0.0455439 0.00257414 0.875192 454.996 207519 3.32484
0.328 0.237447 77.3783 0.0688939 0.0257942 36.962 475.392 241896 101.959
0.327 -0.200718 736.351 0.59693 0.554891 349.767 932.52 1.01835e+06 487.826
0.326 -0.493022 35.4228 0.94767 0.907083 15.911 1235.83 1.53402e+06 16.7231
0.325 -0.503211 2.66871 0.958108 0.918206 0.418215 1244.65 1.54933e+06 0.435517
0.324 -0.505448 2.10612 0.958974 0.919719 0.157264 1245.19 1.55056e+06 0.165446
0.323 -0.50754 2.08422 0.959673 0.921057 0.150444 1245.59 1.55155e+06 0.160416
0.322 -0.509618 2.07118 0.96036 0.922374 0.147669 1245.98 1.55253e+06 0.159614
0.321 -0.511682 2.05847 0.961037 0.923674 0.14499 1246.37 1.55349e+06 0.158922
0.32 -0.513735 2.04589 0.961705 0.924956 0.142349 1246.75 1.55445e+06 0.158271
0.319 -0.515774 2.03337 0.962363 0.926221 0.139745 1247.13 1.55539e+06 0.157652
0.318 -0.517801 2.02086 0.963012 0.927468 0.137182 1247.5 1.55632e+06 0.157058
0.317 -0.519816 2.00832 0.963652 0.928699 0.134662 1247.87 1.55725e+06 0.156481
0.316 -0.521818 1.99574 0.964282 0.929913 0.132189 1248.24 1.55816e+06 0.155915
0.315 -0.523807 1.98311 0.964904 0.93111 0.129767 1248.6 1.55906e+06 0.155355
0.314 -0.525784 1.97045 0.965516 0.932291 0.1274 1248.95 1.55995e+06 0.154797
0.313 -0.527748 1.9578 0.96612 0.933455 0.12509 1249.31 1.56082e+06 0.154236
0.312 -0.5297 1.9452 0.966715 0.934604 0.122842 1249.65 1.56169e+06 0.15367
0.311 -0.531639 1.9327 0.967301 0.935736 0.120658 1250 1.56255e+06 0.153097
0.31 -0.533565 1.92037 0.967879 0.936853 0.118537 1250.34 1.5634e+06 0.152517
0.309 -0.535479 1.90825 0.968449 0.937956 0.116481 1250.67 1.56423e+06 0.151928
0.308 -0.537382 1.89639 0.969011 0.939043 0.114489 1251 1.56506e+06 0.15133
0.307 -0.539272 1.88482 0.969565 0.940116 0.112559 1251.33 1.56588e+06 0.150724
0.306 -0.541151 1.87358 0.970111 0.941175 0.110688 1251.65 1.56669e+06 0.150109
0.305 -0.543019 1.86267 0.970651 0.94222 0.108872 1251.97 1.56749e+06 0.149486
0.304 -0.544876 1.85209 0.971183 0.943253 0.107108 1252.29 1.56828e+06 0.148856
0.303 -0.546723 1.84183 0.971708 0.944272 0.10539 1252.6 1.56906e+06 0.14822
0.302 -0.54856 1.83184 0.972226 0.945278 0.103714 1252.91 1.56983e+06 0.147578
0.301 -0.550387 1.82209 0.972738 0.946273 0.102075 1253.21 1.5706e+06 0.146934
0.3 -0.552204 1.81252 0.973243 0.947254 0.100469 1253.51 1.57135e+06 0.146289
0.299 -0.554012 1.8031 0.973742 0.948224 0.0988902 1253.81 1.5721e+06 0.145647
0.298 -0.555811 1.79376 0.974234 0.949182 0.0973352 1254.11 1.57285e+06 0.145011
0.297 -0.5576 1.78446 0.974719 0.950127 0.0958001 1254.4 1.57358e+06 0.144387
0.296 -0.55938 1.77514 0.975199 0.951061 0.0942818 1254.69 1.57431e+06 0.143779
0.295 -0.561151 1.76579 0.975672 0.951983 0.0927778 1254.98 1.57503e+06 0.143192
0.294 -0.562913 1.75636 0.976138 0.952893 0.0912858 1255.27 1.57575e+06 0.142633
0.293 -0.564665 1.74685 0.976599 0.953791 0.0898041 1255.55 1.57646e+06 0.142107
0.292 -0.566408 1.73725 0.977053 0.954677 0.0883316 1255.83 1.57716e+06 0.141618
0.291 -0.568141 1.72757 0.9775 0.955551 0.0868672 1256.11 1.57786e+06 0.141171
0.29 -0.569865 1.71782 0.977942 0.956413 0.0854103 1256.38 1.57855e+06 0.140768
0.289 -0.571579 1.70802 0.978377 0.957264 0.0839603 1256.66 1.57924e+06 0.140412
0.288 -0.573283 1.69819 0.978806 0.958103 0.0825169 1256.93 1.57992e+06 0.140103
0.287 -0.574977 1.68836 0.979229 0.95893 0.0810798 1257.2 1.58059e+06 0.13984
0.286 -0.576661 1.67856 0.979646 0.959746 0.0796486 1257.46 1.58126e+06 0.139619
0.285 -0.578336 1.66879 0.980057 0.96055 0.0782231 1257.73 1.58193e+06 0.139437
0.284 -0.580001 1.65907 0.980462 0.961343 0.076803 1257.99 1.58259e+06 0.139286
0.283 -0.581656 1.64941 0.980861 0.962125 0.0753881 1258.25 1.58324e+06 0.139161
0.282 -0.583301 1.63981 0.981254 0.962895 0.0739785 1258.51 1.58389e+06 0.139051
0.281 -0.584937 1.63025 0.981641 0.963654 0.072574 1258.77 1.58454e+06 0.138948
0.28 -0.586563 1.62072 0.982022 0.964402 0.0711749 1259.02 1.58518e+06 0.138841
0.279 -0.588179 1.61121 0.982397 0.965138 0.0697819 1259.27 1.58582e+06 0.138721
0.278 -0.589786 1.60167 0.982767 0.965864 0.0683956 1259.52 1.58645e+06 0.138576
0.277 -0.591384 1.5921 0.983131 0.966579 0.0670171 1259.77 1.58707e+06 0.138398
0.276 -0.592971 1.58247 0.983489 0.967282 0.0656481 1260.02 1.58769e+06 0.138177
0.275 -0.594549 1.57276 0.983841 0.967974 0.06429 1260.26 1.58831e+06 0.137904
0.274 -0.596117 1.56297 0.984188 0.968655 0.0629449 1260.5 1.58891e+06 0.137574
0.273 -0.597676 1.55309 0.984528 0.969325 0.061615 1260.74 1.58952e+06 0.13718
0.272 -0.599224 1.54316 0.984863 0.969984 0.0603023 1260.98 1.59011e+06 0.136717
0.271 -0.600763 1.53319 0.985192 0.970632 0.059009 1261.21 1.5907e+06 0.136184
0.27 -0.602292 1.52323 0.985516 0.971269 0.0577372 1261.44 1.59128e+06 0.135578
0.269 -0.603811 1.51335 0.985834 0.971895 0.0564885 1261.67 1.59185e+06 0.134898
0.268 -0.605321 1.50362 0.986146 0.97251 0.0552645 1261.89 1.59242e+06 0.134147
0.267 -0.606821 1.4941 0.986453 0.973115 0.0540663 1262.11 1.59298e+06 0.133325
0.266 -0.608312 1.48489 0.986755 0.973709 0.0528945 1262.33 1.59353e+06 0.132436
0.265 -0.609794 1.47607 0.987051 0.974294 0.0517494 1262.55 1.59408e+06 0.131483
0.264 -0.611268 1.4677 0.987343 0.974869 0.0506309 1262.77 1.59462e+06 0.130473
0.263 -0.612734 1.45987 0.987629 0.975434 0.0495386 1262.98 1.59516e+06 0.129409
0.262 -0.614192 1.4526 0.987911 0.975991 0.0484717 1263.19 1.59569e+06 0.128299
0.261 -0.615644 1.44594 0.988189 0.976538 0.0474293 1263.4 1.59621e+06 0.127149
0.26 -0.61709 1.43988 0.988461 0.977077 0.0464104 1263.6 1.59673e+06 0.125966
0.259 -0.61853 1.4344 0.98873 0.977607 0.0454137 1263.81 1.59725e+06 0.124758
0.258 -0.619965 1.42945 0.988994 0.978129 0.0444381 1264.01 1.59776e+06 0.123533
0.257 -0.621395 1.42495 0.989254 0.978644 0.0434824 1264.21 1.59827e+06 0.1223
0.256 -0.622822 1.42082 0.98951 0.97915 0.0425457 1264.41 1.59877e+06 0.121066
0.255 -0.624244 1.41692 0.989763 0.979648 0.0416268 1264.61 1.59927e+06 0.119841
0.254 -0.625663 1.41315 0.990011 0.980139 0.0407248 1264.81 1.59977e+06 0.118633
0.253 -0.627077 1.40936 0.990255 0.980622 0.039839 1265 1.60027e+06 0.117451
0.252 -0.628488 1.40544 0.990495 0.981098 0.0389686 1265.2 1.60076e+06 0.116306
0.251 -0.629895 1.40127 0.990731 0.981565 0.0381129 1265.39 1.60124e+06 0.115205
0.25 -0.631298 1.39676 0.990964 0.982025 0.0372713 1265.58 1.60173e+06 0.11416
0.249 -0.632696 1.39182 0.991192 0.982476 0.0364435 1265.77 1.60221e+06 0.113179
0.248 -0.634088 1.38642 0.991415 0.98292 0.0356289 1265.96 1.60268e+06 0.112274
0.247 -0.635475 1.38054 0.991635 0.983355 0.0348275 1266.14 1.60315e+06 0.111454
0.246 -0.636855 1.3742 0.99185 0.983781 0.0340391 1266.33 1.60362e+06 0.11073
0.245 -0.638229 1.36742 0.992061 0.984199 0.0332637 1266.51 1.60408e+06 0.110111
0.244 -0.639596 1.36029 0.992268 0.984609 0.0325016 1266.69 1.60454e+06 0.109606
0.243 -0.640955 1.35288 0.99247 0.98501 0.031753 1266.87 1.60499e+06 0.109224
0.242 -0.642307 1.34529 0.992668 0.985403 0.0310185 1267.05 1.60544e+06 0.108969
0.241 -0.643651 1.33762 0.992862 0.985787 0.0302986 1267.22 1.60589e+06 0.108846
0.24 -0.644986 1.32999 0.993051 0.986163 0.029594 1267.4 1.60633e+06 0.108856
0.239 -0.646314 1.32248 0.993237 0.986531 0.0289052 1267.57 1.60677e+06 0.108995
0.238 -0.647634 1.3152 0.993418 0.986891 0.0282329 1267.74 1.60721e+06 0.109257
0.237 -0.648947 1.30822 0.993596 0.987244 0.0275775 1267.92 1.60764e+06 0.109631
0.236 -0.650253 1.30162 0.99377 0.98759 0.0269396 1268.09 1.60808e+06 0.110102
0.235 -0.651552 1.29545 0.993941 0.987929 0.0263192 1268.26 1.60851e+06 0.110651
0.234 -0.652845 1.28973 0.994108 0.988261 0.0257164 1268.43 1.60894e+06 0.111253
0.233 -0.654132 1.28448 0.994272 0.988587 0.025131 1268.59 1.60937e+06 0.111882
0.232 -0.655414 1.27969 0.994433 0.988907 0.0245623 1268.76 1.60979e+06 0.112509
0.231 -0.65669 1.27533 0.994591 0.989221 0.0240097 1268.93 1.61022e+06 0.113103
0.23 -0.657963 1.27135 0.994747 0.98953 0.0234719 1269.1 1.61064e+06 0.113634
0.229 -0.659231 1.26768 0.994899 0.989833 0.0229477 1269.27 1.61107e+06 0.114073
0.228 -0.660496 1.26421 0.995049 0.990131 0.0224353 1269.43 1.61149e+06 0.114395
0.227 -0.661757 1.26084 0.995196 0.990424 0.0219328 1269.6 1.61191e+06 0.114579
0.226 -0.663015 1.25744 0.99534 0.990711 0.0214381 1269.76 1.61233e+06 0.114611
0.225 -0.664269 1.25388 0.995482 0.990992 0.0209488 1269.93 1.61275e+06 0.114486
0.224 -0.66552 1.25004 0.995621 0.991269 0.0204625 1270.09 1.61316e+06 0.114204
0.223 -0.666767 1.24579 0.995757 0.991539 0.0199767 1270.25 1.61357e+06 0.113776
0.222 -0.668009 1.24105 0.99589 0.991804 0.0194891 1270.41 1.61398e+06 0.113222
0.221 -0.669247 1.23576 0.99602 0.992062 0.0189974 1270.57 1.61439e+06 0.112569
0.22 -0.670479 1.22989 0.996147 0.992315 0.0184995 1270.73 1.61479e+06 0.111851
0.219 -0.671706 1.22348 0.99627 0.992561 0.017994 1270.89 1.61518e+06 0.111106
0.218 -0.672926 1.2166 0.996391 0.992801 0.0174796 1271.04 1.61557e+06 0.110378
0.217 -0.674139 1.20936 0.996508 0.993035 0.0169558 1271.19 1.61596e+06 0.109708
0.216 -0.675346 1.20191 0.996622 0.993262 0.0164225 1271.34 1.61634e+06 0.109138
0.215 -0.676545 1.19443 0.996734 0.993484 0.0158801 1271.49 1.61672e+06 0.108706
0.214 -0.677737 1.1871 0.996842 0.993699 0.0153298 1271.64 1.61709e+06 0.108444
0.213 -0.678922 1.1801 0.996946 0.993908 0.0147731 1271.78 1.61746e+06 0.108379
0.212 -0.680101 1.1736 0.997049 0.994111 0.0142117 1271.92 1.61782e+06 0.108531
0.211 -0.681273 1.16774 0.997148 0.994309 0.0136478 1272.07 1.61818e+06 0.10891
0.21 -0.68244 1.16261 0.997244 0.994501 0.0130838 1272.21 1.61854e+06 0.109521
0.209 -0.683603 1.15826 0.997339 0.994689 0.0125218 1272.35 1.61889e+06 0.110361
0.208 -0.684761 1.15469 0.99743 0.994871 0.0119643 1272.48 1.61924e+06 0.111422
0.207 -0.685916 1.15186 0.99752 0.995049 0.0114134 1272.62 1.61959e+06 0.112686
0.206 -0.687068 1.14969 0.997607 0.995223 0.0108711 1272.76 1.61994e+06 0.114134
0.205 -0.688219 1.14809 0.997692 0.995393 0.0103396 1272.89 1.62028e+06 0.115739
0.204 -0.689367 1.14692 0.997775 0.995558 0.00982072 1273.02 1.62062e+06 0.117469
0.203 -0.690514 1.14607 0.997856 0.995719 0.00931646 1273.16 1.62096e+06 0.119289
0.202 -0.69166 1.1454 0.997935 0.995877 0.00882888 1273.29 1.6213e+06 0.121158
0.201 -0.692805 1.14481 0.998012 0.99603 0.00836018 1273.42 1.62163e+06 0.123032
0.2 -0.693949 1.14422 0.998087 0.99618 0.00791273 1273.55 1.62196e+06 0.124865
0.199 -0.695092 1.14355 0.99816 0.996325 0.00748908 1273.68 1.6223e+06 0.126609
0.198 -0.696234 1.14276 0.998231 0.996467 0.00709187 1273.81 1.62263e+06 0.128218
0.197 -0.697374 1.14183 0.9983 0.996605 0.00672374 1273.94 1.62296e+06 0.129649
0.196 -0.698513 1.14073 0.998367 0.996738 0.00638713 1274.07 1.62329e+06 0.130864
0.195 -0.69965 1.13947 0.998432 0.996868 0.00608414 1274.2 1.62361e+06 0.131834
0.194 -0.700786 1.13803 0.998495 0.996994 0.00581628 1274.33 1.62394e+06 0.132542
0.193 -0.701919 1.1364 0.998556 0.997116 0.00558426 1274.45 1.62427e+06 0.13298
0.192 -0.703051 1.13458 0.998615 0.997233 0.00538782 1274.58 1.62459e+06 0.133155
0.191 -0.70418 1.13256 0.998672 0.997347 0.00522564 1274.71 1.62492e+06 0.133086
0.19 -0.705307 1.13031 0.998727 0.997457 0.00509525 1274.84 1.62524e+06 0.132801
0.189 -0.706431 1.12784 0.99878 0.997563 0.00499308 1274.96 1.62556e+06 0.132336
0.188 -0.707552 1.12514 0.998831 0.997666 0.0049146 1275.09 1.62589e+06 0.131732
0.187 -0.708669 1.12225 0.998881 0.997765 0.00485449 1275.22 1.62621e+06 0.131031
0.186 -0.709784 1.11918 0.998929 0.99786 0.00480688 1275.34 1.62653e+06 0.130269
0.185 -0.710895 1.11601 0.998975 0.997952 0.00476561 1275.47 1.62685e+06 0.129481
0.184 -0.712002 1.11278 0.999019 0.998041 0.00472457 1275.59 1.62717e+06 0.128688
0.183 -0.713106 1.10958 0.999062 0.998126 0.00467789 1275.72 1.62749e+06 0.127905
0.182 -0.714206 1.10647 0.999103 0.998209 0.00462025 1275.84 1.62781e+06 0.127138
0.181 -0.715303 1.10351 0.999143 0.998288 0.00454699 1275.97 1.62813e+06 0.126381
0.18 -0.716398 1.10074 0.999182 0.998365 0.00445427 1276.09 1.62845e+06 0.125625
0.179 -0.71749 1.09817 0.999219 0.998439 0.00433917 1276.22 1.62876e+06 0.124856
0.178 -0.718579 1.09578 0.999255 0.998511 0.00419966 1276.34 1.62908e+06 0.124058
0.177 -0.719667 1.09353 0.999289 0.99858 0.00403458 1276.47 1.6294e+06 0.123218
0.176 -0.720753 1.09132 0.999323 0.998647 0.00384358 1276.59 1.62971e+06 0.122327
0.175 -0.721837 1.08906 0.999355 0.998712 0.00362696 1276.72 1.63003e+06 0.12138
0.174 -0.722921 1.0866 0.999387 0.998775 0.00338559 1276.84 1.63034e+06 0.120383
0.173 -0.724002 1.08382 0.999417 0.998835 0.00312067 1276.96 1.63066e+06 0.119346
0.172 -0.725082 1.08059 0.999446 0.998894 0.00283364 1277.08 1.63097e+06 0.118287
0.171 -0.72616 1.07678 0.999474 0.99895 0.00252602 1277.2 1.63127e+06 0.11723
0.17 -0.727235 1.07232 0.999502 0.999004 0.00219933 1277.32 1.63158e+06 0.116199
0.169 -0.728306 1.0672 0.999528 0.999056 0.00185507 1277.44 1.63188e+06 0.115223
0.168 -0.729374 1.06143 0.999553 0.999107 0.00149482 1277.56 1.63217e+06 0.114326
0.167 -0.730437 1.05513 0.999577 0.999155 0.00112037 1277.67 1.63247e+06 0.113526
0.166 -0.731495 1.04848 0.9996 0.9992 0.000733911 1277.78 1.63276e+06 0.112834
0.165 -0.732547 1.04172 0.999622 0.999244 0.000338368 1277.9 1.63304e+06 0.112254
0.164 -0.733594 1.03514 0.999643 0.999286 -6.23667e-05 1278.01 1.63333e+06 0.111776
0.163 -0.734637 1.02908 0.999663 0.999325 -0.000463163 1278.12 1.63361e+06 0.111386
0.162 -0.735674 1.02385 0.999682 0.999363 -0.00085748 1278.23 1.6339e+06 0.11106
0.161 -0.736708 1.01974 0.9997 0.999399 -0.0012373 1278.34 1.63418e+06 0.110775
0.16 -0.737739 1.01697 0.999717 0.999433 -0.00159322 1278.45 1.63447e+06 0.110505
0.159 -0.738769 1.01567 0.999733 0.999465 -0.00191473 1278.57 1.63476e+06 0.110237
0.158 -0.739798 1.01585 0.999748 0.999496 -0.00219066 1278.68 1.63505e+06 0.109964
0.157 -0.740828 1.01737 0.999763 0.999525 -0.00240984 1278.8 1.63534e+06 0.109696
0.156 -0.74186 1.01998 0.999777 0.999552 -0.00256189 1278.91 1.63564e+06 0.109458
0.155 -0.742895 1.02334 0.99979 0.999579 -0.00263817 1279.03 1.63594e+06 0.109291
0.154 -0.743932 1.02703 0.999802 0.999604 -0.00263267 1279.15 1.63624e+06 0.109245
0.153 -0.744972 1.03058 0.999814 0.999628 -0.0025428 1279.27 1.63655e+06 0.109376
0.152 -0.746015 1.03359 0.999826 0.999651 -0.00237003 1279.39 1.63686e+06 0.109739
0.151 -0.747059 1.03571 0.999837 0.999673 -0.00212005 1279.51 1.63717e+06 0.110378
0.15 -0.748103 1.03671 0.999847 0.999694 -0.00180264 1279.63 1.63748e+06 0.111319
0.149 -0.749146 1.03647 0.999857 0.999714 -0.00143107 1279.75 1.63778e+06 0.112569
0.148 -0.750187 1.03503 0.999867 0.999733 -0.00102118 1279.87 1.63809e+06 0.114113
0.147 -0.751225 1.03252 0.999876 0.999751 -0.000590239 1279.99 1.63839e+06 0.115917
0.146 -0.752259 1.02913 0.999884 0.999769 -0.000155798 1280.11 1.63869e+06 0.117932
0.145 -0.753288 1.02509 0.999893 0.999785 0.000265337 1280.22 1.63899e+06 0.120104
0.144 -0.754313 1.02062 0.999901 0.999801 0.000657876 1280.33 1.63928e+06 0.122379
0.143 -0.755334 1.01594 0.999908 0.999816 0.00100852 1280.45 1.63957e+06 0.124708
0.142 -0.756349 1.01121 0.999915 0.999831 0.00130615 1280.56 1.63985e+06 0.127051
0.141 -0.757361 1.0066 0.999922 0.999844 0.00154188 1280.67 1.64013e+06 0.129377
0.14 -0.758368 1.00228 0.999928 0.999857 0.00170899 1280.77 1.6404e+06 0.131656
0.139 -0.759371 0.998455 0.999934 0.999868 0.00180298 1280.88 1.64067e+06 0.133861
0.138 -0.760371 0.995342 0.999939 0.999879 0.00182167 1280.98 1.64094e+06 0.135962
0.137 -0.761368 0.993193 0.999944 0.999889 0.00176555 1281.09 1.6412e+06 0.137917
0.136 -0.762363 0.992257 0.999949 0.999898 0.00163823 1281.19 1.64147e+06 0.139678
0.135 -0.763357 0.99276 0.999953 0.999906 0.00144694 1281.29 1.64172e+06 0.141184
0.134 -0.764351 0.994877 0.999957 0.999914 0.00120298 1281.39 1.64198e+06 0.142369
0.133 -0.765347 0.998721 0.99996 0.999921 0.000921864 1281.49 1.64224e+06 0.143158
0.132 -0.766345 1.00434 0.999963 0.999927 0.000623186 1281.59 1.64249e+06 0.143479
0.131 -0.767348 1.01174 0.999966 0.999933 0.00032984 1281.69 1.64275e+06 0.143261
0.13 -0.768357 1.02083 0.999969 0.999938 6.66666e-05 1281.79 1.64301e+06 0.142446
0.129 -0.769374 1.03145 0.999971 0.999943 -0.00014156 1281.89 1.64326e+06 0.140997
0.128 -0.7704 1.04328 0.999974 0.999947 -0.000272662 1281.99 1.64353e+06 0.138904
0.127 -0.771437 1.05576 0.999976 0.999952 -0.000309894 1282.1 1.64379e+06 0.136191
0.126 -0.772484 1.06802 0.999978 0.999956 -0.000244726 1282.2 1.64407e+06 0.132928
0.125 -0.773543 1.07891 0.99998 0.999959 -7.91385e-05 1282.31 1.64435e+06 0.129221
0.124 -0.77461 1.087 0.999982 0.999963 0.000173101 1282.43 1.64464e+06 0.125214
0.123 -0.775684 1.09084 0.999983 0.999967 0.00048665 1282.54 1.64493e+06 0.121072
0.122 -0.776759 1.08915 0.999985 0.99997 0.000826661 1282.66 1.64523e+06 0.116965
0.121 -0.77783 1.08119 0.999986 0.999973 0.00115276 1282.78 1.64553e+06 0.113048
0.12 -0.77889 1.06692 0.999988 0.999976 0.00142456 1282.9 1.64584e+06 0.10945
0.119 -0.779935 1.04713 0.999989 0.999979 0.00160788 1283.02 1.64615e+06 0.106267
0.118 -0.78096 1.02338 0.99999 0.999981 0.00168053 1283.13 1.64645e+06 0.103568
0.117 -0.781962 0.997719 0.999992 0.999983 0.00163636 1283.25 1.64675e+06 0.101407
0.116 -0.78294 0.972462 0.999993 0.999986 0.0014867 1283.37 1.64704e+06 0.099843
0.115 -0.783898 0.949851 0.999994 0.999988 0.00125873 1283.48 1.64733e+06 0.0989478
0.114 -0.784838 0.931824 0.999995 0.99999 0.000990992 1283.59 1.64761e+06 0.0988135
0.113 -0.785767 0.919836 0.999996 0.999991 0.000726796 1283.7 1.64789e+06 0.0995406
0.112 -0.78669 0.914743 0.999996 0.999993 0.000506785 1283.8 1.64817e+06 0.101216
0.111 -0.787615 0.916731 0.999997 0.999994 0.000362058 1283.91 1.64843e+06 0.103881
0.11 -0.788546 0.925257 0.999997 0.999995 0.000309269 1284.01 1.6487e+06 0.107501
0.109 -0.78949 0.939008 0.999998 0.999996 0.000348797 1284.11 1.64896e+06 0.111946
0.108 -0.790449 0.955849 0.999998 0.999996 0.000466462 1284.21 1.64922e+06 0.116982
0.107 -0.791423 0.972808 0.999998 0.999997 0.00063834 1284.32 1.64948e+06 0.1223
0.106 -0.792409 0.986138 0.999999 0.999997 0.000837308 1284.42 1.64974e+06 0.127551
0.105 -0.7934 0.991566 0.999999 0.999998 0.00103929 1284.51 1.64999e+06 0.132402
0.104 -0.794385 0.984836 0.999999 0.999998 0.00122728 1284.61 1.65024e+06 0.136589
0.103 -0.795349 0.962554 0.999999 0.999998 0.00139222 1284.7 1.65049e+06 0.139939
0.102 -0.796276 0.923131 0.999999 0.999998 0.00153101 1284.8 1.65072e+06 0.142379
0.101 -0.797148 0.867437 0.999999 0.999998 0.00164338 1284.88 1.65093e+06 0.143903
