2 -1.08881 1.026 1 1 1.73594e-06 1194.68 1.42728e+06 0.169183
1.99 -1.07883 1.02398 1 0.999999 3.47153e-06 1194.69 1.4273e+06 0.167951
1.98 -1.06875 1.02557 1 0.999999 2.60378e-06 1194.74 1.42743e+06 0.168823
1.97 -1.05886 1.02841 1 1 1.73594e-06 1194.73 1.42739e+06 0.170071
1.96 -1.04875 1.04174 1 0.999999 4.33919e-06 1194.7 1.42734e+06 0.170702
1.95 -1.03882 1.01625 1 1 1.73594e-06 1194.71 1.42735e+06 0.167657
1.94 -1.02884 1.02659 1 0.999999 4.33919e-06 1194.65 1.4272e+06 0.169746
1.93 -1.01876 1.02289 0.999999 0.999999 6.07426e-06 1194.7 1.42733e+06 0.165559
1.92 -1.00881 1.02914 0.999999 0.999999 6.94167e-06 1194.69 1.4273e+06 0.167779
1.91 -0.998834 1.02929 0.999999 0.999999 5.20677e-06 1194.66 1.42723e+06 0.170293
1.9 -0.988792 1.03036 0.999999 0.999998 7.80898e-06 1194.69 1.4273e+06 0.168632
1.89 -0.978786 1.0241 0.999999 0.999998 1.12774e-05 1194.66 1.42724e+06 0.16902
1.88 -0.968811 1.02579 0.999999 0.999998 7.80898e-06 1194.75 1.42744e+06 0.169598
1.87 -0.958827 1.01643 0.999999 0.999998 7.80898e-06 1194.7 1.42732e+06 0.169813
1.86 -0.948787 1.01777 0.999999 0.999998 1.21443e-05 1194.68 1.42727e+06 0.171829
1.85 -0.93876 1.02223 0.999999 0.999998 1.21443e-05 1194.7 1.42732e+06 0.171222
1.84 -0.928804 1.0201 0.999999 0.999998 9.54336e-06 1194.71 1.42735e+06 0.168412
1.83 -0.918828 1.0331 0.999999 0.999998 1.04104e-05 1194.69 1.42731e+06 0.169078
1.82 -0.908771 1.02617 0.999999 0.999998 1.04104e-05 1194.72 1.42738e+06 0.171042
1.81 -0.898794 1.04004 0.999998 0.999997 1.73437e-05 1194.69 1.42731e+06 0.168507
1.8 -0.888792 1.02898 0.999999 0.999997 1.38778e-05 1194.73 1.42739e+06 0.171556
1.79 -0.87879 1.02156 0.999999 0.999997 1.47444e-05 1194.66 1.42723e+06 0.173285
1.78 -0.868749 1.01329 0.999997 0.999995 2.51371e-05 1194.64 1.42719e+06 0.17083
1.77 -0.858777 1.03041 0.999998 0.999996 1.90762e-05 1194.72 1.42738e+06 0.169472
1.76 -0.848805 1.01028 0.999998 0.999996 2.16743e-05 1194.76 1.42746e+06 0.167644
1.75 -0.83877 1.03413 0.999998 0.999996 2.16743e-05 1194.65 1.42721e+06 0.171919
1.74 -0.828829 1.02409 0.999997 0.999994 3.11938e-05 1194.65 1.4272e+06 0.167245
1.73 -0.818871 1.03995 0.999997 0.999994 3.03288e-05 1194.69 1.4273e+06 0.168525
1.72 -0.808807 1.02176 0.999996 0.999991 4.41579e-05 1194.71 1.42734e+06 0.169144
1.71 -0.798833 1.04097 0.999996 0.999992 3.81104e-05 1194.68 1.42728e+06 0.168412
1.7 -0.788773 1.04952 0.999995 0.99999 4.93382e-05 1194.72 1.42738e+06 0.17025
1.69 -0.778768 1.02029 0.999993 0.999987 6.486e-05 1194.7 1.42733e+06 0.168842
1.68 -0.768799 1.00038 0.999994 0.999989 5.62402e-05 1194.68 1.42727e+06 0.169295
1.67 -0.758778 1.02665 0.999993 0.999986 6.91667e-05 1194.7 1.42732e+06 0.169137
1.66 -0.748802 1.01863 0.999992 0.999985 7.69132e-05 1194.67 1.42725e+06 0.168291
1.65 -0.738756 1.01115 0.999992 0.999984 8.20899e-05 1194.66 1.42723e+06 0.167337
1.64 -0.728766 1.02885 0.999991 0.999982 8.72309e-05 1194.69 1.42731e+06 0.170836
1.63 -0.718855 1.02943 0.999991 0.999983 8.63715e-05 1194.73 1.42739e+06 0.171911
1.62 -0.708783 1.02452 0.999989 0.999977 0.000112114 1194.7 1.42732e+06 0.169569
1.61 -0.698778 1.02606 0.999989 0.999977 0.000113827 1194.71 1.42735e+06 0.168598
1.6 -0.688771 1.01136 0.999988 0.999977 0.000116396 1194.64 1.42719e+06 0.167665
1.59 -0.678844 1.02288 0.999986 0.999973 0.000136951 1194.73 1.4274e+06 0.166304
1.58 -0.668761 1.02482 0.999982 0.999964 0.00018385 1194.64 1.42719e+06 0.168062
1.57 -0.658749 1.02983 0.999981 0.999962 0.000194929 1194.67 1.42725e+06 0.169682
1.56 -0.648791 1.04825 0.99998 0.99996 0.000203373 1194.68 1.42728e+06 0.170439
1.55 -0.638829 1.02215 0.99998 0.999961 0.000198324 1194.69 1.4273e+06 0.16692
1.54 -0.62873 1.02567 0.999976 0.999951 0.000240496 1194.71 1.42735e+06 0.169112
1.53 -0.618767 1.04009 0.999972 0.999944 0.000273333 1194.66 1.42723e+06 0.169139
1.52 -0.608786 1.03496 0.99997 0.99994 0.000310716 1194.72 1.42738e+06 0.170104
1.51 -0.598762 1.01962 0.999965 0.999929 0.00035479 1194.65 1.4272e+06 0.168991
1.5 -0.58866 1.05059 0.999963 0.999926 0.000365387 1194.59 1.42708e+06 0.168862
1.49 -0.578681 1.03191 0.999959 0.999919 0.000404516 1194.66 1.42723e+06 0.166951
1.48 -0.56875 1.03255 0.999957 0.999915 0.000429641 1194.65 1.4272e+06 0.167798
1.47 -0.558672 1.048 0.999948 0.999896 0.000524201 1194.63 1.42716e+06 0.170155
1.46 -0.548738 1.02447 0.999949 0.999899 0.000497451 1194.68 1.42728e+06 0.170378
1.45 -0.538703 1.03388 0.99994 0.99988 0.000597391 1194.69 1.4273e+06 0.167623
1.44 -0.52876 1.05577 0.999937 0.999874 0.00064218 1194.67 1.42726e+06 0.16871
1.43 -0.518789 1.01277 0.999931 0.999862 0.000678159 1194.68 1.42728e+06 0.169348
1.42 -0.508724 1.02391 0.999919 0.999837 0.000804776 1194.67 1.42725e+06 0.169007
1.41 -0.49873 1.04489 0.999914 0.999829 0.000848258 1194.67 1.42727e+06 0.169425
1.4 -0.488648 1.04111 0.999903 0.999805 0.000958284 1194.67 1.42727e+06 0.167185
1.39 -0.478685 1.03644 0.999894 0.999788 0.00104825 1194.58 1.42704e+06 0.16926
1.38 -0.46867 1.04439 0.999881 0.999762 0.00119805 1194.65 1.4272e+06 0.169058
1.37 -0.458676 1.02753 0.999869 0.999739 0.00132096 1194.7 1.42732e+06 0.16916
1.36 -0.448626 1.03835 0.999854 0.999709 0.0014361 1194.66 1.42724e+06 0.169489
1.35 -0.438671 1.02832 0.999834 0.999668 0.00164689 1194.64 1.42719e+06 0.17172
1.34 -0.428584 1.06406 0.999823 0.999645 0.00181172 1194.6 1.42708e+06 0.168692
1.33 -0.418587 1.03758 0.999796 0.999592 0.00203446 1194.63 1.42716e+06 0.16999
1.32 -0.408539 1.04474 0.99978 0.99956 0.00222954 1194.56 1.42699e+06 0.173679
1.31 -0.398611 1.05532 0.999772 0.999545 0.00226256 1194.6 1.42708e+06 0.170798
1.3 -0.388569 1.04572 0.999742 0.999485 0.00261142 1194.61 1.42712e+06 0.16993
1.29 -0.378561 1.03925 0.999711 0.999422 0.00292959 1194.57 1.42703e+06 0.168674
1.28 -0.368519 1.06295 0.99968 0.999362 0.00320097 1194.6 1.42709e+06 0.165574
1.27 -0.358419 1.05998 0.999647 0.999294 0.00357862 1194.57 1.42702e+06 0.16907
1.26 -0.348414 1.08206 0.999601 0.999203 0.00404894 1194.54 1.42695e+06 0.171102
1.25 -0.338377 1.0676 0.999558 0.999116 0.00440542 1194.57 1.42702e+06 0.169208
1.24 -0.328317 1.06408 0.999519 0.999039 0.00495243 1194.52 1.4269e+06 0.170026
1.23 -0.318344 1.06172 0.999465 0.998931 0.00538324 1194.51 1.42688e+06 0.169474
1.22 -0.308271 1.06302 0.999406 0.998814 0.00603653 1194.49 1.42682e+06 0.171999
1.21 -0.298208 1.05671 0.999355 0.998712 0.00648327 1194.47 1.42677e+06 0.172258
1.2 -0.288209 1.07097 0.999272 0.998546 0.00749429 1194.46 1.42675e+06 0.170698
1.19 -0.278215 1.08941 0.999213 0.998428 0.00796718 1194.46 1.42675e+06 0.17216
1.18 -0.268083 1.09412 0.999107 0.998216 0.00904151 1194.44 1.42671e+06 0.172377
1.17 -0.257999 1.08434 0.999007 0.998016 0.0100066 1194.38 1.42655e+06 0.166921
1.16 -0.247948 1.10032 0.998933 0.99787 0.0108455 1194.28 1.42631e+06 0.174689
1.15 -0.237861 1.12336 0.998795 0.997594 0.0121258 1194.33 1.42644e+06 0.172553
1.14 -0.227749 1.0902 0.99867 0.997343 0.0132601 1194.23 1.4262e+06 0.173337
1.13 -0.217631 1.13759 0.998511 0.997026 0.0152878 1194.19 1.42612e+06 0.172849
1.12 -0.207562 1.12487 0.998374 0.996753 0.0165539 1194.09 1.42588e+06 0.173318
1.11 -0.197395 1.12294 0.99818 0.996367 0.0182324 1194.05 1.42578e+06 0.172628
1.1 -0.187293 1.14998 0.998019 0.996046 0.0200119 1193.98 1.42561e+06 0.175428
1.09 -0.177207 1.14942 0.997797 0.995603 0.0225315 1193.87 1.42535e+06 0.174552
1.08 -0.167049 1.15721 0.997559 0.995129 0.0250959 1193.91 1.42543e+06 0.176566
1.07 -0.156883 1.16447 0.99726 0.994533 0.0283128 1193.71 1.42496e+06 0.175473
1.06 -0.146613 1.18138 0.996957 0.993928 0.0315636 1193.58 1.42466e+06 0.177768
1.05 -0.136517 1.1975 0.996674 0.993365 0.0341291 1193.54 1.42456e+06 0.179112
1.04 -0.1262 1.19974 0.996264 0.992548 0.0383062 1193.39 1.4242e+06 0.180415
1.03 -0.11605 1.24857 0.995831 0.991687 0.0441142 1193.14 1.4236e+06 0.178835
1.02 -0.105776 1.23346 0.995414 0.990858 0.0489101 1193.05 1.42339e+06 0.181156
1.01 -0.0954961 1.2617 0.994903 0.989841 0.0537042 1192.86 1.42294e+06 0.182484
1 -0.0851925 1.28867 0.994299 0.98864 0.0606001 1192.62 1.42236e+06 0.182251
0.99 -0.0747273 1.29574 0.99357 0.987193 0.0702296 1192.33 1.42166e+06 0.183131
0.98 -0.0644455 1.32972 0.99294 0.985942 0.0762516 1192.14 1.42121e+06 0.18766
0.97 -0.0540196 1.33856 0.992122 0.984322 0.0876352 1191.77 1.42035e+06 0.190435
0.96 -0.0434685 1.33403 0.991167 0.982429 0.0989152 1191.44 1.41956e+06 0.193016
0.95 -0.0330427 1.39057 0.990171 0.980457 0.110774 1191.13 1.41882e+06 0.193007
0.94 -0.0223077 1.43724 0.988831 0.977809 0.128571 1190.59 1.41752e+06 0.197972
0.93 -0.0117287 1.497 0.987598 0.975375 0.147426 1190.1 1.41636e+06 0.200874
0.92 -0.0010589 1.52901 0.986047 0.972317 0.169759 1189.58 1.41512e+06 0.211991
0.91 0.00986372 1.58222 0.98408 0.968446 0.193066 1188.8 1.41328e+06 0.214819
0.9 0.0207068 1.6472 0.982037 0.964437 0.232999 1187.98 1.41132e+06 0.228114
0.89 0.0317845 1.72764 0.979654 0.959769 0.272195 1187.09 1.40921e+06 0.236372
0.88 0.0432512 1.83758 0.976324 0.953268 0.340996 1185.71 1.40594e+06 0.257153
0.87 0.0545251 1.89114 0.972951 0.946704 0.401785 1184.41 1.40287e+06 0.27445
0.86 0.0663884 2.10537 0.96822 0.937544 0.54573 1182.45 1.39824e+06 0.318215
0.85 0.114148 1.24283 0.0012474 3.71365e-06 0.0124281 501.828 251873 0.839894
0.84 0.114229 1.23717 0.00116571 3.44404e-06 0.0120105 501.721 251765 0.816588
0.83 0.114204 1.24163 0.00102526 2.83429e-06 0.0102708 501.588 251633 0.842922
0.82 0.114263 1.24438 0.000961372 2.63325e-06 0.00984394 501.459 251504 0.842622
0.81 0.114126 1.24005 0.000821875 2.08183e-06 0.00810056 501.446 251490 0.832261
0.8 0.114311 1.22629 0.000771875 1.9474e-06 0.00778526 501.219 251262 0.831892
0.79 0.114372 1.25176 0.000694618 1.70476e-06 0.00704028 501.185 251228 0.827642
0.78 0.114173 1.21276 0.000614583 1.49227e-06 0.00641986 501.226 251269 0.819897
0.77 0.114212 1.23409 0.000599392 1.4014e-06 0.00600265 501.156 251198 0.818327
0.76 0.114011 1.24221 0.000502517 1.11416e-06 0.004963 501.287 251330 0.821948
0.75 0.114132 1.20885 0.000469792 1.05252e-06 0.00479124 501.047 251088 0.807578
0.74 0.114016 1.221 0.000411719 8.7966e-07 0.00409045 501.092 251134 0.817305
0.73 0.114124 1.24253 0.000364931 7.70399e-07 0.00367042 501.056 251098 0.827457
0.72 0.114003 1.25612 0.000333333 7.01075e-07 0.00339819 501.044 251087 0.82129
0.71 0.113967 1.24993 0.000317014 6.53453e-07 0.00318502 501.134 251176 0.811699
0.7 0.114044 1.23819 0.000277257 5.64538e-07 0.00280896 501.031 251074 0.82303
0.69 0.114075 1.20923 0.000243229 4.8587e-07 0.00245785 500.943 250985 0.817976
0.68 0.113936 1.23283 0.000228819 4.46084e-07 0.00226786 501.073 251115 0.815442
0.67 0.113963 1.25465 0.000199219 3.82939e-07 0.00197713 501.031 251073 0.821842
0.66 0.113991 1.23201 0.000176562 3.43605e-07 0.0017996 500.958 251000 0.815856
0.65 0.114036 1.20852 0.000174392 3.32303e-07 0.00173889 500.885 250926 0.819546
0.64 0.114025 1.23254 0.000157899 2.96435e-07 0.00156386 500.917 250960 0.83117
0.63 0.114052 1.21851 0.000139757 2.62828e-07 0.00140138 500.872 250913 0.813875
0.62 0.114003 1.22483 0.000129861 2.44442e-07 0.00131085 500.863 250905 0.820263
0.61 0.113822 1.24252 0.000111111 2.00738e-07 0.00108514 501.049 251091 0.822198
0.6 0.1139 1.23076 9.69618e-05 1.79187e-07 0.000977965 500.968 251010 0.811939
0.59 0.113823 1.22676 9.19271e-05 1.68638e-07 0.000922679 501.009 251051 0.822329
0.58 0.11391 1.22112 7.72569e-05 1.4136e-07 0.000779857 500.978 251020 0.814485
0.57 0.113864 1.23292 7.38715e-05 1.35483e-07 0.00074895 500.953 250995 0.813821
0.56 0.113913 1.23314 7.17882e-05 1.29455e-07 0.000715975 500.87 250911 0.822428
0.55 0.113889 1.21752 6.16319e-05 1.10014e-07 0.000611801 500.858 250900 0.828769
0.54 0.1139 1.22702 5.95486e-05 1.06397e-07 0.000592422 500.865 250907 0.824334
0.53 0.114032 1.22574 5.3125e-05 9.49436e-08 0.000530619 500.761 250803 0.826339
0.52 0.113986 1.22135 4.70486e-05 8.65041e-08 0.000485514 500.802 250843 0.824391
0.51 0.114 1.20684 3.99306e-05 6.99267e-08 0.000393594 500.847 250888 0.813804
0.5 0.113936 1.22441 3.72396e-05 6.61591e-08 0.000373088 500.867 250909 0.817707
0.49 0.113825 1.23133 3.49826e-05 6.25422e-08 0.000353194 500.993 251035 0.821146
0.48 0.113988 1.18915 2.90799e-05 5.10887e-08 0.0002894 500.813 250854 0.807595
0.47 0.113885 1.23041 3.03819e-05 5.36507e-08 0.000303711 500.82 250861 0.805343
0.46 0.113921 1.23296 2.57812e-05 4.50605e-08 0.00025572 500.9 250942 0.822388
0.45 0.113784 1.20959 2.1441e-05 3.72239e-08 0.000211762 500.842 250883 0.803289
0.44 0.113906 1.24511 2.09201e-05 3.66211e-08 0.000208417 500.849 250891 0.811367
0.43 0.113897 1.20767 2.03125e-05 3.58676e-08 0.000204221 500.783 250824 0.815683
0.42 0.113979 1.2293 1.81424e-05 3.17986e-08 0.000181264 500.763 250803 0.800103
0.41 0.113956 1.23784 1.57986e-05 2.77296e-08 0.000158285 500.833 250874 0.81185
0.4 0.11401 1.21615 1.47569e-05 2.59211e-08 0.000148051 500.761 250803 0.82456
0.39 0.113837 1.23961 1.28472e-05 2.23042e-08 0.000127522 500.872 250914 0.828682
0.38 0.113968 1.22415 1.15451e-05 2.03451e-08 0.00011642 500.866 250908 0.815752
0.37 0.113873 1.22316 8.33333e-06 1.44676e-08 8.29333e-05 500.829 250870 0.806558
0.36 0.113862 1.23468 8.68056e-06 1.53718e-08 8.81076e-05 500.967 251009 0.825374
0.35 0.114047 1.24902 8.07292e-06 1.40155e-08 8.03538e-05 500.802 250843 0.823225
0.34 0.113892 1.21133 8.33333e-06 1.44676e-08 8.29333e-05 500.83 250871 0.807653
0.33 0.11386 1.24369 7.11806e-06 1.23577e-08 7.08887e-05 500.886 250928 0.825066
0.32 0.113808 1.22678 6.25e-06 1.08507e-08 6.2275e-05 500.931 250973 0.819787
0.31 0.113899 1.22886 6.68403e-06 1.16042e-08 6.65829e-05 500.799 250841 0.820131
0.3 0.113951 1.23279 4.94792e-06 8.59013e-09 4.93382e-05 500.811 250852 0.809547
0.29 0.113829 1.21586 4.07986e-06 7.08309e-09 4.07027e-05 500.844 250886 0.824556
0.28 0.113883 1.22188 4.16667e-06 7.2338e-09 4.15667e-05 500.728 250769 0.825966
0.27 0.113896 1.23332 3.99306e-06 6.93239e-09 3.98387e-05 500.8 250842 0.821274
0.26 0.113851 1.22373 4.25347e-06 7.3845e-09 4.24305e-05 500.928 250969 0.800129
0.25 0.113848 1.23292 4.34028e-06 7.5352e-09 4.32943e-05 500.859 250900 0.800625
0.24 0.113784 1.25967 2.34375e-06 4.06901e-09 2.34059e-05 500.885 250927 0.815126
0.23 0.11396 1.23991 2.69097e-06 4.67183e-09 2.6868e-05 500.796 250838 0.81035
0.22 0.113945 1.22244 2.34375e-06 4.06901e-09 2.34059e-05 500.801 250843 0.813484
0.21 0.113983 1.20613 2.34375e-06 4.06901e-09 2.34059e-05 500.717 250758 0.810893
0.2 0.113913 1.22202 1.38889e-06 2.41127e-09 1.38778e-05 500.764 250805 0.804638
0.19 0.114024 1.24563 1.5625e-06 2.71267e-09 1.56109e-05 500.734 250775 0.81434
0.18 0.113925 1.219 1.64931e-06 2.86338e-09 1.64774e-05 500.679 250720 0.807587
0.17 0.113914 1.22124 1.04167e-06 1.80845e-09 1.04104e-05 500.821 250862 0.813562
0.16 0.113889 1.2348 9.54861e-07 1.65774e-09 9.54336e-06 500.769 250810 0.812244
0.15 0.113865 1.22509 1.38889e-06 2.41127e-09 1.38778e-05 500.893 250934 0.811228
0.14 0.113846 1.23118 5.20833e-07 9.04225e-10 5.20677e-06 500.903 250945 0.825144
0.13 0.113836 1.22248 7.8125e-07 1.35634e-09 7.80898e-06 500.874 250916 0.808036
0.12 0.114076 1.20321 6.94444e-07 1.20563e-09 6.94167e-06 500.642 250682 0.797438
0.11 0.113898 1.20235 5.20833e-07 9.04225e-10 5.20677e-06 500.858 250899 0.807965
0.1 0.113911 1.25123 8.68056e-08 1.50704e-10 8.68012e-07 500.812 250853 0.800784
0.09 0.113946 1.25348 1.04167e-06 1.80845e-09 1.04104e-05 500.702 250743 0.81082
0.08 0.113884 1.22772 7.8125e-07 1.35634e-09 7.80898e-06 500.814 250856 0.824598
0.07 0.113951 1.23585 3.47222e-07 6.02816e-10 3.47153e-06 500.844 250885 0.805308
0.06 0.113886 1.2389 5.20833e-07 9.04225e-10 5.20677e-06 500.796 250837 0.812209
0.05 0.113977 1.23829 9.54861e-07 1.65774e-09 9.54336e-06 500.736 250778 0.835105
0.04 0.114067 1.21643 6.07639e-07 1.05493e-09 6.07426e-06 500.712 250753 0.805223
0.03 0.113803 1.21706 2.60417e-07 4.52112e-10 2.60378e-06 500.899 250941 0.808119
0.02 0.113786 1.22844 3.47222e-07 6.02816e-10 3.47153e-06 500.915 250956 0.809749
0.01 0.113925 1.23336 2.60417e-07 4.52112e-10 2.60378e-06 500.839 250880 0.810569
