0.8 0.474074 0.376166 0.235968 0.0561396 0.330217 524.72 275681 0.833011
0.799 0.473698 0.376376 0.23582 0.0560696 0.330568 524.683 275642 0.833877
0.798 0.473322 0.376587 0.235672 0.0559997 0.330921 524.646 275603 0.834747
0.797 0.472945 0.376799 0.235524 0.0559297 0.331274 524.609 275564 0.83562
0.796 0.472568 0.377011 0.235375 0.0558598 0.331629 524.572 275525 0.836496
0.795 0.472191 0.377224 0.235227 0.0557899 0.331984 524.535 275487 0.837376
0.794 0.471814 0.377437 0.235078 0.05572 0.332341 524.499 275448 0.838259
0.793 0.471436 0.377651 0.23493 0.0556501 0.332699 524.462 275409 0.839146
0.792 0.471058 0.377866 0.234781 0.0555803 0.333058 524.425 275371 0.840036
0.791 0.470681 0.378082 0.234633 0.0555104 0.333418 524.388 275332 0.840929
0.79 0.470302 0.378298 0.234484 0.0554406 0.333779 524.352 275293 0.841826
0.789 0.469924 0.378515 0.234336 0.0553708 0.334142 524.315 275255 0.842726
0.788 0.469545 0.378732 0.234187 0.0553011 0.334506 524.279 275217 0.84363
0.787 0.469166 0.37895 0.234038 0.0552313 0.334872 524.242 275178 0.844537
0.786 0.468787 0.379168 0.233889 0.0551616 0.335238 524.205 275140 0.845448
0.785 0.468408 0.379387 0.23374 0.0550919 0.335607 524.169 275101 0.846362
0.784 0.468029 0.379607 0.233591 0.0550222 0.335976 524.133 275063 0.847279
0.783 0.467649 0.379827 0.233442 0.0549526 0.336347 524.096 275025 0.848199
0.782 0.467269 0.380048 0.233293 0.054883 0.33672 524.06 274987 0.849123
0.781 0.466889 0.380269 0.233144 0.0548134 0.337094 524.024 274949 0.850051
0.78 0.466509 0.380491 0.232995 0.0547438 0.33747 523.987 274910 0.850981
0.779 0.466128 0.380714 0.232846 0.0546742 0.337847 523.951 274872 0.851915
0.778 0.465747 0.380937 0.232697 0.0546047 0.338226 523.915 274834 0.852853
0.777 0.465366 0.38116 0.232548 0.0545352 0.338607 523.879 274796 0.853793
0.776 0.464985 0.381384 0.232398 0.0544657 0.338989 523.843 274759 0.854737
0.775 0.464603 0.381609 0.232249 0.0543963 0.339373 523.807 274721 0.855684
0.774 0.464222 0.381834 0.2321 0.0543269 0.339758 523.771 274683 0.856634
0.773 0.46384 0.382059 0.23195 0.0542575 0.340146 523.735 274645 0.857587
0.772 0.463458 0.382285 0.231801 0.0541881 0.340535 523.699 274607 0.858544
0.771 0.463075 0.382512 0.231652 0.0541188 0.340926 523.663 274570 0.859503
0.77 0.462693 0.382738 0.231502 0.0540495 0.341319 523.627 274532 0.860466
0.769 0.46231 0.382966 0.231353 0.0539802 0.341714 523.591 274495 0.861432
0.768 0.461927 0.383194 0.231203 0.053911 0.342111 523.555 274457 0.862401
0.767 0.461543 0.383422 0.231053 0.0538417 0.34251 523.52 274420 0.863372
0.766 0.46116 0.38365 0.230904 0.0537725 0.34291 523.484 274382 0.864347
0.765 0.460776 0.38388 0.230754 0.0537034 0.343313 523.448 274345 0.865325
0.764 0.460392 0.384109 0.230604 0.0536342 0.343717 523.413 274308 0.866305
0.763 0.460008 0.384339 0.230454 0.0535651 0.344124 523.377 274270 0.867289
0.762 0.459624 0.384569 0.230305 0.053496 0.344532 523.342 274233 0.868275
0.761 0.459239 0.3848 0.230155 0.053427 0.344943 523.307 274196 0.869264
0.76 0.458854 0.385031 0.230005 0.0533579 0.345355 523.271 274159 0.870256
0.759 0.458469 0.385263 0.229855 0.0532889 0.34577 523.236 274122 0.87125
0.758 0.458084 0.385495 0.229705 0.05322 0.346186 523.201 274085 0.872247
0.757 0.457698 0.385727 0.229555 0.053151 0.346605 523.165 274048 0.873247
0.756 0.457312 0.38596 0.229405 0.0530821 0.347026 523.13 274011 0.874249
0.755 0.456926 0.386193 0.229255 0.0530132 0.347448 523.095 273974 0.875254
0.754 0.45654 0.386427 0.229105 0.0529443 0.347873 523.06 273938 0.876261
0.753 0.456153 0.38666 0.228955 0.0528755 0.3483 523.025 273901 0.877271
0.752 0.455767 0.386895 0.228804 0.0528067 0.348729 522.99 273864 0.878283
0.751 0.45538 0.387129 0.228654 0.0527379 0.34916 522.955 273828 0.879298
0.75 0.454992 0.387364 0.228504 0.0526692 0.349593 522.92 273791 0.880315
0.749 0.454605 0.387599 0.228353 0.0526004 0.350028 522.886 273755 0.881334
0.748 0.454217 0.387835 0.228203 0.0525317 0.350465 522.851 273718 0.882355
0.747 0.453829 0.38807 0.228053 0.0524631 0.350904 522.816 273682 0.883379
0.746 0.453441 0.388307 0.227902 0.0523944 0.351345 522.781 273645 0.884405
0.745 0.453053 0.388543 0.227752 0.0523258 0.351788 522.747 273609 0.885433
0.744 0.452664 0.38878 0.227601 0.0522572 0.352233 522.712 273573 0.886463
0.743 0.452275 0.389017 0.22745 0.0521886 0.35268 522.678 273537 0.887495
0.742 0.451886 0.389254 0.2273 0.0521201 0.353128 522.643 273501 0.888529
0.741 0.451497 0.389492 0.227149 0.0520515 0.353579 522.609 273465 0.889565
0.74 0.451107 0.38973 0.226998 0.051983 0.354032 522.575 273429 0.890604
0.739 0.450717 0.389968 0.226847 0.0519146 0.354486 522.54 273393 0.891644
0.738 0.450327 0.390206 0.226697 0.0518461 0.354942 522.506 273357 0.892686
0.737 0.449937 0.390445 0.226546 0.0517777 0.3554 522.472 273321 0.893729
0.736 0.449546 0.390683 0.226395 0.0517093 0.35586 522.438 273285 0.894775
0.735 0.449155 0.390922 0.226244 0.0516409 0.356321 522.403 273249 0.895823
0.734 0.448764 0.391162 0.226093 0.0515725 0.356784 522.369 273214 0.896872
0.733 0.448373 0.391401 0.225942 0.0515042 0.357248 522.335 273178 0.897923
0.732 0.447982 0.39164 0.22579 0.0514359 0.357715 522.301 273142 0.898976
0.731 0.44759 0.39188 0.225639 0.0513676 0.358182 522.267 273107 0.90003
0.73 0.447198 0.39212 0.225488 0.0512994 0.358652 522.234 273071 0.901086
0.729 0.446806 0.39236 0.225337 0.0512311 0.359123 522.2 273036 0.902144
0.728 0.446413 0.3926 0.225185 0.0511629 0.359595 522.166 273001 0.903203
0.727 0.44602 0.39284 0.225034 0.0510947 0.360068 522.132 272965 0.904264
0.726 0.445627 0.39308 0.224882 0.0510266 0.360543 522.099 272930 0.905327
0.725 0.445234 0.39332 0.224731 0.0509584 0.361019 522.065 272895 0.906391
0.724 0.444841 0.39356 0.224579 0.0508903 0.361497 522.031 272860 0.907457
0.723 0.444447 0.3938 0.224428 0.0508222 0.361976 521.998 272825 0.908524
0.722 0.444053 0.39404 0.224276 0.0507541 0.362456 521.965 272790 0.909593
0.721 0.443659 0.39428 0.224125 0.0506861 0.362937 521.931 272755 0.910664
0.72 0.443265 0.39452 0.223973 0.0506181 0.363419 521.898 272720 0.911736
0.719 0.44287 0.39476 0.223821 0.0505501 0.363902 521.864 272685 0.912809
0.718 0.442475 0.394999 0.223669 0.0504821 0.364386 521.831 272650 0.913884
0.717 0.44208 0.395239 0.223517 0.0504142 0.364871 521.798 272616 0.914961
0.716 0.441685 0.395478 0.223365 0.0503462 0.365357 521.765 272581 0.916039
0.715 0.441289 0.395717 0.223213 0.0502783 0.365844 521.732 272546 0.917119
0.714 0.440893 0.395956 0.223061 0.0502105 0.366331 521.699 272512 0.9182
0.713 0.440497 0.396195 0.222909 0.0501426 0.36682 521.666 272477 0.919283
0.712 0.440101 0.396433 0.222757 0.0500748 0.367309 521.633 272443 0.920367
0.711 0.439704 0.396671 0.222605 0.050007 0.367799 521.6 272408 0.921453
0.71 0.439307 0.396908 0.222453 0.0499392 0.368289 521.567 272374 0.92254
0.709 0.43891 0.397145 0.222301 0.0498715 0.36878 521.535 272340 0.923629
0.708 0.438513 0.397382 0.222148 0.0498038 0.369272 521.502 272306 0.924719
0.707 0.438116 0.397618 0.221996 0.0497361 0.369764 521.469 272271 0.925811
0.706 0.437718 0.397853 0.221844 0.0496685 0.370257 521.437 272237 0.926905
0.705 0.43732 0.398088 0.221691 0.0496008 0.37075 521.404 272203 0.928
0.704 0.436922 0.398323 0.221539 0.0495332 0.371244 521.372 272170 0.929097
0.703 0.436523 0.398557 0.221387 0.0494657 0.371738 521.339 272136 0.930195
0.702 0.436124 0.39879 0.221234 0.0493982 0.372232 521.307 272102 0.931295
0.701 0.435725 0.399022 0.221082 0.0493307 0.372727 521.275 272068 0.932397
0.7 0.435326 0.399254 0.220929 0.0492632 0.373222 521.243 272035 0.9335
0.699 0.434927 0.399485 0.220776 0.0491958 0.373718 521.211 272001 0.934605
0.698 0.434527 0.399715 0.220624 0.0491284 0.374213 521.178 271967 0.935712
0.697 0.434127 0.399944 0.220471 0.049061 0.37471 521.147 271934 0.93682
0.696 0.433727 0.400173 0.220319 0.0489937 0.375206 521.115 271901 0.93793
0.695 0.433327 0.4004 0.220166 0.0489264 0.375702 521.083 271867 0.939042
0.694 0.432926 0.400627 0.220013 0.0488591 0.376199 521.051 271834 0.940156
0.693 0.432526 0.400852 0.219861 0.0487919 0.376696 521.019 271801 0.941271
0.692 0.432125 0.401077 0.219708 0.0487248 0.377193 520.988 271768 0.942388
0.691 0.431723 0.401301 0.219555 0.0486576 0.377691 520.956 271735 0.943507
0.69 0.431322 0.401523 0.219403 0.0485905 0.378188 520.925 271702 0.944628
0.689 0.43092 0.401745 0.21925 0.0485235 0.378686 520.893 271669 0.945751
0.688 0.430518 0.401965 0.219097 0.0484565 0.379184 520.862 271637 0.946876
0.687 0.430116 0.402184 0.218944 0.0483895 0.379682 520.831 271604 0.948002
0.686 0.429714 0.402402 0.218792 0.0483226 0.380181 520.8 271572 0.94913
0.685 0.429311 0.402619 0.218639 0.0482557 0.380679 520.769 271539 0.950261
0.684 0.428909 0.402835 0.218486 0.0481889 0.381178 520.738 271507 0.951393
0.683 0.428506 0.40305 0.218333 0.0481221 0.381677 520.707 271474 0.952527
0.682 0.428102 0.403263 0.218181 0.0480553 0.382177 520.676 271442 0.953663
0.681 0.427699 0.403475 0.218028 0.0479887 0.382676 520.646 271410 0.954801
0.68 0.427295 0.403686 0.217875 0.047922 0.383176 520.615 271378 0.955942
0.679 0.426892 0.403896 0.217723 0.0478554 0.383677 520.584 271346 0.957084
0.678 0.426488 0.404105 0.21757 0.0477889 0.384177 520.554 271315 0.958228
0.677 0.426083 0.404312 0.217417 0.0477224 0.384678 520.524 271283 0.959374
0.676 0.425679 0.404518 0.217265 0.047656 0.38518 520.494 271252 0.960522
0.675 0.425274 0.404723 0.217112 0.0475896 0.385681 520.463 271220 0.961672
0.674 0.424869 0.404927 0.216959 0.0475233 0.386183 520.433 271189 0.962825
0.673 0.424464 0.40513 0.216807 0.047457 0.386686 520.404 271158 0.963979
0.672 0.424059 0.405332 0.216654 0.0473908 0.387189 520.374 271126 0.965135
0.671 0.423654 0.405532 0.216502 0.0473246 0.387693 520.344 271095 0.966294
0.67 0.423248 0.405731 0.216349 0.0472585 0.388197 520.315 271065 0.967455
0.669 0.422842 0.40593 0.216197 0.0471925 0.388702 520.285 271034 0.968617
0.668 0.422436 0.406127 0.216044 0.0471265 0.389208 520.256 271003 0.969782
0.667 0.42203 0.406324 0.215892 0.0470605 0.389714 520.227 270973 0.970949
0.666 0.421623 0.406519 0.215739 0.0469947 0.390221 520.198 270942 0.972118
0.665 0.421217 0.406714 0.215587 0.0469289 0.390729 520.169 270912 0.97329
0.664 0.42081 0.406908 0.215435 0.0468631 0.391238 520.14 270882 0.974463
0.663 0.420403 0.407101 0.215282 0.0467974 0.391747 520.111 270852 0.975639
0.662 0.419995 0.407294 0.21513 0.0467318 0.392258 520.083 270822 0.976817
0.661 0.419588 0.407486 0.214978 0.0466662 0.392769 520.054 270792 0.977997
0.66 0.41918 0.407677 0.214826 0.0466007 0.393282 520.026 270763 0.979179
0.659 0.418773 0.407868 0.214674 0.0465353 0.393795 519.998 270733 0.980363
0.658 0.418365 0.408059 0.214522 0.0464699 0.39431 519.97 270704 0.98155
0.657 0.417956 0.40825 0.21437 0.0464046 0.394825 519.942 270675 0.982739
0.656 0.417548 0.40844 0.214218 0.0463394 0.395342 519.914 270646 0.98393
0.655 0.417139 0.40863 0.214066 0.0462742 0.395861 519.886 270617 0.985123
0.654 0.416731 0.408821 0.213914 0.0462091 0.39638 519.859 270588 0.986319
0.653 0.416322 0.409011 0.213762 0.0461441 0.396901 519.831 270560 0.987516
0.652 0.415913 0.409202 0.21361 0.0460791 0.397423 519.804 270532 0.988717
0.651 0.415503 0.409393 0.213458 0.0460142 0.397947 519.777 270503 0.989919
0.65 0.415094 0.409584 0.213306 0.0459493 0.398472 519.75 270475 0.991124
0.649 0.414684 0.409776 0.213155 0.0458846 0.398999 519.724 270447 0.992331
0.648 0.414274 0.409969 0.213003 0.0458198 0.399527 519.697 270420 0.99354
0.647 0.413864 0.410163 0.212852 0.0457552 0.400057 519.671 270392 0.994752
0.646 0.413454 0.410357 0.2127 0.0456906 0.400589 519.644 270365 0.995966
0.645 0.413043 0.410553 0.212549 0.0456261 0.401123 519.618 270337 0.997183
0.644 0.412633 0.41075 0.212397 0.0455617 0.401658 519.592 270310 0.998402
0.643 0.412222 0.410948 0.212246 0.0454973 0.402195 519.567 270283 0.999624
0.642 0.411811 0.411147 0.212095 0.045433 0.402734 519.541 270257 1.00085
0.641 0.4114 0.411348 0.211943 0.0453688 0.403275 519.516 270230 1.00207
0.64 0.410988 0.411551 0.211792 0.0453046 0.403818 519.49 270204 1.0033
0.639 0.410576 0.411756 0.211641 0.0452405 0.404363 519.465 270178 1.00454
0.638 0.410165 0.411962 0.21149 0.0451765 0.40491 519.44 270152 1.00577
0.637 0.409752 0.412171 0.211339 0.0451126 0.405459 519.416 270126 1.00701
0.636 0.40934 0.412382 0.211188 0.0450487 0.406011 519.391 270100 1.00825
0.635 0.408928 0.412595 0.211037 0.0449849 0.406564 519.367 270075 1.00949
0.634 0.408515 0.412811 0.210886 0.0449211 0.40712 519.343 270050 1.01074
0.633 0.408102 0.413029 0.210735 0.0448574 0.407678 519.319 270025 1.01199
0.632 0.407689 0.41325 0.210585 0.0447938 0.408239 519.295 270000 1.01324
0.631 0.407276 0.413473 0.210434 0.0447303 0.408802 519.272 269975 1.01449
0.63 0.406862 0.4137 0.210283 0.0446669 0.409367 519.248 269951 1.01575
0.629 0.406448 0.41393 0.210133 0.0446035 0.409935 519.225 269927 1.01701
0.628 0.406034 0.414162 0.209982 0.0445401 0.410505 519.202 269903 1.01827
0.627 0.40562 0.414398 0.209832 0.0444769 0.411078 519.179 269879 1.01954
0.626 0.405205 0.414637 0.209681 0.0444137 0.411653 519.157 269855 1.02081
0.625 0.404791 0.41488 0.209531 0.0443506 0.412231 519.134 269832 1.02208
0.624 0.404376 0.415126 0.209381 0.0442876 0.412811 519.112 269809 1.02336
0.623 0.40396 0.415375 0.209231 0.0442246 0.413395 519.09 269786 1.02464
0.622 0.403545 0.415628 0.209081 0.0441617 0.41398 519.068 269763 1.02592
0.621 0.403129 0.415885 0.208931 0.0440989 0.414569 519.047 269741 1.02721
0.62 0.402713 0.416146 0.208781 0.0440362 0.41516 519.025 269718 1.0285
0.619 0.402297 0.41641 0.208631 0.0439735 0.415754 519.004 269696 1.02979
0.618 0.40188 0.416678 0.208481 0.0439109 0.416351 518.983 269674 1.03109
0.617 0.401464 0.416951 0.208331 0.0438484 0.41695 518.963 269653 1.03239
0.616 0.401046 0.417227 0.208181 0.0437859 0.417553 518.942 269631 1.0337
0.615 0.400629 0.417507 0.208032 0.0437236 0.418158 518.922 269610 1.03501
0.614 0.400211 0.417791 0.207882 0.0436613 0.418766 518.902 269589 1.03632
0.613 0.399794 0.418079 0.207732 0.0435991 0.419376 518.882 269568 1.03764
0.612 0.399375 0.418371 0.207583 0.0435369 0.41999 518.862 269548 1.03896
0.611 0.398957 0.418667 0.207434 0.0434749 0.420607 518.843 269528 1.04029
0.61 0.398538 0.418967 0.207284 0.0434129 0.421226 518.824 269508 1.04162
0.609 0.398119 0.419271 0.207135 0.043351 0.421848 518.805 269488 1.04295
0.608 0.3977 0.419579 0.206986 0.0432892 0.422474 518.786 269468 1.04429
0.607 0.39728 0.419891 0.206837 0.0432274 0.423102 518.768 269449 1.04563
0.606 0.39686 0.420207 0.206688 0.0431658 0.423733 518.749 269430 1.04698
0.605 0.396439 0.420527 0.206539 0.0431042 0.424367 518.731 269411 1.04833
0.604 0.396019 0.420851 0.206391 0.0430427 0.425004 518.713 269392 1.04969
0.603 0.395598 0.421179 0.206242 0.0429813 0.425644 518.696 269374 1.05105
0.602 0.395176 0.42151 0.206093 0.04292 0.426286 518.679 269356 1.05241
0.601 0.394755 0.421846 0.205945 0.0428588 0.426932 518.661 269338 1.05378
0.6 0.394333 0.422185 0.205797 0.0427977 0.427581 518.645 269320 1.05516
0.599 0.39391 0.422527 0.205648 0.0427366 0.428232 518.628 269303 1.05653
0.598 0.393488 0.422874 0.2055 0.0426757 0.428886 518.611 269286 1.05792
0.597 0.393065 0.423224 0.205352 0.0426148 0.429544 518.595 269269 1.05931
0.596 0.392641 0.423577 0.205205 0.042554 0.430204 518.579 269252 1.0607
0.595 0.392217 0.423934 0.205057 0.0424934 0.430867 518.564 269236 1.0621
0.594 0.391793 0.424294 0.204909 0.0424328 0.431533 518.548 269220 1.0635
0.593 0.391369 0.424657 0.204762 0.0423723 0.432201 518.533 269204 1.06491
0.592 0.390944 0.425024 0.204614 0.042312 0.432873 518.518 269188 1.06632
0.591 0.390519 0.425393 0.204467 0.0422517 0.433548 518.504 269173 1.06773
0.59 0.390093 0.425766 0.20432 0.0421915 0.434225 518.489 269158 1.06916
0.589 0.389667 0.426141 0.204173 0.0421315 0.434905 518.475 269143 1.07058
0.588 0.389241 0.42652 0.204027 0.0420715 0.435588 518.461 269129 1.07201
0.587 0.388814 0.426901 0.20388 0.0420117 0.436274 518.447 269114 1.07345
0.586 0.388387 0.427285 0.203734 0.041952 0.436962 518.434 269100 1.07489
0.585 0.38796 0.427672 0.203587 0.0418924 0.437654 518.421 269086 1.07634
0.584 0.387532 0.428061 0.203441 0.0418329 0.438348 518.408 269073 1.07779
0.583 0.387103 0.428452 0.203296 0.0417735 0.439045 518.395 269060 1.07924
0.582 0.386675 0.428846 0.20315 0.0417142 0.439744 518.383 269047 1.0807
0.581 0.386246 0.429242 0.203005 0.0416551 0.440447 518.371 269034 1.08217
0.58 0.385816 0.42964 0.202859 0.0415961 0.441152 518.359 269022 1.08364
0.579 0.385386 0.43004 0.202714 0.0415372 0.44186 518.348 269010 1.08511
0.578 0.384956 0.430443 0.202569 0.0414785 0.442571 518.336 268998 1.08659
0.577 0.384525 0.430847 0.202425 0.0414199 0.443284 518.325 268987 1.08808
0.576 0.384094 0.431253 0.202281 0.0413614 0.444 518.315 268975 1.08956
0.575 0.383662 0.431661 0.202136 0.0413031 0.444719 518.304 268965 1.09106
0.574 0.38323 0.43207 0.201993 0.0412449 0.445441 518.294 268954 1.09256
0.573 0.382798 0.432481 0.201849 0.0411868 0.446166 518.285 268944 1.09406
0.572 0.382365 0.432893 0.201706 0.0411289 0.446893 518.275 268934 1.09557
0.571 0.381932 0.433307 0.201562 0.0410711 0.447623 518.266 268924 1.09708
0.57 0.381498 0.433722 0.20142 0.0410135 0.448356 518.257 268915 1.0986
0.569 0.381064 0.434138 0.201277 0.0409561 0.449092 518.249 268906 1.10012
0.568 0.38063 0.434555 0.201135 0.0408988 0.449831 518.241 268898 1.10165
0.567 0.380195 0.434973 0.200993 0.0408416 0.450573 518.233 268890 1.10318
0.566 0.37976 0.435392 0.200851 0.0407847 0.451317 518.226 268882 1.10472
0.565 0.379324 0.435811 0.20071 0.0407278 0.452065 518.219 268874 1.10626
0.564 0.378888 0.436232 0.200569 0.0406712 0.452815 518.212 268867 1.10781
0.563 0.378451 0.436653 0.200428 0.0406147 0.453569 518.206 268861 1.10937
0.562 0.378014 0.437074 0.200288 0.0405584 0.454325 518.2 268854 1.11092
0.561 0.377577 0.437495 0.200148 0.0405023 0.455085 518.194 268848 1.11249
0.56 0.377139 0.437917 0.200008 0.0404463 0.455848 518.189 268843 1.11406
0.559 0.376701 0.438339 0.199869 0.0403906 0.456614 518.184 268838 1.11563
0.558 0.376262 0.438761 0.19973 0.040335 0.457383 518.18 268833 1.11721
0.557 0.375823 0.439183 0.199591 0.0402796 0.458156 518.176 268829 1.1188
0.556 0.375383 0.439604 0.199453 0.0402244 0.458932 518.172 268825 1.12039
0.555 0.374943 0.440025 0.199315 0.0401694 0.459712 518.169 268822 1.12199
0.554 0.374502 0.440445 0.199177 0.0401146 0.460495 518.166 268819 1.1236
0.553 0.374062 0.440865 0.19904 0.04006 0.461282 518.164 268817 1.12521
0.552 0.37362 0.441284 0.198904 0.0400056 0.462073 518.163 268815 1.12682
0.551 0.373179 0.441702 0.198768 0.0399514 0.462867 518.161 268813 1.12845
0.55 0.372736 0.442119 0.198632 0.0398974 0.463666 518.161 268812 1.13008
0.549 0.372294 0.442535 0.198497 0.0398436 0.464468 518.16 268812 1.13172
0.548 0.371851 0.44295 0.198362 0.03979 0.465274 518.16 268812 1.13336
0.547 0.371407 0.443363 0.198227 0.0397367 0.466085 518.161 268813 1.13502
0.546 0.370963 0.443774 0.198093 0.0396836 0.4669 518.162 268814 1.13668
0.545 0.370519 0.444184 0.19796 0.0396307 0.467719 518.164 268816 1.13835
0.544 0.370074 0.444592 0.197827 0.039578 0.468543 518.166 268818 1.14002
0.543 0.369629 0.444998 0.197694 0.0395256 0.469372 518.169 268821 1.14171
0.542 0.369184 0.445401 0.197562 0.0394734 0.470205 518.173 268824 1.1434
0.541 0.368738 0.445803 0.197431 0.0394214 0.471043 518.177 268828 1.14511
0.54 0.368292 0.446203 0.1973 0.0393697 0.471887 518.181 268833 1.14682
0.539 0.367845 0.4466 0.19717 0.0393182 0.472735 518.186 268838 1.14854
0.538 0.367398 0.446994 0.19704 0.0392669 0.473589 518.192 268844 1.15028
0.537 0.36695 0.447386 0.19691 0.039216 0.474448 518.198 268850 1.15202
0.536 0.366502 0.447776 0.196781 0.0391652 0.475313 518.205 268857 1.15377
0.535 0.366054 0.448162 0.196653 0.0391147 0.476183 518.213 268865 1.15554
0.534 0.365605 0.448546 0.196525 0.0390645 0.477059 518.221 268873 1.15731
0.533 0.365156 0.448928 0.196398 0.0390145 0.477942 518.23 268882 1.1591
0.532 0.364706 0.449306 0.196272 0.0389648 0.47883 518.239 268892 1.16089
0.531 0.364257 0.449682 0.196146 0.0389154 0.479725 518.249 268902 1.1627
0.53 0.363806 0.450055 0.19602 0.0388662 0.480626 518.26 268913 1.16453
0.529 0.363356 0.450426 0.195896 0.0388173 0.481533 518.271 268925 1.16636
0.528 0.362905 0.450793 0.195771 0.0387687 0.482448 518.284 268938 1.16821
0.527 0.362453 0.451159 0.195648 0.0387203 0.483369 518.296 268951 1.17007
0.526 0.362002 0.451521 0.195525 0.0386722 0.484298 518.31 268964 1.17194
0.525 0.361549 0.451882 0.195403 0.0386244 0.485233 518.324 268979 1.17383
0.524 0.361097 0.45224 0.195281 0.0385769 0.486176 518.339 268994 1.17573
0.523 0.360644 0.452596 0.19516 0.0385297 0.487127 518.354 269010 1.17765
0.522 0.360191 0.45295 0.19504 0.0384828 0.488085 518.37 269027 1.17958
0.521 0.359737 0.453303 0.19492 0.0384361 0.489051 518.387 269044 1.18153
0.52 0.359284 0.453654 0.194801 0.0383897 0.490024 518.405 269063 1.18349
0.519 0.358829 0.454003 0.194682 0.0383436 0.491006 518.423 269082 1.18546
0.518 0.358375 0.454352 0.194565 0.0382979 0.491996 518.442 269101 1.18745
0.517 0.35792 0.4547 0.194448 0.0382524 0.492995 518.462 269122 1.18946
0.516 0.357464 0.455048 0.194331 0.0382072 0.494001 518.482 269143 1.19148
0.515 0.357009 0.455396 0.194216 0.0381623 0.495017 518.503 269165 1.19352
0.514 0.356553 0.455744 0.194101 0.0381177 0.496041 518.525 269187 1.19558
0.513 0.356096 0.456093 0.193986 0.0380733 0.497074 518.548 269211 1.19765
0.512 0.35564 0.456443 0.193873 0.0380293 0.498116 518.571 269235 1.19974
0.511 0.355183 0.456795 0.19376 0.0379856 0.499166 518.595 269260 1.20185
0.51 0.354725 0.457148 0.193647 0.0379422 0.500226 518.62 269285 1.20397
0.509 0.354268 0.457504 0.193536 0.0378991 0.501295 518.646 269312 1.20611
0.508 0.35381 0.457863 0.193425 0.0378563 0.502373 518.672 269339 1.20827
0.507 0.353351 0.458225 0.193315 0.0378138 0.503461 518.699 269367 1.21045
0.506 0.352892 0.45859 0.193205 0.0377716 0.504558 518.726 269395 1.21264
0.505 0.352433 0.45896 0.193097 0.0377297 0.505664 518.755 269425 1.21485
0.504 0.351974 0.459335 0.192989 0.0376881 0.50678 518.784 269455 1.21708
0.503 0.351514 0.459715 0.192881 0.0376468 0.507905 518.813 269485 1.21932
0.502 0.351053 0.460101 0.192775 0.0376058 0.509039 518.844 269517 1.22159
0.501 0.350593 0.460493 0.192669 0.0375651 0.510183 518.875 269549 1.22387
0.5 0.350132 0.460892 0.192564 0.0375247 0.511336 518.907 269582 1.22617
0.499 0.34967 0.461298 0.192459 0.0374846 0.512499 518.939 269616 1.22848
0.498 0.349208 0.461712 0.192356 0.0374448 0.513671 518.973 269651 1.23082
0.497 0.348746 0.462134 0.192252 0.0374052 0.514853 519.007 269686 1.23317
0.496 0.348283 0.462565 0.19215 0.037366 0.516044 519.041 269722 1.23554
0.495 0.34782 0.463005 0.192048 0.0373271 0.517243 519.077 269758 1.23792
0.494 0.347357 0.463454 0.191947 0.0372885 0.518452 519.113 269796 1.24033
0.493 0.346893 0.463913 0.191847 0.0372501 0.51967 519.149 269834 1.24275
0.492 0.346428 0.464383 0.191748 0.037212 0.520897 519.187 269873 1.24519
0.491 0.345963 0.464863 0.191649 0.0371743 0.522133 519.225 269912 1.24765
0.49 0.345498 0.465355 0.19155 0.0371368 0.523377 519.263 269953 1.25012
0.489 0.345032 0.465858 0.191453 0.0370996 0.52463 519.303 269993 1.25261
0.488 0.344565 0.466372 0.191356 0.0370627 0.525891 519.343 270035 1.25511
0.487 0.344098 0.466898 0.19126 0.037026 0.527161 519.384 270077 1.25764
0.486 0.343631 0.467437 0.191164 0.0369897 0.528439 519.425 270121 1.26018
0.485 0.343163 0.467987 0.19107 0.0369536 0.529724 519.467 270164 1.26273
0.484 0.342695 0.46855 0.190975 0.0369178 0.531017 519.51 270209 1.26531
0.483 0.342225 0.469126 0.190882 0.0368823 0.532318 519.553 270254 1.26789
0.482 0.341756 0.469714 0.190789 0.0368471 0.533627 519.598 270300 1.2705
0.481 0.341286 0.470314 0.190697 0.0368121 0.534942 519.642 270346 1.27312
0.48 0.340815 0.470927 0.190606 0.0367774 0.536265 519.688 270394 1.27575
0.479 0.340343 0.471552 0.190515 0.036743 0.537595 519.734 270442 1.2784
0.478 0.339871 0.47219 0.190425 0.0367089 0.538931 519.781 270490 1.28107
0.477 0.339399 0.47284 0.190335 0.036675 0.540275 519.828 270540 1.28375
0.476 0.338925 0.473501 0.190247 0.0366414 0.541625 519.877 270590 1.28644
0.475 0.338451 0.474174 0.190159 0.0366081 0.542981 519.925 270641 1.28915
0.474 0.337977 0.474858 0.190071 0.0365751 0.544344 519.975 270692 1.29187
0.473 0.337501 0.475553 0.189985 0.0365423 0.545713 520.025 270745 1.29461
0.472 0.337025 0.476258 0.189899 0.0365098 0.547088 520.076 270798 1.29736
0.471 0.336548 0.476973 0.189813 0.0364776 0.548469 520.128 270852 1.30012
0.47 0.336071 0.477698 0.189729 0.0364457 0.549857 520.181 270906 1.3029
0.469 0.335593 0.478431 0.189645 0.0364141 0.551251 520.234 270962 1.30569
0.468 0.335114 0.479173 0.189562 0.0363828 0.552651 520.288 271018 1.3085
0.467 0.334634 0.479922 0.18948 0.0363517 0.554058 520.342 271075 1.31132
0.466 0.334154 0.480678 0.189398 0.036321 0.55547 520.398 271132 1.31415
0.465 0.333673 0.48144 0.189317 0.0362905 0.55689 520.454 271191 1.31699
0.464 0.333191 0.482208 0.189237 0.0362603 0.558316 520.511 271250 1.31985
0.463 0.332708 0.48298 0.189158 0.0362305 0.559748 520.569 271311 1.32272
0.462 0.332225 0.483756 0.189079 0.036201 0.561188 520.627 271372 1.3256
0.461 0.331741 0.484534 0.189001 0.0361717 0.562635 520.687 271434 1.3285
0.46 0.331256 0.485315 0.188924 0.0361428 0.56409 520.747 271496 1.33141
0.459 0.33077 0.486097 0.188848 0.0361143 0.565553 520.808 271560 1.33433
0.458 0.330284 0.48688 0.188773 0.036086 0.567024 520.87 271625 1.33726
0.457 0.329796 0.487661 0.188698 0.0360581 0.568504 520.933 271690 1.34021
0.456 0.329308 0.488442 0.188625 0.0360306 0.569992 520.997 271757 1.34317
0.455 0.32882 0.48922 0.188552 0.0360034 0.571491 521.061 271824 1.34615
0.454 0.32833 0.489995 0.188481 0.0359766 0.572999 521.127 271893 1.34914
0.453 0.32784 0.490766 0.18841 0.0359501 0.574517 521.194 271962 1.35214
0.452 0.327349 0.491532 0.18834 0.035924 0.576047 521.261 272032 1.35515
0.451 0.326857 0.492293 0.188271 0.0358983 0.577588 521.33 272104 1.35818
0.45 0.326364 0.493047 0.188203 0.035873 0.579141 521.399 272176 1.36123
0.449 0.325871 0.493794 0.188137 0.0358481 0.580707 521.47 272250 1.36429
0.448 0.325377 0.494534 0.188071 0.0358236 0.582286 521.541 272325 1.36736
0.447 0.324882 0.495266 0.188006 0.0357995 0.583878 521.614 272400 1.37045
0.446 0.324387 0.49599 0.187943 0.0357758 0.585485 521.687 272477 1.37356
0.445 0.32389 0.496704 0.18788 0.0357526 0.587107 521.762 272555 1.37668
0.444 0.323393 0.497409 0.187819 0.0357298 0.588744 521.838 272635 1.37982
0.443 0.322896 0.498105 0.187759 0.0357075 0.590397 521.915 272715 1.38298
0.442 0.322398 0.498791 0.1877 0.0356856 0.592067 521.993 272797 1.38615
0.441 0.321899 0.499467 0.187642 0.0356642 0.593753 522.072 272879 1.38934
0.44 0.321399 0.500135 0.187586 0.0356432 0.595457 522.153 272963 1.39255
0.439 0.320899 0.500792 0.18753 0.0356228 0.597179 522.234 273049 1.39578
0.438 0.320398 0.501441 0.187476 0.0356028 0.59892 522.317 273135 1.39903
0.437 0.319896 0.502082 0.187424 0.0355833 0.600679 522.401 273223 1.4023
0.436 0.319394 0.502715 0.187372 0.0355644 0.602457 522.486 273312 1.40559
0.435 0.318891 0.50334 0.187322 0.0355459 0.604255 522.573 273403 1.4089
0.434 0.318388 0.503959 0.187273 0.035528 0.606073 522.661 273494 1.41224
0.433 0.317883 0.504573 0.187226 0.0355106 0.60791 522.75 273588 1.41559
0.432 0.317379 0.505183 0.18718 0.0354937 0.609768 522.84 273682 1.41897
0.431 0.316874 0.50579 0.187136 0.0354774 0.611646 522.932 273778 1.42238
0.43 0.316368 0.506395 0.187093 0.0354616 0.613544 523.025 273875 1.4258
0.429 0.315861 0.507 0.187051 0.0354464 0.615463 523.119 273974 1.42926
0.428 0.315354 0.507606 0.187011 0.0354318 0.617402 523.214 274074 1.43273
0.427 0.314846 0.508215 0.186972 0.0354177 0.619362 523.311 274176 1.43624
0.426 0.314338 0.508829 0.186935 0.0354042 0.621342 523.41 274279 1.43977
0.425 0.313829 0.50945 0.186899 0.0353913 0.623342 523.51 274383 1.44332
0.424 0.313319 0.51008 0.186865 0.0353789 0.625362 523.611 274490 1.44691
0.423 0.312809 0.51072 0.186833 0.0353672 0.627403 523.714 274597 1.45052
0.422 0.312298 0.511373 0.186802 0.0353561 0.629463 523.818 274706 1.45416
0.421 0.311787 0.512041 0.186772 0.0353456 0.631542 523.923 274817 1.45783
0.42 0.311275 0.512726 0.186745 0.0353357 0.633641 524.03 274929 1.46153
0.419 0.310762 0.51343 0.186719 0.0353264 0.635759 524.139 275043 1.46525
0.418 0.310248 0.514156 0.186695 0.0353178 0.637896 524.249 275159 1.46901
0.417 0.309734 0.514905 0.186672 0.0353098 0.640051 524.361 275276 1.4728
0.416 0.309219 0.51568 0.186651 0.0353025 0.642225 524.474 275395 1.47661
0.415 0.308703 0.516483 0.186632 0.0352958 0.644417 524.589 275516 1.48046
0.414 0.308186 0.517315 0.186615 0.0352898 0.646626 524.706 275638 1.48433
0.413 0.307669 0.518179 0.186599 0.0352845 0.648854 524.824 275763 1.48824
0.412 0.30715 0.519077 0.186586 0.03528 0.6511 524.944 275889 1.49218
0.411 0.306631 0.52001 0.186574 0.0352761 0.653363 525.066 276017 1.49615
0.41 0.306111 0.520981 0.186564 0.0352729 0.655644 525.189 276146 1.50015
0.409 0.305589 0.521989 0.186556 0.0352705 0.657942 525.314 276278 1.50418
0.408 0.305067 0.523038 0.186551 0.0352688 0.660259 525.441 276412 1.50824
0.407 0.304543 0.524127 0.186547 0.0352678 0.662593 525.57 276548 1.51234
0.406 0.304019 0.525259 0.186545 0.0352677 0.664946 525.701 276685 1.51646
0.405 0.303493 0.526433 0.186545 0.0352684 0.667318 525.834 276825 1.52062
0.404 0.302966 0.52765 0.186548 0.0352698 0.669709 525.969 276967 1.52481
0.403 0.302438 0.528911 0.186553 0.0352721 0.672119 526.106 277111 1.52903
0.402 0.301909 0.530216 0.18656 0.0352752 0.674549 526.245 277258 1.53328
0.401 0.301378 0.531565 0.186569 0.0352792 0.677001 526.386 277407 1.53757
0.4 0.300846 0.532957 0.18658 0.0352841 0.679474 526.529 277558 1.54189
0.399 0.300312 0.534392 0.186594 0.0352899 0.681969 526.675 277711 1.54624
0.398 0.299777 0.535869 0.186611 0.0352966 0.684488 526.822 277867 1.55062
0.397 0.299241 0.537387 0.18663 0.0353043 0.687031 526.972 278025 1.55503
0.396 0.298703 0.538944 0.186652 0.0353129 0.6896 527.125 278186 1.55948
0.395 0.298163 0.54054 0.186676 0.0353225 0.692195 527.28 278350 1.56396
0.394 0.297622 0.542173 0.186703 0.0353331 0.694818 527.437 278516 1.56848
0.393 0.297079 0.54384 0.186732 0.0353448 0.69747 527.597 278685 1.57303
0.392 0.296535 0.54554 0.186765 0.0353575 0.700153 527.76 278857 1.57761
0.391 0.295989 0.54727 0.1868 0.0353714 0.702866 527.925 279031 1.58223
0.39 0.295441 0.549027 0.186838 0.0353863 0.705613 528.093 279209 1.58689
0.389 0.294891 0.550811 0.186879 0.0354024 0.708395 528.263 279389 1.59158
0.388 0.294339 0.552616 0.186924 0.0354196 0.711212 528.436 279572 1.59631
0.387 0.293786 0.554442 0.186971 0.035438 0.714066 528.612 279759 1.60108
0.386 0.293231 0.556284 0.187022 0.0354576 0.716959 528.791 279948 1.60588
0.385 0.292674 0.558141 0.187076 0.0354785 0.719892 528.973 280141 1.61073
0.384 0.292115 0.560009 0.187133 0.0355006 0.722866 529.158 280337 1.61562
0.383 0.291554 0.561886 0.187193 0.035524 0.725883 529.346 280536 1.62055
0.382 0.290991 0.563768 0.187257 0.0355487 0.728945 529.537 280738 1.62552
0.381 0.290427 0.565654 0.187325 0.0355747 0.732051 529.731 280944 1.63054
0.38 0.28986 0.56754 0.187396 0.0356021 0.735203 529.928 281153 1.6356
0.379 0.289292 0.569424 0.18747 0.0356309 0.738404 530.128 281365 1.64071
0.378 0.288722 0.571304 0.187548 0.0356611 0.741653 530.331 281581 1.64587
0.377 0.28815 0.573179 0.18763 0.0356927 0.744951 530.538 281801 1.65108
0.376 0.287576 0.575046 0.187716 0.0357257 0.7483 530.748 282024 1.65634
0.375 0.287 0.576904 0.187805 0.0357602 0.751701 530.961 282251 1.66166
0.374 0.286423 0.578753 0.187899 0.0357962 0.755154 531.178 282481 1.66703
0.373 0.285843 0.580591 0.187996 0.0358337 0.75866 531.397 282715 1.67246
0.372 0.285262 0.582417 0.188097 0.0358727 0.762219 531.621 282952 1.67795
0.371 0.284679 0.584233 0.188202 0.0359133 0.765833 531.847 283194 1.68351
0.37 0.284094 0.586039 0.188311 0.0359555 0.769501 532.077 283439 1.68913
0.369 0.283507 0.587834 0.188425 0.0359992 0.773225 532.311 283688 1.69482
0.368 0.282919 0.589621 0.188542 0.0360446 0.777004 532.548 283940 1.70058
0.367 0.282328 0.5914 0.188664 0.0360915 0.78084 532.788 284197 1.70642
0.366 0.281736 0.593174 0.18879 0.0361402 0.784732 533.032 284457 1.71233
0.365 0.281142 0.594944 0.18892 0.0361904 0.788682 533.28 284722 1.71833
0.364 0.280547 0.596713 0.189054 0.0362424 0.792689 533.531 284990 1.7244
0.363 0.279949 0.598484 0.189193 0.0362961 0.796754 533.786 285263 1.73057
0.362 0.27935 0.600259 0.189336 0.0363515 0.800878 534.044 285539 1.73683
0.361 0.278749 0.602042 0.189484 0.0364087 0.80506 534.307 285820 1.74318
0.36 0.278147 0.603836 0.189636 0.0364677 0.809303 534.573 286105 1.74963
0.359 0.277542 0.605643 0.189793 0.0365284 0.813607 534.842 286393 1.75619
0.358 0.276936 0.607469 0.189954 0.036591 0.817972 535.116 286687 1.76285
0.357 0.276328 0.609315 0.19012 0.0366554 0.822399 535.393 286984 1.76962
0.356 0.275718 0.611186 0.190291 0.0367217 0.826891 535.675 287286 1.77651
0.355 0.275106 0.613085 0.190467 0.03679 0.831448 535.96 287593 1.78351
0.354 0.274492 0.615015 0.190647 0.0368601 0.836071 536.25 287904 1.79064
0.353 0.273876 0.616978 0.190832 0.0369323 0.840763 536.543 288219 1.79789
0.352 0.273258 0.618979 0.191023 0.0370064 0.845526 536.841 288539 1.80528
0.351 0.272639 0.621019 0.191218 0.0370827 0.850361 537.143 288864 1.8128
0.35 0.272017 0.623101 0.191419 0.037161 0.855272 537.449 289194 1.82046
0.349 0.271393 0.625227 0.191625 0.0372414 0.860261 537.76 289529 1.82826
0.348 0.270767 0.627399 0.191837 0.0373241 0.86533 538.075 289868 1.83622
0.347 0.270139 0.629619 0.192054 0.037409 0.870484 538.394 290213 1.84432
0.346 0.269508 0.631888 0.192276 0.0374961 0.875724 538.718 290563 1.85258
0.345 0.268876 0.634208 0.192504 0.0375856 0.881057 539.047 290918 1.861
0.344 0.26824 0.636579 0.192738 0.0376775 0.886484 539.381 291279 1.86959
0.343 0.267603 0.639003 0.192978 0.0377718 0.892011 539.719 291645 1.87835
0.342 0.266963 0.641481 0.193225 0.0378687 0.897643 540.063 292016 1.88728
0.341 0.266321 0.644013 0.193477 0.0379681 0.903383 540.411 292394 1.89639
0.34 0.265676 0.6466 0.193736 0.0380702 0.909237 540.765 292777 1.90569
0.339 0.265028 0.649243 0.194001 0.0381751 0.915211 541.124 293166 1.91517
0.338 0.264378 0.651944 0.194273 0.0382827 0.92131 541.488 293561 1.92485
0.337 0.263725 0.654702 0.194552 0.0383932 0.92754 541.858 293963 1.93474
0.336 0.263069 0.657521 0.194838 0.0385067 0.933907 542.233 294371 1.94483
0.335 0.262411 0.660401 0.195131 0.0386232 0.940416 542.614 294785 1.95513
0.334 0.261749 0.663344 0.195432 0.0387429 0.947076 543.001 295206 1.96566
0.333 0.261085 0.666354 0.195741 0.0388659 0.953892 543.394 295634 1.97641
0.332 0.260418 0.669433 0.196057 0.0389922 0.960871 543.792 296069 1.98739
0.331 0.259747 0.672585 0.196381 0.0391219 0.96802 544.198 296511 1.99862
0.33 0.259073 0.675813 0.196714 0.0392552 0.975346 544.609 296960 2.0101
0.329 0.258396 0.679121 0.197055 0.0393922 0.982855 545.027 297417 2.02183
0.328 0.257716 0.682515 0.197406 0.039533 0.990556 545.452 297882 2.03383
0.327 0.257032 0.685999 0.197765 0.0396777 0.998455 545.884 298355 2.04611
0.326 0.256345 0.68958 0.198133 0.0398265 1.00656 546.323 298835 2.05867
0.325 0.255654 0.693262 0.198512 0.0399795 1.01488 546.769 299325 2.07153
0.324 0.25496 0.697053 0.1989 0.0401367 1.02341 547.223 299822 2.08468
0.323 0.254261 0.700958 0.199298 0.0402985 1.03217 547.684 300329 2.09815
0.322 0.253559 0.704985 0.199707 0.0404649 1.04116 548.154 300845 2.11194
0.321 0.252852 0.709139 0.200127 0.040636 1.05039 548.631 301370 2.12605
0.32 0.252141 0.713429 0.200558 0.0408121 1.05987 549.117 301906 2.1405
0.319 0.251426 0.71786 0.201 0.0409933 1.06959 549.612 302451 2.1553
0.318 0.250706 0.722439 0.201454 0.0411798 1.07957 550.115 303006 2.17044
0.317 0.249982 0.727173 0.201921 0.0413717 1.0898 550.628 303573 2.18594
0.316 0.249253 0.732067 0.2024 0.0415693 1.1003 551.15 304150 2.20181
0.315 0.248519 0.737128 0.202892 0.0417727 1.11107 551.683 304739 2.21804
0.314 0.247779 0.74236 0.203397 0.0419821 1.12211 552.225 305340 2.23464
0.313 0.247035 0.747769 0.203916 0.0421977 1.13343 552.778 305953 2.25162
0.312 0.246284 0.753359 0.204449 0.0424197 1.14503 553.341 306578 2.26898
0.311 0.245528 0.759133 0.204997 0.0426483 1.15691 553.916 307217 2.28671
0.31 0.244766 0.765096 0.205559 0.0428837 1.16908 554.502 307869 2.30483
0.309 0.243998 0.77125 0.206137 0.0431262 1.18154 555.1 308535 2.32333
0.308 0.243224 0.777596 0.20673 0.043376 1.19429 555.71 309215 2.34222
0.307 0.242443 0.784138 0.20734 0.0436333 1.20735 556.333 309910 2.36149
0.306 0.241656 0.790877 0.207966 0.0438983 1.22072 556.969 310620 2.38116
0.305 0.240862 0.797813 0.208609 0.0441713 1.23441 557.618 311346 2.40122
0.304 0.24006 0.804947 0.209269 0.0444526 1.24843 558.28 312088 2.42168
0.303 0.239251 0.812281 0.209948 0.0447424 1.26278 558.957 312846 2.44254
0.302 0.238435 0.819814 0.210645 0.045041 1.27749 559.648 313622 2.46383
0.301 0.237611 0.827549 0.21136 0.0453487 1.29257 560.354 314416 2.48553
0.3 0.23678 0.835486 0.212096 0.0456658 1.30803 561.075 315227 2.50769
0.299 0.23594 0.843628 0.212851 0.0459927 1.3239 561.812 316057 2.53031
0.298 0.235092 0.851977 0.213626 0.0463296 1.34021 562.565 316907 2.55341
0.297 0.234235 0.860538 0.214423 0.046677 1.35697 563.334 317776 2.57702
0.296 0.23337 0.869315 0.215242 0.0470352 1.37423 564.12 318666 2.60118
0.295 0.232496 0.878316 0.216083 0.0474046 1.392 564.924 319576 2.62593
0.294 0.231612 0.887548 0.216947 0.0477857 1.41033 565.745 320509 2.65129
0.293 0.23072 0.897022 0.217835 0.048179 1.42926 566.585 321463 2.67732
0.292 0.229817 0.906751 0.218747 0.0485849 1.44883 567.444 322440 2.70406
0.291 0.228905 0.916749 0.219686 0.049004 1.46907 568.322 323441 2.73157
0.29 0.227983 0.927032 0.220651 0.0494369 1.49003 569.22 324467 2.75991
0.289 0.22705 0.937621 0.221643 0.0498842 1.51177 570.139 325518 2.78913
0.288 0.226107 0.948536 0.222664 0.0503464 1.53431 571.079 326595 2.8193
0.287 0.225152 0.959804 0.223715 0.0508245 1.55772 572.041 327699 2.85048
0.286 0.224186 0.97145 0.224796 0.051319 1.58205 573.027 328832 2.88275
0.285 0.223208 0.983505 0.22591 0.0518308 1.60734 574.035 329994 2.91617
0.284 0.222218 0.996001 0.227058 0.0523607 1.63366 575.069 331186 2.95083
0.283 0.221215 1.00898 0.22824 0.0529098 1.66105 576.128 332410 2.98681
0.282 0.220199 1.02247 0.22946 0.0534789 1.68958 577.213 333668 3.02419
0.281 0.219169 1.03653 0.230717 0.0540692 1.71932 578.327 334960 3.06308
0.28 0.218125 1.05119 0.232015 0.0546818 1.75034 579.469 336288 3.10357
0.279 0.217066 1.06653 0.233355 0.0553179 1.78273 580.642 337654 3.1458
0.278 0.215991 1.08259 0.234738 0.0559789 1.81658 581.846 339061 3.18989
0.277 0.214899 1.09946 0.236169 0.0566663 1.85201 583.084 340510 3.23601
0.276 0.213791 1.11721 0.237648 0.0573816 1.88915 584.357 342003 3.28434
0.275 0.212664 1.13593 0.239178 0.0581267 1.92815 585.667 343543 3.33508
0.274 0.211518 1.15574 0.240763 0.0589036 1.96919 587.016 345133 3.38848
0.273 0.210352 1.17675 0.242406 0.0597143 2.01248 588.406 346776 3.44482
0.272 0.209163 1.19911 0.244109 0.0605613 2.05826 589.841 348475 3.50442
0.271 0.207952 1.22299 0.245878 0.0614473 2.10681 591.323 350234 3.56767
0.27 0.206716 1.24858 0.247717 0.0623753 2.15847 592.854 352058 3.63498
0.269 0.205454 1.27608 0.249629 0.0633486 2.2136 594.44 353952 3.70685
0.268 0.204163 1.30575 0.251622 0.0643712 2.27263 596.083 355920 3.78382
0.267 0.202841 1.33786 0.253702 0.0654473 2.33606 597.789 357969 3.86652
0.266 0.201486 1.37275 0.255874 0.0665819 2.40443 599.562 360105 3.95565
0.265 0.200094 1.41076 0.258148 0.0677805 2.47841 601.408 362337 4.05202
0.264 0.198662 1.45234 0.260532 0.0690494 2.55872 603.333 364673 4.15653
0.263 0.197187 1.49797 0.263036 0.070396 2.64625 605.346 367123 4.27025
0.262 0.195664 1.54824 0.265672 0.0718288 2.74201 607.453 369699 4.39441
0.261 0.194088 1.60385 0.268453 0.0733574 2.84724 609.666 372413 4.5305
0.26 0.192454 1.66569 0.271396 0.0749934 2.96348 611.994 375281 4.68036
0.259 0.190754 1.73487 0.274517 0.0767504 3.09262 614.45 378320 4.84625
0.258 0.188981 1.81283 0.27784 0.0786448 3.23714 617.05 381552 5.03116
0.257 0.187124 1.9015 0.281388 0.0806966 3.40029 619.813 385003 5.23898
0.256 0.185173 2.00353 0.285196 0.0829307 3.58647 622.76 388703 5.47507
0.255 0.183111 2.12271 0.289302 0.085379 3.80184 625.92 392693 5.74691
0.254 0.180919 2.26462 0.29376 0.0880835 4.05535 629.33 397026 6.06541
0.253 0.178571 2.43795 0.29864 0.0911011 4.36058 633.039 401771 6.44715
0.252 0.176027 2.65719 0.30404 0.0945136 4.73953 637.115 407027 6.91901
0.251 0.173232 2.94881 0.310107 0.0984458 5.231 641.663 412944 7.52831
0.25 0.170087 3.36756 0.317082 0.103107 5.91171 646.849 419767 8.36815
0.249 0.166412 4.04515 0.325409 0.108898 6.95589 652.984 427956 9.64827
0.248 0.161794 5.35121 0.336052 0.116729 8.82158 660.734 438521 11.911
0.247 0.155136 8.44958 0.35149 0.129055 12.8494 671.81 454098 16.6936
0.246 0.143154 16.9404 0.378827 0.153261 22.833 691.077 482354 28.0428
0.245 0.11706 37.6448 0.436194 0.209263 44.6644 730.847 543180 50.4991
0.244 0.0668272 59.3902 0.541768 0.320123 62.8189 803.147 657442 63.2553
0.243 0.011388 45.8171 0.652327 0.443511 42.6194 878.09 779245 38.4418
0.242 -0.0223189 23.4861 0.714446 0.518079 18.1977 919.658 849165 15.2481
0.241 -0.0399909 13.5323 0.743444 0.556268 8.50681 938.711 882709 6.76588
0.24 -0.0514418 9.93066 0.760269 0.580247 5.3694 949.568 902620 4.12956
0.239 -0.060492 8.34312 0.772655 0.598708 4.12623 957.464 917451 3.11366
0.238 -0.0683401 7.41834 0.782925 0.6144 3.45517 963.962 929814 2.57657
0.237 -0.0754194 6.77269 0.791884 0.628318 3.00739 969.598 940632 2.22398
0.236 -0.0819365 6.28173 0.799903 0.640941 2.67582 974.619 950334 1.96639
0.235 -0.0880171 5.89373 0.807199 0.652557 2.41772 979.167 959176 1.76815
0.234 -0.0937487 5.58022 0.813921 0.663366 2.21085 983.343 967333 1.61083
0.233 -0.0991956 5.32163 0.820177 0.673517 2.04106 987.215 974934 1.4829
0.232 -0.104405 5.10282 0.826045 0.683116 1.89836 990.835 982070 1.37639
0.231 -0.10941 4.91185 0.831582 0.69224 1.77541 994.242 988811 1.28551
0.23 -0.114234 4.73967 0.836827 0.700945 1.66692 997.461 995205 1.20608
0.229 -0.118893 4.57994 0.84181 0.709268 1.56923 1000.51 1.00128e+06 1.13516
0.228 -0.123397 4.42879 0.846551 0.717234 1.47998 1003.41 1.00707e+06 1.07083
0.227 -0.127753 4.2844 0.851065 0.724863 1.39777 1006.16 1.01259e+06 1.01189
0.226 -0.131968 4.14638 0.855368 0.732173 1.32182 1008.78 1.01785e+06 0.957719
0.225 -0.136048 4.01532 0.859472 0.739181 1.25174 1011.27 1.02287e+06 0.908013
0.224 -0.140001 3.8922 0.863391 0.745905 1.1873 1013.64 1.02766e+06 0.862661
0.223 -0.143836 3.77806 0.867137 0.752364 1.1283 1015.9 1.03224e+06 0.821605
0.222 -0.147561 3.67371 0.870727 0.758579 1.07451 1018.06 1.03663e+06 0.784756
0.221 -0.151188 3.5796 0.874172 0.764571 1.02566 1020.13 1.04084e+06 0.751944
0.22 -0.154725 3.4957 0.877489 0.770361 0.981377 1022.12 1.0449e+06 0.722898
0.219 -0.158183 3.42154 0.880689 0.775971 0.941247 1024.04 1.04882e+06 0.697251
0.218 -0.161572 3.35616 0.883785 0.781418 0.904804 1025.9 1.05261e+06 0.67456
0.217 -0.164899 3.29827 0.886787 0.786719 0.87155 1027.69 1.0563e+06 0.654335
0.216 -0.168171 3.24631 0.889704 0.791889 0.840977 1029.44 1.05989e+06 0.636082
0.215 -0.171394 3.19863 0.892544 0.796938 0.812588 1031.14 1.06339e+06 0.619333
0.214 -0.17457 3.15367 0.895311 0.801874 0.785926 1032.8 1.06681e+06 0.603683
0.213 -0.177702 3.11011 0.89801 0.806703 0.760603 1034.42 1.07015e+06 0.588813
0.212 -0.180791 3.06701 0.900643 0.811428 0.736317 1036 1.07342e+06 0.574501
0.211 -0.183836 3.02385 0.903211 0.816051 0.712861 1037.54 1.0766e+06 0.560617
0.21 -0.186838 2.98052 0.905716 0.820573 0.69012 1039.04 1.07972e+06 0.547112
0.209 -0.189797 2.93721 0.908158 0.824994 0.668052 1040.5 1.08276e+06 0.533998
0.208 -0.192713 2.8943 0.910539 0.829316 0.646674 1041.93 1.08573e+06 0.521325
0.207 -0.195586 2.85223 0.912861 0.83354 0.62603 1043.32 1.08863e+06 0.50916
0.206 -0.198418 2.81141 0.915125 0.83767 0.606176 1044.68 1.09146e+06 0.497576
0.205 -0.201209 2.77218 0.917333 0.841708 0.587158 1046.01 1.09424e+06 0.486635
0.204 -0.203963 2.73473 0.919488 0.84566 0.568999 1047.31 1.09695e+06 0.476383
0.203 -0.20668 2.69909 0.921593 0.849528 0.55169 1048.57 1.09961e+06 0.466841
0.202 -0.209363 2.66517 0.92365 0.853317 0.535183 1049.82 1.10221e+06 0.458003
0.201 -0.212013 2.63271 0.925662 0.857031 0.519397 1051.03 1.10476e+06 0.449832
0.2 -0.214631 2.60134 0.92763 0.860672 0.504222 1052.23 1.10727e+06 0.442263
0.199 -0.217218 2.57058 0.929555 0.864242 0.489534 1053.39 1.10973e+06 0.435216
0.198 -0.219774 2.53993 0.931439 0.867742 0.47521 1054.54 1.11214e+06 0.428598
0.197 -0.2223 2.5089 0.933281 0.871172 0.461147 1055.66 1.11451e+06 0.422327
0.196 -0.224795 2.47711 0.935082 0.874531 0.447272 1056.76 1.11683e+06 0.416336
0.195 -0.227257 2.44433 0.93684 0.877817 0.433558 1057.83 1.1191e+06 0.410583
0.194 -0.229687 2.4105 0.938556 0.881029 0.420017 1058.88 1.12132e+06 0.405055
0.193 -0.232082 2.37578 0.940228 0.884165 0.406702 1059.91 1.12349e+06 0.399759
0.192 -0.234442 2.34048 0.941857 0.887226 0.393689 1060.91 1.12561e+06 0.394717
0.191 -0.236766 2.30504 0.943443 0.890211 0.381071 1061.88 1.12767e+06 0.389954
0.19 -0.239056 2.27002 0.944987 0.893122 0.368938 1062.83 1.12969e+06 0.385492
0.189 -0.24131 2.23602 0.94649 0.89596 0.357364 1063.76 1.13167e+06 0.381339
0.188 -0.243531 2.20362 0.947953 0.898729 0.346404 1064.67 1.1336e+06 0.377489
0.187 -0.245721 2.17336 0.94938 0.901432 0.33608 1065.56 1.13548e+06 0.373915
0.186 -0.247881 2.14565 0.950772 0.904073 0.326384 1066.42 1.13733e+06 0.370572
0.185 -0.250014 2.1207 0.952132 0.906657 0.317279 1067.27 1.13915e+06 0.367396
0.184 -0.252124 2.09852 0.953461 0.909187 0.308703 1068.11 1.14092e+06 0.364308
0.183 -0.254213 2.07886 0.954763 0.911668 0.300575 1068.93 1.14267e+06 0.36122
0.182 -0.256282 2.06129 0.956039 0.914102 0.292807 1069.73 1.14439e+06 0.358042
0.181 -0.258335 2.04521 0.957289 0.916492 0.285309 1070.52 1.14608e+06 0.354693
0.18 -0.260371 2.02997 0.958515 0.918838 0.277999 1071.3 1.14775e+06 0.351107
0.179 -0.262392 2.01497 0.959717 0.921142 0.270806 1072.06 1.14939e+06 0.347243
0.178 -0.264399 1.99971 0.960896 0.923403 0.263678 1072.82 1.151e+06 0.343088
0.177 -0.266389 1.98385 0.962051 0.925621 0.25658 1073.56 1.15259e+06 0.338654
0.176 -0.268364 1.96722 0.963182 0.927796 0.249496 1074.28 1.15415e+06 0.333976
0.175 -0.270321 1.94979 0.964289 0.929926 0.24243 1075 1.15569e+06 0.329099
0.174 -0.272261 1.93161 0.965371 0.932012 0.235399 1075.71 1.1572e+06 0.324079
0.173 -0.274183 1.91283 0.966428 0.934052 0.228432 1076.4 1.1587e+06 0.318969
0.172 -0.276086 1.89359 0.967462 0.936048 0.221566 1077.08 1.16017e+06 0.313817
0.171 -0.27797 1.87407 0.968471 0.937999 0.214835 1077.76 1.16162e+06 0.308669
0.17 -0.279835 1.85447 0.969456 0.939906 0.208272 1078.42 1.16304e+06 0.303574
0.169 -0.281681 1.835 0.970418 0.94177 0.201898 1079.07 1.16445e+06 0.29858
0.168 -0.283507 1.81582 0.971357 0.943592 0.195723 1079.72 1.16584e+06 0.293751
0.167 -0.285314 1.79703 0.972274 0.945372 0.189747 1080.35 1.16721e+06 0.289158
0.166 -0.287103 1.77864 0.97317 0.947113 0.183957 1080.98 1.16856e+06 0.284889
0.165 -0.288874 1.76051 0.974045 0.948815 0.178332 1081.59 1.16989e+06 0.281038
0.164 -0.290626 1.74241 0.9749 0.950478 0.17285 1082.19 1.17119e+06 0.277697
0.163 -0.29236 1.72407 0.975734 0.952103 0.167491 1082.79 1.17248e+06 0.274951
0.162 -0.294075 1.70529 0.976547 0.95369 0.162239 1083.37 1.17374e+06 0.272861
0.161 -0.295771 1.68599 0.977341 0.955239 0.157087 1083.94 1.17497e+06 0.271458
0.16 -0.297447 1.66635 0.978113 0.956748 0.152036 1084.5 1.17618e+06 0.270738
0.159 -0.299103 1.64671 0.978866 0.958219 0.147098 1085.04 1.17737e+06 0.270659
0.158 -0.300739 1.6276 0.979598 0.959651 0.142288 1085.58 1.17853e+06 0.271144
0.157 -0.302357 1.60961 0.98031 0.961045 0.137627 1086.1 1.17966e+06 0.272085
0.156 -0.303957 1.59323 0.981003 0.962402 0.133131 1086.61 1.18077e+06 0.273349
0.155 -0.305542 1.57882 0.981677 0.963724 0.128812 1087.12 1.18187e+06 0.274787
0.154 -0.307113 1.56645 0.982334 0.965013 0.124673 1087.61 1.18294e+06 0.276236
0.153 -0.308673 1.55598 0.982974 0.96627 0.120705 1088.1 1.18401e+06 0.277527
0.152 -0.310223 1.54702 0.983598 0.967497 0.116888 1088.58 1.18506e+06 0.278494
0.151 -0.311765 1.53903 0.984208 0.968695 0.113193 1089.06 1.18611e+06 0.278988
0.15 -0.313299 1.53143 0.984802 0.969864 0.109586 1089.54 1.18715e+06 0.278885
0.149 -0.314826 1.52368 0.985382 0.971006 0.106032 1090.02 1.18818e+06 0.278105
0.148 -0.316345 1.5154 0.985947 0.972119 0.102504 1090.49 1.1892e+06 0.276625
0.147 -0.317855 1.50637 0.986497 0.973202 0.0989878 1090.95 1.19022e+06 0.274481
0.146 -0.319356 1.49659 0.987032 0.974256 0.0954798 1091.41 1.19123e+06 0.271778
0.145 -0.320847 1.48623 0.987551 0.97528 0.0919915 1091.87 1.19222e+06 0.26867
0.144 -0.322329 1.47553 0.988055 0.976274 0.0885433 1092.32 1.1932e+06 0.265353
0.143 -0.323799 1.46472 0.988543 0.977239 0.0851597 1092.76 1.19416e+06 0.262039
0.142 -0.32526 1.45394 0.989017 0.978176 0.0818632 1093.19 1.19511e+06 0.258935
0.141 -0.32671 1.44318 0.989478 0.979086 0.0786696 1093.61 1.19603e+06 0.256221
0.14 -0.32815 1.43228 0.989926 0.979971 0.0755857 1094.03 1.19694e+06 0.254027
0.139 -0.329579 1.42098 0.990361 0.980833 0.0726106 1094.44 1.19783e+06 0.252422
0.138 -0.330998 1.40899 0.990786 0.981673 0.0697391 1094.83 1.1987e+06 0.251398
0.137 -0.332405 1.39611 0.991199 0.982491 0.066965 1095.22 1.19955e+06 0.250867
0.136 -0.333799 1.38228 0.9916 0.983286 0.0642852 1095.61 1.2004e+06 0.250661
0.135 -0.335179 1.36763 0.99199 0.984058 0.0617006 1095.99 1.20123e+06 0.250553
0.134 -0.336544 1.35246 0.992366 0.984805 0.0592147 1096.36 1.20205e+06 0.250279
0.133 -0.337895 1.33718 0.99273 0.985526 0.0568319 1096.73 1.20286e+06 0.249583
0.132 -0.33923 1.32225 0.99308 0.98622 0.054554 1097.1 1.20366e+06 0.248261
0.131 -0.340551 1.30812 0.993415 0.986886 0.05238 1097.46 1.20445e+06 0.246208
0.13 -0.341858 1.29515 0.993737 0.987525 0.0503058 1097.81 1.20523e+06 0.243442
0.129 -0.343152 1.28357 0.994045 0.988136 0.0483265 1098.17 1.206e+06 0.24011
0.128 -0.344434 1.2735 0.99434 0.988722 0.046437 1098.51 1.20676e+06 0.236461
0.127 -0.345707 1.26489 0.994622 0.989283 0.0446329 1098.85 1.20751e+06 0.232803
0.126 -0.346971 1.25755 0.994893 0.989822 0.0429083 1099.19 1.20824e+06 0.229437
0.125 -0.348228 1.25113 0.995154 0.99034 0.0412548 1099.51 1.20896e+06 0.226603
0.124 -0.349477 1.24518 0.995405 0.990839 0.0396594 1099.84 1.20967e+06 0.224441
0.123 -0.35072 1.23918 0.995647 0.991321 0.0381064 1100.16 1.21037e+06 0.222978
0.122 -0.351956 1.23261 0.99588 0.991785 0.0365812 1100.47 1.21106e+06 0.222153
0.121 -0.353184 1.22512 0.996105 0.992232 0.0350751 1100.78 1.21174e+06 0.221856
0.12 -0.354405 1.21657 0.996321 0.992662 0.0335889 1101.08 1.21241e+06 0.221979
0.119 -0.355616 1.20711 0.996528 0.993074 0.0321323 1101.38 1.21307e+06 0.222446
0.118 -0.356819 1.19719 0.996726 0.99347 0.030719 1101.67 1.21372e+06 0.223233
0.117 -0.358012 1.18747 0.996916 0.993848 0.0293572 1101.97 1.21436e+06 0.224345
0.116 -0.359197 1.17864 0.997098 0.994209 0.0280415 1102.25 1.21499e+06 0.225789
0.115 -0.360375 1.17128 0.997271 0.994555 0.0267491 1102.54 1.21562e+06 0.227537
0.114 -0.361547 1.16567 0.997437 0.994886 0.0254437 1102.82 1.21625e+06 0.229511
0.113 -0.362715 1.1617 0.997596 0.995203 0.0240866 1103.11 1.21687e+06 0.231585
0.112 -0.36388 1.15893 0.997748 0.995506 0.022652 1103.39 1.2175e+06 0.233613
0.111 -0.365043 1.15667 0.997893 0.995795 0.0211395 1103.67 1.21813e+06 0.235469
0.11 -0.366202 1.15423 0.998032 0.996072 0.0195791 1103.96 1.21876e+06 0.237077
0.109 -0.367357 1.15118 0.998164 0.996336 0.0180252 1104.25 1.21939e+06 0.238423
0.108 -0.368508 1.14753 0.99829 0.996587 0.0165414 1104.53 1.22001e+06 0.239538
0.107 -0.369654 1.1438 0.99841 0.996825 0.0151818 1104.81 1.22064e+06 0.240465
0.106 -0.370796 1.14093 0.998523 0.997051 0.0139754 1105.09 1.22125e+06 0.241211
0.105 -0.371935 1.13995 0.998631 0.997267 0.0129195 1105.37 1.22186e+06 0.241722
0.104 -0.373075 1.14155 0.998734 0.997472 0.011983 1105.64 1.22247e+06 0.241882
0.103 -0.374218 1.1456 0.998832 0.997667 0.0111188 1105.91 1.22307e+06 0.241545
0.102 -0.375365 1.15086 0.998924 0.997852 0.0102788 1106.18 1.22367e+06 0.240585
0.101 -0.376518 1.15497 0.999012 0.998027 0.00942822 1106.45 1.22427e+06 0.23895
