0 -0.855 -inf 1 1 -nan 1339.56 1.79442e+06 inf
0.01 -0.845001 0.98969 1 1 0 1338.75 1.79224e+06 0.0829886
0.02 -0.834995 1.00475 1 1 0 1337.94 1.7901e+06 0.0849301
0.03 -0.824964 0.992123 1 1 0 1337.12 1.78789e+06 0.0851251
0.04 -0.814915 1.00429 1 1 0 1336.34 1.7858e+06 0.0846517
0.05 -0.804897 1.02451 1 1 0 1335.53 1.78364e+06 0.0829785
0.06 -0.79484 1.01015 1 1 0 1334.68 1.78137e+06 0.0829982
0.07 -0.78478 1.02677 1 1 0 1333.89 1.77927e+06 0.0840881
0.08 -0.774699 1.01061 1 1 0 1333.06 1.77707e+06 0.08244
0.09 -0.764598 1.00992 1 1 1.92882e-06 1332.25 1.7749e+06 0.0837388
0.1 -0.754481 1.00336 0.999999 0.999998 9.54336e-06 1331.48 1.77286e+06 0.0832943
0.11 -0.744425 0.990646 0.999998 0.999995 2.2065e-05 1330.61 1.77054e+06 0.0849211
0.12 -0.734335 1.02093 0.999994 0.999987 5.3332e-05 1329.81 1.76841e+06 0.0843563
0.13 -0.72408 1.01899 0.999976 0.999953 0.000182474 1328.99 1.76623e+06 0.0841077
0.14 -0.713861 1.035 0.999947 0.999893 0.000376381 1328.16 1.76404e+06 0.0844571
0.15 -0.703623 1.02939 0.999887 0.999774 0.00074327 1327.38 1.76195e+06 0.0846515
0.16 -0.693514 1.04018 0.999785 0.999571 0.00133503 1326.56 1.75977e+06 0.0843651
0.17 -0.682947 1.04367 0.999615 0.999231 0.00224825 1325.65 1.75737e+06 0.084041
0.18 -0.672215 1.07045 0.999368 0.998738 0.00352035 1324.71 1.75487e+06 0.0867122
0.19 -0.661471 1.0684 0.998999 0.998001 0.0053724 1323.84 1.75258e+06 0.0858826
0.2 -0.65027 1.14035 0.998471 0.996947 0.00775319 1322.8 1.74982e+06 0.0839003
0.21 -0.639071 1.13796 0.997745 0.995498 0.0107421 1321.8 1.74718e+06 0.0864192
0.22 -0.62751 1.19374 0.996857 0.993728 0.0143497 1320.74 1.74437e+06 0.0862933
0.23 -0.615428 1.22219 0.995725 0.991476 0.0190276 1319.64 1.74148e+06 0.0871479
0.24 -0.602905 1.26786 0.994249 0.98854 0.0246895 1318.37 1.73812e+06 0.087808
0.25 -0.589872 1.34248 0.992474 0.985018 0.0312385 1317.03 1.73459e+06 0.088772
0.26 -0.576203 1.39584 0.990278 0.980669 0.0396131 1315.58 1.73079e+06 0.09096
0.27 -0.561857 1.47684 0.987798 0.975767 0.0480989 1313.99 1.72659e+06 0.09259
0.28 -0.547104 1.53417 0.984788 0.969837 0.0591526 1312.34 1.72228e+06 0.0965726
0.29 -0.531048 1.65393 0.981298 0.962982 0.0711719 1310.36 1.71709e+06 0.0966565
0.3 -0.514272 1.69959 0.977207 0.954977 0.0831482 1308.26 1.71159e+06 0.101163
0.31 -0.496757 1.82035 0.972436 0.945688 0.103652 1305.92 1.70546e+06 0.10382
0.32 -0.478363 1.87129 0.96725 0.935638 0.117212 1303.47 1.69908e+06 0.107034
0.33 -0.458345 2.0814 0.961117 0.923827 0.141303 1300.52 1.69139e+06 0.110754
0.34 -0.436474 2.20346 0.953701 0.909647 0.171865 1297 1.68226e+06 0.120202
0.35 -0.414267 2.35328 0.945812 0.894683 0.20127 1293.42 1.67301e+06 0.131476
0.36 -0.38838 2.73572 0.935704 0.875708 0.265728 1288.62 1.6606e+06 0.153592
0.37 -0.360192 2.9543 0.923979 0.853944 0.322868 1283.11 1.64644e+06 0.176242
0.38 -0.327561 3.7217 0.908815 0.826255 0.471419 1275.66 1.62743e+06 0.244278
0.39 0.290205 0.31694 0.0112922 0.00014902 0.0317632 412.023 169893 0.811261
0.4 0.29332 0.307571 0.0112293 0.000146867 0.0299096 410.702 168807 0.796773
0.41 0.296129 0.295274 0.0112668 0.000147811 0.0293212 409.783 168054 0.781221
0.42 0.298879 0.285445 0.011192 0.000145876 0.0282719 408.53 167032 0.789397
0.43 0.30186 0.278052 0.011192 0.000146588 0.0285677 407.386 166100 0.783576
0.44 0.304766 0.276237 0.0110435 0.000142306 0.0266367 406.107 165061 0.775173
0.45 0.307304 0.268409 0.0112273 0.00014727 0.0271601 405.442 164525 0.77617
0.46 0.3102 0.258948 0.0111357 0.000144754 0.025984 404.126 163461 0.765989
0.47 0.312646 0.251718 0.0111303 0.000144999 0.025878 403.213 162727 0.770718
0.48 0.315253 0.251072 0.0111659 0.000145781 0.0253249 402.365 162044 0.758578
0.49 0.317528 0.239344 0.0110168 0.000141993 0.0242417 401.378 161252 0.74821
0.5 0.319725 0.236906 0.0111639 0.000146045 0.0246676 400.81 160801 0.7591
0.51 0.322313 0.227672 0.0112122 0.000146285 0.0232345 400.039 160183 0.745036
0.52 0.324354 0.227251 0.0113744 0.000151034 0.0239892 399.479 159743 0.768135
0.53 0.326566 0.222537 0.0113793 0.000151286 0.0236905 398.658 159088 0.753958
0.54 0.328898 0.214858 0.0114023 0.000151876 0.0233205 397.823 158421 0.735559
0.55 0.330902 0.216307 0.0117088 0.0001594 0.023359 397.811 158418 0.753089
0.56 0.333016 0.205904 0.0115617 0.000155935 0.0228973 396.756 157580 0.7406
0.57 0.334838 0.203883 0.0116418 0.000158158 0.0228639 396.491 157372 0.739892
0.58 0.33699 0.199905 0.0118757 0.000164187 0.0229952 395.992 156977 0.731916
0.59 0.339067 0.19888 0.0119418 0.000165426 0.0222786 395.304 156439 0.746312
0.6 0.341285 0.189679 0.0120791 0.000169396 0.0225522 394.7 155961 0.73007
0.61 0.343303 0.198338 0.0121361 0.000170901 0.0222994 394.317 155663 0.734105
0.62 0.344933 0.188765 0.0121607 0.000170632 0.0211358 393.676 155155 0.715042
0.63 0.346792 0.186705 0.012382 0.000177164 0.0218048 393.596 155100 0.734257
0.64 0.348675 0.186267 0.0125524 0.000181637 0.0216661 393.394 154942 0.726019
0.65 0.350877 0.182055 0.0125627 0.000181886 0.0213252 392.699 154397 0.721834
0.66 0.35262 0.18167 0.0127915 0.000188106 0.0213672 392.508 154252 0.730372
0.67 0.354446 0.176203 0.0128224 0.000189387 0.0214698 392.089 153925 0.725955
0.68 0.35612 0.174884 0.0130861 0.000196749 0.0216023 391.751 153664 0.731262
0.69 0.357757 0.17476 0.0132251 0.000200916 0.0217156 391.748 153665 0.735293
0.7 0.359376 0.175649 0.0132658 0.000202034 0.0214372 391.141 153189 0.721928
0.71 0.361317 0.172079 0.0134951 0.000208359 0.0212876 390.998 153078 0.71647
0.72 0.362998 0.167905 0.0135011 0.00020868 0.0211192 390.408 152619 0.71326
0.73 0.364695 0.172557 0.0137669 0.000216992 0.0216698 390.439 152648 0.720965
0.74 0.366196 0.166916 0.0140466 0.000225053 0.0215967 390.415 152635 0.732436
0.75 0.367909 0.165081 0.0142185 0.000230388 0.0216752 390.494 152700 0.73134
0.76 0.369661 0.166949 0.0143958 0.00023596 0.021767 389.942 152270 0.725599
0.77 0.371384 0.167063 0.0144312 0.00023737 0.0217769 389.509 151936 0.731306
0.78 0.373249 0.162721 0.0146973 0.000244969 0.0213847 389.61 152015 0.718629
0.79 0.374624 0.160178 0.0149126 0.000251992 0.021587 389.559 151980 0.72925
0.8 0.375989 0.162753 0.0150792 0.000257523 0.0217017 389.695 152087 0.719471
0.81 0.377552 0.159926 0.0154179 0.000268671 0.022016 389.938 152275 0.706528
0.82 0.379547 0.161638 0.0155549 0.00027311 0.0218835 389.513 151953 0.726479
0.83 0.381137 0.160415 0.0156801 0.00027775 0.0221263 389.254 151756 0.734481
0.84 0.382746 0.159226 0.0158903 0.000285174 0.0224042 389.055 151601 0.724584
0.85 0.384431 0.157504 0.0161988 0.000295339 0.0223206 389.347 151835 0.735157
0.86 0.385758 0.158166 0.0163446 0.000300286 0.022196 389.392 151866 0.716367
0.87 0.38739 0.156059 0.016496 0.000305528 0.0221196 389.026 151590 0.734239
0.88 0.389344 0.159973 0.016812 0.000317304 0.0226875 389.262 151775 0.730228
0.89 0.390401 0.155034 0.0170883 0.00032729 0.0228333 389.504 151965 0.727026
0.9 0.39215 0.156585 0.0172516 0.000332583 0.0223789 389.378 151865 0.712425
0.91 0.393579 0.155579 0.0175475 0.000344503 0.0231594 389.827 152229 0.743023
0.92 0.395041 0.157335 0.0176675 0.000349202 0.023203 389.581 152036 0.733803
0.93 0.396686 0.159266 0.0179762 0.000359981 0.0228151 389.547 152008 0.719658
0.94 0.398339 0.158539 0.0182986 0.00037315 0.0234757 389.705 152142 0.7408
0.95 0.399931 0.155448 0.0185481 0.000382768 0.0234866 390.047 152411 0.740991
0.96 0.401662 0.156167 0.0186751 0.000387876 0.0234701 389.525 152004 0.734157
0.97 0.402815 0.156052 0.019066 0.000403511 0.0237521 390.091 152444 0.719839
0.98 0.40436 0.154669 0.0192799 0.000412067 0.0237182 390.254 152579 0.733478
0.99 0.406004 0.158662 0.0194896 0.000421605 0.0242975 390.2 152539 0.733923
