0 -0.68 inf 1 1 -nan 1128.96 1.27455e+06 inf
0.01 -0.669987 0.99825 1 1 0 1126.81 1.26971e+06 0.224493
0.02 -0.659946 1.01239 1 1 0 1124.65 1.26484e+06 0.22379
0.03 -0.649866 1.00755 1 1 0 1122.51 1.26003e+06 0.222517
0.04 -0.639749 1.02308 1 1 0 1120.27 1.25502e+06 0.225626
0.05 -0.629605 1.01961 1 1 0 1118.09 1.25014e+06 0.224784
0.06 -0.619411 1.01171 1 0.999999 5.78588e-06 1115.92 1.24528e+06 0.223294
0.07 -0.609179 1.00499 0.999998 0.999996 2.60143e-05 1113.71 1.24036e+06 0.221279
0.08 -0.598894 1.01574 0.999991 0.999982 0.00011226 1111.46 1.23536e+06 0.226757
0.09 -0.588504 1.03768 0.999961 0.999922 0.000431978 1109.27 1.2305e+06 0.229146
0.1 -0.578095 1.02441 0.999878 0.999757 0.00118056 1107 1.22546e+06 0.225156
0.11 -0.567485 1.07622 0.999684 0.999368 0.00285574 1104.68 1.22036e+06 0.229526
0.12 -0.5567 1.08226 0.999339 0.998679 0.00552794 1102.25 1.21499e+06 0.231058
0.13 -0.545523 1.15574 0.998683 0.99737 0.0101673 1099.69 1.20934e+06 0.234446
0.14 -0.534019 1.19211 0.997685 0.995379 0.0170372 1097.05 1.20355e+06 0.231023
0.15 -0.522053 1.24656 0.996246 0.992513 0.0255921 1094.25 1.19743e+06 0.237589
0.16 -0.509189 1.30628 0.994202 0.988449 0.0379397 1091.01 1.19035e+06 0.244358
0.17 -0.49592 1.38173 0.991517 0.983122 0.0519028 1087.74 1.18322e+06 0.248041
0.18 -0.481641 1.48121 0.98797 0.976107 0.0697118 1083.84 1.17475e+06 0.255771
0.19 -0.46636 1.57326 0.983491 0.967285 0.0923448 1079.66 1.16571e+06 0.261114
0.2 -0.449962 1.71804 0.978048 0.95662 0.120177 1074.93 1.15554e+06 0.277636
0.21 -0.432324 1.81752 0.971437 0.943745 0.151888 1069.65 1.14423e+06 0.294615
0.22 -0.413231 1.98006 0.963381 0.928177 0.190617 1063.62 1.13136e+06 0.305353
0.23 -0.392695 2.16078 0.954092 0.910386 0.235576 1056.8 1.1169e+06 0.334737
0.24 -0.371277 2.2829 0.943269 0.889876 0.28602 1049.36 1.10125e+06 0.356204
0.25 -0.34687 2.52318 0.930151 0.865337 0.361873 1040.29 1.0823e+06 0.402523
0.26 -0.320742 2.80676 0.914961 0.837358 0.454172 1030.12 1.06128e+06 0.46947
0.27 -0.292292 3.05963 0.897431 0.805641 0.550558 1018.57 1.03764e+06 0.54242
0.28 -0.260195 3.32909 0.875891 0.767516 0.682121 1004.4 1.00899e+06 0.632675
0.29 -0.225107 3.6689 0.850818 0.724323 0.856212 987.625 975623 0.763418
0.3 -0.18588 4.20882 0.820772 0.674238 1.09926 967.64 936612 0.980928
0.31 -0.138287 4.8094 0.780633 0.610192 1.49412 940.26 884483 1.35463
0.32 -0.0875439 5.48554 0.734214 0.540225 2.07836 908.579 826080 1.9416
0.33 -0.0318667 5.39374 0.678322 0.461533 2.46518 869.728 757125 2.4316
0.34 0.0260944 5.17165 0.613927 0.378668 2.98425 824.161 680117 3.12875
0.35 0.0707357 4.54763 0.561607 0.317303 3.12866 786.953 620274 3.55482
0.36 0.110888 3.36414 0.511438 0.263244 2.68084 750.447 564043 3.23011
0.37 0.138257 2.51874 0.477874 0.229791 2.22282 725.75 527462 2.78922
0.38 0.162082 2.12645 0.448935 0.202931 2.1045 704.192 496624 2.75786
0.39 0.181247 1.67405 0.425134 0.181954 1.79532 686.211 471531 2.40944
0.4 0.19759 1.45416 0.406795 0.166592 1.59768 672.006 452191 2.22901
0.41 0.211923 1.32462 0.390771 0.153772 1.503 659.558 435603 2.16556
0.42 0.222765 1.15334 0.380824 0.146005 1.34108 651.522 425016 1.95777
0.43 0.234387 0.996219 0.369056 0.137104 1.20767 641.798 412402 1.8028
0.44 0.244509 0.96758 0.360363 0.13078 1.20255 634.449 403043 1.8541
0.45 0.253809 0.872216 0.352414 0.125029 1.06713 627.897 394729 1.6784
0.46 0.262121 0.823387 0.346682 0.120994 1.00942 622.744 388267 1.59165
0.47 0.270195 0.790841 0.341167 0.117204 0.991784 617.848 382199 1.59247
0.48 0.278051 0.74047 0.335486 0.113322 0.926049 612.595 375715 1.50493
0.49 0.285172 0.695457 0.331695 0.110781 0.892478 609.046 371379 1.48175
0.5 0.292632 0.664795 0.327202 0.107804 0.855963 604.745 366150 1.43217
0.51 0.29831 0.654428 0.325299 0.106547 0.821293 602.557 363505 1.40252
0.52 0.304771 0.622984 0.322147 0.104479 0.775767 599.253 359522 1.34124
0.53 0.311461 0.581427 0.318708 0.10225 0.734442 595.809 355389 1.26767
0.54 0.316822 0.577363 0.317156 0.101263 0.719617 593.698 352881 1.26111
0.55 0.322962 0.555337 0.314788 0.0997575 0.697635 590.998 349681 1.23683
0.56 0.328253 0.570135 0.313949 0.099222 0.676671 589.687 348128 1.20257
0.57 0.333395 0.552179 0.312779 0.098496 0.672137 588.116 346288 1.21499
0.58 0.339298 0.520228 0.310824 0.0972506 0.634495 585.53 343237 1.15196
0.59 0.343781 0.501985 0.310422 0.0969989 0.621905 584.718 342286 1.13298
0.6 0.349369 0.505185 0.308436 0.0957612 0.603115 582.142 339277 1.11056
0.61 0.354075 0.488222 0.308978 0.0960804 0.578664 581.921 339010 1.06516
0.62 0.358917 0.482733 0.307694 0.0952843 0.56551 580.019 336802 1.05829
0.63 0.363643 0.475108 0.30699 0.0948635 0.567242 578.701 335281 1.06121
0.64 0.368646 0.459192 0.306768 0.09471 0.543004 577.615 334018 1.02434
0.65 0.373238 0.460954 0.306595 0.0945964 0.528238 576.781 333054 1.00701
0.66 0.377643 0.439415 0.306622 0.0945934 0.503116 576.156 332314 0.941054
0.67 0.382107 0.452644 0.306022 0.0942202 0.490889 574.772 330730 0.954077
0.68 0.386319 0.440182 0.306234 0.094362 0.493456 574.147 330019 0.957709
0.69 0.391235 0.439879 0.306085 0.0942759 0.490574 573.247 328992 0.959407
0.7 0.395582 0.43037 0.305538 0.093933 0.476967 571.962 327518 0.942679
0.71 0.39957 0.419913 0.306039 0.0942444 0.474109 571.666 327179 0.928761
0.72 0.403952 0.412926 0.305899 0.094144 0.45593 570.667 326028 0.894082
0.73 0.408055 0.413229 0.306234 0.0943555 0.454772 570.388 325721 0.910281
0.74 0.41254 0.414653 0.306453 0.0944896 0.448511 569.777 325022 0.890576
0.75 0.415956 0.400977 0.307224 0.0949315 0.418371 569.686 324896 0.828448
0.76 0.419895 0.392662 0.307864 0.0953365 0.421688 569.57 324779 0.852171
0.77 0.424073 0.397938 0.307595 0.095182 0.424339 568.506 323574 0.858636
0.78 0.428272 0.384993 0.307791 0.0952801 0.402084 567.964 322948 0.824413
0.79 0.432289 0.381881 0.308355 0.0956328 0.401038 567.645 322594 0.832046
0.8 0.435893 0.381751 0.308625 0.0958083 0.402519 567.053 321926 0.830197
0.81 0.439544 0.378095 0.309254 0.0961821 0.386696 567.052 321910 0.787214
0.82 0.443526 0.370036 0.309775 0.0965078 0.384368 566.692 321510 0.797063
0.83 0.447202 0.376668 0.310391 0.0968804 0.373316 566.593 321387 0.764652
0.84 0.450666 0.364045 0.311287 0.0974337 0.366038 566.63 321436 0.770075
0.85 0.454486 0.370749 0.311548 0.0976073 0.36942 565.995 320732 0.794165
0.86 0.458742 0.371481 0.311718 0.0976989 0.355716 565.364 320002 0.750937
0.87 0.461929 0.357311 0.312584 0.0982406 0.352169 565.376 320010 0.731801
0.88 0.465611 0.353026 0.312595 0.0982575 0.354804 564.765 319328 0.742665
0.89 0.469319 0.360307 0.312939 0.0984649 0.34557 564.387 318907 0.745873
0.9 0.472901 0.349885 0.314227 0.0992714 0.341117 564.776 319343 0.728407
0.91 0.476439 0.352023 0.314829 0.0996511 0.33783 564.65 319201 0.720899
0.92 0.479441 0.348644 0.314865 0.0996713 0.332579 563.986 318450 0.712452
0.93 0.48307 0.339206 0.316236 0.100525 0.321936 564.575 319111 0.696664
0.94 0.486776 0.335175 0.31679 0.100882 0.322327 564.335 318847 0.702759
0.95 0.490027 0.336631 0.317129 0.101095 0.317622 563.881 318331 0.689643
0.96 0.492854 0.338675 0.318504 0.101967 0.313454 564.761 319327 0.684917
0.97 0.496404 0.331148 0.318842 0.102186 0.31189 564.084 318563 0.680935
0.98 0.499901 0.331686 0.319024 0.102304 0.310041 563.395 317789 0.67995
0.99 0.503124 0.333944 0.320206 0.103052 0.302924 564.141 318623 0.658878
