1 0.441844 0.355517 0.382674 0.147006 0.326101 596.834 356601 0.654002
0.99 0.438527 0.349064 0.383008 0.147264 0.330682 597.531 357421 0.639508
0.98 0.434635 0.360379 0.383225 0.147427 0.332234 598.145 358154 0.641551
0.97 0.43071 0.358735 0.383604 0.147723 0.338868 598.943 359106 0.643219
0.96 0.427028 0.371299 0.383804 0.147884 0.347281 599.609 359917 0.669166
0.95 0.423133 0.364333 0.384298 0.148253 0.344575 600.589 361075 0.644657
0.94 0.419694 0.377472 0.384554 0.148447 0.346237 601.498 362163 0.643118
0.93 0.415728 0.384374 0.385319 0.14905 0.358987 602.547 363435 0.664126
0.92 0.412276 0.38572 0.384723 0.148589 0.361339 602.166 362977 0.673948
0.91 0.408014 0.393728 0.385734 0.149371 0.367665 603.67 364799 0.693671
0.9 0.404778 0.392771 0.385525 0.149205 0.368077 603.903 365070 0.683261
0.89 0.400715 0.397535 0.385962 0.149549 0.377011 604.761 366115 0.704424
0.88 0.395993 0.410594 0.387453 0.150714 0.388928 606.692 368455 0.70993
0.87 0.391977 0.416262 0.387716 0.150916 0.39264 607.106 368960 0.723729
0.86 0.388231 0.420782 0.387811 0.150983 0.391968 607.491 369413 0.704244
0.85 0.383325 0.426839 0.389191 0.152072 0.408135 609.326 371667 0.750178
0.84 0.379637 0.434604 0.389543 0.152336 0.406375 610.099 372598 0.737149
0.83 0.374771 0.431381 0.390174 0.152839 0.419236 610.988 373691 0.757291
0.82 0.370925 0.437103 0.390695 0.153238 0.418234 611.904 374800 0.74481
0.81 0.366331 0.453425 0.3924 0.154591 0.436372 613.782 377114 0.776063
0.8 0.361614 0.45683 0.393257 0.155263 0.441112 615.014 378628 0.782348
0.79 0.356685 0.461961 0.39431 0.156085 0.441194 616.191 380065 0.766996
0.78 0.351963 0.465705 0.395633 0.157143 0.456208 617.923 382210 0.791759
0.77 0.346881 0.492581 0.397323 0.158498 0.472722 619.858 384603 0.795318
0.76 0.342301 0.509255 0.39782 0.158894 0.479925 620.505 385413 0.820479
0.75 0.33755 0.505825 0.399421 0.160174 0.489258 622.216 387541 0.831554
0.74 0.332396 0.512086 0.400549 0.161076 0.495434 623.621 389288 0.834724
0.73 0.326924 0.527054 0.402284 0.162468 0.501709 625.376 391476 0.835701
0.72 0.320746 0.545271 0.404666 0.164408 0.523248 628.002 394778 0.865577
0.71 0.315358 0.569152 0.406555 0.165933 0.524507 629.855 397103 0.860797
0.7 0.310131 0.578014 0.408455 0.167493 0.540765 631.658 399384 0.887015
0.69 0.304893 0.58784 0.410454 0.169139 0.555948 633.676 401933 0.886778
0.68 0.298084 0.60206 0.413791 0.171885 0.560951 636.753 405843 0.897927
0.67 0.29213 0.625754 0.415785 0.173555 0.582726 638.747 408398 0.934958
0.66 0.286322 0.647824 0.418222 0.175592 0.595244 641.04 411330 0.940826
0.65 0.278754 0.669818 0.422268 0.179001 0.612211 644.882 416272 0.954043
0.64 0.272416 0.694292 0.42544 0.181703 0.633297 647.474 419630 0.983682
0.63 0.264901 0.725995 0.429135 0.184871 0.653505 650.86 424023 0.98656
0.62 0.257069 0.753143 0.433359 0.188528 0.676267 654.706 429055 1.02427
0.61 0.24955 0.787605 0.437804 0.192396 0.683374 658.437 433949 1.01946
0.6 0.241907 0.835965 0.441572 0.195732 0.715678 661.678 438237 1.05499
0.59 0.232728 0.875962 0.44738 0.200905 0.738686 666.59 444771 1.09002
0.58 0.224113 0.933781 0.452659 0.205675 0.769256 670.846 450472 1.12568
0.57 0.213775 0.985689 0.460059 0.212432 0.786111 677.283 459154 1.1427
0.56 0.204269 1.03857 0.466237 0.218178 0.824825 682.082 465689 1.18468
0.55 0.193162 1.11248 0.474328 0.225818 0.870186 688.464 474444 1.22048
0.54 0.182221 1.16024 0.481503 0.232667 0.877383 694.416 482663 1.20108
0.53 0.170458 1.27021 0.490299 0.241244 0.923891 701.323 492325 1.26844
0.52 0.158036 1.34136 0.499187 0.250041 0.944526 708.144 501935 1.26767
0.51 0.143549 1.48831 0.510622 0.26162 1.00032 717.028 514614 1.32526
0.5 0.127448 1.52129 0.523239 0.274636 0.98733 726.845 528774 1.29421
0.49 0.11142 1.74922 0.536205 0.288427 1.07082 736.689 543210 1.38183
0.48 0.0935148 1.9094 0.550357 0.30384 1.13703 747.476 559236 1.43658
0.47 0.0725191 2.18432 0.567722 0.323252 1.15752 760.656 579112 1.43983
0.46 0.0504375 2.43529 0.5853 0.343545 1.21224 773.846 599369 1.49232
0.45 0.0248936 2.61434 0.606339 0.368598 1.21698 789.498 623827 1.46243
0.44 -0.00291526 2.92626 0.629105 0.396738 1.2631 806.596 651127 1.49411
0.43 -0.0315585 3.0573 0.651354 0.425158 1.19976 822.924 677689 1.37246
0.42 -0.0655357 3.29561 0.677854 0.460348 1.18181 842.447 710190 1.33908
0.41 -0.10226 3.6827 0.705463 0.498525 1.18907 862.794 744878 1.31098
0.4 -0.140298 3.94607 0.733613 0.538974 1.1314 883.55 781101 1.24709
0.39 -0.177446 3.75918 0.759511 0.57753 0.994599 902.425 814743 1.05569
0.38 -0.21776 4.02387 0.786635 0.619412 0.934915 922.249 850893 1.00032
0.37 -0.255547 3.72248 0.810945 0.658145 0.798521 939.878 883667 0.852817
0.36 -0.294055 3.44907 0.834665 0.697082 0.665882 957.155 916395 0.722876
0.35 -0.329886 3.44696 0.855795 0.732754 0.606494 972.366 945716 0.650376
0.34 -0.361648 3.25818 0.873504 0.76332 0.526068 985.254 970924 0.593095
0.33 -0.393036 3.03127 0.890401 0.793072 0.450743 997.397 994972 0.519071
0.32 -0.423275 2.80844 0.905625 0.82037 0.383182 1008.75 1.01772e+06 0.458438
0.31 -0.451285 2.603 0.919161 0.845028 0.318573 1018.59 1.03765e+06 0.409462
0.3 -0.476608 2.48806 0.930891 0.866704 0.281272 1027.4 1.05567e+06 0.386207
0.29 -0.500876 2.30357 0.941457 0.886461 0.237742 1035.23 1.0718e+06 0.359284
0.28 -0.523482 2.15687 0.950869 0.90425 0.20179 1042.3 1.08648e+06 0.332546
0.27 -0.544916 2.07871 0.958999 0.91976 0.172573 1048.84 1.10016e+06 0.31453
0.26 -0.564905 1.96225 0.966226 0.933658 0.145646 1054.84 1.11278e+06 0.302372
0.25 -0.583475 1.79413 0.972415 0.945644 0.12076 1060 1.12368e+06 0.288747
0.24 -0.601429 1.7392 0.977811 0.956157 0.099382 1064.96 1.13421e+06 0.275953
0.23 -0.617894 1.59024 0.982474 0.965287 0.0810127 1069.45 1.14378e+06 0.266085
0.22 -0.633776 1.54895 0.986391 0.972993 0.0652558 1073.53 1.15252e+06 0.262824
0.21 -0.648582 1.44802 0.989649 0.979424 0.0506814 1077.28 1.16058e+06 0.248267
0.2 -0.662729 1.37995 0.992301 0.984676 0.039796 1080.78 1.16814e+06 0.248019
0.19 -0.676419 1.30347 0.994508 0.989057 0.029869 1084.13 1.17538e+06 0.244294
0.18 -0.688958 1.24598 0.996127 0.992275 0.0219637 1087.14 1.18191e+06 0.242937
0.17 -0.701418 1.20189 0.997425 0.994861 0.015425 1089.96 1.18806e+06 0.235439
0.16 -0.713123 1.16723 0.998379 0.996764 0.0102147 1092.75 1.19414e+06 0.236008
0.15 -0.724615 1.11554 0.999028 0.998059 0.00653854 1095.33 1.19979e+06 0.233003
0.14 -0.735715 1.11734 0.999449 0.998899 0.00390888 1097.78 1.20516e+06 0.229684
0.13 -0.746539 1.08129 0.999717 0.999434 0.0021728 1100.12 1.21029e+06 0.229102
0.12 -0.757245 1.03815 0.999874 0.999747 0.00104746 1102.47 1.21548e+06 0.228335
0.11 -0.767698 1.06763 0.999949 0.999899 0.000452136 1104.76 1.22052e+06 0.231665
0.1 -0.778159 1.02433 0.999982 0.999964 0.00018045 1107.04 1.22556e+06 0.22744
0.09 -0.788491 1.0407 0.999996 0.999992 4.52253e-05 1109.23 1.23042e+06 0.229862
0.08 -0.798909 1.01473 0.999999 0.999998 1.08453e-05 1111.45 1.23535e+06 0.223715
0.07 -0.809139 1.02324 1 1 1.24002e-06 1113.69 1.24033e+06 0.225746
0.06 -0.819423 1.00776 1 1 0 1115.91 1.24527e+06 0.223503
0.05 -0.829586 1.01702 1 1 0 1118.14 1.25025e+06 0.221539
0.04 -0.839729 1.02145 1 1 0 1120.28 1.25504e+06 0.22471
0.03 -0.849882 1.01271 1 1 0 1122.48 1.25998e+06 0.219079
0.02 -0.859937 0.997361 1 1 0 1124.63 1.26479e+06 0.223386
0.01 -0.86999 1.01533 1 1 0 1126.78 1.26963e+06 0.223974
