0.8 0.392769 0.238025 0.0464333 0.00226598 0.0791492 424.537 180545 0.92193
0.799 0.392531 0.237929 0.0463733 0.00226024 0.079121 424.5 180513 0.922046
0.798 0.392293 0.237834 0.0463135 0.00225452 0.0790929 424.463 180481 0.922161
0.797 0.392055 0.23774 0.0462539 0.00224882 0.0790648 424.426 180449 0.922276
0.796 0.391818 0.237647 0.0461943 0.00224314 0.0790369 424.389 180418 0.922389
0.795 0.39158 0.237555 0.0461349 0.00223748 0.0790091 424.353 180386 0.922502
0.794 0.391343 0.237463 0.0460756 0.00223184 0.0789814 424.316 180355 0.922614
0.793 0.391106 0.237373 0.0460165 0.00222622 0.0789538 424.28 180324 0.922725
0.792 0.390868 0.237284 0.0459575 0.00222062 0.0789263 424.244 180293 0.922835
0.791 0.390631 0.237196 0.0458987 0.00221504 0.078899 424.209 180263 0.922945
0.79 0.390394 0.237109 0.0458399 0.00220947 0.0788717 424.173 180232 0.923053
0.789 0.390157 0.237023 0.0457813 0.00220393 0.0788446 424.138 180202 0.923161
0.788 0.38992 0.236939 0.0457229 0.00219841 0.0788176 424.103 180172 0.923268
0.787 0.389684 0.236855 0.0456646 0.00219291 0.0787907 424.069 180142 0.923374
0.786 0.389447 0.236773 0.0456064 0.00218742 0.0787639 424.034 180113 0.923479
0.785 0.38921 0.236692 0.0455483 0.00218196 0.0787372 424 180083 0.923584
0.784 0.388974 0.236612 0.0454904 0.00217651 0.0787107 423.966 180054 0.923687
0.783 0.388737 0.236533 0.0454326 0.00217109 0.0786843 423.932 180025 0.92379
0.782 0.388501 0.236456 0.045375 0.00216568 0.0786581 423.898 179996 0.923892
0.781 0.388265 0.236379 0.0453175 0.00216029 0.078632 423.865 179968 0.923993
0.78 0.388029 0.236304 0.0452602 0.00215493 0.078606 423.832 179939 0.924093
0.779 0.387792 0.236231 0.0452029 0.00214958 0.0785801 423.799 179911 0.924192
0.778 0.387556 0.236159 0.0451458 0.00214425 0.0785544 423.766 179883 0.92429
0.777 0.38732 0.236088 0.0450889 0.00213894 0.0785289 423.734 179855 0.924388
0.776 0.387084 0.236018 0.0450321 0.00213365 0.0785035 423.702 179827 0.924484
0.775 0.386849 0.23595 0.0449754 0.00212838 0.0784782 423.67 179800 0.92458
0.774 0.386613 0.235883 0.0449189 0.00212313 0.0784531 423.638 179772 0.924675
0.773 0.386377 0.235818 0.0448625 0.00211789 0.0784282 423.606 179745 0.924769
0.772 0.386141 0.235754 0.0448062 0.00211268 0.0784034 423.575 179718 0.924862
0.771 0.385906 0.235691 0.0447501 0.00210748 0.0783788 423.544 179691 0.924954
0.77 0.38567 0.23563 0.0446941 0.00210231 0.0783543 423.513 179665 0.925046
0.769 0.385435 0.23557 0.0446383 0.00209715 0.07833 423.482 179639 0.925136
0.768 0.385199 0.235512 0.0445826 0.00209201 0.0783059 423.452 179612 0.925226
0.767 0.384964 0.235456 0.044527 0.0020869 0.078282 423.422 179586 0.925315
0.766 0.384729 0.235401 0.0444716 0.0020818 0.0782582 423.392 179561 0.925403
0.765 0.384494 0.235347 0.0444163 0.00207671 0.0782346 423.362 179535 0.925491
0.764 0.384258 0.235295 0.0443612 0.00207165 0.0782112 423.333 179510 0.925577
0.763 0.384023 0.235245 0.0443062 0.00206661 0.078188 423.303 179485 0.925663
0.762 0.383788 0.235196 0.0442513 0.00206158 0.078165 423.274 179460 0.925748
0.761 0.383553 0.235149 0.0441966 0.00205658 0.0781422 423.245 179435 0.925833
0.76 0.383318 0.235103 0.044142 0.00205159 0.0781196 423.217 179410 0.925916
0.759 0.383083 0.235059 0.0440876 0.00204662 0.0780971 423.189 179386 0.925999
0.758 0.382848 0.235017 0.0440333 0.00204167 0.0780749 423.161 179362 0.926082
0.757 0.382614 0.234976 0.0439791 0.00203674 0.0780529 423.133 179338 0.926163
0.756 0.382379 0.234937 0.0439251 0.00203183 0.0780312 423.105 179314 0.926244
0.755 0.382144 0.2349 0.0438712 0.00202693 0.0780096 423.078 179291 0.926324
0.754 0.381909 0.234864 0.0438175 0.00202206 0.0779882 423.051 179267 0.926404
0.753 0.381675 0.23483 0.0437639 0.0020172 0.0779671 423.024 179244 0.926483
0.752 0.38144 0.234798 0.0437104 0.00201236 0.0779462 422.997 179221 0.926561
0.751 0.381205 0.234767 0.0436571 0.00200754 0.0779255 422.971 179199 0.926639
0.75 0.380971 0.234738 0.0436039 0.00200274 0.0779051 422.945 179176 0.926716
0.749 0.380736 0.234711 0.0435509 0.00199796 0.0778849 422.919 179154 0.926793
0.748 0.380502 0.234686 0.043498 0.0019932 0.077865 422.893 179132 0.926869
0.747 0.380267 0.234662 0.0434453 0.00198845 0.0778453 422.867 179110 0.926944
0.746 0.380033 0.23464 0.0433927 0.00198372 0.0778258 422.842 179088 0.927019
0.745 0.379798 0.23462 0.0433402 0.00197901 0.0778066 422.817 179067 0.927094
0.744 0.379564 0.234602 0.0432879 0.00197432 0.0777877 422.793 179045 0.927168
0.743 0.379329 0.234586 0.0432358 0.00196965 0.077769 422.768 179024 0.927242
0.742 0.379095 0.234571 0.0431837 0.00196499 0.0777506 422.744 179003 0.927315
0.741 0.37886 0.234558 0.0431319 0.00196036 0.0777325 422.72 178983 0.927388
0.74 0.378626 0.234547 0.0430801 0.00195574 0.0777146 422.696 178962 0.927461
0.739 0.378391 0.234538 0.0430285 0.00195114 0.077697 422.673 178942 0.927533
0.738 0.378157 0.23453 0.0429771 0.00194656 0.0776797 422.65 178922 0.927605
0.737 0.377923 0.234525 0.0429258 0.00194199 0.0776627 422.627 178902 0.927677
0.736 0.377688 0.234521 0.0428746 0.00193745 0.077646 422.604 178883 0.927748
0.735 0.377454 0.234519 0.0428236 0.00193292 0.0776295 422.582 178864 0.927819
0.734 0.37722 0.234519 0.0427727 0.00192841 0.0776134 422.56 178844 0.92789
0.733 0.376985 0.234521 0.042722 0.00192392 0.0775975 422.538 178826 0.927961
0.732 0.376751 0.234525 0.0426714 0.00191944 0.077582 422.516 178807 0.928031
0.731 0.376516 0.23453 0.042621 0.00191499 0.0775668 422.495 178788 0.928101
0.73 0.376282 0.234537 0.0425707 0.00191055 0.0775518 422.474 178770 0.928172
0.729 0.376048 0.234547 0.0425205 0.00190613 0.0775372 422.453 178752 0.928242
0.728 0.375813 0.234558 0.0424705 0.00190172 0.0775229 422.432 178734 0.928312
0.727 0.375579 0.234571 0.0424206 0.00189734 0.0775089 422.412 178717 0.928382
0.726 0.375344 0.234586 0.0423709 0.00189297 0.0774953 422.392 178699 0.928452
0.725 0.37511 0.234602 0.0423214 0.00188862 0.0774819 422.372 178682 0.928522
0.724 0.374875 0.234621 0.0422719 0.00188429 0.077469 422.352 178665 0.928592
0.723 0.374641 0.234641 0.0422227 0.00187998 0.0774563 422.333 178649 0.928662
0.722 0.374406 0.234664 0.0421735 0.00187568 0.077444 422.314 178632 0.928732
0.721 0.374172 0.234688 0.0421245 0.0018714 0.077432 422.295 178616 0.928802
0.72 0.373937 0.234714 0.0420757 0.00186714 0.0774203 422.277 178600 0.928872
0.719 0.373703 0.234742 0.042027 0.0018629 0.077409 422.259 178584 0.928943
0.718 0.373468 0.234772 0.0419785 0.00185867 0.0773981 422.241 178569 0.929014
0.717 0.373233 0.234803 0.0419301 0.00185446 0.0773875 422.223 178553 0.929085
0.716 0.372999 0.234837 0.0418818 0.00185027 0.0773772 422.206 178538 0.929156
0.715 0.372764 0.234872 0.0418337 0.0018461 0.0773673 422.188 178524 0.929227
0.714 0.372529 0.234909 0.0417857 0.00184194 0.0773578 422.172 178509 0.929299
0.713 0.372295 0.234949 0.0417379 0.0018378 0.0773486 422.155 178495 0.929371
0.712 0.37206 0.234989 0.0416902 0.00183368 0.0773398 422.139 178480 0.929443
0.711 0.371825 0.235032 0.0416427 0.00182957 0.0773314 422.123 178466 0.929516
0.71 0.37159 0.235077 0.0415953 0.00182548 0.0773233 422.107 178453 0.929589
0.709 0.371355 0.235123 0.0415481 0.00182141 0.0773156 422.091 178439 0.929662
0.708 0.37112 0.235172 0.041501 0.00181736 0.0773083 422.076 178426 0.929736
0.707 0.370885 0.235222 0.0414541 0.00181332 0.0773013 422.061 178413 0.92981
0.706 0.37065 0.235274 0.0414073 0.00180931 0.0772948 422.047 178401 0.929885
0.705 0.370414 0.235327 0.0413607 0.0018053 0.0772886 422.032 178388 0.929961
0.704 0.370179 0.235383 0.0413142 0.00180132 0.0772828 422.018 178376 0.930037
0.703 0.369944 0.23544 0.0412678 0.00179735 0.0772774 422.005 178364 0.930113
0.702 0.369709 0.2355 0.0412216 0.0017934 0.0772724 421.991 178352 0.93019
0.701 0.369473 0.23556 0.0411756 0.00178947 0.0772677 421.978 178341 0.930268
0.7 0.369238 0.235623 0.0411297 0.00178555 0.0772635 421.965 178329 0.930346
0.699 0.369002 0.235688 0.0410839 0.00178165 0.0772597 421.952 178318 0.930425
0.698 0.368767 0.235754 0.0410383 0.00177776 0.0772562 421.94 178307 0.930505
0.697 0.368531 0.235822 0.0409929 0.0017739 0.0772532 421.928 178297 0.930585
0.696 0.368295 0.235891 0.0409476 0.00177005 0.0772505 421.916 178287 0.930666
0.695 0.368059 0.235963 0.0409024 0.00176621 0.0772483 421.905 178277 0.930748
0.694 0.367823 0.236036 0.0408574 0.0017624 0.0772465 421.894 178267 0.930831
0.693 0.367588 0.23611 0.0408125 0.0017586 0.077245 421.883 178257 0.930914
0.692 0.367351 0.236187 0.0407678 0.00175481 0.077244 421.872 178248 0.930999
0.691 0.367115 0.236265 0.0407232 0.00175105 0.0772434 421.862 178239 0.931084
0.69 0.366879 0.236345 0.0406788 0.0017473 0.0772432 421.852 178230 0.93117
0.689 0.366643 0.236426 0.0406345 0.00174356 0.0772434 421.842 178222 0.931257
0.688 0.366407 0.236509 0.0405904 0.00173985 0.077244 421.833 178213 0.931345
0.687 0.36617 0.236594 0.0405464 0.00173614 0.0772451 421.824 178205 0.931433
0.686 0.365934 0.23668 0.0405026 0.00173246 0.0772466 421.815 178197 0.931523
0.685 0.365697 0.236768 0.0404589 0.00172879 0.0772485 421.807 178190 0.931614
0.684 0.36546 0.236857 0.0404154 0.00172514 0.0772508 421.798 178183 0.931706
0.683 0.365223 0.236948 0.040372 0.0017215 0.0772535 421.79 178176 0.931799
0.682 0.364987 0.237041 0.0403288 0.00171789 0.0772567 421.783 178169 0.931892
0.681 0.36475 0.237135 0.0402857 0.00171428 0.0772603 421.776 178162 0.931987
0.68 0.364512 0.23723 0.0402428 0.0017107 0.0772643 421.769 178156 0.932083
0.679 0.364275 0.237327 0.0402 0.00170713 0.0772688 421.762 178150 0.93218
0.678 0.364038 0.237426 0.0401574 0.00170357 0.0772737 421.756 178144 0.932279
0.677 0.363801 0.237526 0.0401149 0.00170003 0.077279 421.75 178139 0.932378
0.676 0.363563 0.237627 0.0400725 0.00169651 0.0772848 421.744 178134 0.932479
0.675 0.363326 0.23773 0.0400304 0.001693 0.077291 421.738 178129 0.93258
0.674 0.363088 0.237834 0.0399883 0.00168951 0.0772977 421.733 178124 0.932683
0.673 0.36285 0.23794 0.0399464 0.00168604 0.0773048 421.728 178120 0.932787
0.672 0.362612 0.238047 0.0399047 0.00168258 0.0773124 421.724 178115 0.932893
0.671 0.362374 0.238155 0.0398631 0.00167914 0.0773204 421.72 178112 0.933
0.67 0.362136 0.238265 0.0398217 0.00167572 0.0773289 421.716 178108 0.933108
0.669 0.361898 0.238375 0.0397804 0.00167231 0.0773378 421.712 178105 0.933217
0.668 0.36166 0.238488 0.0397393 0.00166891 0.0773472 421.709 178101 0.933327
0.667 0.361421 0.238601 0.0396983 0.00166553 0.077357 421.706 178099 0.933439
0.666 0.361182 0.238716 0.0396575 0.00166217 0.0773674 421.703 178096 0.933552
0.665 0.360944 0.238832 0.0396168 0.00165883 0.0773782 421.701 178094 0.933667
0.664 0.360705 0.238949 0.0395763 0.00165549 0.0773894 421.699 178092 0.933783
0.663 0.360466 0.239068 0.0395359 0.00165218 0.0774012 421.697 178090 0.9339
0.662 0.360227 0.239188 0.0394957 0.00164888 0.0774134 421.696 178088 0.934019
0.661 0.359988 0.239308 0.0394556 0.0016456 0.0774261 421.695 178087 0.934139
0.66 0.359749 0.239431 0.0394157 0.00164233 0.0774393 421.694 178086 0.934261
0.659 0.359509 0.239554 0.039376 0.00163908 0.0774529 421.694 178085 0.934384
0.658 0.35927 0.239678 0.0393364 0.00163584 0.0774671 421.694 178085 0.934509
0.657 0.35903 0.239803 0.0392969 0.00163263 0.0774818 421.694 178085 0.934635
0.656 0.35879 0.23993 0.0392576 0.00162942 0.077497 421.694 178085 0.934762
0.655 0.35855 0.240058 0.0392185 0.00162623 0.0775126 421.695 178085 0.934891
0.654 0.35831 0.240186 0.0391795 0.00162306 0.0775288 421.696 178086 0.935022
0.653 0.35807 0.240316 0.0391407 0.0016199 0.0775455 421.698 178087 0.935154
0.652 0.35783 0.240447 0.039102 0.00161676 0.0775628 421.7 178088 0.935288
0.651 0.357589 0.240578 0.0390635 0.00161364 0.0775805 421.702 178089 0.935423
0.65 0.357349 0.240711 0.0390251 0.00161053 0.0775988 421.704 178091 0.93556
0.649 0.357108 0.240845 0.0389869 0.00160744 0.0776176 421.707 178093 0.935698
0.648 0.356867 0.24098 0.0389489 0.00160436 0.0776369 421.71 178095 0.935838
0.647 0.356626 0.241115 0.038911 0.0016013 0.0776568 421.714 178098 0.93598
0.646 0.356385 0.241252 0.0388733 0.00159825 0.0776773 421.717 178101 0.936123
0.645 0.356144 0.24139 0.0388357 0.00159522 0.0776983 421.722 178104 0.936268
0.644 0.355903 0.241528 0.0387983 0.0015922 0.0777198 421.726 178107 0.936415
0.643 0.355661 0.241667 0.0387611 0.00158921 0.0777419 421.731 178111 0.936563
0.642 0.355419 0.241808 0.038724 0.00158622 0.0777646 421.736 178115 0.936713
0.641 0.355178 0.241949 0.0386871 0.00158326 0.0777879 421.741 178119 0.936865
0.64 0.354936 0.242091 0.0386503 0.0015803 0.0778117 421.747 178123 0.937019
0.639 0.354694 0.242234 0.0386137 0.00157737 0.0778362 421.753 178128 0.937174
0.638 0.354451 0.242378 0.0385773 0.00157445 0.0778612 421.759 178133 0.937331
0.637 0.354209 0.242523 0.038541 0.00157155 0.0778868 421.766 178138 0.93749
0.636 0.353967 0.242668 0.0385049 0.00156866 0.077913 421.773 178144 0.93765
0.635 0.353724 0.242815 0.038469 0.00156579 0.0779399 421.78 178150 0.937813
0.634 0.353481 0.242962 0.0384332 0.00156293 0.0779673 421.788 178156 0.937977
0.633 0.353238 0.24311 0.0383976 0.00156009 0.0779954 421.796 178162 0.938143
0.632 0.352995 0.243259 0.0383622 0.00155727 0.0780241 421.804 178169 0.938311
0.631 0.352752 0.243409 0.0383269 0.00155446 0.0780534 421.813 178176 0.938481
0.63 0.352508 0.24356 0.0382918 0.00155166 0.0780834 421.822 178183 0.938653
0.629 0.352265 0.243711 0.0382569 0.00154889 0.078114 421.832 178191 0.938827
0.628 0.352021 0.243864 0.0382221 0.00154613 0.0781453 421.841 178199 0.939002
0.627 0.351777 0.244017 0.0381875 0.00154339 0.0781773 421.851 178207 0.93918
0.626 0.351533 0.244171 0.0381531 0.00154066 0.0782099 421.862 178215 0.93936
0.625 0.351289 0.244325 0.0381189 0.00153795 0.0782432 421.872 178224 0.939541
0.624 0.351045 0.244481 0.0380848 0.00153525 0.0782771 421.883 178233 0.939725
0.623 0.3508 0.244637 0.0380509 0.00153257 0.0783118 421.895 178242 0.939911
0.622 0.350556 0.244795 0.0380172 0.00152991 0.0783471 421.907 178252 0.940099
0.621 0.350311 0.244953 0.0379836 0.00152726 0.0783831 421.919 178262 0.940289
0.62 0.350066 0.245112 0.0379502 0.00152463 0.0784198 421.931 178272 0.940481
0.619 0.349821 0.245272 0.0379171 0.00152202 0.0784573 421.944 178282 0.940676
0.618 0.349576 0.245432 0.037884 0.00151942 0.0784954 421.957 178293 0.940872
0.617 0.34933 0.245594 0.0378512 0.00151684 0.0785343 421.97 178304 0.941071
0.616 0.349085 0.245756 0.0378186 0.00151427 0.0785739 421.984 178315 0.941272
0.615 0.348839 0.245919 0.0377861 0.00151173 0.0786142 421.998 178327 0.941476
0.614 0.348593 0.246084 0.0377538 0.00150919 0.0786553 422.013 178339 0.941681
0.613 0.348347 0.246249 0.0377217 0.00150668 0.0786971 422.028 178351 0.94189
0.612 0.348101 0.246415 0.0376898 0.00150418 0.0787396 422.043 178363 0.9421
0.611 0.347854 0.246582 0.037658 0.0015017 0.0787829 422.058 178376 0.942313
0.61 0.347608 0.246749 0.0376265 0.00149923 0.0788269 422.074 178389 0.942529
0.609 0.347361 0.246918 0.0375951 0.00149678 0.0788717 422.09 178403 0.942747
0.608 0.347114 0.247088 0.0375639 0.00149435 0.0789173 422.107 178416 0.942967
0.607 0.346867 0.247259 0.037533 0.00149194 0.0789636 422.124 178430 0.94319
0.606 0.34662 0.24743 0.0375022 0.00148954 0.0790107 422.141 178445 0.943416
0.605 0.346372 0.247603 0.0374715 0.00148716 0.0790586 422.159 178459 0.943644
0.604 0.346125 0.247777 0.0374411 0.00148479 0.0791073 422.177 178474 0.943876
0.603 0.345877 0.247952 0.0374109 0.00148244 0.0791567 422.195 178489 0.944109
0.602 0.345629 0.248128 0.0373809 0.00148011 0.0792069 422.214 178505 0.944346
0.601 0.345381 0.248305 0.037351 0.0014778 0.0792579 422.233 178521 0.944586
0.6 0.345133 0.248483 0.0373214 0.0014755 0.0793097 422.253 178537 0.944828
0.599 0.344884 0.248663 0.0372919 0.00147322 0.0793623 422.272 178553 0.945073
0.598 0.344636 0.248843 0.0372627 0.00147096 0.0794156 422.293 178570 0.945321
0.597 0.344387 0.249025 0.0372336 0.00146871 0.0794698 422.313 178587 0.945573
0.596 0.344138 0.249208 0.0372048 0.00146648 0.0795247 422.334 178604 0.945827
0.595 0.343889 0.249392 0.0371761 0.00146427 0.0795805 422.356 178622 0.946084
0.594 0.343639 0.249578 0.0371477 0.00146208 0.079637 422.377 178640 0.946345
0.593 0.34339 0.249765 0.0371194 0.0014599 0.0796944 422.399 178658 0.946609
0.592 0.34314 0.249954 0.0370914 0.00145774 0.0797526 422.422 178677 0.946876
0.591 0.34289 0.250143 0.0370635 0.0014556 0.0798115 422.445 178696 0.947146
0.59 0.34264 0.250335 0.0370359 0.00145347 0.0798713 422.468 178715 0.947419
0.589 0.34239 0.250527 0.0370085 0.00145136 0.0799318 422.492 178735 0.947696
0.588 0.342139 0.250722 0.0369812 0.00144927 0.0799932 422.516 178755 0.947977
0.587 0.341889 0.250918 0.0369542 0.0014472 0.0800553 422.54 178775 0.94826
0.586 0.341638 0.251115 0.0369274 0.00144514 0.0801182 422.565 178796 0.948548
0.585 0.341387 0.251315 0.0369008 0.0014431 0.080182 422.59 178817 0.948838
0.584 0.341136 0.251516 0.0368744 0.00144108 0.0802465 422.616 178838 0.949133
0.583 0.340884 0.251719 0.0368482 0.00143908 0.0803119 422.642 178860 0.949431
0.582 0.340632 0.251923 0.0368222 0.00143709 0.080378 422.668 178882 0.949732
0.581 0.340381 0.25213 0.0367965 0.00143512 0.0804449 422.695 178904 0.950038
0.58 0.340129 0.252339 0.0367709 0.00143317 0.0805126 422.722 178927 0.950347
0.579 0.339876 0.252549 0.0367456 0.00143124 0.0805811 422.75 178950 0.95066
0.578 0.339624 0.252762 0.0367205 0.00142932 0.0806504 422.778 178974 0.950976
0.577 0.339371 0.252977 0.0366956 0.00142742 0.0807205 422.807 178997 0.951297
0.576 0.339118 0.253194 0.0366709 0.00142554 0.0807913 422.836 179022 0.951621
0.575 0.338865 0.253414 0.0366464 0.00142368 0.0808629 422.865 179046 0.95195
0.574 0.338612 0.253636 0.0366222 0.00142184 0.0809353 422.895 179071 0.952282
0.573 0.338358 0.25386 0.0365981 0.00142001 0.0810085 422.925 179096 0.952618
0.572 0.338104 0.254087 0.0365743 0.0014182 0.0810824 422.956 179122 0.952959
0.571 0.33785 0.254317 0.0365508 0.00141641 0.0811572 422.987 179148 0.953303
0.57 0.337596 0.254549 0.0365274 0.00141464 0.0812326 423.018 179174 0.953651
0.569 0.337342 0.254784 0.0365043 0.00141288 0.0813089 423.05 179201 0.954004
0.568 0.337087 0.255022 0.0364813 0.00141114 0.0813859 423.082 179228 0.95436
0.567 0.336832 0.255263 0.0364587 0.00140942 0.0814636 423.115 179256 0.954721
0.566 0.336577 0.255507 0.0364362 0.00140772 0.0815422 423.149 179284 0.955085
0.565 0.336321 0.255754 0.036414 0.00140604 0.0816214 423.182 179312 0.955454
0.564 0.336066 0.256005 0.036392 0.00140437 0.0817014 423.217 179341 0.955827
0.563 0.33581 0.256259 0.0363702 0.00140273 0.0817822 423.251 179370 0.956205
0.562 0.335553 0.256516 0.0363487 0.0014011 0.0818637 423.287 179399 0.956586
0.561 0.335297 0.256777 0.0363273 0.00139949 0.081946 423.322 179429 0.956972
0.56 0.33504 0.257041 0.0363063 0.0013979 0.082029 423.358 179459 0.957361
0.559 0.334783 0.25731 0.0362854 0.00139632 0.0821128 423.395 179490 0.957755
0.558 0.334526 0.257582 0.0362648 0.00139477 0.0821973 423.432 179521 0.958154
0.557 0.334268 0.257858 0.0362445 0.00139323 0.0822826 423.47 179553 0.958556
0.556 0.334011 0.258138 0.0362243 0.00139171 0.0823685 423.508 179585 0.958962
0.555 0.333753 0.258423 0.0362044 0.00139021 0.0824553 423.546 179617 0.959373
0.554 0.333494 0.258712 0.0361848 0.00138873 0.0825428 423.585 179650 0.959788
0.553 0.333236 0.259005 0.0361654 0.00138726 0.082631 423.625 179683 0.960207
0.552 0.332977 0.259303 0.0361462 0.00138582 0.08272 423.665 179717 0.96063
0.551 0.332717 0.259605 0.0361273 0.00138439 0.0828097 423.705 179751 0.961058
0.55 0.332458 0.259913 0.0361086 0.00138299 0.0829002 423.746 179785 0.961489
0.549 0.332198 0.260225 0.0360901 0.0013816 0.0829914 423.788 179820 0.961924
0.548 0.331938 0.260542 0.036072 0.00138023 0.0830834 423.83 179856 0.962364
0.547 0.331677 0.260864 0.036054 0.00137888 0.0831762 423.873 179891 0.962808
0.546 0.331417 0.261192 0.0360363 0.00137755 0.0832697 423.916 179928 0.963255
0.545 0.331155 0.261524 0.0360189 0.00137624 0.083364 423.96 179965 0.963707
0.544 0.330894 0.261863 0.0360017 0.00137494 0.0834591 424.004 180002 0.964163
0.543 0.330632 0.262206 0.0359848 0.00137367 0.083555 424.049 180040 0.964622
0.542 0.33037 0.262555 0.0359681 0.00137242 0.0836517 424.094 180078 0.965086
0.541 0.330107 0.26291 0.0359517 0.00137118 0.0837491 424.14 180116 0.965553
0.54 0.329844 0.263271 0.0359355 0.00136997 0.0838474 424.187 180156 0.966025
0.539 0.329581 0.263638 0.0359196 0.00136877 0.0839465 424.234 180195 0.9665
0.538 0.329318 0.264011 0.035904 0.0013676 0.0840465 424.281 180235 0.966979
0.537 0.329054 0.264389 0.0358886 0.00136644 0.0841473 424.329 180276 0.967462
0.536 0.328789 0.264774 0.0358735 0.00136531 0.0842489 424.378 180317 0.967949
0.535 0.328525 0.265165 0.0358587 0.00136419 0.0843514 424.427 180358 0.968439
0.534 0.328259 0.265562 0.0358441 0.0013631 0.0844548 424.477 180401 0.968933
0.533 0.327994 0.265966 0.0358298 0.00136202 0.0845591 424.528 180443 0.969431
0.532 0.327728 0.266375 0.0358158 0.00136097 0.0846643 424.579 180486 0.969933
0.531 0.327462 0.266791 0.0358021 0.00135994 0.0847704 424.63 180530 0.970438
0.53 0.327195 0.267214 0.0357886 0.00135892 0.0848774 424.683 180574 0.970947
0.529 0.326928 0.267643 0.0357754 0.00135793 0.0849855 424.736 180619 0.97146
0.528 0.32666 0.268078 0.0357625 0.00135696 0.0850945 424.789 180664 0.971977
0.527 0.326392 0.26852 0.0357499 0.00135601 0.0852045 424.843 180710 0.972497
0.526 0.326123 0.268968 0.0357376 0.00135508 0.0853155 424.898 180756 0.973021
0.525 0.325854 0.269423 0.0357255 0.00135418 0.0854276 424.953 180803 0.973548
0.524 0.325585 0.269884 0.0357138 0.00135329 0.0855407 425.009 180850 0.974079
0.523 0.325315 0.270351 0.0357023 0.00135243 0.0856549 425.066 180898 0.974614
0.522 0.325045 0.270825 0.0356912 0.00135159 0.0857702 425.123 180946 0.975153
0.521 0.324774 0.271305 0.0356803 0.00135077 0.0858867 425.181 180995 0.975695
0.52 0.324502 0.271791 0.0356698 0.00134998 0.0860043 425.24 181045 0.976241
0.519 0.324231 0.272283 0.0356595 0.0013492 0.0861231 425.299 181095 0.976791
0.518 0.323958 0.272782 0.0356496 0.00134845 0.0862431 425.359 181145 0.977344
0.517 0.323685 0.273286 0.03564 0.00134773 0.0863644 425.419 181196 0.977902
0.516 0.323412 0.273796 0.0356307 0.00134702 0.0864869 425.48 181248 0.978463
0.515 0.323138 0.274311 0.0356217 0.00134634 0.0866108 425.542 181301 0.979029
0.514 0.322864 0.274832 0.035613 0.00134569 0.0867359 425.605 181354 0.979599
0.513 0.322589 0.275359 0.0356047 0.00134505 0.0868624 425.668 181407 0.980172
0.512 0.322314 0.27589 0.0355966 0.00134444 0.0869904 425.732 181461 0.98075
0.511 0.322038 0.276427 0.0355889 0.00134386 0.0871197 425.796 181516 0.981332
0.51 0.321761 0.276969 0.0355816 0.0013433 0.0872505 425.861 181571 0.981919
0.509 0.321484 0.277515 0.0355746 0.00134277 0.0873828 425.927 181627 0.98251
0.508 0.321206 0.278066 0.0355679 0.00134226 0.0875166 425.994 181683 0.983106
0.507 0.320928 0.278621 0.0355615 0.00134177 0.087652 426.061 181741 0.983707
0.506 0.32065 0.279181 0.0355555 0.00134132 0.087789 426.129 181798 0.984312
0.505 0.32037 0.279744 0.0355499 0.00134088 0.0879276 426.198 181857 0.984923
0.504 0.320091 0.280311 0.0355446 0.00134048 0.0880679 426.267 181915 0.985539
0.503 0.31981 0.280881 0.0355397 0.0013401 0.0882099 426.337 181975 0.98616
0.502 0.319529 0.281454 0.0355351 0.00133975 0.0883536 426.408 182035 0.986787
0.501 0.319248 0.282031 0.0355309 0.00133942 0.0884991 426.48 182096 0.987419
0.5 0.318966 0.282609 0.035527 0.00133912 0.0886465 426.552 182157 0.988058
0.499 0.318683 0.283191 0.0355236 0.00133885 0.0887957 426.625 182219 0.988702
0.498 0.3184 0.283774 0.0355205 0.00133861 0.0889467 426.699 182282 0.989353
0.497 0.318116 0.28436 0.0355178 0.00133839 0.0890997 426.773 182345 0.990011
0.496 0.317831 0.284947 0.0355155 0.00133821 0.0892547 426.848 182409 0.990675
0.495 0.317546 0.285535 0.0355135 0.00133805 0.0894117 426.924 182474 0.991346
0.494 0.317261 0.286125 0.035512 0.00133792 0.0895708 427.001 182539 0.992025
0.493 0.316975 0.286715 0.0355108 0.00133782 0.0897319 427.078 182605 0.992711
0.492 0.316688 0.287306 0.0355101 0.00133775 0.0898951 427.156 182671 0.993405
0.491 0.3164 0.287898 0.0355098 0.00133771 0.0900606 427.235 182738 0.994107
0.49 0.316112 0.28849 0.0355098 0.0013377 0.0902282 427.315 182806 0.994818
0.489 0.315824 0.289082 0.0355103 0.00133773 0.090398 427.395 182875 0.995537
0.488 0.315535 0.289673 0.0355112 0.00133778 0.0905702 427.476 182944 0.996265
0.487 0.315245 0.290264 0.0355125 0.00133786 0.0907446 427.558 183013 0.997003
0.486 0.314955 0.290855 0.0355143 0.00133798 0.0909214 427.641 183084 0.99775
0.485 0.314664 0.291445 0.0355164 0.00133812 0.0911006 427.724 183155 0.998507
0.484 0.314372 0.292034 0.035519 0.0013383 0.0912822 427.808 183227 0.999275
0.483 0.31408 0.292622 0.0355221 0.00133852 0.0914663 427.893 183299 1.00005
0.482 0.313787 0.293209 0.0355256 0.00133876 0.0916529 427.979 183372 1.00084
0.481 0.313494 0.293794 0.0355295 0.00133904 0.091842 428.065 183446 1.00164
0.48 0.3132 0.294379 0.0355339 0.00133935 0.0920337 428.152 183520 1.00246
0.479 0.312906 0.294962 0.0355387 0.0013397 0.0922279 428.24 183595 1.00328
0.478 0.312611 0.295544 0.035544 0.00134008 0.0924249 428.329 183671 1.00412
0.477 0.312315 0.296124 0.0355498 0.00134049 0.0926245 428.418 183748 1.00497
0.476 0.312019 0.296703 0.035556 0.00134094 0.0928267 428.509 183825 1.00583
0.475 0.311722 0.297281 0.0355627 0.00134142 0.0930318 428.6 183903 1.0067
0.474 0.311425 0.297858 0.0355699 0.00134194 0.0932396 428.691 183981 1.00759
0.473 0.311127 0.298434 0.0355775 0.0013425 0.0934501 428.784 184060 1.0085
0.472 0.310829 0.29901 0.0355857 0.00134309 0.0936635 428.877 184140 1.00942
0.471 0.31053 0.299584 0.0355943 0.00134372 0.0938798 428.971 184220 1.01035
0.47 0.31023 0.300159 0.0356034 0.00134439 0.094099 429.066 184302 1.0113
0.469 0.30993 0.300733 0.035613 0.00134509 0.094321 429.162 184384 1.01226
0.468 0.309629 0.301307 0.0356232 0.00134583 0.094546 429.258 184466 1.01324
0.467 0.309328 0.301882 0.0356338 0.00134661 0.094774 429.355 184549 1.01424
0.466 0.309026 0.302457 0.0356449 0.00134742 0.095005 429.454 184633 1.01525
0.465 0.308724 0.303034 0.0356566 0.00134828 0.095239 429.552 184718 1.01628
0.464 0.308421 0.303612 0.0356687 0.00134917 0.095476 429.652 184804 1.01733
0.463 0.308117 0.304192 0.0356814 0.0013501 0.0957161 429.752 184890 1.0184
0.462 0.307813 0.304775 0.0356946 0.00135107 0.0959593 429.854 184976 1.01948
0.461 0.307508 0.305361 0.0357084 0.00135209 0.0962057 429.956 185064 1.02058
0.46 0.307203 0.30595 0.0357226 0.00135314 0.0964552 430.058 185152 1.0217
0.459 0.306897 0.306544 0.0357375 0.00135423 0.0967078 430.162 185241 1.02283
0.458 0.30659 0.307142 0.0357528 0.00135536 0.0969637 430.266 185331 1.02399
0.457 0.306283 0.307745 0.0357687 0.00135654 0.0972228 430.372 185421 1.02516
0.456 0.305976 0.308354 0.0357852 0.00135775 0.0974851 430.478 185512 1.02636
0.455 0.305667 0.308969 0.0358022 0.00135901 0.0977507 430.585 185604 1.02757
0.454 0.305358 0.309592 0.0358198 0.00136031 0.0980196 430.692 185697 1.0288
0.453 0.305049 0.310222 0.0358379 0.00136166 0.0982919 430.801 185790 1.03005
0.452 0.304739 0.310861 0.0358566 0.00136304 0.0985675 430.91 185885 1.03133
0.451 0.304428 0.311509 0.0358759 0.00136447 0.0988464 431.021 185979 1.03262
0.45 0.304116 0.312167 0.0358957 0.00136595 0.0991287 431.132 186075 1.03393
0.449 0.303804 0.312835 0.0359161 0.00136746 0.0994145 431.244 186172 1.03526
0.448 0.303492 0.313515 0.0359372 0.00136903 0.0997037 431.356 186269 1.03661
0.447 0.303178 0.314207 0.0359588 0.00137064 0.0999965 431.47 186367 1.03798
0.446 0.302864 0.314911 0.035981 0.00137229 0.100293 431.585 186466 1.03937
0.445 0.302549 0.315629 0.0360038 0.00137399 0.100592 431.7 186565 1.04078
0.444 0.302233 0.316361 0.0360272 0.00137573 0.100896 431.817 186665 1.04221
0.443 0.301917 0.317108 0.0360512 0.00137753 0.101203 431.934 186767 1.04366
0.442 0.3016 0.31787 0.0360759 0.00137937 0.101513 432.052 186869 1.04513
0.441 0.301282 0.318648 0.0361012 0.00138126 0.101828 432.171 186972 1.04662
0.44 0.300964 0.319443 0.0361271 0.00138319 0.102145 432.292 187075 1.04813
0.439 0.300644 0.320255 0.0361536 0.00138518 0.102467 432.413 187180 1.04966
0.438 0.300324 0.321085 0.0361808 0.00138721 0.102793 432.535 187285 1.0512
0.437 0.300003 0.321934 0.0362086 0.0013893 0.103122 432.658 187392 1.05277
0.436 0.299681 0.322801 0.036237 0.00139143 0.103455 432.782 187499 1.05436
0.435 0.299358 0.323688 0.0362662 0.00139362 0.103792 432.907 187607 1.05596
0.434 0.299034 0.324595 0.036296 0.00139586 0.104133 433.033 187716 1.05759
0.433 0.29871 0.325522 0.0363264 0.00139815 0.104478 433.16 187826 1.05923
0.432 0.298384 0.326469 0.0363576 0.00140049 0.104827 433.288 187937 1.06089
0.431 0.298058 0.327437 0.0363894 0.00140289 0.10518 433.417 188049 1.06257
0.43 0.29773 0.328427 0.0364219 0.00140534 0.105538 433.547 188161 1.06426
0.429 0.297402 0.329437 0.0364551 0.00140785 0.105899 433.678 188275 1.06597
0.428 0.297072 0.330469 0.0364891 0.00141041 0.106265 433.81 188390 1.06771
0.427 0.296742 0.331523 0.0365237 0.00141303 0.106635 433.944 188505 1.06945
0.426 0.29641 0.332598 0.0365591 0.00141571 0.107009 434.078 188622 1.07122
0.425 0.296077 0.333694 0.0365952 0.00141844 0.107388 434.214 188740 1.073
0.424 0.295743 0.334812 0.036632 0.00142123 0.107771 434.351 188859 1.0748
0.423 0.295408 0.335951 0.0366696 0.00142409 0.108159 434.489 188978 1.07661
0.422 0.295072 0.337111 0.0367079 0.001427 0.108552 434.628 189099 1.07844
0.421 0.294735 0.338292 0.036747 0.00142998 0.108949 434.768 189221 1.08029
0.42 0.294397 0.339493 0.0367869 0.00143301 0.10935 434.91 189344 1.08215
0.419 0.294057 0.340714 0.0368276 0.00143611 0.109757 435.053 189468 1.08403
0.418 0.293716 0.341954 0.036869 0.00143927 0.110168 435.197 189594 1.08592
0.417 0.293374 0.343214 0.0369113 0.0014425 0.110585 435.342 189720 1.08783
0.416 0.29303 0.344491 0.0369544 0.0014458 0.111006 435.489 189848 1.08975
0.415 0.292685 0.345787 0.0369983 0.00144916 0.111432 435.636 189976 1.09169
0.414 0.292339 0.347099 0.037043 0.00145259 0.111864 435.785 190106 1.09364
0.413 0.291992 0.348427 0.0370886 0.00145608 0.112301 435.936 190237 1.09561
0.412 0.291643 0.349771 0.037135 0.00145965 0.112743 436.088 190370 1.09758
0.411 0.291293 0.351129 0.0371822 0.00146328 0.11319 436.241 190503 1.09958
0.41 0.290942 0.3525 0.0372304 0.00146699 0.113643 436.395 190638 1.10159
0.409 0.290589 0.353884 0.0372794 0.00147077 0.114101 436.551 190774 1.10361
0.408 0.290234 0.35528 0.0373293 0.00147462 0.114565 436.708 190911 1.10564
0.407 0.289879 0.356686 0.0373801 0.00147855 0.115034 436.867 191050 1.10769
0.406 0.289521 0.358102 0.0374317 0.00148255 0.115509 437.027 191190 1.10975
0.405 0.289163 0.359526 0.0374843 0.00148663 0.11599 437.189 191331 1.11182
0.404 0.288803 0.360957 0.0375379 0.00149079 0.116476 437.351 191473 1.11391
0.403 0.288441 0.362395 0.0375923 0.00149502 0.116969 437.516 191617 1.11601
0.402 0.288078 0.363838 0.0376477 0.00149933 0.117467 437.682 191762 1.11812
0.401 0.287714 0.365285 0.037704 0.00150372 0.117972 437.849 191908 1.12025
0.4 0.287348 0.366735 0.0377613 0.0015082 0.118482 438.018 192056 1.12239
0.399 0.286981 0.368186 0.0378196 0.00151275 0.118999 438.188 192205 1.12454
0.398 0.286612 0.369639 0.0378788 0.00151739 0.119522 438.36 192356 1.1267
0.397 0.286242 0.371092 0.037939 0.00152211 0.120052 438.533 192507 1.12888
0.396 0.28587 0.372543 0.0380001 0.00152691 0.120588 438.707 192661 1.13107
0.395 0.285497 0.373993 0.0380623 0.0015318 0.12113 438.884 192815 1.13327
0.394 0.285122 0.375439 0.0381254 0.00153678 0.12168 439.061 192971 1.13549
0.393 0.284746 0.376882 0.0381896 0.00154184 0.122236 439.241 193129 1.13772
0.392 0.284369 0.37832 0.0382547 0.00154699 0.122799 439.421 193288 1.13996
0.391 0.283989 0.379753 0.0383209 0.00155224 0.123369 439.604 193448 1.14222
0.39 0.283609 0.381181 0.0383881 0.00155757 0.123946 439.788 193609 1.14448
0.389 0.283227 0.382602 0.0384563 0.00156299 0.12453 439.973 193773 1.14677
0.388 0.282844 0.384016 0.0385255 0.0015685 0.125122 440.16 193937 1.14906
0.387 0.282459 0.385423 0.0385958 0.00157411 0.125721 440.348 194103 1.15137
0.386 0.282073 0.386823 0.0386672 0.00157981 0.126328 440.538 194270 1.1537
0.385 0.281685 0.388216 0.0387395 0.0015856 0.126942 440.73 194439 1.15603
0.384 0.281296 0.3896 0.038813 0.00159149 0.127565 440.923 194609 1.15839
0.383 0.280906 0.390977 0.0388875 0.00159748 0.128196 441.118 194781 1.16076
0.382 0.280514 0.392347 0.038963 0.00160356 0.128836 441.314 194954 1.16314
0.381 0.280121 0.393709 0.0390397 0.00160975 0.129484 441.512 195129 1.16554
0.38 0.279726 0.395064 0.0391174 0.00161603 0.13014 441.712 195305 1.16795
0.379 0.27933 0.396413 0.0391963 0.00162242 0.130806 441.913 195483 1.17039
0.378 0.278933 0.397756 0.0392762 0.00162891 0.131482 442.115 195662 1.17284
0.377 0.278534 0.399093 0.0393573 0.0016355 0.132166 442.32 195843 1.1753
0.376 0.278134 0.400426 0.0394394 0.0016422 0.132861 442.525 196025 1.17779
0.375 0.277733 0.401754 0.0395228 0.001649 0.133566 442.733 196208 1.18029
0.374 0.27733 0.40308 0.0396072 0.00165592 0.134281 442.942 196393 1.18282
0.373 0.276926 0.404403 0.0396928 0.00166295 0.135007 443.152 196580 1.18536
0.372 0.276521 0.405726 0.0397796 0.00167009 0.135744 443.365 196768 1.18793
0.371 0.276114 0.407049 0.0398676 0.00167734 0.136493 443.579 196958 1.19051
0.37 0.275706 0.408373 0.0399568 0.00168471 0.137253 443.794 197149 1.19313
0.369 0.275297 0.409699 0.0400472 0.0016922 0.138025 444.012 197342 1.19576
0.368 0.274886 0.41103 0.0401389 0.00169982 0.13881 444.231 197537 1.19842
0.367 0.274474 0.412365 0.0402318 0.00170755 0.139608 444.451 197733 1.20111
0.366 0.274061 0.413708 0.040326 0.00171541 0.140419 444.674 197931 1.20382
0.365 0.273646 0.415059 0.0404215 0.0017234 0.141244 444.898 198130 1.20657
0.364 0.27323 0.416419 0.0405184 0.00173153 0.142082 445.124 198331 1.20934
0.363 0.272813 0.417791 0.0406165 0.00173978 0.142936 445.352 198534 1.21214
0.362 0.272394 0.419177 0.0407161 0.00174818 0.143804 445.581 198738 1.21498
0.361 0.271974 0.420577 0.0408171 0.00175671 0.144688 445.812 198945 1.21786
0.36 0.271552 0.421993 0.0409195 0.00176539 0.145588 446.046 199153 1.22077
0.359 0.271129 0.423429 0.0410233 0.00177422 0.146505 446.281 199363 1.22372
0.358 0.270705 0.424884 0.0411287 0.0017832 0.147438 446.518 199574 1.22671
0.357 0.270279 0.426362 0.0412355 0.00179234 0.148389 446.757 199788 1.22975
0.356 0.269851 0.427864 0.0413439 0.00180163 0.149358 446.998 200004 1.23283
0.355 0.269422 0.429392 0.041454 0.00181109 0.150346 447.241 200221 1.23596
0.354 0.268992 0.430948 0.0415656 0.00182072 0.151352 447.486 200440 1.23914
0.353 0.26856 0.432534 0.0416789 0.00183052 0.152379 447.734 200662 1.24238
0.352 0.268126 0.434153 0.0417939 0.00184049 0.153426 447.983 200886 1.24567
0.351 0.267691 0.435807 0.0419107 0.00185065 0.154494 448.235 201111 1.24902
0.35 0.267254 0.437497 0.0420292 0.00186099 0.155584 448.489 201339 1.25244
0.349 0.266815 0.439226 0.0421496 0.00187153 0.156697 448.746 201569 1.25592
0.348 0.266375 0.440997 0.0422718 0.00188226 0.157832 449.004 201802 1.25948
0.347 0.265932 0.442811 0.042396 0.0018932 0.158992 449.266 202037 1.26311
0.346 0.265488 0.444671 0.0425221 0.00190434 0.160176 449.529 202274 1.26681
0.345 0.265042 0.44658 0.0426502 0.0019157 0.161386 449.796 202513 1.27061
0.344 0.264595 0.448539 0.0427804 0.00192728 0.162622 450.065 202756 1.27448
0.343 0.264145 0.450551 0.0429126 0.00193909 0.163885 450.336 203000 1.27846
0.342 0.263693 0.452619 0.0430471 0.00195112 0.165177 450.611 203248 1.28252
0.341 0.263239 0.454745 0.0431837 0.0019634 0.166498 450.888 203498 1.2867
0.34 0.262783 0.456931 0.0433227 0.00197593 0.167849 451.168 203751 1.29097
0.339 0.262324 0.459179 0.0434639 0.00198871 0.169231 451.452 204007 1.29536
0.338 0.261863 0.461492 0.0436076 0.00200176 0.170645 451.738 204266 1.29987
0.337 0.2614 0.463872 0.0437537 0.00201507 0.172092 452.027 204527 1.3045
0.336 0.260935 0.466321 0.0439023 0.00202866 0.173574 452.32 204792 1.30925
0.335 0.260467 0.468841 0.0440535 0.00204254 0.175091 452.616 205061 1.31414
0.334 0.259997 0.471434 0.0442074 0.00205672 0.176645 452.916 205332 1.31917
0.333 0.259523 0.474102 0.044364 0.00207121 0.178237 453.219 205607 1.32434
0.332 0.259047 0.476856 0.0445234 0.00208601 0.179872 453.525 205885 1.32968
0.331 0.258569 0.480212 0.0446858 0.0021013 0.181802 453.836 206167 1.3359
0.33 0.25808 0.511326 0.0448597 0.00212535 0.197168 454.157 206466 1.38071
0.329 0.257211 2.05331 0.0454926 0.00260598 0.939116 454.878 207438 3.50525
0.328 0.235824 84.1051 0.0709017 0.0278945 40.1574 477.053 244845 110.339
0.327 -0.216973 722.111 0.616367 0.574459 342.695 949.312 1.04697e+06 469.605
0.326 -0.494067 32.5717 0.948619 0.908113 14.5508 1236.66 1.53548e+06 15.2869
0.325 -0.503553 2.61628 0.958204 0.918377 0.394784 1244.73 1.54953e+06 0.411487
0.324 -0.505774 2.10151 0.959052 0.919869 0.157166 1245.26 1.55073e+06 0.165676
0.323 -0.507862 2.07884 0.959747 0.9212 0.150711 1245.65 1.55171e+06 0.160915
0.322 -0.509933 2.06419 0.960431 0.92251 0.14794 1246.04 1.55267e+06 0.159935
0.321 -0.51199 2.04989 0.961104 0.923802 0.145271 1246.42 1.55362e+06 0.159005
0.32 -0.514032 2.03585 0.961768 0.925077 0.142648 1246.79 1.55456e+06 0.158069
0.319 -0.516061 2.02209 0.962423 0.926335 0.140068 1247.17 1.55549e+06 0.157128
0.318 -0.518076 2.0086 0.963068 0.927576 0.137532 1247.53 1.5564e+06 0.156181
0.317 -0.520077 1.9954 0.963704 0.9288 0.135039 1247.9 1.55731e+06 0.155232
0.316 -0.522066 1.98249 0.964331 0.930007 0.132588 1248.26 1.5582e+06 0.154281
0.315 -0.524042 1.96986 0.964949 0.931198 0.130179 1248.61 1.55909e+06 0.153332
0.314 -0.526005 1.9575 0.965559 0.932374 0.127814 1248.96 1.55996e+06 0.152386
0.313 -0.527956 1.9454 0.96616 0.933533 0.125494 1249.31 1.56083e+06 0.151447
0.312 -0.529895 1.93356 0.966752 0.934677 0.12322 1249.65 1.56169e+06 0.150515
0.311 -0.531822 1.92194 0.967337 0.935806 0.120992 1249.99 1.56254e+06 0.149595
0.31 -0.533738 1.91053 0.967913 0.936919 0.118813 1250.33 1.56338e+06 0.148687
0.309 -0.535643 1.89931 0.968481 0.938018 0.116683 1250.66 1.56421e+06 0.147793
0.308 -0.537536 1.88825 0.969041 0.939103 0.114604 1250.99 1.56503e+06 0.146917
0.307 -0.539419 1.87733 0.969594 0.940173 0.112575 1251.32 1.56585e+06 0.14606
0.306 -0.54129 1.86653 0.970139 0.941229 0.110596 1251.64 1.56666e+06 0.145223
0.305 -0.543151 1.85582 0.970677 0.942272 0.108667 1251.96 1.56746e+06 0.144408
0.304 -0.545001 1.8452 0.971208 0.943301 0.106786 1252.28 1.56826e+06 0.143618
0.303 -0.546841 1.83464 0.971731 0.944317 0.104952 1252.59 1.56904e+06 0.142853
0.302 -0.54867 1.82412 0.972247 0.945319 0.103162 1252.9 1.56982e+06 0.142115
0.301 -0.550489 1.81365 0.972757 0.946309 0.101413 1253.21 1.57059e+06 0.141405
0.3 -0.552297 1.8032 0.97326 0.947286 0.0997022 1253.52 1.57136e+06 0.140724
0.299 -0.554094 1.79277 0.973756 0.948251 0.0980255 1253.82 1.57211e+06 0.140073
0.298 -0.555882 1.78237 0.974245 0.949203 0.0963796 1254.12 1.57286e+06 0.139451
0.297 -0.557658 1.77199 0.974728 0.950143 0.0947608 1254.41 1.5736e+06 0.13886
0.296 -0.559425 1.76165 0.975204 0.951071 0.0931656 1254.7 1.57433e+06 0.138299
0.295 -0.561181 1.75136 0.975674 0.951987 0.0915907 1254.99 1.57506e+06 0.137765
0.294 -0.562927 1.74113 0.976137 0.95289 0.0900334 1255.28 1.57578e+06 0.137258
0.293 -0.564662 1.731 0.976594 0.953782 0.0884913 1255.56 1.57649e+06 0.136775
0.292 -0.566387 1.72097 0.977045 0.954661 0.0869627 1255.84 1.57719e+06 0.136312
0.291 -0.568103 1.71109 0.97749 0.955529 0.0854465 1256.12 1.57788e+06 0.135867
0.29 -0.569809 1.70137 0.977928 0.956385 0.0839423 1256.39 1.57857e+06 0.135435
0.289 -0.571505 1.69185 0.97836 0.957229 0.0824502 1256.66 1.57925e+06 0.135009
0.288 -0.573191 1.68255 0.978786 0.958062 0.0809709 1256.93 1.57993e+06 0.134586
0.287 -0.574868 1.67348 0.979206 0.958883 0.0795056 1257.2 1.5806e+06 0.134157
0.286 -0.576537 1.66465 0.979619 0.959693 0.078056 1257.46 1.58126e+06 0.133717
0.285 -0.578197 1.65607 0.980027 0.960491 0.0766236 1257.72 1.58192e+06 0.13326
0.284 -0.579848 1.64772 0.980429 0.961278 0.0752105 1257.98 1.58257e+06 0.132778
0.283 -0.581491 1.63957 0.980825 0.962053 0.0738182 1258.24 1.58321e+06 0.132265
0.282 -0.583126 1.63159 0.981215 0.962818 0.0724483 1258.49 1.58385e+06 0.131715
0.281 -0.584753 1.62373 0.981599 0.963572 0.0711019 1258.75 1.58449e+06 0.131124
0.28 -0.586372 1.61595 0.981978 0.964315 0.0697798 1259 1.58512e+06 0.130488
0.279 -0.587983 1.60819 0.982351 0.965047 0.0684822 1259.25 1.58575e+06 0.129805
0.278 -0.589587 1.60038 0.982719 0.965769 0.0672086 1259.49 1.58637e+06 0.129074
0.277 -0.591183 1.59249 0.983081 0.96648 0.0659584 1259.74 1.58698e+06 0.128297
0.276 -0.59277 1.58447 0.983438 0.96718 0.0647303 1259.98 1.5876e+06 0.127477
0.275 -0.59435 1.57627 0.983789 0.96787 0.0635229 1260.22 1.5882e+06 0.12662
0.274 -0.595922 1.5679 0.984134 0.96855 0.0623345 1260.46 1.5888e+06 0.125734
0.273 -0.597485 1.55933 0.984474 0.969219 0.0611634 1260.7 1.5894e+06 0.124828
0.272 -0.599039 1.55058 0.984809 0.969878 0.0600082 1260.93 1.58999e+06 0.123913
0.271 -0.600584 1.54167 0.985138 0.970525 0.0588675 1261.16 1.59057e+06 0.123002
0.27 -0.602121 1.53265 0.985462 0.971163 0.0577404 1261.39 1.59114e+06 0.122109
0.269 -0.603649 1.52357 0.985781 0.97179 0.0566266 1261.62 1.59171e+06 0.121246
0.268 -0.605167 1.51448 0.986094 0.972406 0.0555259 1261.84 1.59228e+06 0.120426
0.267 -0.606677 1.50543 0.986401 0.973013 0.054439 1262.06 1.59284e+06 0.119661
0.266 -0.608178 1.4965 0.986704 0.973609 0.0533665 1262.28 1.59339e+06 0.118962
0.265 -0.609669 1.48772 0.987001 0.974194 0.0523097 1262.49 1.59393e+06 0.118336
0.264 -0.611153 1.47915 0.987293 0.97477 0.0512698 1262.71 1.59447e+06 0.11779
0.263 -0.612628 1.47081 0.98758 0.975336 0.0502482 1262.92 1.595e+06 0.117327
0.262 -0.614094 1.46274 0.987862 0.975893 0.0492462 1263.13 1.59553e+06 0.116949
0.261 -0.615553 1.45494 0.988139 0.97644 0.0482647 1263.33 1.59605e+06 0.116653
0.26 -0.617004 1.4474 0.988411 0.976978 0.0473044 1263.54 1.59657e+06 0.116437
0.259 -0.618448 1.44011 0.988679 0.977508 0.0463655 1263.74 1.59709e+06 0.116296
0.258 -0.619885 1.43306 0.988943 0.978029 0.0454477 1263.95 1.5976e+06 0.116223
0.257 -0.621314 1.4262 0.989202 0.978541 0.0445504 1264.15 1.5981e+06 0.116212
0.256 -0.622737 1.4195 0.989457 0.979045 0.0436722 1264.35 1.59861e+06 0.116256
0.255 -0.624154 1.41294 0.989708 0.979541 0.0428117 1264.54 1.59911e+06 0.116349
0.254 -0.625563 1.40648 0.989955 0.980029 0.0419668 1264.74 1.5996e+06 0.116484
0.253 -0.626966 1.40009 0.990198 0.98051 0.0411355 1264.94 1.6001e+06 0.116657
0.252 -0.628363 1.39377 0.990437 0.980983 0.0403155 1265.13 1.60059e+06 0.116863
0.251 -0.629753 1.38749 0.990672 0.981448 0.0395047 1265.32 1.60108e+06 0.117098
0.25 -0.631137 1.38127 0.990903 0.981906 0.0387013 1265.52 1.60157e+06 0.117359
0.249 -0.632515 1.3751 0.991131 0.982356 0.0379035 1265.71 1.60206e+06 0.117644
0.248 -0.633886 1.36902 0.991354 0.982799 0.0371101 1265.9 1.60254e+06 0.117947
0.247 -0.635252 1.36303 0.991574 0.983235 0.0363203 1266.09 1.60302e+06 0.118266
0.246 -0.636611 1.35718 0.99179 0.983663 0.0355337 1266.28 1.60349e+06 0.118595
0.245 -0.637965 1.35148 0.992002 0.984083 0.0347505 1266.46 1.60397e+06 0.118928
0.244 -0.639312 1.34596 0.992211 0.984497 0.0339713 1266.65 1.60443e+06 0.119258
0.243 -0.640655 1.34065 0.992416 0.984903 0.0331972 1266.83 1.6049e+06 0.119577
0.242 -0.641992 1.33554 0.992617 0.985302 0.0324293 1267.01 1.60536e+06 0.119877
0.241 -0.643324 1.33064 0.992815 0.985694 0.0316695 1267.19 1.60581e+06 0.120151
0.24 -0.644651 1.32593 0.993008 0.986079 0.0309194 1267.37 1.60627e+06 0.120391
0.239 -0.645974 1.3214 0.993199 0.986456 0.0301808 1267.55 1.60671e+06 0.120594
0.238 -0.647292 1.317 0.993385 0.986827 0.0294556 1267.72 1.60716e+06 0.120757
0.237 -0.648606 1.31269 0.993568 0.98719 0.0287454 1267.9 1.60759e+06 0.12088
0.236 -0.649916 1.30843 0.993748 0.987546 0.0280517 1268.07 1.60803e+06 0.12097
0.235 -0.651222 1.30417 0.993923 0.987894 0.0273756 1268.24 1.60846e+06 0.121034
0.234 -0.652523 1.29985 0.994095 0.988236 0.0267181 1268.41 1.60889e+06 0.121085
0.233 -0.653821 1.29545 0.994263 0.98857 0.0260797 1268.57 1.60931e+06 0.121138
0.232 -0.655114 1.29093 0.994428 0.988896 0.0254606 1268.74 1.60974e+06 0.121211
0.231 -0.656403 1.28627 0.994588 0.989216 0.0248606 1268.9 1.61015e+06 0.121322
0.23 -0.657687 1.28149 0.994745 0.989528 0.0242792 1269.07 1.61057e+06 0.12149
0.229 -0.658967 1.27658 0.994898 0.989832 0.0237157 1269.23 1.61098e+06 0.121733
0.228 -0.660242 1.27157 0.995048 0.990129 0.023169 1269.39 1.61139e+06 0.122063
0.227 -0.661512 1.2665 0.995193 0.990419 0.0226381 1269.55 1.6118e+06 0.12249
0.226 -0.662777 1.26141 0.995335 0.990701 0.0221215 1269.71 1.6122e+06 0.123018
0.225 -0.664038 1.25634 0.995474 0.990977 0.021618 1269.87 1.6126e+06 0.123646
0.224 -0.665293 1.25133 0.995609 0.991246 0.0211261 1270.03 1.613e+06 0.124364
0.223 -0.666544 1.24642 0.995741 0.991508 0.0206446 1270.18 1.6134e+06 0.125159
0.222 -0.66779 1.24164 0.995869 0.991764 0.020172 1270.34 1.61379e+06 0.126011
0.221 -0.669031 1.23699 0.995995 0.992013 0.0197073 1270.49 1.61418e+06 0.126894
0.22 -0.670268 1.23248 0.996117 0.992257 0.0192491 1270.64 1.61456e+06 0.127781
0.219 -0.6715 1.22809 0.996237 0.992495 0.0187962 1270.79 1.61495e+06 0.128641
0.218 -0.672728 1.22381 0.996354 0.992728 0.0183475 1270.94 1.61533e+06 0.129444
0.217 -0.673951 1.2196 0.996468 0.992956 0.0179017 1271.09 1.6157e+06 0.130158
0.216 -0.67517 1.21541 0.99658 0.993179 0.0174575 1271.24 1.61608e+06 0.130758
0.215 -0.676385 1.21121 0.99669 0.993397 0.0170138 1271.38 1.61645e+06 0.131217
0.214 -0.677595 1.20695 0.996797 0.99361 0.0165691 1271.53 1.61682e+06 0.131517
0.213 -0.6788 1.20261 0.996902 0.993819 0.0161224 1271.67 1.61719e+06 0.131643
0.212 -0.680001 1.19814 0.997004 0.994023 0.0156727 1271.82 1.61756e+06 0.131586
0.211 -0.681197 1.19353 0.997105 0.994223 0.0152193 1271.96 1.61793e+06 0.131341
0.21 -0.682388 1.18877 0.997203 0.994419 0.0147618 1272.11 1.61829e+06 0.130911
0.209 -0.683574 1.18388 0.997299 0.99461 0.0143006 1272.25 1.61865e+06 0.130301
0.208 -0.684755 1.17888 0.997393 0.994798 0.0138365 1272.39 1.61902e+06 0.129524
0.207 -0.68593 1.1738 0.997485 0.99498 0.013371 1272.53 1.61938e+06 0.128592
0.206 -0.6871 1.16871 0.997574 0.995159 0.012906 1272.68 1.61974e+06 0.127523
0.205 -0.688264 1.16364 0.997662 0.995333 0.012444 1272.82 1.62009e+06 0.126336
0.204 -0.689424 1.15869 0.997747 0.995503 0.0119881 1272.96 1.62045e+06 0.12505
0.203 -0.690578 1.15391 0.99783 0.995669 0.0115411 1273.1 1.6208e+06 0.123688
0.202 -0.691728 1.14937 0.997911 0.99583 0.0111059 1273.23 1.62116e+06 0.12227
0.201 -0.692873 1.14513 0.99799 0.995987 0.0106851 1273.37 1.62151e+06 0.12082
0.2 -0.694015 1.14122 0.998066 0.996139 0.0102804 1273.51 1.62185e+06 0.119359
0.199 -0.695152 1.13768 0.99814 0.996288 0.00989298 1273.64 1.6222e+06 0.117913
0.198 -0.696287 1.1345 0.998213 0.996432 0.00952282 1273.78 1.62254e+06 0.116505
0.197 -0.697419 1.13165 0.998283 0.996571 0.00916907 1273.91 1.62289e+06 0.115157
0.196 -0.698549 1.12909 0.99835 0.996707 0.00882996 1274.05 1.62323e+06 0.113894
0.195 -0.699677 1.12672 0.998416 0.996838 0.008503 1274.18 1.62357e+06 0.112735
0.194 -0.700803 1.12447 0.99848 0.996965 0.00818524 1274.31 1.62391e+06 0.111697
0.193 -0.701927 1.12224 0.998542 0.997088 0.00787361 1274.45 1.62424e+06 0.110794
0.192 -0.70305 1.11991 0.998601 0.997207 0.00756523 1274.58 1.62458e+06 0.110031
0.191 -0.704171 1.1174 0.998659 0.997322 0.00725776 1274.71 1.62491e+06 0.109409
0.19 -0.705289 1.11464 0.998715 0.997433 0.00694969 1274.84 1.62524e+06 0.108921
0.189 -0.706405 1.11159 0.998768 0.99754 0.00664049 1274.97 1.62557e+06 0.108555
0.188 -0.707519 1.10824 0.99882 0.997643 0.00633071 1275.1 1.6259e+06 0.108294
0.187 -0.708629 1.10463 0.99887 0.997743 0.00602194 1275.23 1.62623e+06 0.108121
0.186 -0.709736 1.10084 0.998918 0.997838 0.00571662 1275.36 1.62656e+06 0.10802
0.185 -0.710838 1.09697 0.998964 0.99793 0.00541785 1275.48 1.62688e+06 0.107978
0.184 -0.711937 1.09315 0.999008 0.998019 0.00512899 1275.61 1.6272e+06 0.107993
0.183 -0.713032 1.08952 0.999051 0.998105 0.00485341 1275.73 1.62752e+06 0.10807
0.182 -0.714123 1.08621 0.999093 0.998188 0.00459406 1275.86 1.62784e+06 0.108225
0.181 -0.71521 1.08334 0.999133 0.998268 0.00435325 1275.98 1.62815e+06 0.108481
0.18 -0.716295 1.08097 0.999171 0.998345 0.00413243 1276.1 1.62847e+06 0.108867
0.179 -0.717376 1.07916 0.999209 0.99842 0.00393204 1276.23 1.62878e+06 0.109415
0.178 -0.718456 1.07788 0.999246 0.998493 0.00375154 1276.35 1.62909e+06 0.110154
0.177 -0.719534 1.07705 0.999281 0.998564 0.00358947 1276.47 1.62941e+06 0.111103
0.176 -0.720611 1.07657 0.999316 0.998633 0.00344366 1276.59 1.62972e+06 0.11227
0.175 -0.721688 1.07628 0.999349 0.9987 0.00331143 1276.71 1.63003e+06 0.113647
0.174 -0.722764 1.07601 0.999382 0.998765 0.00318991 1276.84 1.63033e+06 0.115209
0.173 -0.72384 1.07558 0.999413 0.998828 0.00307629 1276.96 1.63064e+06 0.116913
0.172 -0.724916 1.07482 0.999444 0.998889 0.00296809 1277.08 1.63095e+06 0.118703
0.171 -0.725991 1.07362 0.999473 0.998948 0.00286329 1277.2 1.63126e+06 0.120511
0.17 -0.727065 1.07188 0.999502 0.999004 0.00276046 1277.31 1.63156e+06 0.122267
0.169 -0.728137 1.06959 0.999529 0.999059 0.00265872 1277.43 1.63186e+06 0.123898
0.168 -0.729208 1.06677 0.999555 0.999111 0.00255764 1277.55 1.63216e+06 0.125339
0.167 -0.730277 1.06351 0.99958 0.99916 0.00245709 1277.67 1.63246e+06 0.126534
0.166 -0.731344 1.05993 0.999603 0.999207 0.00235701 1277.78 1.63276e+06 0.127445
0.165 -0.732407 1.05621 0.999625 0.999252 0.00225724 1277.9 1.63305e+06 0.128046
0.164 -0.733468 1.05252 0.999646 0.999294 0.00215738 1278.01 1.63335e+06 0.128331
0.163 -0.734526 1.04905 0.999666 0.999334 0.0020567 1278.13 1.63364e+06 0.128306
0.162 -0.735582 1.04595 0.999685 0.999371 0.00195419 1278.24 1.63394e+06 0.127991
0.161 -0.736635 1.04337 0.999703 0.999407 0.00184865 1278.36 1.63423e+06 0.127414
0.16 -0.737687 1.04139 0.99972 0.99944 0.00173891 1278.47 1.63452e+06 0.126607
0.159 -0.738737 1.04004 0.999736 0.999472 0.00162401 1278.59 1.63482e+06 0.125601
0.158 -0.739786 1.03929 0.999751 0.999503 0.00150338 1278.71 1.63511e+06 0.124427
0.157 -0.740834 1.039 0.999766 0.999531 0.00137702 1278.82 1.63541e+06 0.123108
0.156 -0.741882 1.03902 0.999779 0.999559 0.00124553 1278.94 1.63571e+06 0.121666
0.155 -0.742929 1.03913 0.999792 0.999585 0.00111007 1279.05 1.636e+06 0.120118
0.154 -0.743975 1.03911 0.999805 0.99961 0.000972222 1279.17 1.6363e+06 0.118484
0.153 -0.74502 1.03875 0.999816 0.999633 0.000833827 1279.29 1.6366e+06 0.116792
0.152 -0.746064 1.03794 0.999828 0.999655 0.000696807 1279.4 1.63689e+06 0.115079
0.151 -0.747106 1.03665 0.999838 0.999676 0.00056308 1279.52 1.63719e+06 0.113403
0.15 -0.748145 1.03498 0.999848 0.999696 0.0004346 1279.63 1.63748e+06 0.111838
0.149 -0.749181 1.03315 0.999857 0.999715 0.000313549 1279.74 1.63777e+06 0.110477
0.148 -0.750215 1.03143 0.999866 0.999733 0.000202659 1279.86 1.63806e+06 0.109424
0.147 -0.751246 1.03013 0.999875 0.99975 0.000105551 1279.97 1.63834e+06 0.108784
0.146 -0.752276 1.02951 0.999883 0.999766 2.69599e-05 1280.08 1.63863e+06 0.10865
0.145 -0.753304 1.02971 0.99989 0.999781 -2.73213e-05 1280.19 1.63891e+06 0.109081
0.144 -0.754332 1.03072 0.999898 0.999795 -5.09267e-05 1280.3 1.6392e+06 0.110092
0.143 -0.75536 1.03233 0.999905 0.999809 -3.78798e-05 1280.41 1.63948e+06 0.111637
0.142 -0.756389 1.03419 0.999911 0.999823 1.60425e-05 1280.52 1.63976e+06 0.113602
0.141 -0.757418 1.03582 0.999918 0.999835 0.000111781 1280.63 1.64004e+06 0.115813
0.14 -0.758449 1.03676 0.999924 0.999848 0.000245671 1280.74 1.64031e+06 0.118042
0.139 -0.759478 1.03658 0.99993 0.999859 0.000408758 1280.85 1.64059e+06 0.120041
0.138 -0.760506 1.03502 0.999935 0.99987 0.000587125 1280.95 1.64087e+06 0.121565
0.137 -0.761532 1.03202 0.99994 0.99988 0.000763409 1281.06 1.64114e+06 0.122413
0.136 -0.762553 1.02772 0.999945 0.99989 0.00091939 1281.17 1.64142e+06 0.122454
0.135 -0.76357 1.02244 0.999949 0.999899 0.00103924 1281.28 1.64169e+06 0.121654
0.134 -0.764582 1.01658 0.999953 0.999907 0.00111277 1281.39 1.64197e+06 0.12008
0.133 -0.765589 1.01058 0.999957 0.999915 0.0011379 1281.49 1.64225e+06 0.117899
0.132 -0.766592 1.00485 0.999961 0.999922 0.00112177 1281.6 1.64253e+06 0.115359
0.131 -0.767591 0.999729 0.999964 0.999928 0.0010801 1281.71 1.64281e+06 0.112762
0.13 -0.768587 0.995472 0.999967 0.999934 0.00103477 1281.82 1.64309e+06 0.110425
0.129 -0.769583 0.992321 0.99997 0.999939 0.0010101 1281.93 1.64337e+06 0.108655
0.128 -0.770579 0.99053 0.999972 0.999944 0.00102837 1282.05 1.64366e+06 0.107705
0.127 -0.771577 0.990394 0.999974 0.999949 0.00110554 1282.16 1.64394e+06 0.10776
0.126 -0.77258 0.992229 0.999976 0.999953 0.00124793 1282.27 1.64423e+06 0.10891
0.125 -0.77359 0.996291 0.999978 0.999956 0.00145043 1282.38 1.64452e+06 0.111145
0.124 -0.774608 1.00262 0.99998 0.99996 0.00169665 1282.49 1.64481e+06 0.114351
0.123 -0.775636 1.01088 0.999982 0.999963 0.00196085 1282.61 1.6451e+06 0.118322
0.122 -0.776676 1.0202 0.999983 0.999967 0.00221145 1282.72 1.64539e+06 0.122775
0.121 -0.777728 1.02919 0.999985 0.99997 0.00241536 1282.83 1.64568e+06 0.127373
0.12 -0.778789 1.03607 0.999986 0.999973 0.00254262 1282.95 1.64598e+06 0.13176
0.119 -0.779856 1.03909 0.999988 0.999976 0.00257053 1283.06 1.64627e+06 0.135597
0.118 -0.780923 1.03697 0.999989 0.999979 0.00248659 1283.18 1.64657e+06 0.138603
0.117 -0.781985 1.02937 0.99999 0.999981 0.00228985 1283.29 1.64686e+06 0.140588
0.116 -0.783036 1.01704 0.999992 0.999984 0.00199049 1283.41 1.64715e+06 0.14148
0.115 -0.784071 1.00166 0.999993 0.999986 0.00160791 1283.52 1.64744e+06 0.141329
0.114 -0.785088 0.985391 0.999994 0.999988 0.00116796 1283.63 1.64773e+06 0.140296
0.113 -0.786087 0.970291 0.999995 0.999989 0.000700113 1283.74 1.64801e+06 0.138634
0.112 -0.78707 0.957883 0.999995 0.999991 0.000235061 1283.85 1.64829e+06 0.136644
0.111 -0.788039 0.948957 0.999996 0.999992 -0.000197096 1283.96 1.64856e+06 0.13465
0.11 -0.788998 0.943654 0.999997 0.999993 -0.000568259 1284.06 1.64883e+06 0.132951
0.109 -0.78995 0.941678 0.999997 0.999994 -0.000853852 1284.17 1.6491e+06 0.131798
0.108 -0.790899 0.942449 0.999997 0.999995 -0.00103483 1284.27 1.64937e+06 0.131362
0.107 -0.791847 0.94503 0.999998 0.999995 -0.00110022 1284.37 1.64963e+06 0.131718
0.106 -0.792794 0.947824 0.999998 0.999996 -0.00104967 1284.47 1.64989e+06 0.132835
0.105 -0.79374 0.948204 0.999998 0.999996 -0.000894997 1284.57 1.65015e+06 0.134583
0.104 -0.794679 0.942439 0.999998 0.999997 -0.000659752 1284.67 1.6504e+06 0.136738
0.103 -0.795602 0.926222 0.999999 0.999997 -0.000375921 1284.77 1.65064e+06 0.139009
0.102 -0.796498 0.895847 0.999999 0.999998 -7.82833e-05 1284.86 1.65088e+06 0.141071
0.101 -0.79735 0.849608 0.999999 0.999998 0.000202113 1284.94 1.6511e+06 0.142612
