0 -0.38 inf 1 1 -nan 1128.96 1.27455e+06 -inf
0.01 -0.369984 0.997244 1 1 0 1126.83 1.26974e+06 0.223561
0.02 -0.359945 1.00579 1 1 0 1124.65 1.26484e+06 0.220369
0.03 -0.349878 1.00884 1 1 0 1122.46 1.25993e+06 0.225898
0.04 -0.339754 1.01021 1 1 2.17003e-06 1120.3 1.25508e+06 0.222951
0.05 -0.32962 1.00268 0.999997 0.999995 5.20052e-05 1118.15 1.25028e+06 0.222477
0.06 -0.319358 1.02846 0.999977 0.999955 0.000382766 1115.93 1.24532e+06 0.223303
0.07 -0.309063 1.04286 0.999884 0.999768 0.00164354 1113.7 1.24034e+06 0.2251
0.08 -0.298603 1.06082 0.999584 0.999169 0.00533298 1111.24 1.23487e+06 0.22664
0.09 -0.287761 1.10031 0.99884 0.997683 0.0130654 1108.81 1.22948e+06 0.230633
0.1 -0.276276 1.16482 0.997434 0.994878 0.0260925 1106.08 1.22345e+06 0.238361
0.11 -0.26424 1.26668 0.994975 0.989984 0.0476993 1102.78 1.21615e+06 0.235763
0.12 -0.251061 1.38204 0.991194 0.982483 0.0782178 1099.07 1.20799e+06 0.252152
0.13 -0.236668 1.5076 0.985709 0.971649 0.119587 1094.57 1.19812e+06 0.268832
0.14 -0.220777 1.67825 0.978028 0.956582 0.178208 1089.16 1.18632e+06 0.288606
0.15 -0.203021 1.91028 0.967657 0.936427 0.26076 1082.39 1.17161e+06 0.315331
0.16 -0.18328 2.14147 0.954205 0.91061 0.365756 1074.32 1.15422e+06 0.364107
0.17 -0.160175 2.42777 0.936075 0.876391 0.526218 1063.7 1.13153e+06 0.428253
0.18 -0.13319 3.00984 0.91171 0.831467 0.804731 1049.84 1.10227e+06 0.569572
0.19 -0.0999721 3.78459 0.876772 0.76916 1.30684 1029.96 1.06099e+06 0.848707
0.2 0.185587 1.12753 0.167977 0.0288246 1.75242 557.985 311715 3.29004
0.21 0.196291 1.02137 0.154933 0.0245161 1.40356 545.191 297560 2.85815
0.22 0.205406 0.890816 0.146468 0.0219028 1.1777 536.093 287694 2.52748
0.23 0.214082 0.804442 0.139856 0.0199738 1.03692 528.414 279499 2.28274
0.24 0.221867 0.766401 0.135327 0.0186977 0.922279 522.423 273195 2.15187
0.25 0.229221 0.730123 0.131361 0.0176218 0.843676 516.897 267449 2.05846
0.26 0.236473 0.674503 0.128422 0.0168348 0.758758 512.035 262433 1.90423
0.27 0.243147 0.653099 0.126391 0.0162909 0.674627 508.292 258593 1.69371
0.28 0.249384 0.624037 0.125838 0.0161554 0.658358 505.926 256203 1.70431
0.29 0.255657 0.601629 0.123791 0.0156337 0.6146 501.919 252160 1.62992
0.3 0.261353 0.598312 0.124805 0.0158899 0.602212 500.857 251103 1.62736
0.31 0.267327 0.565625 0.124434 0.0157866 0.562602 498.474 248715 1.54229
0.32 0.272762 0.558871 0.124387 0.0157776 0.549796 496.662 246916 1.52493
0.33 0.278458 0.54262 0.124669 0.0158334 0.507889 495.184 245439 1.4145
0.34 0.283944 0.531581 0.125115 0.0159577 0.514707 493.676 243959 1.44689
0.35 0.288984 0.521953 0.126542 0.0163149 0.497181 493.17 243461 1.41606
0.36 0.293899 0.516337 0.12688 0.0164001 0.482429 491.832 242145 1.39504
0.37 0.298982 0.489419 0.128443 0.016797 0.466295 491.501 241820 1.35231
0.38 0.304025 0.485245 0.128893 0.0169233 0.469875 490.345 240693 1.36717
0.39 0.309146 0.488403 0.13042 0.0173066 0.439083 489.984 240327 1.27094
0.4 0.313783 0.483362 0.131268 0.0175335 0.435163 489.178 239544 1.27119
0.41 0.318415 0.491764 0.13288 0.0179636 0.430452 489.21 239574 1.2376
0.42 0.323394 0.468085 0.134329 0.0183549 0.426003 488.709 239092 1.24802
0.43 0.328077 0.462227 0.135697 0.0187243 0.416098 488.502 238890 1.21949
0.44 0.332694 0.45865 0.13773 0.019289 0.418249 488.809 239199 1.23119
0.45 0.337189 0.458035 0.139405 0.0197601 0.41762 488.929 239319 1.21802
0.46 0.341728 0.446386 0.140697 0.0201173 0.402754 488.541 238938 1.18261
0.47 0.345982 0.444953 0.142566 0.0206492 0.397427 489.005 239391 1.15631
0.48 0.350637 0.443295 0.144194 0.0211166 0.389736 488.952 239340 1.13058
0.49 0.355039 0.448337 0.145847 0.0215951 0.380578 489.037 239423 1.11111
0.5 0.359549 0.444599 0.148288 0.0223273 0.389475 489.82 240201 1.13273
0.51 0.363983 0.442875 0.150038 0.0228502 0.382582 490.101 240479 1.12316
0.52 0.368054 0.434109 0.151589 0.0233214 0.379025 490.156 240534 1.10253
0.53 0.372704 0.432835 0.152985 0.0237577 0.383847 489.982 240374 1.12585
0.54 0.376768 0.435488 0.155472 0.0245218 0.373563 491.067 241427 1.05717
0.55 0.381107 0.431039 0.15733 0.0250943 0.357557 491.41 241763 1.03459
0.56 0.385538 0.431176 0.158935 0.0256133 0.363138 491.515 241875 1.04852
0.57 0.389532 0.423584 0.160844 0.0262185 0.351522 492.078 242428 1.0247
0.58 0.394164 0.416956 0.162648 0.0268147 0.357836 492.29 242641 1.02064
0.59 0.398016 0.420288 0.165153 0.0276406 0.35638 493.41 243753 1.02992
0.6 0.402628 0.421125 0.167074 0.0282814 0.352817 493.862 244203 1.02388
0.61 0.40645 0.421373 0.168847 0.0288785 0.34859 494.12 244454 0.994006
0.62 0.410924 0.414759 0.170494 0.0294339 0.339679 494.58 244906 0.967207
0.63 0.414982 0.416862 0.172826 0.03023 0.330263 495.562 245876 0.94276
0.64 0.418958 0.416917 0.174871 0.0309568 0.339331 496.321 246643 0.971826
0.65 0.423047 0.41094 0.17652 0.0315427 0.339841 496.581 246909 0.97963
0.66 0.427352 0.410744 0.178658 0.0322997 0.332489 497.252 247569 0.940453
0.67 0.431406 0.414504 0.180833 0.0330806 0.326643 498.317 248625 0.912272
0.68 0.435437 0.404477 0.182274 0.0336055 0.323164 498.207 248524 0.923609
0.69 0.439581 0.40882 0.184617 0.034466 0.319431 499.351 249661 0.898354
0.7 0.443647 0.404139 0.186675 0.0352351 0.318861 500.011 250330 0.912743
0.71 0.44756 0.401883 0.188372 0.0358742 0.316643 500.476 250794 0.895259
0.72 0.451527 0.405032 0.190236 0.0365794 0.311838 501.13 251454 0.894967
0.73 0.455763 0.395112 0.191314 0.0369942 0.310385 500.572 250900 0.895608
0.74 0.459604 0.389887 0.193349 0.0377765 0.30575 501.786 252108 0.857789
0.75 0.463605 0.392169 0.196035 0.0388286 0.306265 503.134 253478 0.885305
0.76 0.467408 0.390263 0.198005 0.0396137 0.30893 504.1 254451 0.87435
0.77 0.47166 0.399018 0.199486 0.0401919 0.297212 504.113 254450 0.823661
0.78 0.475211 0.385722 0.200947 0.0407806 0.296077 504.389 254733 0.824474
0.79 0.478794 0.386361 0.20337 0.0417701 0.299574 505.814 256183 0.838126
0.8 0.482815 0.38752 0.20442 0.0421966 0.294536 505.51 255877 0.831662
0.81 0.486756 0.380131 0.20671 0.0431434 0.294592 506.641 257022 0.821445
0.82 0.490543 0.372433 0.208359 0.0438283 0.291394 507.138 257533 0.828703
0.83 0.494419 0.380222 0.210079 0.0445473 0.287253 507.752 258151 0.803131
0.84 0.498154 0.378048 0.211719 0.0452432 0.286743 508.285 258690 0.786911
0.85 0.501939 0.378094 0.213773 0.0461243 0.288167 509.146 259582 0.814034
0.86 0.505449 0.386818 0.215311 0.0467736 0.277734 509.645 260079 0.776537
0.87 0.509332 0.367179 0.216721 0.0473872 0.277503 509.814 260251 0.767383
0.88 0.513403 0.377523 0.218873 0.0483291 0.277389 510.7 261157 0.762125
0.89 0.517212 0.371051 0.220183 0.0489077 0.27656 511.05 261523 0.773052
0.9 0.520892 0.373417 0.221848 0.0496414 0.271944 511.543 262017 0.739818
0.91 0.524396 0.368824 0.223834 0.050526 0.268716 512.551 263055 0.74137
0.92 0.527966 0.358406 0.224939 0.0510187 0.263648 512.64 263146 0.734688
0.93 0.531813 0.364112 0.226613 0.0517894 0.269954 513.172 263701 0.744775
0.94 0.535177 0.358566 0.228183 0.0524999 0.265035 513.677 264221 0.738874
0.95 0.538682 0.360974 0.229901 0.053283 0.259873 514.43 264992 0.722744
0.96 0.542078 0.356418 0.231604 0.0540676 0.256224 515.132 265715 0.71562
0.97 0.545444 0.356294 0.233205 0.0548082 0.251475 515.865 266467 0.698326
0.98 0.549725 0.353354 0.2348 0.0555571 0.250351 516.431 267053 0.69572
0.99 0.552743 0.351592 0.235961 0.0561042 0.248207 516.345 266965 0.690209
