1 0.0168866 0.429291 0.621708 0.386972 0.260105 587.046 344898 0.468301
0.99 0.0134553 0.436821 0.623344 0.389001 0.258031 587.912 345911 0.463144
0.98 0.0086554 0.446453 0.625587 0.391812 0.266237 589.282 347527 0.474419
0.97 0.0038712 0.457893 0.627631 0.394367 0.264877 590.819 349339 0.474465
0.96 -0.00120568 0.467715 0.629711 0.396986 0.269498 592.144 350904 0.473965
0.95 -0.00557415 0.474395 0.631777 0.399602 0.27889 593.713 352764 0.475895
0.94 -0.0105772 0.486822 0.634028 0.402445 0.277434 595.065 354370 0.476865
0.93 -0.0154007 0.49502 0.636449 0.40552 0.280216 596.741 356368 0.482227
0.92 -0.0209782 0.496223 0.638795 0.408501 0.276907 598.101 357987 0.477861
0.91 -0.0248326 0.512734 0.64046 0.410636 0.28313 599.325 359456 0.486027
0.9 -0.0310818 0.522246 0.643353 0.414343 0.281502 601.449 361994 0.467719
0.89 -0.0354393 0.530163 0.645515 0.417131 0.285473 602.492 363257 0.484236
0.88 -0.0412622 0.547637 0.648139 0.420532 0.292651 604.126 365222 0.477344
0.87 -0.0470745 0.570361 0.650883 0.424092 0.292986 606.074 367587 0.496121
0.86 -0.0520787 0.56806 0.653238 0.427159 0.29441 607.267 369028 0.486495
0.85 -0.0584103 0.59673 0.656213 0.431055 0.298003 609.285 371481 0.488444
0.84 -0.0641442 0.591681 0.658932 0.434627 0.298888 611.079 373669 0.490495
0.83 -0.0704042 0.618714 0.661941 0.438597 0.299134 613.125 376172 0.491102
0.82 -0.0749178 0.617513 0.664394 0.441859 0.308268 614.385 377715 0.489632
0.81 -0.0826707 0.648637 0.667859 0.446468 0.307619 616.897 380815 0.505171
0.8 -0.0887025 0.651021 0.670758 0.450353 0.314623 618.677 383007 0.495297
0.79 -0.0962588 0.683441 0.674362 0.455193 0.313213 620.931 385803 0.506224
0.78 -0.102536 0.685655 0.677229 0.459065 0.314104 622.853 388188 0.498553
0.77 -0.109748 0.703674 0.680883 0.464027 0.318442 625.268 391201 0.499788
0.76 -0.116798 0.73041 0.684197 0.468545 0.318213 627.236 393669 0.512887
0.75 -0.124031 0.745517 0.687759 0.473436 0.325114 629.49 396500 0.51344
0.74 -0.131949 0.770515 0.691533 0.478637 0.326011 632.099 399790 0.516755
0.73 -0.139346 0.785519 0.695208 0.483733 0.32991 634.358 402646 0.510607
0.72 -0.147832 0.786218 0.699358 0.489512 0.328743 637.198 406254 0.508811
0.71 -0.155364 0.826784 0.703178 0.494866 0.330849 639.65 409386 0.516387
0.7 -0.163443 0.87089 0.707239 0.500594 0.335553 642.234 412700 0.523585
0.69 -0.171526 0.879848 0.711304 0.506357 0.336987 644.628 415776 0.520285
0.68 -0.181263 0.871392 0.715935 0.512957 0.333432 647.832 419913 0.513556
0.67 -0.190358 0.936033 0.720434 0.519421 0.340123 650.809 423785 0.53325
0.66 -0.199509 0.976763 0.725011 0.526035 0.344638 653.819 427710 0.534572
0.65 -0.208968 0.980694 0.729797 0.532991 0.343483 656.925 431777 0.531472
0.64 -0.219214 1.04061 0.73478 0.540287 0.346669 660.015 435844 0.530686
0.63 -0.229769 1.02858 0.74002 0.548003 0.342317 663.527 440492 0.533695
0.62 -0.239625 1.07652 0.744867 0.5552 0.347374 666.726 444742 0.528147
0.61 -0.251114 1.11532 0.750416 0.563495 0.349565 670.583 449905 0.546435
0.6 -0.261673 1.14435 0.755723 0.571479 0.346661 673.861 454304 0.530582
0.59 -0.272704 1.17237 0.761353 0.580015 0.349318 677.538 459273 0.540122
0.58 -0.285489 1.22622 0.767341 0.589169 0.354789 681.867 465158 0.545
0.57 -0.297469 1.23651 0.773296 0.598329 0.345536 686.008 470818 0.540182
0.56 -0.310661 1.32549 0.779564 0.608065 0.354742 690.117 476473 0.548302
0.55 -0.323914 1.31026 0.786116 0.618314 0.350283 694.772 482915 0.541203
0.54 -0.337051 1.35706 0.792294 0.628057 0.348592 698.976 488776 0.554251
0.53 -0.350711 1.41193 0.798788 0.638381 0.346983 703.653 495339 0.565753
0.52 -0.3647 1.43837 0.805508 0.64915 0.339776 708.09 501594 0.547154
0.51 -0.379023 1.48741 0.812216 0.659996 0.339986 712.989 508554 0.551982
0.5 -0.394655 1.521 0.819466 0.671818 0.336795 718.394 516288 0.550858
0.49 -0.41101 1.58714 0.827026 0.684254 0.332493 723.734 523991 0.56574
0.48 -0.428077 1.66444 0.834509 0.696682 0.332073 729.669 532614 0.563448
0.47 -0.443448 1.68373 0.841823 0.708934 0.327335 734.996 540410 0.55285
0.46 -0.460885 1.72686 0.849668 0.722187 0.314578 740.851 549047 0.549306
0.45 -0.477703 1.74722 0.857235 0.735087 0.300951 746.489 557430 0.549131
0.44 -0.495413 1.8185 0.864787 0.748084 0.296684 752.403 566292 0.547628
0.43 -0.514686 1.84392 0.87277 0.761945 0.292501 759.071 576367 0.545278
0.42 -0.5335 1.91764 0.880828 0.776064 0.281439 765.482 586141 0.551438
0.41 -0.552787 1.92965 0.888617 0.789835 0.272191 772.056 596242 0.54371
0.4 -0.57289 1.98917 0.896582 0.80404 0.259445 778.966 606957 0.542621
0.39 -0.592301 2.02735 0.904136 0.817634 0.253614 785.399 617015 0.534297
0.38 -0.61255 2.0224 0.912042 0.831977 0.236394 792.304 627904 0.523196
0.37 -0.633648 2.08532 0.919628 0.845857 0.219238 799.521 639390 0.52958
0.36 -0.654549 2.04977 0.927165 0.859765 0.207834 806.707 650924 0.511649
0.35 -0.675054 2.01303 0.934235 0.872911 0.191689 813.617 662114 0.496193
0.34 -0.694506 2.03631 0.940869 0.88534 0.178084 820.229 672915 0.497495
0.33 -0.715968 2.03112 0.947653 0.898139 0.162178 827.671 685173 0.487554
0.32 -0.736749 1.98235 0.954097 0.910383 0.146253 834.457 696448 0.482062
0.31 -0.756249 1.95495 0.959867 0.921416 0.131823 841.18 707704 0.464507
0.3 -0.776004 1.93923 0.965241 0.931753 0.121521 847.764 718823 0.465275
0.29 -0.795053 1.92957 0.970328 0.941589 0.10377 854.123 729638 0.453102
0.28 -0.813748 1.77837 0.974944 0.95056 0.0909878 860.257 740146 0.4299
0.27 -0.831195 1.7527 0.978982 0.958443 0.0790138 866.091 750213 0.42022
0.26 -0.848718 1.71267 0.982695 0.965719 0.0668752 871.992 760464 0.417875
0.25 -0.865371 1.62615 0.986005 0.97223 0.0571308 877.405 769929 0.40638
0.24 -0.881559 1.56426 0.988851 0.977846 0.0467448 882.696 779239 0.408703
0.23 -0.897022 1.50641 0.991271 0.982634 0.0379947 887.784 788241 0.395535
0.22 -0.912206 1.44082 0.993369 0.986794 0.0303416 892.774 797121 0.387092
0.21 -0.926182 1.39242 0.995047 0.990127 0.0239316 897.317 805249 0.381312
0.2 -0.939752 1.33467 0.99642 0.992858 0.0183413 901.795 813303 0.380948
0.19 -0.952721 1.28722 0.997484 0.994978 0.0133976 905.974 820853 0.372349
0.18 -0.965555 1.2444 0.998304 0.996614 0.00940742 910.18 828489 0.372244
0.17 -0.977984 1.23037 0.998913 0.99783 0.00643637 914.241 835893 0.364961
0.16 -0.989845 1.19479 0.99933 0.998661 0.00414972 918.206 843156 0.359729
0.15 -1.00133 1.1657 0.999617 0.999235 0.0025206 921.922 849991 0.367999
0.14 -1.01289 1.11853 0.999797 0.999594 0.00145865 925.685 856939 0.355468
0.13 -1.024 1.09632 0.999897 0.999794 0.000794384 929.305 863650 0.349024
0.12 -1.03502 1.11074 0.999959 0.999919 0.000338611 932.925 870389 0.351713
0.11 -1.04586 1.08468 0.999985 0.99997 0.000134565 936.46 876994 0.350914
0.1 -1.05663 1.06682 0.999995 0.99999 4.76118e-05 939.929 883499 0.353887
0.09 -1.06736 1.06871 0.999999 0.999997 1.44567e-05 943.519 890258 0.350818
0.08 -1.07794 1.04224 1 0.999999 3.25472e-06 946.887 896622 0.35089
0.07 -1.08842 1.0481 1 1 0 950.272 903039 0.345661
0.06 -1.09884 1.0471 1 1 0 953.652 909472 0.34283
0.05 -1.10924 1.04368 1 1 0 957.04 915941 0.345361
0.04 -1.11952 1.02469 1 1 0 960.379 922342 0.343144
0.03 -1.12972 1.01614 1 1 0 963.651 928634 0.337579
0.02 -1.1399 1.00686 1 1 0 966.959 935017 0.334515
0.01 -1.14998 1.01379 1 1 0 970.207 941305 0.331659
