1 0.50943 0.379616 0.162209 0.0267292 0.240447 518.549 269416 1.00958
0.99 0.505418 0.375447 0.159754 0.0259379 0.242295 516.165 266949 1.02306
0.98 0.501273 0.374807 0.158437 0.0255029 0.235541 515.339 266083 1.0063
0.97 0.497705 0.372846 0.156897 0.0250214 0.240405 514.294 265000 1.00549
0.96 0.493881 0.370749 0.155941 0.024727 0.245575 514.161 264882 1.05285
0.95 0.490505 0.376774 0.154056 0.0241474 0.251097 512.417 263089 1.06429
0.94 0.486392 0.376058 0.152357 0.0236184 0.248627 511.489 262143 1.08602
0.93 0.482736 0.369949 0.151274 0.0232825 0.246901 510.88 261506 1.07003
0.92 0.478865 0.371965 0.149328 0.0226962 0.248863 509.478 260069 1.06986
0.91 0.475743 0.38327 0.148373 0.0224108 0.250865 509.028 259616 1.09314
0.9 0.471435 0.370888 0.146084 0.0217341 0.251833 506.948 257502 1.10817
0.89 0.467708 0.365233 0.14468 0.0213162 0.248454 506.218 256749 1.0921
0.88 0.464026 0.371557 0.143527 0.0209836 0.25112 505.529 256054 1.1113
0.87 0.460602 0.368707 0.141639 0.020455 0.260556 503.892 254426 1.18389
0.86 0.456789 0.364699 0.139722 0.0198965 0.250715 502.711 253196 1.10596
0.85 0.453203 0.377271 0.138186 0.0194798 0.260604 501.521 252022 1.16848
0.84 0.449337 0.375463 0.136813 0.019084 0.251141 500.894 251370 1.12929
0.83 0.445378 0.36657 0.135078 0.0186058 0.249572 499.31 249772 1.11494
0.82 0.441974 0.366125 0.13466 0.0184987 0.256662 499.687 250158 1.14912
0.81 0.438235 0.360992 0.13257 0.0179434 0.262123 497.764 248250 1.19105
0.8 0.434652 0.366047 0.130899 0.0174941 0.258968 496.768 247249 1.18294
0.79 0.430827 0.359747 0.129691 0.0171765 0.260118 496.206 246686 1.18922
0.78 0.427113 0.366279 0.127338 0.0165675 0.260266 494.275 244763 1.18105
0.77 0.423535 0.360348 0.126267 0.0162856 0.256033 493.806 244293 1.18067
0.76 0.419941 0.371396 0.125366 0.0160694 0.267354 493.464 243969 1.23101
0.75 0.416546 0.374503 0.123573 0.0156128 0.263131 492.097 242606 1.21118
0.74 0.412715 0.365812 0.122672 0.0153917 0.267242 491.936 242452 1.23668
0.73 0.409304 0.365972 0.121023 0.0149832 0.26552 490.575 241108 1.23859
0.72 0.405469 0.366033 0.119633 0.0146406 0.262774 489.799 240333 1.21939
0.71 0.402116 0.360118 0.118611 0.0144029 0.271196 489.406 239969 1.29463
0.7 0.397825 0.365963 0.116434 0.0138882 0.272618 487.573 238171 1.29821
0.69 0.394828 0.359607 0.115776 0.0137366 0.277483 487.631 238225 1.30904
0.68 0.391125 0.364458 0.114926 0.0135379 0.279511 487.42 238021 1.33636
0.67 0.387831 0.364103 0.113397 0.0131672 0.264982 486.251 236857 1.27881
0.66 0.383878 0.360084 0.112014 0.0128659 0.278076 485.667 236298 1.32578
0.65 0.380379 0.355162 0.109989 0.0124121 0.278742 483.765 234449 1.33743
0.64 0.376657 0.359243 0.109023 0.0121933 0.276512 483.468 234158 1.34763
0.63 0.372913 0.35597 0.108697 0.0121163 0.275376 484.084 234738 1.31301
0.62 0.369435 0.35788 0.107411 0.0118399 0.281225 483.23 233919 1.36115
0.61 0.366 0.359348 0.106088 0.0115589 0.287252 482.386 233099 1.36799
0.6 0.362542 0.364588 0.104502 0.0112166 0.284107 481.502 232246 1.39216
0.59 0.358627 0.36047 0.104638 0.0112464 0.290159 482.48 233182 1.38635
0.58 0.354879 0.360892 0.103679 0.0110352 0.283957 482.342 233035 1.36255
0.57 0.351411 0.366218 0.102258 0.0107546 0.301081 481.229 231985 1.47117
0.56 0.347909 0.368154 0.101985 0.0106925 0.299978 481.653 232377 1.43707
0.55 0.343982 0.371061 0.101665 0.010628 0.306052 482.473 233182 1.51211
0.54 0.340148 0.366819 0.0998987 0.0102706 0.310243 480.914 231671 1.51036
0.53 0.336996 0.375788 0.0998606 0.0102639 0.317097 481.892 232608 1.51733
0.52 0.332777 0.377957 0.0991941 0.0101227 0.313761 481.904 232603 1.48422
0.51 0.329031 0.382985 0.0984649 0.00998495 0.327092 481.722 232442 1.57244
0.5 0.325404 0.384838 0.0982934 0.00994607 0.327717 482.642 233316 1.54458
0.49 0.321654 0.393294 0.0985469 0.00999705 0.335679 483.414 234057 1.55603
0.48 0.317426 0.395011 0.0972314 0.00973883 0.341858 483.053 233715 1.61482
0.47 0.313377 0.400807 0.0976497 0.00982424 0.353916 484.239 234865 1.65711
0.46 0.30946 0.404774 0.0981906 0.00994046 0.37447 485.639 236224 1.69957
0.45 0.305122 0.420081 0.098522 0.0100015 0.377518 486.918 237466 1.72057
0.44 0.301166 0.431394 0.0987697 0.0100453 0.379483 488.009 238522 1.71973
0.43 0.296768 0.438757 0.098707 0.0100539 0.416315 488.881 239387 1.81916
0.42 0.292327 0.457682 0.0996532 0.0102298 0.410079 490.637 241098 1.81091
0.41 0.287703 0.468529 0.100914 0.010485 0.423369 492.938 243358 1.83444
0.4 0.283096 0.488055 0.102217 0.0107664 0.457956 494.956 245366 1.94213
0.39 0.277915 0.52201 0.104164 0.0111958 0.510631 498.299 248717 2.13429
0.38 0.272793 0.539131 0.10613 0.0116059 0.518938 501.069 251467 2.08609
0.37 0.26733 0.568811 0.108755 0.0121925 0.568048 504.705 255151 2.26908
0.36 0.261777 0.60953 0.111669 0.0128544 0.615016 508.507 259018 2.39692
0.35 0.255202 0.640231 0.116528 0.0140049 0.701264 514.54 265216 2.58056
0.34 0.248537 0.702457 0.121797 0.0153116 0.808337 520.899 271834 2.81564
0.33 0.24093 0.804284 0.128767 0.0171057 0.916049 528.587 279947 3.11157
0.32 0.232405 0.962669 0.13718 0.0194858 1.20145 538.103 290231 3.92732
0.31 -0.402115 2.43216 0.944031 0.891321 0.236029 1215.99 1.47875e+06 0.289644
0.3 -0.425925 2.26101 0.953547 0.909353 0.195222 1222.77 1.49526e+06 0.265578
0.29 -0.44733 2.06557 0.96164 0.924832 0.158324 1228.96 1.51044e+06 0.243903
0.28 -0.466995 1.89123 0.968247 0.937566 0.132973 1234.12 1.52314e+06 0.229951
0.27 -0.48617 1.87114 0.974399 0.949505 0.111424 1238.93 1.53501e+06 0.220804
0.26 -0.503121 1.70303 0.979206 0.958885 0.0898654 1242.98 1.54508e+06 0.208563
0.25 -0.519372 1.59994 0.98342 0.967146 0.0715624 1246.74 1.55443e+06 0.199441
0.24 -0.534904 1.53005 0.987016 0.974225 0.0588466 1250.16 1.56295e+06 0.195736
0.23 -0.549899 1.436 0.989979 0.980077 0.0457077 1253.29 1.57078e+06 0.189912
0.22 -0.563741 1.35473 0.992503 0.985076 0.035364 1256.12 1.57788e+06 0.182978
0.21 -0.577077 1.30347 0.994449 0.988939 0.0275314 1258.77 1.58454e+06 0.180066
0.2 -0.589724 1.24462 0.99604 0.992103 0.020413 1261.1 1.59043e+06 0.18245
0.19 -0.601968 1.18408 0.997244 0.9945 0.014654 1263.41 1.59625e+06 0.174927
0.18 -0.613657 1.12904 0.998178 0.996363 0.0102568 1265.47 1.60145e+06 0.172393
0.17 -0.624973 1.11175 0.998831 0.997665 0.006876 1267.44 1.60643e+06 0.171438
0.16 -0.636088 1.08607 0.999308 0.998618 0.0043089 1269.42 1.61146e+06 0.16889
0.15 -0.646729 1.066 0.999607 0.999215 0.00260382 1271.09 1.61569e+06 0.170032
0.14 -0.657456 1.05771 0.999785 0.99957 0.0015366 1272.9 1.62031e+06 0.166041
0.13 -0.667955 1.03246 0.999905 0.99981 0.000726309 1274.75 1.62502e+06 0.168541
0.12 -0.678291 1.0312 0.999957 0.999913 0.000358435 1276.34 1.62907e+06 0.16668
0.11 -0.688645 1.03238 0.999986 0.999971 0.000132264 1278 1.63331e+06 0.169551
0.1 -0.698953 1.02021 0.999996 0.999992 4.07027e-05 1279.72 1.63771e+06 0.168544
0.09 -0.709106 1.00765 0.999999 0.999998 1.06037e-05 1281.31 1.64179e+06 0.166225
0.08 -0.719326 1.02338 1 1 0 1282.95 1.64597e+06 0.171048
0.07 -0.729496 1.00787 1 1 1.24002e-06 1284.62 1.65026e+06 0.168938
0.06 -0.73961 1.03036 1 1 0 1286.28 1.65452e+06 0.170186
0.05 -0.749724 1.00118 1 1 0 1287.89 1.65868e+06 0.166284
0.04 -0.759844 1.01574 1 1 0 1289.52 1.66286e+06 0.171006
0.03 -0.769926 1.0059 1 1 0 1291.14 1.66705e+06 0.165382
0.02 -0.779968 0.996986 1 1 0 1292.76 1.67123e+06 0.167605
0.01 -0.789991 1.00241 1 1 0 1294.38 1.67543e+06 0.169438
