1 0.515175 0.37544 0.119901 0.0146517 0.158681 468.828 220184 0.820253
0.99 0.510818 0.379202 0.118149 0.0142359 0.160945 467.565 219003 0.833422
0.98 0.507078 0.377128 0.116496 0.0138382 0.156921 466.713 218207 0.843202
0.97 0.503458 0.377625 0.114997 0.0134853 0.154931 465.417 216991 0.837108
0.96 0.499747 0.377305 0.113608 0.0131697 0.157754 464.958 216564 0.847267
0.95 0.496131 0.374921 0.112189 0.0128424 0.155181 463.965 215624 0.817873
0.94 0.492555 0.379892 0.110498 0.0124653 0.156542 462.855 214608 0.8587
0.93 0.488338 0.376911 0.108477 0.0120196 0.156247 461.103 212978 0.844046
0.92 0.484622 0.378515 0.107441 0.0117949 0.157337 460.984 212875 0.868531
0.91 0.480971 0.37023 0.105594 0.0113888 0.151075 459.679 211654 0.834307
0.9 0.477275 0.369686 0.104246 0.0111091 0.154877 458.988 211023 0.855432
0.89 0.473936 0.377537 0.102859 0.0108209 0.155999 458.079 210192 0.87097
0.88 0.469822 0.367987 0.10107 0.0104465 0.151381 456.899 209100 0.853826
0.87 0.466062 0.357366 0.0995108 0.0101288 0.149925 456.008 208279 0.847528
0.86 0.462403 0.369085 0.0975451 0.00974216 0.152107 454.25 206686 0.878033
0.85 0.458804 0.366983 0.0963468 0.00950519 0.150766 453.807 206279 0.875102
0.84 0.454818 0.361702 0.094774 0.00920471 0.152633 452.856 205421 0.900753
0.83 0.451357 0.361423 0.0933505 0.0089284 0.148566 452.171 204781 0.858799
0.82 0.44793 0.361514 0.09161 0.0086032 0.148081 450.836 203583 0.892669
0.81 0.444609 0.359005 0.090411 0.00838195 0.147764 450.281 203083 0.903325
0.8 0.44073 0.360587 0.0886502 0.00806386 0.147606 448.957 201879 0.882092
0.79 0.437231 0.351679 0.0871768 0.00780356 0.148564 448.015 201040 0.910758
0.78 0.433469 0.355832 0.0852103 0.00745478 0.143244 446.477 199646 0.874891
0.77 0.430304 0.345683 0.0845495 0.00734121 0.144074 446.773 199911 0.886776
0.76 0.426716 0.351727 0.082954 0.00707371 0.145777 445.755 199007 0.913269
0.75 0.423239 0.348669 0.0816181 0.00684894 0.14394 445.189 198493 0.897518
0.74 0.419624 0.346462 0.0800008 0.00658492 0.143842 443.928 197374 0.916775
0.73 0.41599 0.348907 0.0781344 0.00628442 0.141583 442.66 196243 0.91387
0.72 0.413064 0.350843 0.0773499 0.00616274 0.143786 442.657 196236 0.911664
0.71 0.409337 0.339738 0.0757984 0.0059171 0.139299 441.773 195445 0.897667
0.7 0.405935 0.343365 0.0740334 0.0056491 0.138369 440.45 194277 0.912858
0.69 0.40265 0.338335 0.0726337 0.00544089 0.137936 439.523 193462 0.927427
0.68 0.399206 0.337244 0.0710862 0.00521531 0.137274 438.59 192634 0.917203
0.67 0.395678 0.339146 0.0699194 0.00504905 0.137841 438.263 192349 0.936729
0.66 0.392617 0.334613 0.0686508 0.00486317 0.131122 437.578 191736 0.905093
0.65 0.389193 0.34322 0.0673494 0.00468859 0.135274 437.079 191299 0.917264
0.64 0.385536 0.328782 0.0661017 0.0045181 0.133792 436.591 190871 0.926842
0.63 0.382246 0.336655 0.0649742 0.00436696 0.132859 436.24 190560 0.928001
0.62 0.379339 0.332384 0.0633419 0.00415248 0.130322 434.956 189436 0.921836
0.61 0.375463 0.333398 0.062378 0.00403412 0.135133 435.177 189635 0.965116
0.6 0.372683 0.335479 0.0610481 0.00386457 0.132188 434.1 188682 0.917569
0.59 0.368865 0.333011 0.060053 0.00374085 0.131295 434.302 188857 0.930303
0.58 0.366205 0.331525 0.0588175 0.00358723 0.12685 433.548 188198 0.929643
0.57 0.362337 0.327109 0.057374 0.00341761 0.127161 433.009 187725 0.926384
0.56 0.359392 0.332835 0.0564461 0.00330681 0.124091 432.885 187615 0.932984
0.55 0.355972 0.324555 0.0551109 0.00315919 0.127737 432.248 187067 0.96187
0.54 0.352263 0.330618 0.0542909 0.00306675 0.127195 432.497 187275 0.949039
0.53 0.349076 0.335652 0.0531501 0.00293858 0.123513 432.175 186988 0.929865
0.52 0.345606 0.331844 0.0519828 0.00281308 0.122803 431.919 186761 0.921133
0.51 0.342532 0.335821 0.0510626 0.00271795 0.124873 431.906 186748 0.934343
0.5 0.339193 0.335105 0.0497805 0.00258595 0.124246 431.442 186352 0.969292
0.49 0.335862 0.337737 0.0491711 0.00252266 0.123267 431.855 186696 0.933271
0.48 0.332617 0.350311 0.0480888 0.00241706 0.125427 431.715 186576 0.95221
0.47 0.329131 0.345844 0.0470313 0.00231308 0.12394 431.561 186437 0.946784
0.46 0.325625 0.345643 0.045996 0.00221248 0.121272 431.54 186415 0.948904
0.45 0.322135 0.346868 0.0453656 0.00215221 0.120539 432.213 186989 0.931759
0.44 0.31891 0.347525 0.0442969 0.00205662 0.123581 431.985 186795 0.966982
0.43 0.314948 0.359714 0.0434159 0.00197694 0.123234 432.339 187096 0.958922
0.42 0.311877 0.356404 0.0425638 0.00190068 0.122067 432.436 187175 0.962425
0.41 0.30769 0.363122 0.0417671 0.00183143 0.122138 433.163 187803 0.972172
0.4 0.304418 0.366868 0.0411748 0.00178036 0.122392 433.68 188249 0.980909
0.39 0.300534 0.378189 0.0406003 0.00173194 0.123406 434.564 189010 0.968595
0.38 0.296783 0.381124 0.0397491 0.00166131 0.123256 434.924 189320 0.970206
0.37 0.29309 0.391075 0.0389245 0.0015949 0.124202 435.593 189897 0.968832
0.36 0.288799 0.39538 0.0384273 0.00155468 0.124834 436.565 190745 0.993239
0.35 0.285061 0.416275 0.0379428 0.00151871 0.130098 437.457 191520 0.991238
0.34 0.28083 0.41401 0.0372623 0.00146471 0.129148 438.461 192399 1.01358
0.33 0.276798 0.421536 0.0366538 0.00141766 0.12943 439.439 193254 1.0164
0.32 0.272433 0.441896 0.0363053 0.00139321 0.135253 440.773 194424 1.01582
0.31 0.267727 0.452378 0.0356681 0.0013458 0.136737 442.114 195606 1.03551
0.3 0.263261 0.470926 0.0356086 0.00134257 0.143225 443.953 197235 1.05453
0.29 0.258562 0.478759 0.0352022 0.00131283 0.146264 445.659 198751 1.07383
0.28 0.253651 0.500762 0.0348366 0.00128412 0.145096 447.358 200263 1.06519
0.27 0.248678 0.523746 0.034713 0.00127335 0.145825 449.328 202023 1.05015
0.26 0.243488 0.547975 0.0345536 0.00126569 0.15894 451.531 204011 1.10876
0.25 0.237716 0.551196 0.0342815 0.00124641 0.164013 453.956 206203 1.11895
0.24 0.232195 0.574309 0.0345777 0.0012662 0.169408 456.734 208729 1.12538
0.23 0.22609 0.604221 0.0345094 0.0012637 0.182321 459.687 211433 1.14675
0.22 0.219779 0.640868 0.0346892 0.00127597 0.190157 462.794 214301 1.2073
0.21 0.213424 0.691344 0.0352405 0.00131604 0.20337 466.286 217544 1.24523
0.2 0.206295 0.713062 0.0359687 0.00137267 0.227314 470.548 221536 1.28156
0.19 0.198996 0.756026 0.0364069 0.00140565 0.243075 474.678 225440 1.3342
0.18 0.19115 0.806879 0.0376737 0.00149827 0.252692 480.005 230520 1.33195
0.17 0.182813 0.864928 0.0389921 0.00160749 0.295131 485.429 235759 1.4198
0.16 0.174159 0.912854 0.0408451 0.00175976 0.329152 491.636 241824 1.49354
0.15 0.164673 0.971109 0.0427855 0.00192647 0.368155 498.5 248618 1.55531
0.14 0.154464 1.05919 0.0468368 0.0023185 0.513511 507.396 257581 1.83425
0.13 0.143798 1.10958 0.0503622 0.00267213 0.601609 516.27 266667 1.96413
0.12 0.132161 1.20944 0.0568895 0.00341881 0.875473 527.813 278742 2.46187
0.11 0.119181 1.46408 0.0700345 0.00522267 1.66428 544.765 296997 3.80206
0.1 -0.288191 1.07001 0.999269 0.998539 0.00733824 1194.47 1.42679e+06 0.170057
0.09 -0.298789 1.03289 0.999718 0.999437 0.00314798 1196.29 1.43113e+06 0.170062
0.08 -0.309132 1.02447 0.999913 0.999826 0.00110124 1197.95 1.43509e+06 0.167952
0.07 -0.3194 1.01128 0.999982 0.999965 0.000250446 1199.57 1.43898e+06 0.16821
0.06 -0.329585 1.00835 0.999997 0.999993 5.48724e-05 1201.27 1.44307e+06 0.171319
0.05 -0.339716 1.00828 1 1 3.47187e-06 1202.93 1.44706e+06 0.170064
0.04 -0.349799 1.02377 1 1 0 1204.55 1.45095e+06 0.166254
0.03 -0.35991 0.993177 1 1 0 1206.17 1.45486e+06 0.169583
0.02 -0.369967 0.989079 1 1 0 1207.8 1.45879e+06 0.169769
0.01 -0.379993 1.00673 1 1 0 1209.43 1.46272e+06 0.169356
