10 2.38151 0.0899184 0.384577 0.14832 0.0242204 653.485 428214 0.179287
9.9 2.37313 0.0955243 0.383799 0.147749 0.0260048 652.561 427075 0.191912
9.8 2.36571 0.09167 0.382659 0.146876 0.0263386 653.988 428928 0.191654
9.7 2.36045 0.0899185 0.381308 0.145821 0.0252333 653.247 427975 0.196092
9.6 2.3446 0.098915 0.380969 0.145566 0.0256812 654.868 430047 0.190005
9.5 2.33551 0.101003 0.37975 0.144638 0.0259556 653.941 428896 0.202375
9.4 2.32495 0.0986221 0.378612 0.143784 0.0267884 652.859 427426 0.195705
9.3 2.31825 0.106174 0.376868 0.142513 0.0299087 650.235 423931 0.185984
9.2 2.30762 0.106268 0.376199 0.141964 0.0274008 652.569 427097 0.208437
9.1 2.29297 0.103528 0.375362 0.141334 0.0277358 653.254 427844 0.185629
9 2.29228 0.103132 0.373442 0.139897 0.0280365 651.027 425014 0.201025
8.9 2.27232 0.110306 0.372953 0.139536 0.0285767 653.184 427819 0.201265
8.8 2.26676 0.108864 0.370766 0.137915 0.0292971 649.726 423347 0.210405
8.7 2.25185 0.109007 0.369922 0.13728 0.0289883 649.294 422779 0.21181
8.6 2.23406 0.111572 0.370089 0.13739 0.0284186 653.78 428600 0.208567
8.5 2.23307 0.117847 0.367898 0.135777 0.0289818 650.817 424689 0.20348
8.4 2.21636 0.121732 0.366402 0.134694 0.0303915 650.477 424272 0.210583
8.3 2.2075 0.119614 0.365084 0.133712 0.0295423 649.223 422621 0.209808
8.2 2.18955 0.123007 0.364104 0.133006 0.0305017 650.546 424321 0.208278
8.1 2.17737 0.121954 0.362837 0.132095 0.0316124 650.127 423772 0.21013
8 2.17025 0.123961 0.36118 0.130893 0.0318464 648.764 421982 0.209623
7.9 2.15815 0.12307 0.360028 0.130032 0.0300037 650.343 424083 0.221446
7.8 2.14264 0.129804 0.357796 0.128438 0.0310399 647.673 420522 0.206197
7.7 2.12639 0.128428 0.357248 0.128054 0.0320119 648.817 422054 0.218252
7.6 2.11592 0.131238 0.355616 0.126895 0.0327457 649.158 422482 0.217928
7.5 2.10166 0.134828 0.353002 0.125065 0.0349642 645.551 417790 0.21767
7.4 2.09216 0.143189 0.351906 0.124274 0.0339382 646.782 419397 0.223624
7.3 2.07578 0.144765 0.350518 0.123306 0.0349906 645.75 418030 0.219872
7.2 2.0612 0.138257 0.34807 0.121578 0.0340686 642.722 414139 0.226453
7.1 2.04797 0.142177 0.346793 0.120679 0.0335467 644.098 415861 0.218323
7 2.04017 0.143405 0.34447 0.119069 0.0336213 642.796 414221 0.229841
6.9 2.02336 0.153115 0.34201 0.117423 0.0377271 640.052 410709 0.236026
6.8 2.00233 0.147799 0.341305 0.116916 0.0361141 643.079 414571 0.23335
6.7 1.98508 0.146519 0.339871 0.115932 0.0360953 642.819 414217 0.232569
6.6 1.97327 0.160158 0.338132 0.114764 0.0375739 642.708 414086 0.238583
6.5 1.96294 0.16135 0.335195 0.112799 0.0392509 640.244 410971 0.254144
6.4 1.94324 0.157337 0.333597 0.111705 0.0376421 639.783 410262 0.229544
6.3 1.92087 0.160261 0.330774 0.109847 0.039867 636.44 406049 0.247684
6.2 1.90959 0.165406 0.328598 0.108389 0.0383018 637.078 406877 0.255269
6.1 1.88909 0.179135 0.326036 0.106727 0.0404331 635.593 404903 0.238461
6 1.87156 0.17099 0.324161 0.105507 0.0409661 636.319 405903 0.262266
5.9 1.85712 0.176547 0.321795 0.103979 0.0416289 635.048 404233 0.252933
5.8 1.84027 0.175009 0.319653 0.102616 0.0434746 634.159 403054 0.24371
5.7 1.81631 0.186451 0.316932 0.100883 0.0441526 633.027 401678 0.264747
5.6 1.79832 0.186987 0.314037 0.0990382 0.0430752 630.891 398876 0.241297
5.5 1.7805 0.190017 0.311616 0.0975253 0.0440712 630.026 397825 0.257403
5.4 1.76295 0.195182 0.30883 0.0957901 0.0441579 629.441 397081 0.260564
5.3 1.74632 0.202167 0.30675 0.0945159 0.0457076 629.59 397256 0.261465
5.2 1.72414 0.205765 0.303253 0.0923986 0.048351 626.375 393253 0.278566
5.1 1.70193 0.210175 0.300421 0.0906683 0.0469601 626.087 392817 0.2607
5 1.68027 0.210958 0.29768 0.0890257 0.0474863 624.345 390689 0.282625
4.9 1.66104 0.219974 0.293175 0.0863819 0.0505913 620.392 385749 0.283788
4.8 1.63922 0.215702 0.290051 0.0845467 0.0500683 619.682 384856 0.285792
4.7 1.61413 0.231074 0.286462 0.0824832 0.0517936 618.093 382879 0.289436
4.6 1.58939 0.226915 0.283573 0.0808457 0.0540755 616.923 381470 0.308555
4.5 1.56649 0.242934 0.279368 0.0784499 0.0516385 614.336 378209 0.289524
4.4 1.54382 0.246335 0.275166 0.0761389 0.0553364 610.26 373253 0.311515
4.3 1.51606 0.246933 0.272151 0.0744767 0.0549642 610.957 374104 0.318013
4.2 1.49266 0.24976 0.267648 0.0720612 0.0583877 608.192 370754 0.335554
4.1 1.46798 0.255427 0.263158 0.0696491 0.0557678 603.753 365298 0.315432
4 1.44271 0.271555 0.259421 0.067708 0.0588889 602.302 363537 0.319365
3.9 1.41317 0.26969 0.2538 0.0648237 0.060417 598.513 358980 0.326645
3.8 1.38511 0.280924 0.249726 0.0627594 0.0600586 597.001 357222 0.357912
3.7 1.35675 0.302274 0.244254 0.0600792 0.0652589 592.294 351606 0.362281
3.6 1.32816 0.294612 0.239253 0.0576365 0.0631243 590.476 349384 0.339843
3.5 1.29588 0.309688 0.23323 0.0548164 0.0691149 585.176 343243 0.396371
3.4 1.26743 0.314522 0.226707 0.051782 0.0653432 579.769 336834 0.356371
3.3 1.23421 0.328066 0.22179 0.0495941 0.0703616 577.347 334107 0.407766
3.2 1.20023 0.339124 0.214562 0.0464278 0.0703976 570.589 326320 0.409882
3.1 1.16754 0.335201 0.208891 0.0440208 0.0715559 567.287 322548 0.417454
3 1.13292 0.339986 0.201595 0.0410176 0.0723486 561.571 316080 0.425902
2.9 1.09876 0.354119 0.194234 0.038083 0.0707513 555.69 309452 0.409731
2.8 1.0636 0.365244 0.187659 0.0355973 0.0784355 550.568 303862 0.478173
2.7 1.02623 0.373063 0.179408 0.0325378 0.0748216 543.857 296439 0.448455
2.6 0.993414 0.371819 0.172899 0.0302495 0.0787232 540.302 292646 0.512515
2.5 0.952666 0.370154 0.164505 0.0274001 0.0779073 533.167 284926 0.49395
2.4 0.913869 0.383661 0.155435 0.024491 0.0793993 524.474 275742 0.532155
2.3 0.875464 0.414099 0.146411 0.0217827 0.0868006 516.429 267447 0.629694
2.2 0.835857 0.390305 0.137111 0.0191111 0.0816007 507.607 258331 0.596593
2.1 0.797272 0.40631 0.12711 0.0164526 0.0810831 497.93 248619 0.655286
2 0.756198 0.408663 0.11747 0.0140744 0.0792939 488.908 239658 0.641357
1.9 0.716195 0.407587 0.107543 0.0118274 0.0793695 478.66 229734 0.680985
1.8 0.673401 0.38967 0.0964227 0.00953276 0.0753327 467.054 218742 0.716396
1.7 0.637955 0.377992 0.0873602 0.00784828 0.073343 458.535 210828 0.735945
1.6 0.601906 0.361674 0.0777105 0.0062326 0.0697247 448.95 202074 0.720322
1.5 0.567507 0.33554 0.0685477 0.00486355 0.0632653 438.476 192756 0.751243
1.4 0.536202 0.314917 0.0598346 0.00372953 0.0614463 429.586 185016 0.784127
1.3 0.506254 0.302977 0.0516458 0.0027976 0.0577344 421.238 177881 0.80191
1.2 0.47836 0.264633 0.0440312 0.00204001 0.0486067 413.533 171401 0.790189
1.1 0.451639 0.242495 0.0368003 0.00144039 0.0450958 405.552 164814 0.765367
1 0.430042 0.23429 0.0311641 0.00104267 0.0411676 401.584 161581 0.77466
