0.8 0.431343 0.376629 0.160266 0.0261374 0.325665 522.88 273931 1.26187
0.799 0.430966 0.376627 0.160136 0.0260956 0.325958 522.804 273851 1.2632
0.798 0.43059 0.376625 0.160006 0.0260538 0.326253 522.728 273772 1.26453
0.797 0.430213 0.376623 0.159876 0.0260121 0.326549 522.652 273692 1.26586
0.796 0.429836 0.376622 0.159746 0.0259705 0.326845 522.576 273613 1.2672
0.795 0.42946 0.37662 0.159617 0.025929 0.327143 522.501 273534 1.26854
0.794 0.429083 0.376619 0.159487 0.0258876 0.327442 522.425 273455 1.26988
0.793 0.428706 0.376618 0.159358 0.0258462 0.327741 522.35 273376 1.27122
0.792 0.42833 0.376618 0.159229 0.0258049 0.328042 522.275 273298 1.27257
0.791 0.427953 0.376618 0.1591 0.0257638 0.328343 522.201 273220 1.27392
0.79 0.427577 0.376618 0.158971 0.0257227 0.328646 522.126 273142 1.27527
0.789 0.4272 0.376618 0.158843 0.0256817 0.32895 522.052 273064 1.27662
0.788 0.426823 0.376619 0.158715 0.0256407 0.329255 521.978 272986 1.27798
0.787 0.426447 0.376621 0.158586 0.0255999 0.329561 521.904 272909 1.27934
0.786 0.42607 0.376622 0.158458 0.0255591 0.329868 521.83 272832 1.2807
0.785 0.425693 0.376625 0.15833 0.0255185 0.330176 521.757 272755 1.28207
0.784 0.425317 0.376628 0.158203 0.0254779 0.330485 521.683 272678 1.28344
0.783 0.42494 0.376632 0.158075 0.0254374 0.330795 521.61 272602 1.28481
0.782 0.424563 0.376636 0.157948 0.025397 0.331107 521.537 272526 1.28618
0.781 0.424187 0.376641 0.15782 0.0253567 0.33142 521.465 272450 1.28756
0.78 0.42381 0.376646 0.157693 0.0253165 0.331734 521.392 272374 1.28894
0.779 0.423433 0.376653 0.157567 0.0252763 0.332049 521.32 272299 1.29033
0.778 0.423057 0.37666 0.15744 0.0252363 0.332365 521.248 272223 1.29171
0.777 0.42268 0.376668 0.157313 0.0251963 0.332683 521.176 272148 1.29311
0.776 0.422303 0.376676 0.157187 0.0251564 0.333002 521.105 272073 1.2945
0.775 0.421927 0.376686 0.157061 0.0251167 0.333322 521.033 271999 1.2959
0.774 0.42155 0.376696 0.156935 0.025077 0.333644 520.962 271925 1.29731
0.773 0.421173 0.376708 0.156809 0.0250374 0.333967 520.891 271851 1.29871
0.772 0.420796 0.37672 0.156684 0.0249979 0.334291 520.82 271777 1.30013
0.771 0.42042 0.376733 0.156558 0.0249584 0.334617 520.75 271703 1.30154
0.77 0.420043 0.376747 0.156433 0.0249191 0.334944 520.68 271630 1.30296
0.769 0.419666 0.376763 0.156308 0.0248799 0.335272 520.61 271557 1.30439
0.768 0.419289 0.376779 0.156183 0.0248407 0.335602 520.54 271484 1.30581
0.767 0.418912 0.376796 0.156059 0.0248017 0.335933 520.471 271411 1.30725
0.766 0.418535 0.376815 0.155934 0.0247627 0.336265 520.401 271339 1.30869
0.765 0.418159 0.376835 0.15581 0.0247239 0.336599 520.332 271267 1.31013
0.764 0.417782 0.376855 0.155686 0.0246851 0.336935 520.263 271195 1.31158
0.763 0.417405 0.376877 0.155562 0.0246464 0.337272 520.195 271124 1.31303
0.762 0.417028 0.376901 0.155439 0.0246079 0.33761 520.127 271053 1.31448
0.761 0.416651 0.376925 0.155315 0.0245694 0.33795 520.058 270982 1.31595
0.76 0.416274 0.376951 0.155192 0.024531 0.338291 519.991 270911 1.31741
0.759 0.415897 0.376978 0.155069 0.0244927 0.338634 519.923 270840 1.31889
0.758 0.41552 0.377006 0.154946 0.0244545 0.338979 519.856 270770 1.32036
0.757 0.415143 0.377035 0.154824 0.0244164 0.339325 519.789 270700 1.32185
0.756 0.414766 0.377066 0.154702 0.0243784 0.339672 519.722 270631 1.32334
0.755 0.414389 0.377098 0.154579 0.0243405 0.340022 519.655 270561 1.32483
0.754 0.414011 0.377132 0.154457 0.0243027 0.340372 519.589 270492 1.32633
0.753 0.413634 0.377167 0.154336 0.024265 0.340725 519.523 270424 1.32783
0.752 0.413257 0.377203 0.154214 0.0242273 0.341079 519.457 270355 1.32934
0.751 0.41288 0.377241 0.154093 0.0241898 0.341434 519.392 270287 1.33086
0.75 0.412502 0.37728 0.153972 0.0241524 0.341791 519.327 270219 1.33238
0.749 0.412125 0.37732 0.153851 0.0241151 0.34215 519.262 270151 1.33391
0.748 0.411748 0.377362 0.15373 0.0240779 0.342511 519.197 270084 1.33545
0.747 0.41137 0.377405 0.15361 0.0240407 0.342873 519.132 270017 1.33699
0.746 0.410993 0.37745 0.15349 0.0240037 0.343237 519.068 269950 1.33854
0.745 0.410615 0.377496 0.15337 0.0239668 0.343602 519.004 269884 1.34009
0.744 0.410238 0.377543 0.15325 0.02393 0.343969 518.941 269818 1.34165
0.743 0.40986 0.377592 0.153131 0.0238932 0.344338 518.878 269752 1.34321
0.742 0.409482 0.377643 0.153012 0.0238566 0.344708 518.815 269686 1.34479
0.741 0.409105 0.377694 0.152893 0.0238201 0.345081 518.752 269621 1.34637
0.74 0.408727 0.377747 0.152774 0.0237837 0.345455 518.689 269556 1.34795
0.739 0.408349 0.377802 0.152655 0.0237474 0.34583 518.627 269491 1.34954
0.738 0.407971 0.377858 0.152537 0.0237111 0.346208 518.565 269427 1.35114
0.737 0.407593 0.377915 0.152419 0.023675 0.346587 518.504 269363 1.35275
0.736 0.407215 0.377974 0.152301 0.023639 0.346968 518.442 269299 1.35436
0.735 0.406837 0.378034 0.152184 0.0236031 0.34735 518.381 269236 1.35598
0.734 0.406459 0.378096 0.152066 0.0235673 0.347735 518.321 269173 1.35761
0.733 0.406081 0.378159 0.151949 0.0235316 0.348121 518.26 269110 1.35924
0.732 0.405703 0.378223 0.151833 0.023496 0.348508 518.2 269048 1.36088
0.731 0.405324 0.378289 0.151716 0.0234606 0.348898 518.14 268985 1.36253
0.73 0.404946 0.378356 0.1516 0.0234252 0.349289 518.081 268924 1.36418
0.729 0.404568 0.378424 0.151484 0.0233899 0.349682 518.022 268862 1.36584
0.728 0.404189 0.378493 0.151368 0.0233548 0.350077 517.963 268801 1.36751
0.727 0.40381 0.378564 0.151253 0.0233197 0.350474 517.904 268740 1.36919
0.726 0.403432 0.378636 0.151137 0.0232848 0.350872 517.846 268680 1.37087
0.725 0.403053 0.37871 0.151022 0.0232499 0.351273 517.788 268620 1.37257
0.724 0.402674 0.378784 0.150908 0.0232152 0.351674 517.73 268560 1.37426
0.723 0.402295 0.37886 0.150793 0.0231806 0.352078 517.673 268501 1.37597
0.722 0.401917 0.378937 0.150679 0.0231461 0.352484 517.616 268441 1.37768
0.721 0.401538 0.379015 0.150565 0.0231117 0.352891 517.56 268383 1.3794
0.72 0.401158 0.379094 0.150452 0.0230774 0.3533 517.503 268324 1.38113
0.719 0.400779 0.379175 0.150339 0.0230432 0.353711 517.447 268266 1.38287
0.718 0.4004 0.379256 0.150226 0.0230092 0.354124 517.392 268209 1.38461
0.717 0.400021 0.379339 0.150113 0.0229752 0.354538 517.337 268151 1.38636
0.716 0.399641 0.379422 0.150001 0.0229414 0.354954 517.282 268094 1.38812
0.715 0.399262 0.379507 0.149888 0.0229077 0.355372 517.227 268038 1.38989
0.714 0.398882 0.379593 0.149777 0.0228741 0.355792 517.173 267982 1.39166
0.713 0.398502 0.37968 0.149665 0.0228406 0.356214 517.119 267926 1.39344
0.712 0.398123 0.379767 0.149554 0.0228072 0.356637 517.065 267870 1.39523
0.711 0.397743 0.379856 0.149443 0.022774 0.357062 517.012 267815 1.39703
0.71 0.397363 0.379946 0.149332 0.0227408 0.357489 516.959 267760 1.39883
0.709 0.396983 0.380036 0.149222 0.0227078 0.357918 516.907 267706 1.40065
0.708 0.396603 0.380128 0.149112 0.0226749 0.358349 516.855 267652 1.40247
0.707 0.396223 0.38022 0.149003 0.0226421 0.358781 516.803 267599 1.40429
0.706 0.395842 0.380314 0.148893 0.0226095 0.359215 516.752 267545 1.40613
0.705 0.395462 0.380408 0.148784 0.022577 0.359651 516.701 267493 1.40797
0.704 0.395081 0.380503 0.148676 0.0225446 0.360089 516.65 267440 1.40982
0.703 0.394701 0.380598 0.148567 0.0225123 0.360529 516.6 267388 1.41168
0.702 0.39432 0.380695 0.148459 0.0224801 0.360971 516.55 267337 1.41355
0.701 0.393939 0.380792 0.148352 0.0224481 0.361414 516.501 267286 1.41542
0.7 0.393558 0.380891 0.148244 0.0224162 0.361859 516.452 267235 1.4173
0.699 0.393177 0.380989 0.148137 0.0223844 0.362306 516.403 267185 1.41919
0.698 0.392796 0.381089 0.148031 0.0223527 0.362755 516.355 267135 1.42109
0.697 0.392415 0.381189 0.147925 0.0223212 0.363206 516.307 267085 1.42299
0.696 0.392034 0.381291 0.147819 0.0222898 0.363658 516.26 267036 1.4249
0.695 0.391653 0.381392 0.147713 0.0222585 0.364113 516.213 266987 1.42682
0.694 0.391271 0.381495 0.147608 0.0222274 0.364569 516.166 266939 1.42875
0.693 0.39089 0.381598 0.147503 0.0221964 0.365027 516.12 266892 1.43068
0.692 0.390508 0.381702 0.147399 0.0221655 0.365488 516.074 266844 1.43262
0.691 0.390126 0.381807 0.147295 0.0221347 0.36595 516.029 266797 1.43457
0.69 0.389744 0.381912 0.147191 0.0221041 0.366414 515.984 266751 1.43653
0.689 0.389362 0.382018 0.147088 0.0220737 0.36688 515.94 266705 1.43849
0.688 0.38898 0.382124 0.146985 0.0220433 0.367348 515.896 266660 1.44046
0.687 0.388598 0.382232 0.146882 0.0220131 0.367818 515.852 266614 1.44244
0.686 0.388216 0.38234 0.14678 0.0219831 0.36829 515.809 266570 1.44442
0.685 0.387833 0.382448 0.146679 0.0219531 0.368764 515.766 266526 1.44642
0.684 0.387451 0.382557 0.146577 0.0219234 0.36924 515.724 266482 1.44842
0.683 0.387068 0.382667 0.146476 0.0218937 0.369718 515.682 266439 1.45042
0.682 0.386685 0.382778 0.146376 0.0218642 0.370198 515.641 266396 1.45244
0.681 0.386302 0.382889 0.146276 0.0218349 0.37068 515.6 266354 1.45446
0.68 0.385919 0.383001 0.146176 0.0218056 0.371164 515.56 266312 1.45649
0.679 0.385536 0.383114 0.146077 0.0217766 0.371651 515.52 266271 1.45852
0.678 0.385153 0.383227 0.145978 0.0217477 0.372139 515.48 266231 1.46056
0.677 0.38477 0.383341 0.14588 0.0217189 0.37263 515.442 266190 1.46261
0.676 0.384386 0.383456 0.145782 0.0216903 0.373123 515.403 266151 1.46467
0.675 0.384003 0.383572 0.145684 0.0216618 0.373618 515.365 266112 1.46673
0.674 0.383619 0.383688 0.145587 0.0216335 0.374116 515.328 266073 1.4688
0.673 0.383235 0.383805 0.145491 0.0216053 0.374616 515.291 266035 1.47088
0.672 0.382851 0.383923 0.145395 0.0215773 0.375118 515.254 265997 1.47297
0.671 0.382467 0.384041 0.145299 0.0215494 0.375622 515.219 265960 1.47506
0.67 0.382083 0.384161 0.145204 0.0215217 0.376129 515.183 265924 1.47715
0.669 0.381699 0.384281 0.145109 0.0214942 0.376639 515.148 265888 1.47926
0.668 0.381314 0.384402 0.145015 0.0214668 0.377151 515.114 265852 1.48137
0.667 0.38093 0.384524 0.144921 0.0214395 0.377665 515.08 265817 1.48349
0.666 0.380545 0.384647 0.144828 0.0214124 0.378182 515.047 265783 1.48561
0.665 0.380161 0.384771 0.144735 0.0213855 0.378702 515.014 265749 1.48775
0.664 0.379776 0.384896 0.144643 0.0213588 0.379224 514.982 265716 1.48988
0.663 0.379391 0.385022 0.144551 0.0213322 0.379749 514.95 265683 1.49203
0.662 0.379006 0.385149 0.14446 0.0213057 0.380277 514.919 265651 1.49418
0.661 0.37862 0.385276 0.144369 0.0212795 0.380807 514.889 265620 1.49634
0.66 0.378235 0.385405 0.144279 0.0212534 0.381341 514.859 265589 1.49851
0.659 0.377849 0.385535 0.144189 0.0212274 0.381877 514.829 265558 1.50068
0.658 0.377464 0.385666 0.1441 0.0212017 0.382416 514.8 265528 1.50286
0.657 0.377078 0.385799 0.144011 0.0211761 0.382958 514.772 265499 1.50504
0.656 0.376692 0.385932 0.143923 0.0211507 0.383503 514.744 265471 1.50724
0.655 0.376306 0.386067 0.143836 0.0211254 0.384051 514.717 265443 1.50944
0.654 0.37592 0.386203 0.143749 0.0211003 0.384602 514.691 265416 1.51164
0.653 0.375534 0.38634 0.143662 0.0210754 0.385157 514.665 265389 1.51386
0.652 0.375147 0.386479 0.143576 0.0210507 0.385714 514.64 265363 1.51608
0.651 0.37476 0.386619 0.143491 0.0210261 0.386275 514.615 265337 1.5183
0.65 0.374374 0.38676 0.143406 0.0210018 0.38684 514.591 265312 1.52054
0.649 0.373987 0.386903 0.143322 0.0209776 0.387407 514.567 265288 1.52278
0.648 0.3736 0.387048 0.143238 0.0209536 0.387979 514.545 265265 1.52503
0.647 0.373213 0.387194 0.143155 0.0209297 0.388553 514.522 265242 1.52728
0.646 0.372825 0.387341 0.143072 0.0209061 0.389132 514.501 265220 1.52955
0.645 0.372438 0.387491 0.14299 0.0208826 0.389714 514.48 265198 1.53182
0.644 0.37205 0.387642 0.142909 0.0208593 0.390299 514.46 265177 1.53409
0.643 0.371663 0.387794 0.142828 0.0208362 0.390889 514.44 265157 1.53638
0.642 0.371275 0.387949 0.142748 0.0208133 0.391482 514.421 265137 1.53867
0.641 0.370887 0.388105 0.142668 0.0207906 0.392079 514.403 265118 1.54097
0.64 0.370498 0.388264 0.142589 0.0207681 0.39268 514.385 265100 1.54328
0.639 0.37011 0.388424 0.142511 0.0207457 0.393285 514.368 265082 1.54559
0.638 0.369722 0.388586 0.142433 0.0207236 0.393895 514.352 265066 1.54792
0.637 0.369333 0.388751 0.142356 0.0207016 0.394508 514.336 265050 1.55025
0.636 0.368944 0.388917 0.14228 0.0206799 0.395126 514.321 265034 1.55259
0.635 0.368555 0.389086 0.142204 0.0206583 0.395748 514.307 265019 1.55494
0.634 0.368166 0.389257 0.142129 0.0206369 0.396374 514.293 265005 1.55729
0.633 0.367776 0.38943 0.142054 0.0206158 0.397005 514.28 264992 1.55966
0.632 0.367387 0.389606 0.141981 0.0205948 0.397641 514.268 264980 1.56203
0.631 0.366997 0.389784 0.141907 0.020574 0.398281 514.257 264968 1.56441
0.63 0.366607 0.389964 0.141835 0.0205535 0.398925 514.246 264957 1.5668
0.629 0.366217 0.390148 0.141763 0.0205331 0.399575 514.236 264946 1.5692
0.628 0.365827 0.390333 0.141692 0.020513 0.400229 514.227 264937 1.57161
0.627 0.365437 0.390522 0.141621 0.020493 0.400888 514.218 264928 1.57403
0.626 0.365046 0.390713 0.141552 0.0204733 0.401552 514.21 264920 1.57646
0.625 0.364655 0.390907 0.141482 0.0204537 0.402222 514.203 264913 1.57889
0.624 0.364264 0.391104 0.141414 0.0204344 0.402896 514.197 264906 1.58134
0.623 0.363873 0.391304 0.141346 0.0204153 0.403576 514.192 264900 1.5838
0.622 0.363482 0.391507 0.141279 0.0203964 0.404261 514.187 264895 1.58627
0.621 0.36309 0.391713 0.141213 0.0203777 0.404951 514.183 264891 1.58874
0.62 0.362698 0.391922 0.141148 0.0203593 0.405647 514.179 264888 1.59123
0.619 0.362306 0.392135 0.141083 0.020341 0.406348 514.177 264885 1.59373
0.618 0.361914 0.39235 0.141019 0.020323 0.407055 514.175 264883 1.59624
0.617 0.361522 0.39257 0.140955 0.0203052 0.407768 514.174 264882 1.59877
0.616 0.361129 0.392792 0.140893 0.0202876 0.408486 514.174 264882 1.6013
0.615 0.360736 0.393019 0.140831 0.0202702 0.40921 514.175 264883 1.60384
0.614 0.360343 0.393248 0.14077 0.0202531 0.409941 514.176 264885 1.6064
0.613 0.35995 0.393482 0.140709 0.0202361 0.410677 514.179 264887 1.60897
0.612 0.359556 0.39372 0.14065 0.0202195 0.41142 514.182 264890 1.61155
0.611 0.359162 0.393961 0.140591 0.020203 0.412169 514.186 264894 1.61414
0.61 0.358768 0.394206 0.140533 0.0201868 0.412924 514.191 264899 1.61675
0.609 0.358374 0.394455 0.140476 0.0201708 0.413685 514.196 264905 1.61937
0.608 0.35798 0.394709 0.140419 0.020155 0.414453 514.203 264912 1.622
0.607 0.357585 0.394967 0.140363 0.0201395 0.415228 514.21 264919 1.62465
0.606 0.35719 0.395229 0.140309 0.0201242 0.41601 514.218 264928 1.62731
0.605 0.356795 0.395495 0.140255 0.0201091 0.416798 514.227 264937 1.62999
0.604 0.356399 0.395766 0.140201 0.0200943 0.417593 514.237 264947 1.63267
0.603 0.356003 0.396041 0.140149 0.0200797 0.418395 514.248 264958 1.63538
0.602 0.355607 0.396321 0.140097 0.0200654 0.419204 514.26 264970 1.6381
0.601 0.355211 0.396606 0.140047 0.0200513 0.420021 514.272 264983 1.64083
0.6 0.354814 0.396896 0.139997 0.0200375 0.420844 514.286 264997 1.64358
0.599 0.354417 0.39719 0.139948 0.0200239 0.421675 514.3 265012 1.64634
0.598 0.35402 0.39749 0.1399 0.0200105 0.422514 514.316 265028 1.64912
0.597 0.353623 0.397795 0.139852 0.0199974 0.42336 514.332 265044 1.65192
0.596 0.353225 0.398104 0.139806 0.0199846 0.424214 514.349 265062 1.65474
0.595 0.352827 0.39842 0.13976 0.019972 0.425075 514.367 265081 1.65757
0.594 0.352428 0.39874 0.139715 0.0199597 0.425945 514.386 265100 1.66041
0.593 0.352029 0.399066 0.139672 0.0199476 0.426822 514.406 265121 1.66328
0.592 0.35163 0.399398 0.139629 0.0199358 0.427708 514.427 265142 1.66616
0.591 0.351231 0.399736 0.139587 0.0199242 0.428601 514.448 265165 1.66906
0.59 0.350831 0.400079 0.139546 0.0199129 0.429503 514.471 265188 1.67198
0.589 0.350431 0.400428 0.139506 0.0199019 0.430414 514.495 265213 1.67492
0.588 0.350031 0.400784 0.139466 0.0198912 0.431332 514.52 265238 1.67788
0.587 0.34963 0.401145 0.139428 0.0198807 0.43226 514.545 265265 1.68085
0.586 0.349229 0.401512 0.139391 0.0198705 0.433196 514.572 265292 1.68385
0.585 0.348827 0.401886 0.139354 0.0198605 0.434141 514.6 265321 1.68687
0.584 0.348425 0.402267 0.139319 0.0198508 0.435095 514.628 265350 1.6899
0.583 0.348023 0.402654 0.139284 0.0198415 0.436057 514.658 265381 1.69296
0.582 0.34762 0.403047 0.139251 0.0198323 0.437029 514.689 265413 1.69604
0.581 0.347217 0.403448 0.139218 0.0198235 0.438011 514.721 265445 1.69914
0.58 0.346814 0.403855 0.139187 0.019815 0.439001 514.753 265479 1.70226
0.579 0.34641 0.40427 0.139156 0.0198067 0.440001 514.787 265514 1.70541
0.578 0.346006 0.404691 0.139127 0.0197987 0.441011 514.822 265550 1.70857
0.577 0.345601 0.40512 0.139098 0.0197911 0.44203 514.858 265587 1.71176
0.576 0.345196 0.405556 0.13907 0.0197837 0.443059 514.895 265626 1.71497
0.575 0.34479 0.405999 0.139044 0.0197766 0.444098 514.933 265665 1.71821
0.574 0.344384 0.40645 0.139019 0.0197698 0.445147 514.973 265706 1.72147
0.573 0.343978 0.406909 0.138994 0.0197633 0.446206 515.013 265747 1.72475
0.572 0.343571 0.407376 0.138971 0.0197571 0.447276 515.054 265790 1.72806
0.571 0.343163 0.40785 0.138949 0.0197512 0.448355 515.097 265834 1.73139
0.57 0.342755 0.408333 0.138927 0.0197456 0.449446 515.141 265879 1.73475
0.569 0.342347 0.408823 0.138907 0.0197403 0.450547 515.185 265926 1.73814
0.568 0.341938 0.409322 0.138888 0.0197354 0.451659 515.231 265973 1.74155
0.567 0.341529 0.40983 0.138871 0.0197308 0.452782 515.279 266022 1.74499
0.566 0.341119 0.410345 0.138854 0.0197264 0.453915 515.327 266072 1.74846
0.565 0.340709 0.41087 0.138838 0.0197224 0.45506 515.376 266123 1.75195
0.564 0.340298 0.411403 0.138824 0.0197188 0.456217 515.427 266175 1.75547
0.563 0.339886 0.411944 0.138811 0.0197154 0.457385 515.479 266229 1.75902
0.562 0.339474 0.412495 0.138799 0.0197124 0.458564 515.532 266284 1.76261
0.561 0.339062 0.413055 0.138788 0.0197098 0.459756 515.587 266340 1.76622
0.56 0.338648 0.413623 0.138778 0.0197075 0.460959 515.642 266398 1.76986
0.559 0.338235 0.414201 0.138769 0.0197055 0.462174 515.699 266457 1.77353
0.558 0.33782 0.414788 0.138762 0.0197038 0.463402 515.757 266517 1.77723
0.557 0.337406 0.415384 0.138756 0.0197026 0.464643 515.817 266579 1.78096
0.556 0.33699 0.41599 0.138751 0.0197016 0.465895 515.878 266642 1.78473
0.555 0.336574 0.416606 0.138748 0.0197011 0.467161 515.94 266706 1.78853
0.554 0.336157 0.41723 0.138746 0.0197009 0.46844 516.003 266772 1.79236
0.553 0.33574 0.417865 0.138745 0.0197011 0.469732 516.068 266839 1.79623
0.552 0.335322 0.418509 0.138745 0.0197016 0.471038 516.134 266907 1.80013
0.551 0.334903 0.419163 0.138747 0.0197025 0.472357 516.202 266978 1.80407
0.55 0.334484 0.419827 0.13875 0.0197039 0.47369 516.271 267049 1.80805
0.549 0.334064 0.4205 0.138754 0.0197056 0.475037 516.341 267122 1.81206
0.548 0.333643 0.421184 0.13876 0.0197076 0.476398 516.413 267197 1.8161
0.547 0.333222 0.421877 0.138768 0.0197101 0.477774 516.486 267273 1.82019
0.546 0.3328 0.422581 0.138776 0.019713 0.479165 516.561 267350 1.82431
0.545 0.332377 0.423294 0.138786 0.0197163 0.480571 516.638 267429 1.82848
0.544 0.331953 0.424018 0.138798 0.0197201 0.481992 516.715 267510 1.83268
0.543 0.331529 0.424752 0.138811 0.0197242 0.483428 516.795 267592 1.83692
0.542 0.331104 0.425495 0.138826 0.0197288 0.48488 516.876 267676 1.84121
0.541 0.330679 0.426249 0.138842 0.0197338 0.486349 516.958 267762 1.84553
0.54 0.330252 0.427013 0.138859 0.0197392 0.487834 517.042 267849 1.8499
0.539 0.329825 0.427787 0.138878 0.0197451 0.489335 517.128 267938 1.85431
0.538 0.329397 0.428572 0.138899 0.0197515 0.490853 517.215 268029 1.85877
0.537 0.328968 0.429366 0.138922 0.0197583 0.492389 517.305 268122 1.86327
0.536 0.328538 0.430171 0.138946 0.0197655 0.493942 517.395 268216 1.86782
0.535 0.328108 0.430985 0.138971 0.0197733 0.495513 517.488 268312 1.87241
0.534 0.327677 0.43181 0.138999 0.0197815 0.497102 517.582 268410 1.87705
0.533 0.327244 0.432645 0.139028 0.0197902 0.49871 517.678 268510 1.88173
0.532 0.326811 0.433491 0.139058 0.0197994 0.500336 517.776 268611 1.88647
0.531 0.326378 0.434346 0.139091 0.0198091 0.501982 517.875 268715 1.89125
0.53 0.325943 0.435212 0.139125 0.0198193 0.503647 517.977 268820 1.89608
0.529 0.325507 0.436088 0.139161 0.01983 0.505331 518.08 268928 1.90097
0.528 0.325071 0.436974 0.139199 0.0198412 0.507036 518.185 269037 1.9059
0.527 0.324634 0.43787 0.139239 0.019853 0.508762 518.292 269149 1.91089
0.526 0.324195 0.438777 0.139281 0.0198653 0.510508 518.401 269262 1.91592
0.525 0.323756 0.439694 0.139324 0.0198782 0.512275 518.512 269378 1.92102
0.524 0.323316 0.440621 0.13937 0.0198916 0.514064 518.625 269495 1.92616
0.523 0.322875 0.441559 0.139417 0.0199056 0.515875 518.74 269615 1.93136
0.522 0.322433 0.442507 0.139467 0.0199201 0.517708 518.857 269737 1.93661
0.521 0.32199 0.443466 0.139518 0.0199353 0.519564 518.976 269861 1.94192
0.52 0.321546 0.444435 0.139572 0.019951 0.521443 519.097 269988 1.94729
0.519 0.321101 0.445415 0.139627 0.0199673 0.523345 519.221 270116 1.95271
0.518 0.320655 0.446406 0.139685 0.0199842 0.52527 519.346 270247 1.95819
0.517 0.320209 0.447408 0.139744 0.0200017 0.52722 519.474 270380 1.96372
0.516 0.319761 0.448422 0.139806 0.0200199 0.529194 519.603 270516 1.96932
0.515 0.319312 0.449446 0.13987 0.0200387 0.531193 519.736 270654 1.97497
0.514 0.318862 0.450482 0.139937 0.0200581 0.533218 519.87 270794 1.98069
0.513 0.318411 0.45153 0.140005 0.0200782 0.535268 520.007 270937 1.98646
0.512 0.317959 0.45259 0.140076 0.0200989 0.537343 520.145 271082 1.9923
0.511 0.317506 0.453662 0.140149 0.0201203 0.539446 520.287 271230 1.99819
0.51 0.317052 0.454746 0.140224 0.0201424 0.541574 520.43 271380 2.00415
0.509 0.316596 0.455843 0.140302 0.0201652 0.54373 520.577 271533 2.01017
0.508 0.31614 0.456954 0.140382 0.0201886 0.545914 520.725 271688 2.01626
0.507 0.315682 0.458077 0.140465 0.0202128 0.548125 520.876 271846 2.02241
0.506 0.315224 0.459215 0.14055 0.0202377 0.550365 521.03 272007 2.02862
0.505 0.314764 0.460367 0.140637 0.0202633 0.552634 521.186 272170 2.03489
0.504 0.314303 0.461533 0.140727 0.0202897 0.554931 521.344 272336 2.04124
0.503 0.313841 0.462715 0.14082 0.0203168 0.557258 521.505 272505 2.04765
0.502 0.313378 0.463912 0.140915 0.0203446 0.559615 521.669 272677 2.05412
0.501 0.312913 0.465125 0.141012 0.0203733 0.562003 521.835 272851 2.06066
0.5 0.312447 0.466355 0.141113 0.0204027 0.564422 522.005 273028 2.06728
0.499 0.31198 0.467602 0.141215 0.0204329 0.566872 522.176 273209 2.07396
0.498 0.311512 0.468866 0.141321 0.0204639 0.569354 522.351 273392 2.08071
0.497 0.311043 0.470148 0.14143 0.0204957 0.571868 522.528 273578 2.08753
0.496 0.310572 0.47145 0.141541 0.0205284 0.574415 522.708 273767 2.09442
0.495 0.3101 0.47277 0.141655 0.0205619 0.576996 522.891 273959 2.10139
0.494 0.309626 0.474111 0.141771 0.0205962 0.57961 523.077 274155 2.10842
0.493 0.309151 0.475472 0.141891 0.0206315 0.58226 523.266 274353 2.11554
0.492 0.308675 0.476854 0.142014 0.0206675 0.584944 523.458 274555 2.12273
0.491 0.308198 0.478259 0.142139 0.0207045 0.587665 523.653 274760 2.13
0.49 0.307719 0.479686 0.142268 0.0207424 0.590422 523.85 274968 2.13734
0.489 0.307238 0.481136 0.1424 0.0207812 0.593217 524.051 275179 2.14477
0.488 0.306756 0.48261 0.142534 0.020821 0.596049 524.255 275394 2.15228
0.487 0.306273 0.484109 0.142672 0.0208617 0.59892 524.462 275612 2.15987
0.486 0.305788 0.485633 0.142813 0.0209033 0.601831 524.673 275834 2.16754
0.485 0.305302 0.487182 0.142957 0.020946 0.604783 524.886 276059 2.17531
0.484 0.304814 0.488759 0.143105 0.0209896 0.607776 525.103 276288 2.18316
0.483 0.304324 0.490363 0.143255 0.0210343 0.610811 525.323 276520 2.19111
0.482 0.303833 0.491995 0.14341 0.02108 0.61389 525.547 276757 2.19914
0.481 0.30334 0.493656 0.143567 0.0211268 0.617013 525.774 276996 2.20728
0.48 0.302846 0.495346 0.143728 0.0211746 0.620182 526.004 277240 2.21551
0.479 0.30235 0.497066 0.143893 0.0212235 0.623398 526.238 277487 2.22384
0.478 0.301852 0.498817 0.144061 0.0212735 0.626661 526.476 277738 2.23228
0.477 0.301352 0.500599 0.144232 0.0213247 0.629974 526.717 277993 2.24083
0.476 0.300851 0.502413 0.144408 0.021377 0.633337 526.962 278253 2.24948
0.475 0.300347 0.50426 0.144587 0.0214305 0.636752 527.21 278516 2.25825
0.474 0.299842 0.506141 0.14477 0.0214852 0.640221 527.462 278783 2.26714
0.473 0.299335 0.508055 0.144957 0.0215411 0.643744 527.719 279055 2.27615
0.472 0.298826 0.510005 0.145148 0.0215983 0.647324 527.979 279331 2.28528
0.471 0.298315 0.511989 0.145342 0.0216567 0.650963 528.243 279611 2.29455
0.47 0.297802 0.51401 0.145541 0.0217164 0.654661 528.511 279896 2.30394
0.469 0.297288 0.516068 0.145744 0.0217775 0.658422 528.783 280185 2.31348
0.468 0.29677 0.518163 0.145952 0.0218399 0.662246 529.06 280479 2.32316
0.467 0.296251 0.520296 0.146163 0.0219037 0.666136 529.34 280778 2.33299
0.466 0.29573 0.522469 0.146379 0.0219689 0.670094 529.625 281081 2.34297
0.465 0.295207 0.524681 0.146599 0.0220356 0.674122 529.915 281389 2.35311
0.464 0.294681 0.526935 0.146824 0.0221037 0.678222 530.209 281703 2.36342
0.463 0.294153 0.529229 0.147054 0.0221734 0.682397 530.507 282021 2.37389
0.462 0.293622 0.531567 0.147288 0.0222446 0.68665 530.81 282344 2.38455
0.461 0.29309 0.533948 0.147527 0.0223174 0.690982 531.118 282673 2.39538
0.46 0.292555 0.536374 0.147772 0.0223918 0.695397 531.431 283007 2.40641
0.459 0.292017 0.538846 0.148021 0.0224678 0.699897 531.748 283346 2.41764
0.458 0.291477 0.541365 0.148275 0.0225456 0.704485 532.071 283691 2.42907
0.457 0.290935 0.543932 0.148534 0.0226251 0.709164 532.398 284042 2.44072
0.456 0.29039 0.54655 0.148799 0.0227064 0.713938 532.731 284398 2.45258
0.455 0.289842 0.549219 0.149069 0.0227895 0.718809 533.069 284761 2.46468
0.454 0.289291 0.551941 0.149345 0.0228744 0.723782 533.413 285129 2.47701
0.453 0.288738 0.554719 0.149627 0.0229613 0.728859 533.762 285504 2.48959
0.452 0.288182 0.557553 0.149914 0.0230502 0.734045 534.117 285885 2.50243
0.451 0.287623 0.560446 0.150207 0.023141 0.739343 534.477 286272 2.51553
0.45 0.287061 0.563401 0.150506 0.023234 0.744757 534.844 286666 2.52891
0.449 0.286496 0.56642 0.150812 0.023329 0.750291 535.216 287067 2.54258
0.448 0.285928 0.569504 0.151124 0.0234263 0.755951 535.594 287475 2.55654
0.447 0.285357 0.572658 0.151442 0.0235258 0.761741 535.979 287890 2.57082
0.446 0.284783 0.575883 0.151767 0.0236276 0.767665 536.37 288312 2.58541
0.445 0.284206 0.579184 0.152099 0.0237317 0.773728 536.768 288741 2.60034
0.444 0.283625 0.582563 0.152437 0.0238384 0.779937 537.173 289178 2.61562
0.443 0.283041 0.586024 0.152783 0.0239475 0.786296 537.584 289623 2.63126
0.442 0.282453 0.58957 0.153136 0.0240591 0.792811 538.002 290076 2.64727
0.441 0.281862 0.593206 0.153497 0.0241735 0.799489 538.428 290537 2.66367
0.44 0.281267 0.596936 0.153866 0.0242906 0.806336 538.861 291007 2.68048
0.439 0.280668 0.600764 0.154242 0.0244105 0.813359 539.301 291485 2.69772
0.438 0.280065 0.604694 0.154626 0.0245333 0.820564 539.75 291972 2.71539
0.437 0.279459 0.608733 0.155019 0.0246591 0.827961 540.206 292468 2.73352
0.436 0.278848 0.612884 0.15542 0.024788 0.835556 540.67 292973 2.75212
0.435 0.278233 0.617154 0.15583 0.02492 0.843358 541.143 293488 2.77122
0.434 0.277614 0.621548 0.15625 0.0250554 0.851377 541.625 294013 2.79084
0.433 0.27699 0.626073 0.156678 0.0251942 0.859621 542.115 294549 2.811
0.432 0.276362 0.630734 0.157116 0.0253365 0.8681 542.614 295094 2.83172
0.431 0.275729 0.635539 0.157564 0.0254825 0.876825 543.123 295651 2.85303
0.43 0.275091 0.640494 0.158022 0.0256322 0.885808 543.642 296219 2.87496
0.429 0.274448 0.645607 0.15849 0.0257858 0.895059 544.17 296798 2.89752
0.428 0.2738 0.650886 0.15897 0.0259435 0.904592 544.709 297389 2.92075
0.427 0.273146 0.656339 0.15946 0.0261054 0.91442 545.258 297992 2.94468
0.426 0.272487 0.661975 0.159962 0.0262716 0.924557 545.819 298608 2.96934
0.425 0.271822 0.667804 0.160476 0.0264424 0.935018 546.39 299237 2.99477
0.424 0.271151 0.673834 0.161002 0.0266179 0.94582 546.973 299880 3.02099
0.423 0.270475 0.680077 0.161541 0.0267982 0.956978 547.568 300537 3.04806
0.422 0.269791 0.686543 0.162093 0.0269836 0.968512 548.176 301208 3.07601
0.421 0.269102 0.693244 0.162658 0.0271744 0.98044 548.796 301895 3.10488
0.42 0.268405 0.700192 0.163238 0.0273706 0.992783 549.43 302597 3.13472
0.419 0.267701 0.707401 0.163833 0.0275726 1.00556 550.078 303315 3.16557
0.418 0.26699 0.714884 0.164442 0.0277806 1.0188 550.739 304050 3.1975
0.417 0.266272 0.722657 0.165067 0.0279948 1.03253 551.416 304803 3.23055
0.416 0.265545 0.730735 0.165709 0.0282155 1.04677 552.108 305573 3.26478
0.415 0.26481 0.739136 0.166368 0.0284432 1.06155 552.817 306363 3.30026
0.414 0.264067 0.747878 0.167045 0.0286779 1.0769 553.541 307173 3.33706
0.413 0.263315 0.756981 0.16774 0.0289202 1.09286 554.284 308003 3.37525
0.412 0.262553 0.766467 0.168454 0.0291703 1.10946 555.044 308855 3.41491
0.411 0.261782 0.776359 0.169188 0.0294286 1.12675 555.823 309729 3.45612
0.41 0.261 0.786684 0.169943 0.0296956 1.14476 556.621 310626 3.49899
0.409 0.260208 0.797468 0.170721 0.0299717 1.16355 557.441 311548 3.54361
0.408 0.259406 0.808743 0.171521 0.0302574 1.18316 558.281 312495 3.5901
0.407 0.258591 0.820543 0.172345 0.0305532 1.20365 559.144 313470 3.63858
0.406 0.257764 0.832906 0.173194 0.0308596 1.2251 560.03 314473 3.6892
0.405 0.256925 0.845877 0.174069 0.0311773 1.24756 560.941 315505 3.74212
0.404 0.256073 0.859515 0.174973 0.0315069 1.27113 561.878 316569 3.79752
0.403 0.255206 0.873938 0.175905 0.0318492 1.29594 562.842 317665 3.85573
0.402 0.254325 0.889543 0.176868 0.0322053 1.32236 563.834 318797 3.91753
0.401 0.253426 0.908249 0.177866 0.0325773 1.35182 564.858 319968 3.98622
0.4 0.252504 0.940595 0.178907 0.0329744 1.39187 565.923 321192 4.07892
0.399 0.251523 1.04767 0.180041 0.0334436 1.48516 567.069 322539 4.292
0.398 0.250277 1.59536 0.181539 0.0342572 1.88271 568.531 324402 5.18981
0.397 0.247527 4.82009 0.185022 0.0370554 4.0946 571.703 329145 10.1345
0.396 0.235792 23.9947 0.200228 0.0517402 16.9439 584.948 350974 38.0352
0.395 0.175871 115.539 0.277809 0.130115 77.1944 651.715 463919 152.225
0.394 -0.0159971 240.892 0.524678 0.382619 156.912 863.539 824705 232.212
0.393 -0.202697 109.974 0.762066 0.627732 68.8688 1066.84 1.1726e+06 82.1836
0.392 -0.260676 25.1054 0.832716 0.702641 13.5554 1127.05 1.27694e+06 15.1621
0.391 -0.274996 8.33912 0.847337 0.719915 2.84973 1139.25 1.29923e+06 3.04056
0.39 -0.2816 5.63726 0.85218 0.727021 1.19652 1143.08 1.30716e+06 1.20042
0.389 -0.286921 5.11922 0.855463 0.732442 0.925143 1145.58 1.31277e+06 0.905135
0.388 -0.291936 4.92701 0.858423 0.737466 0.853943 1147.82 1.31787e+06 0.832149
0.387 -0.296793 4.78962 0.861243 0.742286 0.813277 1149.95 1.32273e+06 0.79275
0.386 -0.301521 4.66797 0.863957 0.746943 0.779279 1151.99 1.32742e+06 0.760519
0.385 -0.306132 4.55588 0.866575 0.751452 0.748424 1153.95 1.33194e+06 0.731574
0.384 -0.310636 4.45177 0.869105 0.755823 0.719986 1155.85 1.3363e+06 0.705121
0.383 -0.315039 4.35478 0.871554 0.760067 0.693645 1157.68 1.34053e+06 0.680811
0.382 -0.319348 4.26422 0.873927 0.764192 0.669164 1159.46 1.34463e+06 0.658384
0.381 -0.323569 4.17946 0.876229 0.768205 0.64634 1161.17 1.34861e+06 0.637616
0.38 -0.327709 4.09994 0.878466 0.772115 0.624998 1162.84 1.35247e+06 0.618316
0.379 -0.331772 4.02514 0.880641 0.775926 0.604983 1164.46 1.35623e+06 0.600314
0.378 -0.335762 3.95458 0.882757 0.779645 0.58616 1166.03 1.35989e+06 0.583467
0.377 -0.339683 3.88784 0.884819 0.783276 0.56841 1167.56 1.36345e+06 0.567647
0.376 -0.343539 3.82451 0.886828 0.786825 0.55163 1169.05 1.36693e+06 0.55275
0.375 -0.347334 3.76423 0.888789 0.790294 0.53573 1170.51 1.37032e+06 0.538686
0.374 -0.35107 3.70669 0.890702 0.793689 0.520634 1171.92 1.37364e+06 0.525381
0.373 -0.354749 3.65162 0.892571 0.797012 0.506274 1173.31 1.37687e+06 0.512774
0.372 -0.358374 3.59877 0.894398 0.800266 0.492594 1174.66 1.38004e+06 0.500815
0.371 -0.361948 3.54797 0.896184 0.803454 0.479545 1175.98 1.38313e+06 0.489463
0.37 -0.365472 3.49906 0.89793 0.806579 0.467085 1177.27 1.38616e+06 0.478687
0.369 -0.368948 3.4519 0.89964 0.809643 0.455176 1178.53 1.38913e+06 0.468457
0.368 -0.372377 3.40639 0.901313 0.812649 0.443785 1179.76 1.39204e+06 0.458751
0.367 -0.375762 3.36246 0.902952 0.815598 0.432882 1180.97 1.39488e+06 0.449545
0.366 -0.379104 3.32004 0.904558 0.818493 0.42244 1182.15 1.39768e+06 0.440818
0.365 -0.382403 3.27905 0.906131 0.821335 0.41243 1183.31 1.40041e+06 0.432549
0.364 -0.385663 3.23945 0.907675 0.824128 0.402829 1184.45 1.4031e+06 0.424715
0.363 -0.388883 3.20116 0.909188 0.826871 0.393609 1185.56 1.40574e+06 0.417292
0.362 -0.392066 3.16412 0.910673 0.829568 0.384747 1186.65 1.40833e+06 0.410257
0.361 -0.395212 3.12827 0.912131 0.832219 0.376219 1187.73 1.41087e+06 0.403584
0.36 -0.398323 3.09353 0.913562 0.834826 0.368003 1188.78 1.41337e+06 0.397247
0.359 -0.4014 3.05984 0.914968 0.83739 0.360076 1189.81 1.41582e+06 0.391221
0.358 -0.404444 3.02714 0.916348 0.839913 0.352419 1190.83 1.41824e+06 0.38548
0.357 -0.407455 2.99537 0.917705 0.842396 0.345014 1191.83 1.42062e+06 0.380001
0.356 -0.410435 2.96447 0.919038 0.84484 0.337845 1192.81 1.42296e+06 0.374759
0.355 -0.413384 2.9344 0.920349 0.847246 0.330899 1193.78 1.42526e+06 0.369734
0.354 -0.416304 2.90513 0.921637 0.849614 0.324162 1194.73 1.42752e+06 0.364905
0.353 -0.419195 2.87664 0.922904 0.851947 0.317625 1195.66 1.42976e+06 0.360254
0.352 -0.422058 2.8489 0.924151 0.854244 0.311277 1196.58 1.43196e+06 0.355765
0.351 -0.424893 2.8219 0.925377 0.856508 0.30511 1197.49 1.43412e+06 0.351422
0.35 -0.427702 2.79562 0.926583 0.858737 0.299117 1198.38 1.43626e+06 0.347213
0.349 -0.430485 2.77005 0.92777 0.860935 0.293289 1199.26 1.43837e+06 0.343126
0.348 -0.433243 2.74516 0.928938 0.8631 0.287618 1200.13 1.44044e+06 0.339152
0.347 -0.435976 2.72092 0.930089 0.865235 0.282098 1200.98 1.44249e+06 0.335283
0.346 -0.438686 2.6973 0.931221 0.86734 0.27672 1201.82 1.44451e+06 0.331511
0.345 -0.441372 2.67425 0.932337 0.869415 0.271475 1202.65 1.4465e+06 0.327832
0.344 -0.444035 2.65173 0.933436 0.871461 0.266355 1203.47 1.44846e+06 0.324241
0.343 -0.446676 2.62966 0.934518 0.873479 0.261352 1204.27 1.4504e+06 0.320734
0.342 -0.449296 2.608 0.935584 0.87547 0.256457 1205.07 1.45231e+06 0.31731
0.341 -0.451893 2.58669 0.936635 0.877434 0.251663 1205.85 1.4542e+06 0.313966
0.34 -0.45447 2.56566 0.93767 0.879371 0.246964 1206.62 1.45606e+06 0.310701
0.339 -0.457026 2.54487 0.93869 0.881281 0.242353 1207.38 1.4579e+06 0.307513
0.338 -0.459561 2.52426 0.939695 0.883165 0.237826 1208.13 1.45971e+06 0.3044
0.337 -0.462076 2.50381 0.940685 0.885024 0.23338 1208.87 1.4615e+06 0.301362
0.336 -0.46457 2.48349 0.94166 0.886857 0.229013 1209.61 1.46327e+06 0.298395
0.335 -0.467044 2.46328 0.942621 0.888665 0.224723 1210.33 1.46501e+06 0.295498
0.334 -0.469498 2.44318 0.943567 0.890447 0.220512 1211.04 1.46673e+06 0.292668
0.333 -0.471932 2.4232 0.9445 0.892205 0.21638 1211.74 1.46842e+06 0.289903
0.332 -0.474345 2.40335 0.945418 0.893938 0.212329 1212.43 1.4701e+06 0.287199
0.331 -0.476739 2.38365 0.946323 0.895646 0.20836 1213.11 1.47175e+06 0.284555
0.33 -0.479113 2.36413 0.947214 0.897331 0.204476 1213.78 1.47339e+06 0.281969
0.329 -0.481468 2.34482 0.948091 0.898991 0.200678 1214.45 1.475e+06 0.279438
0.328 -0.483804 2.32575 0.948955 0.900628 0.196968 1215.1 1.47659e+06 0.276962
0.327 -0.48612 2.30695 0.949806 0.902242 0.193345 1215.75 1.47816e+06 0.274542
0.326 -0.488418 2.28846 0.950645 0.903833 0.189811 1216.39 1.47971e+06 0.272177
0.325 -0.490697 2.27029 0.951471 0.905402 0.186363 1217.02 1.48124e+06 0.26987
0.324 -0.492959 2.25248 0.952285 0.906949 0.182999 1217.64 1.48276e+06 0.267621
0.323 -0.495202 2.23504 0.953086 0.908474 0.179718 1218.26 1.48425e+06 0.265434
0.322 -0.497429 2.21799 0.953876 0.909979 0.176516 1218.86 1.48573e+06 0.263311
0.321 -0.499638 2.20135 0.954655 0.911463 0.173388 1219.46 1.48719e+06 0.261256
0.32 -0.501832 2.18512 0.955423 0.912927 0.170332 1220.05 1.48863e+06 0.25927
0.319 -0.504009 2.16931 0.956179 0.914372 0.167341 1220.64 1.49006e+06 0.257357
0.318 -0.50617 2.15391 0.956925 0.915797 0.164413 1221.22 1.49147e+06 0.255517
0.317 -0.508317 2.13893 0.957661 0.917203 0.161542 1221.79 1.49286e+06 0.253753
0.316 -0.510449 2.12434 0.958386 0.918591 0.158726 1222.35 1.49423e+06 0.252064
0.315 -0.512566 2.11015 0.959102 0.919961 0.155959 1222.91 1.49559e+06 0.25045
0.314 -0.514669 2.09632 0.959807 0.921314 0.153239 1223.46 1.49694e+06 0.248909
0.313 -0.516759 2.08283 0.960503 0.922649 0.150564 1224 1.49827e+06 0.24744
0.312 -0.518836 2.06966 0.96119 0.923966 0.147932 1224.54 1.49958e+06 0.246038
0.311 -0.520899 2.05678 0.961867 0.925267 0.14534 1225.07 1.50089e+06 0.244699
0.31 -0.52295 2.04415 0.962535 0.926551 0.142788 1225.59 1.50217e+06 0.243417
0.309 -0.524989 2.03172 0.963195 0.927819 0.140275 1226.11 1.50345e+06 0.242188
0.308 -0.527015 2.01947 0.963845 0.92907 0.137801 1226.63 1.50471e+06 0.241002
0.307 -0.529029 2.00736 0.964486 0.930306 0.135367 1227.14 1.50596e+06 0.239855
0.306 -0.531031 1.99534 0.965119 0.931525 0.132971 1227.64 1.50719e+06 0.238737
0.305 -0.533021 1.98338 0.965743 0.932728 0.130617 1228.14 1.50842e+06 0.237642
0.304 -0.535 1.97146 0.966358 0.933916 0.128302 1228.63 1.50963e+06 0.236561
0.303 -0.536966 1.95955 0.966966 0.935089 0.12603 1229.12 1.51083e+06 0.235488
0.302 -0.53892 1.94764 0.967564 0.936246 0.123799 1229.6 1.51201e+06 0.234416
0.301 -0.540863 1.93574 0.968155 0.937388 0.12161 1230.08 1.51319e+06 0.23334
0.3 -0.542793 1.92384 0.968737 0.938515 0.119465 1230.56 1.51435e+06 0.232256
0.299 -0.544712 1.91197 0.969312 0.939626 0.117362 1231.02 1.51551e+06 0.23116
0.298 -0.546618 1.90015 0.969878 0.940724 0.115303 1231.49 1.51665e+06 0.230051
0.297 -0.548513 1.8884 0.970437 0.941806 0.113286 1231.95 1.51778e+06 0.22893
0.296 -0.550396 1.87676 0.970988 0.942875 0.11131 1232.4 1.5189e+06 0.227797
0.295 -0.552268 1.86525 0.971531 0.943929 0.109375 1232.85 1.52001e+06 0.226656
0.294 -0.554128 1.85391 0.972067 0.944969 0.10748 1233.3 1.52111e+06 0.225512
0.293 -0.555976 1.84276 0.972596 0.945996 0.105621 1233.74 1.5222e+06 0.22437
0.292 -0.557814 1.8318 0.973117 0.947009 0.103798 1234.18 1.52328e+06 0.223239
0.291 -0.559641 1.82103 0.973631 0.948009 0.102007 1234.62 1.52435e+06 0.222124
0.29 -0.561458 1.81047 0.974138 0.948995 0.100247 1235.05 1.52542e+06 0.221034
0.289 -0.563264 1.80008 0.974638 0.949969 0.0985149 1235.47 1.52647e+06 0.219977
0.288 -0.565059 1.78985 0.975132 0.95093 0.0968077 1235.89 1.52751e+06 0.218959
0.287 -0.566845 1.77975 0.975618 0.951878 0.0951232 1236.31 1.52855e+06 0.217985
0.286 -0.568621 1.76975 0.976098 0.952813 0.0934594 1236.73 1.52957e+06 0.21706
0.285 -0.570387 1.75983 0.976571 0.953736 0.0918143 1237.14 1.53059e+06 0.216185
0.284 -0.572143 1.74994 0.977037 0.954646 0.0901865 1237.55 1.53159e+06 0.215359
0.283 -0.57389 1.74008 0.977497 0.955544 0.0885753 1237.95 1.53259e+06 0.21458
0.282 -0.575627 1.73023 0.97795 0.956428 0.0869799 1238.35 1.53358e+06 0.213842
0.281 -0.577354 1.72038 0.978396 0.957301 0.0854005 1238.74 1.53456e+06 0.213138
0.28 -0.579071 1.71053 0.978836 0.95816 0.0838373 1239.14 1.53554e+06 0.212456
0.279 -0.580778 1.70069 0.979268 0.959007 0.082291 1239.53 1.5365e+06 0.211787
0.278 -0.582476 1.69088 0.979695 0.959841 0.0807624 1239.91 1.53746e+06 0.211118
0.277 -0.584164 1.68112 0.980114 0.960662 0.0792525 1240.29 1.5384e+06 0.210437
0.276 -0.585843 1.67142 0.980527 0.961471 0.0777623 1240.67 1.53934e+06 0.209733
0.275 -0.587511 1.66181 0.980934 0.962267 0.0762927 1241.05 1.54027e+06 0.208997
0.274 -0.58917 1.65232 0.981333 0.963051 0.0748444 1241.42 1.54119e+06 0.208223
0.273 -0.590819 1.64294 0.981727 0.963823 0.0734181 1241.79 1.54211e+06 0.207406
0.272 -0.592459 1.6337 0.982114 0.964582 0.072014 1242.15 1.54302e+06 0.206546
0.271 -0.59409 1.62461 0.982495 0.96533 0.0706322 1242.52 1.54391e+06 0.205647
0.27 -0.595711 1.61565 0.98287 0.966067 0.0692727 1242.87 1.5448e+06 0.204716
0.269 -0.597323 1.60682 0.98324 0.966792 0.0679352 1243.23 1.54569e+06 0.203761
0.268 -0.598926 1.59812 0.983603 0.967505 0.0666192 1243.58 1.54656e+06 0.202797
0.267 -0.600521 1.58953 0.98396 0.968208 0.0653241 1243.93 1.54743e+06 0.201838
0.266 -0.602106 1.58104 0.984312 0.9689 0.0640493 1244.27 1.54829e+06 0.200897
0.265 -0.603683 1.57263 0.984658 0.969581 0.0627941 1244.62 1.54914e+06 0.199991
0.264 -0.60525 1.56429 0.984999 0.970251 0.0615576 1244.96 1.54998e+06 0.199132
0.263 -0.60681 1.55602 0.985334 0.970911 0.0603392 1245.29 1.55081e+06 0.198333
0.262 -0.60836 1.5478 0.985664 0.97156 0.059138 1245.62 1.55164e+06 0.1976
0.261 -0.609902 1.53963 0.985988 0.972199 0.0579534 1245.95 1.55246e+06 0.196938
0.26 -0.611436 1.53153 0.986307 0.972827 0.0567847 1246.28 1.55328e+06 0.19635
0.259 -0.612961 1.5235 0.986621 0.973446 0.055631 1246.6 1.55408e+06 0.195832
0.258 -0.614478 1.51556 0.986929 0.974054 0.0544918 1246.92 1.55488e+06 0.195379
0.257 -0.615987 1.50773 0.987233 0.974652 0.0533663 1247.24 1.55567e+06 0.194983
0.256 -0.617488 1.50002 0.987531 0.97524 0.0522538 1247.55 1.55646e+06 0.194633
0.255 -0.618981 1.49245 0.987824 0.975818 0.0511538 1247.87 1.55723e+06 0.194317
0.254 -0.620467 1.48506 0.988111 0.976386 0.0500654 1248.18 1.558e+06 0.194025
0.253 -0.621945 1.47785 0.988394 0.976945 0.0489883 1248.48 1.55877e+06 0.193744
0.252 -0.623415 1.47084 0.988672 0.977494 0.0479218 1248.79 1.55953e+06 0.193465
0.251 -0.624879 1.46404 0.988945 0.978033 0.0468657 1249.09 1.56028e+06 0.193179
0.25 -0.626336 1.45745 0.989213 0.978563 0.0458196 1249.38 1.56102e+06 0.192879
0.249 -0.627787 1.45106 0.989477 0.979084 0.0447839 1249.68 1.56176e+06 0.192561
0.248 -0.629231 1.44486 0.989736 0.979596 0.0437587 1249.97 1.5625e+06 0.192222
0.247 -0.630669 1.43883 0.98999 0.980099 0.0427448 1250.27 1.56322e+06 0.19186
0.246 -0.632102 1.43294 0.99024 0.980594 0.0417433 1250.55 1.56395e+06 0.191474
0.245 -0.633529 1.42716 0.990486 0.981079 0.0407558 1250.84 1.56466e+06 0.191064
0.244 -0.63495 1.42145 0.990727 0.981557 0.0397839 1251.13 1.56538e+06 0.190631
0.243 -0.636366 1.41577 0.990964 0.982026 0.0388297 1251.41 1.56608e+06 0.190172
0.242 -0.637777 1.41008 0.991197 0.982486 0.0378955 1251.69 1.56679e+06 0.189686
0.241 -0.639182 1.40435 0.991425 0.982939 0.0369837 1251.97 1.56749e+06 0.189171
0.24 -0.640582 1.39853 0.991649 0.983383 0.0360963 1252.25 1.56818e+06 0.188622
0.239 -0.641976 1.39259 0.991869 0.983819 0.0352353 1252.52 1.56887e+06 0.188034
0.238 -0.643365 1.3865 0.992085 0.984247 0.0344023 1252.8 1.56956e+06 0.1874
0.237 -0.644748 1.38024 0.992297 0.984667 0.0335983 1253.07 1.57024e+06 0.186717
0.236 -0.646124 1.37379 0.992505 0.985079 0.0328235 1253.34 1.57091e+06 0.185977
0.235 -0.647495 1.36712 0.992709 0.985484 0.0320776 1253.61 1.57159e+06 0.185179
0.234 -0.648859 1.36021 0.992908 0.98588 0.0313593 1253.87 1.57225e+06 0.184322
0.233 -0.650216 1.35303 0.993104 0.986268 0.0306664 1254.14 1.57291e+06 0.183407
0.232 -0.651566 1.34554 0.993296 0.986649 0.0299964 1254.4 1.57357e+06 0.18244
0.231 -0.652909 1.33768 0.993484 0.987021 0.0293457 1254.66 1.57422e+06 0.181432
0.23 -0.654243 1.32938 0.993667 0.987386 0.0287103 1254.91 1.57486e+06 0.180396
0.229 -0.65557 1.32052 0.993847 0.987744 0.0280862 1255.17 1.5755e+06 0.179351
0.228 -0.656886 1.31097 0.994023 0.988093 0.0274688 1255.42 1.57613e+06 0.178316
0.227 -0.658193 1.30054 0.994195 0.988435 0.0268539 1255.67 1.57675e+06 0.177315
0.226 -0.659489 1.28902 0.994363 0.988769 0.0262377 1255.91 1.57737e+06 0.176373
0.225 -0.660773 1.27615 0.994527 0.989094 0.0256169 1256.15 1.57797e+06 0.175515
0.224 -0.662043 1.26165 0.994687 0.989412 0.0249891 1256.39 1.57857e+06 0.174763
0.223 -0.663297 1.24521 0.994842 0.989721 0.0243528 1256.63 1.57916e+06 0.174139
0.222 -0.664533 1.22654 0.994994 0.990021 0.0237078 1256.86 1.57974e+06 0.173662
0.221 -0.66575 1.20534 0.99514 0.990312 0.0230553 1257.09 1.58031e+06 0.173346
0.22 -0.666943 1.18137 0.995282 0.990594 0.0223974 1257.31 1.58087e+06 0.173199
0.219 -0.668111 1.15442 0.995418 0.990866 0.0217377 1257.52 1.58142e+06 0.173226
0.218 -0.66925 1.12441 0.99555 0.991127 0.0210807 1257.74 1.58195e+06 0.173426
0.217 -0.670357 1.09131 0.995675 0.991377 0.0204316 1257.94 1.58246e+06 0.173793
0.216 -0.671429 1.05523 0.995796 0.991616 0.0197962 1258.14 1.58296e+06 0.174316
0.215 -0.672464 1.01638 0.99591 0.991844 0.0191806 1258.33 1.58344e+06 0.17498
0.214 -0.673458 0.975068 0.996019 0.99206 0.0185904 1258.51 1.5839e+06 0.175768
0.213 -0.67441 0.931705 0.996121 0.992264 0.018031 1258.69 1.58435e+06 0.176659
0.212 -0.675317 0.886762 0.996217 0.992456 0.017507 1258.86 1.58477e+06 0.177632
0.211 -0.676179 0.840757 0.996308 0.992635 0.017022 1259.01 1.58517e+06 0.178663
0.21 -0.676994 0.794222 0.996392 0.992804 0.0165785 1259.17 1.58554e+06 0.179729
0.209 -0.677762 0.747684 0.996471 0.99296 0.0161782 1259.31 1.5859e+06 0.180811
0.208 -0.678484 0.701637 0.996544 0.993105 0.0158214 1259.44 1.58624e+06 0.181888
0.207 -0.67916 0.656525 0.996611 0.99324 0.0155077 1259.56 1.58655e+06 0.182942
0.206 -0.679792 0.612731 0.996674 0.993364 0.0152358 1259.68 1.58684e+06 0.183959
0.205 -0.680381 0.57057 0.996731 0.993479 0.0150037 1259.79 1.58711e+06 0.184927
0.204 -0.680928 0.530285 0.996784 0.993585 0.014809 1259.89 1.58737e+06 0.185835
0.203 -0.681436 0.492051 0.996833 0.993681 0.014649 1259.98 1.5876e+06 0.186677
0.202 -0.681907 0.455981 0.996878 0.99377 0.0145207 1260.07 1.58782e+06 0.18745
0.201 -0.682343 0.42213 0.996919 0.993852 0.0144211 1260.15 1.58802e+06 0.188151
0.2 -0.682747 0.390506 0.996956 0.993927 0.0143475 1260.22 1.58821e+06 0.18878
0.199 -0.68312 0.361078 0.996991 0.993995 0.0142969 1260.29 1.58838e+06 0.18934
0.198 -0.683465 0.333785 0.997022 0.994058 0.0142669 1260.36 1.58854e+06 0.189834
0.197 -0.683784 0.308542 0.997051 0.994116 0.0142549 1260.41 1.58869e+06 0.190267
0.196 -0.684078 0.285247 0.997078 0.994169 0.014259 1260.47 1.58883e+06 0.190643
0.195 -0.68435 0.26379 0.997102 0.994217 0.0142771 1260.52 1.58895e+06 0.19097
0.194 -0.684602 0.244055 0.997124 0.994262 0.0143077 1260.56 1.58907e+06 0.191253
0.193 -0.684835 0.225921 0.997145 0.994303 0.0143491 1260.61 1.58917e+06 0.191498
0.192 -0.685051 0.209272 0.997164 0.994341 0.0144003 1260.65 1.58927e+06 0.191713
0.191 -0.685251 0.193993 0.997181 0.994375 0.0144601 1260.68 1.58936e+06 0.191902
0.19 -0.685436 0.179973 0.997197 0.994407 0.0145275 1260.72 1.58945e+06 0.192073
0.189 -0.685609 0.16711 0.997212 0.994437 0.0146018 1260.75 1.58953e+06 0.192231
0.188 -0.685769 0.155306 0.997226 0.994464 0.0146822 1260.78 1.5896e+06 0.192382
0.187 -0.685917 0.144469 0.997238 0.994489 0.0147683 1260.8 1.58967e+06 0.19253
0.186 -0.686056 0.134515 0.99725 0.994513 0.0148595 1260.83 1.58973e+06 0.192679
0.185 -0.686185 0.125367 0.997261 0.994534 0.0149553 1260.85 1.58979e+06 0.192835
0.184 -0.686305 0.116954 0.997271 0.994555 0.0150554 1260.87 1.58984e+06 0.193
0.183 -0.686418 0.109211 0.997281 0.994573 0.0151595 1260.89 1.58989e+06 0.193179
0.182 -0.686523 0.102078 0.997289 0.994591 0.0152673 1260.91 1.58994e+06 0.193374
0.181 -0.686621 0.0955024 0.997297 0.994607 0.0153786 1260.93 1.58998e+06 0.193587
0.18 -0.686713 0.0894339 0.997305 0.994622 0.015493 1260.94 1.59003e+06 0.193821
0.179 -0.686799 0.0838285 0.997312 0.994637 0.0156105 1260.96 1.59006e+06 0.194078
0.178 -0.68688 0.078646 0.997319 0.99465 0.0157309 1260.97 1.5901e+06 0.19436
0.177 -0.686956 0.0738498 0.997325 0.994662 0.0158539 1260.99 1.59013e+06 0.194668
0.176 -0.687028 0.0694068 0.997331 0.994674 0.0159794 1261 1.59016e+06 0.195004
0.175 -0.687095 0.0652872 0.997336 0.994685 0.0161074 1261.01 1.59019e+06 0.195368
0.174 -0.687158 0.0614638 0.997342 0.994695 0.0162376 1261.02 1.59022e+06 0.195762
0.173 -0.687218 0.0579119 0.997346 0.994705 0.0163699 1261.03 1.59025e+06 0.196186
0.172 -0.687274 0.0546093 0.997351 0.994714 0.0165043 1261.04 1.59027e+06 0.196641
0.171 -0.687327 0.0515358 0.997355 0.994723 0.0166406 1261.05 1.59029e+06 0.197127
0.17 -0.687377 0.048673 0.997359 0.994731 0.0167788 1261.06 1.59031e+06 0.197644
0.169 -0.687424 0.0460043 0.997363 0.994738 0.0169187 1261.07 1.59033e+06 0.198193
0.168 -0.687469 0.0435144 0.997367 0.994746 0.0170602 1261.07 1.59035e+06 0.198775
0.167 -0.687511 0.0411897 0.99737 0.994752 0.0172034 1261.08 1.59037e+06 0.199388
0.166 -0.687551 0.0390175 0.997373 0.994759 0.017348 1261.09 1.59038e+06 0.200034
0.165 -0.687589 0.0369865 0.997377 0.994765 0.0174942 1261.09 1.5904e+06 0.200712
0.164 -0.687624 0.0350861 0.997379 0.994771 0.0176417 1261.1 1.59041e+06 0.201422
0.163 -0.687658 0.0333068 0.997382 0.994776 0.0177906 1261.11 1.59043e+06 0.202163
0.162 -0.68769 0.03164 0.997385 0.994781 0.0179407 1261.11 1.59044e+06 0.202937
0.161 -0.687721 0.0300775 0.997387 0.994786 0.0180922 1261.11 1.59045e+06 0.203743
0.16 -0.68775 0.0286122 0.99739 0.994791 0.0182448 1261.12 1.59046e+06 0.20458
0.159 -0.687777 0.0272373 0.997392 0.994795 0.0183987 1261.12 1.59047e+06 0.205449
0.158 -0.687803 0.0259466 0.997394 0.9948 0.0185538 1261.13 1.59048e+06 0.206349
0.157 -0.687828 0.0247345 0.997396 0.994804 0.0187099 1261.13 1.59049e+06 0.20728
0.156 -0.687851 0.0235957 0.997398 0.994807 0.0188673 1261.14 1.5905e+06 0.208242
0.155 -0.687873 0.0225255 0.9974 0.994811 0.0190257 1261.14 1.59051e+06 0.209235
0.154 -0.687894 0.0215195 0.997401 0.994815 0.0191853 1261.14 1.59052e+06 0.210259
0.153 -0.687914 0.0205735 0.997403 0.994818 0.019346 1261.14 1.59053e+06 0.211313
0.152 -0.687933 0.0196838 0.997404 0.994821 0.0195079 1261.15 1.59053e+06 0.212397
0.151 -0.687951 0.0188468 0.997406 0.994824 0.0196709 1261.15 1.59054e+06 0.213512
0.15 -0.687968 0.0180595 0.997407 0.994827 0.019835 1261.15 1.59055e+06 0.214657
0.149 -0.687984 0.0173187 0.997409 0.994829 0.0200003 1261.15 1.59055e+06 0.215832
0.148 -0.687999 0.0166218 0.99741 0.994832 0.0201667 1261.16 1.59056e+06 0.217037
0.147 -0.688014 0.0159662 0.997411 0.994834 0.0203344 1261.16 1.59056e+06 0.218272
0.146 -0.688028 0.0153494 0.997412 0.994836 0.0205033 1261.16 1.59057e+06 0.219537
0.145 -0.688041 0.0147693 0.997413 0.994839 0.0206735 1261.16 1.59057e+06 0.220833
0.144 -0.688053 0.0142239 0.997414 0.994841 0.0208449 1261.16 1.59058e+06 0.222158
0.143 -0.688065 0.0137111 0.997415 0.994843 0.0210177 1261.17 1.59058e+06 0.223513
0.142 -0.688076 0.0132294 0.997416 0.994845 0.0211919 1261.17 1.59058e+06 0.224898
0.141 -0.688087 0.0127769 0.997417 0.994846 0.0213674 1261.17 1.59059e+06 0.226314
0.14 -0.688097 0.0123522 0.997418 0.994848 0.0215445 1261.17 1.59059e+06 0.22776
0.139 -0.688106 0.0119539 0.997419 0.99485 0.021723 1261.17 1.59059e+06 0.229236
0.138 -0.688115 0.0115806 0.99742 0.994851 0.0219032 1261.17 1.5906e+06 0.230744
0.137 -0.688123 0.011231 0.99742 0.994852 0.0220849 1261.17 1.5906e+06 0.232282
0.136 -0.688131 0.0109042 0.997421 0.994854 0.0222683 1261.18 1.5906e+06 0.233851
0.135 -0.688139 0.0105988 0.997422 0.994855 0.0224535 1261.18 1.59061e+06 0.235452
0.134 -0.688146 0.0103141 0.997422 0.994856 0.0226404 1261.18 1.59061e+06 0.237084
0.133 -0.688153 0.0100489 0.997423 0.994857 0.0228293 1261.18 1.59061e+06 0.238749
0.132 -0.688159 0.00980257 0.997423 0.994858 0.02302 1261.18 1.59061e+06 0.240445
0.131 -0.688165 0.00957414 0.997424 0.994859 0.0232128 1261.18 1.59061e+06 0.242175
0.13 -0.688171 0.00936291 0.997424 0.99486 0.0234076 1261.18 1.59062e+06 0.243937
0.129 -0.688176 0.00916815 0.997425 0.994861 0.0236046 1261.18 1.59062e+06 0.245734
0.128 -0.688181 0.00898923 0.997425 0.994862 0.0238039 1261.18 1.59062e+06 0.247564
0.127 -0.688186 0.00882551 0.997426 0.994863 0.0240055 1261.18 1.59062e+06 0.249428
0.126 -0.68819 0.00867643 0.997426 0.994864 0.0242094 1261.18 1.59062e+06 0.251328
0.125 -0.688194 0.00854146 0.997426 0.994864 0.0244159 1261.18 1.59062e+06 0.253263
0.124 -0.688198 0.0084201 0.997427 0.994865 0.0246249 1261.18 1.59063e+06 0.255235
0.123 -0.688202 0.00831187 0.997427 0.994866 0.0248367 1261.18 1.59063e+06 0.257243
0.122 -0.688205 0.00821635 0.997427 0.994866 0.0250511 1261.19 1.59063e+06 0.259289
0.121 -0.688208 0.00813313 0.997427 0.994867 0.0252685 1261.19 1.59063e+06 0.261372
0.12 -0.688211 0.00806183 0.997428 0.994867 0.0254888 1261.19 1.59063e+06 0.263495
0.119 -0.688214 0.0080021 0.997428 0.994868 0.0257122 1261.19 1.59063e+06 0.265657
0.118 -0.688217 0.00795362 0.997428 0.994868 0.0259388 1261.19 1.59063e+06 0.267859
0.117 -0.688219 0.00791608 0.997428 0.994869 0.0261687 1261.19 1.59063e+06 0.270103
0.116 -0.688221 0.0078892 0.997429 0.994869 0.0264019 1261.19 1.59063e+06 0.272388
0.115 -0.688223 0.0078727 0.997429 0.994869 0.0266387 1261.19 1.59063e+06 0.274717
0.114 -0.688225 0.00786636 0.997429 0.99487 0.0268791 1261.19 1.59063e+06 0.277089
0.113 -0.688227 0.00786995 0.997429 0.99487 0.0271233 1261.19 1.59063e+06 0.279506
0.112 -0.688229 0.00788325 0.997429 0.99487 0.0273714 1261.19 1.59063e+06 0.281969
0.111 -0.68823 0.00790607 0.997429 0.994871 0.0276235 1261.19 1.59064e+06 0.284479
0.11 -0.688231 0.00793825 0.997429 0.994871 0.0278798 1261.19 1.59064e+06 0.287037
0.109 -0.688233 0.00797963 0.99743 0.994871 0.0281404 1261.19 1.59064e+06 0.289645
0.108 -0.688234 0.00803006 0.99743 0.994871 0.0284054 1261.19 1.59064e+06 0.292302
0.107 -0.688235 0.00808941 0.99743 0.994871 0.0286749 1261.19 1.59064e+06 0.295012
0.106 -0.688236 0.00815757 0.99743 0.994872 0.0289493 1261.19 1.59064e+06 0.297774
0.105 -0.688237 0.00823445 0.99743 0.994872 0.0292285 1261.19 1.59064e+06 0.300591
0.104 -0.688238 0.00831996 0.99743 0.994872 0.0295128 1261.19 1.59064e+06 0.303464
0.103 -0.688239 0.00841403 0.99743 0.994872 0.0298023 1261.19 1.59064e+06 0.306394
0.102 -0.688239 0.00851661 0.99743 0.994872 0.0300973 1261.19 1.59064e+06 0.309383
0.101 -0.68824 0.00862766 0.99743 0.994872 0.0303978 1261.19 1.59064e+06 0.312433
