0 -0.48 -inf 1 1 -nan 1128.96 1.27455e+06 -inf
0.01 -0.469984 0.997244 1 1 0 1126.83 1.26974e+06 0.223561
0.02 -0.459945 1.00579 1 1 0 1124.65 1.26484e+06 0.220369
0.03 -0.449878 1.00884 1 1 0 1122.46 1.25993e+06 0.225898
0.04 -0.439758 1.01103 1 1 2.17003e-06 1120.32 1.25513e+06 0.223084
0.05 -0.429605 1.00798 1 0.999999 8.67839e-06 1118.1 1.25016e+06 0.22231
0.06 -0.419379 1.02764 0.999995 0.999991 7.6475e-05 1115.94 1.24533e+06 0.222267
0.07 -0.409125 1.03627 0.999974 0.999947 0.000377417 1113.69 1.24032e+06 0.225704
0.08 -0.398786 1.04104 0.999879 0.999759 0.00150078 1111.36 1.23514e+06 0.228055
0.09 -0.388284 1.05066 0.99962 0.999241 0.00427605 1109.09 1.23011e+06 0.22836
0.1 -0.377322 1.10038 0.999068 0.998138 0.00934969 1106.71 1.22484e+06 0.23207
0.11 -0.366268 1.1503 0.99804 0.996088 0.0181621 1104.01 1.21887e+06 0.227078
0.12 -0.35429 1.22047 0.99631 0.99264 0.0318415 1101.08 1.2124e+06 0.239607
0.13 -0.341804 1.30377 0.993698 0.987448 0.050419 1097.77 1.20513e+06 0.248811
0.14 -0.328116 1.40578 0.989932 0.979985 0.0765099 1093.93 1.19673e+06 0.248752
0.15 -0.3134 1.5417 0.984805 0.969869 0.110501 1089.52 1.18711e+06 0.262947
0.16 -0.297212 1.69369 0.977944 0.956416 0.153104 1084.35 1.17585e+06 0.279033
0.17 -0.279945 1.82938 0.969525 0.94004 0.207 1078.58 1.16339e+06 0.304771
0.18 -0.260092 2.03455 0.958364 0.918548 0.278325 1071.2 1.14753e+06 0.337284
0.19 -0.23894 2.27553 0.944879 0.892921 0.381809 1062.66 1.12931e+06 0.380913
0.2 -0.214192 2.5863 0.927293 0.860045 0.499378 1051.96 1.10672e+06 0.442947
0.21 -0.186931 3.02167 0.905891 0.820888 0.687161 1039.14 1.07993e+06 0.546169
0.22 -0.155253 3.50645 0.87789 0.771062 0.971439 1022.44 1.04555e+06 0.71911
0.23 -0.114722 4.82086 0.837158 0.701507 1.68696 997.705 995696 1.22089
0.24 -0.0509218 10.7129 0.759485 0.57924 5.8137 949.017 901655 4.48675
0.25 0.17057 2.95421 0.315662 0.101877 5.14755 645.894 418356 7.28486
0.26 0.192242 1.76628 0.272165 0.0754984 3.15668 612.509 375963 4.99626
0.27 0.206578 1.27814 0.248193 0.0626398 2.21905 593.12 352393 3.75942
0.28 0.218167 1.02746 0.231756 0.0545298 1.6846 579.283 336054 2.99013
0.29 0.227967 0.916668 0.221372 0.0497557 1.4896 569.676 324980 2.71837
0.3 0.236602 0.842925 0.21224 0.0457213 1.29687 561.339 315519 2.47776
0.31 0.244809 0.761831 0.205715 0.0429499 1.17267 554.676 308060 2.29509
0.32 0.2522 0.727097 0.200857 0.0409296 1.05455 549.397 302214 2.14399
0.33 0.259103 0.673493 0.197121 0.0394128 0.970917 544.948 297333 2.0233
0.34 0.26576 0.651512 0.19372 0.0380526 0.889793 540.788 292795 1.86605
0.35 0.2721 0.631908 0.191468 0.0371822 0.859648 537.64 289403 1.83507
0.36 0.27859 0.599937 0.189009 0.0362307 0.810235 533.924 285417 1.77698
0.37 0.284138 0.584313 0.188636 0.0360971 0.799256 532.376 283775 1.77668
0.38 0.289855 0.567969 0.187845 0.0357666 0.728942 530.446 281699 1.61698
0.39 0.295552 0.554225 0.18743 0.0356141 0.714885 528.638 279794 1.62759
0.4 0.300829 0.538897 0.186701 0.0353393 0.694181 526.82 277868 1.5575
0.41 0.306388 0.529456 0.186172 0.0351307 0.661267 524.895 275843 1.52521
0.42 0.31161 0.520266 0.186057 0.0350749 0.627669 523.276 274137 1.45079
0.43 0.316758 0.50619 0.186791 0.0353517 0.617334 522.652 273493 1.45969
0.44 0.321671 0.505465 0.18666 0.0352964 0.594787 521.273 272048 1.40345
0.45 0.32624 0.49074 0.187534 0.0356099 0.564419 520.881 271629 1.3312
0.46 0.331349 0.484233 0.189042 0.0361833 0.558824 520.947 271704 1.32867
0.47 0.336259 0.482387 0.189476 0.036355 0.556374 519.807 270527 1.33967
0.48 0.34089 0.471806 0.190082 0.0365805 0.53903 519.287 269984 1.30259
0.49 0.345592 0.470266 0.191701 0.037201 0.530854 519.396 270098 1.27754
0.5 0.350254 0.463812 0.192296 0.0374288 0.519493 518.703 269374 1.2382
0.51 0.354522 0.451508 0.193761 0.0379877 0.501717 518.674 269335 1.18136
0.52 0.359342 0.454259 0.194861 0.0384167 0.493777 518.484 269141 1.16723
0.53 0.363854 0.456988 0.196063 0.0388833 0.481132 518.298 268951 1.15633
0.54 0.368574 0.448499 0.197378 0.0394103 0.482252 518.123 268782 1.18171
0.55 0.372561 0.439989 0.198412 0.0398138 0.467589 517.951 268598 1.14072
0.56 0.377019 0.43776 0.20016 0.0405042 0.45275 518.31 268966 1.10479
0.57 0.381523 0.435758 0.201789 0.0411682 0.454244 518.627 269304 1.11334
0.58 0.385511 0.42479 0.202925 0.0416288 0.447097 518.696 269377 1.10011
0.59 0.390091 0.435699 0.204467 0.0422576 0.440285 518.629 269307 1.08148
0.6 0.394172 0.423637 0.205537 0.0426845 0.421274 518.385 269044 1.03047
0.61 0.398748 0.425424 0.207143 0.0433573 0.424007 518.538 269218 1.06291
0.62 0.402898 0.417334 0.208996 0.0441285 0.417373 519.35 270055 1.02645
0.63 0.406856 0.415698 0.210436 0.0447398 0.417302 519.42 270132 1.02284
0.64 0.410703 0.404288 0.211567 0.0451984 0.394089 519.277 269965 0.953217
0.65 0.415259 0.403071 0.213044 0.0458302 0.392266 519.345 270047 0.971501
0.66 0.419333 0.405762 0.215139 0.0467299 0.388496 520.342 271089 0.967819
0.67 0.423384 0.405474 0.216161 0.0471771 0.388267 520.089 270830 0.967302
0.68 0.427116 0.408712 0.218064 0.0480069 0.385299 520.993 271774 0.962336
0.69 0.431208 0.397849 0.219608 0.0486741 0.372576 521.218 271998 0.918655
0.7 0.435425 0.399183 0.221359 0.0494644 0.382512 521.659 272472 0.942514
0.71 0.439145 0.392919 0.22263 0.0500157 0.366309 522.081 272908 0.915219
0.72 0.443525 0.392108 0.223514 0.0504122 0.362978 521.4 272195 0.897319
0.73 0.447589 0.390291 0.225511 0.0512996 0.350749 522.113 272940 0.888096
0.74 0.451151 0.386143 0.226878 0.0519388 0.361956 522.459 273311 0.900149
0.75 0.454755 0.391783 0.229039 0.0529193 0.353597 523.649 274564 0.903756
0.76 0.459052 0.389874 0.230372 0.0535324 0.349482 523.486 274381 0.864125
0.77 0.462591 0.37892 0.231153 0.0538878 0.341293 523.306 274195 0.859688
0.78 0.466439 0.382881 0.233478 0.054974 0.341264 524.422 275360 0.835582
0.79 0.47029 0.374522 0.234616 0.0554962 0.32912 524.481 275428 0.839615
0.8 0.47409 0.38036 0.236334 0.0563099 0.328312 525.01 275978 0.817691
0.81 0.477754 0.375555 0.237563 0.0568959 0.327027 525.281 276270 0.823291
0.82 0.481199 0.373827 0.238865 0.0575166 0.323195 525.429 276429 0.819276
0.83 0.485586 0.368639 0.239994 0.0580581 0.319927 525.352 276345 0.803038
0.84 0.488884 0.365349 0.242049 0.0590497 0.316858 526.558 277618 0.80203
0.85 0.492766 0.369446 0.243856 0.0599321 0.315883 527.168 278262 0.795918
0.86 0.496472 0.365634 0.244897 0.0604349 0.308393 526.983 278060 0.769709
0.87 0.499388 0.357888 0.246308 0.0611307 0.306529 527.734 278856 0.768822
0.88 0.503483 0.362162 0.247583 0.06175 0.296239 527.693 278804 0.742116
0.89 0.506884 0.358021 0.248828 0.062372 0.295681 527.942 279068 0.734633
0.9 0.510675 0.353563 0.25044 0.063182 0.295443 528.574 279746 0.746345
0.91 0.514475 0.352657 0.251478 0.0637017 0.291341 528.486 279647 0.727181
0.92 0.517673 0.352664 0.253204 0.0645719 0.287773 529.39 280613 0.737418
0.93 0.521583 0.35889 0.254089 0.0650286 0.289359 529.175 280385 0.729429
0.94 0.5251 0.355902 0.255944 0.0659754 0.286681 529.958 281223 0.737317
0.95 0.527967 0.349233 0.256886 0.0664543 0.281389 530.097 281367 0.72261
0.96 0.531573 0.34565 0.258687 0.0673829 0.27838 530.988 282310 0.709276
0.97 0.535505 0.340606 0.259549 0.0678333 0.277583 530.721 282035 0.719432
0.98 0.538435 0.338605 0.260947 0.0685479 0.267188 531.324 282666 0.691819
0.99 0.54206 0.337024 0.262473 0.0693609 0.272868 531.723 283107 0.715941
