1 0.209311 0.337186 0.705176 0.497714 0.253286 110.477 12224.7 0.176855
0.99 0.205553 0.339039 0.707567 0.501082 0.250984 110.405 12208.4 0.174236
0.98 0.202316 0.341421 0.70949 0.503811 0.256114 110.48 12224.6 0.174248
0.97 0.198713 0.345083 0.712113 0.507526 0.249729 110.313 12187.5 0.173664
0.96 0.195145 0.35764 0.714173 0.510468 0.255372 110.401 12206.9 0.174495
0.95 0.19152 0.361872 0.716422 0.513691 0.261274 110.399 12206.2 0.172702
0.94 0.188311 0.36762 0.718598 0.516802 0.25689 110.356 12196.6 0.174472
0.93 0.184923 0.374723 0.720962 0.520205 0.259096 110.304 12184.5 0.170979
0.92 0.18073 0.383905 0.72362 0.524041 0.260317 110.25 12172.4 0.170948
0.91 0.176624 0.395798 0.726051 0.527564 0.261596 110.217 12165.2 0.173276
0.9 0.173034 0.400356 0.728606 0.531284 0.26716 110.145 12149.2 0.17463
0.89 0.168776 0.398171 0.731137 0.534965 0.261394 110.175 12155.2 0.170434
0.88 0.164734 0.40759 0.733823 0.5389 0.264001 110.107 12140.7 0.177137
0.87 0.160569 0.418521 0.73654 0.542897 0.269029 110.063 12130.4 0.171723
0.86 0.156654 0.420563 0.739147 0.546741 0.269507 110.057 12128.8 0.172329
0.85 0.152062 0.42996 0.741963 0.550908 0.269554 110.03 12122.4 0.168841
0.84 0.147919 0.442893 0.744878 0.55524 0.272533 109.932 12100.8 0.17128
0.83 0.143245 0.451976 0.7478 0.559598 0.273103 109.93 12100 0.169805
0.82 0.138767 0.45345 0.750641 0.563847 0.270952 109.899 12093 0.16887
0.81 0.133953 0.46277 0.753849 0.568673 0.273142 109.827 12077.2 0.171293
0.8 0.129574 0.473739 0.756722 0.573011 0.274998 109.791 12069 0.170303
0.79 0.124969 0.490255 0.75979 0.577662 0.277808 109.734 12056.1 0.167883
0.78 0.119478 0.49789 0.763166 0.5828 0.278926 109.713 12051.2 0.166902
0.77 0.114771 0.507379 0.766448 0.587817 0.280566 109.664 12040.4 0.167542
0.76 0.10973 0.515444 0.769567 0.592602 0.27963 109.602 12026.4 0.166142
0.75 0.104659 0.5207 0.772857 0.597673 0.279665 109.592 12024.3 0.168511
0.74 0.0992285 0.531857 0.776399 0.603156 0.281125 109.524 12008.9 0.165487
0.73 0.0933305 0.53439 0.780376 0.609342 0.280136 109.391 11979.5 0.164264
0.72 0.0885061 0.573014 0.783334 0.613977 0.292209 109.406 11982.8 0.166245
0.71 0.0830401 0.559898 0.786902 0.619561 0.280608 109.369 11974.6 0.167674
0.7 0.0769403 0.586316 0.790526 0.625277 0.283992 109.39 11978.6 0.162974
0.69 0.0710368 0.589889 0.794584 0.631701 0.281649 109.279 11954 0.161444
0.68 0.0656187 0.598115 0.798125 0.637338 0.283454 109.245 11946.5 0.161975
0.67 0.0595359 0.603578 0.801814 0.643233 0.280693 109.216 11940.2 0.163798
0.66 0.0530536 0.621153 0.805899 0.649798 0.283522 109.205 11937.4 0.161655
0.65 0.0467415 0.62752 0.809969 0.656364 0.278798 109.113 11917.1 0.160557
0.64 0.0404423 0.649935 0.813934 0.662801 0.281162 109.123 11918.9 0.157528
0.63 0.0336481 0.659207 0.818411 0.670103 0.280238 109.042 11901.1 0.160849
0.62 0.0274743 0.685005 0.822182 0.67629 0.284644 109.017 11895.5 0.160744
0.61 0.0207117 0.700359 0.826552 0.683489 0.285043 108.945 11879.7 0.159576
0.6 0.0136829 0.702458 0.830731 0.690402 0.275425 108.972 11885.2 0.158727
0.59 0.00615351 0.713191 0.835541 0.698414 0.277201 108.879 11864.7 0.157158
0.58 -0.000963033 0.72948 0.839999 0.705873 0.271793 108.809 11849.4 0.157233
0.57 -0.00786433 0.736063 0.844241 0.713015 0.27436 108.837 11855.2 0.156368
0.56 -0.015668 0.756382 0.848913 0.720913 0.267466 108.821 11851.5 0.15436
0.55 -0.0233756 0.76307 0.853602 0.728891 0.26625 108.798 11846.3 0.157123
0.54 -0.0310096 0.783907 0.85823 0.736806 0.264221 108.817 11850 0.152668
0.53 -0.0388246 0.796063 0.862934 0.744893 0.258002 108.774 11840.6 0.154267
0.52 -0.0468482 0.806917 0.867699 0.753133 0.255685 108.798 11845.6 0.151719
0.51 -0.0551955 0.829931 0.872694 0.761822 0.256565 108.756 11836.2 0.15143
0.5 -0.0635239 0.833359 0.877605 0.770407 0.248627 108.749 11834.6 0.150727
0.49 -0.072145 0.851327 0.882575 0.779148 0.245517 108.762 11837.1 0.147316
0.48 -0.0804549 0.85686 0.887416 0.787702 0.234897 108.783 11841.4 0.148018
0.47 -0.0892785 0.876543 0.89247 0.796695 0.236576 108.812 11847.6 0.147858
0.46 -0.0979704 0.888958 0.897194 0.80514 0.229486 108.874 11860.9 0.146349
0.45 -0.107317 0.913916 0.902291 0.814306 0.225548 108.953 11877.9 0.146185
0.44 -0.11604 0.933065 0.907191 0.823162 0.218914 108.995 11886.9 0.144308
0.43 -0.125336 0.914415 0.912216 0.832293 0.206369 109.051 11899 0.145184
0.42 -0.134908 0.945316 0.917147 0.841309 0.207665 109.188 11928.7 0.145003
0.41 -0.144215 0.967885 0.92206 0.850332 0.192564 109.26 11944.1 0.141183
0.4 -0.154003 0.960867 0.927097 0.859642 0.190967 109.364 11966.7 0.141891
0.39 -0.16386 0.976224 0.931937 0.868628 0.180789 109.531 12003 0.140585
0.38 -0.173461 0.982136 0.936553 0.877245 0.172982 109.685 12036.6 0.139565
0.37 -0.183309 0.994825 0.941181 0.885928 0.165706 109.915 12087.1 0.139411
0.36 -0.193271 1.01076 0.945803 0.894639 0.153757 110.123 12132.7 0.139754
0.35 -0.203649 1.01592 0.950317 0.903192 0.148174 110.344 12181.1 0.136156
0.34 -0.213778 1.01614 0.954672 0.911479 0.136176 110.618 12241.5 0.138395
0.33 -0.224272 1.04444 0.959051 0.919854 0.130944 110.928 12310.1 0.137394
0.32 -0.23431 1.03169 0.96296 0.927359 0.121223 111.243 12379.9 0.136136
0.31 -0.245129 1.05155 0.966951 0.935054 0.109882 111.627 12465.4 0.140094
0.3 -0.255504 1.07453 0.970672 0.942258 0.102283 112.044 12558.6 0.138028
0.29 -0.266454 1.0582 0.974307 0.949322 0.0927458 112.499 12660.5 0.134616
0.28 -0.276878 1.06041 0.977548 0.955641 0.0827591 113.02 12778 0.139695
0.27 -0.28797 1.08664 0.980719 0.961844 0.0740165 113.594 12907.8 0.137715
0.26 -0.298714 1.11869 0.983606 0.967511 0.0644893 114.21 13048 0.136992
0.25 -0.309735 1.10152 0.986198 0.972611 0.0573709 114.864 13197.7 0.136649
0.24 -0.320802 1.12338 0.988606 0.977362 0.0487922 115.569 13360 0.137473
0.23 -0.331989 1.11064 0.990732 0.981566 0.04085 116.369 13545.5 0.13841
0.22 -0.343488 1.17015 0.992665 0.985397 0.0347465 117.219 13743.9 0.137508
0.21 -0.354971 1.1759 0.994284 0.988611 0.0279493 118.156 13964.3 0.139319
0.2 -0.366888 1.17863 0.995731 0.991488 0.0216962 119.142 14198.1 0.138732
0.19 -0.378755 1.23613 0.996822 0.993661 0.0168406 120.251 14463.4 0.139475
0.18 -0.391072 1.21895 0.997781 0.995571 0.012306 121.41 14743.5 0.138682
0.17 -0.40333 1.24481 0.998481 0.996967 0.00904756 122.633 15041.7 0.136353
0.16 -0.415743 1.26603 0.999004 0.998011 0.00618013 123.912 15356.9 0.137056
0.15 -0.428542 1.23108 0.999411 0.998823 0.00388472 125.253 15690.9 0.136451
0.14 -0.441212 1.27856 0.999677 0.999355 0.00231985 126.618 16034.6 0.133816
0.13 -0.453866 1.25567 0.999831 0.999663 0.00130545 128.012 16389.2 0.133382
0.12 -0.466401 1.26428 0.999929 0.999858 0.000585667 129.389 16743.5 0.12966
0.11 -0.47882 1.23985 0.999968 0.999936 0.000292134 130.766 17101.6 0.126655
0.1 -0.490996 1.2378 0.999988 0.999977 0.00011554 132.134 17461 0.127572
0.09 -0.502965 1.16129 0.999998 0.999996 2.40825e-05 133.462 17813.5 0.122786
0.08 -0.514563 1.14443 0.999999 0.999999 6.50847e-06 134.713 18148.9 0.119145
0.07 -0.525995 1.13404 1 1 2.47991e-06 135.988 18493.9 0.118325
0.06 -0.537183 1.12383 1 1 0 137.2 18824.8 0.118847
0.05 -0.548105 1.08764 1 1 0 138.388 19152.1 0.115211
0.04 -0.558826 1.05009 1 1 0 139.554 19476.1 0.115623
0.03 -0.569359 1.03217 1 1 0 140.698 19796.5 0.113113
0.02 -0.579727 1.04104 1 1 0 141.816 20112.2 0.111806
0.01 -0.589933 1.01585 1 1 0 142.92 20426.3 0.112099
