0.8 0.391914 0.219318 0.0334251 0.00118859 0.0513706 409.116 167635 0.791689
0.799 0.391694 0.219322 0.0333727 0.00118496 0.051345 409.088 167612 0.791655
0.798 0.391475 0.219327 0.0333204 0.00118135 0.0513194 409.061 167589 0.791624
0.797 0.391255 0.219333 0.0332682 0.00117775 0.0512938 409.034 167567 0.791596
0.796 0.391036 0.219339 0.0332161 0.00117416 0.0512682 409.007 167544 0.791571
0.795 0.390816 0.219345 0.033164 0.00117058 0.0512426 408.98 167522 0.791549
0.794 0.390597 0.219352 0.033112 0.001167 0.0512169 408.953 167500 0.79153
0.793 0.390377 0.21936 0.0330601 0.00116344 0.0511913 408.927 167478 0.791515
0.792 0.390158 0.219368 0.0330082 0.00115989 0.0511656 408.901 167456 0.791502
0.791 0.389938 0.219377 0.0329564 0.00115635 0.0511399 408.875 167435 0.791493
0.79 0.389719 0.219386 0.0329047 0.00115283 0.0511142 408.85 167414 0.791486
0.789 0.389499 0.219396 0.0328531 0.00114931 0.0510885 408.824 167393 0.791483
0.788 0.38928 0.219406 0.0328016 0.0011458 0.0510628 408.799 167372 0.791483
0.787 0.38906 0.219416 0.0327501 0.0011423 0.0510371 408.775 167351 0.791485
0.786 0.388841 0.219427 0.0326987 0.00113881 0.0510114 408.75 167331 0.791491
0.785 0.388621 0.219438 0.0326474 0.00113534 0.0509857 408.726 167311 0.7915
0.784 0.388402 0.219449 0.0325961 0.00113187 0.05096 408.702 167291 0.791512
0.783 0.388182 0.219461 0.032545 0.00112841 0.0509342 408.678 167271 0.791527
0.782 0.387962 0.219473 0.0324939 0.00112497 0.0509085 408.654 167251 0.791545
0.781 0.387743 0.219485 0.0324429 0.00112153 0.0508828 408.631 167232 0.791566
0.78 0.387523 0.219497 0.032392 0.00111811 0.0508572 408.608 167212 0.79159
0.779 0.387304 0.21951 0.0323411 0.00111469 0.0508315 408.585 167193 0.791616
0.778 0.387084 0.219523 0.0322904 0.00111129 0.0508059 408.562 167175 0.791646
0.777 0.386864 0.219537 0.0322397 0.0011079 0.0507803 408.54 167156 0.791679
0.776 0.386645 0.21955 0.0321891 0.00110451 0.0507547 408.517 167137 0.791715
0.775 0.386425 0.219564 0.0321385 0.00110114 0.0507292 408.496 167119 0.791754
0.774 0.386205 0.219578 0.0320881 0.00109778 0.0507037 408.474 167101 0.791796
0.773 0.385986 0.219592 0.0320377 0.00109442 0.0506783 408.452 167083 0.791841
0.772 0.385766 0.219606 0.0319874 0.00109108 0.0506529 408.431 167066 0.791889
0.771 0.385546 0.21962 0.0319372 0.00108775 0.0506276 408.41 167048 0.79194
0.77 0.385327 0.219635 0.0318871 0.00108443 0.0506023 408.39 167031 0.791994
0.769 0.385107 0.219649 0.031837 0.00108112 0.0505771 408.369 167014 0.79205
0.768 0.384887 0.219664 0.031787 0.00107782 0.050552 408.349 166997 0.79211
0.767 0.384667 0.219679 0.0317371 0.00107453 0.0505269 408.329 166981 0.792172
0.766 0.384448 0.219694 0.0316873 0.00107125 0.050502 408.309 166964 0.792238
0.765 0.384228 0.21971 0.0316376 0.00106798 0.0504771 408.29 166948 0.792306
0.764 0.384008 0.219725 0.0315879 0.00106472 0.0504523 408.271 166932 0.792378
0.763 0.383788 0.219741 0.0315384 0.00106147 0.0504276 408.252 166916 0.792452
0.762 0.383568 0.219756 0.0314889 0.00105823 0.0504031 408.233 166901 0.792529
0.761 0.383349 0.219772 0.0314395 0.001055 0.0503786 408.215 166885 0.792609
0.76 0.383129 0.219788 0.0313901 0.00105178 0.0503543 408.196 166870 0.792691
0.759 0.382909 0.219804 0.0313409 0.00104857 0.0503301 408.179 166855 0.792777
0.758 0.382689 0.21982 0.0312917 0.00104537 0.050306 408.161 166841 0.792865
0.757 0.382469 0.219836 0.0312427 0.00104219 0.0502821 408.143 166826 0.792956
0.756 0.382249 0.219853 0.0311937 0.00103901 0.0502583 408.126 166812 0.79305
0.755 0.382029 0.219869 0.0311447 0.00103584 0.0502347 408.109 166797 0.793147
0.754 0.381809 0.219886 0.0310959 0.00103268 0.0502112 408.092 166783 0.793246
0.753 0.381589 0.219903 0.0310471 0.00102953 0.0501878 408.076 166770 0.793349
0.752 0.381369 0.21992 0.0309985 0.0010264 0.0501647 408.06 166756 0.793454
0.751 0.381149 0.219937 0.0309499 0.00102327 0.0501417 408.043 166743 0.793561
0.75 0.380929 0.219955 0.0309014 0.00102015 0.0501189 408.028 166729 0.793672
0.749 0.380709 0.219972 0.0308529 0.00101705 0.0500963 408.012 166716 0.793785
0.748 0.380489 0.21999 0.0308046 0.00101395 0.0500739 407.997 166704 0.793901
0.747 0.380269 0.220008 0.0307563 0.00101086 0.0500516 407.982 166691 0.794019
0.746 0.380049 0.220026 0.0307081 0.00100778 0.0500296 407.967 166679 0.79414
0.745 0.379829 0.220044 0.03066 0.00100472 0.0500078 407.952 166667 0.794264
0.744 0.379609 0.220063 0.030612 0.00100166 0.0499862 407.938 166655 0.79439
0.743 0.379389 0.220081 0.0305641 0.000998613 0.0499648 407.924 166643 0.794518
0.742 0.379169 0.2201 0.0305162 0.000995576 0.0499436 407.91 166631 0.79465
0.741 0.378949 0.220119 0.0304684 0.000992549 0.0499227 407.896 166620 0.794784
0.74 0.378728 0.220139 0.0304207 0.000989531 0.049902 407.883 166608 0.79492
0.739 0.378508 0.220158 0.0303731 0.000986524 0.0498815 407.87 166597 0.795059
0.738 0.378288 0.220178 0.0303256 0.000983526 0.0498613 407.857 166587 0.7952
0.737 0.378068 0.220198 0.0302781 0.000980539 0.0498413 407.844 166576 0.795344
0.736 0.377848 0.220219 0.0302308 0.000977561 0.0498215 407.832 166565 0.79549
0.735 0.377627 0.220239 0.0301835 0.000974593 0.0498021 407.819 166555 0.795638
0.734 0.377407 0.22026 0.0301363 0.000971634 0.0497828 407.807 166545 0.795789
0.733 0.377187 0.220281 0.0300892 0.000968686 0.0497638 407.796 166535 0.795942
0.732 0.376966 0.220303 0.0300421 0.000965747 0.0497451 407.784 166525 0.796098
0.731 0.376746 0.220325 0.0299952 0.000962818 0.0497267 407.773 166516 0.796255
0.73 0.376526 0.220347 0.0299483 0.000959898 0.0497085 407.761 166506 0.796415
0.729 0.376305 0.220369 0.0299015 0.000956989 0.0496906 407.751 166497 0.796578
0.728 0.376085 0.220392 0.0298548 0.000954089 0.0496729 407.74 166488 0.796742
0.727 0.375865 0.220415 0.0298081 0.000951198 0.0496555 407.729 166480 0.796909
0.726 0.375644 0.220439 0.0297616 0.000948317 0.0496385 407.719 166471 0.797077
0.725 0.375424 0.220463 0.0297151 0.000945446 0.0496216 407.709 166462 0.797248
0.724 0.375203 0.220487 0.0296687 0.000942584 0.0496051 407.699 166454 0.797421
0.723 0.374983 0.220512 0.0296224 0.000939732 0.0495888 407.69 166446 0.797596
0.722 0.374762 0.220537 0.0295762 0.000936889 0.0495728 407.68 166438 0.797773
0.721 0.374542 0.220562 0.0295301 0.000934056 0.0495571 407.671 166430 0.797951
0.72 0.374321 0.220588 0.029484 0.000931233 0.0495417 407.662 166423 0.798132
0.719 0.3741 0.220614 0.029438 0.000928418 0.0495266 407.654 166416 0.798315
0.718 0.37388 0.22064 0.0293921 0.000925614 0.0495117 407.645 166408 0.798499
0.717 0.373659 0.220667 0.0293463 0.000922818 0.0494971 407.637 166401 0.798686
0.716 0.373438 0.220695 0.0293006 0.000920032 0.0494828 407.629 166394 0.798874
0.715 0.373218 0.220722 0.0292549 0.000917256 0.0494688 407.621 166388 0.799064
0.714 0.372997 0.22075 0.0292093 0.000914489 0.0494551 407.613 166381 0.799256
0.713 0.372776 0.220779 0.0291638 0.000911731 0.0494416 407.606 166375 0.799449
0.712 0.372556 0.220808 0.0291184 0.000908982 0.0494284 407.599 166369 0.799644
0.711 0.372335 0.220837 0.0290731 0.000906243 0.0494154 407.592 166363 0.799841
0.71 0.372114 0.220867 0.0290279 0.000903513 0.0494028 407.585 166357 0.800039
0.709 0.371893 0.220897 0.0289827 0.000900793 0.0493904 407.578 166351 0.800239
0.708 0.371672 0.220928 0.0289376 0.000898081 0.0493783 407.572 166346 0.80044
0.707 0.371451 0.220959 0.0288927 0.000895379 0.0493664 407.566 166340 0.800643
0.706 0.37123 0.220991 0.0288477 0.000892686 0.0493548 407.56 166335 0.800847
0.705 0.371009 0.221023 0.0288029 0.000890003 0.0493434 407.554 166330 0.801052
0.704 0.370788 0.221055 0.0287582 0.000887328 0.0493323 407.548 166325 0.801259
0.703 0.370567 0.221088 0.0287135 0.000884663 0.0493214 407.543 166321 0.801467
0.702 0.370346 0.221121 0.028669 0.000882007 0.0493108 407.538 166316 0.801677
0.701 0.370125 0.221154 0.0286245 0.00087936 0.0493004 407.533 166312 0.801887
0.7 0.369904 0.221188 0.0285801 0.000876723 0.0492903 407.528 166308 0.802099
0.699 0.369683 0.221223 0.0285358 0.000874094 0.0492804 407.523 166304 0.802312
0.698 0.369462 0.221258 0.0284916 0.000871475 0.0492707 407.519 166300 0.802526
0.697 0.36924 0.221293 0.0284474 0.000868865 0.0492612 407.514 166296 0.802742
0.696 0.369019 0.221328 0.0284034 0.000866264 0.0492519 407.51 166292 0.802958
0.695 0.368798 0.221364 0.0283594 0.000863672 0.0492429 407.507 166289 0.803175
0.694 0.368577 0.221401 0.0283155 0.000861089 0.049234 407.503 166286 0.803393
0.693 0.368355 0.221437 0.0282717 0.000858516 0.0492254 407.499 166283 0.803612
0.692 0.368134 0.221475 0.028228 0.000855951 0.0492169 407.496 166280 0.803832
0.691 0.367912 0.221512 0.0281844 0.000853396 0.0492087 407.493 166277 0.804053
0.69 0.367691 0.22155 0.0281409 0.00085085 0.0492006 407.49 166274 0.804274
0.689 0.367469 0.221588 0.0280975 0.000848313 0.0491927 407.488 166272 0.804496
0.688 0.367248 0.221627 0.0280542 0.000845785 0.0491849 407.485 166270 0.804719
0.687 0.367026 0.221666 0.0280109 0.000843266 0.0491773 407.483 166268 0.804943
0.686 0.366805 0.221706 0.0279678 0.000840757 0.0491699 407.481 166266 0.805167
0.685 0.366583 0.221745 0.0279247 0.000838257 0.0491626 407.479 166264 0.805392
0.684 0.366361 0.221785 0.0278818 0.000835766 0.0491555 407.477 166262 0.805617
0.683 0.36614 0.221826 0.0278389 0.000833284 0.0491485 407.475 166261 0.805843
0.682 0.365918 0.221867 0.0277961 0.000830811 0.0491416 407.474 166259 0.806069
0.681 0.365696 0.221908 0.0277535 0.000828347 0.0491349 407.473 166258 0.806296
0.68 0.365474 0.22195 0.0277109 0.000825893 0.0491282 407.472 166257 0.806523
0.679 0.365252 0.221992 0.0276684 0.000823448 0.0491217 407.471 166256 0.80675
0.678 0.36503 0.222034 0.0276261 0.000821012 0.0491153 407.471 166255 0.806978
0.677 0.364808 0.222076 0.0275838 0.000818586 0.049109 407.47 166255 0.807206
0.676 0.364586 0.222119 0.0275416 0.000816169 0.0491028 407.47 166254 0.807434
0.675 0.364364 0.222163 0.0274996 0.000813761 0.0490967 407.47 166254 0.807662
0.674 0.364142 0.222207 0.0274576 0.000811362 0.0490906 407.47 166254 0.807891
0.673 0.36392 0.222251 0.0274157 0.000808973 0.0490847 407.471 166254 0.808119
0.672 0.363698 0.222295 0.027374 0.000806593 0.0490788 407.471 166254 0.808348
0.671 0.363476 0.22234 0.0273323 0.000804223 0.0490729 407.472 166254 0.808576
0.67 0.363254 0.222385 0.0272908 0.000801862 0.0490672 407.473 166255 0.808805
0.669 0.363031 0.222431 0.0272494 0.00079951 0.0490614 407.474 166256 0.809033
0.668 0.362809 0.222477 0.027208 0.000797168 0.0490558 407.475 166256 0.809262
0.667 0.362587 0.222524 0.0271668 0.000794836 0.0490501 407.477 166257 0.80949
0.666 0.362364 0.222571 0.0271257 0.000792513 0.0490446 407.479 166259 0.809718
0.665 0.362142 0.222618 0.0270847 0.000790199 0.049039 407.481 166260 0.809946
0.664 0.361919 0.222666 0.0270439 0.000787895 0.0490335 407.483 166261 0.810173
0.663 0.361697 0.222715 0.0270031 0.000785601 0.049028 407.485 166263 0.810401
0.662 0.361474 0.222764 0.0269625 0.000783317 0.0490225 407.488 166265 0.810627
0.661 0.361251 0.222813 0.0269219 0.000781042 0.0490171 407.49 166267 0.810854
0.66 0.361028 0.222864 0.0268815 0.000778776 0.0490116 407.493 166269 0.81108
0.659 0.360806 0.222914 0.0268413 0.000776521 0.0490062 407.497 166271 0.811306
0.658 0.360583 0.222966 0.0268011 0.000774275 0.0490008 407.5 166274 0.811531
0.657 0.36036 0.223018 0.0267611 0.00077204 0.0489954 407.504 166277 0.811755
0.656 0.360137 0.22307 0.0267211 0.000769814 0.04899 407.507 166279 0.811979
0.655 0.359914 0.223124 0.0266814 0.000767597 0.0489846 407.511 166282 0.812203
0.654 0.359691 0.223178 0.0266417 0.000765391 0.0489793 407.516 166286 0.812425
0.653 0.359468 0.223233 0.0266021 0.000763195 0.0489739 407.52 166289 0.812647
0.652 0.359245 0.223289 0.0265627 0.000761009 0.0489685 407.525 166292 0.812869
0.651 0.359022 0.223345 0.0265235 0.000758833 0.0489631 407.53 166296 0.813089
0.65 0.358799 0.223403 0.0264843 0.000756666 0.0489577 407.535 166300 0.813308
0.649 0.358575 0.223462 0.0264453 0.00075451 0.0489523 407.54 166304 0.813527
0.648 0.358352 0.223521 0.0264064 0.000752364 0.048947 407.546 166308 0.813745
0.647 0.358128 0.223582 0.0263677 0.000750229 0.0489416 407.552 166313 0.813961
0.646 0.357905 0.223644 0.0263291 0.000748103 0.0489362 407.558 166318 0.814177
0.645 0.357681 0.223707 0.0262906 0.000745988 0.0489309 407.564 166322 0.814391
0.644 0.357458 0.223771 0.0262523 0.000743882 0.0489255 407.57 166327 0.814605
0.643 0.357234 0.223837 0.0262141 0.000741788 0.0489201 407.577 166333 0.814817
0.642 0.357011 0.223904 0.026176 0.000739703 0.0489148 407.584 166338 0.815028
0.641 0.356787 0.223972 0.0261381 0.000737629 0.0489095 407.591 166344 0.815237
0.64 0.356563 0.224042 0.0261003 0.000735565 0.0489042 407.599 166350 0.815445
0.639 0.356339 0.224114 0.0260627 0.000733512 0.0488989 407.607 166356 0.815652
0.638 0.356115 0.224187 0.0260252 0.000731469 0.0488937 407.615 166362 0.815857
0.637 0.355891 0.224262 0.0259879 0.000729436 0.0488884 407.623 166368 0.816061
0.636 0.355667 0.224339 0.0259507 0.000727414 0.0488833 407.631 166375 0.816263
0.635 0.355443 0.224418 0.0259137 0.000725403 0.0488781 407.64 166382 0.816463
0.634 0.355218 0.224498 0.0258768 0.000723402 0.048873 407.649 166389 0.816662
0.633 0.354994 0.224581 0.02584 0.000721411 0.048868 407.658 166396 0.816858
0.632 0.354769 0.224666 0.0258035 0.000719432 0.048863 407.668 166404 0.817053
0.631 0.354545 0.224753 0.025767 0.000717462 0.0488581 407.678 166411 0.817246
0.63 0.35432 0.224842 0.0257307 0.000715504 0.0488533 407.688 166419 0.817436
0.629 0.354096 0.224934 0.0256946 0.000713556 0.0488485 407.698 166427 0.817625
0.628 0.353871 0.225028 0.0256586 0.000711619 0.0488439 407.709 166436 0.817811
0.627 0.353646 0.225125 0.0256228 0.000709692 0.0488393 407.719 166444 0.817995
0.626 0.353421 0.225225 0.0255871 0.000707776 0.0488348 407.731 166453 0.818176
0.625 0.353196 0.225327 0.0255516 0.000705871 0.0488305 407.742 166462 0.818355
0.624 0.35297 0.225433 0.0255163 0.000703976 0.0488263 407.754 166471 0.818531
0.623 0.352745 0.225541 0.0254811 0.000702092 0.0488222 407.766 166481 0.818705
0.622 0.35252 0.225652 0.0254461 0.000700219 0.0488182 407.778 166491 0.818876
0.621 0.352294 0.225767 0.0254112 0.000698357 0.0488144 407.791 166501 0.819043
0.62 0.352069 0.225884 0.0253765 0.000696505 0.0488108 407.804 166511 0.819208
0.619 0.351843 0.226006 0.0253419 0.000694664 0.0488074 407.817 166521 0.81937
0.618 0.351617 0.22613 0.0253075 0.000692833 0.0488041 407.83 166532 0.819529
0.617 0.351391 0.226259 0.0252733 0.000691014 0.048801 407.844 166543 0.819684
0.616 0.351165 0.226391 0.0252392 0.000689205 0.0487981 407.858 166554 0.819836
0.615 0.350938 0.226526 0.0252053 0.000687406 0.0487955 407.873 166566 0.819984
0.614 0.350712 0.226666 0.0251715 0.000685619 0.048793 407.887 166577 0.820128
0.613 0.350485 0.22681 0.0251379 0.000683841 0.0487908 407.902 166589 0.820269
0.612 0.350259 0.226957 0.0251045 0.000682075 0.0487889 407.918 166602 0.820406
0.611 0.350032 0.227109 0.0250712 0.000680319 0.0487872 407.933 166614 0.820539
0.61 0.349805 0.227265 0.0250381 0.000678574 0.0487858 407.949 166627 0.820668
0.609 0.349578 0.227426 0.0250052 0.000676839 0.0487847 407.965 166640 0.820792
0.608 0.34935 0.22759 0.0249724 0.000675114 0.0487838 407.982 166653 0.820912
0.607 0.349123 0.22776 0.0249398 0.000673401 0.0487833 407.999 166667 0.821028
0.606 0.348895 0.227934 0.0249073 0.000671697 0.0487831 408.016 166680 0.821139
0.605 0.348667 0.228113 0.024875 0.000670004 0.0487832 408.034 166694 0.821245
0.604 0.348439 0.228296 0.0248428 0.000668321 0.0487837 408.052 166709 0.821346
0.603 0.348211 0.228485 0.0248108 0.000666649 0.0487845 408.07 166723 0.821443
0.602 0.347983 0.228678 0.024779 0.000664987 0.0487858 408.089 166738 0.821534
0.601 0.347754 0.228877 0.0247473 0.000663335 0.0487873 408.108 166753 0.82162
0.6 0.347525 0.22908 0.0247158 0.000661693 0.0487893 408.127 166769 0.821701
0.599 0.347296 0.229289 0.0246844 0.000660061 0.0487917 408.146 166784 0.821776
0.598 0.347067 0.229502 0.0246532 0.000658439 0.0487945 408.166 166800 0.821846
0.597 0.346838 0.229721 0.0246222 0.000656828 0.0487978 408.187 166817 0.82191
0.596 0.346608 0.229946 0.0245913 0.000655226 0.0488015 408.207 166833 0.821968
0.595 0.346378 0.230175 0.0245605 0.000653634 0.0488056 408.228 166850 0.82202
0.594 0.346148 0.23041 0.0245299 0.000652052 0.0488102 408.25 166867 0.822067
0.593 0.345918 0.230651 0.0244994 0.000650479 0.0488153 408.271 166885 0.822107
0.592 0.345687 0.230897 0.0244691 0.000648916 0.0488209 408.293 166902 0.822141
0.591 0.345456 0.231148 0.024439 0.000647363 0.048827 408.316 166920 0.822169
0.59 0.345225 0.231405 0.024409 0.000645819 0.0488336 408.339 166939 0.82219
0.589 0.344994 0.231667 0.0243791 0.000644285 0.0488407 408.362 166957 0.822205
0.588 0.344762 0.231935 0.0243494 0.00064276 0.0488484 408.385 166976 0.822214
0.587 0.34453 0.232208 0.0243198 0.000641244 0.0488566 408.409 166995 0.822216
0.586 0.344298 0.232486 0.0242904 0.000639737 0.0488654 408.433 167014 0.822212
0.585 0.344065 0.23277 0.0242611 0.000638239 0.0488748 408.458 167034 0.822201
0.584 0.343833 0.23306 0.0242319 0.000636751 0.0488847 408.483 167054 0.822183
0.583 0.343599 0.233354 0.0242029 0.000635271 0.0488952 408.508 167075 0.822159
0.582 0.343366 0.233655 0.024174 0.0006338 0.0489064 408.534 167095 0.822128
0.581 0.343132 0.23396 0.0241453 0.000632338 0.0489181 408.56 167116 0.822091
0.58 0.342898 0.23427 0.0241167 0.000630884 0.0489305 408.586 167137 0.822047
0.579 0.342664 0.234586 0.0240882 0.000629439 0.0489435 408.613 167159 0.821996
0.578 0.34243 0.234907 0.0240598 0.000628002 0.0489571 408.64 167181 0.821939
0.577 0.342195 0.235232 0.0240316 0.000626574 0.0489714 408.667 167203 0.821875
0.576 0.341959 0.235563 0.0240035 0.000625153 0.0489864 408.695 167225 0.821805
0.575 0.341724 0.235898 0.0239755 0.000623741 0.049002 408.724 167248 0.821729
0.574 0.341488 0.236238 0.0239476 0.000622337 0.0490183 408.752 167271 0.821646
0.573 0.341251 0.236583 0.0239199 0.000620941 0.0490353 408.781 167295 0.821558
0.572 0.341015 0.236932 0.0238923 0.000619552 0.049053 408.811 167318 0.821463
0.571 0.340778 0.237285 0.0238647 0.000618171 0.0490714 408.84 167342 0.821362
0.57 0.34054 0.237642 0.0238373 0.000616798 0.0490905 408.87 167366 0.821256
0.569 0.340303 0.238004 0.0238101 0.000615432 0.0491103 408.901 167391 0.821145
0.568 0.340065 0.238369 0.0237829 0.000614074 0.0491308 408.932 167416 0.821028
0.567 0.339826 0.238738 0.0237558 0.000612723 0.049152 408.963 167441 0.820906
0.566 0.339587 0.23911 0.0237289 0.000611379 0.049174 408.995 167467 0.82078
0.565 0.339348 0.239485 0.023702 0.000610042 0.0491968 409.027 167493 0.820648
0.564 0.339108 0.239864 0.0236752 0.000608712 0.0492202 409.059 167519 0.820513
0.563 0.338868 0.240245 0.0236486 0.000607389 0.0492444 409.092 167545 0.820374
0.562 0.338628 0.24063 0.023622 0.000606072 0.0492694 409.125 167572 0.820231
0.561 0.338387 0.241016 0.0235956 0.000604763 0.0492951 409.159 167599 0.820085
0.56 0.338146 0.241405 0.0235692 0.000603459 0.0493216 409.193 167626 0.819935
0.559 0.337905 0.241796 0.0235429 0.000602163 0.0493489 409.227 167654 0.819784
0.558 0.337663 0.242189 0.0235168 0.000600872 0.0493769 409.262 167682 0.81963
0.557 0.33742 0.242583 0.0234907 0.000599588 0.0494057 409.297 167711 0.819474
0.556 0.337178 0.242979 0.0234647 0.00059831 0.0494353 409.332 167739 0.819317
0.555 0.336934 0.243376 0.0234388 0.000597038 0.0494656 409.368 167768 0.81916
0.554 0.336691 0.243774 0.023413 0.000595772 0.0494967 409.404 167798 0.819002
0.553 0.336447 0.244172 0.0233872 0.000594512 0.0495286 409.441 167827 0.818844
0.552 0.336203 0.24457 0.0233616 0.000593258 0.0495613 409.478 167857 0.818686
0.551 0.335958 0.244969 0.023336 0.00059201 0.0495947 409.515 167887 0.81853
0.55 0.335713 0.245368 0.0233105 0.000590767 0.0496289 409.553 167918 0.818376
0.549 0.335467 0.245766 0.0232851 0.00058953 0.0496639 409.591 167949 0.818223
0.548 0.335221 0.246163 0.0232597 0.000588298 0.0496996 409.63 167980 0.818074
0.547 0.334975 0.246559 0.0232344 0.000587072 0.0497362 409.669 168012 0.817928
0.546 0.334728 0.246955 0.0232093 0.000585851 0.0497735 409.708 168044 0.817786
0.545 0.334481 0.247348 0.0231841 0.000584635 0.0498115 409.748 168076 0.817648
0.544 0.334234 0.24774 0.0231591 0.000583425 0.0498503 409.788 168108 0.817516
0.543 0.333986 0.248131 0.0231341 0.000582219 0.0498899 409.828 168141 0.81739
0.542 0.333737 0.248519 0.0231092 0.000581019 0.0499302 409.869 168174 0.81727
0.541 0.333489 0.248904 0.0230844 0.000579824 0.0499713 409.91 168208 0.817157
0.54 0.33324 0.249287 0.0230596 0.000578634 0.0500131 409.952 168242 0.817052
0.539 0.33299 0.249667 0.0230349 0.000577449 0.0500557 409.994 168276 0.816956
0.538 0.33274 0.250044 0.0230103 0.000576269 0.050099 410.037 168310 0.816868
0.537 0.33249 0.250417 0.0229858 0.000575094 0.050143 410.08 168345 0.816791
0.536 0.332239 0.250787 0.0229613 0.000573923 0.0501877 410.123 168380 0.816723
0.535 0.331988 0.251153 0.0229369 0.000572758 0.0502331 410.166 168416 0.816667
0.534 0.331737 0.251515 0.0229125 0.000571597 0.0502792 410.211 168452 0.816623
0.533 0.331485 0.251873 0.0228883 0.000570441 0.050326 410.255 168488 0.816591
0.532 0.331233 0.252227 0.0228641 0.00056929 0.0503735 410.3 168524 0.816571
0.531 0.330981 0.252577 0.0228399 0.000568144 0.0504216 410.345 168561 0.816566
0.53 0.330728 0.252922 0.0228158 0.000567003 0.0504704 410.391 168598 0.816575
0.529 0.330475 0.253262 0.0227918 0.000565866 0.0505199 410.437 168636 0.816598
0.528 0.330222 0.253597 0.0227679 0.000564734 0.0505699 410.483 168674 0.816637
0.527 0.329968 0.253927 0.0227441 0.000563607 0.0506207 410.53 168712 0.816692
0.526 0.329714 0.254253 0.0227203 0.000562485 0.050672 410.577 168750 0.816763
0.525 0.32946 0.254573 0.0226966 0.000561368 0.0507239 410.625 168789 0.816851
0.524 0.329205 0.254888 0.0226729 0.000560255 0.0507764 410.673 168828 0.816957
0.523 0.32895 0.255198 0.0226494 0.000559147 0.0508295 410.722 168868 0.817081
0.522 0.328694 0.255502 0.0226259 0.000558045 0.0508831 410.771 168908 0.817223
0.521 0.328439 0.255802 0.0226025 0.000556947 0.0509373 410.82 168948 0.817384
0.52 0.328183 0.256096 0.0225792 0.000555854 0.050992 410.87 168988 0.817565
0.519 0.327927 0.256385 0.022556 0.000554767 0.0510472 410.92 169029 0.817764
0.518 0.32767 0.256668 0.0225328 0.000553684 0.051103 410.97 169071 0.817984
0.517 0.327413 0.256947 0.0225097 0.000552607 0.0511592 411.021 169112 0.818224
0.516 0.327156 0.25722 0.0224867 0.000551534 0.0512159 411.073 169154 0.818484
0.515 0.326899 0.257489 0.0224638 0.000550468 0.0512731 411.124 169197 0.818765
0.514 0.326641 0.257752 0.022441 0.000549406 0.0513307 411.176 169239 0.819066
0.513 0.326384 0.258011 0.0224183 0.00054835 0.0513888 411.229 169282 0.819389
0.512 0.326125 0.258266 0.0223957 0.000547299 0.0514472 411.282 169326 0.819732
0.511 0.325867 0.258516 0.0223732 0.000546254 0.0515061 411.335 169369 0.820096
0.51 0.325608 0.258761 0.0223508 0.000545214 0.0515654 411.389 169413 0.820481
0.509 0.32535 0.259003 0.0223285 0.00054418 0.0516251 411.444 169458 0.820887
0.508 0.325091 0.25924 0.0223062 0.000543152 0.0516851 411.498 169502 0.821313
0.507 0.324831 0.259474 0.0222841 0.000542129 0.0517455 411.553 169548 0.821761
0.506 0.324572 0.259705 0.0222621 0.000541113 0.0518062 411.609 169593 0.822228
0.505 0.324312 0.259932 0.0222403 0.000540103 0.0518673 411.665 169639 0.822715
0.504 0.324052 0.260157 0.0222185 0.000539098 0.0519286 411.721 169685 0.823223
0.503 0.323792 0.260379 0.0221968 0.0005381 0.0519903 411.778 169732 0.823749
0.502 0.323531 0.260599 0.0221753 0.000537108 0.0520523 411.835 169778 0.824295
0.501 0.323271 0.260816 0.0221539 0.000536123 0.0521146 411.893 169826 0.824859
0.5 0.32301 0.261032 0.0221326 0.000535144 0.0521772 411.951 169873 0.825441
0.499 0.322749 0.261247 0.0221114 0.000534171 0.05224 412.009 169921 0.826041
0.498 0.322488 0.26146 0.0220904 0.000533206 0.0523031 412.068 169969 0.826657
0.497 0.322226 0.261673 0.0220695 0.000532246 0.0523665 412.127 170018 0.82729
0.496 0.321964 0.261886 0.0220487 0.000531294 0.0524301 412.187 170067 0.827939
0.495 0.321702 0.262098 0.0220281 0.000530349 0.052494 412.247 170116 0.828602
0.494 0.32144 0.262311 0.0220076 0.00052941 0.0525581 412.307 170166 0.829279
0.493 0.321178 0.262525 0.0219872 0.000528479 0.0526225 412.368 170216 0.82997
0.492 0.320915 0.26274 0.021967 0.000527554 0.0526871 412.429 170266 0.830673
0.491 0.320653 0.262957 0.021947 0.000526637 0.052752 412.491 170317 0.831388
0.49 0.32039 0.263176 0.0219271 0.000525728 0.0528171 412.553 170368 0.832114
0.489 0.320127 0.263397 0.0219073 0.000524825 0.0528824 412.615 170419 0.83285
0.488 0.319863 0.263621 0.0218877 0.00052393 0.052948 412.678 170471 0.833595
0.487 0.3196 0.263848 0.0218682 0.000523043 0.0530139 412.742 170523 0.834347
0.486 0.319336 0.264079 0.0218489 0.000522163 0.05308 412.805 170576 0.835107
0.485 0.319072 0.264313 0.0218298 0.00052129 0.0531464 412.869 170628 0.835873
0.484 0.318807 0.264553 0.0218108 0.000520426 0.053213 412.934 170681 0.836644
0.483 0.318543 0.264797 0.021792 0.000519569 0.0532799 412.999 170735 0.837419
0.482 0.318278 0.265046 0.0217733 0.000518719 0.0533472 413.064 170789 0.838198
0.481 0.318013 0.265301 0.0217548 0.000517878 0.0534147 413.129 170843 0.838978
0.48 0.317747 0.265562 0.0217365 0.000517044 0.0534825 413.195 170897 0.83976
0.479 0.317482 0.26583 0.0217183 0.000516219 0.0535507 413.262 170952 0.840542
0.478 0.317216 0.266104 0.0217003 0.000515401 0.0536192 413.328 171007 0.841323
0.477 0.31695 0.266386 0.0216825 0.000514591 0.0536881 413.396 171062 0.842102
0.476 0.316683 0.266676 0.0216648 0.000513789 0.0537574 413.463 171118 0.842879
0.475 0.316417 0.266973 0.0216473 0.000512995 0.053827 413.531 171174 0.843652
0.474 0.31615 0.267279 0.02163 0.000512209 0.0538971 413.599 171230 0.844421
0.473 0.315882 0.267594 0.0216128 0.000511431 0.0539676 413.668 171286 0.845185
0.472 0.315615 0.267918 0.0215958 0.00051066 0.0540385 413.737 171343 0.845943
0.471 0.315347 0.268252 0.021579 0.000509898 0.05411 413.806 171400 0.846694
0.47 0.315078 0.268596 0.0215623 0.000509143 0.0541819 413.876 171458 0.847438
0.469 0.31481 0.26895 0.0215458 0.000508397 0.0542543 413.946 171516 0.848174
0.468 0.314541 0.269315 0.0215294 0.000507658 0.0543273 414.016 171574 0.8489
0.467 0.314271 0.269691 0.0215133 0.000506927 0.0544009 414.087 171632 0.849618
0.466 0.314001 0.270078 0.0214972 0.000506204 0.0544751 414.158 171691 0.850326
0.465 0.313731 0.270477 0.0214814 0.000505488 0.0545499 414.229 171750 0.851024
0.464 0.313461 0.270889 0.0214657 0.00050478 0.0546254 414.301 171809 0.851711
0.463 0.31319 0.271312 0.0214502 0.00050408 0.0547016 414.373 171869 0.852387
0.462 0.312918 0.271749 0.0214348 0.000503387 0.0547784 414.446 171929 0.853052
0.461 0.312646 0.272199 0.0214196 0.000502701 0.0548561 414.518 171989 0.853706
0.46 0.312374 0.272662 0.0214045 0.000502023 0.0549344 414.592 172049 0.854349
0.459 0.312101 0.273139 0.0213896 0.000501352 0.0550136 414.665 172110 0.85498
0.458 0.311828 0.27363 0.0213748 0.000500689 0.0550937 414.739 172171 0.8556
0.457 0.311554 0.274135 0.0213602 0.000500033 0.0551746 414.813 172232 0.856208
0.456 0.31128 0.274655 0.0213457 0.000499383 0.0552563 414.888 172294 0.856805
0.455 0.311005 0.27519 0.0213314 0.000498741 0.055339 414.963 172356 0.857392
0.454 0.310729 0.27574 0.0213172 0.000498106 0.0554227 415.038 172418 0.857968
0.453 0.310453 0.276306 0.0213031 0.000497477 0.0555073 415.114 172481 0.858534
0.452 0.310177 0.276887 0.0212892 0.000496855 0.055593 415.19 172544 0.85909
0.451 0.3099 0.277485 0.0212754 0.00049624 0.0556797 415.266 172607 0.859637
0.45 0.309622 0.278099 0.0212618 0.000495632 0.0557675 415.343 172670 0.860176
0.449 0.309343 0.278729 0.0212483 0.00049503 0.0558563 415.42 172734 0.860707
0.448 0.309064 0.279376 0.0212349 0.000494435 0.0559463 415.497 172798 0.861231
0.447 0.308785 0.28004 0.0212216 0.000493845 0.0560375 415.575 172863 0.861748
0.446 0.308504 0.28072 0.0212085 0.000493263 0.0561298 415.653 172928 0.86226
0.445 0.308223 0.281418 0.0211955 0.000492686 0.0562234 415.732 172993 0.862767
0.444 0.307941 0.282134 0.0211826 0.000492116 0.0563182 415.811 173058 0.86327
0.443 0.307659 0.282867 0.0211699 0.000491552 0.0564142 415.891 173124 0.863771
0.442 0.307376 0.283617 0.0211572 0.000490994 0.0565115 415.971 173190 0.864269
0.441 0.307092 0.284385 0.0211447 0.000490442 0.0566102 416.051 173257 0.864767
0.44 0.306807 0.285171 0.0211323 0.000489896 0.0567101 416.132 173324 0.865266
0.439 0.306521 0.285975 0.0211201 0.000489356 0.0568114 416.213 173391 0.865765
0.438 0.306235 0.286796 0.0211079 0.000488822 0.0569141 416.295 173459 0.866267
0.437 0.305948 0.287635 0.0210959 0.000488294 0.0570182 416.377 173527 0.866773
0.436 0.305659 0.288491 0.021084 0.000487773 0.0571236 416.46 173596 0.867282
0.435 0.30537 0.289365 0.0210722 0.000487257 0.0572305 416.543 173665 0.867798
0.434 0.305081 0.290256 0.0210605 0.000486748 0.0573388 416.626 173735 0.86832
0.433 0.30479 0.291164 0.0210489 0.000486244 0.0574486 416.711 173805 0.868849
0.432 0.304498 0.292089 0.0210375 0.000485747 0.0575598 416.795 173875 0.869387
0.431 0.304205 0.29303 0.0210262 0.000485256 0.0576724 416.881 173946 0.869935
0.43 0.303912 0.293988 0.021015 0.000484771 0.0577866 416.967 174017 0.870493
0.429 0.303617 0.294961 0.021004 0.000484293 0.0579022 417.053 174089 0.871062
0.428 0.303322 0.295949 0.0209931 0.000483822 0.0580193 417.14 174162 0.871643
0.427 0.303025 0.296952 0.0209823 0.000483357 0.0581379 417.228 174234 0.872236
0.426 0.302728 0.297969 0.0209717 0.000482899 0.058258 417.316 174308 0.872843
0.425 0.302429 0.298999 0.0209612 0.000482447 0.0583796 417.405 174382 0.873464
0.424 0.30213 0.300042 0.0209509 0.000482003 0.0585027 417.495 174457 0.874099
0.423 0.301829 0.301098 0.0209407 0.000481566 0.0586273 417.585 174532 0.874749
0.422 0.301527 0.302164 0.0209306 0.000481137 0.0587534 417.676 174608 0.875413
0.421 0.301224 0.30324 0.0209208 0.000480715 0.0588809 417.768 174684 0.876093
0.42 0.30092 0.304326 0.0209111 0.0004803 0.05901 417.86 174761 0.876787
0.419 0.300615 0.30542 0.0209015 0.000479894 0.0591405 417.953 174839 0.877497
0.418 0.300309 0.306522 0.0208922 0.000479496 0.0592724 418.047 174917 0.878222
0.417 0.300002 0.30763 0.020883 0.000479106 0.0594059 418.142 174996 0.878961
0.416 0.299694 0.308742 0.020874 0.000478725 0.0595407 418.237 175076 0.879715
0.415 0.299384 0.309859 0.0208652 0.000478353 0.059677 418.334 175156 0.880482
0.414 0.299074 0.310978 0.0208566 0.000477989 0.0598146 418.431 175237 0.881263
0.413 0.298762 0.312099 0.0208482 0.000477635 0.0599537 418.529 175319 0.882056
0.412 0.298449 0.313219 0.02084 0.00047729 0.060094 418.627 175401 0.88286
0.411 0.298135 0.314339 0.020832 0.000476955 0.0602358 418.727 175484 0.883675
0.41 0.29782 0.315455 0.0208243 0.000476629 0.0603788 418.827 175568 0.8845
0.409 0.297504 0.316568 0.0208168 0.000476314 0.0605232 418.929 175653 0.885334
0.408 0.297187 0.317675 0.0208095 0.000476009 0.0606688 419.031 175738 0.886174
0.407 0.296869 0.318776 0.0208025 0.000475714 0.0608156 419.134 175824 0.887021
0.406 0.296549 0.319868 0.0207957 0.00047543 0.0609636 419.237 175911 0.887872
0.405 0.296229 0.320951 0.0207891 0.000475157 0.0611128 419.342 175999 0.888726
0.404 0.295907 0.322023 0.0207828 0.000474895 0.0612632 419.448 176087 0.889582
0.403 0.295584 0.323084 0.0207768 0.000474643 0.0614146 419.554 176176 0.890438
0.402 0.29526 0.324131 0.020771 0.000474404 0.0615671 419.662 176266 0.891292
0.401 0.294936 0.325164 0.0207655 0.000474175 0.0617207 419.77 176357 0.892143
0.4 0.29461 0.326181 0.0207603 0.000473958 0.0618752 419.879 176449 0.892989
0.399 0.294283 0.327183 0.0207553 0.000473753 0.0620307 419.989 176541 0.893828
0.398 0.293955 0.328166 0.0207506 0.000473559 0.0621871 420.1 176634 0.894659
0.397 0.293626 0.329132 0.0207463 0.000473377 0.0623444 420.212 176728 0.89548
0.396 0.293296 0.330079 0.0207421 0.000473207 0.0625025 420.325 176822 0.896289
0.395 0.292966 0.331007 0.0207383 0.000473049 0.0626615 420.439 176918 0.897085
0.394 0.292634 0.331914 0.0207348 0.000472902 0.0628211 420.553 177014 0.897867
0.393 0.292302 0.332801 0.0207315 0.000472768 0.0629815 420.669 177111 0.898632
0.392 0.291968 0.333668 0.0207286 0.000472645 0.0631426 420.785 177208 0.89938
0.391 0.291634 0.334515 0.0207259 0.000472534 0.0633044 420.902 177307 0.90011
0.39 0.291299 0.33534 0.0207235 0.000472435 0.0634667 421.02 177406 0.900819
0.389 0.290963 0.336146 0.0207214 0.000472347 0.0636296 421.139 177506 0.901508
0.388 0.290626 0.336931 0.0207195 0.000472271 0.0637931 421.259 177607 0.902175
0.387 0.290289 0.337697 0.020718 0.000472207 0.0639571 421.379 177708 0.902819
0.386 0.28995 0.338444 0.0207167 0.000472154 0.0641216 421.501 177810 0.90344
0.385 0.289611 0.339173 0.0207158 0.000472112 0.0642866 421.623 177913 0.904037
0.384 0.289272 0.339885 0.0207151 0.000472082 0.064452 421.746 178016 0.904611
0.383 0.288931 0.340581 0.0207146 0.000472063 0.0646179 421.87 178121 0.905161
0.382 0.28859 0.341262 0.0207145 0.000472054 0.0647842 421.995 178226 0.905686
0.381 0.288248 0.34193 0.0207146 0.000472057 0.0649509 422.12 178331 0.906189
0.38 0.287906 0.342585 0.020715 0.00047207 0.0651181 422.246 178438 0.906668
0.379 0.287563 0.34323 0.0207156 0.000472094 0.0652858 422.374 178545 0.907124
0.378 0.287219 0.343865 0.0207165 0.000472128 0.0654539 422.501 178652 0.907559
0.377 0.286875 0.344494 0.0207177 0.000472172 0.0656226 422.63 178761 0.907974
0.376 0.28653 0.345117 0.0207191 0.000472227 0.0657917 422.759 178870 0.908369
0.375 0.286184 0.345737 0.0207207 0.000472292 0.0659615 422.89 178980 0.908747
0.374 0.285838 0.346355 0.0207226 0.000472367 0.0661318 423.021 179090 0.909109
0.373 0.285491 0.346973 0.0207248 0.000472451 0.0663029 423.152 179201 0.909456
0.372 0.285144 0.347594 0.0207271 0.000472546 0.0664746 423.285 179313 0.909791
0.371 0.284796 0.348219 0.0207298 0.00047265 0.0666472 423.418 179426 0.910117
0.37 0.284447 0.348851 0.0207326 0.000472764 0.0668207 423.552 179539 0.910435
0.369 0.284098 0.349491 0.0207357 0.000472888 0.0669952 423.687 179653 0.910748
0.368 0.283748 0.350142 0.020739 0.000473022 0.0671708 423.822 179768 0.911059
0.367 0.283398 0.350805 0.0207426 0.000473165 0.0673475 423.959 179883 0.911371
0.366 0.283047 0.351483 0.0207464 0.000473318 0.0675256 424.096 179999 0.911687
0.365 0.282695 0.352177 0.0207504 0.000473481 0.0677052 424.234 180116 0.91201
0.364 0.282342 0.352889 0.0207546 0.000473654 0.0678863 424.373 180233 0.912343
0.363 0.281989 0.353621 0.0207591 0.000473837 0.0680692 424.512 180351 0.91269
0.362 0.281635 0.354374 0.0207638 0.00047403 0.068254 424.653 180470 0.913054
0.361 0.28128 0.35515 0.0207687 0.000474233 0.0684408 424.794 180590 0.913439
0.36 0.280925 0.355951 0.0207739 0.000474447 0.0686298 424.936 180711 0.913848
0.359 0.280569 0.356778 0.0207793 0.000474671 0.0688212 425.08 180832 0.914284
0.358 0.280211 0.357631 0.0207849 0.000474907 0.0690151 425.224 180954 0.914752
0.357 0.279853 0.358513 0.0207908 0.000475153 0.0692119 425.368 181077 0.915256
0.356 0.279495 0.359425 0.0207969 0.000475411 0.0694115 425.514 181201 0.915797
0.355 0.279135 0.360366 0.0208032 0.00047568 0.0696142 425.661 181326 0.916381
0.354 0.278774 0.361338 0.0208099 0.000475961 0.0698203 425.809 181452 0.91701
0.353 0.278412 0.362342 0.0208167 0.000476254 0.0700298 425.958 181578 0.917688
0.352 0.27805 0.363378 0.0208239 0.00047656 0.070243 426.108 181706 0.918417
0.351 0.277686 0.364447 0.0208313 0.000476878 0.0704601 426.259 181834 0.919202
0.35 0.277321 0.365548 0.0208389 0.00047721 0.0706812 426.411 181964 0.920044
0.349 0.276955 0.366683 0.0208469 0.000477555 0.0709066 426.564 182094 0.920946
0.348 0.276588 0.367851 0.0208551 0.000477915 0.0711363 426.719 182226 0.92191
0.347 0.27622 0.369052 0.0208637 0.000478289 0.0713706 426.874 182358 0.92294
0.346 0.275851 0.370286 0.0208725 0.000478677 0.0716096 427.031 182492 0.924036
0.345 0.27548 0.371553 0.0208817 0.000479081 0.0718534 427.189 182627 0.925199
0.344 0.275108 0.372853 0.0208911 0.0004795 0.0721022 427.349 182763 0.926432
0.343 0.274735 0.374185 0.0209009 0.000479936 0.072356 427.509 182900 0.927735
0.342 0.27436 0.375548 0.0209111 0.000480388 0.0726151 427.671 183039 0.929108
0.341 0.273984 0.376943 0.0209216 0.000480857 0.0728793 427.835 183178 0.930552
0.34 0.273607 0.378367 0.0209324 0.000481344 0.073149 428 183319 0.932065
0.339 0.273228 0.379822 0.0209436 0.000481849 0.0734239 428.166 183461 0.933649
0.338 0.272848 0.381306 0.0209553 0.000482373 0.0737043 428.334 183605 0.9353
0.337 0.272466 0.382817 0.0209673 0.000482916 0.07399 428.503 183750 0.937018
0.336 0.272082 0.384355 0.0209797 0.000483478 0.074281 428.674 183896 0.938802
0.335 0.271698 0.38592 0.0209925 0.000484061 0.0745774 428.846 184044 0.940647
0.334 0.271311 0.387509 0.0210058 0.000484664 0.074879 429.02 184193 0.942552
0.333 0.270923 0.389121 0.0210196 0.000485289 0.0751857 429.195 184344 0.944513
0.332 0.270533 0.390756 0.0210338 0.000485936 0.0754974 429.373 184496 0.946528
0.331 0.270142 0.392412 0.0210485 0.000486605 0.075814 429.551 184649 0.948591
0.33 0.269749 0.394087 0.0210637 0.000487298 0.0761352 429.732 184804 0.950699
0.329 0.269354 0.39578 0.0210794 0.000488014 0.076461 429.914 184961 0.952847
0.328 0.268958 0.39749 0.0210957 0.000488755 0.076791 430.098 185119 0.95503
0.327 0.26856 0.399215 0.0211125 0.000489522 0.077125 430.284 185279 0.957244
0.326 0.26816 0.400953 0.0211299 0.000490314 0.0774628 430.471 185440 0.959482
0.325 0.267758 0.402704 0.0211479 0.000491133 0.0778041 430.66 185603 0.961741
0.324 0.267355 0.404465 0.0211665 0.00049198 0.0781487 430.851 185767 0.964013
0.323 0.26695 0.406234 0.0211858 0.000492855 0.0784961 431.044 185933 0.966295
0.322 0.266543 0.408011 0.0212057 0.00049376 0.0788461 431.238 186101 0.96858
0.321 0.266134 0.409794 0.0212264 0.000494695 0.0791985 431.434 186270 0.970863
0.32 0.265723 0.41158 0.0212477 0.000495661 0.0795528 431.632 186441 0.973138
0.319 0.265311 0.41337 0.0212698 0.000496659 0.0799088 431.832 186613 0.975402
0.318 0.264897 0.415162 0.0212927 0.000497691 0.0802662 432.034 186787 0.977648
0.317 0.264481 0.416955 0.0213163 0.000498757 0.0806247 432.237 186963 0.979873
0.316 0.264063 0.418747 0.0213408 0.000499859 0.080984 432.442 187140 0.982073
0.315 0.263644 0.420539 0.0213661 0.000500997 0.081344 432.649 187319 0.984243
0.314 0.263222 0.422329 0.0213924 0.000502174 0.0817044 432.857 187500 0.98638
0.313 0.262799 0.424118 0.0214195 0.000503391 0.0820651 433.068 187682 0.988482
0.312 0.262374 0.425905 0.0214477 0.000504649 0.0824259 433.28 187866 0.990546
0.311 0.261947 0.427691 0.0214768 0.00050595 0.0827867 433.494 188051 0.99257
0.31 0.261518 0.429476 0.0215069 0.000507296 0.0831476 433.71 188238 0.994553
0.309 0.261088 0.431262 0.0215381 0.000508688 0.0835086 433.928 188427 0.996494
0.308 0.260656 0.433049 0.0215704 0.000510128 0.0838698 434.147 188617 0.998393
0.307 0.260222 0.434839 0.0216038 0.000511619 0.0842313 434.368 188809 1.00025
0.306 0.259786 0.436634 0.0216384 0.000513161 0.0845933 434.591 189003 1.00207
0.305 0.259348 0.438436 0.0216742 0.000514759 0.0849563 434.816 189198 1.00384
0.304 0.258909 0.440247 0.0217113 0.000516412 0.0853205 435.043 189395 1.00558
0.303 0.258468 0.442071 0.0217497 0.000518125 0.0856863 435.272 189594 1.00728
0.302 0.258025 0.443909 0.0217894 0.000519898 0.0860544 435.502 189795 1.00895
0.301 0.25758 0.445766 0.0218305 0.000521735 0.0864252 435.735 189997 1.01058
0.3 0.257133 0.447645 0.021873 0.000523638 0.0867993 435.969 190202 1.01219
0.299 0.256684 0.449548 0.021917 0.000525609 0.0871776 436.206 190408 1.01377
0.298 0.256233 0.45148 0.0219625 0.000527651 0.0875606 436.444 190616 1.01532
0.297 0.255781 0.453443 0.0220095 0.000529766 0.0879491 436.685 190826 1.01686
0.296 0.255326 0.455443 0.022058 0.000531956 0.0883441 436.928 191038 1.01837
0.295 0.254869 0.457481 0.0221082 0.000534224 0.0887462 437.173 191252 1.01987
0.294 0.25441 0.459562 0.02216 0.000536571 0.0891564 437.42 191468 1.02136
0.293 0.25395 0.461689 0.0222134 0.000539 0.0895754 437.67 191686 1.02283
0.292 0.253487 0.463865 0.0222685 0.000541514 0.0900042 437.922 191906 1.02429
0.291 0.253021 0.466093 0.0223253 0.000544112 0.0904435 438.176 192129 1.02575
0.29 0.252554 0.468376 0.0223838 0.000546798 0.0908941 438.433 192354 1.02719
0.289 0.252084 0.470717 0.0224441 0.000549573 0.0913568 438.692 192581 1.02863
0.288 0.251612 0.473117 0.022506 0.000552437 0.0918323 438.953 192810 1.03006
0.287 0.251137 0.47558 0.0225697 0.000555392 0.0923211 439.217 193042 1.03148
0.286 0.25066 0.478107 0.0226351 0.000558439 0.0928239 439.484 193276 1.0329
0.285 0.25018 0.4807 0.0227023 0.000561577 0.0933411 439.753 193513 1.0343
0.284 0.249698 0.48336 0.0227711 0.000564808 0.0938731 440.025 193752 1.0357
0.283 0.249212 0.486088 0.0228416 0.000568131 0.0944203 440.3 193993 1.03709
0.282 0.248725 0.488887 0.0229138 0.000571545 0.0949829 440.577 194237 1.03847
0.281 0.248234 0.491755 0.0229877 0.000575051 0.095561 440.857 194484 1.03984
0.28 0.24774 0.494694 0.0230631 0.000578648 0.0961548 441.14 194733 1.0412
0.279 0.247243 0.497703 0.0231401 0.000582335 0.0967642 441.425 194984 1.04255
0.278 0.246744 0.500782 0.0232187 0.000586111 0.0973892 441.713 195239 1.04389
0.277 0.246241 0.50393 0.0232987 0.000589974 0.0980296 442.004 195496 1.04522
0.276 0.245735 0.507143 0.0233803 0.000593924 0.0986853 442.298 195755 1.04655
0.275 0.245225 0.51042 0.0234633 0.00059796 0.0993562 442.594 196017 1.04787
0.274 0.244713 0.513757 0.0235476 0.00060208 0.100042 442.893 196282 1.04918
0.273 0.244197 0.517147 0.0236334 0.000606284 0.100742 443.195 196549 1.05049
0.272 0.243677 0.520585 0.0237204 0.00061057 0.101457 443.5 196819 1.05181
0.271 0.243154 0.524063 0.0238088 0.000614937 0.102187 443.808 197092 1.05314
0.27 0.242628 0.52757 0.0238985 0.000619385 0.10293 444.118 197367 1.05447
0.269 0.242098 0.531096 0.0239894 0.000623915 0.103688 444.431 197645 1.05582
0.268 0.241564 0.534628 0.0240816 0.000628525 0.104459 444.748 197926 1.05719
0.267 0.241027 0.538151 0.024175 0.000633217 0.105245 445.067 198210 1.05858
0.266 0.240486 0.541649 0.0242697 0.00063799 0.106045 445.389 198497 1.06
0.265 0.239942 0.545106 0.0243656 0.000642848 0.10686 445.713 198786 1.06146
0.264 0.239395 0.548502 0.0244629 0.00064779 0.107689 446.041 199078 1.06296
0.263 0.238844 0.55182 0.0245614 0.00065282 0.108534 446.372 199373 1.0645
0.262 0.23829 0.555041 0.0246613 0.00065794 0.109395 446.705 199670 1.0661
0.261 0.237732 0.558148 0.0247626 0.000663152 0.110272 447.042 199971 1.06775
0.26 0.237172 0.561123 0.0248653 0.000668461 0.111166 447.381 200274 1.06947
0.259 0.236609 0.563954 0.0249695 0.00067387 0.112077 447.723 200580 1.07126
0.258 0.236043 0.566629 0.0250752 0.000679383 0.113007 448.068 200889 1.07312
0.257 0.235474 0.56914 0.0251825 0.000685006 0.113957 448.416 201201 1.07507
0.256 0.234903 0.571486 0.0252916 0.000690742 0.114926 448.767 201516 1.07711
0.255 0.23433 0.573667 0.0254024 0.000696597 0.115916 449.12 201833 1.07925
0.254 0.233755 0.575691 0.025515 0.000702576 0.116926 449.477 202153 1.0815
0.253 0.233178 0.577583 0.0256295 0.000708687 0.117965 449.835 202475 1.08388
0.252 0.232598 0.583014 0.025747 0.000715854 0.121024 450.198 202802 1.09216
0.251 0.231795 1.86093 0.0261822 0.00103982 0.813083 450.817 203586 3.09369
0.25 0.159619 368.095 0.127641 0.102805 199.325 532.532 349938 498.353
0.249 -0.356728 213.717 0.853462 0.832391 240.561 1110.84 1.39421e+06 579.354
0.248 -0.365276 170.486 0.860118 0.839853 232.375 1111.33 1.40201e+06 605.803
0.247 -0.362383 185.886 0.850432 0.83088 251.028 1098.45 1.38615e+06 661.837
0.246 -0.359118 202.322 0.840001 0.821146 270.544 1084.64 1.36908e+06 721.945
0.245 -0.355524 219.543 0.828906 0.810731 290.693 1070 1.35092e+06 785.877
0.244 -0.351629 237.409 0.817218 0.799702 311.269 1054.61 1.33179e+06 853.308
0.243 -0.347469 255.758 0.805025 0.788148 332.046 1038.59 1.31182e+06 923.806
0.242 -0.343085 274.42 0.792428 0.776165 352.798 1022.06 1.29117e+06 996.882
0.241 -0.338519 293.234 0.779524 0.763854 373.318 1005.14 1.26999e+06 1072.04
0.24 -0.333811 312.061 0.766402 0.751302 393.434 987.944 1.24843e+06 1148.84
0.239 -0.328989 330.79 0.753129 0.738578 413.021 970.557 1.22659e+06 1226.94
0.238 -0.324071 349.348 0.739747 0.725725 431.999 953.026 1.20452e+06 1306.14
0.237 -0.319063 367.696 0.726261 0.712751 450.338 935.356 1.18223e+06 1386.44
0.236 -0.313951 385.827 0.712647 0.699634 468.045 917.509 1.15969e+06 1467.98
0.235 -0.308712 403.755 0.698843 0.686317 485.153 899.408 1.13678e+06 1551.13
0.234 -0.303305 421.503 0.684762 0.672716 501.706 880.938 1.11338e+06 1636.39
0.233 -0.297683 439.093 0.670292 0.658725 517.741 861.956 1.08929e+06 1724.41
0.232 -0.29179 456.527 0.655312 0.644224 533.27 842.309 1.06434e+06 1815.9
0.231 -0.285573 473.773 0.639701 0.629094 548.264 821.842 1.03833e+06 1911.59
0.23 -0.278983 490.752 0.623348 0.613228 562.64 800.424 1.01111e+06 2012.14
0.229 -0.271985 507.333 0.606174 0.596547 576.251 777.957 982556 2118.07
0.228 -0.264561 523.329 0.588141 0.579011 588.887 754.401 952633 2229.67
0.227 -0.256721 538.501 0.569265 0.560635 600.288 729.79 921388 2346.92
0.226 -0.248503 552.583 0.549629 0.541497 610.164 704.236 888975 2469.42
0.225 -0.239978 565.308 0.529384 0.521743 618.229 677.945 855660 2596.41
0.224 -0.231248 576.441 0.508751 0.501589 624.244 651.208 821815 2726.68
0.223 -0.222444 585.822 0.488012 0.48131 628.057 624.394 787912 2858.69
0.222 -0.213718 593.401 0.467499 0.461231 629.644 597.93 754492 2990.58
0.221 -0.205237 599.259 0.447572 0.441706 629.131 572.278 722137 3120.3
0.22 -0.197168 603.619 0.428594 0.423094 626.796 547.902 691432 3245.74
0.219 -0.189673 606.834 0.410913 0.405739 623.053 525.242 662928 3364.83
0.218 -0.182897 609.358 0.394839 0.389951 618.415 504.688 637114 3475.7
0.217 -0.176965 611.716 0.380634 0.375991 613.449 486.566 614396 3576.73
0.216 -0.17198 614.47 0.368511 0.364074 608.73 471.14 595103 3666.54
0.215 -0.168032 618.194 0.358641 0.354376 604.808 458.62 579502 3743.99
0.214 -0.165208 623.469 0.35118 0.347059 602.194 449.197 567836 3808.02
0.213 -0.163605 630.892 0.346297 0.342297 601.354 443.081 560376 3857.48
0.212 -0.163349 641.081 0.344207 0.340314 602.723 440.543 557473 3890.94
0.211 -0.164608 654.662 0.345202 0.341408 606.694 441.952 559609 3906.49
0.21 -0.167592 672.205 0.349657 0.345962 613.584 447.784 567402 3901.66
0.209 -0.17254 694.066 0.358 0.354412 623.534 458.587 581558 3873.52
0.208 -0.179671 720.14 0.370631 0.36716 636.348 474.867 602731 3819.21
0.207 -0.189109 749.57 0.387776 0.384434 651.309 496.909 631281 3736.75
0.206 -0.200794 780.585 0.409316 0.406115 667.085 524.558 667001 3626.17
0.205 -0.21442 810.661 0.434672 0.431616 681.863 557.064 708914 3490.37
0.204 -0.229446 837.074 0.462809 0.459897 693.754 593.101 755305 3335.2
0.203 -0.24519 857.643 0.492422 0.489642 701.309 630.996 804015 3168.49
0.202 -0.260978 871.264 0.522209 0.519546 703.87 669.082 852905 2998.29
0.201 -0.276272 877.969 0.551126 0.54856 701.575 706.026 900267 2831.3
0.2 -0.290743 878.575 0.578513 0.576027 695.087 740.992 945039 2671.89
0.199 -0.304262 874.2 0.604097 0.601676 685.245 773.633 986791 2522.08
0.198 -0.31685 865.895 0.627896 0.625529 672.801 803.98 1.02557e+06 2382.04
0.197 -0.328622 854.441 0.650107 0.647787 658.3 832.288 1.06173e+06 2250.72
0.196 -0.339734 840.316 0.671009 0.668732 642.063 858.921 1.09574e+06 2126.51
0.195 -0.350349 823.725 0.690899 0.688666 624.221 884.263 1.1281e+06 2007.64
0.194 -0.360616 804.671 0.710052 0.707863 604.771 908.669 1.15927e+06 1892.39
0.193 -0.370661 783.016 0.728701 0.726559 583.625 932.439 1.18965e+06 1779.31
0.192 -0.380582 758.543 0.747028 0.744937 560.655 955.81 1.21953e+06 1667.2
0.191 -0.390448 731.012 0.765165 0.763125 535.732 978.951 1.24914e+06 1555.23
0.19 -0.4003 700.205 0.783186 0.781199 508.755 1001.96 1.2786e+06 1442.86
0.189 -0.410148 665.978 0.801114 0.799181 479.687 1024.86 1.30795e+06 1329.94
0.188 -0.419976 628.306 0.818917 0.817038 448.583 1047.62 1.33713e+06 1216.66
0.187 -0.42974 587.325 0.836517 0.834691 415.612 1070.13 1.36601e+06 1103.52
0.186 -0.439376 543.364 0.853794 0.852018 381.071 1092.24 1.3944e+06 991.348
0.185 -0.448801 496.958 0.870593 0.868865 345.391 1113.75 1.42202e+06 881.214
0.184 -0.45792 448.84 0.886741 0.885059 309.125 1134.44 1.44859e+06 774.35
0.183 -0.466637 399.909 0.902059 0.900417 272.914 1154.06 1.4738e+06 672.061
0.182 -0.474859 351.173 0.916374 0.914771 237.453 1172.41 1.49736e+06 575.627
0.181 -0.482505 303.675 0.929539 0.927969 203.433 1189.28 1.51903e+06 486.195
0.18 -0.489511 258.418 0.94144 0.9399 171.491 1204.52 1.53861e+06 404.693
0.179 -0.495838 216.28 0.952005 0.950492 142.16 1218.05 1.55597e+06 331.769
0.178 -0.501467 177.958 0.96121 0.959721 115.833 1229.82 1.57108e+06 267.756
0.177 -0.506405 143.927 0.969075 0.967606 92.7457 1239.88 1.58396e+06 212.663
0.176 -0.510682 114.429 0.975661 0.974211 72.9721 1248.28 1.59472e+06 166.208
0.175 -0.514341 89.4828 0.981061 0.979629 56.4424 1255.16 1.6035e+06 127.867
0.174 -0.51744 68.9264 0.985391 0.983977 42.9713 1260.65 1.61051e+06 96.9389
0.173 -0.520043 52.4613 0.988779 0.987384 32.2946 1264.93 1.61595e+06 72.6227
0.172 -0.522215 39.7118 0.991352 0.989978 24.1077 1268.17 1.62005e+06 54.092
0.171 -0.524017 30.282 0.99323 0.99188 18.1032 1270.51 1.623e+06 40.5633
0.17 -0.525502 23.808 0.994516 0.993195 14.0031 1272.09 1.62498e+06 31.3556
0.169 -0.526712 20.0033 0.995292 0.994005 11.5852 1273.01 1.62613e+06 25.9369
0.168 -0.527675 18.6956 0.995612 0.994365 10.7026 1273.35 1.62655e+06 23.9606
0.167 -0.528403 19.8567 0.995503 0.994303 11.2983 1273.15 1.62628e+06 25.2924
0.166 -0.528894 23.6245 0.99496 0.993812 13.4143 1272.39 1.62531e+06 30.0285
0.165 -0.529125 30.3192 0.993947 0.992856 17.1967 1271.03 1.62359e+06 38.5081
0.164 -0.529059 40.4538 0.992395 0.991368 22.8968 1268.99 1.62101e+06 51.3199
0.163 -0.52864 54.7356 0.990208 0.989247 30.8678 1266.13 1.6174e+06 69.3028
0.162 -0.527796 74.0603 0.987258 0.986366 41.5559 1262.31 1.61255e+06 93.5409
0.161 -0.526443 99.4933 0.983393 0.982571 55.4866 1257.31 1.60621e+06 125.351
0.16 -0.524482 132.239 0.978437 0.977684 73.2433 1250.92 1.59809e+06 166.265
0.159 -0.521803 173.594 0.972196 0.971511 95.4396 1242.89 1.58786e+06 218.002
0.158 -0.518294 224.887 0.964463 0.963842 122.683 1232.95 1.57519e+06 282.437
0.157 -0.513833 287.397 0.955022 0.954461 155.534 1220.83 1.55972e+06 361.557
0.156 -0.508305 362.252 0.943657 0.943151 194.447 1206.24 1.54109e+06 457.411
0.155 -0.501598 450.311 0.930159 0.929703 239.715 1188.93 1.51897e+06 572.026
0.154 -0.493617 552 0.914347 0.913934 291.382 1168.66 1.49306e+06 707.28
0.153 -0.484298 667.118 0.896085 0.895711 349.146 1145.27 1.46315e+06 864.695
0.152 -0.47363 794.589 0.875333 0.874991 412.231 1118.69 1.42918e+06 1045.07
0.151 -0.461695 932.182 0.852204 0.85189 479.255 1089.1 1.39135e+06 1247.89
0.15 -0.448724 1076.24 0.827075 0.826784 548.085 1056.96 1.3503e+06 1470.42
0.149 -0.435177 1221.52 0.800726 0.800453 615.784 1023.3 1.30732e+06 1706.4
0.148 -0.42183 1361.35 0.774506 0.774249 678.706 989.836 1.26464e+06 1944.5
0.147 -0.40984 1488.1 0.750456 0.750212 732.842 959.197 1.22562e+06 2167.08
0.146 -0.400705 1594.09 0.73126 0.731026 774.382 934.819 1.19468e+06 2350.41
0.145 -0.396029 1672.09 0.71984 0.719613 800.216 920.446 1.1766e+06 2467.94
0.144 -0.39706 1715.28 0.718546 0.718324 808.062 919.076 1.17522e+06 2497.38
0.143 -0.404163 1717.29 0.728186 0.727966 796.372 931.729 1.19182e+06 2429.5
0.142 -0.416541 1673.85 0.747492 0.74727 764.722 956.761 1.22427e+06 2273.47
0.141 -0.432457 1586.18 0.773466 0.773239 714.849 990.317 1.2676e+06 2054.48
0.14 -0.449847 1463 0.802442 0.802207 651.267 1027.69 1.31579e+06 1804.64
0.139 -0.466926 1318.68 0.831182 0.830938 580.452 1064.73 1.36352e+06 1553.14
0.138 -0.48251 1168.72 0.857478 0.857225 509.031 1098.61 1.40716e+06 1320.51
0.137 -0.49603 1025.85 0.880202 0.879939 442.233 1127.9 1.44487e+06 1117.79
0.136 -0.507378 898.242 0.89905 0.89878 383.246 1152.19 1.47618e+06 948.516
0.135 -0.516735 789.593 0.914248 0.913974 333.33 1171.79 1.50144e+06 811.361
0.134 -0.524429 700.018 0.926304 0.926029 292.254 1187.35 1.52151e+06 702.194
0.133 -0.530846 627.065 0.935865 0.935593 258.765 1199.68 1.53744e+06 615.436
0.132 -0.536369 566.65 0.943616 0.943351 231.013 1209.68 1.55035e+06 544.96
0.131 -0.541326 514.025 0.950195 0.949941 206.965 1218.16 1.56129e+06 484.882
0.13 -0.545947 464.836 0.956116 0.955875 184.835 1225.77 1.5711e+06 430.378
0.129 -0.550347 416.069 0.961704 0.961476 163.426 1232.94 1.58032e+06 378.337
0.128 -0.55454 366.521 0.967085 0.966869 142.267 1239.84 1.58918e+06 327.538
0.127 -0.558476 316.606 0.972234 0.972028 121.5 1246.44 1.59766e+06 278.266
0.126 -0.562093 267.698 0.977049 0.976851 101.607 1252.61 1.60559e+06 231.583
0.125 -0.565349 221.397 0.981423 0.981232 83.1329 1258.23 1.61281e+06 188.66
0.124 -0.568232 179.039 0.985281 0.985095 66.5064 1263.19 1.61921e+06 150.368
0.123 -0.570764 141.481 0.988591 0.988411 51.9746 1267.47 1.62474e+06 117.153
0.122 -0.572985 109.116 0.991361 0.991188 39.6136 1271.07 1.62944e+06 89.078
0.121 -0.574949 81.97 0.993623 0.993457 29.3705 1274.04 1.63335e+06 65.9337
0.12 -0.57671 59.8186 0.995425 0.995268 21.1091 1276.45 1.63656e+06 47.3432
0.119 -0.578317 42.2779 0.99682 0.996675 14.643 1278.35 1.63918e+06 32.8381
0.118 -0.579806 28.859 0.997865 0.997734 9.7565 1279.84 1.64129e+06 21.9009
0.117 -0.581199 18.9971 0.99862 0.998503 6.21438 1280.97 1.64297e+06 13.9839
0.116 -0.582498 12.0737 0.99914 0.999039 3.76883 1281.81 1.64431e+06 8.52128
0.115 -0.583695 7.45067 0.999481 0.999396 2.17064 1282.43 1.64536e+06 4.9508
0.114 -0.58478 4.52001 0.999693 0.999622 1.18612 1282.87 1.64616e+06 2.74896
0.113 -0.58575 2.75563 0.999819 0.999759 0.615199 1283.19 1.64678e+06 1.46927
0.112 -0.586614 1.74788 0.99989 0.999839 0.30317 1283.41 1.64724e+06 0.767075
0.111 -0.5874 1.20993 0.999929 0.999885 0.141977 1283.56 1.64759e+06 0.401811
0.11 -0.588148 0.961708 0.99995 0.999912 0.0630106 1283.67 1.64784e+06 0.220721
0.109 -0.588915 0.903388 0.999962 0.999928 0.0262467 1283.75 1.64804e+06 0.134678
0.108 -0.589777 0.98743 0.999969 0.99994 0.00999759 1283.82 1.6482e+06 0.0954328
0.107 -0.59082 1.18965 0.999975 0.99995 0.00323638 1283.89 1.64837e+06 0.0785823
0.106 -0.592128 1.47433 0.99998 0.99996 0.000658556 1283.96 1.64858e+06 0.0725495
0.105 -0.593741 1.75844 0.999985 0.99997 -0.000169341 1284.07 1.64883e+06 0.0720657
0.104 -0.595594 1.91339 0.999989 0.999979 -0.000321772 1284.19 1.64915e+06 0.0745391
0.103 -0.597504 1.84445 0.999993 0.999987 -0.000257446 1284.33 1.6495e+06 0.0783061
0.102 -0.599249 1.58076 0.999996 0.999993 -0.000159032 1284.46 1.64985e+06 0.0821916
0.101 -0.600691 1.2471 0.999998 0.999996 -8.45884e-05 1284.58 1.65016e+06 0.0856307
