1 179324000 0 0
1 179324000 0 0
1 179324000 0 0
1 179324000 0 0
1 179324000 0 0
1 179324000 0 0
1 179324000 0 0
1 179324000 0 0
1 179324000 0 0
1 179324000 0 0
1 179324000 0 0
1 179324000 0 0
1 179324000 0 0
1 179324000 0 0
1 179324000 0 0
1 179324000 0 0
1 179324000 0 0
1 179324000 0 0
1 179324000 0 0
1 179324000 0 0
1 179324000 0 0
1 179324000 0 0
1 179324000 0 0
1 179324000 0 0
1 179324000 0 0
1 179324000 0 0
1 179324000 0 0
1 179324000 0 0
1 179324000 0 0
1 179324000 0 0
1 179324000 0 0
1 179324000 0 0
1 179324000 0 0
1 179324000 0 0
1 179324000 0 0
1 179324000 0 0
1 179324000 0 0
1 179324000 0 0
1 179324000 0 0
1 179324000 0 0
1 179324000 0 0
1 179324000 0 0
1 179324000 0 0
1 179324000 0 0
1 179324000 0 0
1 179324000 0 0
1 179324000 0 0
1 179324000 0 0
1 179324000 0 0
1 179324000 0 0
1 179324000 0 0
1 179324000 0 0
1 179324000 0 0
1 179324000 0 0
1 179324000 0 0
1 179324000 0 0
1 179324000 0 0
1 179324000 0 0
1 179324000 0 0
1 179324000 0 0
1 179324000 0 0
1 179324000 0 0
1 179324000 0 0
1 179324000 0 0
1 179324000 0 0
1 179324000 0 0
1 179324000 0 0
1 179324000 0 0
1 179324000 0 0
1 179324000 0 0
1 179324000 0 0
1 179324000 0 0
1 179324000 0 0
1 179324000 0 0
1 179324000 0 0
1 179324000 0 0
1 179324000 0 0
1 179324000 0 0
1 179324000 0 0
1 179324000 0 0
1 179324000 0 0
1 179324000 0 0
1 179324000 0 0
1 179324000 0 0
1 179324000 0 0
1 179324000 0 0
1 179324000 0 0
1 179324000 0 0
1 179324000 0 0
1 179324000 0 0
1 179324000 0 0
1 179324000 0 0
1 179324000 0 0
1 179324000 0 0
1 179324000 0 0
1 179324000 0 0
1 179324000 0 0
1 179324000 0 0
1 179324000 0 0
1 179324000 0 0
1 179324000 0 0
1 179324000 0 0
1 179324000 0 0
1 179324000 0 0
1 179324000 0 0
1 179324000 0 0
1 179324000 0 0
1 179324000 0 0
1 179324000 0 0
1 179324000 0 0
1 179324000 0 0
1 179324000 0 0
1 179324000 0 0
1 179324000 0 0
1 179324000 0 0
1 179324000 0 0
1 179324000 0 0
1 179324000 0 0
1 179324000 0 0
1 179324000 0 0
1 179324000 0 0
1 179324000 143300134 1.433e+08
1 179324000 1083035954 1.08304e+09
1 179324000 1809362182 1.80936e+09
1 179324000 2064098952 2.0641e+09
1 179324000 -1950102777 2.34486e+09
1 179324000 -1912382822 2.38258e+09
1 179324000 -1909384847 2.38558e+09
1 179324000 -1713334471 2.58163e+09
1 179324000 -1616710920 2.67826e+09
1 179324000 -1600121902 2.69485e+09
1 179324000 -1592836240 2.70213e+09
1 179324000 -1589808439 2.70516e+09
1 179324000 -1587398412 2.70757e+09
1 179324000 -1581977371 2.71299e+09
1 179324000 -1570971761 2.724e+09
1 179324000 -1548420760 2.74655e+09
1 179324000 -1544201800 2.75077e+09
1 179324000 -1539167987 2.7558e+09
1 179324000 -1538257512 2.75671e+09
1 179324000 -1535969477 2.759e+09
1 179324000 -1533076912 2.76189e+09
1 179324000 -1531558757 2.76341e+09
1 179324000 -1530897435 2.76407e+09
1 179324000 -1529593032 2.76537e+09
1 179324000 -1529436439 2.76553e+09
1 179324000 -1529089683 2.76588e+09
1 179324000 -1527767817 2.7672e+09
1 179324000 -1527637642 2.76733e+09
1 179324000 -1527583022 2.76738e+09
1 179324000 -1525942811 2.76902e+09
1 179324000 -1525910921 2.76906e+09
1 179324000 -1525752798 2.76921e+09
1 179324000 -1525662678 2.7693e+09
1 179324000 -1525550684 2.76942e+09
1 179324000 -1525154744 2.76981e+09
1 179324000 -1525053542 2.76991e+09
1 179324000 -1525039709 2.76993e+09
1 179324000 -1524894524 2.77007e+09
1 179324000 -1524888380 2.77008e+09
1 179324000 -1524695950 2.77027e+09
1 179324000 -1524519752 2.77045e+09
1 179324000 -1524432296 2.77054e+09
1 179324000 -1524331987 2.77064e+09
1 179324000 -1524296078 2.77067e+09
1 179324000 -1524272407 2.77069e+09
1 179324000 -1524243816 2.77072e+09
1 179324000 -1524181125 2.77079e+09
1 179324000 -1524130434 2.77084e+09
1 179324000 -1523972195 2.771e+09
1 179324000 -1523960598 2.77101e+09
1 179324000 -1523840317 2.77113e+09
1 179324000 -1523822749 2.77114e+09
1 179324000 -1523810470 2.77116e+09
1 179324000 -1523744669 2.77122e+09
1 179324000 -1523739758 2.77123e+09
1 179324000 -1523729652 2.77124e+09
1 179324000 -1523709863 2.77126e+09
1 179324000 -1523619311 2.77135e+09
1 179324000 -1523600406 2.77137e+09
1 179324000 -1523594823 2.77137e+09
1 179324000 -1523557624 2.77141e+09
1 179324000 -1523517584 2.77145e+09
1 179324000 -1523507543 2.77146e+09
1 179324000 -1523502191 2.77147e+09
1 179324000 -1523487555 2.77148e+09
1 179324000 -1523472719 2.77149e+09
1 179324000 -1523466610 2.7715e+09
1 179324000 -1523457378 2.77151e+09
1 179324000 -1523451150 2.77152e+09
1 179324000 -1523441064 2.77153e+09
1 179324000 -1523428484 2.77154e+09
1 179324000 -1523425275 2.77154e+09
1 179324000 -1523423152 2.77154e+09
1 179324000 -1523419407 2.77155e+09
1 179324000 -1523408521 2.77156e+09
1 179324000 -1523376333 2.77159e+09
1 179324000 -1523374425 2.77159e+09
1 179324000 -1523371145 2.7716e+09
1 179324000 -1523368709 2.7716e+09
1 179324000 -1523359027 2.77161e+09
1 179324000 -1523356335 2.77161e+09
1 179324000 -1523355867 2.77161e+09
1 179324000 -1523344974 2.77162e+09
1 179324000 -1523341024 2.77163e+09
1 179324000 -1523331366 2.77164e+09
1 179324000 -1523325658 2.77164e+09
1 179324000 -1523308103 2.77166e+09
1 179324000 -1523308072 2.77166e+09
1 179324000 -1523291522 2.77168e+09
1 179324000 -1523290327 2.77168e+09
1 179324000 -1523289698 2.77168e+09
1 179324000 -1523286263 2.77168e+09
1 179324000 -1523284778 2.77168e+09
1 179324000 -1523284788 2.77168e+09
1 179324000 -1523282162 2.77169e+09
1 179324000 -1523281359 2.77169e+09
1 179324000 -1523281362 2.77169e+09
1 179324000 -1523278710 2.77169e+09
1 179324000 -1523272208 2.7717e+09
1 179324000 -1523268161 2.7717e+09
1 179324000 -1523263284 2.7717e+09
1 179324000 -1523263052 2.7717e+09
1 179324000 -1523253175 2.77171e+09
1 179324000 -1523245665 2.77172e+09
1 179324000 -1523245633 2.77172e+09
1 179324000 -1523242117 2.77173e+09
1 179324000 -1523242107 2.77173e+09
1 179324000 -1523240751 2.77173e+09
1 179324000 -1523239254 2.77173e+09
1 179324000 -1523238212 2.77173e+09
1 179324000 -1523238063 2.77173e+09
1 179324000 -1523237719 2.77173e+09
1 179324000 -1523227951 2.77174e+09
1 179324000 -1523225016 2.77174e+09
1 179324000 -1523222964 2.77174e+09
1 179324000 -1523219248 2.77175e+09
1 179324000 -1523218977 2.77175e+09
1 179324000 -1523216951 2.77175e+09
1 179324000 -1523215918 2.77175e+09
1 179324000 -1523213396 2.77175e+09
1 179324000 -1523212974 2.77175e+09
1 179324000 -1523211809 2.77176e+09
1 179324000 -1523210318 2.77176e+09
1 179324000 -1523209975 2.77176e+09
1 179324000 -1523209426 2.77176e+09
1 179324000 -1523208251 2.77176e+09
1 179324000 -1523206029 2.77176e+09
1 179324000 -1523199818 2.77177e+09
1 179324000 -1523199537 2.77177e+09
1 179324000 -1523197720 2.77177e+09
1 179324000 -1523190758 2.77178e+09
1 179324000 -1523190563 2.77178e+09
1 179324000 -1523189772 2.77178e+09
1 179324000 -1523189086 2.77178e+09
1 179324000 -1523189112 2.77178e+09
1 179324000 -1523185717 2.77178e+09
1 179324000 -1523184964 2.77178e+09
1 179324000 -1523183783 2.77178e+09
1 179324000 -1523183786 2.77178e+09
1 179324000 -1523181995 2.77179e+09
1 179324000 -1523179115 2.77179e+09
1 179324000 -1523178028 2.77179e+09
1 179324000 -1523177759 2.77179e+09
1 179324000 -1523174665 2.77179e+09
1 179324000 -1523172781 2.77179e+09
1 179324000 -1523172339 2.77179e+09
1 179324000 -1523172230 2.7718e+09
1 179324000 -1523171862 2.7718e+09
1 179324000 -1523171352 2.7718e+09
1 179324000 -1523170517 2.7718e+09
1 179324000 -1523169522 2.7718e+09
1 179324000 -1523169500 2.7718e+09
1 179324000 -1523169505 2.7718e+09
1 179324000 -1523168725 2.7718e+09
1 179324000 -1523167784 2.7718e+09
1 179324000 -1523167595 2.7718e+09
1 179324000 -1523167030 2.7718e+09
1 179324000 -1523166112 2.7718e+09
1 179324000 -1523165969 2.7718e+09
1 179324000 -1523165782 2.7718e+09
1 179324000 -1523164887 2.7718e+09
1 179324000 -1523164185 2.7718e+09
1 179324000 -1523163698 2.7718e+09
1 179324000 -1523163574 2.7718e+09
1 179324000 -1523163504 2.7718e+09
1 179324000 -1523163302 2.7718e+09
1 179324000 -1523163149 2.7718e+09
1 179324000 -1523163136 2.7718e+09
1 179324000 -1523163078 2.7718e+09
1 179324000 -1523162544 2.7718e+09
1 179324000 -1523162524 2.7718e+09
1 179324000 -1523161692 2.77181e+09
1 179324000 -1523161486 2.77181e+09
1 179324000 -1523160671 2.77181e+09
1 179324000 -1523160314 2.77181e+09
1 179324000 -1523158117 2.77181e+09
1 179324000 -1523156683 2.77181e+09
1 179324000 -1523156825 2.77181e+09
1 179324000 -1523155992 2.77181e+09
1 179324000 -1523155513 2.77181e+09
1 179324000 -1523155087 2.77181e+09
1 179324000 -1523153553 2.77181e+09
1 179324000 -1523153256 2.77181e+09
1 179324000 -1523153154 2.77181e+09
1 179324000 -1523152980 2.77181e+09
1 179324000 -1523152083 2.77182e+09
1 179324000 -1523152066 2.77182e+09
1 179324000 -1523151790 2.77182e+09
1 179324000 -1523151621 2.77182e+09
1 179324000 -1523151290 2.77182e+09
1 179324000 -1523150906 2.77182e+09
1 179324000 -1523150188 2.77182e+09
1 179324000 -1523149858 2.77182e+09
1 179324000 -1523149266 2.77182e+09
1 179324000 -1523149295 2.77182e+09
1 179324000 -1523148331 2.77182e+09
1 179324000 -1523148213 2.77182e+09
1 179324000 -1523147958 2.77182e+09
1 179324000 -1523147133 2.77182e+09
1 179324000 -1523146980 2.77182e+09
1 179324000 -1523146771 2.77182e+09
1 179324000 -1523146687 2.77182e+09
1 179324000 -1523146408 2.77182e+09
1 179324000 -1523145919 2.77182e+09
1 179324000 -1523145171 2.77182e+09
1 179324000 -1523145183 2.77182e+09
1 179324000 -1523144265 2.77182e+09
1 179324000 -1523143970 2.77182e+09
1 179324000 -1523143855 2.77182e+09
1 179324000 -1523143358 2.77182e+09
1 179324000 -1523143248 2.77182e+09
1 179324000 -1523143107 2.77182e+09
1 179324000 -1523142681 2.77182e+09
1 179324000 -1523142117 2.77183e+09
1 179324000 -1523142105 2.77183e+09
1 179324000 -1523142064 2.77183e+09
1 179324000 -1523142214 2.77183e+09
1 179324000 -1523142035 2.77183e+09
1 179324000 -1523141849 2.77183e+09
1 179324000 -1523141794 2.77183e+09
1 179324000 -1523141774 2.77183e+09
1 179324000 -1523141401 2.77183e+09
1 179324000 -1523140540 2.77183e+09
1 179324000 -1523140080 2.77183e+09
1 179324000 -1523139522 2.77183e+09
1 179324000 -1523139542 2.77183e+09
1 179324000 -1523139393 2.77183e+09
1 179324000 -1523139308 2.77183e+09
1 179324000 -1523139271 2.77183e+09
1 179324000 -1523139162 2.77183e+09
1 179324000 -1523138688 2.77183e+09
1 179324000 -1523138323 2.77183e+09
1 179324000 -1523137969 2.77183e+09
1 179324000 -1523137995 2.77183e+09
1 179324000 -1523137416 2.77183e+09
1 179324000 -1523137246 2.77183e+09
1 179324000 -1523137102 2.77183e+09
1 179324000 -1523136971 2.77183e+09
1 179324000 -1523136821 2.77183e+09
1 179324000 -1523136862 2.77183e+09
1 179324000 -1523136636 2.77183e+09
1 179324000 -1523136116 2.77183e+09
1 179324000 -1523135928 2.77183e+09
1 179324000 -1523135928 2.77183e+09
1 179324000 -1523135875 2.77183e+09
1 179324000 -1523135884 2.77183e+09
1 179324000 -1523135892 2.77183e+09
1 179324000 -1523135821 2.77183e+09
1 179324000 -1523135581 2.77183e+09
1 179324000 -1523135460 2.77183e+09
1 179324000 -1523135350 2.77183e+09
1 179324000 -1523135413 2.77183e+09
1 179324000 -1523135271 2.77183e+09
1 179324000 -1523134843 2.77183e+09
1 179324000 -1523134764 2.77183e+09
1 179324000 -1523134708 2.77183e+09
1 179324000 -1523134715 2.77183e+09
1 179324000 -1523134731 2.77183e+09
1 179324000 -1523134813 2.77183e+09
1 179324000 -1523134663 2.77183e+09
1 179324000 -1523134596 2.77183e+09
1 179324000 -1523134651 2.77183e+09
1 179324000 -1523134649 2.77183e+09
1 179324000 -1523134591 2.77183e+09
1 179324000 -1523134476 2.77183e+09
1 179324000 -1523134343 2.77183e+09
1 179324000 -1523134357 2.77183e+09
1 179324000 -1523134425 2.77183e+09
1 179324000 -1523134417 2.77183e+09
1 179324000 -1523134394 2.77183e+09
1 179324000 -1523134395 2.77183e+09
1 179324000 -1523134204 2.77183e+09
1 179324000 -1523133921 2.77183e+09
1 179324000 -1523133883 2.77183e+09
1 179324000 -1523133965 2.77183e+09
1 179324000 -1523134034 2.77183e+09
1 179324000 -1523133994 2.77183e+09
1 179324000 -1523133840 2.77183e+09
1 179324000 -1523133643 2.77183e+09
1 179324000 -1523133671 2.77183e+09
1 179324000 -1523133682 2.77183e+09
1 179324000 -1523133705 2.77183e+09
1 179324000 -1523133627 2.77183e+09
1 179324000 -1523133619 2.77183e+09
1 179324000 -1523133600 2.77183e+09
1 179324000 -1523133591 2.77183e+09
1 179324000 -1523133596 2.77183e+09
1 179324000 -1523133107 2.77183e+09
1 179324000 -1523132974 2.77183e+09
1 179324000 -1523132990 2.77183e+09
1 179324000 -1523132850 2.77183e+09
1 179324000 -1523132774 2.77183e+09
1 179324000 -1523132625 2.77183e+09
1 179324000 -1523132639 2.77183e+09
1 179324000 -1523132554 2.77183e+09
1 179324000 -1523132492 2.77183e+09
1 179324000 -1523132466 2.77183e+09
1 179324000 -1523132500 2.77183e+09
1 179324000 -1523132509 2.77183e+09
1 179324000 -1523132540 2.77183e+09
1 179324000 -1523132511 2.77183e+09
1 179324000 -1523132425 2.77183e+09
1 179324000 -1523132291 2.77184e+09
1 179324000 -1523132194 2.77184e+09
1 179324000 -1523132174 2.77184e+09
1 179324000 -1523132123 2.77184e+09
1 179324000 -1523132097 2.77184e+09
1 179324000 -1523132022 2.77184e+09
1 179324000 -1523131850 2.77184e+09
1 179324000 -1523131836 2.77184e+09
1 179324000 -1523131960 2.77184e+09
1 179324000 -1523131971 2.77184e+09
1 179324000 -1523131922 2.77184e+09
1 179324000 -1523131920 2.77184e+09
1 179324000 -1523131870 2.77184e+09
1 179324000 -1523131447 2.77184e+09
1 179324000 -1523131434 2.77184e+09
1 179324000 -1523131482 2.77184e+09
1 179324000 -1523131450 2.77184e+09
1 179324000 -1523131512 2.77184e+09
1 179324000 -1523131470 2.77184e+09
1 179324000 -1523131470 2.77184e+09
1 179324000 -1523131405 2.77184e+09
1 179324000 -1523131407 2.77184e+09
1 179324000 -1523131371 2.77184e+09
1 179324000 -1523131401 2.77184e+09
1 179324000 -1523131392 2.77184e+09
1 179324000 -1523131294 2.77184e+09
1 179324000 -1523131219 2.77184e+09
1 179324000 -1523131204 2.77184e+09
1 179324000 -1523131190 2.77184e+09
1 179324000 -1523131140 2.77184e+09
1 179324000 -1523131087 2.77184e+09
1 179324000 -1523131009 2.77184e+09
1 179324000 -1523130900 2.77184e+09
1 179324000 -1523130875 2.77184e+09
1 179324000 -1523130804 2.77184e+09
1 179324000 -1523130804 2.77184e+09
1 179324000 -1523130719 2.77184e+09
1 179324000 -1523130738 2.77184e+09
1 179324000 -1523130767 2.77184e+09
1 179324000 -1523130749 2.77184e+09
1 179324000 -1523130749 2.77184e+09
1 179324000 -1523130735 2.77184e+09
1 179324000 -1523130793 2.77184e+09
1 179324000 -1523130967 2.77184e+09
1 179324000 -1523130988 2.77184e+09
1 179324000 -1523130834 2.77184e+09
1 179324000 -1523130837 2.77184e+09
1 179324000 -1523130841 2.77184e+09
1 179324000 -1523130673 2.77184e+09
1 179324000 -1523130698 2.77184e+09
1 179324000 -1523130656 2.77184e+09
1 179324000 -1523130557 2.77184e+09
1 179324000 -1523130565 2.77184e+09
1 179324000 -1523130678 2.77184e+09
1 179324000 -1523130615 2.77184e+09
1 179324000 -1523130646 2.77184e+09
1 179324000 -1523130229 2.77184e+09
1 179324000 -1523130288 2.77184e+09
1 179324000 -1523130282 2.77184e+09
1 179324000 -1523130344 2.77184e+09
1 179324000 -1523130379 2.77184e+09
1 179324000 -1523130098 2.77184e+09
1 179324000 -1523130117 2.77184e+09
1 179324000 -1523130182 2.77184e+09
1 179324000 -1523130218 2.77184e+09
1 179324000 -1523130108 2.77184e+09
1 179324000 -1523130000 2.77184e+09
1 179324000 -1523130015 2.77184e+09
1 179324000 -1523129988 2.77184e+09
1 179324000 -1523130004 2.77184e+09
1 179324000 -1523130010 2.77184e+09
1 179324000 -1523129947 2.77184e+09
1 179324000 -1523129950 2.77184e+09
1 179324000 -1523129915 2.77184e+09
1 179324000 -1523129876 2.77184e+09
1 179324000 -1523129829 2.77184e+09
1 179324000 -1523129830 2.77184e+09
1 179324000 -1523129779 2.77184e+09
1 179324000 -1523129755 2.77184e+09
1 179324000 -1523129753 2.77184e+09
1 179324000 -1523129794 2.77184e+09
1 179324000 -1523129811 2.77184e+09
1 179324000 -1523129819 2.77184e+09
1 179324000 -1523129794 2.77184e+09
1 179324000 -1523129767 2.77184e+09
1 179324000 -1523129774 2.77184e+09
1 179324000 -1523129782 2.77184e+09
1 179324000 -1523129909 2.77184e+09
1 179324000 -1523129879 2.77184e+09
1 179324000 -1523129853 2.77184e+09
1 179324000 -1523129875 2.77184e+09
1 179324000 -1523129852 2.77184e+09
1 179324000 -1523129798 2.77184e+09
1 179324000 -1523129793 2.77184e+09
1 179324000 -1523129799 2.77184e+09
1 179324000 -1523129735 2.77184e+09
1 179324000 -1523129715 2.77184e+09
1 179324000 -1523129686 2.77184e+09
1 179324000 -1523129675 2.77184e+09
1 179324000 -1523129694 2.77184e+09
1 179324000 -1523129670 2.77184e+09
1 179324000 -1523129659 2.77184e+09
1 179324000 -1523129673 2.77184e+09
1 179324000 -1523129617 2.77184e+09
1 179324000 -1523129576 2.77184e+09
1 179324000 -1523129577 2.77184e+09
1 179324000 -1523129560 2.77184e+09
1 179324000 -1523129426 2.77184e+09
1 179324000 -1523129317 2.77184e+09
1 179324000 -1523129341 2.77184e+09
1 179324000 -1523129238 2.77184e+09
1 179324000 -1523129265 2.77184e+09
1 179324000 -1523129261 2.77184e+09
1 179324000 -1523129195 2.77184e+09
1 179324000 -1523129078 2.77184e+09
1 179324000 -1523129058 2.77184e+09
1 179324000 -1523129064 2.77184e+09
1 179324000 -1523129160 2.77184e+09
1 179324000 -1523129110 2.77184e+09
1 179324000 -1523129065 2.77184e+09
1 179324000 -1523129080 2.77184e+09
1 179324000 -1523129055 2.77184e+09
1 179324000 -1523129069 2.77184e+09
1 179324000 -1523129048 2.77184e+09
1 179324000 -1523129049 2.77184e+09
1 179324000 -1523129043 2.77184e+09
1 179324000 -1523129041 2.77184e+09
1 179324000 -1523129069 2.77184e+09
1 179324000 -1523129111 2.77184e+09
1 179324000 -1523129142 2.77184e+09
1 179324000 -1523129138 2.77184e+09
1 179324000 -1523129174 2.77184e+09
1 179324000 -1523129223 2.77184e+09
1 179324000 -1523129160 2.77184e+09
1 179324000 -1523129096 2.77184e+09
1 179324000 -1523129119 2.77184e+09
1 179324000 -1523129103 2.77184e+09
1 179324000 -1523129102 2.77184e+09
1 179324000 -1523129149 2.77184e+09
1 179324000 -1523129079 2.77184e+09
1 179324000 -1523129089 2.77184e+09
1 179324000 -1523129080 2.77184e+09
1 179324000 -1523129081 2.77184e+09
1 179324000 -1523129179 2.77184e+09
1 179324000 -1523129188 2.77184e+09
1 179324000 -1523129197 2.77184e+09
1 179324000 -1523129165 2.77184e+09
1 179324000 -1523129387 2.77184e+09
1 179324000 -1523129466 2.77184e+09
1 179324000 -1523129479 2.77184e+09
1 179324000 -1523129475 2.77184e+09
1 179324000 -1523129506 2.77184e+09
1 179324000 -1523129470 2.77184e+09
1 179324000 -1523129458 2.77184e+09
1 179324000 -1523129408 2.77184e+09
1 179324000 -1523129413 2.77184e+09
1 179324000 -1523129431 2.77184e+09
1 179324000 -1523129443 2.77184e+09
1 179324000 -1523129435 2.77184e+09
1 179324000 -1523129399 2.77184e+09
1 179324000 -1523129404 2.77184e+09
1 179324000 -1523129426 2.77184e+09
1 179324000 -1523129428 2.77184e+09
1 179324000 -1523129400 2.77184e+09
1 179324000 -1523129358 2.77184e+09
1 179324000 -1523129354 2.77184e+09
1 179324000 -1523129376 2.77184e+09
1 179324000 -1523129367 2.77184e+09
1 179324000 -1523129379 2.77184e+09
1 179324000 -1523129447 2.77184e+09
1 179324000 -1523129549 2.77184e+09
1 179324000 -1523129543 2.77184e+09
1 179324000 -1523129514 2.77184e+09
1 179324000 -1523129500 2.77184e+09
1 179324000 -1523129507 2.77184e+09
1 179324000 -1523129480 2.77184e+09
1 179324000 -1523129457 2.77184e+09
1 179324000 -1523129446 2.77184e+09
1 179324000 -1523129463 2.77184e+09
1 179324000 -1523129486 2.77184e+09
1 179324000 -1523129491 2.77184e+09
1 179324000 -1523129491 2.77184e+09
1 179324000 -1523129486 2.77184e+09
1 179324000 -1523129489 2.77184e+09
1 179324000 -1523129418 2.77184e+09
1 179324000 -1523129429 2.77184e+09
1 179324000 -1523129407 2.77184e+09
1 179324000 -1523129413 2.77184e+09
1 179324000 -1523129412 2.77184e+09
1 179324000 -1523129421 2.77184e+09
1 179324000 -1523129413 2.77184e+09
1 179324000 -1523129432 2.77184e+09
1 179324000 -1523129417 2.77184e+09
1 179324000 -1523129408 2.77184e+09
1 179324000 -1523129405 2.77184e+09
1 179324000 -1523129429 2.77184e+09
1 179324000 -1523129353 2.77184e+09
1 179324000 -1523129349 2.77184e+09
1 179324000 -1523129360 2.77184e+09
1 179324000 -1523129358 2.77184e+09
1 179324000 -1523129292 2.77184e+09
1 179324000 -1523129242 2.77184e+09
1 179324000 -1523129258 2.77184e+09
1 179324000 -1523129237 2.77184e+09
1 179324000 -1523129168 2.77184e+09
1 179324000 -1523129162 2.77184e+09
1 179324000 -1523129061 2.77184e+09
1 179324000 -1523129078 2.77184e+09
1 179324000 -1523129086 2.77184e+09
1 179324000 -1523129090 2.77184e+09
1 179324000 -1523129082 2.77184e+09
1 179324000 -1523129034 2.77184e+09
1 179324000 -1523129009 2.77184e+09
1 179324000 -1523129043 2.77184e+09
1 179324000 -1523129039 2.77184e+09
1 179324000 -1523128983 2.77184e+09
1 179324000 -1523128980 2.77184e+09
1 179324000 -1523128910 2.77184e+09
1 179324000 -1523128825 2.77184e+09
1 179324000 -1523128773 2.77184e+09
1 179324000 -1523128772 2.77184e+09
1 179324000 -1523128762 2.77184e+09
1 179324000 -1523128713 2.77184e+09
1 179324000 -1523128697 2.77184e+09
1 179324000 -1523128671 2.77184e+09
1 179324000 -1523128663 2.77184e+09
1 179324000 -1523128678 2.77184e+09
1 179324000 -1523128739 2.77184e+09
1 179324000 -1523128742 2.77184e+09
1 179324000 -1523128732 2.77184e+09
1 179324000 -1523128729 2.77184e+09
1 179324000 -1523128643 2.77184e+09
1 179324000 -1523128650 2.77184e+09
1 179324000 -1523128705 2.77184e+09
1 179324000 -1523128705 2.77184e+09
1 179324000 -1523128707 2.77184e+09
1 179324000 -1523128708 2.77184e+09
1 179324000 -1523128680 2.77184e+09
1 179324000 -1523128663 2.77184e+09
1 179324000 -1523128647 2.77184e+09
1 179324000 -1523128646 2.77184e+09
1 179324000 -1523128663 2.77184e+09
1 179324000 -1523128622 2.77184e+09
1 179324000 -1523128622 2.77184e+09
1 179324000 -1523128603 2.77184e+09
1 179324000 -1523128564 2.77184e+09
1 179324000 -1523128554 2.77184e+09
1 179324000 -1523128539 2.77184e+09
1 179324000 -1523128471 2.77184e+09
1 179324000 -1523128481 2.77184e+09
1 179324000 -1523128463 2.77184e+09
1 179324000 -1523128504 2.77184e+09
1 179324000 -1523128461 2.77184e+09
1 179324000 -1523128461 2.77184e+09
1 179324000 -1523128440 2.77184e+09
1 179324000 -1523128457 2.77184e+09
1 179324000 -1523128457 2.77184e+09
1 179324000 -1523128450 2.77184e+09
1 179324000 -1523128449 2.77184e+09
1 179324000 -1523128443 2.77184e+09
1 179324000 -1523128413 2.77184e+09
1 179324000 -1523128420 2.77184e+09
1 179324000 -1523128390 2.77184e+09
1 179324000 -1523128343 2.77184e+09
1 179324000 -1523128329 2.77184e+09
1 179324000 -1523128343 2.77184e+09
1 179324000 -1523128344 2.77184e+09
1 179324000 -1523128328 2.77184e+09
1 179324000 -1523128314 2.77184e+09
1 179324000 -1523128253 2.77184e+09
1 179324000 -1523128245 2.77184e+09
1 179324000 -1523128255 2.77184e+09
1 179324000 -1523128297 2.77184e+09
1 179324000 -1523128286 2.77184e+09
1 179324000 -1523128332 2.77184e+09
1 179324000 -1523128300 2.77184e+09
1 179324000 -1523128328 2.77184e+09
1 179324000 -1523128289 2.77184e+09
1 179324000 -1523128277 2.77184e+09
1 179324000 -1523128271 2.77184e+09
1 179324000 -1523128302 2.77184e+09
1 179324000 -1523128278 2.77184e+09
1 179324000 -1523128255 2.77184e+09
1 179324000 -1523128251 2.77184e+09
1 179324000 -1523128254 2.77184e+09
1 179324000 -1523128259 2.77184e+09
1 179324000 -1523128238 2.77184e+09
1 179324000 -1523128282 2.77184e+09
1 179324000 -1523128269 2.77184e+09
1 179324000 -1523128257 2.77184e+09
1 179324000 -1523128254 2.77184e+09
1 179324000 -1523128248 2.77184e+09
1 179324000 -1523128264 2.77184e+09
1 179324000 -1523128244 2.77184e+09
1 179324000 -1523128241 2.77184e+09
1 179324000 -1523128192 2.77184e+09
1 179324000 -1523128177 2.77184e+09
1 179324000 -1523128159 2.77184e+09
1 179324000 -1523128155 2.77184e+09
1 179324000 -1523128146 2.77184e+09
1 179324000 -1523128157 2.77184e+09
1 179324000 -1523128111 2.77184e+09
1 179324000 -1523128123 2.77184e+09
1 179324000 -1523128156 2.77184e+09
1 179324000 -1523128149 2.77184e+09
1 179324000 -1523128096 2.77184e+09
1 179324000 -1523128096 2.77184e+09
1 179324000 -1523128094 2.77184e+09
1 179324000 -1523128099 2.77184e+09
1 179324000 -1523128113 2.77184e+09
1 179324000 -1523128117 2.77184e+09
1 179324000 -1523128117 2.77184e+09
1 179324000 -1523128132 2.77184e+09
1 179324000 -1523128168 2.77184e+09
1 179324000 -1523128184 2.77184e+09
1 179324000 -1523128181 2.77184e+09
1 179324000 -1523128233 2.77184e+09
1 179324000 -1523128241 2.77184e+09
1 179324000 -1523128189 2.77184e+09
1 179324000 -1523128178 2.77184e+09
1 179324000 -1523128188 2.77184e+09
1 179324000 -1523128150 2.77184e+09
1 179324000 -1523128152 2.77184e+09
1 179324000 -1523128121 2.77184e+09
1 179324000 -1523128132 2.77184e+09
1 179324000 -1523128120 2.77184e+09
1 179324000 -1523128035 2.77184e+09
1 179324000 -1523128038 2.77184e+09
1 179324000 -1523128018 2.77184e+09
1 179324000 -1523128023 2.77184e+09
1 179324000 -1523128017 2.77184e+09
1 179324000 -1523128030 2.77184e+09
1 179324000 -1523128061 2.77184e+09
1 179324000 -1523128050 2.77184e+09
1 179324000 -1523128003 2.77184e+09
1 179324000 -1523127996 2.77184e+09
1 179324000 -1523127983 2.77184e+09
1 179324000 -1523127937 2.77184e+09
1 179324000 -1523127940 2.77184e+09
1 179324000 -1523127940 2.77184e+09
1 179324000 -1523127944 2.77184e+09
1 179324000 -1523127903 2.77184e+09
1 179324000 -1523127886 2.77184e+09
1 179324000 -1523127893 2.77184e+09
1 179324000 -1523127931 2.77184e+09
1 179324000 -1523127918 2.77184e+09
1 179324000 -1523127892 2.77184e+09
1 179324000 -1523127889 2.77184e+09
1 179324000 -1523127893 2.77184e+09
1 179324000 -1523127903 2.77184e+09
1 179324000 -1523127919 2.77184e+09
1 179324000 -1523127921 2.77184e+09
1 179324000 -1523127911 2.77184e+09
1 179324000 -1523127942 2.77184e+09
1 179324000 -1523127943 2.77184e+09
1 179324000 -1523127941 2.77184e+09
1 179324000 -1523127886 2.77184e+09
1 179324000 -1523127868 2.77184e+09
1 179324000 -1523127904 2.77184e+09
1 179324000 -1523127876 2.77184e+09
1 179324000 -1523127878 2.77184e+09
1 179324000 -1523127887 2.77184e+09
1 179324000 -1523127891 2.77184e+09
1 179324000 -1523127908 2.77184e+09
1 179324000 -1523127920 2.77184e+09
1 179324000 -1523127923 2.77184e+09
1 179324000 -1523127937 2.77184e+09
1 179324000 -1523127930 2.77184e+09
1 179324000 -1523127934 2.77184e+09
1 179324000 -1523127945 2.77184e+09
1 179324000 -1523127938 2.77184e+09
1 179324000 -1523127930 2.77184e+09
1 179324000 -1523127933 2.77184e+09
1 179324000 -1523127919 2.77184e+09
1 179324000 -1523127904 2.77184e+09
1 179324000 -1523127914 2.77184e+09
1 179324000 -1523127901 2.77184e+09
1 179324000 -1523127885 2.77184e+09
1 179324000 -1523127852 2.77184e+09
1 179324000 -1523127872 2.77184e+09
1 179324000 -1523127847 2.77184e+09
1 179324000 -1523127842 2.77184e+09
1 179324000 -1523127839 2.77184e+09
1 179324000 -1523127846 2.77184e+09
1 179324000 -1523127837 2.77184e+09
1 179324000 -1523127837 2.77184e+09
1 179324000 -1523127847 2.77184e+09
1 179324000 -1523127846 2.77184e+09
1 179324000 -1523127833 2.77184e+09
1 179324000 -1523127770 2.77184e+09
1 179324000 -1523127742 2.77184e+09
1 179324000 -1523127697 2.77184e+09
1 179324000 -1523127722 2.77184e+09
1 179324000 -1523127734 2.77184e+09
1 179324000 -1523127731 2.77184e+09
1 179324000 -1523127735 2.77184e+09
1 179324000 -1523127742 2.77184e+09
1 179324000 -1523127738 2.77184e+09
1 179324000 -1523127743 2.77184e+09
1 179324000 -1523127751 2.77184e+09
1 179324000 -1523127819 2.77184e+09
1 179324000 -1523127823 2.77184e+09
1 179324000 -1523127769 2.77184e+09
1 179324000 -1523127761 2.77184e+09
1 179324000 -1523127766 2.77184e+09
1 179324000 -1523127760 2.77184e+09
1 179324000 -1523127751 2.77184e+09
1 179324000 -1523127794 2.77184e+09
1 179324000 -1523127740 2.77184e+09
1 179324000 -1523127743 2.77184e+09
1 179324000 -1523127797 2.77184e+09
1 179324000 -1523127814 2.77184e+09
1 179324000 -1523127804 2.77184e+09
1 179324000 -1523127801 2.77184e+09
1 179324000 -1523127792 2.77184e+09
1 179324000 -1523127790 2.77184e+09
1 179324000 -1523127794 2.77184e+09
1 179324000 -1523127809 2.77184e+09
1 179324000 -1523127802 2.77184e+09
1 179324000 -1523127804 2.77184e+09
1 179324000 -1523127807 2.77184e+09
1 179324000 -1523127777 2.77184e+09
1 179324000 -1523127772 2.77184e+09
1 179324000 -1523127777 2.77184e+09
1 179324000 -1523127780 2.77184e+09
1 179324000 -1523127759 2.77184e+09
1 179324000 -1523127723 2.77184e+09
1 179324000 -1523127697 2.77184e+09
1 179324000 -1523127695 2.77184e+09
1 179324000 -1523127696 2.77184e+09
1 179324000 -1523127705 2.77184e+09
1 179324000 -1523127723 2.77184e+09
1 179324000 -1523127729 2.77184e+09
1 179324000 -1523127702 2.77184e+09
1 179324000 -1523127705 2.77184e+09
1 179324000 -1523127709 2.77184e+09
1 179324000 -1523127710 2.77184e+09
1 179324000 -1523127714 2.77184e+09
1 179324000 -1523127720 2.77184e+09
1 179324000 -1523127734 2.77184e+09
1 179324000 -1523127733 2.77184e+09
1 179324000 -1523127740 2.77184e+09
1 179324000 -1523127727 2.77184e+09
1 179324000 -1523127747 2.77184e+09
1 179324000 -1523127764 2.77184e+09
1 179324000 -1523127796 2.77184e+09
1 179324000 -1523127857 2.77184e+09
1 179324000 -1523127864 2.77184e+09
1 179324000 -1523127832 2.77184e+09
1 179324000 -1523127803 2.77184e+09
1 179324000 -1523127802 2.77184e+09
1 179324000 -1523127820 2.77184e+09
1 179324000 -1523127813 2.77184e+09
1 179324000 -1523127817 2.77184e+09
1 179324000 -1523127875 2.77184e+09
1 179324000 -1523127903 2.77184e+09
1 179324000 -1523127936 2.77184e+09
1 179324000 -1523127920 2.77184e+09
1 179324000 -1523127938 2.77184e+09
1 179324000 -1523127934 2.77184e+09
1 179324000 -1523127918 2.77184e+09
1 179324000 -1523127893 2.77184e+09
1 179324000 -1523127888 2.77184e+09
1 179324000 -1523127839 2.77184e+09
1 179324000 -1523127827 2.77184e+09
1 179324000 -1523127806 2.77184e+09
1 179324000 -1523127798 2.77184e+09
1 179324000 -1523127755 2.77184e+09
1 179324000 -1523127755 2.77184e+09
1 179324000 -1523127738 2.77184e+09
1 179324000 -1523127721 2.77184e+09
1 179324000 -1523127713 2.77184e+09
1 179324000 -1523127699 2.77184e+09
1 179324000 -1523127698 2.77184e+09
1 179324000 -1523127695 2.77184e+09
1 179324000 -1523127704 2.77184e+09
1 179324000 -1523127709 2.77184e+09
1 179324000 -1523127689 2.77184e+09
1 179324000 -1523127681 2.77184e+09
1 179324000 -1523127649 2.77184e+09
1 179324000 -1523127646 2.77184e+09
1 179324000 -1523127701 2.77184e+09
1 179324000 -1523127733 2.77184e+09
1 179324000 -1523127760 2.77184e+09
1 179324000 -1523127777 2.77184e+09
1 179324000 -1523127768 2.77184e+09
1 179324000 -1523127765 2.77184e+09
1 179324000 -1523127742 2.77184e+09
1 179324000 -1523127743 2.77184e+09
1 179324000 -1523127760 2.77184e+09
1 179324000 -1523127744 2.77184e+09
1 179324000 -1523127753 2.77184e+09
1 179324000 -1523127758 2.77184e+09
1 179324000 -1523127746 2.77184e+09
1 179324000 -1523127742 2.77184e+09
1 179324000 -1523127715 2.77184e+09
1 179324000 -1523127715 2.77184e+09
1 179324000 -1523127706 2.77184e+09
1 179324000 -1523127779 2.77184e+09
1 179324000 -1523127793 2.77184e+09
1 179324000 -1523127785 2.77184e+09
1 179324000 -1523127806 2.77184e+09
1 179324000 -1523127818 2.77184e+09
1 179324000 -1523127804 2.77184e+09
1 179324000 -1523127806 2.77184e+09
1 179324000 -1523127826 2.77184e+09
1 179324000 -1523127826 2.77184e+09
1 179324000 -1523127777 2.77184e+09
1 179324000 -1523127767 2.77184e+09
1 179324000 -1523127778 2.77184e+09
1 179324000 -1523127770 2.77184e+09
1 179324000 -1523127739 2.77184e+09
1 179324000 -1523127770 2.77184e+09
1 179324000 -1523127779 2.77184e+09
1 179324000 -1523127772 2.77184e+09
1 179324000 -1523127782 2.77184e+09
1 179324000 -1523127774 2.77184e+09
1 179324000 -1523127768 2.77184e+09
1 179324000 -1523127769 2.77184e+09
1 179324000 -1523127769 2.77184e+09
1 179324000 -1523127771 2.77184e+09
1 179324000 -1523127776 2.77184e+09
1 179324000 -1523127763 2.77184e+09
1 179324000 -1523127758 2.77184e+09
1 179324000 -1523127763 2.77184e+09
1 179324000 -1523127771 2.77184e+09
1 179324000 -1523127750 2.77184e+09
1 179324000 -1523127765 2.77184e+09
1 179324000 -1523127754 2.77184e+09
1 179324000 -1523127774 2.77184e+09
1 179324000 -1523127751 2.77184e+09
1 179324000 -1523127747 2.77184e+09
1 179324000 -1523127748 2.77184e+09
1 179324000 -1523127754 2.77184e+09
1 179324000 -1523127723 2.77184e+09
1 179324000 -1523127733 2.77184e+09
1 179324000 -1523127732 2.77184e+09
1 179324000 -1523127725 2.77184e+09
1 179324000 -1523127715 2.77184e+09
1 179324000 -1523127728 2.77184e+09
1 179324000 -1523127726 2.77184e+09
1 179324000 -1523127720 2.77184e+09
1 179324000 -1523127730 2.77184e+09
1 179324000 -1523127726 2.77184e+09
1 179324000 -1523127720 2.77184e+09
1 179324000 -1523127716 2.77184e+09
1 179324000 -1523127731 2.77184e+09
1 179324000 -1523127748 2.77184e+09
1 179324000 -1523127712 2.77184e+09
1 179324000 -1523127673 2.77184e+09
1 179324000 -1523127664 2.77184e+09
1 179324000 -1523127668 2.77184e+09
1 179324000 -1523127671 2.77184e+09
1 179324000 -1523127663 2.77184e+09
1 179324000 -1523127628 2.77184e+09
1 179324000 -1523127624 2.77184e+09
1 179324000 -1523127653 2.77184e+09
1 179324000 -1523127666 2.77184e+09
1 179324000 -1523127678 2.77184e+09
1 179324000 -1523127676 2.77184e+09
1 179324000 -1523127656 2.77184e+09
1 179324000 -1523127643 2.77184e+09
1 179324000 -1523127647 2.77184e+09
1 179324000 -1523127666 2.77184e+09
1 179324000 -1523127641 2.77184e+09
1 179324000 -1523127653 2.77184e+09
1 179324000 -1523127638 2.77184e+09
1 179324000 -1523127654 2.77184e+09
1 179324000 -1523127629 2.77184e+09
1 179324000 -1523127626 2.77184e+09
1 179324000 -1523127611 2.77184e+09
1 179324000 -1523127620 2.77184e+09
1 179324000 -1523127567 2.77184e+09
1 179324000 -1523127573 2.77184e+09
1 179324000 -1523127571 2.77184e+09
1 179324000 -1523127559 2.77184e+09
1 179324000 -1523127561 2.77184e+09
