1 0.519202 0.376848 0.156423 0.0248229 0.204305 498.04 248464 0.843379
0.99 0.515295 0.3778 0.154859 0.0243415 0.209601 497.12 247556 0.870019
0.98 0.511956 0.374221 0.153036 0.0237816 0.212562 495.707 246158 0.891862
0.97 0.507443 0.373078 0.151545 0.0233205 0.210519 494.939 245395 0.894808
0.96 0.504041 0.37164 0.149565 0.0227139 0.206515 493.264 243714 0.854274
0.95 0.500589 0.375157 0.148612 0.0224267 0.206794 493.404 243851 0.86113
0.94 0.496617 0.368179 0.146808 0.0218944 0.209433 492.114 242583 0.880695
0.93 0.492843 0.37215 0.145614 0.0215453 0.211745 491.557 242041 0.90107
0.92 0.489299 0.365859 0.143708 0.020995 0.214713 490.326 240836 0.92452
0.91 0.485755 0.373398 0.142045 0.0205087 0.210132 489.065 239588 0.906455
0.9 0.482037 0.372983 0.14089 0.0201828 0.212943 488.582 239115 0.91642
0.89 0.478413 0.376379 0.138705 0.0195636 0.209928 486.982 237549 0.917365
0.88 0.474021 0.375371 0.137054 0.0191116 0.214548 486.259 236848 0.934223
0.87 0.470564 0.373401 0.135789 0.0187654 0.216304 485.479 236093 0.955103
0.86 0.46719 0.378906 0.134038 0.0182808 0.210629 484.226 234856 0.917508
0.85 0.462947 0.357922 0.13265 0.0179051 0.209525 483.813 234459 0.933238
0.84 0.459428 0.368196 0.131239 0.0175371 0.214823 482.888 233568 0.9558
0.83 0.455642 0.364154 0.128928 0.0169272 0.211525 481.142 231873 0.939538
0.82 0.452258 0.376176 0.127712 0.0166154 0.21436 480.51 231273 0.97305
0.81 0.448404 0.36768 0.126006 0.0161822 0.216665 479.71 230500 0.97302
0.8 0.444852 0.368681 0.124588 0.0158221 0.215988 478.748 229571 0.968663
0.79 0.440769 0.36959 0.122898 0.0154076 0.221467 477.778 228650 1.00191
0.78 0.437066 0.370276 0.121206 0.014982 0.21492 476.896 227802 1.00266
0.77 0.433586 0.370064 0.119458 0.0145624 0.218659 475.605 226568 1.00576
0.76 0.430085 0.365015 0.118888 0.0144186 0.215337 475.967 226902 0.988713
0.75 0.425931 0.357135 0.116595 0.0138785 0.218163 474.413 225423 0.998706
0.74 0.42251 0.358718 0.115302 0.0135727 0.216492 473.596 224646 1.00656
0.73 0.418783 0.365673 0.113846 0.0132409 0.220985 473.029 224109 1.02184
0.72 0.415257 0.363532 0.112157 0.0128483 0.215377 471.862 222992 0.995086
0.71 0.411791 0.364186 0.110513 0.0124782 0.215071 470.865 222049 1.00409
0.7 0.408045 0.36799 0.109205 0.0121951 0.221693 470.448 221669 1.05659
0.69 0.404422 0.361246 0.107815 0.0118839 0.216879 469.714 220970 1.04254
0.68 0.401314 0.359414 0.10675 0.0116582 0.222446 469.314 220599 1.07569
0.67 0.397275 0.361076 0.10488 0.0112539 0.218419 467.852 219218 1.06264
0.66 0.393866 0.355436 0.102991 0.010859 0.21983 466.667 218107 1.06613
0.65 0.389979 0.358653 0.101997 0.0106557 0.223489 466.823 218256 1.09436
0.64 0.386572 0.358113 0.100609 0.0103684 0.221567 466.189 217654 1.07716
0.63 0.383258 0.356646 0.0992786 0.0100992 0.222182 465.406 216918 1.07673
0.62 0.379435 0.353707 0.0980024 0.00984181 0.220488 465.157 216686 1.09187
0.61 0.375898 0.347795 0.0962568 0.00950463 0.225928 463.724 215354 1.11227
0.6 0.372287 0.356705 0.0953853 0.00933163 0.223933 463.988 215592 1.10391
0.59 0.368635 0.355424 0.09394 0.00905377 0.223605 463.052 214721 1.11209
0.58 0.36507 0.360482 0.0931703 0.00890876 0.226481 463.367 215013 1.13031
0.57 0.361716 0.365026 0.0915149 0.00859349 0.220808 462.291 214010 1.12847
0.56 0.357948 0.359538 0.090528 0.00841238 0.223275 462.308 214018 1.11686
0.55 0.354339 0.365083 0.0895344 0.00823497 0.228896 462.278 213991 1.14001
0.54 0.350795 0.360757 0.0879891 0.00795791 0.230205 461.211 213004 1.16089
0.53 0.347219 0.364583 0.0874317 0.00785306 0.226882 461.716 213462 1.14623
0.52 0.34354 0.358865 0.0864056 0.00766805 0.223882 461.822 213546 1.10922
0.51 0.339859 0.368836 0.0850779 0.00744547 0.234039 461.151 212930 1.14736
0.5 0.336471 0.366047 0.0840586 0.007262 0.225966 460.928 212718 1.14488
0.49 0.332726 0.364285 0.0832059 0.00712876 0.241609 460.971 212766 1.20268
0.48 0.328769 0.366088 0.0825229 0.00700372 0.23243 461.405 213147 1.14275
0.47 0.324994 0.376742 0.0817392 0.0068776 0.240567 461.761 213484 1.20132
0.46 0.321121 0.386418 0.0813629 0.0068156 0.245016 462.251 213932 1.20128
0.45 0.317371 0.378723 0.0802916 0.00664425 0.252817 462.307 213989 1.25851
0.44 0.31354 0.385825 0.0797061 0.00654819 0.255444 462.462 214129 1.26749
0.43 0.30974 0.394754 0.0795156 0.00651412 0.256365 463.566 215147 1.27113
0.42 0.305662 0.396673 0.0786453 0.00638101 0.268702 463.716 215287 1.30686
0.41 0.301753 0.410049 0.0782034 0.00630899 0.271458 464.365 215884 1.30988
0.4 0.297516 0.415529 0.0784012 0.00634022 0.278596 465.686 217110 1.32383
0.39 0.293575 0.425733 0.0777727 0.00623212 0.271043 466.244 217620 1.30361
0.38 0.289089 0.435292 0.0778182 0.00624463 0.286412 467.519 218813 1.34133
0.37 0.284696 0.446167 0.0778496 0.00625253 0.298856 468.85 220057 1.36879
0.36 0.280037 0.451209 0.0785701 0.00636439 0.305815 470.953 222033 1.39643
0.35 0.275435 0.466087 0.0786234 0.00637452 0.31742 472.421 223417 1.42592
0.34 0.270691 0.482005 0.0793082 0.00648934 0.338078 474.337 225235 1.48237
0.33 0.265831 0.499039 0.0801865 0.00663389 0.356115 476.671 227457 1.53859
0.32 0.260679 0.509135 0.0806561 0.00670898 0.36644 478.616 229309 1.54098
0.31 0.25565 0.540943 0.0819609 0.00692434 0.384139 481.158 231751 1.59729
0.3 0.249743 0.574406 0.0844451 0.00735196 0.424282 485.266 235728 1.68354
0.29 0.24414 0.59711 0.086766 0.0077532 0.446628 488.912 239281 1.74124
0.28 0.237821 0.644849 0.0891783 0.00820858 0.526237 493.02 243342 1.98074
0.27 0.231209 0.67311 0.0929628 0.00889581 0.541273 498.132 248397 1.94082
0.26 0.223977 0.737702 0.0978456 0.00987184 0.660375 504.317 254629 2.23562
0.25 0.216096 0.827116 0.103839 0.011113 0.7615 511.809 262260 2.43614
0.24 0.207098 0.977075 0.113217 0.013234 0.997988 522.093 272949 2.93971
0.23 0.197364 1.08922 0.123493 0.0157174 1.16909 533.119 284618 3.27932
0.22 0.182673 1.98962 0.146825 0.0225825 2.68352 555.426 309278 6.38008
0.21 -0.345782 1.81143 0.972798 0.94639 0.148607 1165.21 1.35776e+06 0.217805
0.2 -0.363536 1.66723 0.979568 0.959593 0.113965 1169.86 1.36862e+06 0.206801
0.19 -0.379696 1.5641 0.984885 0.970027 0.0859865 1173.74 1.37771e+06 0.195809
0.18 -0.394401 1.44646 0.98911 0.978359 0.065043 1177.08 1.38556e+06 0.18923
0.17 -0.408204 1.35084 0.992376 0.984824 0.0472888 1180.03 1.39252e+06 0.182467
0.16 -0.421365 1.27482 0.994834 0.989703 0.0330226 1182.64 1.39868e+06 0.177415
0.15 -0.433688 1.20678 0.996728 0.993472 0.0224772 1185.1 1.40448e+06 0.174091
0.14 -0.445562 1.13659 0.998032 0.996072 0.0140055 1187.37 1.40987e+06 0.173651
0.13 -0.456687 1.12167 0.998885 0.997773 0.00865681 1189.28 1.41441e+06 0.170635
0.12 -0.467628 1.07458 0.999444 0.998889 0.00465697 1191.18 1.41892e+06 0.168027
0.11 -0.478264 1.06171 0.999751 0.999502 0.00225447 1192.91 1.42306e+06 0.171051
0.1 -0.488671 1.03451 0.999902 0.999805 0.000972944 1194.64 1.42719e+06 0.170676
0.09 -0.498976 1.0408 0.999968 0.999936 0.00036091 1196.35 1.43128e+06 0.168793
0.08 -0.509234 1.01404 0.999992 0.999984 9.72168e-05 1198.01 1.43524e+06 0.169484
0.07 -0.51945 1.00727 0.999999 0.999997 2.10634e-05 1199.62 1.43911e+06 0.169298
0.06 -0.529571 1.0098 1 1 0 1201.27 1.44307e+06 0.166856
0.05 -0.539711 1.00445 1 1 0 1202.91 1.44701e+06 0.166495
0.04 -0.549813 1.0165 1 1 0 1204.54 1.45093e+06 0.167219
0.03 -0.559915 0.991623 1 1 0 1206.13 1.45476e+06 0.166487
0.02 -0.569972 1.00926 1 1 0 1207.82 1.45884e+06 0.16784
0.01 -0.579997 1.00449 1 1 0 1209.43 1.46272e+06 0.168435
