0 -0.2 inf 1 1 -nan 1296 1.67962e+06 -inf
0.01 -0.189999 1.00973 1 1 0 1294.95 1.67689e+06 0.110851
0.02 -0.17999 1.01624 1 1 0 1293.85 1.67404e+06 0.112639
0.03 -0.169964 0.995129 1 1 0 1292.82 1.67138e+06 0.111922
0.04 -0.159897 1.01836 1 1 2.17003e-06 1291.71 1.66852e+06 0.113938
0.05 -0.149852 1.00963 1 1 3.47187e-06 1290.6 1.66565e+06 0.109956
0.06 -0.139797 1.01046 0.999996 0.999993 6.06363e-05 1289.53 1.66289e+06 0.111725
0.07 -0.129666 1.02205 0.999968 0.999936 0.000450433 1288.43 1.66006e+06 0.110294
0.08 -0.119426 1.01869 0.999862 0.999724 0.00176445 1287.29 1.65712e+06 0.112226
0.09 -0.109055 1.03696 0.999571 0.999143 0.00481176 1286.12 1.65412e+06 0.114125
0.1 -0.0984453 1.08648 0.99893 0.997863 0.0107164 1284.82 1.65078e+06 0.114624
0.11 -0.0873007 1.13523 0.997727 0.995463 0.0210317 1283.42 1.64718e+06 0.117556
0.12 -0.075422 1.20704 0.995651 0.991329 0.038197 1281.68 1.64273e+06 0.117374
0.13 -0.0626344 1.33457 0.992506 0.985082 0.0626235 1279.57 1.63731e+06 0.120243
0.14 -0.0486978 1.4891 0.987836 0.975844 0.0980315 1276.93 1.63058e+06 0.130042
0.15 -0.0332045 1.64175 0.981109 0.962614 0.154057 1273.55 1.62196e+06 0.141343
0.16 -0.0157846 1.90371 0.971809 0.944478 0.2346 1269.31 1.61117e+06 0.15854
0.17 0.00543698 2.33907 0.957566 0.917049 0.393175 1262.88 1.5949e+06 0.202914
0.18 0.194164 0.758437 0.00210946 8.35127e-06 0.0124846 451.873 204255 0.808633
0.19 0.20154 0.718669 0.00225547 9.03516e-06 0.0119687 447.753 200552 0.811158
0.2 0.208712 0.67787 0.00241814 1.0082e-05 0.0121955 443.67 196914 0.799324
0.21 0.215476 0.650007 0.00257543 1.10299e-05 0.0120604 440.2 193849 0.792526
0.22 0.221496 0.599746 0.00271406 1.21269e-05 0.0124644 437.041 191078 0.768015
0.23 0.227551 0.573212 0.00283082 1.31108e-05 0.0127654 433.778 188240 0.761999
0.24 0.233156 0.535518 0.00288976 1.34521e-05 0.0122435 430.955 185801 0.765838
0.25 0.238446 0.523747 0.00306493 1.48881e-05 0.0126588 428.292 183516 0.763092
0.26 0.243526 0.493097 0.00325512 1.6287e-05 0.0126083 425.941 181510 0.757364
0.27 0.248165 0.4763 0.00339297 1.77088e-05 0.0132193 423.924 179798 0.753937
0.28 0.252828 0.458679 0.00338724 1.73703e-05 0.0121308 421.186 177484 0.731763
0.29 0.257361 0.435433 0.00356476 1.908e-05 0.0126572 419.393 175981 0.742101
0.3 0.261753 0.406467 0.0038138 2.1266e-05 0.0129042 417.538 174428 0.720747
0.31 0.265929 0.412299 0.00392318 2.2459e-05 0.0131322 415.708 172908 0.732275
0.32 0.26982 0.395553 0.00405069 2.38224e-05 0.0133457 413.875 171389 0.733408
0.33 0.273647 0.37147 0.00419783 2.5049e-05 0.0129638 412.403 170173 0.715799
0.34 0.277203 0.367227 0.00438637 2.71184e-05 0.0133466 410.917 168951 0.706317
0.35 0.280831 0.35312 0.00453915 2.86701e-05 0.0132747 409.417 167724 0.711142
0.36 0.284197 0.338472 0.00465443 2.98585e-05 0.0131118 408.056 166614 0.706851
0.37 0.287512 0.328756 0.00488524 3.25587e-05 0.0135331 407.009 165763 0.707543
0.38 0.290861 0.317338 0.0050559 3.46601e-05 0.0137906 405.715 164712 0.699235
0.39 0.29403 0.306022 0.00516042 3.60183e-05 0.0138659 404.261 163535 0.684951
0.4 0.29702 0.305936 0.00540469 3.89067e-05 0.0139623 403.36 162809 0.676101
0.41 0.299991 0.292852 0.00552665 4.06176e-05 0.0141524 402.221 161898 0.703291
0.42 0.302992 0.290591 0.00579253 4.40879e-05 0.0144472 401.485 161309 0.703714
0.43 0.305928 0.275889 0.00595842 4.61759e-05 0.014297 400.38 160420 0.676013
0.44 0.308754 0.272093 0.0061388 4.89283e-05 0.0147187 399.494 159717 0.694528
0.45 0.311509 0.268359 0.00632335 5.15416e-05 0.0147927 398.424 158868 0.702681
0.46 0.313892 0.263917 0.00647995 5.39194e-05 0.014938 397.803 158373 0.689701
0.47 0.316575 0.257429 0.00679965 5.88692e-05 0.0154833 397.382 158042 0.694985
0.48 0.318944 0.250936 0.00697127 6.11749e-05 0.0150915 396.664 157474 0.690398
0.49 0.321443 0.244517 0.00716415 6.42001e-05 0.0151348 395.902 156871 0.681038
0.5 0.323921 0.237938 0.0073178 6.68266e-05 0.0152945 395.095 156236 0.685308
0.51 0.326498 0.236312 0.00754306 7.10736e-05 0.0160104 394.485 155756 0.68406
0.52 0.3287 0.234387 0.00779661 7.52898e-05 0.0160644 393.929 155321 0.687239
0.53 0.331337 0.231072 0.00807448 7.99729e-05 0.0160581 393.456 154950 0.681607
0.54 0.333529 0.22286 0.00822595 8.2794e-05 0.0161361 392.754 154403 0.692559
0.55 0.335685 0.228734 0.00855347 8.88301e-05 0.0164089 392.654 154322 0.670646
0.56 0.337759 0.216463 0.00871146 9.20618e-05 0.0166344 391.95 153773 0.674022
0.57 0.339988 0.210979 0.00892283 9.58654e-05 0.0164196 391.583 153488 0.676592
0.58 0.3422 0.215899 0.0091401 0.000100578 0.0169191 390.933 152980 0.670873
0.59 0.344598 0.211172 0.00940234 0.000105915 0.0170951 390.371 152543 0.668643
0.6 0.346283 0.213599 0.00964696 0.000110914 0.0171363 390.12 152350 0.668259
0.61 0.348548 0.20798 0.0100239 0.000119194 0.0176724 390.084 152327 0.681497
0.62 0.350769 0.20253 0.0102487 0.00012404 0.0176557 389.78 152094 0.68464
0.63 0.352834 0.206418 0.0105791 0.00013161 0.0180051 389.606 151960 0.68174
0.64 0.354768 0.201322 0.0107917 0.000136839 0.0183408 389.146 151608 0.694376
0.65 0.356653 0.20119 0.0109816 0.000141296 0.0183438 389.028 151514 0.674522
0.66 0.35882 0.197835 0.0114344 0.000152623 0.019094 388.91 151423 0.670581
0.67 0.360541 0.193557 0.011609 0.00015665 0.0188104 388.724 151284 0.679338
0.68 0.36267 0.196422 0.0119034 0.000164305 0.0191555 388.423 151051 0.674396
0.69 0.36471 0.199326 0.0122802 0.000174094 0.0194422 388.375 151015 0.671955
0.7 0.366676 0.196635 0.0125357 0.000180906 0.0195531 388.147 150842 0.679223
0.71 0.368552 0.193233 0.0128225 0.000189484 0.0203371 388.007 150738 0.684587
0.72 0.370498 0.192496 0.0131262 0.000197621 0.0202585 387.889 150650 0.689778
0.73 0.372581 0.194071 0.0134411 0.000206463 0.020358 387.701 150504 0.6767
0.74 0.374084 0.191531 0.013778 0.0002167 0.0209119 388.026 150760 0.681329
0.75 0.376238 0.188328 0.0141372 0.000227679 0.0213641 387.918 150680 0.685675
0.76 0.377986 0.18721 0.0144007 0.000235651 0.0214263 387.752 150557 0.69687
0.77 0.380043 0.191959 0.014822 0.000248179 0.0213111 387.913 150680 0.681551
0.78 0.382199 0.191796 0.0151347 0.000259237 0.0222849 387.642 150481 0.710081
0.79 0.384117 0.194765 0.0155341 0.000272086 0.0224405 387.971 150735 0.696861
0.8 0.385712 0.191476 0.0158503 0.000282498 0.0225105 387.931 150706 0.693761
0.81 0.38814 0.19398 0.016228 0.000295075 0.0225607 387.832 150626 0.676239
0.82 0.389296 0.188856 0.0165021 0.000305187 0.0230879 387.779 150588 0.678582
0.83 0.391388 0.188727 0.0168916 0.000317853 0.0225736 388.079 150826 0.685283
0.84 0.393152 0.19407 0.017307 0.000334385 0.0238981 388.197 150923 0.691652
0.85 0.395471 0.18934 0.0177463 0.000350277 0.0239531 388.289 151003 0.710676
0.86 0.397242 0.187945 0.0180727 0.000362271 0.0238773 388.623 151255 0.680468
0.87 0.398958 0.191034 0.0184438 0.000377087 0.0244385 388.732 151350 0.702153
0.88 0.401357 0.19613 0.0190044 0.000399224 0.0249092 389.076 151619 0.695502
0.89 0.403062 0.194599 0.0193093 0.000411198 0.0248192 389.052 151603 0.697585
0.9 0.405073 0.194284 0.0198135 0.000433235 0.0260217 389.638 152066 0.708548
0.91 0.407173 0.196419 0.020203 0.000449281 0.0260267 389.52 151968 0.684608
0.92 0.409253 0.20054 0.0206477 0.000469212 0.0268482 389.979 152334 0.696758
0.93 0.411062 0.201985 0.0210725 0.000486392 0.0262249 390.195 152503 0.692314
0.94 0.412874 0.199098 0.0214176 0.000502596 0.0268888 390.469 152721 0.695811
0.95 0.41494 0.201593 0.0217688 0.000519842 0.0278658 390.344 152630 0.705642
0.96 0.417307 0.200786 0.0222885 0.000542172 0.0272381 390.491 152743 0.692514
0.97 0.418861 0.199285 0.022961 0.000574596 0.0281395 391.727 153717 0.702868
0.98 0.420699 0.202984 0.0231339 0.000582669 0.0279149 391.377 153450 0.714615
0.99 0.423146 0.203312 0.0237494 0.000614023 0.0290846 392.027 153962 0.713111
