100 -0.68895 9.53674e-07 139785 2160030 -1986.62
101 -0.68685 9.53674e-07 139785 2053102 -1980.74
102 -0.68475 9.53674e-07 139785 2084703 -1974.85
103 -0.68265 9.53674e-07 139785 2043945 -1968.96
104 -0.68055 9.53674e-07 139785 2033268 -1963.11
105 -0.67845 9.53674e-07 139785 2144811 -1957.29
106 -0.67635 9.53674e-07 139785 2093892 -1951.64
107 -0.67425 9.53674e-07 139785 2192027 -1945.86
108 -0.67215 9.53674e-07 139785 2176274 -1940.33
109 -0.67005 9.53674e-07 139785 2142055 -1934.86
110 -0.66795 9.53674e-07 139785 2175806 -1929.4
111 -0.66585 9.53674e-07 139785 2207398 -1923.97
112 -0.66375 9.53674e-07 139785 2172227 -1918.57
113 -0.66165 9.53674e-07 139785 2151839 -1913.27
114 -0.65955 9.53674e-07 139785 2188507 -1907.89
115 -0.65745 9.53674e-07 139785 2195431 -1902.65
116 -0.65535 9.53674e-07 139785 2211436 -1897.35
117 -0.65325 9.53674e-07 139785 2119216 -1892.18
118 -0.65115 9.53674e-07 139785 2116808 -1886.97
119 -0.64905 9.53674e-07 139785 2121267 -1881.76
120 -0.64695 9.53674e-07 139785 2146188 -1876.63
121 -0.64485 9.53674e-07 139785 2138222 -1871.47
122 -0.64275 9.53674e-07 139785 2180586 -1866.28
123 -0.64065 9.53674e-07 139785 2112107 -1861.28
124 -0.63855 9.53674e-07 139785 2134957 -1856.24
125 -0.63645 9.53674e-07 139785 2118275 -1851.25
126 -0.63435 9.53674e-07 139785 2099971 -1846.28
127 -0.63225 9.53674e-07 139785 2047840 -1841.39
128 -0.63015 9.53674e-07 139785 1989283 -1836.53
129 -0.62805 9.53674e-07 139785 1952059 -1831.68
130 -0.62595 9.53674e-07 139785 1906099 -1826.92
131 -0.62385 9.53674e-07 139785 1930490 -1822.12
132 -0.62175 9.53674e-07 139785 1955799 -1817.36
133 -0.61965 9.53674e-07 139785 1965476 -1812.6
134 -0.61755 9.53674e-07 139785 2011348 -1807.8
135 -0.61545 9.53674e-07 139785 2046978 -1803.08
136 -0.61335 9.53674e-07 139785 2013663 -1798.47
137 -0.61125 9.53674e-07 139785 1947283 -1793.86
138 -0.60915 9.53674e-07 139785 1930105 -1789.26
139 -0.60705 9.53674e-07 139785 1970428 -1784.67
140 -0.60495 9.53674e-07 139785 1923838 -1780.15
141 -0.60285 9.53674e-07 139785 1879326 -1775.61
142 -0.60075 9.53674e-07 139785 1869353 -1771.1
143 -0.59865 9.53674e-07 139785 1902072 -1766.56
144 -0.59655 9.53674e-07 139785 1930505 -1762.1
145 -0.59445 9.53674e-07 139785 1904266 -1757.66
146 -0.59235 9.53674e-07 139785 1905711 -1753.2
147 -0.59025 9.53674e-07 139785 1874192 -1748.81
148 -0.58815 9.53674e-07 139785 1883417 -1744.43
149 -0.58605 9.53674e-07 139785 1853972 -1740.06
150 -0.58395 9.53674e-07 139785 1789462 -1735.76
151 -0.58185 9.53674e-07 139785 1832113 -1731.41
152 -0.57975 9.53674e-07 139785 1814453 -1727.09
153 -0.57765 9.53674e-07 139785 1796686 -1722.76
154 -0.57555 9.53674e-07 139785 1754476 -1718.49
155 -0.57345 9.53674e-07 139785 1733189 -1714.23
156 -0.57135 9.53674e-07 139785 1701552 -1710
157 -0.56925 9.53674e-07 139785 1709156 -1705.75
158 -0.56715 9.53674e-07 139785 1717098 -1701.52
159 -0.56505 9.53674e-07 139785 1672457 -1697.36
160 -0.56295 9.53674e-07 139785 1680769 -1693.23
161 -0.56085 9.53674e-07 139785 1655797 -1689.07
162 -0.55875 9.53674e-07 139785 1705880 -1684.87
163 -0.55665 9.53674e-07 139785 1706016 -1680.73
164 -0.55455 9.53674e-07 139785 1726595 -1676.58
165 -0.55245 9.53674e-07 139785 1706365 -1672.55
166 -0.55035 9.53674e-07 139785 1754300 -1668.42
167 -0.54825 9.53674e-07 139785 1743214 -1664.38
168 -0.54615 9.53674e-07 139785 1755891 -1660.3
169 -0.54405 9.53674e-07 139785 1756328 -1656.19
170 -0.54195 9.53674e-07 139785 1778761 -1652.14
171 -0.53985 9.53674e-07 139785 1764154 -1648.12
172 -0.53775 9.53674e-07 139785 1753080 -1644.17
173 -0.53565 9.53674e-07 139785 1747669 -1640.21
174 -0.53355 9.53674e-07 139785 1741953 -1636.24
175 -0.53145 9.53674e-07 139785 1770416 -1632.27
176 -0.52935 9.53674e-07 139785 1827698 -1628.32
177 -0.52725 9.53674e-07 139785 1838530 -1624.38
178 -0.52515 9.53674e-07 139785 1852050 -1620.45
179 -0.52305 9.53674e-07 139785 1843261 -1616.55
180 -0.52095 9.53674e-07 139785 1823470 -1612.64
181 -0.51885 9.53674e-07 139785 1858223 -1608.71
182 -0.51675 9.53674e-07 139785 1848483 -1604.85
183 -0.51465 9.53674e-07 139785 1885521 -1600.96
184 -0.51255 9.53674e-07 139785 1918278 -1597.08
185 -0.51045 9.53674e-07 139785 1900744 -1593.27
186 -0.50835 9.53674e-07 139785 1900365 -1589.46
187 -0.50625 9.53674e-07 139785 1892697 -1585.67
188 -0.50415 9.53674e-07 139785 1883739 -1581.91
189 -0.50205 9.53674e-07 139785 1907341 -1578.11
190 -0.49995 9.53674e-07 139785 1853794 -1574.33
191 -0.49785 9.53674e-07 139785 1823314 -1570.6
192 -0.49575 9.53674e-07 139785 1796515 -1566.88
193 -0.49365 9.53674e-07 139785 1775290 -1563.15
194 -0.49155 9.53674e-07 139785 1778292 -1559.43
195 -0.48945 9.53674e-07 139785 1772649 -1555.71
196 -0.48735 9.53674e-07 139785 1778144 -1552
197 -0.48525 9.53674e-07 139785 1761567 -1548.3
198 -0.48315 9.53674e-07 139785 1756483 -1544.63
199 -0.48105 9.53674e-07 139785 1761345 -1540.92
200 -0.47895 9.53674e-07 139785 1735859 -1537.3
201 -0.47685 9.53674e-07 139785 1788430 -1533.58
202 -0.47475 9.53674e-07 139785 1790629 -1529.91
203 -0.47265 9.53674e-07 139785 1812968 -1526.23
204 -0.47055 9.53674e-07 139785 1829875 -1522.61
205 -0.46845 9.53674e-07 139785 1823644 -1519.05
206 -0.46635 9.53674e-07 139785 1848673 -1515.4
207 -0.46425 9.53674e-07 139785 1875190 -1511.78
208 -0.46215 9.53674e-07 139785 1855868 -1508.21
209 -0.46005 9.53674e-07 139785 1871906 -1504.66
210 -0.45795 9.53674e-07 139785 1874073 -1501.11
211 -0.45585 9.53674e-07 139785 1837497 -1497.53
212 -0.45375 9.53674e-07 139785 1832361 -1493.98
213 -0.45165 9.53674e-07 139785 1835704 -1490.43
214 -0.44955 9.53674e-07 139785 1828834 -1486.9
215 -0.44745 9.53674e-07 139785 1860284 -1483.33
216 -0.44535 9.53674e-07 139785 1847731 -1479.81
217 -0.44325 9.53674e-07 139785 1881238 -1476.27
218 -0.44115 9.53674e-07 139785 1868754 -1472.75
219 -0.43905 9.53674e-07 139785 1901051 -1469.23
220 -0.43695 9.53674e-07 139785 1874367 -1465.75
221 -0.43485 9.53674e-07 139785 1883091 -1462.27
222 -0.43275 9.53674e-07 139785 1883780 -1458.79
223 -0.43065 9.53674e-07 139785 1872136 -1455.34
224 -0.42855 9.53674e-07 139785 1824634 -1451.9
225 -0.42645 9.53674e-07 139785 1809483 -1448.45
226 -0.42435 9.53674e-07 139785 1814295 -1445.02
227 -0.42225 9.53674e-07 139785 1773245 -1441.65
228 -0.42015 9.53674e-07 139785 1775391 -1438.24
229 -0.41805 9.53674e-07 139785 1802294 -1434.8
230 -0.41595 9.53674e-07 139785 1783201 -1431.41
231 -0.41385 9.53674e-07 139785 1826951 -1427.97
232 -0.41175 9.53674e-07 139785 1832623 -1424.57
233 -0.40965 9.53674e-07 139785 1849301 -1421.16
234 -0.40755 9.53674e-07 139785 1846154 -1417.79
235 -0.40545 9.53674e-07 139785 1822834 -1414.42
236 -0.40335 9.53674e-07 139785 1821355 -1411.05
237 -0.40125 9.53674e-07 139785 1840220 -1407.61
238 -0.39915 9.53674e-07 139785 1861295 -1404.26
239 -0.39705 9.53674e-07 139785 1859152 -1400.92
240 -0.39495 9.53674e-07 139785 1899759 -1397.57
241 -0.39285 9.53674e-07 139785 1912727 -1394.21
242 -0.39075 9.53674e-07 139785 1910398 -1390.93
243 -0.38865 9.53674e-07 139785 1896592 -1387.61
244 -0.38655 9.53674e-07 139785 1928394 -1384.27
245 -0.38445 9.53674e-07 139785 1946997 -1380.96
246 -0.38235 9.53674e-07 139785 1930252 -1377.63
247 -0.38025 9.53674e-07 139785 1935760 -1374.35
248 -0.37815 9.53674e-07 139785 1946916 -1371.06
249 -0.37605 9.53674e-07 139785 1964154 -1367.76
250 -0.37395 9.53674e-07 139785 1986653 -1364.47
251 -0.37185 9.53674e-07 139785 1979202 -1361.21
252 -0.36975 9.53674e-07 139785 1968116 -1357.94
253 -0.36765 9.53674e-07 139785 1946564 -1354.67
254 -0.36555 9.53674e-07 139785 1969480 -1351.34
255 -0.36345 9.53674e-07 139785 1963777 -1348.09
256 -0.36135 9.53674e-07 139785 1999008 -1344.81
257 -0.35925 9.53674e-07 139785 2011892 -1341.56
258 -0.35715 9.53674e-07 139785 2016615 -1338.33
259 -0.35505 9.53674e-07 139785 2016490 -1335.11
260 -0.35295 9.53674e-07 139785 2051253 -1331.84
261 -0.35085 9.53674e-07 139785 2052271 -1328.65
262 -0.34875 9.53674e-07 139785 2045735 -1325.43
263 -0.34665 9.53674e-07 139785 2029621 -1322.23
264 -0.34455 9.53674e-07 139785 2009766 -1319
265 -0.34245 9.53674e-07 139785 2021190 -1315.76
266 -0.34035 9.53674e-07 139785 2039704 -1312.51
267 -0.33825 9.53674e-07 139785 2044470 -1309.31
268 -0.33615 9.53674e-07 139785 2042498 -1306.13
269 -0.33405 9.53674e-07 139785 2045939 -1302.92
270 -0.33195 9.53674e-07 139785 2085437 -1299.67
271 -0.32985 9.53674e-07 139785 2084858 -1296.51
272 -0.32775 9.53674e-07 139785 2093426 -1293.31
273 -0.32565 9.53674e-07 139785 2101608 -1290.1
274 -0.32355 9.53674e-07 139785 2095823 -1286.91
275 -0.32145 9.53674e-07 139785 2110024 -1283.75
276 -0.31935 9.53674e-07 139785 2095032 -1280.56
277 -0.31725 9.53674e-07 139785 2087758 -1277.41
278 -0.31515 9.53674e-07 139785 2061230 -1274.29
279 -0.31305 9.53674e-07 139785 2061563 -1271.16
280 -0.31095 9.53674e-07 139785 2054488 -1268.03
281 -0.30885 9.53674e-07 139785 2079923 -1264.86
282 -0.30675 9.53674e-07 139785 2092224 -1261.72
283 -0.30465 9.53674e-07 139785 2076888 -1258.55
284 -0.30255 9.53674e-07 139785 2083756 -1255.42
285 -0.30045 9.53674e-07 139785 2096148 -1252.28
286 -0.29835 9.53674e-07 139785 2105549 -1249.16
287 -0.29625 9.53674e-07 139785 2099859 -1246.01
288 -0.29415 9.53674e-07 139785 2114361 -1242.86
289 -0.29205 9.53674e-07 139785 2148135 -1239.74
290 -0.28995 9.53674e-07 139785 2176409 -1236.58
291 -0.28785 9.53674e-07 139785 2187559 -1233.49
292 -0.28575 9.53674e-07 139785 2216758 -1230.36
293 -0.28365 9.53674e-07 139785 2226227 -1227.27
294 -0.28155 9.53674e-07 139785 2220198 -1224.19
295 -0.27945 9.53674e-07 139785 2205706 -1221.12
296 -0.27735 9.53674e-07 139785 2211290 -1217.97
297 -0.27525 9.53674e-07 139785 2194188 -1214.9
298 -0.27315 9.53674e-07 139785 2208163 -1211.81
299 -0.27105 9.53674e-07 139785 2241388 -1208.72
300 -0.26895 9.53674e-07 139785 2210548 -1205.64
301 -0.26685 9.53674e-07 139785 2170887 -1202.59
302 -0.26475 9.53674e-07 139785 2208698 -1199.47
303 -0.26265 9.53674e-07 139785 2214332 -1196.4
304 -0.26055 9.53674e-07 139785 2197170 -1193.39
305 -0.25845 9.53674e-07 139785 2202417 -1190.32
306 -0.25635 9.53674e-07 139785 2224986 -1187.24
307 -0.25425 9.53674e-07 139785 2216006 -1184.17
308 -0.25215 9.53674e-07 139785 2199401 -1181.12
309 -0.25005 9.53674e-07 139785 2211646 -1178
310 -0.24795 9.53674e-07 139785 2214918 -1174.96
311 -0.24585 9.53674e-07 139785 2218434 -1171.91
312 -0.24375 9.53674e-07 139785 2213360 -1168.9
313 -0.24165 9.53674e-07 139785 2183006 -1165.85
314 -0.23955 9.53674e-07 139785 2176681 -1162.79
315 -0.23745 9.53674e-07 139785 2177695 -1159.73
316 -0.23535 9.53674e-07 139785 2197289 -1156.63
317 -0.23325 9.53674e-07 139785 2173387 -1153.6
318 -0.23115 9.53674e-07 139785 2147091 -1150.59
319 -0.22905 9.53674e-07 139785 2158943 -1147.55
320 -0.22695 9.53674e-07 139785 2124351 -1144.53
321 -0.22485 9.53674e-07 139785 2127233 -1141.49
322 -0.22275 9.53674e-07 139785 2117381 -1138.5
323 -0.22065 9.53674e-07 139785 2100483 -1135.52
324 -0.21855 9.53674e-07 139785 2066277 -1132.49
325 -0.21645 9.53674e-07 139785 2053034 -1129.51
326 -0.21435 9.53674e-07 139785 2077315 -1126.48
327 -0.21225 9.53674e-07 139785 2071904 -1123.46
328 -0.21015 9.53674e-07 139785 2072626 -1120.43
329 -0.20805 9.53674e-07 139785 2059914 -1117.43
330 -0.20595 9.53674e-07 139785 2049488 -1114.41
331 -0.20385 9.53674e-07 139785 2040644 -1111.42
332 -0.20175 9.53674e-07 139785 2048913 -1108.43
333 -0.19965 9.53674e-07 139785 2040907 -1105.38
334 -0.19755 9.53674e-07 139785 2025487 -1102.38
335 -0.19545 9.53674e-07 139785 2024798 -1099.38
336 -0.19335 9.53674e-07 139785 2013487 -1096.39
337 -0.19125 9.53674e-07 139785 2013910 -1093.36
338 -0.18915 9.53674e-07 139785 1979160 -1090.39
339 -0.18705 9.53674e-07 139785 1977839 -1087.4
340 -0.18495 9.53674e-07 139785 1976849 -1084.39
341 -0.18285 9.53674e-07 139785 1967146 -1081.4
342 -0.18075 9.53674e-07 139785 1941155 -1078.42
343 -0.17865 9.53674e-07 139785 1940993 -1075.43
344 -0.17655 9.53674e-07 139785 1949118 -1072.45
345 -0.17445 9.53674e-07 139785 1984340 -1069.42
346 -0.17235 9.53674e-07 139785 1982473 -1066.45
347 -0.17025 9.53674e-07 139785 2004629 -1063.46
348 -0.16815 9.53674e-07 139785 1990394 -1060.47
349 -0.16605 9.53674e-07 139785 1971378 -1057.49
350 -0.16395 9.53674e-07 139785 1970849 -1054.51
351 -0.16185 9.53674e-07 139785 2010273 -1051.53
352 -0.15975 9.53674e-07 139785 2011064 -1048.55
353 -0.15765 9.53674e-07 139785 1990073 -1045.61
354 -0.15555 9.53674e-07 139785 1970261 -1042.65
355 -0.15345 9.53674e-07 139785 1974226 -1039.7
356 -0.15135 9.53674e-07 139785 1972872 -1036.76
357 -0.14925 9.53674e-07 139785 1945243 -1033.84
358 -0.14715 9.53674e-07 139785 1918420 -1030.87
359 -0.14505 9.53674e-07 139785 1941711 -1027.88
360 -0.14295 9.53674e-07 139785 1920479 -1024.97
361 -0.14085 9.53674e-07 139785 1900052 -1022.04
362 -0.13875 9.53674e-07 139785 1911070 -1019.1
363 -0.13665 9.53674e-07 139785 1933808 -1016.12
364 -0.13455 9.53674e-07 139785 1944410 -1013.17
365 -0.13245 9.53674e-07 139785 1973026 -1010.19
366 -0.13035 9.53674e-07 139785 1976496 -1007.23
367 -0.12825 9.53674e-07 139785 2013766 -1004.27
368 -0.12615 9.53674e-07 139785 2043355 -1001.31
369 -0.12405 9.53674e-07 139785 2026451 -998.361
370 -0.12195 9.53674e-07 139785 2013790 -995.427
371 -0.11985 9.53674e-07 139785 2013099 -992.483
372 -0.11775 9.53674e-07 139785 1992332 -989.574
373 -0.11565 9.53674e-07 139785 1978228 -986.651
374 -0.11355 9.53674e-07 139785 1988637 -983.654
375 -0.11145 9.53674e-07 139785 2002894 -980.673
376 -0.10935 9.53674e-07 139785 1998347 -977.708
377 -0.10725 9.53674e-07 139785 1963229 -974.744
378 -0.10515 9.53674e-07 139785 1962278 -971.75
379 -0.10305 9.53674e-07 139785 1957143 -968.83
380 -0.10095 9.53674e-07 139785 1948002 -965.892
381 -0.09885 9.53674e-07 139785 1938771 -962.955
382 -0.09675 9.53674e-07 139785 1943077 -960.015
383 -0.09465 9.53674e-07 139785 1915585 -957.068
384 -0.09255 9.53674e-07 139785 1925489 -954.122
385 -0.09045 9.53674e-07 139785 1937002 -951.181
386 -0.08835 9.53674e-07 139785 1978503 -948.186
387 -0.08625 9.53674e-07 139785 1979246 -945.232
388 -0.08415 9.53674e-07 139785 1987233 -942.312
389 -0.08205 9.53674e-07 139785 2021210 -939.375
390 -0.07995 9.53674e-07 139785 1992275 -936.431
391 -0.07785 9.53674e-07 139785 1965686 -933.441
392 -0.07575 9.53674e-07 139785 1949394 -930.458
393 -0.07365 9.53674e-07 139785 1943492 -927.502
394 -0.07155 9.53674e-07 139785 1943263 -924.517
395 -0.06945 9.53674e-07 139785 1953822 -921.588
396 -0.06735 9.53674e-07 139785 2024033 -918.6
397 -0.06525 9.53674e-07 139785 2026004 -915.676
398 -0.06315 9.53674e-07 139785 2021812 -912.737
399 -0.06105 9.53674e-07 139785 2005321 -909.789
400 -0.05895 9.53674e-07 139785 1995779 -906.804
401 -0.05685 9.53674e-07 139785 1995744 -903.846
402 -0.05475 9.53674e-07 139785 1995563 -900.89
403 -0.05265 9.53674e-07 139785 1994476 -897.922
404 -0.05055 9.53674e-07 139785 1989020 -894.997
405 -0.04845 9.53674e-07 139785 1962540 -892.077
406 -0.04635 9.53674e-07 139785 1953445 -889.144
407 -0.04425 9.53674e-07 139785 1949952 -886.193
408 -0.04215 9.53674e-07 139785 1981961 -883.218
409 -0.04005 9.53674e-07 139785 1987273 -880.268
410 -0.03795 9.53674e-07 139785 1979764 -877.322
411 -0.03585 9.53674e-07 139785 1969991 -874.359
412 -0.03375 9.53674e-07 139785 1999886 -871.355
413 -0.03165 9.53674e-07 139785 2000533 -868.424
414 -0.02955 9.53674e-07 139785 2029128 -865.417
415 -0.02745 9.53674e-07 139785 1997142 -862.484
416 -0.02535 9.53674e-07 139785 2000738 -859.556
417 -0.02325 9.53674e-07 139785 1974286 -856.641
418 -0.02115 9.53674e-07 139785 1974240 -853.67
419 -0.01905 9.53674e-07 139785 1948662 -850.719
420 -0.01695 9.53674e-07 139785 1941453 -847.729
421 -0.01485 9.53674e-07 139785 1960523 -844.754
422 -0.01275 9.53674e-07 139785 1994546 -841.756
423 -0.01065 9.53674e-07 139785 1971838 -838.779
424 -0.00855 9.53674e-07 139785 1984883 -835.777
425 -0.00645 9.53674e-07 139785 2017950 -832.781
426 -0.00435 9.53674e-07 139785 2031583 -829.757
427 -0.00225 9.53674e-07 139785 2045537 -826.743
428 -0.00015 9.53674e-07 139785 2038727 -823.724
429 0.00195 9.53674e-07 139785 2055998 -820.7
430 0.00405 9.53674e-07 139785 2087776 -817.693
431 0.00615 9.53674e-07 139785 2082712 -814.722
432 0.00825 9.53674e-07 139785 2062380 -811.747
433 0.01035 9.53674e-07 139785 2062166 -808.735
434 0.01245 9.53674e-07 139785 2097998 -805.686
435 0.01455 9.53674e-07 139785 2114130 -802.675
436 0.01665 9.53674e-07 139785 2138155 -799.625
437 0.01875 9.53674e-07 139785 2135222 -796.607
438 0.02085 9.53674e-07 139785 2164598 -793.598
439 0.02295 9.53674e-07 139785 2175215 -790.569
440 0.02505 9.53674e-07 139785 2188884 -787.545
441 0.02715 9.53674e-07 139785 2217539 -784.527
442 0.02925 9.53674e-07 139785 2194755 -781.523
443 0.03135 9.53674e-07 139785 2192944 -778.532
444 0.03345 9.53674e-07 139785 2192536 -775.512
445 0.03555 9.53674e-07 139785 2225622 -772.478
446 0.03765 9.53674e-07 139785 2232955 -769.392
447 0.03975 9.53674e-07 139785 2224905 -766.36
448 0.04185 9.53674e-07 139785 2244318 -763.306
449 0.04395 9.53674e-07 139785 2276338 -760.282
450 0.04605 9.53674e-07 139785 2264965 -757.299
451 0.04815 9.53674e-07 139785 2235904 -754.274
452 0.05025 9.53674e-07 139785 2190227 -751.244
453 0.05235 9.53674e-07 139785 2225610 -748.184
454 0.05445 9.53674e-07 139785 2303614 -745.079
455 0.05655 9.53674e-07 139785 2280333 -742.007
456 0.05865 9.53674e-07 139785 2250778 -738.949
457 0.06075 9.53674e-07 139785 2240039 -735.923
458 0.06285 9.53674e-07 139785 2232506 -732.882
459 0.06495 9.53674e-07 139785 2187882 -729.801
460 0.06705 9.53674e-07 139785 2131301 -726.78
461 0.06915 9.53674e-07 139785 2134705 -723.745
462 0.07125 9.53674e-07 139785 2103113 -720.663
463 0.07335 9.53674e-07 139785 2038918 -717.614
464 0.07545 9.53674e-07 139785 2022304 -714.516
465 0.07755 9.53674e-07 139785 2025187 -711.403
466 0.07965 9.53674e-07 139785 1997545 -708.297
467 0.08175 9.53674e-07 139785 1972386 -705.241
468 0.08385 9.53674e-07 139785 1989777 -702.142
469 0.08595 9.53674e-07 139785 1978599 -699.01
470 0.08805 9.53674e-07 139785 1979550 -695.914
471 0.09015 9.53674e-07 139785 1969639 -692.76
472 0.09225 9.53674e-07 139785 1952546 -689.654
473 0.09435 9.53674e-07 139785 1919628 -686.562
474 0.09645 9.53674e-07 139785 1911433 -683.42
475 0.09855 9.53674e-07 139785 1889891 -680.334
476 0.10065 9.53674e-07 139785 1888412 -677.205
477 0.10275 9.53674e-07 139785 1850350 -674.056
478 0.10485 9.53674e-07 139785 1827404 -670.941
479 0.10695 9.53674e-07 139785 1801498 -667.842
480 0.10905 9.53674e-07 139785 1826528 -664.695
481 0.11115 9.53674e-07 139785 1823547 -661.568
482 0.11325 9.53674e-07 139785 1798904 -658.479
483 0.11535 9.53674e-07 139785 1818401 -655.343
484 0.11745 9.53674e-07 139785 1818489 -652.165
485 0.11955 9.53674e-07 139785 1847680 -648.958
486 0.12165 9.53674e-07 139785 1854907 -645.756
487 0.12375 9.53674e-07 139785 1812320 -642.605
488 0.12585 9.53674e-07 139785 1819488 -639.391
489 0.12795 9.53674e-07 139785 1797536 -636.176
490 0.13005 9.53674e-07 139785 1820651 -633.006
491 0.13215 9.53674e-07 139785 1856535 -629.781
492 0.13425 9.53674e-07 139785 1887958 -626.523
493 0.13635 9.53674e-07 139785 1906073 -623.226
494 0.13845 9.53674e-07 139785 1943537 -619.934
495 0.14055 9.53674e-07 139785 1979463 -616.64
496 0.14265 9.53674e-07 139785 2064680 -613.31
497 0.14475 9.53674e-07 139785 2070200 -610.023
498 0.14685 9.53674e-07 139785 2146183 -606.695
499 0.14895 9.53674e-07 139785 2186759 -603.353
500 0.15105 9.53674e-07 139785 2226004 -600
501 0.15315 9.53674e-07 139785 2316080 -596.645
502 0.15525 9.53674e-07 139785 2325678 -593.339
503 0.15735 9.53674e-07 139785 2338685 -590.057
504 0.15945 9.53674e-07 139785 2337726 -586.765
505 0.16155 9.53674e-07 139785 2311310 -583.439
506 0.16365 9.53674e-07 139785 2354222 -580.132
507 0.16575 9.53674e-07 139785 2389021 -576.755
508 0.16785 9.53674e-07 139785 2411000 -573.414
509 0.16995 9.53674e-07 139785 2448949 -570.058
510 0.17205 9.53674e-07 139785 2435700 -566.688
511 0.17415 9.53674e-07 139785 2431393 -563.354
512 0.17625 9.53674e-07 139785 2429754 -560.072
513 0.17835 9.53674e-07 139785 2446729 -556.769
514 0.18045 9.53674e-07 139785 2433564 -553.42
515 0.18255 9.53674e-07 139785 2424202 -550.078
516 0.18465 9.53674e-07 139785 2456860 -546.725
517 0.18675 9.53674e-07 139785 2508238 -543.406
518 0.18885 9.53674e-07 139785 2563810 -540.127
519 0.19095 9.53674e-07 139785 2575379 -536.845
520 0.19305 9.53674e-07 139785 2580335 -533.51
521 0.19515 9.53674e-07 139785 2588011 -530.199
522 0.19725 9.53674e-07 139785 2659408 -526.852
523 0.19935 9.53674e-07 139785 2611840 -523.589
524 0.20145 9.53674e-07 139785 2630186 -520.335
525 0.20355 9.53674e-07 139785 2611723 -517.101
526 0.20565 9.53674e-07 139785 2638385 -513.865
527 0.20775 9.53674e-07 139785 2639558 -510.629
528 0.20985 9.53674e-07 139785 2618774 -507.419
529 0.21195 9.53674e-07 139785 2612139 -504.231
530 0.21405 9.53674e-07 139785 2613344 -500.999
531 0.21615 9.53674e-07 139785 2571234 -497.808
532 0.21825 9.53674e-07 139785 2548503 -494.597
533 0.22035 9.53674e-07 139785 2521939 -491.381
534 0.22245 9.53674e-07 139785 2502783 -488.158
535 0.22455 9.53674e-07 139785 2517296 -484.951
536 0.22665 9.53674e-07 139785 2460141 -481.718
537 0.22875 9.53674e-07 139785 2486489 -478.549
538 0.23085 9.53674e-07 139785 2454178 -475.42
539 0.23295 9.53674e-07 139785 2382758 -472.316
540 0.23505 9.53674e-07 139785 2391067 -469.125
541 0.23715 9.53674e-07 139785 2394078 -465.968
542 0.23925 9.53674e-07 139785 2395740 -462.79
543 0.24135 9.53674e-07 139785 2411840 -459.682
544 0.24345 9.53674e-07 139785 2417736 -456.553
545 0.24555 9.53674e-07 139785 2373201 -453.456
546 0.24765 9.53674e-07 139785 2364737 -450.381
547 0.24975 9.53674e-07 139785 2398583 -447.295
548 0.25185 9.53674e-07 139785 2397244 -444.251
549 0.25395 9.53674e-07 139785 2324710 -441.248
550 0.25605 9.53674e-07 139785 2336874 -438.281
551 0.25815 9.53674e-07 139785 2313038 -435.289
552 0.26025 9.53674e-07 139785 2338793 -432.283
553 0.26235 9.53674e-07 139785 2295945 -429.353
554 0.26445 9.53674e-07 139785 2308171 -426.388
555 0.26655 9.53674e-07 139785 2318498 -423.44
556 0.26865 9.53674e-07 139785 2297301 -420.574
557 0.27075 9.53674e-07 139785 2304313 -417.74
558 0.27285 9.53674e-07 139785 2257607 -414.937
559 0.27495 9.53674e-07 139785 2202846 -412.107
560 0.27705 9.53674e-07 139785 2271552 -409.291
561 0.27915 9.53674e-07 139785 2282131 -406.538
562 0.28125 9.53674e-07 139785 2293557 -403.798
563 0.28335 9.53674e-07 139785 2249134 -401.094
564 0.28545 9.53674e-07 139785 2215804 -398.398
565 0.28755 9.53674e-07 139785 2215566 -395.725
566 0.28965 9.53674e-07 139785 2181861 -393.082
567 0.29175 9.53674e-07 139785 2226474 -390.459
568 0.29385 9.53674e-07 139785 2229228 -387.826
569 0.29595 9.53674e-07 139785 2242463 -385.266
570 0.29805 9.53674e-07 139785 2226763 -382.758
571 0.30015 9.53674e-07 139785 2234920 -380.186
572 0.30225 9.53674e-07 139785 2234613 -377.65
573 0.30435 9.53674e-07 139785 2241848 -375.11
574 0.30645 9.53674e-07 139785 2228510 -372.605
575 0.30855 9.53674e-07 139785 2206813 -370.14
576 0.31065 9.53674e-07 139785 2188205 -367.716
577 0.31275 9.53674e-07 139785 2161885 -365.312
578 0.31485 9.53674e-07 139785 2193639 -362.847
579 0.31695 9.53674e-07 139785 2201383 -360.451
580 0.31905 9.53674e-07 139785 2192698 -358.109
581 0.32115 9.53674e-07 139785 2192151 -355.775
582 0.32325 9.53674e-07 139785 2185872 -353.489
583 0.32535 9.53674e-07 139785 2195353 -351.242
584 0.32745 9.53674e-07 139785 2195203 -348.927
585 0.32955 9.53674e-07 139785 2143244 -346.695
586 0.33165 9.53674e-07 139785 2186138 -344.468
587 0.33375 9.53674e-07 139785 2200737 -342.277
588 0.33585 9.53674e-07 139785 2211321 -340.088
589 0.33795 9.53674e-07 139785 2193878 -337.931
590 0.34005 9.53674e-07 139785 2157138 -335.825
591 0.34215 9.53674e-07 139785 2141402 -333.74
592 0.34425 9.53674e-07 139785 2157164 -331.658
593 0.34635 9.53674e-07 139785 2153485 -329.548
594 0.34845 9.53674e-07 139785 2143045 -327.492
595 0.35055 9.53674e-07 139785 2188867 -325.395
596 0.35265 9.53674e-07 139785 2178688 -323.35
597 0.35475 9.53674e-07 139785 2201742 -321.333
598 0.35685 9.53674e-07 139785 2202916 -319.266
599 0.35895 9.53674e-07 139785 2186788 -317.3
600 0.36105 9.53674e-07 139785 2172093 -315.379
601 0.36315 9.53674e-07 139785 2173342 -313.442
602 0.36525 9.53674e-07 139785 2130259 -311.588
603 0.36735 9.53674e-07 139785 2131433 -309.669
604 0.36945 9.53674e-07 139785 2161109 -307.721
605 0.37155 9.53674e-07 139785 2155457 -305.835
606 0.37365 9.53674e-07 139785 2137103 -303.994
607 0.37575 9.53674e-07 139785 2111377 -302.131
608 0.37785 9.53674e-07 139785 2114802 -300.294
609 0.37995 9.53674e-07 139785 2111570 -298.498
610 0.38205 9.53674e-07 139785 2091675 -296.715
611 0.38415 9.53674e-07 139785 2102241 -294.955
612 0.38625 9.53674e-07 139785 2084237 -293.182
613 0.38835 9.53674e-07 139785 2072646 -291.425
614 0.39045 9.53674e-07 139785 2071749 -289.683
615 0.39255 9.53674e-07 139785 2089088 -287.944
616 0.39465 9.53674e-07 139785 2069984 -286.207
617 0.39675 9.53674e-07 139785 2066193 -284.49
618 0.39885 9.53674e-07 139785 2062455 -282.818
619 0.40095 9.53674e-07 139785 2081200 -281.143
620 0.40305 9.53674e-07 139785 2099335 -279.459
621 0.40515 9.53674e-07 139785 2095760 -277.81
622 0.40725 9.53674e-07 139785 2093864 -276.169
623 0.40935 9.53674e-07 139785 2088907 -274.563
624 0.41145 9.53674e-07 139785 2113636 -272.948
625 0.41355 9.53674e-07 139785 2139865 -271.335
626 0.41565 9.53674e-07 139785 2157711 -269.726
627 0.41775 9.53674e-07 139785 2162870 -268.168
628 0.41985 9.53674e-07 139785 2172286 -266.599
629 0.42195 9.53674e-07 139785 2148122 -265.07
630 0.42405 9.53674e-07 139785 2139086 -263.512
631 0.42615 9.53674e-07 139785 2112971 -262.012
632 0.42825 9.53674e-07 139785 2122588 -260.512
633 0.43035 9.53674e-07 139785 2100805 -259.018
634 0.43245 9.53674e-07 139785 2094773 -257.49
635 0.43455 9.53674e-07 139785 2077688 -256.022
636 0.43665 9.53674e-07 139785 2090123 -254.519
637 0.43875 9.53674e-07 139785 2106699 -253.031
638 0.44085 9.53674e-07 139785 2131998 -251.558
639 0.44295 9.53674e-07 139785 2103599 -250.116
640 0.44505 9.53674e-07 139785 2104600 -248.646
641 0.44715 9.53674e-07 139785 2141990 -247.17
642 0.44925 9.53674e-07 139785 2136576 -245.754
643 0.45135 9.53674e-07 139785 2092901 -244.346
644 0.45345 9.53674e-07 139785 2092491 -242.954
645 0.45555 9.53674e-07 139785 2105169 -241.52
646 0.45765 9.53674e-07 139785 2104505 -240.116
647 0.45975 9.53674e-07 139785 2078309 -238.765
648 0.46185 9.53674e-07 139785 2087549 -237.397
649 0.46395 9.53674e-07 139785 2081846 -236.026
650 0.46605 9.53674e-07 139785 2097306 -234.648
651 0.46815 9.53674e-07 139785 2103483 -233.308
652 0.47025 9.53674e-07 139785 2099032 -231.983
653 0.47235 9.53674e-07 139785 2069476 -230.675
654 0.47445 9.53674e-07 139785 2063773 -229.356
655 0.47655 9.53674e-07 139785 2068913 -228.044
656 0.47865 9.53674e-07 139785 2075634 -226.736
657 0.48075 9.53674e-07 139785 2079827 -225.444
658 0.48285 9.53674e-07 139785 2079420 -224.167
659 0.48495 9.53674e-07 139785 2055839 -222.898
660 0.48705 9.53674e-07 139785 2065413 -221.607
661 0.48915 9.53674e-07 139785 2082638 -220.329
662 0.49125 9.53674e-07 139785 2060315 -219.082
663 0.49335 9.53674e-07 139785 2057157 -217.831
664 0.49545 9.53674e-07 139785 2073112 -216.588
665 0.49755 9.53674e-07 139785 2078630 -215.377
666 0.49965 9.53674e-07 139785 2107284 -214.148
667 0.50175 9.53674e-07 139785 2108616 -212.931
668 0.50385 9.53674e-07 139785 2127535 -211.697
669 0.50595 9.53674e-07 139785 2139079 -210.485
670 0.50805 9.53674e-07 139785 2143584 -209.275
671 0.51015 9.53674e-07 139785 2141677 -208.084
672 0.51225 9.53674e-07 139785 2138186 -206.885
673 0.51435 9.53674e-07 139785 2118629 -205.73
674 0.51645 9.53674e-07 139785 2112781 -204.554
675 0.51855 9.53674e-07 139785 2122737 -203.391
676 0.52065 9.53674e-07 139785 2125320 -202.242
677 0.52275 9.53674e-07 139785 2120161 -201.108
678 0.52485 9.53674e-07 139785 2132055 -199.945
679 0.52695 9.53674e-07 139785 2139431 -198.795
680 0.52905 9.53674e-07 139785 2151778 -197.637
681 0.53115 9.53674e-07 139785 2140144 -196.497
682 0.53325 9.53674e-07 139785 2139525 -195.344
683 0.53535 9.53674e-07 139785 2145847 -194.207
684 0.53745 9.53674e-07 139785 2116575 -193.132
685 0.53955 9.53674e-07 139785 2135223 -192.003
686 0.54165 9.53674e-07 139785 2142962 -190.888
687 0.54375 9.53674e-07 139785 2138081 -189.798
688 0.54585 9.53674e-07 139785 2125291 -188.716
689 0.54795 9.53674e-07 139785 2138294 -187.619
690 0.55005 9.53674e-07 139785 2153751 -186.541
691 0.55215 9.53674e-07 139785 2170064 -185.471
692 0.55425 9.53674e-07 139785 2170454 -184.405
693 0.55635 9.53674e-07 139785 2166762 -183.362
694 0.55845 9.53674e-07 139785 2175648 -182.291
695 0.56055 9.53674e-07 139785 2171214 -181.231
696 0.56265 9.53674e-07 139785 2164795 -180.202
697 0.56475 9.53674e-07 139785 2153808 -179.166
698 0.56685 9.53674e-07 139785 2159835 -178.126
699 0.56895 9.53674e-07 139785 2165020 -177.113
700 0.57105 9.53674e-07 139785 2161222 -176.098
701 0.57315 9.53674e-07 139785 2175811 -175.078
702 0.57525 9.53674e-07 139785 2175991 -174.093
703 0.57735 9.53674e-07 139785 2182303 -173.066
704 0.57945 9.53674e-07 139785 2179388 -172.064
705 0.58155 9.53674e-07 139785 2195798 -171.068
706 0.58365 9.53674e-07 139785 2206046 -170.072
707 0.58575 9.53674e-07 139785 2176169 -169.102
708 0.58785 9.53674e-07 139785 2171420 -168.112
709 0.58995 9.53674e-07 139785 2195464 -167.108
710 0.59205 9.53674e-07 139785 2207263 -166.133
711 0.59415 9.53674e-07 139785 2200272 -165.197
712 0.59625 9.53674e-07 139785 2196656 -164.229
713 0.59835 9.53674e-07 139785 2193793 -163.257
714 0.60045 9.53674e-07 139785 2198005 -162.299
715 0.60255 9.53674e-07 139785 2181617 -161.355
716 0.60465 9.53674e-07 139785 2163531 -160.42
717 0.60675 9.53674e-07 139785 2170652 -159.468
718 0.60885 9.53674e-07 139785 2205117 -158.498
719 0.61095 9.53674e-07 139785 2184701 -157.553
720 0.61305 9.53674e-07 139785 2180311 -156.604
721 0.61515 9.53674e-07 139785 2190492 -155.662
722 0.61725 9.53674e-07 139785 2180802 -154.752
723 0.61935 9.53674e-07 139785 2187315 -153.835
724 0.62145 9.53674e-07 139785 2183023 -152.921
725 0.62355 9.53674e-07 139785 2168141 -152.022
726 0.62565 9.53674e-07 139785 2173402 -151.117
727 0.62775 9.53674e-07 139785 2155628 -150.21
728 0.62985 9.53674e-07 139785 2146193 -149.336
729 0.63195 9.53674e-07 139785 2149935 -148.438
730 0.63405 9.53674e-07 139785 2134427 -147.542
731 0.63615 9.53674e-07 139785 2136963 -146.635
732 0.63825 9.53674e-07 139785 2137584 -145.756
733 0.64035 9.53674e-07 139785 2143116 -144.899
734 0.64245 9.53674e-07 139785 2148925 -144.032
735 0.64455 9.53674e-07 139785 2168398 -143.157
736 0.64665 9.53674e-07 139785 2161998 -142.285
737 0.64875 9.53674e-07 139785 2146436 -141.444
738 0.65085 9.53674e-07 139785 2163720 -140.575
739 0.65295 9.53674e-07 139785 2189556 -139.707
740 0.65505 9.53674e-07 139785 2174338 -138.855
741 0.65715 9.53674e-07 139785 2150288 -138.005
742 0.65925 9.53674e-07 139785 2151914 -137.168
743 0.66135 9.53674e-07 139785 2131422 -136.344
744 0.66345 9.53674e-07 139785 2110394 -135.513
745 0.66555 9.53674e-07 139785 2101642 -134.693
746 0.66765 9.53674e-07 139785 2124585 -133.822
747 0.66975 9.53674e-07 139785 2139835 -132.991
748 0.67185 9.53674e-07 139785 2138308 -132.171
749 0.67395 9.53674e-07 139785 2149532 -131.343
750 0.67605 9.53674e-07 139785 2144269 -130.549
751 0.67815 9.53674e-07 139785 2129050 -129.741
752 0.68025 9.53674e-07 139785 2127541 -128.927
753 0.68235 9.53674e-07 139785 2130846 -128.116
754 0.68445 9.53674e-07 139785 2128042 -127.313
755 0.68655 9.53674e-07 139785 2143534 -126.506
756 0.68865 9.53674e-07 139785 2163878 -125.691
757 0.69075 9.53674e-07 139785 2160516 -124.893
758 0.69285 9.53674e-07 139785 2151623 -124.126
759 0.69495 9.53674e-07 139785 2160669 -123.321
760 0.69705 9.53674e-07 139785 2145288 -122.542
761 0.69915 9.53674e-07 139785 2121111 -121.76
762 0.70125 9.53674e-07 139785 2119885 -120.988
763 0.70335 9.53674e-07 139785 2120697 -120.236
764 0.70545 9.53674e-07 139785 2138076 -119.477
765 0.70755 9.53674e-07 139785 2143904 -118.712
766 0.70965 9.53674e-07 139785 2156077 -117.944
767 0.71175 9.53674e-07 139785 2152314 -117.193
768 0.71385 9.53674e-07 139785 2140657 -116.456
769 0.71595 9.53674e-07 139785 2138093 -115.701
770 0.71805 9.53674e-07 139785 2130500 -114.966
771 0.72015 9.53674e-07 139785 2125577 -114.212
772 0.72225 9.53674e-07 139785 2122915 -113.445
773 0.72435 9.53674e-07 139785 2103233 -112.709
774 0.72645 9.53674e-07 139785 2101243 -111.973
775 0.72855 9.53674e-07 139785 2087244 -111.244
776 0.73065 9.53674e-07 139785 2095461 -110.52
777 0.73275 9.53674e-07 139785 2097078 -109.792
778 0.73485 9.53674e-07 139785 2114744 -109.059
779 0.73695 9.53674e-07 139785 2129918 -108.335
780 0.73905 9.53674e-07 139785 2117268 -107.65
781 0.74115 9.53674e-07 139785 2118010 -106.944
782 0.74325 9.53674e-07 139785 2126278 -106.208
783 0.74535 9.53674e-07 139785 2130735 -105.486
784 0.74745 9.53674e-07 139785 2123298 -104.779
785 0.74955 9.53674e-07 139785 2124508 -104.08
786 0.75165 9.53674e-07 139785 2131232 -103.377
787 0.75375 9.53674e-07 139785 2122698 -102.688
788 0.75585 9.53674e-07 139785 2122546 -101.99
789 0.75795 9.53674e-07 139785 2110971 -101.313
790 0.76005 9.53674e-07 139785 2122437 -100.611
791 0.76215 9.53674e-07 139785 2123533 -99.9243
792 0.76425 9.53674e-07 139785 2123683 -99.2187
793 0.76635 9.53674e-07 139785 2114340 -98.538
794 0.76845 9.53674e-07 139785 2106534 -97.8545
795 0.77055 9.53674e-07 139785 2098751 -97.1769
796 0.77265 9.53674e-07 139785 2086394 -96.5013
797 0.77475 9.53674e-07 139785 2073985 -95.8455
798 0.77685 9.53674e-07 139785 2063206 -95.1801
799 0.77895 9.53674e-07 139785 2066416 -94.5076
800 0.78105 9.53674e-07 139785 2065779 -93.8435
801 0.78315 9.53674e-07 139785 2059201 -93.1898
802 0.78525 9.53674e-07 139785 2071287 -92.5322
803 0.78735 9.53674e-07 139785 2071143 -91.8539
804 0.78945 9.53674e-07 139785 2064224 -91.1875
805 0.79155 9.53674e-07 139785 2067135 -90.5232
806 0.79365 9.53674e-07 139785 2056277 -89.8683
807 0.79575 9.53674e-07 139785 2061139 -89.2065
808 0.79785 9.53674e-07 139785 2050669 -88.5516
809 0.79995 9.53674e-07 139785 2038602 -87.8959
810 0.80205 9.53674e-07 139785 2015025 -87.2686
811 0.80415 9.53674e-07 139785 2022019 -86.6203
812 0.80625 9.53674e-07 139785 2030380 -85.9832
813 0.80835 9.53674e-07 139785 2022993 -85.3606
814 0.81045 9.53674e-07 139785 2017957 -84.7371
815 0.81255 9.53674e-07 139785 2023368 -84.1114
816 0.81465 9.53674e-07 139785 2033185 -83.4795
817 0.81675 9.53674e-07 139785 2045309 -82.8567
818 0.81885 9.53674e-07 139785 2048667 -82.236
819 0.82095 9.53674e-07 139785 2064117 -81.6065
820 0.82305 9.53674e-07 139785 2065624 -80.9909
821 0.82515 9.53674e-07 139785 2079603 -80.3727
822 0.82725 9.53674e-07 139785 2083094 -79.7646
823 0.82935 9.53674e-07 139785 2071437 -79.1639
824 0.83145 9.53674e-07 139785 2088224 -78.5436
825 0.83355 9.53674e-07 139785 2093515 -77.9375
826 0.83565 9.53674e-07 139785 2078023 -77.3582
827 0.83775 9.53674e-07 139785 2064982 -76.7654
828 0.83985 9.53674e-07 139785 2075845 -76.1515
829 0.84195 9.53674e-07 139785 2084345 -75.5522
830 0.84405 9.53674e-07 139785 2074057 -74.9761
831 0.84615 9.53674e-07 139785 2058154 -74.403
832 0.84825 9.53674e-07 139785 2049436 -73.8097
833 0.85035 9.53674e-07 139785 2038622 -73.2231
834 0.85245 9.53674e-07 139785 2029663 -72.6408
835 0.85455 9.53674e-07 139785 2021793 -72.0655
836 0.85665 9.53674e-07 139785 2025905 -71.4792
837 0.85875 9.53674e-07 139785 2027659 -70.8817
838 0.86085 9.53674e-07 139785 2025941 -70.3125
839 0.86295 9.53674e-07 139785 2030620 -69.7293
840 0.86505 9.53674e-07 139785 2035471 -69.1671
841 0.86715 9.53674e-07 139785 2032214 -68.6105
842 0.86925 9.53674e-07 139785 2048630 -68.0412
843 0.87135 9.53674e-07 139785 2049967 -67.4738
844 0.87345 9.53674e-07 139785 2044498 -66.9158
845 0.87555 9.53674e-07 139785 2051228 -66.3469
846 0.87765 9.53674e-07 139785 2053636 -65.7894
847 0.87975 9.53674e-07 139785 2059183 -65.2226
848 0.88185 9.53674e-07 139785 2065939 -64.6663
849 0.88395 9.53674e-07 139785 2065678 -64.1134
850 0.88605 9.53674e-07 139785 2072597 -63.5583
851 0.88815 9.53674e-07 139785 2078345 -62.9908
852 0.89025 9.53674e-07 139785 2069859 -62.4522
853 0.89235 9.53674e-07 139785 2063062 -61.914
854 0.89445 9.53674e-07 139785 2051674 -61.3805
855 0.89655 9.53674e-07 139785 2057569 -60.8255
856 0.89865 9.53674e-07 139785 2045329 -60.2894
857 0.90075 9.53674e-07 139785 2037037 -59.746
858 0.90285 9.53674e-07 139785 2025445 -59.2141
859 0.90495 9.53674e-07 139785 2037182 -58.6793
860 0.90705 9.53674e-07 139785 2057968 -58.1409
861 0.90915 9.53674e-07 139785 2061130 -57.6075
862 0.91125 9.53674e-07 139785 2072500 -57.0715
863 0.91335 9.53674e-07 139785 2070961 -56.5539
864 0.91545 9.53674e-07 139785 2060196 -56.0234
865 0.91755 9.53674e-07 139785 2063547 -55.4919
866 0.91965 9.53674e-07 139785 2074613 -54.9566
867 0.92175 9.53674e-07 139785 2080217 -54.4483
868 0.92385 9.53674e-07 139785 2075574 -53.9308
869 0.92595 9.53674e-07 139785 2064630 -53.4264
870 0.92805 9.53674e-07 139785 2051995 -52.9186
871 0.93015 9.53674e-07 139785 2049016 -52.422
872 0.93225 9.53674e-07 139785 2046208 -51.904
873 0.93435 9.53674e-07 139785 2040245 -51.401
874 0.93645 9.53674e-07 139785 2024489 -50.8918
875 0.93855 9.53674e-07 139785 2031352 -50.3703
876 0.94065 9.53674e-07 139785 2028126 -49.8674
877 0.94275 9.53674e-07 139785 2037853 -49.3585
878 0.94485 9.53674e-07 139785 2042644 -48.8651
879 0.94695 9.53674e-07 139785 2031746 -48.3746
880 0.94905 9.53674e-07 139785 2028474 -47.8673
881 0.95115 9.53674e-07 139785 2019616 -47.3841
882 0.95325 9.53674e-07 139785 2012443 -46.9002
883 0.95535 9.53674e-07 139785 2012421 -46.4061
884 0.95745 9.53674e-07 139785 2018339 -45.9062
885 0.95955 9.53674e-07 139785 2018813 -45.4202
886 0.96165 9.53674e-07 139785 2015033 -44.9466
887 0.96375 9.53674e-07 139785 2008695 -44.4754
888 0.96585 9.53674e-07 139785 1998156 -44.0048
889 0.96795 9.53674e-07 139785 1988288 -43.5179
890 0.97005 9.53674e-07 139785 1998055 -43.039
891 0.97215 9.53674e-07 139785 2003078 -42.547
892 0.97425 9.53674e-07 139785 2003220 -42.0806
893 0.97635 9.53674e-07 139785 1995300 -41.6169
894 0.97845 9.53674e-07 139785 1974244 -41.1539
895 0.98055 9.53674e-07 139785 1973953 -40.6765
896 0.98265 9.53674e-07 139785 1986910 -40.2108
897 0.98475 9.53674e-07 139785 1984980 -39.7556
898 0.98685 9.53674e-07 139785 1983489 -39.3001
899 0.98895 9.53674e-07 139785 1993410 -38.8395
900 0.99105 9.53674e-07 139785 1999478 -38.3776
901 0.99315 9.53674e-07 139785 1985654 -37.9457
902 0.99525 9.53674e-07 139785 1977157 -37.5061
903 0.99735 9.53674e-07 139785 1985279 -37.0492
904 0.99945 9.53674e-07 139785 1993131 -36.5946
905 1.00155 9.53674e-07 139785 1987356 -36.1376
906 1.00365 9.53674e-07 139785 1983614 -35.6806
907 1.00575 9.53674e-07 139785 1978436 -35.2368
908 1.00785 9.53674e-07 139785 1975188 -34.799
909 1.00995 9.53674e-07 139785 1976379 -34.3546
910 1.01205 9.53674e-07 139785 1976097 -33.9086
911 1.01415 9.53674e-07 139785 1976603 -33.4658
912 1.01625 9.53674e-07 139785 1974115 -33.0266
913 1.01835 9.53674e-07 139785 1999394 -32.5554
914 1.02045 9.53674e-07 139785 2010207 -32.1089
915 1.02255 9.53674e-07 139785 2020743 -31.6628
916 1.02465 9.53674e-07 139785 2030255 -31.2215
917 1.02675 9.53674e-07 139785 2026845 -30.7856
918 1.02885 9.53674e-07 139785 2041205 -30.3417
919 1.03095 9.53674e-07 139785 2047038 -29.9094
920 1.03305 9.53674e-07 139785 2040773 -29.4902
921 1.03515 9.53674e-07 139785 2024747 -29.064
922 1.03725 9.53674e-07 139785 2028905 -28.6324
923 1.03935 9.53674e-07 139785 2031166 -28.2099
924 1.04145 9.53674e-07 139785 2036373 -27.7764
925 1.04355 9.53674e-07 139785 2050517 -27.3448
926 1.04565 9.53674e-07 139785 2046254 -26.9258
927 1.04775 9.53674e-07 139785 2047687 -26.5212
928 1.04985 9.53674e-07 139785 2045875 -26.1093
929 1.05195 9.53674e-07 139785 2047191 -25.6912
930 1.05405 9.53674e-07 139785 2038039 -25.2797
931 1.05615 9.53674e-07 139785 2032702 -24.875
932 1.05825 9.53674e-07 139785 2034791 -24.4749
933 1.06035 9.53674e-07 139785 2037295 -24.0565
934 1.06245 9.53674e-07 139785 2038275 -23.6341
935 1.06455 9.53674e-07 139785 2039833 -23.2283
936 1.06665 9.53674e-07 139785 2039575 -22.8162
937 1.06875 9.53674e-07 139785 2043286 -22.4247
938 1.07085 9.53674e-07 139785 2040726 -22.0276
939 1.07295 9.53674e-07 139785 2033279 -21.6268
940 1.07505 9.53674e-07 139785 2030380 -21.2244
941 1.07715 9.53674e-07 139785 2020748 -20.8324
942 1.07925 9.53674e-07 139785 2022909 -20.4351
943 1.08135 9.53674e-07 139785 2016622 -20.0452
944 1.08345 9.53674e-07 139785 2012629 -19.6563
945 1.08555 9.53674e-07 139785 2020585 -19.25
946 1.08765 9.53674e-07 139785 2020720 -18.8524
947 1.08975 9.53674e-07 139785 2023836 -18.4686
948 1.09185 9.53674e-07 139785 2035915 -18.0737
949 1.09395 9.53674e-07 139785 2036649 -17.6901
950 1.09605 9.53674e-07 139785 2047135 -17.3073
951 1.09815 9.53674e-07 139785 2032132 -16.9406
952 1.10025 9.53674e-07 139785 2047285 -16.5509
953 1.10235 9.53674e-07 139785 2050809 -16.1768
954 1.10445 9.53674e-07 139785 2060954 -15.7929
955 1.10655 9.53674e-07 139785 2066915 -15.4018
956 1.10865 9.53674e-07 139785 2070421 -15.0174
957 1.11075 9.53674e-07 139785 2078878 -14.634
958 1.11285 9.53674e-07 139785 2087583 -14.2607
959 1.11495 9.53674e-07 139785 2085506 -13.8922
960 1.11705 9.53674e-07 139785 2092031 -13.527
961 1.11915 9.53674e-07 139785 2085707 -13.151
962 1.12125 9.53674e-07 139785 2078033 -12.783
963 1.12335 9.53674e-07 139785 2077797 -12.4109
964 1.12545 9.53674e-07 139785 2060938 -12.0551
965 1.12755 9.53674e-07 139785 2047396 -11.7015
966 1.12965 9.53674e-07 139785 2048687 -11.3224
967 1.13175 9.53674e-07 139785 2043430 -10.9632
968 1.13385 9.53674e-07 139785 2043112 -10.608
969 1.13595 9.53674e-07 139785 2042052 -10.2435
970 1.13805 9.53674e-07 139785 2049987 -9.88124
971 1.14015 9.53674e-07 139785 2040779 -9.53371
972 1.14225 9.53674e-07 139785 2047509 -9.17148
973 1.14435 9.53674e-07 139785 2051209 -8.80894
974 1.14645 9.53674e-07 139785 2055090 -8.44873
975 1.14855 9.53674e-07 139785 2054192 -8.09674
976 1.15065 9.53674e-07 139785 2055757 -7.75336
977 1.15275 9.53674e-07 139785 2050503 -7.41766
978 1.15485 9.53674e-07 139785 2041475 -7.08326
979 1.15695 9.53674e-07 139785 2012069 -6.76293
980 1.15905 9.53674e-07 139785 2010885 -6.41355
981 1.16115 9.53674e-07 139785 2016377 -6.06907
982 1.16325 9.53674e-07 139785 2025582 -5.72846
983 1.16535 9.53674e-07 139785 2030076 -5.38554
984 1.16745 9.53674e-07 139785 2041121 -5.03094
985 1.16955 9.53674e-07 139785 2032824 -4.6886
986 1.17165 9.53674e-07 139785 2027751 -4.3502
987 1.17375 9.53674e-07 139785 2035487 -3.99887
988 1.17585 9.53674e-07 139785 2041213 -3.66567
989 1.17795 9.53674e-07 139785 2052272 -3.32407
990 1.18005 9.53674e-07 139785 2044351 -2.9992
991 1.18215 9.53674e-07 139785 2040221 -2.66935
992 1.18425 9.53674e-07 139785 2038637 -2.32998
993 1.18635 9.53674e-07 139785 2023676 -2.00228
994 1.18845 9.53674e-07 139785 2016135 -1.67739
995 1.19055 9.53674e-07 139785 2028405 -1.32578
996 1.19265 9.53674e-07 139785 2025287 -0.994301
997 1.19475 9.53674e-07 139785 2030658 -0.662451
998 1.19685 9.53674e-07 139785 2026864 -0.340425
999 1.19895 9.53674e-07 139785 2043041 0
