0.8 0.458757 0.373471 0.270823 0.0738516 0.36463 545.389 297808 0.822602
0.799 0.458384 0.373738 0.270721 0.0737964 0.365145 545.385 297804 0.823646
0.798 0.45801 0.374006 0.270619 0.0737412 0.365663 545.381 297799 0.824695
0.797 0.457636 0.374276 0.270517 0.0736861 0.366183 545.376 297794 0.825748
0.796 0.457261 0.374547 0.270415 0.073631 0.366705 545.372 297790 0.826805
0.795 0.456886 0.37482 0.270313 0.0735759 0.367229 545.368 297786 0.827866
0.794 0.456512 0.375094 0.270211 0.0735208 0.367755 545.364 297781 0.828932
0.793 0.456136 0.375369 0.270109 0.0734657 0.368283 545.361 297777 0.830003
0.792 0.455761 0.375646 0.270007 0.0734107 0.368813 545.357 297773 0.831077
0.791 0.455385 0.375924 0.269905 0.0733558 0.369346 545.353 297769 0.832156
0.79 0.455009 0.376203 0.269803 0.0733008 0.36988 545.35 297765 0.833238
0.789 0.454633 0.376484 0.269701 0.0732459 0.370417 545.346 297762 0.834325
0.788 0.454256 0.376766 0.269599 0.073191 0.370955 545.343 297758 0.835416
0.787 0.453879 0.377049 0.269497 0.0731362 0.371496 545.34 297754 0.83651
0.786 0.453502 0.377333 0.269395 0.0730813 0.372039 545.337 297751 0.837608
0.785 0.453125 0.377619 0.269293 0.0730265 0.372585 545.333 297748 0.838711
0.784 0.452747 0.377906 0.269191 0.0729718 0.373132 545.331 297744 0.839816
0.783 0.452369 0.378194 0.269089 0.0729171 0.373681 545.328 297741 0.840926
0.782 0.45199 0.378483 0.268988 0.0728624 0.374233 545.325 297738 0.842039
0.781 0.451612 0.378773 0.268886 0.0728077 0.374787 545.322 297735 0.843155
0.78 0.451233 0.379064 0.268784 0.0727531 0.375343 545.32 297733 0.844275
0.779 0.450854 0.379357 0.268682 0.0726985 0.375902 545.317 297730 0.845398
0.778 0.450474 0.37965 0.26858 0.0726439 0.376462 545.315 297727 0.846525
0.777 0.450094 0.379944 0.268479 0.0725894 0.377025 545.313 297725 0.847654
0.776 0.449714 0.380239 0.268377 0.0725349 0.37759 545.31 297723 0.848787
0.775 0.449334 0.380535 0.268275 0.0724804 0.378157 545.308 297720 0.849923
0.774 0.448953 0.380832 0.268174 0.072426 0.378727 545.306 297718 0.851062
0.773 0.448572 0.38113 0.268072 0.0723716 0.379299 545.305 297716 0.852204
0.772 0.448191 0.381428 0.26797 0.0723173 0.379872 545.303 297715 0.853348
0.771 0.447809 0.381727 0.267869 0.072263 0.380449 545.301 297713 0.854496
0.77 0.447428 0.382027 0.267767 0.0722087 0.381027 545.3 297711 0.855646
0.769 0.447045 0.382327 0.267666 0.0721545 0.381608 545.298 297710 0.856798
0.768 0.446663 0.382628 0.267564 0.0721003 0.382191 545.297 297708 0.857954
0.767 0.44628 0.38293 0.267463 0.0720461 0.382776 545.296 297707 0.859111
0.766 0.445897 0.383232 0.267361 0.071992 0.383363 545.295 297706 0.860271
0.765 0.445514 0.383535 0.26726 0.0719379 0.383953 545.294 297705 0.861434
0.764 0.44513 0.383837 0.267159 0.0718839 0.384545 545.293 297704 0.862599
0.763 0.444746 0.384141 0.267057 0.0718299 0.385139 545.293 297703 0.863766
0.762 0.444362 0.384444 0.266956 0.0717759 0.385735 545.292 297703 0.864935
0.761 0.443977 0.384748 0.266855 0.071722 0.386334 545.292 297702 0.866106
0.76 0.443592 0.385052 0.266754 0.0716681 0.386935 545.291 297702 0.86728
0.759 0.443207 0.385357 0.266653 0.0716143 0.387538 545.291 297702 0.868455
0.758 0.442822 0.385661 0.266552 0.0715605 0.388143 545.291 297702 0.869632
0.757 0.442436 0.385966 0.266451 0.0715068 0.388751 545.291 297702 0.870811
0.756 0.44205 0.38627 0.26635 0.0714531 0.389361 545.291 297702 0.871992
0.755 0.441663 0.386575 0.266249 0.0713995 0.389973 545.292 297703 0.873175
0.754 0.441276 0.386879 0.266148 0.0713459 0.390587 545.292 297703 0.874359
0.753 0.440889 0.387184 0.266047 0.0712923 0.391204 545.293 297704 0.875545
0.752 0.440502 0.387488 0.265946 0.0712388 0.391822 545.293 297704 0.876732
0.751 0.440114 0.387792 0.265845 0.0711854 0.392443 545.294 297705 0.877922
0.75 0.439726 0.388097 0.265745 0.071132 0.393066 545.295 297706 0.879112
0.749 0.439338 0.3884 0.265644 0.0710787 0.393692 545.296 297708 0.880304
0.748 0.43895 0.388704 0.265543 0.0710254 0.394319 545.298 297709 0.881498
0.747 0.438561 0.389007 0.265443 0.0709721 0.394949 545.299 297711 0.882693
0.746 0.438172 0.38931 0.265342 0.070919 0.395581 545.301 297712 0.883889
0.745 0.437782 0.389612 0.265242 0.0708658 0.396215 545.302 297714 0.885087
0.744 0.437392 0.389914 0.265142 0.0708128 0.396852 545.304 297716 0.886286
0.743 0.437002 0.390216 0.265042 0.0707598 0.397491 545.306 297718 0.887487
0.742 0.436612 0.390517 0.264941 0.0707068 0.398131 545.308 297720 0.888688
0.741 0.436221 0.390818 0.264841 0.0706539 0.398774 545.31 297723 0.889891
0.74 0.43583 0.391118 0.264741 0.0706011 0.39942 545.313 297725 0.891095
0.739 0.435439 0.391418 0.264641 0.0705483 0.400067 545.315 297728 0.892301
0.738 0.435047 0.391717 0.264541 0.0704956 0.400717 545.318 297731 0.893507
0.737 0.434655 0.392016 0.264442 0.070443 0.401369 545.321 297734 0.894715
0.736 0.434263 0.392314 0.264342 0.0703904 0.402023 545.324 297737 0.895924
0.735 0.433871 0.392611 0.264242 0.0703379 0.402679 545.327 297741 0.897134
0.734 0.433478 0.392908 0.264143 0.0702855 0.403337 545.33 297744 0.898345
0.733 0.433085 0.393205 0.264044 0.0702331 0.403998 545.333 297748 0.899558
0.732 0.432692 0.3935 0.263944 0.0701808 0.404661 545.337 297752 0.900772
0.731 0.432298 0.393796 0.263845 0.0701286 0.405326 545.341 297756 0.901987
0.73 0.431904 0.39409 0.263746 0.0700764 0.405993 545.345 297760 0.903203
0.729 0.43151 0.394384 0.263647 0.0700243 0.406663 545.349 297765 0.904421
0.728 0.431115 0.394678 0.263548 0.0699723 0.407335 545.353 297769 0.905639
0.727 0.43072 0.394971 0.263449 0.0699204 0.408009 545.357 297774 0.90686
0.726 0.430325 0.395263 0.26335 0.0698686 0.408685 545.362 297779 0.908081
0.725 0.42993 0.395555 0.263252 0.0698168 0.409363 545.367 297784 0.909304
0.724 0.429534 0.395847 0.263153 0.0697651 0.410044 545.372 297790 0.910528
0.723 0.429138 0.396138 0.263055 0.0697135 0.410727 545.377 297795 0.911753
0.722 0.428742 0.396428 0.262957 0.069662 0.411413 545.382 297801 0.91298
0.721 0.428345 0.396719 0.262859 0.0696106 0.4121 545.387 297807 0.914209
0.72 0.427948 0.397009 0.262761 0.0695592 0.41279 545.393 297813 0.915439
0.719 0.427551 0.397299 0.262663 0.0695079 0.413482 545.399 297819 0.91667
0.718 0.427153 0.397588 0.262565 0.0694568 0.414177 545.404 297825 0.917903
0.717 0.426756 0.397877 0.262468 0.0694057 0.414874 545.411 297832 0.919138
0.716 0.426357 0.398167 0.26237 0.0693547 0.415573 545.417 297839 0.920374
0.715 0.425959 0.398456 0.262273 0.0693038 0.416274 545.423 297846 0.921613
0.714 0.42556 0.398745 0.262176 0.069253 0.416978 545.43 297853 0.922853
0.713 0.425162 0.399034 0.262079 0.0692023 0.417684 545.437 297861 0.924095
0.712 0.424762 0.399324 0.261982 0.0691517 0.418393 545.444 297868 0.925338
0.711 0.424363 0.399613 0.261885 0.0691012 0.419104 545.451 297876 0.926584
0.71 0.423963 0.399903 0.261789 0.0690508 0.419818 545.458 297884 0.927832
0.709 0.423563 0.400193 0.261692 0.0690005 0.420534 545.466 297892 0.929082
0.708 0.423162 0.400484 0.261596 0.0689503 0.421252 545.473 297901 0.930334
0.707 0.422762 0.400775 0.2615 0.0689002 0.421973 545.481 297909 0.931588
0.706 0.422361 0.401067 0.261404 0.0688502 0.422696 545.49 297918 0.932845
0.705 0.42196 0.40136 0.261308 0.0688004 0.423422 545.498 297927 0.934104
0.704 0.421558 0.401653 0.261213 0.0687506 0.424151 545.506 297936 0.935366
0.703 0.421156 0.401947 0.261118 0.068701 0.424882 545.515 297946 0.93663
0.702 0.420754 0.402242 0.261022 0.0686514 0.425615 545.524 297956 0.937896
0.701 0.420352 0.402539 0.260927 0.068602 0.426351 545.533 297966 0.939165
0.7 0.419949 0.402836 0.260833 0.0685527 0.42709 545.543 297976 0.940437
0.699 0.419546 0.403135 0.260738 0.0685035 0.427831 545.552 297986 0.941712
0.698 0.419142 0.403435 0.260644 0.0684545 0.428575 545.562 297997 0.94299
0.697 0.418739 0.403737 0.260549 0.0684055 0.429322 545.572 298008 0.94427
0.696 0.418335 0.40404 0.260455 0.0683567 0.430071 545.582 298019 0.945554
0.695 0.417931 0.404345 0.260362 0.068308 0.430823 545.592 298030 0.946841
0.694 0.417526 0.404651 0.260268 0.0682594 0.431578 545.603 298042 0.94813
0.693 0.417121 0.40496 0.260175 0.068211 0.432336 545.614 298054 0.949424
0.692 0.416716 0.40527 0.260081 0.0681627 0.433096 545.625 298066 0.95072
0.691 0.41631 0.405583 0.259989 0.0681145 0.433859 545.636 298078 0.95202
0.69 0.415905 0.405897 0.259896 0.0680665 0.434625 545.648 298091 0.953323
0.689 0.415498 0.406214 0.259803 0.0680186 0.435393 545.66 298103 0.95463
0.688 0.415092 0.406534 0.259711 0.0679708 0.436165 545.672 298116 0.95594
0.687 0.414685 0.406856 0.259619 0.0679232 0.436939 545.684 298130 0.957254
0.686 0.414278 0.40718 0.259527 0.0678757 0.437717 545.696 298143 0.958572
0.685 0.413871 0.407507 0.259436 0.0678283 0.438497 545.709 298157 0.959893
0.684 0.413463 0.407837 0.259344 0.0677811 0.43928 545.722 298172 0.961219
0.683 0.413055 0.408169 0.259253 0.067734 0.440066 545.735 298186 0.962548
0.682 0.412646 0.408505 0.259162 0.0676871 0.440855 545.749 298201 0.963881
0.681 0.412238 0.408843 0.259072 0.0676403 0.441647 545.763 298216 0.965219
0.68 0.411829 0.409185 0.258981 0.0675937 0.442442 545.777 298231 0.96656
0.679 0.411419 0.40953 0.258891 0.0675473 0.44324 545.791 298247 0.967906
0.678 0.411009 0.409877 0.258802 0.0675009 0.444041 545.806 298263 0.969256
0.677 0.410599 0.410229 0.258712 0.0674548 0.444845 545.821 298279 0.97061
0.676 0.410189 0.410583 0.258623 0.0674088 0.445652 545.836 298295 0.971968
0.675 0.409778 0.410941 0.258534 0.0673629 0.446463 545.851 298312 0.973331
0.674 0.409367 0.411302 0.258445 0.0673173 0.447276 545.867 298329 0.974698
0.673 0.408955 0.411667 0.258357 0.0672717 0.448093 545.883 298347 0.97607
0.672 0.408543 0.412035 0.258269 0.0672264 0.448912 545.899 298364 0.977446
0.671 0.408131 0.412407 0.258181 0.0671812 0.449735 545.916 298382 0.978826
0.67 0.407718 0.412782 0.258093 0.0671362 0.450561 545.933 298401 0.980212
0.669 0.407305 0.413161 0.258006 0.0670913 0.45139 545.95 298420 0.981602
0.668 0.406892 0.413543 0.257919 0.0670466 0.452223 545.967 298439 0.982996
0.667 0.406478 0.413929 0.257832 0.0670021 0.453058 545.985 298458 0.984395
0.666 0.406064 0.414319 0.257746 0.0669578 0.453897 546.003 298478 0.985799
0.665 0.405649 0.414712 0.25766 0.0669136 0.454739 546.022 298498 0.987208
0.664 0.405234 0.415109 0.257574 0.0668697 0.455584 546.04 298519 0.988621
0.663 0.404819 0.41551 0.257489 0.0668259 0.456433 546.06 298539 0.990039
0.662 0.404403 0.415914 0.257404 0.0667822 0.457285 546.079 298561 0.991462
0.661 0.403987 0.416322 0.257319 0.0667388 0.45814 546.099 298582 0.99289
0.66 0.40357 0.416733 0.257235 0.0666956 0.458999 546.119 298604 0.994323
0.659 0.403153 0.417147 0.25715 0.0666525 0.459861 546.139 298627 0.99576
0.658 0.402736 0.417565 0.257067 0.0666096 0.460726 546.16 298649 0.997203
0.657 0.402318 0.417987 0.256983 0.066567 0.461594 546.181 298673 0.99865
0.656 0.4019 0.418412 0.2569 0.0665245 0.462466 546.203 298696 1.0001
0.655 0.401481 0.41884 0.256818 0.0664822 0.463342 546.225 298720 1.00156
0.654 0.401062 0.419271 0.256735 0.0664401 0.46422 546.247 298744 1.00302
0.653 0.400642 0.419706 0.256653 0.0663982 0.465103 546.27 298769 1.00449
0.652 0.400222 0.420143 0.256572 0.0663565 0.465988 546.293 298794 1.00596
0.651 0.399802 0.420584 0.25649 0.066315 0.466877 546.316 298820 1.00744
0.65 0.399381 0.421028 0.25641 0.0662738 0.46777 546.34 298846 1.00892
0.649 0.39896 0.421474 0.256329 0.0662327 0.468665 546.364 298872 1.01041
0.648 0.398538 0.421923 0.256249 0.0661918 0.469565 546.389 298899 1.0119
0.647 0.398116 0.422375 0.256169 0.0661512 0.470468 546.414 298927 1.0134
0.646 0.397693 0.422829 0.25609 0.0661107 0.471374 546.44 298954 1.0149
0.645 0.39727 0.423286 0.256011 0.0660705 0.472284 546.465 298983 1.0164
0.644 0.396846 0.423745 0.255933 0.0660305 0.473197 546.492 299011 1.01792
0.643 0.396422 0.424206 0.255854 0.0659907 0.474114 546.518 299041 1.01943
0.642 0.395998 0.42467 0.255777 0.0659512 0.475035 546.545 299070 1.02096
0.641 0.395573 0.425135 0.255699 0.0659118 0.475959 546.573 299100 1.02248
0.64 0.395147 0.425603 0.255622 0.0658727 0.476886 546.601 299131 1.02402
0.639 0.394721 0.426072 0.255546 0.0658338 0.477817 546.629 299162 1.02555
0.638 0.394295 0.426542 0.25547 0.0657952 0.478752 546.658 299193 1.0271
0.637 0.393868 0.427015 0.255394 0.0657568 0.47969 546.687 299225 1.02864
0.636 0.393441 0.427489 0.255319 0.0657186 0.480632 546.717 299258 1.0302
0.635 0.393013 0.427964 0.255244 0.0656806 0.481578 546.747 299291 1.03175
0.634 0.392585 0.42844 0.25517 0.0656429 0.482528 546.778 299324 1.03332
0.633 0.392156 0.428917 0.255096 0.0656054 0.483481 546.809 299358 1.03489
0.632 0.391727 0.429396 0.255023 0.0655682 0.484437 546.841 299393 1.03646
0.631 0.391297 0.429875 0.25495 0.0655312 0.485398 546.873 299428 1.03804
0.63 0.390867 0.430355 0.254877 0.0654945 0.486362 546.905 299463 1.03962
0.629 0.390436 0.430835 0.254805 0.065458 0.48733 546.938 299499 1.04121
0.628 0.390005 0.431317 0.254734 0.0654217 0.488302 546.972 299536 1.04281
0.627 0.389574 0.431798 0.254663 0.0653857 0.489277 547.005 299573 1.04441
0.626 0.389141 0.43228 0.254592 0.06535 0.490257 547.04 299611 1.04602
0.625 0.388709 0.432762 0.254522 0.0653145 0.49124 547.075 299649 1.04763
0.624 0.388276 0.433244 0.254452 0.0652793 0.492228 547.11 299688 1.04925
0.623 0.387842 0.433726 0.254383 0.0652443 0.493219 547.146 299727 1.05087
0.622 0.387408 0.434208 0.254315 0.0652097 0.494214 547.182 299767 1.05251
0.621 0.386974 0.43469 0.254247 0.0651752 0.495213 547.219 299807 1.05414
0.62 0.386539 0.435172 0.254179 0.0651411 0.496216 547.257 299848 1.05578
0.619 0.386103 0.435653 0.254112 0.0651072 0.497224 547.294 299889 1.05743
0.618 0.385667 0.436134 0.254045 0.0650735 0.498235 547.333 299932 1.05909
0.617 0.385231 0.436615 0.253979 0.0650402 0.499251 547.372 299974 1.06075
0.616 0.384794 0.437095 0.253914 0.0650071 0.50027 547.411 300017 1.06242
0.615 0.384357 0.437574 0.253849 0.0649743 0.501294 547.451 300061 1.0641
0.614 0.383919 0.438053 0.253784 0.0649418 0.502323 547.492 300105 1.06578
0.613 0.38348 0.438531 0.25372 0.0649096 0.503355 547.533 300150 1.06747
0.612 0.383042 0.439009 0.253657 0.0648776 0.504392 547.574 300196 1.06916
0.611 0.382602 0.439486 0.253594 0.064846 0.505434 547.616 300242 1.07087
0.61 0.382163 0.439962 0.253532 0.0648146 0.50648 547.659 300288 1.07258
0.609 0.381722 0.440437 0.25347 0.0647835 0.507531 547.702 300336 1.0743
0.608 0.381282 0.440912 0.253409 0.0647527 0.508586 547.745 300383 1.07603
0.607 0.38084 0.441386 0.253348 0.0647222 0.509646 547.79 300432 1.07776
0.606 0.380399 0.441859 0.253288 0.064692 0.510711 547.834 300481 1.0795
0.605 0.379957 0.442332 0.253228 0.0646621 0.511781 547.88 300531 1.08126
0.604 0.379514 0.442803 0.253169 0.0646326 0.512855 547.926 300581 1.08302
0.603 0.379071 0.443275 0.253111 0.0646033 0.513935 547.972 300632 1.08479
0.602 0.378627 0.443745 0.253053 0.0645743 0.51502 548.019 300683 1.08657
0.601 0.378183 0.444215 0.252996 0.0645456 0.51611 548.066 300735 1.08835
0.6 0.377739 0.444684 0.25294 0.0645172 0.517205 548.115 300788 1.09015
0.599 0.377294 0.445153 0.252884 0.0644892 0.518306 548.163 300841 1.09196
0.598 0.376848 0.445622 0.252828 0.0644614 0.519412 548.212 300895 1.09378
0.597 0.376403 0.44609 0.252774 0.064434 0.520524 548.262 300950 1.0956
0.596 0.375956 0.446558 0.25272 0.0644069 0.521641 548.313 301005 1.09744
0.595 0.375509 0.447026 0.252666 0.0643802 0.522765 548.364 301061 1.09929
0.594 0.375062 0.447494 0.252613 0.0643537 0.523894 548.415 301118 1.10115
0.593 0.374614 0.447962 0.252561 0.0643276 0.525029 548.467 301175 1.10302
0.592 0.374166 0.44843 0.252509 0.0643018 0.52617 548.52 301233 1.1049
0.591 0.373717 0.448898 0.252458 0.0642763 0.527318 548.574 301292 1.1068
0.59 0.373268 0.449367 0.252408 0.0642512 0.528472 548.628 301351 1.1087
0.589 0.372819 0.449836 0.252359 0.0642264 0.529633 548.682 301411 1.11062
0.588 0.372368 0.450306 0.25231 0.064202 0.5308 548.737 301472 1.11255
0.587 0.371918 0.450777 0.252261 0.0641779 0.531974 548.793 301533 1.1145
0.586 0.371467 0.451249 0.252214 0.0641542 0.533155 548.85 301595 1.11645
0.585 0.371015 0.451722 0.252167 0.0641308 0.534343 548.907 301658 1.11842
0.584 0.370563 0.452196 0.252121 0.0641077 0.535538 548.965 301721 1.12041
0.583 0.370111 0.452671 0.252075 0.064085 0.536741 549.023 301786 1.1224
0.582 0.369658 0.453149 0.25203 0.0640627 0.537951 549.082 301850 1.12441
0.581 0.369205 0.453628 0.251986 0.0640408 0.539169 549.142 301916 1.12644
0.58 0.368751 0.454109 0.251942 0.0640192 0.540395 549.202 301982 1.12848
0.579 0.368296 0.454593 0.2519 0.0639979 0.541629 549.263 302050 1.13053
0.578 0.367841 0.455079 0.251858 0.0639771 0.542871 549.325 302117 1.1326
0.577 0.367386 0.455568 0.251817 0.0639566 0.544122 549.387 302186 1.13469
0.576 0.36693 0.456059 0.251776 0.0639365 0.545381 549.45 302255 1.13679
0.575 0.366474 0.456554 0.251736 0.0639169 0.546648 549.514 302326 1.1389
0.574 0.366017 0.457052 0.251697 0.0638975 0.547925 549.579 302397 1.14103
0.573 0.36556 0.457554 0.251659 0.0638786 0.54921 549.644 302468 1.14318
0.572 0.365102 0.45806 0.251622 0.0638601 0.550505 549.71 302541 1.14535
0.571 0.364644 0.458569 0.251585 0.063842 0.551809 549.776 302614 1.14753
0.57 0.364185 0.459083 0.251549 0.0638243 0.553123 549.844 302688 1.14972
0.569 0.363725 0.459602 0.251514 0.063807 0.554447 549.912 302763 1.15193
0.568 0.363266 0.460125 0.25148 0.0637901 0.555781 549.981 302839 1.15416
0.567 0.362805 0.460654 0.251446 0.0637737 0.557124 550.05 302916 1.15641
0.566 0.362344 0.461188 0.251414 0.0637577 0.558479 550.121 302993 1.15867
0.565 0.361883 0.461727 0.251382 0.0637421 0.559843 550.192 303072 1.16096
0.564 0.361421 0.462273 0.251351 0.0637269 0.561219 550.264 303151 1.16325
0.563 0.360958 0.462825 0.251321 0.0637122 0.562605 550.336 303231 1.16557
0.562 0.360495 0.463383 0.251292 0.063698 0.564003 550.41 303312 1.1679
0.561 0.360031 0.463949 0.251264 0.0636841 0.565412 550.484 303394 1.17025
0.56 0.359567 0.464521 0.251236 0.0636708 0.566832 550.559 303477 1.17262
0.559 0.359102 0.465101 0.25121 0.0636579 0.568264 550.635 303561 1.17501
0.558 0.358637 0.465689 0.251184 0.0636455 0.569708 550.712 303646 1.17741
0.557 0.358171 0.466285 0.25116 0.0636335 0.571165 550.79 303731 1.17984
0.556 0.357704 0.466889 0.251136 0.0636221 0.572633 550.868 303818 1.18228
0.555 0.357237 0.467502 0.251113 0.0636111 0.574114 550.948 303906 1.18473
0.554 0.356769 0.468123 0.251092 0.0636006 0.575608 551.028 303994 1.18721
0.553 0.356301 0.468755 0.251071 0.0635906 0.577114 551.109 304084 1.18971
0.552 0.355832 0.469395 0.251051 0.0635812 0.578634 551.191 304174 1.19222
0.551 0.355362 0.470046 0.251032 0.0635722 0.580166 551.274 304266 1.19475
0.55 0.354892 0.470707 0.251015 0.0635637 0.581712 551.358 304359 1.19729
0.549 0.354421 0.471378 0.250998 0.0635558 0.583272 551.443 304452 1.19986
0.548 0.353949 0.472061 0.250982 0.0635484 0.584846 551.528 304547 1.20244
0.547 0.353476 0.472754 0.250967 0.0635416 0.586433 551.615 304643 1.20505
0.546 0.353003 0.473459 0.250954 0.0635352 0.588035 551.703 304740 1.20767
0.545 0.352529 0.474176 0.250941 0.0635295 0.58965 551.791 304837 1.2103
0.544 0.352055 0.474905 0.25093 0.0635242 0.59128 551.881 304936 1.21296
0.543 0.35158 0.475646 0.25092 0.0635196 0.592925 551.971 305037 1.21563
0.542 0.351104 0.476399 0.25091 0.0635155 0.594584 552.063 305138 1.21832
0.541 0.350627 0.477166 0.250902 0.0635119 0.596259 552.155 305240 1.22103
0.54 0.350149 0.477946 0.250895 0.063509 0.597948 552.249 305344 1.22375
0.539 0.349671 0.478739 0.250889 0.0635066 0.599652 552.343 305448 1.22649
0.538 0.349192 0.479545 0.250885 0.0635049 0.601371 552.439 305554 1.22925
0.537 0.348712 0.480366 0.250881 0.0635037 0.603106 552.536 305661 1.23203
0.536 0.348231 0.4812 0.250879 0.0635031 0.604856 552.633 305769 1.23482
0.535 0.34775 0.482049 0.250878 0.0635031 0.606622 552.732 305879 1.23764
0.534 0.347267 0.482912 0.250878 0.0635038 0.608404 552.832 305989 1.24046
0.533 0.346784 0.48379 0.250879 0.063505 0.610201 552.933 306101 1.24331
0.532 0.3463 0.484683 0.250882 0.0635069 0.612014 553.035 306214 1.24617
0.531 0.345815 0.48559 0.250885 0.0635094 0.613842 553.138 306329 1.24905
0.53 0.345329 0.486512 0.25089 0.0635125 0.615687 553.242 306444 1.25195
0.529 0.344842 0.48745 0.250897 0.0635163 0.617548 553.348 306561 1.25486
0.528 0.344354 0.488402 0.250904 0.0635207 0.619425 553.454 306679 1.25779
0.527 0.343865 0.48937 0.250913 0.0635258 0.621318 553.562 306799 1.26074
0.526 0.343375 0.490353 0.250923 0.0635316 0.623227 553.671 306919 1.26371
0.525 0.342884 0.491351 0.250935 0.063538 0.625152 553.781 307041 1.26669
0.524 0.342392 0.492364 0.250947 0.063545 0.627093 553.892 307165 1.26969
0.523 0.3419 0.493393 0.250961 0.0635528 0.629051 554.004 307289 1.2727
0.522 0.341406 0.494436 0.250977 0.0635612 0.631025 554.118 307415 1.27573
0.521 0.340911 0.495494 0.250994 0.0635703 0.633015 554.233 307543 1.27879
0.52 0.340415 0.496567 0.251012 0.0635801 0.635021 554.348 307672 1.28185
0.519 0.339918 0.497655 0.251031 0.0635906 0.637044 554.466 307802 1.28494
0.518 0.33942 0.498757 0.251052 0.0636018 0.639082 554.584 307934 1.28804
0.517 0.338921 0.499874 0.251074 0.0636137 0.641137 554.704 308067 1.29116
0.516 0.33842 0.501004 0.251098 0.0636264 0.643209 554.825 308201 1.2943
0.515 0.337919 0.502148 0.251123 0.0636397 0.645296 554.947 308337 1.29746
0.514 0.337416 0.503306 0.25115 0.0636538 0.6474 555.071 308474 1.30063
0.513 0.336912 0.504477 0.251178 0.0636686 0.64952 555.195 308613 1.30382
0.512 0.336407 0.50566 0.251207 0.0636842 0.651656 555.321 308754 1.30704
0.511 0.335901 0.506856 0.251238 0.0637005 0.653808 555.449 308895 1.31027
0.51 0.335394 0.508064 0.25127 0.0637176 0.655976 555.578 309039 1.31352
0.509 0.334885 0.509284 0.251304 0.0637355 0.65816 555.708 309184 1.31679
0.508 0.334375 0.510515 0.25134 0.0637541 0.660361 555.839 309330 1.32008
0.507 0.333864 0.511757 0.251377 0.0637735 0.662577 555.972 309478 1.32339
0.506 0.333352 0.513009 0.251415 0.0637937 0.66481 556.106 309628 1.32672
0.505 0.332839 0.514271 0.251456 0.0638147 0.667059 556.242 309779 1.33007
0.504 0.332324 0.515542 0.251497 0.0638366 0.669324 556.379 309932 1.33344
0.503 0.331808 0.516823 0.251541 0.0638592 0.671605 556.518 310086 1.33683
0.502 0.33129 0.518112 0.251586 0.0638827 0.673903 556.658 310242 1.34025
0.501 0.330772 0.519409 0.251633 0.0639071 0.676217 556.799 310400 1.34369
0.5 0.330252 0.520713 0.251681 0.0639323 0.678547 556.942 310560 1.34715
0.499 0.329731 0.522024 0.251731 0.0639584 0.680894 557.086 310721 1.35063
0.498 0.329208 0.523343 0.251783 0.0639854 0.683257 557.232 310884 1.35414
0.497 0.328684 0.524667 0.251837 0.0640133 0.685637 557.38 311048 1.35767
0.496 0.328159 0.525997 0.251892 0.0640421 0.688034 557.529 311215 1.36123
0.495 0.327632 0.527332 0.251949 0.0640718 0.690448 557.679 311383 1.36481
0.494 0.327105 0.528672 0.252008 0.0641025 0.692879 557.832 311553 1.36842
0.493 0.326575 0.530016 0.252069 0.0641341 0.695327 557.985 311725 1.37205
0.492 0.326045 0.531365 0.252132 0.0641667 0.697793 558.141 311899 1.37571
0.491 0.325513 0.532718 0.252197 0.0642003 0.700277 558.298 312075 1.3794
0.49 0.32498 0.534074 0.252264 0.064235 0.702779 558.457 312252 1.38312
0.489 0.324445 0.535433 0.252333 0.0642706 0.705299 558.617 312432 1.38686
0.488 0.323909 0.536796 0.252404 0.0643073 0.707837 558.779 312613 1.39064
0.487 0.323372 0.538162 0.252477 0.0643451 0.710395 558.943 312797 1.39444
0.486 0.322833 0.53953 0.252552 0.064384 0.712972 559.109 312982 1.39828
0.485 0.322293 0.540901 0.252629 0.064424 0.715568 559.276 313170 1.40215
0.484 0.321752 0.542275 0.252709 0.0644651 0.718185 559.445 313360 1.40605
0.483 0.321209 0.543652 0.25279 0.0645073 0.720822 559.616 313551 1.40998
0.482 0.320665 0.545032 0.252874 0.0645508 0.72348 559.789 313745 1.41394
0.481 0.320119 0.546415 0.252961 0.0645954 0.726159 559.964 313941 1.41794
0.48 0.319572 0.547801 0.253049 0.0646413 0.72886 560.14 314139 1.42198
0.479 0.319024 0.549191 0.25314 0.0646884 0.731583 560.319 314340 1.42605
0.478 0.318474 0.550584 0.253234 0.0647368 0.734328 560.499 314543 1.43015
0.477 0.317923 0.551982 0.25333 0.0647864 0.737097 560.682 314748 1.4343
0.476 0.31737 0.553384 0.253428 0.0648374 0.73989 560.866 314955 1.43848
0.475 0.316817 0.55479 0.25353 0.0648897 0.742707 561.053 315165 1.4427
0.474 0.316261 0.556203 0.253633 0.0649434 0.745548 561.241 315377 1.44696
0.473 0.315704 0.557621 0.25374 0.0649985 0.748416 561.432 315591 1.45126
0.472 0.315146 0.559045 0.253849 0.065055 0.751309 561.625 315808 1.4556
0.471 0.314587 0.560476 0.253961 0.065113 0.754228 561.819 316027 1.45998
0.47 0.314026 0.561915 0.254076 0.0651724 0.757175 562.016 316249 1.4644
0.469 0.313463 0.563362 0.254194 0.0652334 0.760149 562.216 316474 1.46887
0.468 0.312899 0.564818 0.254314 0.0652958 0.763151 562.417 316701 1.47338
0.467 0.312334 0.566284 0.254438 0.0653599 0.766183 562.621 316931 1.47794
0.466 0.311767 0.56776 0.254565 0.0654255 0.769243 562.827 317163 1.48254
0.465 0.311199 0.569246 0.254694 0.0654927 0.772334 563.035 317398 1.48719
0.464 0.310629 0.570745 0.254827 0.0655616 0.775455 563.246 317636 1.49188
0.463 0.310058 0.572255 0.254963 0.0656321 0.778607 563.459 317877 1.49663
0.462 0.309485 0.573779 0.255103 0.0657044 0.78179 563.675 318120 1.50142
0.461 0.308911 0.575317 0.255245 0.0657783 0.785006 563.892 318366 1.50626
0.46 0.308335 0.576869 0.255391 0.0658541 0.788254 564.113 318616 1.51115
0.459 0.307757 0.578436 0.25554 0.0659316 0.791536 564.336 318868 1.51609
0.458 0.307178 0.580019 0.255693 0.066011 0.794851 564.561 319123 1.52108
0.457 0.306598 0.581619 0.255849 0.0660922 0.7982 564.79 319381 1.52612
0.456 0.306015 0.583236 0.256009 0.0661752 0.801584 565.02 319643 1.53121
0.455 0.305431 0.584871 0.256172 0.0662602 0.805003 565.254 319907 1.53636
0.454 0.304846 0.586525 0.25634 0.0663472 0.808457 565.49 320175 1.54156
0.453 0.304259 0.588199 0.25651 0.0664361 0.811948 565.729 320446 1.54681
0.452 0.30367 0.589892 0.256685 0.066527 0.815475 565.971 320720 1.55212
0.451 0.303079 0.591606 0.256863 0.06662 0.819039 566.216 320998 1.55748
0.45 0.302487 0.593341 0.257045 0.066715 0.82264 566.463 321279 1.5629
0.449 0.301893 0.595099 0.257231 0.0668121 0.826279 566.714 321563 1.56837
0.448 0.301297 0.596879 0.257422 0.0669114 0.829956 566.967 321852 1.5739
0.447 0.3007 0.598684 0.257616 0.0670128 0.833672 567.224 322143 1.57948
0.446 0.3001 0.600512 0.257814 0.0671165 0.837427 567.483 322438 1.58513
0.445 0.299499 0.602366 0.258016 0.0672224 0.841221 567.746 322738 1.59082
0.444 0.298896 0.604246 0.258223 0.0673305 0.845055 568.012 323040 1.59658
0.443 0.298291 0.606154 0.258434 0.067441 0.84893 568.281 323347 1.60239
0.442 0.297684 0.608089 0.258649 0.0675538 0.852845 568.554 323657 1.60826
0.441 0.297075 0.610054 0.258869 0.067669 0.856802 568.83 323972 1.61419
0.44 0.296464 0.612049 0.259093 0.0677867 0.8608 569.109 324291 1.62018
0.439 0.295851 0.614076 0.259321 0.0679068 0.864841 569.392 324613 1.62622
0.438 0.295236 0.616135 0.259555 0.0680294 0.868925 569.678 324940 1.63233
0.437 0.294619 0.61823 0.259793 0.0681545 0.873053 569.968 325271 1.63849
0.436 0.294 0.62036 0.260035 0.0682823 0.877224 570.261 325607 1.64471
0.435 0.293379 0.622527 0.260282 0.0684126 0.88144 570.558 325947 1.65099
0.434 0.292755 0.624734 0.260535 0.0685457 0.885702 570.859 326291 1.65732
0.433 0.29213 0.626982 0.260792 0.0686814 0.89001 571.164 326640 1.66372
0.432 0.291502 0.629273 0.261054 0.06882 0.894365 571.473 326994 1.67017
0.431 0.290871 0.631609 0.261321 0.0689613 0.898767 571.786 327352 1.67668
0.43 0.290239 0.633992 0.261594 0.0691055 0.903218 572.103 327716 1.68325
0.429 0.289604 0.636424 0.261871 0.0692526 0.907719 572.424 328084 1.68988
0.428 0.288966 0.638907 0.262154 0.0694027 0.91227 572.749 328457 1.69657
0.427 0.288326 0.641443 0.262443 0.0695559 0.916872 573.078 328836 1.70331
0.426 0.287683 0.644035 0.262737 0.0697121 0.921526 573.412 329219 1.71011
0.425 0.287038 0.646684 0.263036 0.0698714 0.926233 573.75 329608 1.71697
0.424 0.28639 0.649393 0.263341 0.070034 0.930994 574.093 330003 1.72388
0.423 0.285739 0.652164 0.263652 0.0701998 0.935811 574.441 330403 1.73085
0.422 0.285086 0.654999 0.263969 0.0703689 0.940685 574.793 330808 1.73787
0.421 0.28443 0.6579 0.264292 0.0705415 0.945615 575.15 331219 1.74495
0.42 0.28377 0.660868 0.264621 0.0707174 0.950605 575.511 331637 1.75208
0.419 0.283108 0.663905 0.264956 0.0708969 0.955654 575.878 332060 1.75927
0.418 0.282443 0.667012 0.265298 0.07108 0.960765 576.249 332489 1.76651
0.417 0.281774 0.670191 0.265645 0.0712668 0.965937 576.626 332924 1.7738
0.416 0.281102 0.673443 0.266 0.0714573 0.971174 577.008 333366 1.78115
0.415 0.280427 0.676767 0.266361 0.0716516 0.976475 577.395 333813 1.78854
0.414 0.279749 0.680165 0.266729 0.0718498 0.981842 577.787 334268 1.79599
0.413 0.279067 0.683636 0.267103 0.072052 0.987277 578.185 334729 1.80349
0.412 0.278382 0.68718 0.267485 0.0722582 0.992781 578.589 335196 1.81104
0.411 0.277693 0.690797 0.267874 0.0724686 0.998354 578.997 335671 1.81865
0.41 0.277 0.694486 0.268269 0.0726832 1.004 579.412 336152 1.8263
0.409 0.276304 0.698245 0.268673 0.072902 1.00972 579.832 336641 1.834
0.408 0.275604 0.702074 0.269084 0.0731253 1.01551 580.259 337136 1.84176
0.407 0.2749 0.70597 0.269502 0.073353 1.02138 580.691 337639 1.84957
0.406 0.274192 0.709931 0.269928 0.0735853 1.02733 581.129 338149 1.85743
0.405 0.27348 0.713956 0.270362 0.0738222 1.03336 581.573 338666 1.86535
0.404 0.272764 0.718042 0.270804 0.0740639 1.03946 582.023 339191 1.87332
0.403 0.272044 0.722186 0.271254 0.0743104 1.04566 582.479 339724 1.88135
0.402 0.27132 0.726387 0.271713 0.0745619 1.05193 582.942 340264 1.88944
0.401 0.270591 0.730641 0.272179 0.0748183 1.0583 583.411 340813 1.8976
0.4 0.269859 0.734947 0.272655 0.0750799 1.06476 583.887 341369 1.90582
0.399 0.269122 0.739303 0.273138 0.0753467 1.0713 584.369 341933 1.91411
0.398 0.26838 0.743705 0.273631 0.0756188 1.07795 584.858 342506 1.92247
0.397 0.267634 0.748154 0.274133 0.0758964 1.08469 585.353 343087 1.93091
0.396 0.266884 0.752647 0.274643 0.0761795 1.09154 585.855 343676 1.93943
0.395 0.266129 0.757185 0.275163 0.0764682 1.09849 586.364 344274 1.94805
0.394 0.26537 0.761768 0.275693 0.0767627 1.10556 586.88 344881 1.95675
0.393 0.264606 0.766395 0.276231 0.077063 1.11274 587.403 345496 1.96557
0.392 0.263837 0.771069 0.27678 0.0773694 1.12003 587.933 346121 1.97449
0.391 0.263063 0.775791 0.277338 0.0776819 1.12746 588.471 346754 1.98353
0.39 0.262285 0.780566 0.277907 0.0780006 1.13501 589.015 347397 1.9927
0.389 0.261502 0.785397 0.278485 0.0783257 1.14271 589.567 348049 2.00201
0.388 0.260714 0.79029 0.279074 0.0786574 1.15055 590.127 348710 2.01146
0.387 0.259922 0.79525 0.279674 0.0789958 1.15854 590.694 349381 2.02108
0.386 0.259124 0.800284 0.280284 0.079341 1.16669 591.269 350062 2.03087
0.385 0.258321 0.805402 0.280905 0.0796932 1.17501 591.852 350754 2.04084
0.384 0.257513 0.810611 0.281538 0.0800527 1.1835 592.443 351455 2.05102
0.383 0.2567 0.815923 0.282182 0.0804195 1.19219 593.042 352167 2.0614
0.382 0.255881 0.821347 0.282838 0.080794 1.20107 593.65 352890 2.07202
0.381 0.255057 0.826897 0.283506 0.0811762 1.21016 594.267 353624 2.08287
0.38 0.254227 0.832584 0.284187 0.0815665 1.21947 594.892 354370 2.09398
0.379 0.253391 0.838422 0.28488 0.0819651 1.22902 595.526 355127 2.10537
0.378 0.25255 0.844425 0.285586 0.0823722 1.2388 596.17 355896 2.11705
0.377 0.251702 0.850607 0.286305 0.0827881 1.24885 596.823 356677 2.12903
0.376 0.250848 0.856983 0.287038 0.083213 1.25917 597.486 357471 2.14135
0.375 0.249988 0.863567 0.287786 0.0836474 1.26977 598.159 358278 2.154
0.374 0.24912 0.870375 0.288548 0.0840915 1.28066 598.843 359098 2.16701
0.373 0.248246 0.877421 0.289325 0.0845456 1.29187 599.537 359933 2.1804
0.372 0.247365 0.884721 0.290118 0.0850101 1.3034 600.243 360782 2.19419
0.371 0.246476 0.892288 0.290926 0.0854854 1.31528 600.96 361645 2.20839
0.37 0.24558 0.900136 0.291752 0.0859718 1.32751 601.689 362524 2.22301
0.369 0.244675 0.908278 0.292594 0.0864697 1.3401 602.43 363419 2.23809
0.368 0.243763 0.916728 0.293454 0.0869797 1.35308 603.183 364330 2.25364
0.367 0.242841 0.925498 0.294332 0.0875021 1.36645 603.95 365259 2.26966
0.366 0.241911 0.934598 0.295229 0.0880373 1.38023 604.73 366205 2.28619
0.365 0.240971 0.944039 0.296146 0.088586 1.39444 605.524 367169 2.30323
0.364 0.240022 0.953832 0.297083 0.0891485 1.40908 606.333 368152 2.32081
0.363 0.239063 0.963984 0.29804 0.0897255 1.42417 607.157 369155 2.33894
0.362 0.238094 0.974505 0.299019 0.0903174 1.43973 607.996 370178 2.35764
0.361 0.237113 0.985403 0.300021 0.0909248 1.45577 608.851 371222 2.37692
0.36 0.236122 0.996685 0.301045 0.0915484 1.47229 609.723 372288 2.39682
0.359 0.235119 1.00836 0.302093 0.0921887 1.48933 610.612 373377 2.41733
0.358 0.234104 1.02043 0.303166 0.0928464 1.50688 611.519 374489 2.43849
0.357 0.233078 1.03292 0.304265 0.0935221 1.52498 612.444 375626 2.46032
0.356 0.232038 1.04582 0.305389 0.0942167 1.54363 613.388 376787 2.48283
0.355 0.230985 1.05914 0.306541 0.0949307 1.56285 614.352 377975 2.50606
0.354 0.229919 1.07291 0.307721 0.095665 1.58267 615.336 379190 2.53002
0.353 0.228839 1.08713 0.30893 0.0964204 1.6031 616.342 380433 2.55474
0.352 0.227744 1.10183 0.310169 0.0971977 1.62418 617.369 381705 2.58024
0.351 0.226634 1.11701 0.31144 0.0979978 1.64593 618.419 383007 2.60657
0.35 0.225509 1.13271 0.312743 0.0988217 1.66837 619.492 384341 2.63374
0.349 0.224368 1.14896 0.314079 0.0996704 1.69154 620.59 385708 2.6618
0.348 0.223211 1.16577 0.31545 0.100545 1.71548 621.712 387109 2.69076
0.347 0.222036 1.1832 0.316857 0.101447 1.74022 622.861 388544 2.72068
0.346 0.220843 1.20129 0.318301 0.102376 1.7658 624.038 390017 2.75157
0.345 0.219633 1.22008 0.319784 0.103336 1.79227 625.242 391528 2.78348
0.344 0.218402 1.23962 0.321308 0.104326 1.81968 626.476 393079 2.81644
0.343 0.217153 1.25999 0.322874 0.105348 1.84808 627.74 394671 2.85048
0.342 0.215882 1.28125 0.324483 0.106404 1.87751 629.036 396307 2.88565
0.341 0.214589 1.30346 0.326139 0.107496 1.90804 630.365 397989 2.92198
0.34 0.213274 1.32672 0.327842 0.108625 1.93973 631.729 399717 2.9595
0.339 0.211935 1.35112 0.329595 0.109794 1.97265 633.129 401495 2.99825
0.338 0.210571 1.37675 0.3314 0.111004 2.00686 634.566 403326 3.03829
0.337 0.209181 1.40371 0.33326 0.112257 2.04244 636.042 405210 3.07967
0.336 0.207763 1.43212 0.335177 0.113556 2.07948 637.56 407152 3.12244
0.335 0.206316 1.46209 0.337154 0.114905 2.11807 639.121 409153 3.16667
0.334 0.204838 1.49377 0.339194 0.116304 2.15831 640.726 411218 3.21246
0.333 0.203327 1.52729 0.3413 0.117758 2.20031 642.379 413349 3.25992
0.332 0.201782 1.5628 0.343477 0.11927 2.24421 644.082 415549 3.30916
0.331 0.200201 1.60046 0.345727 0.120843 2.29015 645.837 417824 3.36035
0.33 0.19858 1.64046 0.348055 0.122482 2.33831 647.647 420176 3.41368
0.329 0.196919 1.68298 0.350464 0.12419 2.38887 649.515 422611 3.46937
0.328 0.195213 1.72823 0.352961 0.125972 2.44205 651.445 425134 3.52768
0.327 0.193461 1.77645 0.35555 0.127834 2.4981 653.44 427751 3.58891
0.326 0.191659 1.82788 0.358238 0.129781 2.5573 655.504 430466 3.65339
0.325 0.189804 1.88281 0.361029 0.13182 2.61996 657.642 433288 3.72149
0.324 0.187892 1.94156 0.363932 0.133957 2.68643 659.858 436223 3.79362
0.323 0.18592 2.00447 0.366953 0.136201 2.75707 662.158 439280 3.8702
0.322 0.183882 2.07194 0.370102 0.138559 2.8323 664.547 442468 3.95169
0.321 0.181774 2.14441 0.373387 0.141041 2.91256 667.032 445797 4.03853
0.32 0.179591 2.22242 0.376819 0.143658 2.9983 669.621 449277 4.13119
0.319 0.177327 2.30653 0.380407 0.146421 3.09001 672.32 452921 4.23011
0.318 0.174975 2.39745 0.384166 0.149343 3.18818 675.138 456742 4.33572
0.317 0.172529 2.49593 0.388107 0.152439 3.29333 678.085 460755 4.4484
0.316 0.16998 2.6029 0.392245 0.155725 3.40597 681.17 464976 4.5685
0.315 0.16732 2.71938 0.396597 0.159217 3.52661 684.405 469423 4.69632
0.314 0.164538 2.84656 0.401179 0.162938 3.65576 687.802 474115 4.8321
0.313 0.161622 2.98582 0.406012 0.166908 3.79393 691.374 479075 4.97602
0.312 0.158561 3.13866 0.411117 0.171152 3.94163 695.136 484327 5.12822
0.311 0.15534 3.30683 0.416516 0.175699 4.09933 699.104 489897 5.28874
0.31 0.151942 3.49221 0.422236 0.18058 4.26754 703.295 495814 5.45756
0.309 0.148349 3.6969 0.428304 0.185829 4.44671 707.728 502112 5.63456
0.308 0.14454 3.92313 0.43475 0.191487 4.63727 712.424 508825 5.81946
0.307 0.140494 4.17329 0.441607 0.197596 4.83952 717.405 515994 6.01178
0.306 0.136185 4.4498 0.44891 0.204205 5.0536 722.694 523661 6.21072
0.305 0.131585 4.75499 0.456698 0.211368 5.27929 728.317 531871 6.41495
0.304 0.126665 5.09096 0.465009 0.219144 5.51575 734.3 540674 6.62239
0.303 0.121393 5.45915 0.473881 0.227594 5.76121 740.667 550121 6.82985
0.302 0.115736 5.85986 0.483354 0.236784 6.01248 747.444 560259 7.03265
0.301 0.109663 6.29154 0.493461 0.246777 6.26445 754.65 571137 7.2242
0.3 0.103144 6.74982 0.504224 0.257632 6.50953 762.299 582791 7.39562
0.299 0.0961571 7.22651 0.515654 0.269396 6.73732 770.395 595245 7.53572
0.298 0.0886892 7.70873 0.527739 0.282096 6.93471 778.927 608498 7.63139
0.297 0.0807434 8.17866 0.540438 0.295727 7.08659 787.862 622521 7.66866
0.296 0.0723429 8.61434 0.553678 0.310247 7.17744 797.146 637243 7.63458
0.295 0.0635337 8.99195 0.567349 0.325569 7.1938 806.701 652556 7.5197
0.294 0.0543853 9.28925 0.581309 0.341558 7.12699 816.425 668308 7.32049
0.293 0.0449871 9.48963 0.595393 0.358041 6.9754 826.204 684317 7.04107
0.292 0.0354408 9.58529 0.609426 0.374819 6.74547 835.915 700387 6.69327
0.291 0.0258506 9.57846 0.623241 0.391688 6.4508 845.444 716324 6.29493
0.29 0.0163144 9.48011 0.636693 0.408455 6.10958 854.693 731954 5.86684
0.289 0.00691547 9.30692 0.649671 0.424953 5.74139 863.586 747136 5.42937
0.288 -0.00228058 9.07767 0.662095 0.441052 5.36419 872.074 761768 4.99969
0.287 -0.0112269 8.81035 0.673924 0.45666 4.99248 880.129 775786 4.59043
0.286 -0.0198935 8.52058 0.685139 0.471718 4.6366 887.744 789158 4.20951
0.285 -0.0282645 8.22112 0.695748 0.486195 4.30306 894.925 801875 3.86084
0.284 -0.0363356 7.92203 0.705771 0.500083 3.99526 901.689 813951 3.5454
0.283 -0.044111 7.63095 0.71524 0.513393 3.71428 908.059 825410 3.26224
0.282 -0.0516017 7.35325 0.72419 0.526145 3.45959 914.063 836286 3.00921
0.281 -0.0588229 7.09219 0.732661 0.538368 3.22953 919.727 846617 2.78357
0.28 -0.065792 6.84909 0.740693 0.550095 3.02184 925.08 856442 2.58233
0.279 -0.072527 6.62369 0.748321 0.561357 2.83395 930.148 865798 2.40254
0.278 -0.0790449 6.41467 0.75558 0.572187 2.66337 934.955 874723 2.24148
0.277 -0.0853613 6.22011 0.762498 0.58261 2.50787 939.523 883249 2.09678
0.276 -0.0914896 6.03796 0.769102 0.592652 2.3656 943.871 891405 1.96642
0.275 -0.0974412 5.8663 0.775414 0.602334 2.23512 948.017 899219 1.84871
0.274 -0.103226 5.70351 0.781454 0.611677 2.11524 951.976 906712 1.74224
0.273 -0.108851 5.5483 0.787241 0.620699 2.00502 955.761 913908 1.64575
0.272 -0.114325 5.3998 0.792791 0.629416 1.9036 959.384 920824 1.55813
0.271 -0.119654 5.25748 0.798118 0.637844 1.81018 962.857 927479 1.47836
0.27 -0.124843 5.12117 0.803238 0.645999 1.72401 966.19 933889 1.40552
0.269 -0.129899 4.99096 0.808163 0.653895 1.64439 969.391 940068 1.3388
0.268 -0.134827 4.86712 0.812905 0.661545 1.57067 972.469 946030 1.27751
0.267 -0.139635 4.74994 0.817476 0.668963 1.50225 975.433 951787 1.22106
0.266 -0.14433 4.6396 0.821887 0.676163 1.43864 978.289 957353 1.16896
0.265 -0.148917 4.53612 0.826149 0.683156 1.37937 981.044 962739 1.12078
0.264 -0.153404 4.43926 0.83027 0.689955 1.32404 983.705 967956 1.07615
0.263 -0.157797 4.34852 0.83426 0.696571 1.27229 986.279 973015 1.03471
0.262 -0.162102 4.26325 0.838127 0.703013 1.22379 988.77 977925 0.996122
0.261 -0.166324 4.18268 0.841878 0.709292 1.17825 991.184 982695 0.960062
0.26 -0.170468 4.10599 0.845519 0.715415 1.13541 993.525 987331 0.926235
0.259 -0.174537 4.03245 0.849056 0.721389 1.09504 995.796 991841 0.89438
0.258 -0.178533 3.96143 0.852495 0.727221 1.05694 998.001 996229 0.864286
0.257 -0.18246 3.89245 0.85584 0.732917 1.02095 1000.14 1.0005e+06 0.835792
0.256 -0.186318 3.82522 0.859094 0.738482 0.986905 1002.22 1.00466e+06 0.808784
0.255 -0.19011 3.75962 0.862263 0.74392 0.954658 1004.24 1.0087e+06 0.78319
0.254 -0.193838 3.69568 0.86535 0.749237 0.924059 1006.21 1.01265e+06 0.758964
0.253 -0.197502 3.63358 0.868357 0.754437 0.894961 1008.12 1.01649e+06 0.73608
0.252 -0.201105 3.57356 0.871289 0.759524 0.867221 1009.97 1.02023e+06 0.71452
0.251 -0.20465 3.51594 0.874148 0.764501 0.840713 1011.78 1.02388e+06 0.694269
0.25 -0.208139 3.46095 0.876937 0.769373 0.815331 1013.54 1.02744e+06 0.675308
0.249 -0.211573 3.40878 0.87966 0.774143 0.790994 1015.26 1.03091e+06 0.657606
0.248 -0.214958 3.35944 0.882318 0.778815 0.76764 1016.93 1.0343e+06 0.641118
0.247 -0.218294 3.31275 0.884914 0.783392 0.745222 1018.56 1.03762e+06 0.625773
0.246 -0.221584 3.2683 0.88745 0.787877 0.723693 1020.16 1.04087e+06 0.611469
0.245 -0.224832 3.22552 0.889929 0.792273 0.702999 1021.71 1.04405e+06 0.598075
0.244 -0.228037 3.18368 0.892353 0.796583 0.683075 1023.24 1.04717e+06 0.585434
0.243 -0.2312 3.14204 0.894722 0.800807 0.663843 1024.73 1.05022e+06 0.573376
0.242 -0.234321 3.09989 0.897038 0.804948 0.645225 1026.19 1.05321e+06 0.561731
0.241 -0.2374 3.05672 0.899301 0.809004 0.627151 1027.62 1.05614e+06 0.550352
0.24 -0.240435 3.01227 0.901511 0.812976 0.60957 1029.02 1.05901e+06 0.539129
0.239 -0.243425 2.96658 0.903669 0.816864 0.592461 1030.38 1.06182e+06 0.528002
0.238 -0.246368 2.92 0.905776 0.820668 0.575831 1031.71 1.06456e+06 0.516963
0.237 -0.249265 2.87313 0.907831 0.824387 0.559716 1033.01 1.06724e+06 0.506054
0.236 -0.252115 2.82674 0.909836 0.828024 0.544166 1034.28 1.06986e+06 0.495355
0.235 -0.254919 2.78171 0.911792 0.831581 0.529236 1035.52 1.07242e+06 0.484968
0.234 -0.257679 2.73883 0.913702 0.83506 0.514972 1036.72 1.07491e+06 0.475006
0.233 -0.260397 2.69881 0.915567 0.838466 0.501402 1037.9 1.07735e+06 0.465575
0.232 -0.263077 2.66216 0.917391 0.841804 0.488531 1039.05 1.07973e+06 0.456762
0.231 -0.265721 2.62912 0.919177 0.845077 0.476338 1040.17 1.08207e+06 0.448631
0.23 -0.268335 2.59973 0.920927 0.848293 0.464776 1041.27 1.08435e+06 0.441217
0.229 -0.270921 2.57377 0.922645 0.851454 0.453782 1042.35 1.0866e+06 0.434525
0.228 -0.273482 2.55084 0.924332 0.854566 0.443279 1043.41 1.08881e+06 0.42853
0.227 -0.276022 2.53041 0.925992 0.857632 0.433184 1044.46 1.09099e+06 0.423182
0.226 -0.278542 2.51186 0.927625 0.860655 0.423413 1045.49 1.09314e+06 0.418408
0.225 -0.281045 2.49458 0.929233 0.863636 0.413891 1046.5 1.09527e+06 0.414119
0.224 -0.283531 2.47797 0.930817 0.866578 0.404553 1047.51 1.09737e+06 0.410216
0.223 -0.286 2.46148 0.932377 0.869481 0.395345 1048.5 1.09945e+06 0.406593
0.222 -0.288453 2.44469 0.933914 0.872344 0.386233 1049.48 1.1015e+06 0.40315
0.221 -0.290889 2.42725 0.935427 0.875168 0.377197 1050.45 1.10354e+06 0.399794
0.22 -0.293307 2.40896 0.936915 0.877951 0.368234 1051.41 1.10555e+06 0.396448
0.219 -0.295707 2.38971 0.938379 0.880692 0.359354 1052.35 1.10753e+06 0.393053
0.218 -0.298087 2.36952 0.939818 0.88339 0.350581 1053.28 1.10949e+06 0.38957
0.217 -0.300447 2.3485 0.941231 0.886045 0.341946 1054.2 1.11142e+06 0.385977
0.216 -0.302785 2.32684 0.942619 0.888656 0.333483 1055.1 1.11332e+06 0.382271
0.215 -0.305101 2.30478 0.943981 0.891222 0.325225 1055.99 1.1152e+06 0.37846
0.214 -0.307396 2.28256 0.945318 0.893743 0.317198 1056.86 1.11704e+06 0.37456
0.213 -0.309668 2.26041 0.946629 0.896221 0.309419 1057.72 1.11886e+06 0.370593
0.212 -0.311919 2.23847 0.947915 0.898654 0.301891 1058.57 1.12065e+06 0.366583
0.211 -0.314148 2.21682 0.949177 0.901045 0.294607 1059.4 1.12241e+06 0.362556
0.21 -0.316355 2.19543 0.950415 0.903393 0.287548 1060.22 1.12414e+06 0.358535
0.209 -0.318542 2.17421 0.951629 0.9057 0.280689 1061.02 1.12585e+06 0.354542
0.208 -0.320707 2.15304 0.95282 0.907966 0.274002 1061.82 1.12754e+06 0.350595
0.207 -0.322851 2.13179 0.953989 0.910191 0.267462 1062.6 1.1292e+06 0.346709
0.206 -0.324974 2.11042 0.955134 0.912375 0.26105 1063.37 1.13084e+06 0.342897
0.205 -0.327076 2.08893 0.956258 0.914519 0.254753 1064.13 1.13245e+06 0.339164
0.204 -0.329156 2.06744 0.957358 0.916623 0.248569 1064.88 1.13404e+06 0.335517
0.203 -0.331215 2.04616 0.958437 0.918687 0.2425 1065.61 1.1356e+06 0.331958
0.202 -0.333252 2.02536 0.959493 0.92071 0.236556 1066.34 1.13714e+06 0.328491
0.201 -0.335269 2.00529 0.960528 0.922695 0.230748 1067.05 1.13866e+06 0.325124
0.2 -0.337267 1.9862 0.961542 0.924641 0.225085 1067.75 1.14015e+06 0.321869
0.199 -0.339245 1.96826 0.962535 0.926549 0.219575 1068.43 1.14162e+06 0.318746
0.198 -0.341206 1.9515 0.963508 0.928421 0.214221 1069.11 1.14306e+06 0.31578
0.197 -0.343151 1.93586 0.964461 0.930257 0.209022 1069.77 1.14448e+06 0.312999
0.196 -0.34508 1.92116 0.965396 0.93206 0.203977 1070.42 1.14587e+06 0.310433
0.195 -0.346995 1.90713 0.966313 0.933829 0.199079 1071.07 1.14725e+06 0.308106
0.194 -0.348896 1.89346 0.967212 0.935565 0.194322 1071.7 1.1486e+06 0.306036
0.193 -0.350784 1.87985 0.968095 0.937271 0.189699 1072.32 1.14994e+06 0.304224
0.192 -0.352657 1.86603 0.96896 0.938945 0.185204 1072.94 1.15126e+06 0.30266
0.191 -0.354516 1.85185 0.969809 0.94059 0.180828 1073.54 1.15256e+06 0.301314
0.19 -0.356361 1.8372 0.970642 0.942205 0.17656 1074.14 1.15384e+06 0.300142
0.189 -0.358191 1.82213 0.97146 0.943791 0.172389 1074.73 1.15511e+06 0.299085
0.188 -0.360005 1.80673 0.972262 0.945349 0.168298 1075.31 1.15636e+06 0.298076
0.187 -0.361804 1.79114 0.97305 0.946879 0.164267 1075.89 1.1576e+06 0.29705
0.186 -0.363587 1.77551 0.973822 0.948381 0.160276 1076.46 1.15882e+06 0.295945
0.185 -0.365354 1.75999 0.97458 0.949856 0.156307 1077.02 1.16003e+06 0.294716
0.184 -0.367106 1.74464 0.975323 0.951303 0.152344 1077.58 1.16123e+06 0.293338
0.183 -0.368842 1.72951 0.976051 0.952723 0.14838 1078.13 1.16242e+06 0.291813
0.182 -0.370563 1.71458 0.976764 0.954114 0.144415 1078.67 1.1636e+06 0.290166
0.181 -0.372268 1.69979 0.977462 0.955477 0.140459 1079.21 1.16476e+06 0.288446
0.18 -0.373959 1.6851 0.978145 0.956811 0.136528 1079.74 1.1659e+06 0.286715
0.179 -0.375634 1.67044 0.978812 0.958115 0.132648 1080.27 1.16703e+06 0.285038
0.178 -0.377294 1.65579 0.979464 0.95939 0.128843 1080.78 1.16815e+06 0.28347
0.177 -0.378939 1.64114 0.980101 0.960636 0.125137 1081.29 1.16925e+06 0.28205
0.176 -0.38057 1.62654 0.980722 0.961853 0.121551 1081.79 1.17033e+06 0.280791
0.175 -0.382185 1.61205 0.981329 0.963042 0.118095 1082.29 1.1714e+06 0.279679
0.174 -0.383787 1.59777 0.981921 0.964203 0.114774 1082.77 1.17244e+06 0.278677
0.173 -0.385374 1.58381 0.982499 0.965337 0.111581 1083.24 1.17347e+06 0.277728
0.172 -0.386947 1.5703 0.983063 0.966445 0.108502 1083.71 1.17448e+06 0.27677
0.171 -0.388508 1.55737 0.983614 0.967528 0.105519 1084.17 1.17548e+06 0.275735
0.17 -0.390056 1.54514 0.984153 0.968587 0.102608 1084.62 1.17646e+06 0.274566
0.169 -0.391594 1.53368 0.984679 0.969622 0.0997452 1085.07 1.17742e+06 0.273216
0.168 -0.393121 1.52299 0.985193 0.970634 0.0969069 1085.51 1.17838e+06 0.271651
0.167 -0.394638 1.51301 0.985696 0.971624 0.0940725 1085.94 1.17932e+06 0.269854
0.166 -0.396147 1.5036 0.986188 0.972592 0.0912259 1086.37 1.18025e+06 0.267824
0.165 -0.397647 1.49454 0.986668 0.973539 0.0883572 1086.8 1.18117e+06 0.265574
0.164 -0.399139 1.48558 0.987137 0.974464 0.0854634 1087.22 1.18209e+06 0.263138
0.163 -0.400623 1.47646 0.987595 0.975367 0.0825497 1087.63 1.18299e+06 0.260562
0.162 -0.402098 1.46696 0.988042 0.976249 0.079629 1088.05 1.18389e+06 0.257908
0.161 -0.403563 1.45693 0.988477 0.977108 0.0767211 1088.45 1.18478e+06 0.255247
0.16 -0.405018 1.44637 0.988901 0.977945 0.073851 1088.86 1.18565e+06 0.252655
0.159 -0.406463 1.43536 0.989313 0.97876 0.0710459 1089.25 1.18652e+06 0.250199
0.158 -0.407896 1.42409 0.989713 0.979551 0.0683318 1089.65 1.18737e+06 0.247937
0.157 -0.409318 1.41284 0.990102 0.98032 0.0657308 1090.03 1.18821e+06 0.245907
0.156 -0.410729 1.40189 0.990479 0.981067 0.0632574 1090.41 1.18904e+06 0.244125
0.155 -0.412129 1.39148 0.990846 0.981791 0.060918 1090.79 1.18986e+06 0.24259
0.154 -0.413519 1.38175 0.991201 0.982494 0.0587092 1091.16 1.19068e+06 0.241286
0.153 -0.414899 1.37271 0.991545 0.983177 0.0566201 1091.53 1.19149e+06 0.240188
0.152 -0.41627 1.36424 0.99188 0.983839 0.0546334 1091.9 1.19229e+06 0.239275
0.151 -0.417632 1.35608 0.992204 0.984483 0.0527291 1092.27 1.19308e+06 0.238527
0.15 -0.418987 1.34791 0.992519 0.985107 0.0508876 1092.63 1.19388e+06 0.237932
0.149 -0.420333 1.3394 0.992824 0.985712 0.0490924 1092.99 1.19467e+06 0.237481
0.148 -0.42167 1.33031 0.99312 0.986299 0.0473324 1093.35 1.19545e+06 0.237166
0.147 -0.422997 1.32055 0.993406 0.986868 0.0456023 1093.71 1.19623e+06 0.236973
0.146 -0.424314 1.31024 0.993684 0.987418 0.0439028 1094.06 1.197e+06 0.236879
0.145 -0.42562 1.29968 0.993952 0.987951 0.0422383 1094.41 1.19777e+06 0.236846
0.144 -0.426915 1.28932 0.994212 0.988467 0.0406155 1094.76 1.19853e+06 0.236829
0.143 -0.428199 1.27969 0.994463 0.988966 0.0390403 1095.1 1.19928e+06 0.236777
0.142 -0.429474 1.27131 0.994706 0.98945 0.0375171 1095.44 1.20002e+06 0.236644
0.141 -0.43074 1.26456 0.994942 0.989919 0.0360466 1095.77 1.20075e+06 0.236398
0.14 -0.432 1.25964 0.995171 0.990373 0.0346263 1096.1 1.20148e+06 0.236029
0.139 -0.433255 1.25646 0.995393 0.990815 0.0332506 1096.43 1.20219e+06 0.235555
0.138 -0.434507 1.2547 0.995608 0.991243 0.0319123 1096.75 1.2029e+06 0.235016
0.137 -0.435757 1.25377 0.995817 0.991659 0.0306033 1097.07 1.2036e+06 0.234463
0.136 -0.437005 1.25292 0.99602 0.992062 0.0293159 1097.39 1.20429e+06 0.23395
0.135 -0.438252 1.25132 0.996216 0.992454 0.0280439 1097.7 1.20497e+06 0.233513
0.134 -0.439496 1.24818 0.996407 0.992833 0.0267833 1098 1.20564e+06 0.233163
0.133 -0.440735 1.2429 0.996591 0.993199 0.0255328 1098.3 1.2063e+06 0.232887
0.132 -0.441967 1.23514 0.996769 0.993553 0.0242947 1098.6 1.20695e+06 0.232659
0.131 -0.44319 1.22489 0.99694 0.993894 0.0230749 1098.89 1.20759e+06 0.232452
0.13 -0.444401 1.21248 0.997105 0.994223 0.0218829 1099.18 1.20822e+06 0.232262
0.129 -0.4456 1.19853 0.997263 0.994538 0.0207309 1099.46 1.20884e+06 0.232119
0.128 -0.446784 1.18381 0.997414 0.99484 0.0196325 1099.73 1.20945e+06 0.232082
0.127 -0.447953 1.1692 0.997559 0.995128 0.0186005 1100 1.21004e+06 0.232228
0.126 -0.44911 1.15552 0.997697 0.995403 0.0176445 1100.27 1.21063e+06 0.232623
0.125 -0.450253 1.14345 0.997828 0.995665 0.0167688 1100.53 1.21121e+06 0.233292
0.124 -0.451387 1.13351 0.997954 0.995915 0.015972 1100.79 1.21178e+06 0.234192
0.123 -0.452512 1.12595 0.998073 0.996152 0.0152464 1101.05 1.21235e+06 0.235208
0.122 -0.453632 1.12078 0.998186 0.996378 0.0145799 1101.31 1.21292e+06 0.236165
0.121 -0.454748 1.1178 0.998294 0.996594 0.0139577 1101.57 1.21349e+06 0.236859
0.12 -0.455863 1.11662 0.998397 0.996799 0.0133654 1101.83 1.21406e+06 0.237115
0.119 -0.456978 1.11669 0.998496 0.996996 0.0127908 1102.09 1.21464e+06 0.236837
0.118 -0.458093 1.11742 0.99859 0.997185 0.0122257 1102.36 1.21522e+06 0.23606
0.117 -0.45921 1.11825 0.998681 0.997366 0.0116662 1102.62 1.2158e+06 0.234965
0.116 -0.460327 1.11868 0.998768 0.997539 0.0111122 1102.89 1.21639e+06 0.233858
0.115 -0.461444 1.1184 0.998851 0.997705 0.0105648 1103.15 1.21697e+06 0.233109
0.114 -0.46256 1.11729 0.99893 0.997863 0.0100235 1103.41 1.21755e+06 0.233048
0.113 -0.463675 1.11541 0.999006 0.998014 0.00948319 1103.68 1.21813e+06 0.233865
0.112 -0.464786 1.11297 0.999077 0.998157 0.00893191 1103.94 1.21871e+06 0.235524
0.111 -0.465895 1.11025 0.999145 0.998293 0.00835037 1104.19 1.21928e+06 0.237732
0.11 -0.467001 1.10756 0.999209 0.99842 0.0077134 1104.45 1.21984e+06 0.239993
0.109 -0.468104 1.10521 0.999269 0.998539 0.00699317 1104.7 1.2204e+06 0.241723
0.108 -0.469206 1.10356 0.999325 0.998651 0.00616382 1104.95 1.22095e+06 0.24242
0.107 -0.470308 1.10299 0.999377 0.998755 0.0052072 1105.2 1.22151e+06 0.241827
0.106 -0.47141 1.10392 0.999426 0.998852 0.00411945 1105.45 1.22205e+06 0.240028
0.105 -0.472515 1.10652 0.999471 0.998943 0.00291808 1105.7 1.2226e+06 0.237436
0.104 -0.473623 1.11045 0.999514 0.999028 0.00164842 1105.95 1.22315e+06 0.234673
0.103 -0.474735 1.11443 0.999553 0.999107 0.000387133 1106.2 1.2237e+06 0.232359
0.102 -0.475849 1.11616 0.999591 0.999182 -0.000760852 1106.44 1.22424e+06 0.230908
0.101 -0.47696 1.11261 0.999626 0.999251 -0.00167494 1106.69 1.22479e+06 0.2304
