0 0.0101003 1.02742 0 0 0 569.49 324323 0.666946
0.01 0.0100976 1.02066 0 0 0 569.45 324277 0.672215
0.02 0.0101018 1.02471 0 0 0 569.475 324305 0.675058
0.03 0.0100976 1.0372 0 0 0 569.503 324337 0.673233
0.04 0.0101017 1.00938 0 0 0 569.47 324299 0.680016
0.05 0.0100982 1.03325 0 0 0 569.495 324328 0.672133
0.06 0.0100968 1.03072 0 0 0 569.477 324308 0.685735
0.07 0.0100991 1.00853 0 0 0 569.477 324307 0.672758
0.08 0.0101007 1.04489 0 0 0 569.469 324299 0.671467
0.09 0.010098 1.02357 0 0 0 569.45 324277 0.684442
0.1 0.0100975 1.03345 0 0 0 569.486 324318 0.677701
0.11 0.0101014 1.03513 0 0 0 569.459 324287 0.668609
0.12 0.0100999 1.04003 0 0 0 569.457 324285 0.667541
0.13 0.0101024 1.00724 0 0 0 569.469 324299 0.686025
0.14 0.0101047 1.02824 0 0 0 569.486 324318 0.684419
0.15 0.0100998 1.03078 0 0 0 569.484 324315 0.679824
0.16 0.0100995 1.0239 0 0 0 569.471 324302 0.674109
0.17 0.0100968 1.02173 0 0 0 569.484 324316 0.674172
0.18 0.0101001 1.02912 0 0 0 569.485 324317 0.670135
0.19 0.0100979 1.0154 0 0 0 569.468 324298 0.682565
0.2 0.0101001 1.00559 0 0 0 569.467 324296 0.68169
0.21 0.0100988 1.01263 0 0 0 569.483 324315 0.677513
0.22 0.0101017 1.01157 0 0 0 569.472 324303 0.680044
0.23 0.0101002 1.00449 0 0 0 569.49 324323 0.662247
0.24 0.0100969 1.02969 0 0 0 569.475 324306 0.674337
0.25 0.0100965 1.01149 0 0 0 569.476 324307 0.684724
0.26 0.0100991 1.0287 0 0 0 569.476 324306 0.677435
0.27 0.0100943 1.02682 0 0 0 569.5 324334 0.665715
0.28 0.0100999 1.01664 0 0 0 569.509 324344 0.664439
0.29 0.0100975 1.02888 0 0 0 569.465 324294 0.680007
0.3 0.0101025 1.04221 0 0 0 569.499 324333 0.685413
0.31 0.0101013 1.01248 0 0 0 569.458 324286 0.683457
0.32 0.0100975 1.01221 0 0 0 569.496 324329 0.672466
0.33 0.0100994 1.00433 0 0 0 569.492 324325 0.674634
0.34 0.0100957 1.03002 0 0 0 569.482 324313 0.675116
0.35 0.0101043 1.03075 0 0 0 569.478 324310 0.679783
0.36 0.0101018 1.02115 0 0 0 569.456 324284 0.674234
0.37 0.0100967 1.01699 0 0 0 569.484 324316 0.678124
0.38 0.0100961 1.02839 0 0 0 569.502 324337 0.670787
0.39 0.0100967 1.04396 0 0 0 569.479 324310 0.669833
0.4 0.0101049 1.02887 0 0 0 569.472 324302 0.675959
0.41 0.0100926 1.01636 0 0 0 569.49 324322 0.663399
0.42 0.010104 1.00666 0 0 0 569.459 324287 0.673604
0.43 0.0100996 1.01794 0 0 0 569.477 324308 0.67469
0.44 0.0100995 1.02695 0 0 0 569.466 324296 0.680408
0.45 0.010093 1.04267 0 0 0 569.473 324304 0.674525
0.46 0.0101055 1.02106 0 0 0 569.487 324319 0.66788
0.47 0.0101028 1.01489 0 0 0 569.474 324305 0.675453
0.48 0.0100954 1.01764 0 0 0 569.473 324303 0.672511
0.49 0.0100972 1.0054 0 0 0 569.488 324320 0.672869
0.5 0.0101031 1.04238 0 0 0 569.471 324301 0.67245
0.51 0.0100969 1.01025 0 0 0 569.472 324303 0.66783
0.52 0.0101019 1.02883 0 0 0 569.466 324296 0.675667
0.53 0.0101019 1.02158 0 0 0 569.475 324305 0.66464
0.54 0.0100992 1.02048 0 0 0 569.5 324334 0.681131
0.55 0.0101003 1.04102 0 0 0 569.482 324314 0.672792
0.56 0.0100959 1.02674 0 0 0 569.459 324287 0.673118
0.57 0.010096 1.01198 0 0 0 569.474 324305 0.680269
0.58 0.0100937 1.02448 0 0 0 569.477 324307 0.669125
0.59 0.0100932 1.01712 0 0 0 569.472 324302 0.674902
0.6 0.010102 1.03392 0 0 0 569.48 324311 0.667889
0.61 0.0101012 1.03878 0 0 0 569.448 324275 0.673941
0.62 0.0100983 1.03378 0 0 0 569.469 324298 0.674057
0.63 0.0100998 1.01463 0 0 0 569.474 324304 0.677586
0.64 0.0101004 1.03518 0 0 0 569.476 324307 0.672053
0.65 0.0100973 1.02886 0 0 0 569.484 324316 0.678712
0.66 0.0100975 1.0134 0 0 0 569.491 324323 0.676238
0.67 0.0101019 1.02403 0 0 0 569.484 324316 0.680999
0.68 0.0101006 1.01246 0 0 0 569.452 324280 0.677959
0.69 0.0100973 1.0309 0 0 0 569.489 324321 0.661321
0.7 0.010103 1.02361 0 0 0 569.47 324300 0.674075
0.71 0.0100942 1.01263 0 0 0 569.479 324311 0.670385
0.72 0.0100967 1.04593 0 0 0 569.473 324303 0.678343
0.73 0.0100997 1.03315 0 0 0 569.471 324301 0.685695
0.74 0.0101018 1.04383 0 0 0 569.489 324321 0.685937
0.75 0.0100985 1.03107 0 0 0 569.481 324312 0.670373
0.76 0.0101009 1.01332 0 0 0 569.463 324292 0.672508
0.77 0.0100994 1.031 0 0 0 569.488 324320 0.679472
0.78 0.0100995 1.03466 0 0 0 569.476 324307 0.678454
0.79 0.0100996 1.03143 0 0 0 569.475 324306 0.683757
0.8 0.010098 1.02336 0 0 0 569.485 324317 0.669885
0.81 0.0100931 1.02173 0 0 0 569.497 324331 0.668908
0.82 0.0101031 1.03455 0 0 0 569.502 324336 0.672472
0.83 0.010097 1.00544 0 0 0 569.487 324320 0.672196
0.84 0.0101018 1.04345 0 0 0 569.454 324282 0.674016
0.85 0.0100944 1.01315 0 0 0 569.493 324326 0.682532
0.86 0.0100946 1.0229 0 0 0 569.461 324290 0.679144
0.87 0.0101045 1.02289 0 0 0 569.493 324326 0.665056
0.88 0.0100975 1.01398 0 0 0 569.492 324325 0.675754
0.89 0.0100997 1.03094 0 0 0 569.496 324329 0.682793
0.9 0.0100989 1.02854 0 0 0 569.479 324310 0.676904
0.91 0.0100957 1.01558 0 0 0 569.476 324306 0.672572
0.92 0.0100952 1.01549 0 0 0 569.482 324314 0.676206
0.93 0.0100945 1.02248 0 0 0 569.46 324289 0.681609
0.94 0.0100998 1.02616 0 0 0 569.468 324298 0.679307
0.95 0.0100942 1.02231 0 0 0 569.48 324312 0.671256
0.96 0.0101048 1.02915 0 0 0 569.48 324312 0.684676
0.97 0.0100978 1.03794 0 0 0 569.45 324277 0.675963
0.98 0.010097 1.00649 0 0 0 569.474 324305 0.669973
0.99 0.0101006 1.03397 0 0 0 569.482 324314 0.67759
1 0.0100989 1.04214 0 0 0 569.456 324284 0.683349
1.01 0.0101002 1.00706 0 0 0 569.472 324302 0.679114
1.02 0.010097 1.02346 0 0 0 569.483 324315 0.689873
1.03 0.0100975 1.01635 0 0 0 569.467 324297 0.665231
1.04 0.010102 1.01313 0 0 0 569.484 324316 0.670455
1.05 0.0100999 1.02794 0 0 0 569.469 324299 0.678142
1.06 0.0101055 1.01213 0 0 0 569.454 324281 0.683799
1.07 0.010098 1.01503 0 0 0 569.46 324289 0.671313
1.08 0.0100969 1.01288 0 0 0 569.482 324314 0.676107
1.09 0.0100976 1.01658 0 0 0 569.473 324303 0.674633
1.1 0.0100991 0.9991 0 0 0 569.466 324295 0.681888
1.11 0.00997361 1.05822 0.00115625 2.00738e-06 0.0386188 570.18 325110 0.703317
1.12 0.00989877 1.01012 0.00173611 3.01408e-06 0 570.498 325471 0.664052
1.13 0.00987751 1.02115 0.00173611 3.01408e-06 0 570.502 325476 0.678919
1.14 0.00968013 1.07019 0.00306128 9.91603e-06 0.0313669 571.302 326390 0.701181
1.15 0.00925724 1.90793 0.00541033 3.4235e-05 0.285888 572.646 327929 0.956832
1.16 0.00788062 1.0119 0.0121528 0.00014769 0 576.479 332332 0.674618
1.17 0.00501716 5.87647 0.025004 0.000641669 0.948638 583.847 340886 1.58226
1.18 -0.211464 253477 0.50997 0.446887 10760.7 853.876 787047 6785.89
1.19 -0.459989 1.00921 1 1 0 1126.8 1.26968e+06 0.22234
