0 0.0743171 0.000394435
1 0.0747454 0.000510517
2 0.0752315 0.000566696
3 0.0761111 0.000634589
4 0.0764815 0.000686643
5 0.0765162 0.000730378
6 0.0773032 0.000767161
7 0.0779282 0.000797946
8 0.0781713 0.000827356
9 0.0787153 0.000853949
10 0.0791319 0.000935608
11 0.0803704 0.0009658
12 0.0805208 0.00098273
13 0.08125 0.00102442
14 0.0815741 0.00106355
15 0.0822106 0.00109069
16 0.082581 0.00108974
17 0.0836458 0.00114578
18 0.0841667 0.00116165
19 0.0852431 0.00118483
20 0.085463 0.00122959
21 0.0858681 0.00126646
22 0.0860185 0.0012864
23 0.0862847 0.0012707
24 0.0867361 0.00130873
25 0.0870486 0.0012995
26 0.0878009 0.00127791
27 0.0880556 0.00127789
28 0.0881481 0.00129051
29 0.0886111 0.00128643
30 0.0889815 0.00128823
31 0.0895139 0.00129272
32 0.0898843 0.0013349
33 0.0902431 0.0013779
34 0.0911574 0.00136218
35 0.0910185 0.0013773
36 0.090706 0.00141847
37 0.0911574 0.00139541
38 0.0922338 0.00140788
39 0.0924769 0.00143357
40 0.0929398 0.00144269
41 0.0934838 0.00145214
42 0.0937963 0.00148563
43 0.0941319 0.00154789
44 0.0946181 0.00161704
45 0.0946181 0.00162868
46 0.0951736 0.00164987
47 0.0949074 0.00163696
48 0.095 0.00160485
49 0.0948958 0.00157031
50 0.0957176 0.0015914
51 0.0959606 0.00157125
52 0.096713 0.00154942
53 0.0971412 0.00167103
54 0.0970718 0.00169029
55 0.0976968 0.00175674
56 0.0979977 0.00180032
57 0.0985301 0.00185467
58 0.0987269 0.00187297
59 0.0993287 0.00186055
60 0.0993287 0.00191113
61 0.0994329 0.00186998
62 0.0999306 0.00186386
63 0.100312 0.00190652
64 0.10044 0.00192279
65 0.101343 0.00193114
66 0.1014 0.001959
67 0.101759 0.00196744
68 0.102002 0.00199665
69 0.102778 0.00200736
70 0.10265 0.00199204
71 0.10331 0.00203228
72 0.104039 0.00203724
73 0.104502 0.0020428
74 0.104294 0.00204845
75 0.105116 0.00204679
76 0.105579 0.00209215
77 0.10662 0.00213278
78 0.106852 0.00214646
79 0.107106 0.00220679
80 0.107442 0.00221827
81 0.107037 0.00219718
82 0.106817 0.00221187
83 0.107593 0.00225269
84 0.108611 0.00227574
85 0.108507 0.00225274
86 0.109271 0.00232067
87 0.109965 0.0023075
88 0.110451 0.00233353
89 0.110764 0.00230211
90 0.111146 0.00233323
91 0.111435 0.00237657
92 0.111632 0.00239025
93 0.111667 0.00245498
94 0.111435 0.00248939
95 0.11184 0.0025163
96 0.112199 0.00254248
97 0.112558 0.00256524
98 0.112292 0.00260498
99 0.112431 0.00256906
100 0.112894 0.00257751
101 0.113588 0.00254173
102 0.113819 0.002551
103 0.113993 0.00255731
104 0.114873 0.00260236
105 0.114873 0.00263515
106 0.115231 0.00274281
107 0.115521 0.00280626
108 0.115208 0.0028267
109 0.114618 0.00281593
110 0.115012 0.00280689
111 0.115741 0.00281684
112 0.11566 0.00283613
113 0.115417 0.00285628
114 0.115845 0.00287633
115 0.116979 0.00297576
116 0.117095 0.0030304
117 0.117604 0.00311291
118 0.11787 0.00312843
119 0.118333 0.00317244
120 0.118912 0.00324977
121 0.118773 0.00332823
122 0.119155 0.00335462
123 0.119109 0.00339895
124 0.119317 0.00352939
125 0.119155 0.00360043
126 0.119664 0.00360926
127 0.120486 0.00366955
128 0.121134 0.00377028
129 0.12147 0.00382093
130 0.121817 0.00384769
131 0.122049 0.00394775
132 0.122384 0.00396418
133 0.122407 0.00403262
134 0.122581 0.0041079
135 0.122697 0.00417718
136 0.123148 0.00421626
137 0.122801 0.00435178
138 0.123056 0.00435379
139 0.123588 0.0044371
140 0.123125 0.00446701
141 0.123241 0.00455939
142 0.123287 0.00465839
143 0.12434 0.00474657
144 0.125104 0.00484895
145 0.125579 0.00491599
146 0.125961 0.00493698
147 0.126088 0.00500326
148 0.126481 0.0050402
149 0.127049 0.00508037
150 0.127083 0.00520406
151 0.127442 0.00525129
152 0.127917 0.00540697
153 0.128345 0.00552601
154 0.1289 0.00562004
155 0.128981 0.00578823
156 0.129421 0.00586072
157 0.130139 0.00598132
158 0.131215 0.00606142
159 0.131562 0.00612982
160 0.131875 0.00617767
161 0.132083 0.00621571
162 0.131586 0.00633379
163 0.131725 0.00637687
164 0.132604 0.0064672
165 0.133438 0.00654411
166 0.133218 0.00662231
167 0.133634 0.00667681
168 0.133808 0.00673554
169 0.133866 0.00682724
170 0.134699 0.00686143
171 0.135394 0.00691471
172 0.136157 0.00699833
173 0.137106 0.00711445
174 0.137546 0.00715707
175 0.1375 0.00725614
176 0.138148 0.00731995
177 0.138646 0.00737863
178 0.139201 0.00745617
179 0.138993 0.00752928
180 0.139456 0.00761563
181 0.139907 0.00769127
182 0.140313 0.00774786
183 0.141007 0.00786974
184 0.141412 0.00795161
185 0.1414 0.00808168
186 0.141852 0.0082412
187 0.142581 0.00842507
188 0.14338 0.00851832
189 0.143634 0.00861229
190 0.143981 0.00867888
191 0.144387 0.00880519
192 0.144271 0.00893966
193 0.145324 0.00905413
194 0.145903 0.00920736
195 0.146887 0.00937398
196 0.14728 0.00949443
197 0.147928 0.00963134
198 0.148715 0.00973329
199 0.150671 0.00986912
200 0.151655 0.00999498
201 0.152442 0.01017
202 0.152801 0.0103332
203 0.153553 0.0105403
204 0.153426 0.0107144
205 0.154109 0.0108875
206 0.155961 0.0110166
207 0.155799 0.011155
208 0.156562 0.0112845
209 0.156933 0.011382
210 0.157338 0.011516
211 0.158137 0.011661
212 0.158576 0.0117162
213 0.15941 0.0117832
214 0.159884 0.0118315
215 0.160405 0.0119231
216 0.161632 0.0120286
217 0.162477 0.012122
218 0.163507 0.0121985
219 0.164606 0.012257
220 0.16522 0.0123537
221 0.165775 0.0124049
222 0.165949 0.0124798
223 0.16625 0.012556
224 0.166586 0.0125846
225 0.166782 0.0126876
226 0.166806 0.0127725
227 0.167743 0.0128629
228 0.168322 0.0129319
229 0.168565 0.0130171
230 0.168981 0.0130921
231 0.169722 0.0131857
232 0.170255 0.013269
233 0.171794 0.0133145
234 0.17169 0.0133779
235 0.172187 0.0134725
236 0.172072 0.0135207
237 0.173414 0.0135801
238 0.173877 0.013586
239 0.174039 0.0136258
240 0.174942 0.0137023
241 0.175637 0.0137478
242 0.176343 0.0137714
243 0.176273 0.0138109
244 0.177303 0.0138623
245 0.177731 0.0139306
246 0.177998 0.0139399
247 0.178796 0.0140237
248 0.179942 0.0140496
249 0.179815 0.0141386
250 0.181273 0.0141805
251 0.182141 0.0142467
252 0.182639 0.0143306
253 0.183171 0.0143591
254 0.183727 0.0144595
255 0.185046 0.0144854
256 0.186215 0.0145497
257 0.18728 0.0146191
258 0.188148 0.0146755
259 0.1886 0.0147134
260 0.189144 0.0148308
261 0.189757 0.014915
262 0.190208 0.0149949
263 0.19169 0.0150348
264 0.191968 0.0151405
265 0.191991 0.0152371
266 0.193264 0.0153568
267 0.195278 0.0154307
268 0.196574 0.0155021
269 0.197396 0.0155571
270 0.198229 0.0156305
271 0.198947 0.0157276
272 0.199907 0.0157914
273 0.201759 0.0159217
274 0.203507 0.0160027
275 0.204514 0.016081
276 0.205556 0.0162295
277 0.206944 0.0163188
278 0.207523 0.0164365
279 0.208657 0.0165456
280 0.209398 0.0166764
281 0.210394 0.0167993
282 0.211933 0.016891
283 0.21353 0.0169713
284 0.213773 0.0170898
285 0.215475 0.0171551
286 0.217338 0.0172587
287 0.218345 0.0173485
288 0.219931 0.0174997
289 0.221817 0.017594
290 0.223113 0.0176793
291 0.224792 0.0177792
292 0.225451 0.0179048
293 0.226169 0.0180178
294 0.228252 0.0181312
295 0.229433 0.0182261
296 0.231262 0.0183096
297 0.232477 0.0184048
298 0.233009 0.0185135
299 0.233762 0.0186228
300 0.234294 0.0187456
301 0.235243 0.0188596
302 0.236296 0.0190525
303 0.237523 0.0191845
304 0.239549 0.0192942
305 0.240984 0.0194262
306 0.24287 0.0195398
307 0.244421 0.0196476
308 0.246076 0.0197903
309 0.247766 0.0199133
310 0.249884 0.0200712
311 0.251516 0.0201876
312 0.253507 0.0202875
313 0.25625 0.0204891
314 0.259016 0.0205977
315 0.259699 0.0207664
316 0.262176 0.0209577
317 0.26397 0.0211391
318 0.265428 0.0212814
319 0.267512 0.0214505
320 0.270347 0.0216518
321 0.271308 0.021784
322 0.274144 0.0219914
323 0.27603 0.0221879
324 0.27794 0.022355
325 0.27963 0.0225963
326 0.282176 0.0227729
327 0.284838 0.0229943
328 0.287442 0.0231908
329 0.29022 0.0234479
330 0.292523 0.0236791
331 0.294144 0.0239116
332 0.295914 0.0240801
333 0.297373 0.024289
334 0.299965 0.024466
335 0.301806 0.0246492
336 0.303542 0.0248207
337 0.305475 0.0250331
338 0.307697 0.0252194
339 0.310625 0.0253118
340 0.312523 0.0254787
341 0.313634 0.0255692
342 0.315509 0.0257217
343 0.317766 0.0258754
344 0.31934 0.026002
345 0.321227 0.0261544
346 0.322975 0.0262709
347 0.324676 0.0264373
348 0.325694 0.0265737
349 0.328194 0.0267101
350 0.330544 0.0268844
351 0.331991 0.027066
352 0.334282 0.0272215
353 0.336296 0.0273315
354 0.337454 0.0274287
355 0.338866 0.0275579
356 0.340926 0.0276523
357 0.342639 0.027716
358 0.343981 0.0278462
359 0.345509 0.0279626
360 0.347014 0.0280434
361 0.3489 0.0281262
362 0.350833 0.0281748
363 0.352512 0.0282572
364 0.353542 0.0283274
365 0.355185 0.0283906
366 0.356597 0.0284967
367 0.358681 0.0285182
368 0.35985 0.0285921
369 0.361076 0.0286487
370 0.362812 0.0287251
371 0.36397 0.0287743
372 0.365556 0.0288332
373 0.366447 0.0288942
374 0.367697 0.0289465
375 0.368843 0.0289956
376 0.369896 0.0290676
377 0.370637 0.0291077
378 0.372176 0.0291729
379 0.374225 0.0291743
380 0.375255 0.029242
381 0.376713 0.0292644
382 0.377894 0.0293392
383 0.379502 0.0294004
384 0.38162 0.0294262
385 0.382824 0.0294857
386 0.385185 0.0295217
387 0.38669 0.0295704
388 0.38838 0.0296468
389 0.389861 0.0297104
390 0.391817 0.0297335
391 0.394028 0.0297552
392 0.395648 0.0297979
393 0.397188 0.0298063
394 0.399201 0.0298733
395 0.400532 0.0299064
396 0.402292 0.029971
397 0.404236 0.0300435
398 0.405683 0.030177
399 0.406956 0.0302508
400 0.409514 0.0303093
401 0.411516 0.0303671
402 0.413461 0.0304508
403 0.415324 0.0305312
404 0.417431 0.0306021
405 0.419317 0.030654
406 0.420718 0.030703
407 0.422037 0.0307739
408 0.424271 0.0308178
409 0.426123 0.0309018
410 0.427917 0.0309322
411 0.429282 0.0309827
412 0.430949 0.0310585
413 0.433113 0.0310918
414 0.434213 0.031159
415 0.436227 0.0312057
416 0.437801 0.0312479
417 0.439387 0.0312992
418 0.440301 0.0313777
419 0.44228 0.0313612
420 0.443704 0.031402
421 0.445532 0.0314303
422 0.446169 0.0315101
423 0.448032 0.031508
424 0.449861 0.031563
425 0.451667 0.0316053
426 0.453437 0.0316836
427 0.454606 0.0317472
428 0.455949 0.0318247
429 0.45765 0.031864
430 0.459144 0.0319205
431 0.460706 0.0319601
432 0.462616 0.0320136
433 0.463877 0.0320748
434 0.465463 0.0321122
435 0.466528 0.0321355
436 0.467488 0.0322033
437 0.468877 0.0322224
438 0.470012 0.0322606
439 0.472257 0.0322804
440 0.474282 0.0322763
441 0.475417 0.0323268
442 0.476956 0.032331
443 0.4786 0.0323617
444 0.480868 0.0323512
445 0.482164 0.0324127
446 0.483542 0.0323947
447 0.484792 0.0324281
448 0.486042 0.0324595
449 0.487361 0.0325071
450 0.489074 0.0325121
451 0.490498 0.0325295
452 0.491678 0.0325659
453 0.493565 0.0325547
454 0.495509 0.0325346
455 0.497002 0.0325209
456 0.498542 0.0325253
457 0.500451 0.0325069
458 0.502234 0.0325219
459 0.504201 0.0325218
460 0.506458 0.0325387
461 0.508414 0.0325461
462 0.510139 0.0325656
463 0.511979 0.032608
464 0.514051 0.0326349
465 0.515914 0.0326754
466 0.518079 0.0327011
467 0.519769 0.0327258
468 0.522037 0.032748
469 0.524421 0.0327845
470 0.526169 0.0328053
471 0.528252 0.0328317
472 0.530289 0.0328911
473 0.532477 0.0329335
474 0.534861 0.0329885
475 0.5364 0.033066
476 0.53838 0.0330909
477 0.540301 0.033097
478 0.54191 0.0331337
479 0.543519 0.0332402
480 0.546146 0.0332557
481 0.54831 0.0333023
482 0.550382 0.0333086
483 0.552188 0.0333595
484 0.553773 0.0334184
485 0.555069 0.0334405
486 0.555891 0.0335089
487 0.557326 0.0335384
488 0.559155 0.0335763
489 0.560914 0.033605
490 0.562569 0.0336668
491 0.563206 0.0337272
492 0.564722 0.0337553
493 0.566076 0.0337727
494 0.567292 0.0337538
495 0.568461 0.0337826
496 0.569294 0.0337861
497 0.570069 0.0338082
498 0.571262 0.0337794
499 0.572095 0.0337552
500 0.57294 0.0337608
501 0.574028 0.033761
502 0.575255 0.0337337
503 0.576447 0.03369
504 0.576759 0.0337031
505 0.577569 0.0336842
506 0.57853 0.0336767
507 0.579433 0.03365
508 0.580579 0.0336215
509 0.581956 0.0335807
510 0.582882 0.0335231
511 0.584155 0.0335021
512 0.585208 0.033483
513 0.5861 0.0334683
514 0.587118 0.0334264
515 0.587431 0.0334539
516 0.588542 0.0334183
517 0.589271 0.0334014
518 0.59022 0.0334029
519 0.59147 0.0333403
520 0.591829 0.0333478
521 0.592708 0.0333538
522 0.59338 0.0333522
523 0.594375 0.0333374
524 0.59566 0.0333112
525 0.596609 0.0333107
526 0.597731 0.0332969
527 0.598889 0.033279
528 0.600359 0.0332342
529 0.602083 0.0331876
530 0.604039 0.0331274
531 0.605787 0.0330961
532 0.606505 0.033128
533 0.607859 0.0331163
534 0.6089 0.0331314
535 0.610891 0.0330713
536 0.612095 0.0330707
537 0.613391 0.0330841
538 0.615463 0.033062
539 0.616748 0.0330494
540 0.618275 0.0330461
541 0.620104 0.0330166
542 0.621123 0.0330368
543 0.622905 0.0330528
544 0.623727 0.0330855
545 0.625475 0.0330925
546 0.627037 0.0330924
547 0.628762 0.033098
548 0.630833 0.0330555
549 0.632269 0.0330467
550 0.633588 0.0330518
551 0.635069 0.0330446
552 0.636435 0.0330616
553 0.638287 0.0330604
554 0.639479 0.0330695
555 0.640718 0.0330839
556 0.64206 0.0330957
557 0.643704 0.0330918
558 0.645359 0.0330584
559 0.646736 0.0330665
560 0.647558 0.0331113
561 0.649097 0.0331014
562 0.650856 0.0330826
563 0.652685 0.0330746
564 0.653553 0.0331179
565 0.65478 0.0331244
566 0.655613 0.0331474
567 0.656296 0.033185
568 0.657662 0.0331577
569 0.658102 0.0331742
570 0.659676 0.0331422
571 0.661169 0.0331026
572 0.662616 0.0330544
573 0.663657 0.0330325
574 0.66463 0.0330228
575 0.666181 0.0329686
576 0.666933 0.0329809
577 0.667616 0.0329808
578 0.668322 0.0329834
579 0.6689 0.0329951
580 0.66978 0.0329724
581 0.670741 0.0329418
582 0.671852 0.0329252
583 0.673056 0.0328928
584 0.67397 0.0328537
585 0.674803 0.0328504
586 0.67566 0.0328284
587 0.676088 0.0328444
588 0.677373 0.0328279
589 0.678588 0.03279
590 0.679664 0.0327462
591 0.680556 0.032755
592 0.681285 0.0327362
593 0.682419 0.0327071
594 0.6836 0.0326676
595 0.684618 0.0326234
596 0.685648 0.0326095
597 0.686458 0.0326254
598 0.687187 0.0326521
599 0.688414 0.0326034
600 0.689213 0.0326106
601 0.690382 0.0325601
602 0.690926 0.032554
603 0.69147 0.0325697
604 0.692222 0.0325587
605 0.6936 0.0324853
606 0.694144 0.0324978
607 0.69463 0.0324735
608 0.694792 0.0324763
609 0.695648 0.0324659
610 0.696771 0.0324055
611 0.697731 0.0323838
612 0.69838 0.0323698
613 0.699734 0.0322875
614 0.700301 0.0322804
615 0.701227 0.0322452
616 0.702245 0.0322006
617 0.702963 0.0321877
618 0.703553 0.0321636
619 0.704271 0.0321559
620 0.70522 0.0321216
621 0.706019 0.0321038
622 0.706771 0.0320944
623 0.70816 0.032012
624 0.708912 0.0320034
625 0.710324 0.03193
626 0.711528 0.0318983
627 0.712627 0.0318809
628 0.71412 0.0318184
629 0.715336 0.0317731
630 0.716065 0.0317592
631 0.716863 0.0317465
632 0.71809 0.0317269
633 0.719479 0.031703
634 0.720579 0.0316761
635 0.721551 0.0316511
636 0.721921 0.0316676
637 0.722928 0.0316308
638 0.723819 0.0316231
639 0.724826 0.0316083
640 0.725347 0.0316394
641 0.726586 0.0316422
642 0.727326 0.0316656
643 0.728345 0.0316455
644 0.728993 0.0316827
645 0.730197 0.0316817
646 0.73162 0.031643
647 0.732569 0.031635
648 0.733218 0.0316551
649 0.734248 0.0315927
650 0.734907 0.0315738
651 0.735822 0.0315475
652 0.736586 0.0315331
653 0.73713 0.0314884
654 0.737639 0.0315082
655 0.738218 0.031463
656 0.7389 0.0314551
657 0.73941 0.0314328
658 0.739826 0.0314159
659 0.74066 0.0313868
660 0.741331 0.0313598
661 0.742002 0.0312966
662 0.742836 0.0312602
663 0.743738 0.0311949
664 0.744352 0.0311696
665 0.745116 0.0311084
666 0.745706 0.0310869
667 0.746389 0.0310334
668 0.74713 0.0310026
669 0.747766 0.0309707
670 0.748322 0.030926
671 0.748808 0.0308907
672 0.748819 0.0309023
673 0.749201 0.0309066
674 0.749664 0.0308872
675 0.750602 0.030841
676 0.751435 0.0307775
677 0.751863 0.0307574
678 0.75287 0.0306935
679 0.753773 0.0306676
680 0.754317 0.0306666
681 0.754595 0.0306858
682 0.755532 0.0306378
683 0.756458 0.0305802
684 0.75765 0.0305101
685 0.758102 0.0304961
686 0.758924 0.03043
687 0.759711 0.03041
688 0.760498 0.030393
689 0.761088 0.0303915
690 0.76169 0.0303592
691 0.762685 0.0302809
692 0.763183 0.0302805
693 0.763958 0.0302229
694 0.764884 0.0301814
695 0.765822 0.0301285
696 0.766343 0.0301174
697 0.767037 0.0301114
698 0.767778 0.0300911
699 0.768669 0.0300518
700 0.769317 0.0300335
701 0.770637 0.0299542
702 0.771493 0.0299131
703 0.771968 0.0298826
704 0.772801 0.0298429
705 0.773553 0.0298131
706 0.774525 0.0297444
707 0.775718 0.0296577
708 0.776076 0.0296675
709 0.776759 0.0296689
710 0.777998 0.0295755
711 0.778241 0.0295936
712 0.7789 0.0295763
713 0.779676 0.0295395
714 0.780544 0.0295159
715 0.7814 0.0295034
716 0.782257 0.0294664
717 0.783229 0.0294239
718 0.78375 0.029412
719 0.784178 0.0294196
720 0.784873 0.0294163
721 0.78559 0.0293736
722 0.786678 0.0293267
723 0.787523 0.0292779
724 0.788565 0.0292342
725 0.789178 0.029195
726 0.79 0.0291492
727 0.790775 0.0291263
728 0.791215 0.0291632
729 0.791933 0.0291446
730 0.7925 0.0291527
731 0.793171 0.0291197
732 0.794201 0.0290987
733 0.794931 0.0290872
734 0.795683 0.0290315
735 0.796644 0.0290003
736 0.797581 0.0289474
737 0.798264 0.0289286
738 0.799005 0.0288865
739 0.799711 0.0288702
740 0.800301 0.0288631
741 0.801157 0.0288384
742 0.802014 0.0287584
743 0.802975 0.028714
744 0.803113 0.02876
745 0.803854 0.0287139
746 0.804225 0.0287177
747 0.805081 0.028647
748 0.805741 0.0285987
749 0.806505 0.0285673
750 0.807141 0.028497
751 0.807963 0.0284279
752 0.808507 0.0283808
753 0.808843 0.0283691
754 0.809213 0.0283573
755 0.810185 0.0282513
756 0.810683 0.0282302
757 0.811343 0.028174
758 0.811933 0.0281436
759 0.812627 0.0280861
760 0.81309 0.0280763
761 0.8139 0.0280215
762 0.814803 0.0279208
763 0.815046 0.0279378
764 0.816192 0.0278445
765 0.817002 0.0277827
766 0.81787 0.027726
767 0.818194 0.0277295
768 0.81912 0.0276574
769 0.819687 0.0276397
770 0.820752 0.027564
771 0.821285 0.0275484
772 0.821829 0.0275309
773 0.823009 0.0274356
774 0.823773 0.0273866
775 0.824954 0.0272795
776 0.825961 0.0271619
777 0.826424 0.0271554
778 0.826944 0.0271162
779 0.827951 0.0270295
780 0.828391 0.0270018
781 0.829213 0.0269413
782 0.829931 0.0269044
783 0.831019 0.0268085
784 0.83162 0.0267647
785 0.832338 0.0266917
786 0.832951 0.0266666
787 0.833657 0.0266087
788 0.834236 0.0265953
789 0.835012 0.0265146
790 0.835428 0.0264894
791 0.836181 0.0264443
792 0.836817 0.026381
793 0.83728 0.0263843
794 0.837963 0.0263364
795 0.838634 0.0262837
796 0.839421 0.0262262
797 0.840104 0.0261637
798 0.840718 0.0261269
799 0.8411 0.026117
800 0.841875 0.0260565
801 0.842523 0.0260115
802 0.843299 0.0259403
803 0.843935 0.0259206
804 0.844352 0.0259139
805 0.844965 0.0258692
806 0.845949 0.0257977
807 0.847083 0.0257176
808 0.84772 0.0256589
809 0.848414 0.025607
810 0.849213 0.0255575
811 0.849965 0.0254849
812 0.850613 0.025465
813 0.851319 0.0254304
814 0.851551 0.0254293
815 0.85213 0.0253987
816 0.852743 0.0253688
817 0.853426 0.0253525
818 0.853924 0.0253285
819 0.854479 0.0253195
820 0.855405 0.0252516
821 0.856343 0.0251997
822 0.857199 0.0251329
823 0.857963 0.0251055
824 0.858461 0.0250991
825 0.859375 0.0250618
826 0.860417 0.0250021
827 0.861215 0.0249536
828 0.861736 0.0249669
829 0.862407 0.0249379
830 0.863218 0.0249079
831 0.864167 0.0248314
832 0.864838 0.0248248
833 0.865926 0.0247771
834 0.866435 0.0247807
835 0.867234 0.0247635
836 0.867546 0.0248092
837 0.86794 0.0248149
838 0.868669 0.0247789
839 0.869375 0.0247437
840 0.870116 0.0247089
841 0.87066 0.0247055
842 0.871204 0.0246988
843 0.871898 0.0246345
844 0.872303 0.0245895
845 0.87265 0.0245909
846 0.872951 0.0245689
847 0.873264 0.0245577
848 0.873669 0.0245099
849 0.87375 0.0245358
850 0.873831 0.0245597
851 0.874259 0.0245146
852 0.874213 0.0245268
853 0.874479 0.024509
854 0.874676 0.0245005
855 0.874815 0.024513
856 0.874502 0.0245639
857 0.87434 0.0246198
858 0.874641 0.0245579
859 0.874792 0.0245616
860 0.875139 0.0245168
861 0.875185 0.0245402
862 0.875417 0.0244995
863 0.875498 0.0245046
864 0.875521 0.0245247
865 0.875197 0.02458
866 0.875394 0.0245579
867 0.875475 0.0245554
868 0.875602 0.0245305
869 0.875938 0.0244849
870 0.875856 0.0245074
871 0.875891 0.0245052
872 0.876076 0.0244801
873 0.876146 0.0244808
874 0.876146 0.0244769
875 0.876319 0.0244566
876 0.876725 0.0243844
877 0.877222 0.0242926
878 0.877512 0.0242379
879 0.877384 0.024271
880 0.877465 0.024264
881 0.877373 0.0242809
882 0.877431 0.0242742
883 0.877766 0.024216
884 0.87794 0.0241801
885 0.877836 0.0242095
886 0.877882 0.0242018
887 0.878148 0.0241574
888 0.878322 0.024127
889 0.878495 0.024094
890 0.87875 0.0240538
891 0.878669 0.0240666
892 0.878831 0.0240379
893 0.878912 0.0240395
894 0.879294 0.0239754
895 0.879491 0.0239405
896 0.879433 0.0239679
897 0.87985 0.0238985
898 0.88 0.0238677
899 0.880602 0.023765
900 0.880787 0.023736
901 0.880891 0.0237295
902 0.88103 0.023717
903 0.881227 0.0236884
904 0.881447 0.0236653
905 0.881713 0.0236228
906 0.88191 0.023588
907 0.88235 0.023516
908 0.882465 0.023515
909 0.882951 0.0234504
910 0.882812 0.0234908
911 0.883148 0.0234532
912 0.883194 0.0234823
913 0.883553 0.0234389
914 0.883669 0.0234482
915 0.884132 0.0233833
916 0.884641 0.0233235
917 0.884942 0.0232932
918 0.885278 0.0232612
919 0.885741 0.0232237
920 0.886134 0.0231981
921 0.886053 0.0232215
922 0.886609 0.0231621
923 0.887292 0.0230962
924 0.887569 0.0231019
925 0.887917 0.0230773
926 0.888206 0.0230756
927 0.888623 0.0230538
928 0.889167 0.0229994
929 0.889259 0.0230149
930 0.889722 0.0229748
931 0.889884 0.0229921
932 0.890035 0.0229829
933 0.89037 0.0229792
934 0.890741 0.0229532
935 0.890961 0.0229285
936 0.891366 0.0228907
937 0.891551 0.0228956
938 0.891771 0.0228573
939 0.892095 0.0228347
940 0.892419 0.022813
941 0.892639 0.0227933
942 0.892708 0.0228106
943 0.892986 0.0227938
944 0.893715 0.0226766
945 0.894005 0.0226378
946 0.894225 0.0226339
947 0.894734 0.0225607
948 0.895324 0.0225013
949 0.895764 0.022443
950 0.896042 0.0224226
951 0.896019 0.0224529
952 0.896632 0.0223912
953 0.897141 0.0223444
954 0.897546 0.0222983
955 0.89831 0.0222284
956 0.898449 0.0222499
957 0.898785 0.0222258
958 0.899062 0.0222205
959 0.89934 0.0222145
960 0.89963 0.0221858
961 0.900012 0.0221604
962 0.900174 0.0221448
963 0.90037 0.0221245
964 0.900764 0.0220694
965 0.901157 0.0220165
966 0.901296 0.0219926
967 0.901736 0.0219184
968 0.902002 0.0218903
969 0.902269 0.0218641
970 0.9025 0.0218462
971 0.902627 0.0218388
972 0.90287 0.021816
973 0.902963 0.0218162
974 0.903056 0.0218183
975 0.903194 0.02178
976 0.903183 0.0218178
977 0.903426 0.0217769
978 0.903588 0.0217611
979 0.903692 0.0217332
980 0.903993 0.0216845
981 0.904352 0.0216232
982 0.904479 0.0216212
983 0.90463 0.0215948
984 0.904826 0.0215746
985 0.904896 0.0215853
986 0.905197 0.0215477
987 0.905405 0.0215254
988 0.905451 0.0215281
989 0.905694 0.021491
990 0.905602 0.0215202
991 0.906215 0.0214031
992 0.906667 0.0213189
993 0.906921 0.0212943
994 0.907106 0.0212869
995 0.907222 0.0212737
996 0.907569 0.0212138
997 0.907998 0.0211518
998 0.908368 0.0211194
999 0.908773 0.021059
1000 0.909132 0.0210359
1001 0.909606 0.020981
1002 0.909572 0.02102
1003 0.910185 0.0209526
1004 0.910532 0.0209267
1005 0.911088 0.0208532
1006 0.911435 0.0208503
1007 0.911655 0.0208418
1008 0.911933 0.0208387
1009 0.912384 0.0207741
1010 0.912824 0.0207418
1011 0.912975 0.0207527
1012 0.913461 0.020695
1013 0.913669 0.0206931
1014 0.914225 0.0206301
1015 0.914549 0.0206014
1016 0.914977 0.0205482
1017 0.915231 0.0205233
1018 0.91544 0.0205142
1019 0.915521 0.020542
1020 0.915752 0.020529
1021 0.9161 0.0204908
1022 0.916262 0.0204971
1023 0.916562 0.020458
1024 0.916586 0.0204817
1025 0.916713 0.0204744
1026 0.91706 0.0204063
1027 0.91706 0.0204443
1028 0.9175 0.0203664
1029 0.917801 0.0203198
1030 0.917789 0.0203267
1031 0.917905 0.0203131
1032 0.918137 0.0202746
1033 0.91809 0.0203024
1034 0.918218 0.0202749
1035 0.918542 0.0202307
1036 0.918657 0.0202442
1037 0.918785 0.0202311
1038 0.919236 0.0201519
1039 0.919375 0.020135
1040 0.919907 0.0200418
1041 0.92015 0.0200206
1042 0.92044 0.0199964
1043 0.920729 0.019978
1044 0.920926 0.0199712
1045 0.921192 0.0199337
1046 0.921424 0.0199221
1047 0.921713 0.0199075
1048 0.921817 0.0199334
1049 0.92206 0.0199004
1050 0.922396 0.0198577
1051 0.922743 0.0198104
1052 0.923044 0.0197639
1053 0.923391 0.0197122
1054 0.923657 0.0196753
1055 0.923877 0.019634
1056 0.924132 0.0196046
1057 0.92419 0.0196346
1058 0.924271 0.0196351
1059 0.924595 0.019573
1060 0.924525 0.0195908
1061 0.924479 0.0196385
1062 0.924896 0.0195595
1063 0.925197 0.0195075
1064 0.92544 0.0194796
1065 0.92566 0.0194397
1066 0.925637 0.0194762
1067 0.925718 0.0194647
1068 0.925995 0.0194432
1069 0.926169 0.0194176
1070 0.926343 0.0193922
1071 0.926412 0.0194026
1072 0.926516 0.0194148
1073 0.926678 0.0193858
1074 0.926933 0.0193515
1075 0.927072 0.0193428
1076 0.927419 0.0192621
1077 0.927604 0.0192311
1078 0.927743 0.0192107
1079 0.927905 0.0191739
1080 0.92838 0.0190714
1081 0.92838 0.0190836
1082 0.928588 0.0190239
1083 0.928704 0.0190191
1084 0.928831 0.0189853
1085 0.929086 0.0189402
1086 0.929329 0.0188932
1087 0.929282 0.0189169
1088 0.929572 0.0188608
1089 0.929699 0.0188535
1090 0.929907 0.0188068
1091 0.930208 0.0187462
1092 0.930243 0.0187445
1093 0.930046 0.018805
1094 0.930312 0.0187486
1095 0.930613 0.0186918
1096 0.931076 0.0185919
1097 0.931308 0.018562
1098 0.931505 0.0185163
1099 0.932025 0.0183938
1100 0.932535 0.018288
1101 0.932685 0.0182696
1102 0.93287 0.0182287
1103 0.933113 0.0181784
1104 0.933403 0.0181302
1105 0.933692 0.0180759
1106 0.93419 0.0179876
1107 0.934421 0.0179664
1108 0.934502 0.0179634
1109 0.934734 0.0179091
1110 0.935231 0.0178217
1111 0.935266 0.0178408
1112 0.935475 0.0178169
1113 0.935822 0.0177757
1114 0.936238 0.0177024
1115 0.936701 0.0176229
1116 0.937164 0.0175612
1117 0.937454 0.0175255
1118 0.937986 0.0174492
1119 0.938461 0.0173658
1120 0.939005 0.0172685
1121 0.939421 0.0172352
1122 0.939699 0.0172293
1123 0.940278 0.0171336
1124 0.940544 0.0171159
1125 0.9411 0.0170462
1126 0.941505 0.0170004
1127 0.941817 0.0169742
1128 0.942083 0.0169203
1129 0.942269 0.0169433
1130 0.942488 0.0169218
1131 0.942593 0.0169317
1132 0.943056 0.0168593
1133 0.943322 0.0168204
1134 0.943704 0.0167827
1135 0.943947 0.0167696
1136 0.943924 0.0167878
1137 0.94419 0.0167363
1138 0.944375 0.0167365
1139 0.944572 0.016724
1140 0.944826 0.0166789
1141 0.945093 0.0166474
1142 0.945359 0.0165887
1143 0.945637 0.016561
1144 0.945984 0.0165082
1145 0.946343 0.0164548
1146 0.94662 0.016429
1147 0.946516 0.0164805
1148 0.946921 0.0164485
1149 0.947141 0.0164203
1150 0.947419 0.0163889
1151 0.947662 0.0163648
1152 0.947882 0.0163505
1153 0.948056 0.0163353
1154 0.948206 0.0163427
1155 0.948495 0.0162708
1156 0.948704 0.0162425
1157 0.948657 0.0162895
1158 0.948831 0.0162402
1159 0.948657 0.0163192
1160 0.948611 0.0163282
1161 0.948727 0.0163154
1162 0.948947 0.0162799
1163 0.949236 0.0162143
1164 0.949294 0.0162201
1165 0.949502 0.016164
1166 0.949491 0.0161926
1167 0.949468 0.0162036
1168 0.949537 0.0161998
1169 0.949688 0.0161588
1170 0.949826 0.0161309
1171 0.949965 0.0160883
1172 0.950266 0.0160294
1173 0.95044 0.0159815
1174 0.950532 0.0159965
1175 0.950706 0.015956
1176 0.950648 0.0159751
1177 0.950856 0.0159508
1178 0.950903 0.0159593
1179 0.951007 0.0159387
1180 0.951007 0.0159768
1181 0.951157 0.0159471
1182 0.951227 0.015945
1183 0.951331 0.0159318
1184 0.951308 0.015952
1185 0.951296 0.0159782
1186 0.951366 0.0159739
1187 0.951447 0.0159935
1188 0.951481 0.0159857
1189 0.95147 0.0160154
1190 0.951644 0.0160036
1191 0.95169 0.0159852
1192 0.951817 0.0159836
1193 0.95184 0.0159822
1194 0.95206 0.0159562
1195 0.952269 0.015936
1196 0.952488 0.0158894
1197 0.952593 0.0158737
1198 0.952801 0.0158212
1199 0.952963 0.0157863
1200 0.952963 0.0158216
1201 0.953287 0.0157358
1202 0.953426 0.0157393
1203 0.953588 0.0157304
1204 0.953808 0.0156776
1205 0.954051 0.0156106
1206 0.954259 0.015564
1207 0.954317 0.0155458
1208 0.95434 0.0155533
1209 0.954549 0.015491
1210 0.954722 0.0154844
1211 0.954792 0.0154633
1212 0.954954 0.0154279
1213 0.955208 0.0153791
1214 0.955289 0.0153753
1215 0.955417 0.015328
1216 0.955683 0.0152469
1217 0.955961 0.0151647
1218 0.956042 0.0151541
1219 0.956065 0.0151463
1220 0.956076 0.0151423
1221 0.955937 0.0151817
1222 0.956042 0.0151509
1223 0.956169 0.0151271
1224 0.956412 0.0150577
1225 0.956308 0.0151024
1226 0.956354 0.0151267
1227 0.956435 0.0150852
1228 0.956562 0.0150636
1229 0.956771 0.0150153
1230 0.956887 0.0150002
1231 0.95713 0.0149339
1232 0.957234 0.0149026
1233 0.957465 0.0148333
1234 0.957708 0.0147786
1235 0.957975 0.0147163
1236 0.958218 0.0146533
1237 0.958183 0.0146743
1238 0.958414 0.014633
1239 0.958391 0.0146463
1240 0.958657 0.014578
1241 0.958866 0.0145167
1242 0.958993 0.0144732
1243 0.959028 0.0144824
1244 0.95912 0.0144745
1245 0.959387 0.0144099
1246 0.959595 0.0143613
1247 0.959606 0.0143721
1248 0.959525 0.0143948
1249 0.959734 0.0143557
1250 0.959919 0.0143198
1251 0.96 0.0143137
1252 0.959965 0.0143461
1253 0.960046 0.0143267
1254 0.960174 0.0143232
1255 0.960278 0.0143074
1256 0.960255 0.0143231
1257 0.960486 0.0142574
1258 0.960544 0.0142593
1259 0.96059 0.0142646
1260 0.960787 0.0142086
1261 0.96088 0.0141887
1262 0.96088 0.0141989
1263 0.961042 0.0141514
1264 0.96103 0.0141867
1265 0.961296 0.0141087
1266 0.961366 0.0141091
1267 0.961505 0.0140561
1268 0.961505 0.0140784
1269 0.961447 0.0141248
1270 0.961424 0.0141398
1271 0.961667 0.0140858
1272 0.961817 0.0140532
1273 0.962072 0.0139896
1274 0.962187 0.0139495
1275 0.962234 0.0139332
1276 0.962361 0.0139038
1277 0.962465 0.0138635
1278 0.96272 0.0137872
1279 0.962801 0.0137792
1280 0.962731 0.0138079
1281 0.962917 0.0137596
1282 0.962975 0.0137312
1283 0.963079 0.0136935
1284 0.963102 0.0136922
1285 0.963171 0.0136784
1286 0.963426 0.0135912
1287 0.963426 0.0135957
1288 0.963588 0.0135362
1289 0.963831 0.0134517
1290 0.963958 0.0134093
1291 0.964097 0.0133621
1292 0.964167 0.0133366
1293 0.96434 0.0132719
1294 0.964502 0.0132295
1295 0.964618 0.013188
1296 0.964803 0.0131283
1297 0.964988 0.0130773
1298 0.965174 0.0130202
1299 0.965451 0.0129318
1300 0.965509 0.0129231
1301 0.965729 0.0128432
1302 0.96581 0.0128311
1303 0.966042 0.0127588
1304 0.966227 0.0127118
1305 0.966713 0.0125612
1306 0.966748 0.0125529
1307 0.966736 0.0125646
1308 0.966944 0.0125088
1309 0.967211 0.0124403
1310 0.967558 0.0123747
1311 0.968009 0.0122306
1312 0.968171 0.0121995
1313 0.968345 0.012168
1314 0.968657 0.0120921
1315 0.969016 0.0120026
1316 0.969097 0.0120119
1317 0.969225 0.0120243
1318 0.969514 0.0119746
1319 0.969514 0.0120036
1320 0.969896 0.0119222
1321 0.970104 0.0118969
1322 0.970139 0.0118783
1323 0.970521 0.0118055
1324 0.970752 0.0117548
1325 0.970961 0.0117183
1326 0.971146 0.0116953
1327 0.971285 0.0116613
1328 0.971586 0.0115921
1329 0.971701 0.0115997
1330 0.971956 0.0115471
1331 0.972326 0.0114717
1332 0.972419 0.0114432
1333 0.972685 0.011374
1334 0.972928 0.0113119
1335 0.973264 0.0112277
1336 0.973634 0.0111447
1337 0.973981 0.0110619
1338 0.974155 0.0110464
1339 0.97419 0.0110717
1340 0.974583 0.0109635
1341 0.974907 0.0108953
1342 0.975023 0.0109156
1343 0.975139 0.0109076
1344 0.975451 0.0108532
1345 0.975856 0.010755
1346 0.975938 0.0108008
1347 0.976134 0.0107732
1348 0.976458 0.0107441
1349 0.976551 0.010764
1350 0.976933 0.0107279
1351 0.977315 0.0106775
1352 0.977477 0.0106813
1353 0.977789 0.0106503
1354 0.977847 0.010643
1355 0.977905 0.0106722
1356 0.978056 0.0106467
1357 0.97809 0.0106436
1358 0.97816 0.010662
1359 0.978148 0.0106947
1360 0.978287 0.010641
1361 0.978345 0.0106285
1362 0.978565 0.010578
1363 0.978634 0.0105888
1364 0.978831 0.010502
1365 0.978796 0.0105275
1366 0.978785 0.0105354
1367 0.978808 0.0105332
1368 0.979039 0.010423
1369 0.979039 0.0104217
1370 0.979178 0.0103596
1371 0.979248 0.0103337
1372 0.97941 0.0102641
1373 0.979387 0.0102669
1374 0.979421 0.0102479
1375 0.979641 0.0101427
1376 0.979664 0.0101299
1377 0.979769 0.0100895
1378 0.979896 0.01003
1379 0.979919 0.0100239
1380 0.98 0.00998876
1381 0.980104 0.00994829
1382 0.980104 0.0099464
1383 0.980093 0.00994198
1384 0.980139 0.00992134
1385 0.98 0.00998901
1386 0.980058 0.0099785
1387 0.980058 0.00997473
1388 0.98015 0.00993947
1389 0.980243 0.0099047
1390 0.980289 0.00989047
1391 0.980451 0.00981844
1392 0.980463 0.00980765
1393 0.980637 0.00973756
1394 0.980671 0.00972871
1395 0.980833 0.00966448
1396 0.981053 0.00957526
1397 0.981123 0.00956322
1398 0.981169 0.00956525
1399 0.981204 0.00955455
1400 0.981377 0.00947876
1401 0.981551 0.00941742
1402 0.981736 0.00936904
1403 0.981852 0.0093433
1404 0.98184 0.00937094
1405 0.982083 0.00929326
1406 0.982049 0.00934787
1407 0.982407 0.00921714
1408 0.982674 0.0091359
1409 0.98287 0.0090681
1410 0.982917 0.00908557
1411 0.983171 0.00901339
1412 0.983472 0.00892858
1413 0.983681 0.00885918
1414 0.983924 0.00876645
1415 0.984248 0.00868252
1416 0.984618 0.00860417
1417 0.984815 0.00858851
1418 0.984965 0.00856132
1419 0.985081 0.0085595
1420 0.985428 0.00851627
1421 0.985625 0.00850815
1422 0.985903 0.00844571
1423 0.986007 0.00840621
1424 0.986319 0.00836462
1425 0.986458 0.00837889
1426 0.986574 0.00837569
1427 0.98669 0.00841709
1428 0.986782 0.00841061
1429 0.987014 0.00835224
1430 0.987095 0.00832523
1431 0.987315 0.00826954
1432 0.987488 0.00822361
1433 0.987523 0.00827655
1434 0.987558 0.00826782
1435 0.987616 0.00825089
1436 0.987766 0.00820043
1437 0.98787 0.00815797
1438 0.987951 0.00816392
1439 0.988009 0.00817089
1440 0.98794 0.00821997
1441 0.988067 0.00815422
1442 0.988241 0.00809736
1443 0.988241 0.00809689
1444 0.98831 0.00805673
1445 0.988333 0.00807227
1446 0.988403 0.00806425
1447 0.988403 0.00809754
1448 0.988461 0.00805734
1449 0.988472 0.00808241
1450 0.988461 0.00810647
1451 0.988472 0.00809819
1452 0.988519 0.00806634
1453 0.988426 0.00813017
1454 0.988391 0.00815467
1455 0.988368 0.00817149
1456 0.988356 0.00817947
1457 0.988322 0.00820469
1458 0.988264 0.00824514
1459 0.988322 0.00820596
1460 0.988403 0.00814884
1461 0.988472 0.00810057
1462 0.988437 0.00812381
1463 0.988472 0.00810009
1464 0.988495 0.00808383
1465 0.988461 0.00810716
1466 0.988403 0.00815156
1467 0.988461 0.00810845
1468 0.988484 0.00809322
1469 0.988484 0.00809322
1470 0.988472 0.00809964
1471 0.988507 0.00807697
1472 0.988461 0.00810845
1473 0.988472 0.00810009
1474 0.988484 0.00809173
1475 0.988553 0.00804214
1476 0.988588 0.00801757
1477 0.988519 0.00806599
1478 0.988495 0.00808193
1479 0.988565 0.00803316
1480 0.988542 0.00804942
1481 0.988611 0.00800036
1482 0.988588 0.00801637
1483 0.988576 0.00802462
1484 0.988484 0.00808991
1485 0.988449 0.00811416
1486 0.988414 0.00813868
1487 0.988403 0.00814799
1488 0.988414 0.00813967
1489 0.988356 0.00818012
1490 0.988345 0.00818843
1491 0.988356 0.00818091
1492 0.988403 0.00814884
1493 0.98838 0.00816557
1494 0.988345 0.00819128
1495 0.988322 0.00820811
1496 0.988275 0.00824123
1497 0.988264 0.00825034
1498 0.988264 0.00824904
1499 0.988322 0.00820873
1500 0.988299 0.00822378
1501 0.988322 0.00820939
1502 0.988322 0.00820873
1503 0.988252 0.0082588
1504 0.988287 0.00823479
1505 0.988322 0.00821232
1506 0.988322 0.00820939
1507 0.988264 0.00824844
1508 0.988241 0.00826469
1509 0.988252 0.00825812
1510 0.988183 0.0083056
1511 0.988218 0.00828093
1512 0.988252 0.00825627
1513 0.98831 0.00821537
1514 0.988356 0.00818287
1515 0.988449 0.00811845
1516 0.988426 0.00813307
1517 0.988449 0.00811733
1518 0.988461 0.00811003
1519 0.988484 0.00809501
1520 0.988495 0.00808861
1521 0.988542 0.00805408
1522 0.988565 0.00803721
1523 0.988542 0.00805288
1524 0.988576 0.00802879
1525 0.988611 0.00800599
1526 0.988611 0.00800739
1527 0.988576 0.00803139
1528 0.9886 0.00801666
1529 0.988611 0.00800599
1530 0.988657 0.0079735
1531 0.988704 0.00794035
1532 0.988681 0.00795725
1533 0.988692 0.0079488
1534 0.988657 0.00797163
1535 0.988669 0.00796269
1536 0.988588 0.00801838
1537 0.988692 0.00794546
1538 0.988623 0.00799422
1539 0.988553 0.00804344
1540 0.98853 0.00806019
1541 0.988611 0.00800306
1542 0.988611 0.00800257
1543 0.9886 0.00801094
1544 0.988542 0.00805133
1545 0.988507 0.00807548
1546 0.988414 0.00813931
1547 0.988484 0.00809021
1548 0.988472 0.0080985
1549 0.988484 0.00809091
1550 0.98853 0.00805923
1551 0.98853 0.00806019
1552 0.988588 0.00801983
1553 0.988611 0.00800306
1554 0.988611 0.00800358
1555 0.988634 0.00798788
1556 0.988657 0.00797284
1557 0.988634 0.00799043
1558 0.988634 0.00799191
1559 0.988588 0.00802517
1560 0.988634 0.00799191
1561 0.988727 0.00792694
1562 0.988692 0.00794947
1563 0.988681 0.00796104
1564 0.988681 0.00795942
1565 0.988704 0.0079448
1566 0.988738 0.00792175
1567 0.988819 0.00786449
1568 0.988831 0.00785968
1569 0.988808 0.00787591
1570 0.988843 0.0078501
1571 0.988762 0.00790552
1572 0.988808 0.00787591
1573 0.988773 0.00789879
1574 0.988704 0.00794748
1575 0.988704 0.00794398
1576 0.988704 0.00794398
1577 0.988715 0.00793711
1578 0.98875 0.00791502
1579 0.988773 0.00789879
1580 0.988785 0.00789316
1581 0.988796 0.00788774
1582 0.988796 0.00788774
1583 0.988738 0.00792774
1584 0.988762 0.00791378
1585 0.988819 0.00787887
1586 0.988796 0.00789125
1587 0.988831 0.00786881
1588 0.988866 0.00784646
1589 0.988877 0.00783513
1590 0.988877 0.00783154
1591 0.988854 0.00784663
1592 0.988912 0.00780444
1593 0.988947 0.00777754
1594 0.988993 0.00774509
1595 0.989028 0.00772332
1596 0.989005 0.00774064
1597 0.989016 0.00773662
1598 0.989039 0.00771919
1599 0.989005 0.00774411
1600 0.988935 0.00779276
1601 0.988866 0.00783908
1602 0.988785 0.00789641
1603 0.988854 0.00784554
1604 0.988854 0.00784554
1605 0.988854 0.00784448
1606 0.988854 0.00784448
1607 0.9889 0.00781
1608 0.988819 0.00786539
1609 0.988808 0.00787217
1610 0.988785 0.00788755
1611 0.98875 0.00791409
1612 0.988762 0.00790464
1613 0.988738 0.00792003
1614 0.988843 0.00784574
1615 0.988843 0.00784916
1616 0.988877 0.00782723
1617 0.988843 0.00784738
1618 0.988796 0.00788162
1619 0.988912 0.00779955
1620 0.988958 0.00776535
1621 0.98897 0.00775683
1622 0.989039 0.00770894
1623 0.989086 0.00767919
1624 0.989074 0.00768981
1625 0.989005 0.00773648
1626 0.98912 0.00765255
1627 0.989144 0.00763814
1628 0.989132 0.007644
1629 0.989155 0.00762864
1630 0.989167 0.00762191
1631 0.98919 0.00760568
1632 0.989282 0.00754487
1633 0.989282 0.00754487
1634 0.989352 0.00750092
1635 0.989433 0.00744745
1636 0.989398 0.0074685
1637 0.989421 0.00745761
1638 0.989398 0.00747668
1639 0.989421 0.00745488
1640 0.989352 0.00750219
1641 0.989421 0.00744868
1642 0.989456 0.00742157
1643 0.989375 0.00747889
1644 0.989491 0.0074012
1645 0.989502 0.00740021
1646 0.989479 0.00741504
1647 0.989549 0.00736378
1648 0.989618 0.00731922
1649 0.98963 0.00731042
1650 0.98956 0.00736186
1651 0.989537 0.00737522
1652 0.989618 0.00732064
1653 0.989641 0.00731215
1654 0.989664 0.00729931
1655 0.989595 0.0073429
1656 0.989641 0.00730742
1657 0.989664 0.00729123
1658 0.989722 0.0072531
1659 0.989711 0.00726041
1660 0.989769 0.00722235
1661 0.989734 0.0072508
1662 0.989815 0.0072005
1663 0.989826 0.00719336
1664 0.989884 0.00715393
1665 0.989907 0.0071437
1666 0.989931 0.00712756
1667 0.989977 0.00709735
1668 0.990035 0.00706457
1669 0.990162 0.00699139
1670 0.990278 0.00691105
1671 0.990382 0.00684263
1672 0.990544 0.00673841
1673 0.990544 0.00674119
1674 0.990671 0.00665453
1675 0.990752 0.00660884
1676 0.990903 0.00652247
1677 0.991111 0.00638599
1678 0.991181 0.00635984
1679 0.991192 0.00636132
1680 0.991204 0.00635533
1681 0.991435 0.00622592
1682 0.991516 0.00617309
1683 0.99169 0.00608005
1684 0.991817 0.00603027
1685 0.991944 0.00595268
1686 0.992014 0.00591149
1687 0.992049 0.00591749
1688 0.992176 0.0058697
1689 0.992222 0.00584507
1690 0.992315 0.00582649
1691 0.99235 0.00580082
1692 0.992523 0.00568491
1693 0.992604 0.00563555
1694 0.992731 0.00559595
1695 0.992824 0.00557805
1696 0.992859 0.00556663
1697 0.992928 0.00554436
1698 0.992986 0.00549704
1699 0.993102 0.00546159
1700 0.993241 0.00542198
1701 0.993345 0.00541084
1702 0.993345 0.00545252
1703 0.993472 0.00538033
1704 0.993715 0.00531172
1705 0.993947 0.00521504
1706 0.994051 0.00518933
1707 0.99412 0.00517962
1708 0.994363 0.00510084
1709 0.994468 0.00505996
1710 0.994502 0.0050996
1711 0.994583 0.00500843
1712 0.994537 0.00505442
1713 0.994664 0.00498148
1714 0.994745 0.00494426
1715 0.99478 0.00493155
1716 0.994815 0.004941
1717 0.994803 0.00493046
1718 0.99485 0.00490644
1719 0.994907 0.00488211
1720 0.994954 0.00485834
1721 0.994988 0.00486875
1722 0.995023 0.00482287
1723 0.99515 0.00472997
1724 0.995185 0.00468403
1725 0.995289 0.00461434
1726 0.995289 0.00459158
1727 0.995336 0.00454545
1728 0.99537 0.00452221
1729 0.995394 0.00452195
1730 0.995428 0.0044988
1731 0.995394 0.00451053
1732 0.995532 0.00441797
1733 0.995579 0.00436033
1734 0.99566 0.00430262
1735 0.995694 0.00427958
1736 0.995718 0.00425651
1737 0.995764 0.00422197
1738 0.995729 0.00425657
1739 0.995741 0.00424504
1740 0.995868 0.00411815
1741 0.995856 0.00412968
1742 0.995961 0.00402586
1743 0.996111 0.0038759
1744 0.996157 0.00382976
1745 0.996262 0.00372594
1746 0.996319 0.00366827
1747 0.996319 0.00366827
1748 0.996377 0.00361059
1749 0.996424 0.00356445
1750 0.996424 0.00356445
1751 0.996481 0.00350677
1752 0.996574 0.00341449
1753 0.996574 0.00341449
1754 0.996644 0.00334527
1755 0.996748 0.00324146
1756 0.996863 0.0031261
1757 0.997014 0.00297614
1758 0.997072 0.00291846
1759 0.997106 0.00288386
1760 0.997234 0.00275697
1761 0.997315 0.00267622
1762 0.997361 0.00263008
1763 0.997465 0.00252626
1764 0.997558 0.00243398
1765 0.997558 0.00243398
1766 0.997604 0.00238783
1767 0.997662 0.00233016
1768 0.99772 0.00227248
1769 0.997847 0.00214559
1770 0.997917 0.00207638
1771 0.997975 0.0020187
1772 0.998079 0.00191488
1773 0.998194 0.00179953
1774 0.998218 0.00177646
1775 0.998287 0.00170724
1776 0.998368 0.0016265
1777 0.998403 0.00159189
1778 0.998449 0.00154575
1779 0.998542 0.00145346
1780 0.998553 0.00144193
1781 0.998692 0.0013035
1782 0.998785 0.00121122
1783 0.998854 0.00114201
1784 0.998981 0.00101512
1785 0.998993 0.00100358
1786 0.999062 0.00093437
1787 0.999155 0.000842086
1788 0.999178 0.000819015
1789 0.999236 0.000761338
1790 0.999317 0.00068059
1791 0.999433 0.000565236
1792 0.999549 0.000449882
1793 0.999699 0.000299921
1794 0.999803 0.000196102
1795 0.999826 0.000173031
1796 0.999873 0.00012689
1797 0.999896 0.000103819
1798 0.999942 5.76771e-05
1799 0.999942 5.76771e-05
1800 0.999942 5.76771e-05
1801 0.999977 2.30709e-05
1802 0.999965 3.46063e-05
1803 0.999954 4.61417e-05
1804 0.999965 3.46063e-05
1805 1 0
1806 1 0
1807 1 0
1808 1 0
1809 1 0
1810 1 0
1811 1 0
1812 1 0
1813 1 0
1814 1 0
1815 1 0
1816 1 0
1817 1 0
1818 1 0
1819 1 0
1820 1 0
1821 1 0
1822 1 0
1823 1 0
1824 1 0
1825 1 0
1826 1 0
1827 1 0
1828 1 0
1829 1 0
1830 1 0
1831 1 0
1832 1 0
1833 1 0
1834 1 0
1835 1 0
1836 1 0
1837 1 0
1838 1 0
1839 1 0
1840 1 0
1841 1 0
1842 1 0
1843 1 0
1844 1 0
1845 1 0
1846 1 0
1847 1 0
1848 1 0
1849 1 0
1850 1 0
1851 1 0
1852 1 0
1853 1 0
1854 1 0
1855 1 0
1856 1 0
1857 1 0
1858 1 0
1859 1 0
1860 1 0
1861 1 0
1862 1 0
1863 1 0
1864 1 0
1865 1 0
1866 1 0
1867 1 0
1868 1 0
1869 1 0
1870 1 0
1871 1 0
1872 1 0
1873 1 0
1874 1 0
1875 1 0
1876 1 0
1877 1 0
1878 1 0
1879 1 0
1880 1 0
1881 1 0
1882 1 0
1883 1 0
1884 1 0
1885 1 0
1886 1 0
1887 1 0
1888 1 0
1889 1 0
1890 1 0
1891 1 0
1892 1 0
1893 1 0
1894 1 0
1895 1 0
1896 1 0
1897 1 0
1898 1 0
1899 1 0
1900 1 0
1901 1 0
1902 1 0
1903 1 0
1904 1 0
1905 1 0
1906 1 0
1907 1 0
1908 1 0
1909 1 0
1910 1 0
1911 1 0
1912 1 0
1913 1 0
1914 1 0
1915 1 0
1916 1 0
1917 1 0
1918 1 0
1919 1 0
1920 1 0
1921 1 0
1922 1 0
1923 1 0
1924 1 0
1925 1 0
1926 1 0
1927 1 0
1928 1 0
1929 1 0
1930 1 0
1931 1 0
1932 1 0
1933 1 0
1934 1 0
1935 1 0
1936 1 0
1937 1 0
1938 1 0
1939 1 0
1940 1 0
1941 1 0
1942 1 0
1943 1 0
1944 1 0
1945 1 0
1946 1 0
1947 1 0
1948 1 0
1949 1 0
1950 1 0
1951 1 0
1952 1 0
1953 1 0
1954 1 0
1955 1 0
1956 1 0
1957 1 0
1958 1 0
1959 1 0
1960 1 0
1961 1 0
1962 1 0
1963 1 0
1964 1 0
1965 1 0
1966 1 0
1967 1 0
1968 1 0
1969 1 0
1970 1 0
1971 1 0
1972 1 0
1973 1 0
1974 1 0
1975 1 0
1976 1 0
1977 1 0
1978 1 0
1979 1 0
1980 1 0
1981 1 0
1982 1 0
1983 1 0
1984 1 0
1985 1 0
1986 1 0
1987 1 0
1988 1 0
1989 1 0
1990 1 0
1991 1 0
1992 1 0
1993 1 0
1994 1 0
1995 1 0
1996 1 0
1997 1 0
1998 1 0
1999 1 0
