0 -0.78 inf 1 1 -nan 1128.96 1.27455e+06 -inf
0.01 -0.769984 0.997244 1 1 0 1126.83 1.26974e+06 0.223561
0.02 -0.759945 1.00579 1 1 0 1124.65 1.26484e+06 0.220369
0.03 -0.749878 1.00884 1 1 0 1122.46 1.25993e+06 0.225898
0.04 -0.739747 1.02174 1 1 0 1120.31 1.25511e+06 0.226835
0.05 -0.729601 1.01442 1 1 0 1118.11 1.25019e+06 0.220183
0.06 -0.719386 1.02455 1 1 0 1115.94 1.24534e+06 0.223719
0.07 -0.709143 1.02576 1 0.999999 3.71968e-06 1113.74 1.24043e+06 0.226567
0.08 -0.698902 1.03236 0.999997 0.999995 3.14214e-05 1111.4 1.23524e+06 0.228229
0.09 -0.688586 1.02705 0.999987 0.999973 0.000150269 1109.23 1.23042e+06 0.226932
0.1 -0.678046 1.05022 0.999955 0.99991 0.000455278 1107.06 1.22562e+06 0.229312
0.11 -0.66768 1.05447 0.999871 0.999742 0.00119669 1104.68 1.22034e+06 0.223401
0.12 -0.656977 1.07146 0.999702 0.999404 0.00245975 1102.39 1.21529e+06 0.229749
0.13 -0.646245 1.09606 0.999387 0.998776 0.00460171 1100.01 1.21005e+06 0.233947
0.14 -0.635026 1.12647 0.998868 0.99774 0.00800895 1097.48 1.20451e+06 0.230949
0.15 -0.623546 1.17686 0.99807 0.996148 0.0129441 1094.85 1.19873e+06 0.235538
0.16 -0.611592 1.2375 0.996891 0.993798 0.0197578 1092.12 1.19277e+06 0.237896
0.17 -0.599353 1.27012 0.995323 0.990676 0.0280868 1089.2 1.1864e+06 0.239358
0.18 -0.58602 1.33742 0.993201 0.986461 0.0391709 1085.95 1.17934e+06 0.245046
0.19 -0.572403 1.42635 0.990553 0.981212 0.0511666 1082.48 1.17181e+06 0.247949
0.2 -0.557607 1.5218 0.987079 0.974348 0.0685999 1078.65 1.16354e+06 0.255461
0.21 -0.542015 1.61166 0.982829 0.965986 0.0876679 1074.45 1.15451e+06 0.267773
0.22 -0.525639 1.72085 0.977849 0.956231 0.110729 1069.88 1.1447e+06 0.280372
0.23 -0.507926 1.81533 0.971981 0.944802 0.135271 1064.84 1.13395e+06 0.290858
0.24 -0.488822 1.95858 0.964886 0.931075 0.165483 1059.12 1.12182e+06 0.300005
0.25 -0.469424 2.0363 0.956952 0.915843 0.196489 1053.03 1.10895e+06 0.318961
0.26 -0.447786 2.24296 0.947663 0.898172 0.236201 1046.17 1.09455e+06 0.342366
0.27 -0.423802 2.45214 0.936387 0.876957 0.291886 1037.97 1.0775e+06 0.384622
0.28 -0.399281 2.54259 0.924247 0.854399 0.342572 1029.37 1.05972e+06 0.404469
0.29 -0.37224 2.77176 0.909988 0.828283 0.40647 1019.36 1.03923e+06 0.448828
0.3 -0.342501 2.99429 0.893178 0.798021 0.489086 1007.66 1.01553e+06 0.52249
0.31 -0.311558 3.39526 0.874677 0.765388 0.608859 994.872 989963 0.624514
0.32 -0.277279 3.55276 0.853327 0.728562 0.709044 979.965 960552 0.701834
0.33 -0.240253 3.99385 0.828668 0.687205 0.897252 962.912 927479 0.877518
0.34 -0.199242 3.96172 0.799781 0.640242 1.00257 942.597 888805 0.987865
0.35 -0.156362 4.14763 0.767671 0.590052 1.20641 920.036 846852 1.19476
0.36 -0.113302 4.44532 0.733279 0.538617 1.46917 895.639 802652 1.49422
0.37 -0.0670771 4.36018 0.694026 0.482737 1.65749 867.412 752960 1.73595
0.38 -0.0229801 4.18243 0.654693 0.429814 1.8047 839.154 704805 1.96208
0.39 0.0150526 3.68426 0.619238 0.384656 1.77328 813.433 662302 1.98139
0.4 0.047664 3.21871 0.588553 0.34762 1.76437 791.211 626660 2.03707
0.41 0.0793738 2.76251 0.557035 0.311497 1.6992 767.829 590201 2.03175
0.42 0.104986 2.38284 0.531888 0.28408 1.61228 749.172 561882 1.98258
0.43 0.126031 2.06947 0.511642 0.26289 1.49059 734.009 539365 1.88682
0.44 0.146077 1.81302 0.491874 0.243006 1.39548 719.131 517718 1.79855
0.45 0.163043 1.56085 0.475736 0.227331 1.288 706.563 499773 1.70274
0.46 0.178724 1.45709 0.46089 0.213408 1.23739 695.335 484027 1.67415
0.47 0.19213 1.26144 0.449548 0.203026 1.14343 686.438 471703 1.56882
0.48 0.204631 1.22886 0.438699 0.193388 1.1177 678.007 460208 1.57979
0.49 0.216732 1.10516 0.428711 0.184694 1.05889 669.827 449166 1.5149
0.5 0.226975 1.01077 0.420149 0.177373 0.976686 662.795 439772 1.43233
0.51 0.236569 0.949953 0.41298 0.171387 0.943066 656.951 432052 1.39681
0.52 0.245648 0.902145 0.406339 0.165928 0.904111 651.363 424725 1.33344
0.53 0.254916 0.835875 0.400252 0.160976 0.841276 646.255 418076 1.25674
0.54 0.263245 0.811866 0.395038 0.156854 0.852793 641.552 412045 1.31525
0.55 0.271112 0.777896 0.390018 0.152882 0.803742 637.27 406553 1.25537
0.56 0.278055 0.736637 0.386083 0.149818 0.779517 633.6 401885 1.22878
0.57 0.285523 0.695188 0.381714 0.146443 0.745438 629.637 396871 1.1921
0.58 0.292318 0.668458 0.378651 0.144086 0.703961 626.726 393191 1.11478
0.59 0.298255 0.651537 0.375826 0.141976 0.713433 624.03 389840 1.15825
0.6 0.304765 0.62487 0.3733 0.140057 0.676597 621.37 386512 1.10287
0.61 0.310973 0.612959 0.370845 0.138216 0.651596 618.865 383398 1.07098
0.62 0.317511 0.584517 0.367019 0.135401 0.648028 615.189 378867 1.07537
0.63 0.322825 0.564085 0.365703 0.134406 0.610105 613.792 377137 1.0257
0.64 0.328708 0.563343 0.36379 0.133006 0.596558 611.485 374318 1.02998
0.65 0.333699 0.539452 0.362622 0.132151 0.581564 610.07 372581 0.996291
0.66 0.338946 0.521343 0.36071 0.130755 0.561259 607.918 369951 0.965714
0.67 0.344411 0.511685 0.359036 0.129551 0.553802 605.793 367381 0.975407
0.68 0.349713 0.500814 0.357592 0.128518 0.547132 604.184 365435 0.96556
0.69 0.354612 0.493349 0.356552 0.127756 0.523181 602.63 363548 0.92741
0.7 0.359421 0.48784 0.35519 0.126786 0.515289 600.945 361523 0.923085
0.71 0.363786 0.477895 0.355362 0.126896 0.497619 600.787 361319 0.878047
0.72 0.368531 0.468122 0.354153 0.126055 0.503911 599.004 359200 0.911643
0.73 0.373456 0.454966 0.353183 0.125348 0.480973 597.634 357545 0.867157
0.74 0.377958 0.447452 0.352872 0.125133 0.478008 596.852 356618 0.873936
0.75 0.382522 0.440779 0.352032 0.124519 0.455057 595.522 355017 0.828587
0.76 0.386906 0.439552 0.35146 0.124133 0.461177 594.43 353731 0.850566
0.77 0.390999 0.420857 0.350559 0.123492 0.449215 593.194 352261 0.83517
0.78 0.395561 0.42678 0.350613 0.123522 0.43741 592.579 351526 0.81263
0.79 0.400068 0.41613 0.3501 0.12317 0.436974 591.398 350131 0.812475
0.8 0.403607 0.411494 0.349805 0.122952 0.423175 590.741 349354 0.802079
0.81 0.407834 0.404335 0.350061 0.123117 0.408404 590.384 348919 0.76448
0.82 0.411696 0.399294 0.34939 0.122641 0.398462 589.223 347554 0.766216
0.83 0.415732 0.396416 0.349419 0.122666 0.397084 588.597 346817 0.759252
0.84 0.419787 0.386412 0.349273 0.122583 0.405367 587.892 346004 0.784496
0.85 0.423813 0.389234 0.348858 0.122281 0.392348 586.97 344914 0.761859
0.86 0.427099 0.383306 0.349604 0.122801 0.386995 587.114 345083 0.752073
0.87 0.431292 0.383681 0.34856 0.122065 0.378235 585.411 343085 0.744943
0.88 0.434817 0.367116 0.349517 0.122727 0.369737 585.834 343568 0.710274
0.89 0.438514 0.370928 0.349549 0.122744 0.362182 585.165 342791 0.714465
0.9 0.442544 0.36689 0.349606 0.122789 0.361539 584.818 342389 0.716266
0.91 0.445536 0.358988 0.350138 0.123161 0.357423 584.66 342206 0.711899
0.92 0.450081 0.356324 0.349274 0.122543 0.344883 583.044 340309 0.686546
0.93 0.453499 0.351271 0.349623 0.122784 0.339328 582.957 340210 0.684789
0.94 0.457217 0.349958 0.349781 0.122902 0.339996 582.483 339663 0.687836
0.95 0.460825 0.341157 0.349691 0.122831 0.331983 581.678 338721 0.672549
0.96 0.464082 0.341826 0.349947 0.123008 0.32705 581.375 338368 0.664242
0.97 0.468116 0.346635 0.350801 0.123599 0.319314 581.637 338674 0.660058
0.98 0.470435 0.339306 0.350916 0.12369 0.321826 581.321 338311 0.661449
0.99 0.474241 0.338534 0.350896 0.12368 0.320964 580.376 337217 0.663038
