1 0.281313 0.475469 0.445398 0.198908 0.304345 584.932 342411 0.452865
0.99 0.277949 0.487712 0.445659 0.19915 0.312725 585.379 342943 0.472337
0.98 0.273327 0.495652 0.447206 0.200536 0.319265 586.439 344184 0.47597
0.97 0.267873 0.504325 0.448661 0.201837 0.320886 587.751 345728 0.485091
0.96 0.262233 0.49315 0.450556 0.20354 0.323539 589.45 347721 0.475573
0.95 0.257092 0.519057 0.451975 0.204833 0.334562 590.539 349013 0.493104
0.94 0.252096 0.521131 0.453485 0.206198 0.33609 591.687 350364 0.487155
0.93 0.246253 0.54353 0.455264 0.207811 0.338398 593.258 352223 0.485271
0.92 0.241344 0.546578 0.456916 0.209324 0.34566 594.412 353591 0.484968
0.91 0.235614 0.557987 0.458887 0.211122 0.344766 595.876 355334 0.490875
0.9 0.229724 0.595238 0.461049 0.213126 0.358617 597.665 357473 0.500779
0.89 0.224239 0.602687 0.462599 0.214556 0.361421 598.783 358813 0.509758
0.88 0.218038 0.610631 0.464754 0.216552 0.363261 600.506 360881 0.517033
0.87 0.21144 0.611461 0.467254 0.218892 0.374579 602.613 363411 0.513666
0.86 0.204526 0.636617 0.469681 0.221171 0.382222 604.061 365163 0.525461
0.85 0.198253 0.663785 0.472369 0.2237 0.384259 606.399 367990 0.524921
0.84 0.192188 0.685497 0.474814 0.226029 0.398208 608.015 369955 0.534354
0.83 0.185577 0.703323 0.47721 0.228307 0.400322 609.868 372208 0.530914
0.82 0.178126 0.706834 0.480444 0.231409 0.409008 611.951 374751 0.532227
0.81 0.17076 0.744927 0.483375 0.23423 0.411397 614.338 377678 0.537091
0.8 0.162728 0.755164 0.486777 0.237529 0.415634 616.712 380602 0.542748
0.79 0.155612 0.786691 0.489824 0.240511 0.425699 618.741 383118 0.567798
0.78 0.146988 0.805465 0.49351 0.244139 0.433666 621.44 386451 0.542838
0.77 0.1386 0.831826 0.497213 0.247806 0.43783 623.867 389478 0.558481
0.76 0.129559 0.871328 0.501486 0.252094 0.459011 627.013 393418 0.574079
0.75 0.121757 0.930122 0.504988 0.255619 0.465194 629.377 396392 0.584643
0.74 0.112253 0.949661 0.509369 0.260065 0.473648 632.192 399943 0.589313
0.73 0.103256 0.976232 0.513276 0.264059 0.478719 634.928 403402 0.579349
0.72 0.0931274 1.04854 0.518572 0.269538 0.49658 638.509 407974 0.608266
0.71 0.082562 1.06312 0.523895 0.275082 0.500123 641.92 412328 0.585215
0.7 0.0707408 1.11024 0.529713 0.281217 0.511213 646.049 417650 0.600227
0.69 0.0596551 1.17112 0.535395 0.287268 0.518029 649.648 422315 0.607845
0.68 0.0476583 1.20538 0.54126 0.293592 0.533049 653.611 427481 0.615318
0.67 0.0355688 1.29577 0.54787 0.300806 0.554837 657.642 432773 0.634959
0.66 0.0230944 1.35611 0.554145 0.307713 0.555418 661.946 438449 0.631994
0.65 0.00842634 1.41933 0.561696 0.316152 0.575706 666.853 444970 0.639266
0.64 -0.0054151 1.49632 0.56941 0.324878 0.585217 671.657 451403 0.651006
0.63 -0.0204231 1.61627 0.577793 0.334508 0.60708 676.948 458544 0.671407
0.62 -0.0374064 1.66237 0.586738 0.344914 0.606195 682.748 466420 0.649128
0.61 -0.0549302 1.79525 0.596125 0.356029 0.627519 688.763 474677 0.675223
0.6 -0.0706438 1.86045 0.604857 0.366506 0.628318 694.089 482035 0.659159
0.59 -0.0901319 2.04443 0.61549 0.379501 0.65651 700.801 491402 0.675339
0.58 -0.113153 1.99866 0.628375 0.395494 0.634299 708.91 502819 0.64442
0.57 -0.13399 2.3069 0.639745 0.409939 0.671461 715.891 512777 0.678298
0.56 -0.158967 2.33836 0.653401 0.427582 0.667468 724.475 525133 0.661819
0.55 -0.18124 2.46912 0.665494 0.443518 0.665163 731.838 535851 0.655246
0.54 -0.207798 2.67043 0.68005 0.463105 0.679241 740.824 549083 0.654783
0.53 -0.233682 2.85786 0.693833 0.482034 0.683661 749.081 561383 0.656049
0.52 -0.265117 2.89566 0.710537 0.505463 0.664135 759.516 577109 0.618689
0.51 -0.293513 3.2067 0.725438 0.526861 0.679005 768.305 590544 0.640493
0.5 -0.325994 3.13141 0.742343 0.551615 0.623028 778.587 606423 0.580129
0.49 -0.358914 3.28072 0.759094 0.57675 0.619006 788.892 622570 0.568359
0.48 -0.391506 3.39228 0.775318 0.601622 0.603904 798.512 637831 0.548553
0.47 -0.425067 3.3624 0.791668 0.627202 0.569405 808.186 653361 0.515348
0.46 -0.458772 3.34625 0.807925 0.653165 0.529012 817.574 668608 0.479774
0.45 -0.492772 3.37441 0.823668 0.678821 0.50035 827.021 684131 0.449255
0.44 -0.525427 3.30095 0.838673 0.703725 0.460373 835.647 698461 0.420982
0.43 -0.558818 3.16822 0.853686 0.729092 0.418987 844.516 713348 0.387942
0.42 -0.588954 3.15234 0.866563 0.75122 0.395014 851.851 725780 0.361797
0.41 -0.619936 2.99307 0.879649 0.774035 0.354714 859.349 738601 0.343289
0.4 -0.649784 2.89429 0.891847 0.795615 0.322377 866.518 750965 0.320661
0.39 -0.677448 2.75581 0.902869 0.815368 0.288582 872.719 761740 0.299907
0.38 -0.705455 2.69056 0.913662 0.834954 0.265197 879.122 772949 0.283261
0.37 -0.731045 2.51167 0.923134 0.852327 0.235692 884.317 782104 0.266599
0.36 -0.755288 2.44185 0.931996 0.868747 0.209858 889.619 791503 0.253464
0.35 -0.779885 2.31557 0.940434 0.884531 0.189421 894.533 800265 0.241813
0.34 -0.802208 2.22983 0.947894 0.898602 0.167904 899.072 808401 0.233984
0.33 -0.823812 2.07615 0.954731 0.911594 0.144592 903.173 815787 0.222117
0.32 -0.844069 1.9785 0.960856 0.923316 0.128174 907.094 822882 0.218068
0.31 -0.86333 1.88798 0.96644 0.934069 0.117377 910.58 829215 0.210192
0.3 -0.882335 1.83653 0.971599 0.944056 0.0990383 914.09 835617 0.204104
0.29 -0.900094 1.7266 0.976177 0.952963 0.0845642 917.353 841589 0.198431
0.28 -0.917557 1.66835 0.980229 0.960884 0.0745047 920.375 847142 0.198119
0.27 -0.933674 1.58458 0.983844 0.967977 0.0622627 923.153 852260 0.189507
0.26 -0.948912 1.53652 0.986853 0.973903 0.0520088 925.836 857218 0.190065
0.25 -0.964189 1.48715 0.98959 0.979307 0.0430027 928.433 862031 0.186787
0.24 -0.978246 1.37158 0.991878 0.983837 0.0345451 930.738 866313 0.182438
0.23 -0.992032 1.33787 0.993772 0.987594 0.0272326 933.137 870783 0.180644
0.22 -1.00499 1.25836 0.995338 0.990706 0.0213913 935.312 874845 0.179898
0.21 -1.01771 1.23809 0.996598 0.993214 0.0163942 937.405 878762 0.175105
0.2 -1.03002 1.18489 0.997617 0.995245 0.0117596 939.416 882536 0.177891
0.19 -1.04174 1.17929 0.998353 0.996712 0.00872088 941.281 886040 0.17123
0.18 -1.05306 1.14595 0.998938 0.997879 0.00600106 943.136 889536 0.176401
0.17 -1.0643 1.12382 0.999338 0.998678 0.00389602 944.943 892945 0.175832
0.16 -1.07531 1.08119 0.9996 0.9992 0.00249888 946.803 896462 0.172015
0.15 -1.08603 1.07235 0.999788 0.999577 0.00141106 948.548 899769 0.173766
0.14 -1.09668 1.07433 0.999892 0.999784 0.000765904 950.274 903045 0.17442
0.13 -1.10732 1.07159 0.999952 0.999904 0.000369657 952.002 906330 0.173267
0.12 -1.11769 1.0384 0.999982 0.999963 0.000151023 953.665 909497 0.169094
0.11 -1.12811 1.03423 0.999994 0.999988 5.26954e-05 955.378 912765 0.172094
0.1 -1.13847 1.03559 0.999998 0.999997 1.64774e-05 956.98 915827 0.170226
0.09 -1.14877 1.02105 1 0.999999 4.82133e-06 958.72 919160 0.169094
0.08 -1.15906 1.02756 1 1 0 960.411 922402 0.1684
0.07 -1.16925 1.00398 1 1 0 962.061 925573 0.169762
0.06 -1.17947 1.02403 1 1 0 963.668 928666 0.16729
0.05 -1.18964 1.01776 1 1 0 965.302 931816 0.170118
0.04 -1.19977 1.0126 1 1 0 966.941 934981 0.168698
0.03 -1.20989 1.02563 1 1 0 968.582 938155 0.166951
0.02 -1.21995 0.99322 1 1 0 970.215 941320 0.166468
0.01 -1.22999 0.985187 1 1 0 971.838 944470 0.166243
