0 -0.136 inf 1 1 -nan 1261.67 1.59181e+06 -inf
0.01 -0.125999 0.996029 1 1 0 1260.39 1.58858e+06 0.131934
0.02 -0.115984 0.995583 1 1 0 1259.07 1.58527e+06 0.134801
0.03 -0.105943 1.02132 1 1 0 1257.84 1.58217e+06 0.135846
0.04 -0.0958884 1.01579 1 1 2.17003e-06 1256.52 1.57884e+06 0.136208
0.05 -0.0858054 1.00361 0.999996 0.999992 8.31333e-05 1255.2 1.57552e+06 0.132832
0.06 -0.075706 1.02098 0.999959 0.999918 0.000671163 1253.87 1.5722e+06 0.131421
0.07 -0.0654629 1.04354 0.999793 0.999586 0.0030055 1252.51 1.56879e+06 0.134835
0.08 -0.0549317 1.07125 0.999291 0.998583 0.00906567 1251 1.56501e+06 0.136134
0.09 -0.0439858 1.10284 0.998151 0.996309 0.020934 1249.34 1.56086e+06 0.139558
0.1 -0.0323029 1.21321 0.995879 0.991782 0.0431582 1247.26 1.55567e+06 0.141757
0.11 -0.0196351 1.33755 0.992124 0.984326 0.0798938 1244.71 1.54932e+06 0.153499
0.12 -0.0051602 1.50463 0.985889 0.972006 0.137839 1241.17 1.54054e+06 0.160854
0.13 0.0113012 1.79407 0.976387 0.953384 0.233407 1236.32 1.52851e+06 0.184874
0.14 0.0312672 2.26273 0.961115 0.92385 0.444154 1229.03 1.51057e+06 0.247693
0.15 0.168947 0.943315 0.00237448 9.82199e-06 0.0160659 467.348 218473 0.836655
0.16 0.177961 0.889038 0.00260226 1.15726e-05 0.017283 462.063 213565 0.851155
0.17 0.186509 0.80563 0.00283767 1.31441e-05 0.0172519 457.027 208937 0.814385
0.18 0.194596 0.775999 0.00305825 1.47996e-05 0.0174295 452.351 204688 0.812642
0.19 0.202099 0.725499 0.00325243 1.6169e-05 0.0169488 448.312 201052 0.808482
0.2 0.209066 0.692389 0.00356771 1.8945e-05 0.0179034 444.74 197865 0.801478
0.21 0.215724 0.639935 0.00377153 2.09204e-05 0.0183662 441.157 194694 0.804974
0.22 0.221958 0.618646 0.00395833 2.27675e-05 0.0185866 437.892 191827 0.807563
0.23 0.227953 0.588911 0.00420443 2.51714e-05 0.0187679 434.894 189211 0.784774
0.24 0.23341 0.558247 0.00441163 2.7474e-05 0.0192275 432.149 186834 0.779916
0.25 0.239092 0.534196 0.00467344 3.02364e-05 0.0193429 429.633 184669 0.786099
0.26 0.244389 0.513856 0.00493116 3.3127e-05 0.019519 427.174 182566 0.789903
0.27 0.249115 0.484654 0.00516293 3.59503e-05 0.0198281 425.029 180738 0.774492
0.28 0.253791 0.461897 0.00540191 3.8998e-05 0.0201957 422.94 178969 0.765416
0.29 0.258058 0.442914 0.00563299 4.19331e-05 0.0202644 421.138 177450 0.756134
0.3 0.262642 0.425467 0.00588116 4.51131e-05 0.0202081 419.137 175769 0.738188
0.31 0.266843 0.401481 0.00607422 4.78219e-05 0.0203007 417.423 174338 0.74159
0.32 0.270616 0.396878 0.00646155 5.33373e-05 0.0208544 416.171 173296 0.736143
0.33 0.27497 0.381723 0.00666337 5.61716e-05 0.020546 414.273 171723 0.741111
0.34 0.278613 0.364554 0.00691667 6.0379e-05 0.0212421 412.976 170648 0.704713
0.35 0.28222 0.359262 0.00716181 6.41493e-05 0.0211603 411.579 169503 0.731278
0.36 0.285683 0.344231 0.00750955 6.99122e-05 0.0216303 410.617 168716 0.741834
0.37 0.28925 0.34036 0.00786128 7.63696e-05 0.0226816 409.485 167789 0.734487
0.38 0.292544 0.335137 0.0080408 7.93671e-05 0.0223013 408.167 166713 0.727133
0.39 0.29597 0.317021 0.00834896 8.52949e-05 0.0230249 407.017 165778 0.725741
0.4 0.299125 0.31703 0.00862413 8.9967e-05 0.0224516 406.131 165060 0.72794
0.41 0.302178 0.305594 0.00903611 9.79227e-05 0.0228593 405.287 164380 0.735801
0.42 0.305204 0.304318 0.00929783 0.000103485 0.0233632 404.535 163770 0.71683
0.43 0.308172 0.289831 0.00968099 0.000111817 0.0242389 403.687 163090 0.72924
0.44 0.311169 0.290758 0.00994045 0.000117186 0.0240525 402.812 162385 0.71758
0.45 0.31411 0.285417 0.0103273 0.000125736 0.0244252 402.051 161774 0.713208
0.46 0.316906 0.278106 0.0107551 0.000135483 0.0248058 401.68 161479 0.719146
0.47 0.319787 0.271905 0.0109739 0.000140864 0.0250474 400.791 160770 0.727906
0.48 0.322257 0.268595 0.0113448 0.000149488 0.0249403 400.383 160447 0.730142
0.49 0.325009 0.264086 0.0117768 0.000160552 0.0256946 399.896 160059 0.724091
0.5 0.327616 0.262724 0.0121046 0.000168973 0.0258642 399.392 159657 0.718313
0.51 0.330326 0.254211 0.0125354 0.000180058 0.0258875 398.942 159296 0.691174
0.52 0.332698 0.262424 0.0129816 0.00019267 0.0267484 398.761 159157 0.709688
0.53 0.335332 0.249786 0.0132239 0.000199654 0.0269344 398.056 158600 0.720512
0.54 0.338138 0.249245 0.0137645 0.000215627 0.0279096 397.941 158511 0.71762
0.55 0.34004 0.249048 0.0141205 0.000225807 0.0276673 397.733 158347 0.710231
0.56 0.34309 0.24631 0.0145834 0.000240245 0.0283569 397.094 157843 0.718712
0.57 0.345218 0.238948 0.0149491 0.000252079 0.0289036 397.044 157807 0.720996
0.58 0.347971 0.24257 0.0154802 0.000269145 0.0293048 396.718 157552 0.725668
0.59 0.350172 0.237567 0.015884 0.000282904 0.0298759 396.773 157596 0.713611
0.6 0.35245 0.238793 0.0163176 0.000297413 0.0299022 396.468 157355 0.707619
0.61 0.354598 0.237579 0.0167446 0.000311865 0.0297276 396.409 157311 0.707823
0.62 0.357539 0.235244 0.0172266 0.0003301 0.0309789 396.153 157110 0.705299
0.63 0.35976 0.240094 0.0177982 0.000351563 0.031806 396.125 157092 0.707872
0.64 0.361747 0.23308 0.0181083 0.000363271 0.0318236 396.038 157029 0.722397
0.65 0.364706 0.232569 0.0188021 0.000390175 0.0324834 396.22 157179 0.732
0.66 0.366698 0.237028 0.0192013 0.000406351 0.0328674 396.274 157221 0.718075
0.67 0.368935 0.238119 0.0196683 0.000426009 0.0336716 396.082 157072 0.722801
0.68 0.371069 0.229488 0.0201889 0.000447031 0.0334079 396.29 157243 0.733176
0.69 0.373642 0.241031 0.0207697 0.000473094 0.0348216 396.291 157242 0.714989
0.7 0.376464 0.230782 0.0213288 0.000496709 0.0343873 396.184 157160 0.71542
0.71 0.378271 0.233808 0.0217866 0.00051823 0.0353494 396.559 157465 0.731689
0.72 0.381199 0.234642 0.0225009 0.000551733 0.0363552 396.548 157461 0.736138
0.73 0.383327 0.233301 0.0229046 0.000570064 0.0358568 396.587 157488 0.712606
0.74 0.385575 0.231689 0.0235781 0.000603252 0.0368359 396.878 157726 0.728216
0.75 0.388327 0.235779 0.0242047 0.000634429 0.0372957 397.086 157891 0.716805
0.76 0.389951 0.233846 0.0245557 0.00065267 0.0376572 397.226 158006 0.721665
0.77 0.392367 0.233289 0.0251594 0.000685151 0.0390159 397.305 158072 0.722769
0.78 0.394954 0.239527 0.025949 0.000726533 0.0392717 397.858 158516 0.725283
0.79 0.397671 0.239768 0.0265218 0.000757662 0.0395591 398.083 158696 0.718662
0.8 0.399435 0.240388 0.0271894 0.000794683 0.039902 398.661 159160 0.71785
0.81 0.402065 0.245685 0.0276667 0.000822978 0.0409131 398.592 159116 0.744144
0.82 0.404932 0.241436 0.0283578 0.000861116 0.0400044 398.93 159383 0.726262
0.83 0.406963 0.239613 0.0290931 0.000906545 0.0417352 399.421 159785 0.747895
0.84 0.409557 0.246573 0.029638 0.00094127 0.0431027 399.561 159901 0.750782
0.85 0.412074 0.250453 0.0304999 0.000994161 0.0433129 400.45 160623 0.774142
0.86 0.414535 0.253818 0.0310339 0.00102767 0.04324 400.453 160614 0.73032
0.87 0.416687 0.248939 0.0318533 0.00108165 0.0443677 401.32 161321 0.755623
0.88 0.419184 0.254937 0.0324911 0.0011235 0.0443976 401.788 161689 0.723011
0.89 0.421892 0.255058 0.033049 0.00116303 0.0458195 401.674 161608 0.742869
0.9 0.424419 0.255374 0.0338271 0.00121602 0.0459187 402.054 161919 0.752199
0.91 0.427325 0.256894 0.034815 0.00128518 0.0462679 403.306 162927 0.73863
0.92 0.429405 0.258247 0.035343 0.00132466 0.0472928 403.538 163118 0.74052
0.93 0.43211 0.26208 0.0361401 0.00138445 0.0485213 404.086 163567 0.750186
0.94 0.434711 0.264665 0.036935 0.00144404 0.0489298 404.902 164225 0.735396
0.95 0.437293 0.266379 0.0374219 0.00148227 0.0496412 404.657 164041 0.762703
0.96 0.439737 0.268891 0.0384648 0.00156431 0.0508653 405.813 164979 0.757243
0.97 0.443201 0.272236 0.0392827 0.00162874 0.0508355 406.284 165360 0.745659
0.98 0.445562 0.274335 0.0401831 0.00170308 0.0519588 407.264 166162 0.747464
0.99 0.448627 0.270153 0.0409864 0.00176895 0.0518205 407.808 166613 0.75579
