0 -0.855 -inf 1 1 -nan 1339.56 1.79442e+06 inf
0.01 -0.845002 0.998317 1 1 0 1338.76 1.79228e+06 0.0838854
0.02 -0.835003 0.994425 1 1 0 1337.95 1.79012e+06 0.0840128
0.03 -0.824965 0.990109 1 1 0 1337.14 1.78794e+06 0.0835503
0.04 -0.814936 1.00199 1 1 0 1336.32 1.78577e+06 0.0848339
0.05 -0.804911 1.01105 1 1 0 1335.53 1.78364e+06 0.0825186
0.06 -0.794863 0.99747 1 1 0 1334.71 1.78145e+06 0.0844373
0.07 -0.784789 1.02039 1 1 0 1333.89 1.77928e+06 0.0826338
0.08 -0.774685 1.00242 1 1 0 1333.06 1.77705e+06 0.0823259
0.09 -0.764636 1.00978 1 1 0 1332.25 1.7749e+06 0.085783
0.1 -0.754504 1.03085 0.999999 0.999998 8.67622e-06 1331.45 1.77276e+06 0.0832065
0.11 -0.744388 1.01282 0.999997 0.999995 2.44255e-05 1330.64 1.77061e+06 0.0832289
0.12 -0.734306 1.01123 0.999993 0.999985 6.12259e-05 1329.79 1.76835e+06 0.0828108
0.13 -0.724095 1.0118 0.99998 0.99996 0.000157124 1329 1.76624e+06 0.0836653
0.14 -0.71385 1.01397 0.999951 0.999901 0.000355751 1328.13 1.76395e+06 0.0841353
0.15 -0.70368 1.01763 0.999886 0.999773 0.000745635 1327.37 1.76192e+06 0.0840774
0.16 -0.693411 1.02591 0.99979 0.999581 0.00131994 1326.48 1.75956e+06 0.0838786
0.17 -0.682903 1.0594 0.999616 0.999233 0.00225681 1325.63 1.75731e+06 0.0848423
0.18 -0.672227 1.06375 0.999355 0.998711 0.00361161 1324.74 1.75494e+06 0.0856723
0.19 -0.661553 1.09871 0.998996 0.997995 0.00531861 1323.82 1.75251e+06 0.0851269
0.2 -0.650449 1.11715 0.998478 0.996961 0.00771677 1322.85 1.74996e+06 0.0858716
0.21 -0.63913 1.14482 0.997782 0.995574 0.0106978 1321.79 1.74714e+06 0.087916
0.22 -0.627242 1.18175 0.996819 0.993654 0.014686 1320.67 1.74419e+06 0.0868022
0.23 -0.615407 1.23232 0.995691 0.991408 0.018854 1319.57 1.74128e+06 0.0861326
0.24 -0.602893 1.24938 0.99427 0.988583 0.0244559 1318.36 1.7381e+06 0.0883381
0.25 -0.589599 1.34444 0.992429 0.984929 0.0311289 1317 1.73453e+06 0.0903966
0.26 -0.576263 1.39405 0.990389 0.980888 0.0389263 1315.53 1.73066e+06 0.0896361
0.27 -0.562116 1.45404 0.987857 0.975884 0.0470831 1314.05 1.72676e+06 0.0907709
0.28 -0.546941 1.49608 0.984811 0.96988 0.0572095 1312.29 1.72215e+06 0.0930949
0.29 -0.531193 1.63235 0.981286 0.962957 0.0705686 1310.4 1.71717e+06 0.0972285
0.3 -0.514449 1.74867 0.977341 0.955239 0.0859361 1308.4 1.71195e+06 0.102222
0.31 -0.496527 1.79662 0.972528 0.945865 0.101169 1305.94 1.70551e+06 0.102481
0.32 -0.478262 1.91262 0.967207 0.935555 0.119754 1303.42 1.69894e+06 0.10619
0.33 -0.457989 2.06974 0.960886 0.923384 0.142806 1300.39 1.69105e+06 0.11396
0.34 -0.437008 2.20693 0.95382 0.909873 0.170988 1297.14 1.68263e+06 0.122026
0.35 -0.41375 2.4488 0.945666 0.894411 0.207037 1293.27 1.6726e+06 0.134213
0.36 -0.388331 2.64582 0.935693 0.875681 0.255501 1288.63 1.66064e+06 0.151959
0.37 -0.361194 2.97808 0.924417 0.854757 0.326169 1283.28 1.6469e+06 0.175625
0.38 -0.138532 324.205 0.632554 0.571742 260.135 1010.34 1.17894e+06 411.914
0.39 0.29006 0.314132 0.0114542 0.000153428 0.0328315 412.427 170227 0.818385
0.4 0.293088 0.302333 0.0113161 0.00014921 0.0304626 410.865 168940 0.793265
0.41 0.296123 0.298214 0.0111214 0.000144854 0.0297402 409.581 167887 0.776461
0.42 0.299315 0.288464 0.011052 0.000143108 0.0287472 407.958 166564 0.785309
0.43 0.301859 0.285492 0.010947 0.000140591 0.0278026 407.052 165830 0.791258
0.44 0.304718 0.276313 0.0112283 0.000147714 0.028328 406.388 165294 0.797754
0.45 0.307394 0.260894 0.0111618 0.000146145 0.0275956 405.384 164478 0.774899
0.46 0.309914 0.260006 0.0112071 0.000146853 0.0266127 404.438 163716 0.78242
0.47 0.312782 0.251243 0.0111013 0.000144157 0.0256359 403.208 162718 0.748175
0.48 0.314905 0.240835 0.0111385 0.000144726 0.0247931 402.379 162056 0.762135
0.49 0.31741 0.239456 0.0112405 0.000147496 0.0248581 401.831 161620 0.769744
0.5 0.319827 0.238559 0.0112298 0.000147351 0.0244726 400.773 160768 0.742387
0.51 0.322289 0.230276 0.0113391 0.0001506 0.0248755 400.174 160292 0.744333
0.52 0.32454 0.229509 0.0112819 0.000148795 0.0238311 399.26 159563 0.74716
0.53 0.326382 0.219663 0.0113022 0.000149263 0.023392 398.621 159057 0.748995
0.54 0.328567 0.218755 0.0113957 0.000151604 0.0231929 398.103 158646 0.742257
0.55 0.331174 0.211203 0.0115873 0.000156125 0.0228921 397.387 158076 0.728508
0.56 0.33298 0.202303 0.0116713 0.000159664 0.0241153 396.904 157699 0.748972
0.57 0.335085 0.204934 0.0116681 0.000158592 0.022685 396.191 157135 0.74276
0.58 0.337313 0.203034 0.0116207 0.000157499 0.0223029 395.305 156435 0.739365
0.59 0.339161 0.196604 0.0119371 0.000165667 0.0226233 395.207 156365 0.757781
0.6 0.341542 0.196947 0.0118693 0.000163918 0.0221167 394.45 155767 0.744606
0.61 0.343048 0.190777 0.0122003 0.000171991 0.0218527 394.391 155721 0.732846
0.62 0.345011 0.190777 0.0122495 0.000173133 0.0214449 393.92 155352 0.732159
0.63 0.346952 0.186357 0.0124455 0.000178811 0.0218702 393.639 155129 0.71631
0.64 0.34919 0.186573 0.0124364 0.000178454 0.0214113 392.922 154572 0.731353
0.65 0.350689 0.18147 0.0125873 0.000183171 0.0219147 392.57 154299 0.736822
0.66 0.352574 0.180954 0.0128138 0.000189835 0.0223776 392.626 154345 0.731321
0.67 0.354378 0.179772 0.0130372 0.000194639 0.0212099 392.321 154108 0.729131
0.68 0.356311 0.174785 0.0131399 0.000198392 0.0217984 391.884 153766 0.721275
0.69 0.357956 0.179472 0.0132148 0.000200341 0.0214629 391.655 153592 0.732352
0.7 0.359308 0.171835 0.0132107 0.000200445 0.0213307 391.072 153139 0.734577
0.71 0.361235 0.171497 0.013514 0.000209435 0.0217479 391.116 153179 0.746967
0.72 0.363017 0.169709 0.0137341 0.000215345 0.0213756 391.02 153099 0.721148
0.73 0.364513 0.168932 0.0138684 0.000219929 0.0217745 390.582 152762 0.728965
0.74 0.366283 0.165918 0.0140527 0.000225423 0.0217515 390.434 152646 0.718005
0.75 0.367799 0.164836 0.0141508 0.000228482 0.0216863 390.22 152484 0.724174
0.76 0.369797 0.16454 0.0144423 0.000237894 0.0222178 390.227 152498 0.744183
0.77 0.371431 0.16049 0.0145045 0.000239205 0.0215617 389.642 152039 0.726872
0.78 0.372684 0.162613 0.014651 0.000243963 0.0216441 389.702 152086 0.718674
0.79 0.374684 0.158505 0.0149029 0.000251921 0.0217461 389.596 152006 0.718574
0.8 0.376424 0.164787 0.0151494 0.000260202 0.0221027 389.589 152007 0.729682
0.81 0.378044 0.160495 0.0153707 0.000267221 0.0220187 389.56 151986 0.726484
0.82 0.3793 0.159072 0.0153583 0.000267192 0.0219959 389.12 151644 0.721706
0.83 0.38073 0.158543 0.0155955 0.000274538 0.0217347 389.322 151808 0.732126
0.84 0.382659 0.157656 0.0159441 0.000286755 0.0223134 389.367 151839 0.710857
0.85 0.384143 0.161811 0.0161393 0.000293833 0.0226033 389.532 151982 0.747317
0.86 0.385506 0.156112 0.0163377 0.000299872 0.0220706 389.512 151959 0.712825
0.87 0.387327 0.155056 0.0166105 0.000309778 0.0224236 389.195 151714 0.712432
0.88 0.388556 0.156272 0.0166807 0.000312321 0.0223029 389.383 151869 0.730386
0.89 0.39004 0.156849 0.0170457 0.000326015 0.022948 389.58 152025 0.729023
0.9 0.391669 0.158109 0.0173479 0.000336566 0.0227941 389.695 152114 0.719842
0.91 0.393473 0.155721 0.017464 0.00034075 0.0226344 389.346 151852 0.737115
0.92 0.395055 0.157347 0.0178067 0.000354145 0.0232071 389.752 152163 0.71533
0.93 0.396412 0.150965 0.0178694 0.00035626 0.022881 389.495 151973 0.735253
0.94 0.398129 0.156541 0.0182808 0.000371913 0.0231163 389.864 152266 0.741779
0.95 0.399982 0.158054 0.0184558 0.000380435 0.0241423 389.665 152112 0.736823
0.96 0.401771 0.155945 0.0188405 0.000394965 0.0240014 390.108 152461 0.739674
0.97 0.402812 0.160004 0.0190062 0.000400847 0.0235205 390.237 152559 0.72573
0.98 0.404454 0.155226 0.0193931 0.00041668 0.0238545 390.638 152875 0.723824
0.99 0.406176 0.156058 0.0195439 0.000424174 0.0245581 390.496 152770 0.732089
