1.0 0.0 0.3472712 0.00016301101802948122 0.3665388 0.0014446831735708521 0.41387159999999995 0.00011182293151789247 0.1717738 9.146732749345118e-05 0.27874220000000005 0.0012946644167480008 522.3742 0.10443463027085502 273090.2 108.4860912637222 0.4116898 0.002954638122004417 
0.99 0.0 0.3434372 0.00011630594137292577 0.3732946 0.000602463250338974 0.41450519999999996 8.88699724675915e-05 0.17230859999999998 7.433416443172655e-05 0.28717940000000003 0.0005914612819074789 523.1025999999999 0.0770000520119534 273853.6 80.91111173200491 0.41930200000000006 0.001531529666700477 
0.9800000000000001 6.664001874625056e-09 0.3400022 0.00013154022958973747 0.37802800000000003 0.0031643930476470375 0.414913 8.322355436465174e-05 0.17264339999999997 6.995690103469787e-05 0.2882884 0.0008282056556203551 523.6894 0.08535741329326184 274465.2 89.00984214625575 0.41794000000000003 0.0027423095084238075 
0.97 4.712160915387242e-09 0.33590339999999996 0.00015390064328763556 0.3883544 0.0017521625632354503 0.41575760000000006 0.00011416850701119572 0.1733444 9.463851224118782e-05 0.29100420000000005 0.001016829322941943 524.4636 0.08060650087920034 275276.6 84.8427251067529 0.4213736 0.0011849803576431616 
0.96 0.0 0.3321358 0.00012817594159136343 0.393077 0.002104950032661016 0.41635159999999993 8.064271825014842e-05 0.17384039999999998 6.727353120427624e-05 0.295044 0.0016925265138257465 525.2134 0.0415582483423205 276063.2 44.64293895221299 0.4246276 0.002370791877833731 
0.95 4.712160915387242e-09 0.328196 0.00019406267029341108 0.39515079999999997 0.0017100872118135993 0.41707099999999997 0.00012328600896536476 0.1744404 0.00010344528988773259 0.298278 0.0012288168944161219 526.0020000000001 0.11534019244709741 276892.4 121.02052718141488 0.4287222 0.002592927448272943 
0.9399999999999998 4.712160915387242e-09 0.32402040000000004 0.00012649572324365676 0.40341359999999993 0.001512942605656008 0.41803919999999994 7.553616361697421e-05 0.1752472 6.232906225127299e-05 0.3006064 0.0007555750445832672 526.9487999999999 0.10211499409311427 277887.2 107.85449456694428 0.427961 0.00248643080740337 
0.93 0.0 0.3201618 0.00013550539472976508 0.40917520000000007 0.0022134042811910956 0.4186404 0.00011180110911880507 0.17575259999999998 9.256893648775285e-05 0.30529080000000003 0.001046249469291486 527.6292000000001 0.08546503377064946 278603.6 90.13039443211308 0.42961679999999997 0.0017709931315509065 
0.9200000000000002 6.664001874625056e-09 0.31566679999999997 0.00010849051573468944 0.4153726000000001 0.0014304630187418216 0.41967160000000003 6.209966176724262e-05 0.17662360000000002 5.399525903489257e-05 0.3125422 0.0013374457267491852 528.5772 0.056741801179800835 279605.0 60.2149483051314 0.4344566 0.0008542760958791879 
0.9099999999999999 6.664001874625056e-09 0.3116396 0.0003521967177574704 0.42335599999999995 0.0021244465632271137 0.42048880000000005 0.00021360325839407 0.17731059999999998 0.00018122286832071243 0.3164186 0.001452525403565353 529.5074000000001 0.205026554367318 280589.0 216.87987458217347 0.4365392 0.0016121589350932772 
0.9 4.712160915387242e-09 0.3074744 0.00013625699248798672 0.43147339999999995 0.002179378601346581 0.42143759999999997 9.892486041410016e-05 0.1781074 8.326708833099204e-05 0.318496 0.0012929240658304192 530.3328 0.12138513910634509 281460.2 128.29322662908345 0.4340324 0.00222445289633279 
0.89 0.0 0.3028468 0.0001649444512429857 0.4397474 0.0012025348760010663 0.4225778 0.00011897475365092748 0.1790738 0.00010255589695354755 0.32473040000000003 0.0014058276025167911 531.4431999999999 0.06269124348752005 282641.4 67.14199876416306 0.44287960000000004 0.004014731160115353 
0.8800000000000001 6.664001874625056e-09 0.298402 0.00013840260113549458 0.44527900000000004 0.0019176502913706248 0.42362279999999997 0.000106881392265276 0.1799614 8.961901584453777e-05 0.3304986 0.0020398296713211236 532.3856 0.09273126773119622 283642.2 98.50823314358202 0.4428368 0.002995574741515065 
0.8699999999999999 6.664001874625056e-09 0.294269 9.104416508517543e-05 0.45355360000000006 0.0019908543814130936 0.42457200000000006 8.00164982388661e-05 0.18076619999999996 6.744265713750773e-05 0.33408060000000006 0.0012397715144298633 533.3273999999999 0.07456733882524118 284646.0 79.3246493846648 0.4484836 0.002395912111911206 
0.86 0.0 0.28957059999999996 0.00021002258927034116 0.4641932 0.001327746403500996 0.42565220000000004 0.00017044844380613382 0.1816842 0.00014342423784255274 0.33771359999999995 0.0016735006328062413 534.2113999999999 0.1316706802267389 285588.2 140.22821399027146 0.4488538 0.0017218420694126418 
0.85 0.0 0.2849346 0.0002049849945752988 0.4712394 0.0016469993952652594 0.427097 0.00012864369395240724 0.1829196 0.00011070161698478479 0.3441746 0.0005832392716561234 535.4258 0.09710629233406906 286886.8 103.99669226741528 0.452553 0.0011977105159440117 
0.8400000000000001 6.664001874625056e-09 0.27990499999999996 7.688432873142959e-05 0.4835058 0.0026343859459093673 0.4283195999999999 0.00011191303770852689 0.1839694 9.409977682964444e-05 0.35087 0.001268600015764518 536.4588 0.0968563473100657 287993.8 102.72386286225209 0.45675999999999994 0.002755328321637926 
0.8299999999999998 6.664001874625056e-09 0.27515480000000003 0.00022159555951809868 0.4961546 0.0008428210533665534 0.429735 0.00014646037005821368 0.1851866 0.00012293237165229774 0.35673699999999997 0.0023817868082598565 537.6706 0.11647715649154934 289296.4 124.32042470675354 0.46335619999999994 0.002196640114360059 
0.82 0.0 0.2705802 0.00012184889002165177 0.5008317999999999 0.00200911714740718 0.4310232 4.872568115590064e-05 0.18629320000000002 4.169930454121084e-05 0.3600102 0.0007810694412123105 538.7468 0.03578424213998306 290453.2 39.784821197042774 0.4645568 0.003977546795702315 
0.8100000000000002 4.712160915387242e-09 0.2651158 0.00011059128355217394 0.5117034 0.003556760229195319 0.4327764 0.0001184664002930747 0.18780539999999998 0.00010294643267448919 0.3627492 0.0018389320683491657 540.1076 0.08046793150254047 291920.6 87.31671089607637 0.4679384000000001 0.003055313595685747 
0.8 0.0 0.259917 0.0001222715011825234 0.5234128 0.004361635623478378 0.43439039999999995 0.00010130176704186683 0.1892112 8.601692856493595e-05 0.3716784000000001 0.0015244553283025241 541.4451999999999 0.08815867523697671 293364.4 94.85045068741354 0.46551859999999995 0.001756948868921964 
0.79 0.0 0.254149 0.0003716907316514848 0.5366215999999999 0.002141539588239762 0.4363448 0.00023180395165518512 0.19091300000000003 0.0002036942807227199 0.3760256 0.0011300434894271842 542.962 0.2108320658436482 295009.4 228.7644377874669 0.469486 0.0019422395320867888 
0.78 0.0 0.2490294 7.082801704448398e-05 0.5510756 0.003137526778850066 0.4379748 4.211451052578496e-05 0.19234620000000002 3.640043953119272e-05 0.387032 0.0006662164212947419 544.1623999999999 0.026702210118180282 296317.0 29.33257574779276 0.48171559999999997 0.0011489102523724308 
0.77 0.0 0.24340099999999998 4.3115658438653863e-05 0.5708084 0.0047843998294444905 0.43989880000000003 6.064282307668918e-05 0.1940398 5.2990112286005166e-05 0.39527219999999996 0.0011364890285453489 545.5904 0.08679198118872378 297873.4 95.31237064540402 0.4868238 0.002759548215199408 
0.76 0.0 0.23760640000000005 0.00013859569976832638 0.5826254 0.0009026354125649435 0.4420096 0.00012952022237578396 0.19589700000000002 0.00011340088182435035 0.39742900000000003 0.0011617570141800415 547.2284 0.13352650671467153 299661.4 146.02536765458674 0.4865482 0.001804615225471469 
0.75 0.0 0.2320824 0.0001104820709427791 0.5923656 0.004400260743182624 0.443961 7.060368264632245e-05 0.19763079999999997 6.34875736008256e-05 0.40634899999999996 0.001039976384349904 548.5346000000001 0.06267031174115019 301089.8 68.97153035943215 0.48579940000000005 0.0014544886826614331 
0.74 0.0 0.2257724 0.00013595193267923543 0.6145554 0.0032538977193520666 0.4463404000000001 0.0001285035718686923 0.19975400000000001 0.00011473377880384193 0.4158136 0.0008362581706651931 550.2774000000001 0.11031431449314365 303007.2 121.22686170523994 0.49622099999999997 0.001021178809027349 
0.73 0.0 0.219441 0.00022126671688261606 0.6286418 0.0039548580899942554 0.44891000000000003 0.00017060574431445309 0.2020556 0.00015397807636025239 0.4224184 0.0014640816261371353 552.1339999999999 0.16757828025682855 305051.2 185.45930011434143 0.4947234 0.0027043417772188235 
0.72 0.0 0.213171 0.00015815764287791559 0.6551464 0.003035756875638086 0.451405 0.000142373031165954 0.20430739999999997 0.0001285153998656857 0.43264499999999995 0.0015577594679547623 553.8268 0.10602693992774727 306925.6 117.50152340165205 0.5052094 0.003053462462188784 
0.71 0.0 0.2067832 7.185841635569442e-05 0.6732936 0.004399709168567315 0.4539394 8.266007499830688e-05 0.20660439999999997 7.722724909436017e-05 0.44079099999999993 0.0026154274908724677 555.5165999999999 0.07336953060097788 308801.6 81.70414923563756 0.5147196 0.003907190208832419 
0.7 0.0 0.199554 0.0002315227850529281 0.6936473999999999 0.002090764139742344 0.4571718000000001 0.0001553479706776497 0.20955060000000003 0.00014131202354032953 0.44787740000000004 0.0010969859652667955 557.8306 0.12656906419600192 311375.6 141.3423079058439 0.5137523999999999 0.0013531346895320829 
0.69 0.0 0.1927594 0.0001749840221298899 0.7100587999999999 0.003766354252065701 0.4600574 0.00011432291106470376 0.21219700000000002 0.00010654163503873756 0.4542954 0.0022202872174544195 559.7058 0.07687048850108856 313469.8 86.81216505739921 0.5161614 0.003020885997187863 
0.68 3.332000937312528e-09 0.1853844 0.0001274788139284705 0.7389805999999999 0.004384328907375703 0.46344219999999997 8.305294695972297e-05 0.2153308 7.512783772527386e-05 0.4675632 0.002408563213203277 561.9678 0.08579855477583188 316007.0 95.7292013900633 0.5213990000000001 0.002557210495827815 
0.67 0.0 0.17786839999999998 0.00020472041422620266 0.7618384 0.0023487756401994217 0.46696 0.00013592586215420242 0.218607 0.000128374140706977 0.477502 0.002398529249353774 564.2223999999999 0.10364115033046413 318546.8 116.90009410061406 0.529041 0.0021370356665268648 
0.66 3.332000937312528e-09 0.1700466 0.0001802697090482156 0.792852 0.002147161642722423 0.47066759999999996 0.00015284727022505024 0.222087 0.000143516410211736 0.4878256 0.0009034430408120685 566.5935999999999 0.14197932251312137 321228.0 161.48733696674284 0.5331682000000001 0.0017948206461887626 
0.65 0.0 0.1622432 0.00018633548239396644 0.8194701999999999 0.004531463996549479 0.4742408 0.00011438790142855473 0.22546399999999997 0.00010845091057089788 0.495781 0.0014722022687123117 568.9460000000001 0.07987840740584042 323898.8 91.43277312842001 0.5389111999999999 0.002022185716499209 
0.64 0.0 0.15360500000000002 0.00020726292480728413 0.8550898 0.004017576796031852 0.47862400000000005 0.00016313650721951759 0.22964159999999997 0.00015387335052384013 0.5043302 0.0024737037720830705 571.5719999999999 0.1321686801832062 326891.2 150.4620616658313 0.5375228 0.001853927429004097 
0.63 0.0 0.1448814 0.00019061051387651514 0.8934177999999999 0.004197726683817415 0.48310059999999994 0.00017379634063113217 0.23395680000000002 0.00016675644514782623 0.5216160000000001 0.002030477953583569 574.415 0.14479751381696376 330152.2 166.15664897222942 0.5505812 0.0034340288921323402 
0.62 0.0 0.1361324 0.00018414138046987715 0.9292744000000001 0.0027431572991645776 0.48770040000000003 0.00011893749617665786 0.23843040000000001 0.00011524256157826313 0.537752 0.0018791405056581792 577.2370000000001 0.12764043243473705 333402.6 146.56182315108902 0.5591859999999998 0.0025112349631260327 
0.61 0.0 0.1264616 8.777999772133323e-05 0.9739922 0.008122991096388619 0.4926516 0.00010019524938734052 0.24328500000000003 9.998079814130427e-05 0.5470269999999999 0.00403074809930066 580.1678 0.054018071025995804 336795.0 62.828655877629984 0.5656228000000001 0.004589287800081994 
0.6 0.0 0.11589259999999998 0.0002251649351050716 1.0233358000000001 0.00814970623470613 0.4987172 0.00019947118085872703 0.2493038 0.00020217861410312568 0.5617004 0.004068422383185167 583.8716000000001 0.14126332854093757 341107.0 166.47209976632828 0.5731762 0.005521252455014247 
0.59 0.0 0.105501 0.00014107104593063876 1.067664 0.008022842189650877 0.5043134 0.00011041507142104915 0.2549228 0.00011123143441105036 0.5768532000000001 0.0018348145497520782 587.1558 0.07150574798473196 344951.4 84.00409510485048 0.5754898 0.0018282013543313845 
0.58 0.0 0.09485236 0.0002085490917750001 1.120538 0.006300244693658846 0.5104624 0.00016083696095290335 0.2611652 0.0001627711030983852 0.5889639999999999 0.002522884618845699 590.8124 0.11423610629830265 349257.4 134.7657523210449 0.5778804 0.0032727151247863057 
0.57 0.0 0.08332640000000001 0.00014559246134265765 1.1911479999999999 0.006900876697932082 0.5169562 0.00013007210307896188 0.26784759999999996 0.0001337393285492557 0.6101388 0.0025337669253538415 594.4954 0.08511949239928047 353626.8 100.71401095460094 0.5958171999999999 0.002349056157693911 
0.56 0.0 0.07082577999999999 9.99643592484425e-05 1.235478 0.009949680758695118 0.5245364 5.058268481649328e-05 0.27574 4.926012592054845e-05 0.6190648000000001 0.0041732636283832785 598.9578 0.04278448310070181 358947.8 50.736495753478806 0.5885792 0.0026975167751107443 
0.55 0.0 0.05790862 0.00024044303009234505 1.3316379999999999 0.007809475475352194 0.5322602 0.0001439456564539174 0.2839146 0.00015420625149718996 0.6426535999999999 0.0025480454878222753 603.316 0.09692842709226547 364191.2 117.11443975142866 0.6056459999999999 0.0021981850877563227 
0.54 0.0 0.04398412 0.00022732263310100623 1.4114620000000002 0.00854614036860358 0.540675 0.00017574640820059735 0.292952 0.0001897484650799174 0.6637174 0.0024447713774482134 608.1464 0.11124013662187449 370043.2 134.4709336536363 0.6126332000000001 0.0048465219974708935 
0.53 0.0 0.029848740000000002 0.0001840478820307497 1.5128159999999997 0.007561552539004808 0.5493836 0.0001420908442311675 0.30245260000000007 0.0001558084978136756 0.684956 0.0022090112720401338 612.9544 0.10451204716160858 375914.0 127.6667536988389 0.6189002 0.002511236052623076 
0.52 0.0 0.01431036 0.00020362030075607971 1.586006 0.006863615140722574 0.5592216000000001 0.00016658225586288288 0.31335419999999997 0.00018737137456551354 0.6927018 0.002294608749218559 618.3804 0.09241238010251546 382593.6 114.7409604303898 0.6197166000000001 0.0017146512555003882 
0.51 0.0 -0.002446058 0.00018623936072484755 1.7322300000000002 0.011055986613590427 0.5698082 0.00015054152914478077 0.3253226 0.00017122794163456197 0.7242612 0.001558569225921528 624.2184 0.11091171268416579 389851.2 138.19331386970578 0.6361292 0.0037107112784488974 
0.5 0.0 -0.019949559999999998 0.0002565737969474029 1.844904 0.010120870555440411 0.5809110000000001 0.00018390671545650037 0.33809880000000003 0.00021529299105461265 0.7381006000000001 0.0044860117306978866 630.2068 0.11492341792293279 397363.0 145.55741134534713 0.641877 0.004822693786670611 
0.49000000000000005 3.332000937312528e-09 -0.03879606 0.00016137375895730542 1.9502700000000002 0.013592409057995379 0.5930215999999999 0.00013699389772493128 0.35231900000000005 0.00016277174200647398 0.7573162000000001 0.0024952167264494034 636.7671999999999 0.09842129863282816 405672.2 125.65361913105576 0.6395649999999999 0.0030858568210490396 
0.48 0.0 -0.05940006 0.00034265592374871617 2.092152 0.016014658135593565 0.6063936 0.00019450852937773487 0.3683588 0.00023772074373587271 0.7746701999999999 0.004979181277283579 644.028 0.12862099360635218 414970.6 166.26667736413387 0.6401570000000001 0.005392215893303123 
0.4699999999999999 2.356080457693621e-09 -0.08048668 0.0002896435994801826 2.26252 0.00749634097411326 0.6200281999999999 0.00019611494592739465 0.38508239999999994 0.00024311422832955264 0.7932646 0.001475150774671221 651.1182 0.1380421384563901 424150.4 179.727260020245 0.6398792 0.0004404945766103416 
0.4600000000000001 3.332000937312528e-09 -0.1035374 0.00012179806238105807 2.4098800000000002 0.02200673078855171 0.6350314 9.849207073326842e-05 0.40391320000000003 0.0001254455738183361 0.8117208 0.006964743368708976 658.9658 0.06455162272503592 434432.2 85.18751081885019 0.6467708 0.006493358597213884 
0.45 2.356080457693621e-09 -0.12866280000000002 0.0003422440532699885 2.597966 0.022718382794558883 0.6514046 0.0002115146520052291 0.4249696 0.0002714361214026967 0.8211182000000001 0.005666756323680749 667.4567999999999 0.1378768726615211 445691.0 182.69559381325894 0.639952 0.005558462290957906 
0.44000000000000006 3.332000937312528e-09 -0.15460619999999997 0.0003368253434672863 2.747014 0.032968672960857086 0.6680888 0.0002780203445510859 0.44697260000000005 0.0003677979445223202 0.8244195999999999 0.00802831103832097 676.0106 0.1788994354911196 457176.8 240.34398682041626 0.6257342 0.0072630863213922125 
0.43 0.0 -0.18292199999999997 0.0004466487658118856 2.91539 0.015616409318397481 0.6862986 0.0003087685994588206 0.47162240000000005 0.0004256054134963526 0.8249834 0.004182115355650918 685.358 0.1787888139988562 469897.0 245.5001425686362 0.6147482000000001 0.0029340367059715045 
0.42000000000000004 3.332000937312528e-09 -0.212966 0.0001824010964895716 3.031206 0.007844448023907146 0.7055062 0.00013604628625388653 0.4983308 0.00019171069869529386 0.811393 0.0011618823348364825 695.068 0.08880405403883072 483291.6 123.07220646990568 0.5905082 0.0027310787084932173 
0.41 0.0 -0.2433328 0.00022635978442250198 3.1741 0.02621811312813759 0.7246768 0.00014225987487851362 0.5257242 0.0002052649800120131 0.7973353999999999 0.004709754104835487 704.4768 0.09153639723925859 496451.6 128.69610719284321 0.569288 0.005090986057729207 
0.4 0.0 -0.27599359999999995 0.00039527434524053124 3.288562 0.03222890124095976 0.7448884 0.0002454912789000955 0.5553958 0.00036164528479404963 0.7734532 0.0066756551642510155 714.4984 0.16263077204642598 510663.0 230.752681457876 0.5432686 0.005867695374506998 
0.39 0.0 -0.30862080000000003 0.0002833754258821793 3.2986199999999997 0.01834498252929685 0.7648432000000001 0.00016558294595055213 0.5854822000000001 0.000252522537558132 0.7339597999999999 0.003801119807638285 724.2024000000001 0.10925368623098633 524612.8 157.73684414084022 0.5075554 0.004143931202132873 
0.38 0.0 -0.3422514 0.00024435786871362155 3.3930220000000006 0.019525606858662007 0.7850222 0.00015766633117929034 0.6167210000000001 0.00024825116309931 0.6994217999999999 0.002556299456641981 733.8553999999999 0.08469314038775506 538675.6 124.58590609714597 0.474179 0.002952643561284354 
0.37 0.0 -0.37536379999999997 0.00021813709450960772 3.24585 0.016754343436853034 0.8043888000000001 0.00013096546098047884 0.6474518 0.00021112638868303225 0.6389198 0.0029020597154429655 742.9888000000001 0.07892396336793374 552151.4 117.36118607975497 0.43287640000000005 0.001602189067490326 
0.36 0.0 -0.4077476000000001 0.00023858543120858837 3.179316 0.02862301865282857 0.8228770000000001 0.00013252048881098698 0.6774934 0.00021743828544566803 0.5876616 0.003144110870818622 751.585 0.07444353555620692 564987.6 111.76496771266254 0.3990034 0.0020694274493195364 
0.35 0.0 -0.44012660000000003 0.00015659619405264925 3.117038 0.012448559241943684 0.8410622 7.45495273040549e-05 0.7077142000000001 0.00012545928418773096 0.5404814 0.0014268024838821618 759.9574 0.04315979599903768 577634.0 65.62194756665947 0.3700462 0.0018300724226114663 
0.34 1.666000468656264e-09 -0.4697786 0.0001957836765500476 3.0425899999999997 0.018175672532266526 0.8571148000000001 0.00014330817137099604 0.7349397999999999 0.0002449996571751642 0.4974844 0.0018665223834713042 767.1283999999999 0.07257084842484614 588574.8 111.22388228139715 0.34114380000000005 0.0017879350636947062 
0.33 1.666000468656264e-09 -0.5001317999999999 9.803240282216168e-05 2.8895919999999995 0.007975717848628808 0.8732758 7.036214852039284e-05 0.7628646 0.00012231160207871084 0.4428328 0.001206321496116519 774.4364000000002 0.027000147205548646 599831.2 42.10881159757606 0.3125976 0.0012309988984576616 
0.32 0.0 -0.5281127999999999 4.707559882800964e-05 2.751412 0.01985696963788344 0.8877458 2.8314518990923148e-05 0.7883144 4.9199674825437197e-05 0.3990444 0.003210637564097313 780.8238 0.03680586898077836 609758.4 57.6968629192494 0.29149459999999994 0.0021763545409704656 
0.31 0.0 -0.5547678 0.00015773202588893734 2.63881 0.010332872204775488 0.9010950000000001 6.459907087592737e-05 0.8121644 0.00011625200216682893 0.3572952 0.0012000051133235362 786.6746 0.0443626867696847 618924.0 69.40720421943671 0.27408279999999996 0.001325908455362657 
0.3 0.0 -0.5808367999999999 0.0001211453342775804 2.503322 0.010105798098131263 0.9137000000000001 6.906055294900298e-05 0.8350136000000001 0.0001262025671672757 0.3182156 0.0006744063819362498 792.2024 0.04125782324377815 627646.0 65.64998092244343 0.2560344 0.001239238236982263 
0.29 0.0 -0.6053672000000001 0.00013070375648495448 2.382374 0.009160338247024282 0.9251706000000001 4.515006056087614e-05 0.8560816000000001 8.343505235326684e-05 0.280377 0.0004539972687190145 797.2896 0.04038871154873599 635726.8 64.60984440957048 0.242152 0.000537616443199393 
0.28 0.0 -0.6286122 0.0001221289155484646 2.2722860000000003 0.012850764210734745 0.9355867999999999 4.8053636960675145e-05 0.8754426000000001 8.942286044658059e-05 0.2471124 0.0006650151637360612 801.8886 0.036714684104024425 643077.2 58.66883335158402 0.2310162 0.0012580919330470945 
0.27 0.0 -0.6505238 3.805091326198381e-05 2.1485480000000003 0.010666362603981017 0.945031 3.239753087672324e-05 0.8931858 6.115907135143472e-05 0.21730159999999996 0.000389415829164652 806.1315999999999 0.022452795584736958 649896.2 36.17999470151374 0.22217859999999998 0.0006643189354535572 
0.26 0.0 -0.671603 5.291729412622963e-05 2.04107 0.008959285239349546 0.9536616 2.5838885063891566e-05 0.9095547999999999 4.941044468615474e-05 0.1870052 0.0001600530911912582 810.0474000000002 0.024791288511547056 656221.4 40.01059857146447 0.21290299999999998 0.0008365655981460778 
0.25 0.0 -0.6914011999999999 3.2247046714762814e-05 1.9313259999999999 0.013158902264250347 0.9612993999999999 1.4978919696094434e-05 0.9241664 2.8831371482443337e-05 0.1619384 0.0004308967950677489 813.7026000000001 0.023374515581657592 662153.6 38.092099020827135 0.205694 0.0011051229071929966 
0.24 0.0 -0.7103788 3.306647848143068e-05 1.8267700000000002 0.0075127805771041155 0.9682036 1.614831214037833e-05 0.9374762000000001 3.128117581466234e-05 0.138017 0.00028566511862611197 817.1348 0.017587267961552376 667748.6 28.67695948616404 0.20074020000000004 0.0007495393465302548 
0.23000000000000004 1.666000468656264e-09 -0.7280426 5.0524133230824484e-05 1.744238 0.005005490105871233 0.974191 3.432783159487484e-05 0.9490942 6.709002892978581e-05 0.114534 0.00047691005441260093 820.1938 0.022837512575519556 672754.4 37.33480933768445 0.1931826 0.0009564040401415256 
0.22000000000000003 1.666000468656264e-09 -0.7450053999999999 2.9923369034933222e-05 1.6323639999999997 0.007226925542727649 0.9794786 1.8303223129134402e-05 0.9594153999999999 3.5573698507203765e-05 0.09588776 0.00035019881050640946 823.1433999999999 0.015514122684454994 677598.8 25.450186390372224 0.18911799999999998 0.0008266562526233222 
0.21000000000000002 1.666000468656264e-09 -0.7609008 3.569806688739122e-05 1.571024 0.007477160209599218 0.9839522 1.593336091654408e-05 0.9681904000000001 3.1246886562458035e-05 0.07797544000000001 0.00025226915879579466 825.8266 0.016046433067086526 682021.4 26.411512511858582 0.18517139999999999 0.000680400858317285 
0.2 0.0 -0.7760926000000001 7.025359760566272e-05 1.4759879999999999 0.003441654718309251 0.9877694 1.5475400066014205e-05 0.9757098000000001 3.059856158488039e-05 0.062003739999999995 0.00018359959607866153 828.3889999999999 0.02991053348864834 686259.0 49.46352193729644 0.1833608 0.001096386406337579 
0.19 0.0 -0.7905504 3.8537877323365574e-05 1.387666 0.006756262043463707 0.9909475999999999 1.3189692777498434e-05 0.9819928000000001 2.6277594656427567e-05 0.04824904 0.00025893522525926546 830.8102000000001 0.021871258637095787 690274.0 36.36261820113351 0.1781342 0.0007564740524307705 
0.18 0.0 -0.804114 4.059556602542829e-05 1.323652 0.0022680730146949777 0.993491 5.578527876150884e-06 0.987036 1.0958102600359197e-05 0.03622092 0.00010245994105027364 833.0414000000001 0.015285547064540668 693984.4 25.45835797381002 0.1783184 0.0007706575166690403 
0.17 8.33000234328132e-10 -0.8170574 2.6028599636449017e-05 1.265436 0.0036983418987386737 0.9955088 7.906454185309596e-06 0.9910454 1.5708851906923242e-05 0.026444719999999998 0.00011275129232087479 835.1388 0.00588829335060511 697481.6 9.922096454221506 0.1762108 0.0008523679674880241 
0.16 0.0 -0.829426 1.3056797596631745e-05 1.2071900000000002 0.007101410564101848 0.9970288 1.480526165401487e-06 0.9940716 2.8649628353290618e-06 0.018687719999999998 5.405152652798342e-05 837.1558000000001 0.011622046784182478 700853.6 19.79616156469007 0.17532720000000002 0.0008800297904041222 
0.15 0.0 -0.8412873999999999 2.4570877992740733e-05 1.164978 0.0043618871145449795 0.9981287999999999 3.1924916283809396e-06 0.9962642 6.544613067311824e-06 0.012452759999999998 3.602475371193158e-05 839.0482 0.012558344931977872 704023.8 21.09104033521995 0.17371699999999998 0.0007134923125032757 
0.14 0.0 -0.8527008 2.6082024351861645e-05 1.1258139999999999 0.004016564302990883 0.9989072 4.189513873815246e-06 0.9978171999999998 8.482456397005728e-06 0.007885668 5.811315550888911e-05 840.9279999999999 0.005477229424653141 707180.2 9.184335259568668 0.1729336 0.0008509333980995342 
0.13 0.0 -0.8637752000000001 1.0033542837000384e-05 1.097646 0.005774896431973689 0.9994042000000001 2.142888528993428e-06 0.99881 4.372644129245945e-06 0.004550086 1.777381773284638e-05 842.7520000000001 0.012896510608455187 710249.6 21.737709238318732 0.1714274 0.0007123515199669395 
0.12 0.0 -0.8745982 5.141205104849571e-06 1.072026 0.006313263244949268 0.9997114 6.693093383752019e-07 0.9994238 1.245794112437524e-06 0.002417776 1.0923629653185804e-05 844.4870000000001 0.011320776241128636 713175.2 19.281909049717108 0.17234979999999997 0.0008606535377267384 
0.11000000000000001 8.33000234328132e-10 -0.8852184000000001 2.2591325107393546e-05 1.046102 0.002599688289009171 0.9998764 1.8242758382864903e-06 0.9997529999999999 3.487123246983668e-06 0.00113487 1.7015672775414557e-05 846.1813999999998 0.008605116945210588 716039.0 14.601369798755185 0.1699506 0.00033258918803794404 
0.1 0.0 -0.8956922 3.7137568273207423e-06 1.0407039999999999 0.003979765420228921 0.9999534000000001 6.06607219938703e-07 0.9999072 1.3084373553567539e-06 0.00046323199999999995 5.398261090389613e-06 847.8948 0.016035959372347093 718940.4 27.137575389980494 0.1714506 0.0010494758539385716 
0.09 0.0 -0.906089 1.838259994903251e-05 1.035384 0.004731272640632971 0.9999866 2.191028151001072e-07 0.9999730000000001 6.324309818877146e-07 0.00015082399999999998 3.068288447978849e-06 849.5914 0.004771579731329185 721818.6 7.9929977289695575 0.1710448 0.0005158600120178372 
0.08 0.0 -0.9163964 9.049198046320223e-06 1.027656 0.004322181486248343 0.9999974 2.1905213791309883e-07 0.999995 2.8284743441383513e-07 3.033844e-05 2.030216672692841e-06 851.2459999999999 0.005122505256797677 724631.2 8.82451184357207 0.16935660000000002 0.000786244369135501 
0.07 0.0 -0.9266796000000002 9.569114547326256e-06 1.02881 0.005120197652435197 0.9999993999999999 2.1915348056849172e-07 0.9999990000000001 4.712160915387242e-09 6.694458e-06 9.006287661246429e-07 852.943 0.00967057462695413 727521.8 16.447248624152536 0.16901000000000002 0.0005340368526592392 
0.06 0.0 -0.9369119999999999 9.923712437611453e-06 1.025458 0.0053486591964699735 1.0 0.0 1.0 0.0 2.89338e-07 2.5879177458953364e-07 854.5690000000001 0.008921881946704652 730296.2 15.454190591420097 0.1686028 0.0005540515066321588 
0.05 0.0 -0.9470946000000001 6.4844402310268374e-06 1.0190420000000002 0.004150479875858432 1.0 0.0 1.0 0.0 0.0 0.0 856.2112 0.004151145081107402 733104.4 7.181085792835405 0.1682132 0.0006861755110750938 
0.04 0.0 -0.9572526 4.267082219826559e-06 1.010876 0.0008828798332698979 1.0 0.0 1.0 0.0 0.0 0.0 857.8534 0.008311920545573549 735918.6 14.225610896235484 0.1692812 0.0005255236169768161 
0.03 0.0 -0.9673638 2.903792459055073e-06 1.005193 0.005430558601106071 1.0 0.0 1.0 0.0 0.0 0.0 859.4959999999999 0.0045519272134976856 738737.6 7.962914530026051 0.1673812 0.0006600591731043591 
0.02 0.0 -0.9774419999999999 2.6832849940509607e-06 1.0054418 0.004060412810535778 1.0 0.0 1.0 0.0 0.0 0.0 861.122 0.0048989791266473015 741534.0 8.593019855346256 0.16848619999999997 0.0007125523363239768 
0.01 0.0 -0.9874905999999999 1.711150370880628e-06 1.0016648 0.0033265901508928563 1.0 0.0 1.0 0.0 0.0 0.0 862.7404 0.004257697073220569 744323.0 7.38647478609553 0.1680894 0.0008913779265838849 
