0 -0.28 inf 1 1 -nan 1128.96 1.27455e+06 -inf
0.01 -0.269993 1.00125 1 1 0 1126.82 1.26973e+06 0.221128
0.02 -0.259942 1.01078 1 1 0 1124.64 1.26482e+06 0.226039
0.03 -0.249862 1.01979 1 1 0 1122.51 1.26005e+06 0.225443
0.04 -0.239739 1.02748 0.999999 0.999998 2.6026e-05 1120.32 1.25512e+06 0.226053
0.05 -0.229566 1.01077 0.999986 0.999972 0.000280736 1118.06 1.25008e+06 0.22438
0.06 -0.219338 1.05343 0.999884 0.999768 0.00195007 1115.8 1.24503e+06 0.221643
0.07 -0.208899 1.07693 0.999518 0.999036 0.0070672 1113.51 1.23993e+06 0.225104
0.08 -0.197918 1.13458 0.998481 0.996967 0.0193473 1110.88 1.23407e+06 0.229108
0.09 -0.186381 1.17534 0.996474 0.992966 0.0406341 1107.93 1.22753e+06 0.241857
0.1 -0.173758 1.32707 0.992683 0.985433 0.0776645 1104.19 1.21925e+06 0.250707
0.11 -0.159911 1.48445 0.986906 0.974008 0.133237 1099.74 1.20945e+06 0.267108
0.12 -0.144069 1.65784 0.977988 0.956505 0.213437 1093.8 1.19644e+06 0.288863
0.13 -0.125836 1.98757 0.965003 0.931308 0.34064 1086.15 1.17978e+06 0.334592
0.14 -0.10466 2.31024 0.946412 0.89583 0.548782 1075.62 1.15703e+06 0.423255
0.15 -0.0789507 2.87739 0.919564 0.845836 0.912354 1061.17 1.12618e+06 0.580717
0.16 -0.0422638 4.92921 0.870564 0.758542 2.3776 1034.53 1.07048e+06 1.34286
0.17 0.182541 0.90609 0.0800391 0.00661233 0.698204 508.931 259173 1.87616
0.18 0.19118 0.829052 0.0773802 0.00617116 0.58707 502.693 252851 1.66709
0.19 0.199463 0.810292 0.0766494 0.00605359 0.541012 498.114 248274 1.65502
0.2 0.20712 0.744144 0.0753624 0.00585782 0.513593 493.479 243678 1.58845
0.21 0.214441 0.72917 0.0747739 0.00576078 0.465328 489.525 239788 1.49064
0.22 0.221582 0.6907 0.0743027 0.0056899 0.442503 485.86 236215 1.4507
0.23 0.228417 0.659361 0.0748519 0.00576718 0.411633 483.189 233628 1.40574
0.24 0.234711 0.637129 0.0746885 0.00574319 0.395587 480.294 230843 1.38714
0.25 0.241111 0.612525 0.0750204 0.00579166 0.376938 477.604 228263 1.31694
0.26 0.247126 0.605825 0.0761383 0.00596199 0.365443 476 226735 1.28424
0.27 0.253298 0.575918 0.0762679 0.00598385 0.356402 473.434 224303 1.28123
0.28 0.258871 0.549611 0.0774911 0.00617776 0.355653 472.082 223029 1.27156
0.29 0.264407 0.548177 0.0790532 0.00641872 0.336276 470.944 221959 1.24781
0.3 0.269618 0.541575 0.0800716 0.00658657 0.336198 469.886 220968 1.24368
0.31 0.275188 0.52114 0.0808446 0.00671492 0.332727 468.231 219419 1.23475
0.32 0.280025 0.519793 0.0824837 0.00698675 0.329753 467.884 219099 1.23172
0.33 0.285101 0.497566 0.0834181 0.00714431 0.324196 466.719 218010 1.19013
0.34 0.290046 0.493856 0.0848654 0.00738576 0.311084 465.953 217297 1.16564
0.35 0.294957 0.480264 0.0866694 0.00770293 0.31489 465.827 217185 1.1673
0.36 0.299976 0.475137 0.0881694 0.00796869 0.31176 465.179 216587 1.1669
0.37 0.30468 0.475595 0.0897651 0.00825952 0.314068 464.67 216119 1.1655
0.38 0.309114 0.468233 0.091311 0.00853824 0.303978 464.585 216039 1.12951
0.39 0.313677 0.456921 0.093192 0.00888611 0.29739 464.599 216050 1.09414
0.4 0.318294 0.453974 0.0947166 0.00918542 0.308436 464.411 215888 1.13234
0.41 0.322829 0.457933 0.0965292 0.00953224 0.301152 464.289 215775 1.10884
0.42 0.327594 0.446459 0.0984245 0.00990065 0.292485 464.177 215673 1.08793
0.43 0.331962 0.441493 0.100703 0.0103623 0.296289 464.891 216338 1.07466
0.44 0.336522 0.442027 0.102376 0.0107054 0.294031 464.805 216266 1.08801
0.45 0.340993 0.442363 0.104027 0.0110532 0.296335 464.594 216074 1.07973
0.46 0.345622 0.43272 0.106723 0.0116215 0.290194 465.676 217080 1.05141
0.47 0.349373 0.425593 0.107829 0.011859 0.284292 465.262 216693 1.02526
0.48 0.35396 0.438252 0.110306 0.0124098 0.291 466.131 217509 1.03241
0.49 0.358353 0.429719 0.112141 0.0128165 0.283025 466.265 217633 1.00619
0.5 0.36263 0.428737 0.114717 0.0134088 0.286595 467.474 218775 1.038
0.51 0.367207 0.426441 0.116857 0.0139131 0.29082 467.887 219165 1.03514
0.52 0.371028 0.418468 0.118619 0.0143316 0.289368 468.193 219455 1.02932
0.53 0.375589 0.426074 0.120771 0.0148442 0.280965 468.751 219972 0.983027
0.54 0.379669 0.439638 0.122375 0.015247 0.289426 468.832 220059 1.01049
0.55 0.383927 0.42167 0.125086 0.0159244 0.291147 470.283 221431 1.0243
0.56 0.388424 0.430436 0.126961 0.016388 0.276562 470.482 221609 0.968947
0.57 0.392299 0.41696 0.129236 0.0169862 0.287368 471.508 222583 0.97957
0.58 0.396691 0.422498 0.131408 0.0175537 0.283605 472.063 223115 0.990821
0.59 0.400872 0.420494 0.133481 0.0181103 0.286203 472.745 223758 0.970376
0.6 0.405192 0.40908 0.13592 0.0187655 0.279584 473.669 224628 0.934851
0.61 0.409311 0.425067 0.137938 0.0193249 0.281506 474.473 225398 0.94313
0.62 0.413526 0.428481 0.139581 0.0197848 0.280379 474.488 225417 0.943213
0.63 0.417554 0.420842 0.142226 0.0205333 0.279022 475.9 226763 0.939248
0.64 0.421585 0.41344 0.143847 0.0210043 0.281063 476.132 226983 0.923185
0.65 0.426049 0.413224 0.14643 0.0217527 0.275675 477.257 228063 0.932402
0.66 0.429876 0.417752 0.148415 0.0223456 0.278027 477.972 228743 0.906231
0.67 0.434135 0.418148 0.150851 0.0230711 0.270834 479.21 229930 0.896213
0.68 0.438309 0.413154 0.15264 0.023623 0.274529 479.51 230224 0.900603
0.69 0.442683 0.415237 0.154956 0.0243392 0.273598 480.419 231099 0.894795
0.7 0.446949 0.410209 0.156989 0.0249754 0.271432 481.191 231839 0.873772
0.71 0.450769 0.412164 0.159162 0.025666 0.270449 482.243 232858 0.877872
0.72 0.454696 0.412215 0.160777 0.02618 0.264588 482.451 233054 0.849655
0.73 0.458596 0.401536 0.163149 0.0269564 0.267418 483.616 234186 0.855654
0.74 0.463156 0.405648 0.165122 0.0276096 0.268083 484.256 234812 0.861326
0.75 0.466725 0.410059 0.167034 0.028242 0.262471 484.95 235482 0.84155
0.76 0.470864 0.404255 0.169331 0.0290196 0.262668 485.933 236440 0.837309
0.77 0.474965 0.397677 0.171202 0.0296601 0.261814 486.727 237217 0.838395
0.78 0.479083 0.401217 0.173378 0.0304126 0.260416 487.533 238003 0.82842
0.79 0.483017 0.399959 0.175392 0.0311269 0.265841 488.371 238830 0.839877
0.8 0.486771 0.404666 0.177416 0.0318353 0.258412 489.212 239643 0.80378
0.81 0.490965 0.397401 0.179228 0.0324878 0.25969 489.871 240293 0.80359
0.82 0.494621 0.391272 0.18103 0.0331333 0.25381 490.279 240695 0.799951
0.83 0.498664 0.389608 0.182877 0.0338093 0.253506 490.95 241354 0.789781
0.84 0.502584 0.389873 0.184935 0.0345685 0.251972 491.925 242316 0.789586
0.85 0.506185 0.385389 0.187155 0.0353954 0.249777 492.954 243330 0.779945
0.86 0.510774 0.390452 0.188743 0.035993 0.247118 493.293 243659 0.758014
0.87 0.514407 0.385226 0.19093 0.036828 0.24746 494.392 244754 0.766444
0.88 0.518038 0.379986 0.192306 0.0373602 0.247715 494.529 244892 0.765965
0.89 0.522023 0.378573 0.193954 0.0379998 0.247136 495.035 245398 0.767009
0.9 0.525753 0.379514 0.196214 0.0388819 0.244394 496.573 246920 0.75085
0.91 0.530197 0.382213 0.198188 0.0396674 0.246265 497.151 247499 0.752451
0.92 0.533295 0.384661 0.199934 0.0403627 0.243486 498.092 248432 0.73378
0.93 0.5372 0.370051 0.201387 0.0409427 0.23914 498.111 248448 0.719228
0.94 0.540946 0.368509 0.203409 0.0417634 0.237941 499.346 249689 0.729477
0.95 0.544517 0.369361 0.205366 0.0425678 0.238188 500.187 250528 0.717597
0.96 0.548615 0.365329 0.206759 0.0431438 0.236731 500.353 250700 0.722526
0.97 0.552062 0.366217 0.20841 0.0438288 0.23409 500.823 251170 0.712385
0.98 0.555897 0.363765 0.21019 0.0445799 0.235011 501.813 252171 0.720603
0.99 0.55996 0.364311 0.21245 0.0455299 0.229695 503.063 253419 0.696123
