1 -0.0293245 0.431517 0.675866 0.457218 0.243964 192.817 37212.6 0.176837
0.99 -0.0336574 0.433498 0.677905 0.459973 0.243358 192.955 37265.2 0.176096
0.98 -0.0382562 0.444164 0.680227 0.463132 0.248771 193.062 37306 0.174769
0.97 -0.0422059 0.452901 0.682125 0.465714 0.249136 193.214 37365.1 0.178106
0.96 -0.046858 0.462844 0.684496 0.468947 0.24733 193.384 37430 0.175138
0.95 -0.0516271 0.462073 0.687084 0.472496 0.249815 193.361 37420.6 0.174083
0.94 -0.0561444 0.473723 0.689 0.475136 0.25391 193.702 37552.3 0.174563
0.93 -0.0615301 0.490597 0.691665 0.478812 0.254893 193.73 37563 0.176488
0.92 -0.0660453 0.492435 0.694052 0.482113 0.253686 193.873 37618.1 0.174866
0.91 -0.0715428 0.506385 0.696828 0.485977 0.257995 194.021 37675.1 0.175109
0.9 -0.0763969 0.527397 0.699355 0.4895 0.258345 194.115 37711.4 0.175349
0.89 -0.0809553 0.539854 0.701853 0.49301 0.267305 194.203 37745.2 0.175457
0.88 -0.0865963 0.528037 0.704338 0.496491 0.261476 194.495 37858.4 0.17549
0.87 -0.0922094 0.55439 0.707341 0.500729 0.2636 194.519 37867.4 0.175474
0.86 -0.0974953 0.554645 0.710058 0.504574 0.262496 194.643 37915.6 0.176908
0.85 -0.103255 0.573192 0.712711 0.508356 0.270625 194.881 38007 0.172681
0.84 -0.109437 0.575766 0.716017 0.513071 0.267798 195.032 38065.9 0.172787
0.83 -0.114809 0.59497 0.718742 0.516974 0.266808 195.174 38121.4 0.177138
0.82 -0.121216 0.607224 0.72178 0.521349 0.268686 195.407 38211.9 0.174001
0.81 -0.126967 0.62395 0.724889 0.525847 0.272682 195.505 38249.4 0.172049
0.8 -0.133449 0.636794 0.728075 0.530475 0.274722 195.67 38314 0.174151
0.79 -0.139999 0.659008 0.731554 0.535556 0.280536 195.817 38371.2 0.173202
0.78 -0.146907 0.656794 0.734726 0.540197 0.276868 196.061 38466.2 0.173269
0.77 -0.153775 0.682013 0.738312 0.545485 0.284143 196.21 38523.9 0.17031
0.76 -0.160255 0.692767 0.741583 0.550309 0.276102 196.426 38608.5 0.170679
0.75 -0.167323 0.709739 0.745127 0.555584 0.283558 196.646 38694.9 0.171019
0.74 -0.174805 0.718448 0.749051 0.561439 0.281055 196.824 38764.8 0.17154
0.73 -0.181965 0.746289 0.752631 0.566821 0.290277 196.927 38804.6 0.170246
0.72 -0.189475 0.755067 0.756579 0.572769 0.28563 197.073 38861.9 0.169354
0.71 -0.197262 0.789525 0.760354 0.578488 0.284124 197.338 38965.9 0.169146
0.7 -0.204672 0.813622 0.764113 0.584222 0.291214 197.53 39041.6 0.171043
0.69 -0.212885 0.831894 0.76812 0.590352 0.286486 197.846 39165.9 0.166068
0.68 -0.221151 0.818 0.77241 0.596957 0.288415 197.917 39193.7 0.168286
0.67 -0.229444 0.858844 0.776523 0.603328 0.291867 198.228 39316.6 0.166837
0.66 -0.238309 0.882154 0.781047 0.610366 0.289535 198.378 39375.6 0.167375
0.65 -0.246902 0.907346 0.785295 0.617013 0.287809 198.623 39472.7 0.167388
0.64 -0.256491 0.918368 0.789846 0.624174 0.285499 198.969 39610 0.168304
0.63 -0.265812 0.937322 0.794663 0.631799 0.282613 199.161 39686.1 0.166416
0.62 -0.275223 0.969939 0.799285 0.639168 0.289012 199.444 39798.5 0.166284
0.61 -0.285091 0.993721 0.804063 0.646821 0.287834 199.727 39911.3 0.1665
0.6 -0.295536 1.02096 0.809085 0.654915 0.284174 200.037 40034.8 0.165753
0.59 -0.305454 1.03935 0.81406 0.662989 0.287957 200.273 40128.6 0.164453
0.58 -0.315431 1.06451 0.818868 0.670829 0.281558 200.512 40224.2 0.164241
0.57 -0.32674 1.08843 0.82427 0.679703 0.285089 200.925 40389.7 0.163481
0.56 -0.337816 1.11862 0.829426 0.688218 0.2791 201.258 40523.1 0.161803
0.55 -0.349185 1.17721 0.834902 0.697331 0.281447 201.565 40646.4 0.161318
0.54 -0.361051 1.19485 0.840422 0.70657 0.277921 201.901 40781.8 0.162614
0.53 -0.372327 1.20206 0.84571 0.715478 0.273982 202.251 40922.6 0.159418
0.52 -0.38499 1.20347 0.851465 0.725233 0.265472 202.739 41120.4 0.162939
0.51 -0.397282 1.2681 0.857196 0.735017 0.261189 203.103 41267.2 0.158793
0.5 -0.409452 1.28506 0.86259 0.744288 0.260896 203.583 41462.2 0.159012
0.49 -0.423515 1.29895 0.868973 0.75533 0.25282 204.022 41640.8 0.158457
0.48 -0.436461 1.34629 0.874614 0.765156 0.247688 204.483 41828.7 0.156516
0.47 -0.450366 1.36805 0.880618 0.775688 0.245837 205.011 42044.8 0.157784
0.46 -0.464331 1.40944 0.886512 0.786095 0.240826 205.568 42272.8 0.155118
0.45 -0.478411 1.4265 0.892532 0.796795 0.23234 206.071 42479.7 0.15652
0.44 -0.493313 1.47265 0.898649 0.807742 0.224845 206.673 42727.4 0.152163
0.43 -0.507945 1.49344 0.904559 0.818391 0.221311 207.264 42972 0.152546
0.42 -0.523371 1.53219 0.910637 0.829415 0.212103 207.935 43250.2 0.152442
0.41 -0.538426 1.56974 0.916488 0.840096 0.205563 208.626 43537.7 0.150907
0.4 -0.55452 1.6099 0.922529 0.851194 0.194371 209.352 43841.2 0.15172
0.39 -0.570183 1.60316 0.928246 0.861765 0.183802 210.091 44150.6 0.152718
0.38 -0.586253 1.66399 0.933929 0.87234 0.177796 210.897 44489.6 0.152437
0.37 -0.60287 1.66127 0.939626 0.883002 0.162921 211.78 44862.8 0.151269
0.36 -0.619306 1.6874 0.94512 0.893347 0.153978 212.673 45241.3 0.15219
0.35 -0.636163 1.67018 0.950455 0.903452 0.143417 213.609 45639.9 0.146237
0.34 -0.652741 1.70322 0.95548 0.913021 0.135064 214.552 46043 0.145194
0.33 -0.669786 1.6861 0.960447 0.922527 0.120676 215.601 46494.3 0.146156
0.32 -0.686642 1.69736 0.965142 0.931561 0.110679 216.667 46954.7 0.147523
0.31 -0.703453 1.67697 0.969497 0.939979 0.0990567 217.79 47442.4 0.147118
0.3 -0.720525 1.70937 0.973672 0.948083 0.0900296 218.914 47932.7 0.143405
0.29 -0.737251 1.63994 0.977396 0.955343 0.0779482 220.144 48472.7 0.14259
0.28 -0.754098 1.66862 0.981018 0.962429 0.0692223 221.401 49027.3 0.141127
0.27 -0.770383 1.63451 0.984144 0.968568 0.0592966 222.657 49584.7 0.143184
0.26 -0.786363 1.59414 0.98702 0.974231 0.050232 223.942 50158 0.137417
0.25 -0.80246 1.56416 0.989544 0.979215 0.042353 225.253 50746.4 0.137114
0.24 -0.817741 1.501 0.991689 0.983461 0.0346754 226.579 51345.4 0.133128
0.23 -0.832741 1.48938 0.993571 0.987195 0.0281074 227.921 51954.9 0.131861
0.22 -0.847495 1.45952 0.9951 0.990232 0.0224884 229.318 52593.7 0.134198
0.21 -0.861798 1.40074 0.9964 0.992819 0.0171649 230.655 53208.3 0.135219
0.2 -0.875687 1.35024 0.997424 0.994859 0.0130481 231.99 53825.5 0.13062
0.19 -0.889014 1.32203 0.998219 0.996445 0.00939777 233.308 54438.1 0.126512
0.18 -0.901756 1.29763 0.998824 0.997651 0.00664039 234.631 55057 0.127244
0.17 -0.914499 1.24368 0.999242 0.998486 0.00443288 235.962 55683 0.12481
0.16 -0.926835 1.20986 0.999546 0.999094 0.00286374 237.245 56289.8 0.125172
0.15 -0.938768 1.19272 0.999755 0.99951 0.00164475 238.533 56902.2 0.123105
0.14 -0.950669 1.16407 0.999863 0.999726 0.000977196 239.81 57513.1 0.122553
0.13 -0.962076 1.1312 0.999937 0.999874 0.000487113 241.055 58111.5 0.121394
0.12 -0.97342 1.12244 0.999975 0.999951 0.000204713 242.296 58710.7 0.119067
0.11 -0.984566 1.10917 0.999991 0.999981 8.63453e-05 243.501 59295.9 0.1204
0.1 -0.995655 1.107 0.999997 0.999995 2.60026e-05 244.728 59894.7 0.117974
0.09 -1.00648 1.08192 1 0.999999 4.82133e-06 245.896 60467.6 0.115025
0.08 -1.01732 1.06037 1 0.999999 3.25472e-06 247.051 61036.4 0.114845
0.07 -1.02796 1.04303 1 1 0 248.228 61619.1 0.117299
0.06 -1.03853 1.05401 1 1 0 249.374 62189.2 0.114301
0.05 -1.04899 1.0403 1 1 0 250.498 62750.8 0.113251
0.04 -1.05938 1.00767 1 1 0 251.619 63313.3 0.112648
0.03 -1.06966 1.0138 1 1 0 252.724 63870.4 0.113047
0.02 -1.07987 1.02472 1 1 0 253.831 64430.9 0.111099
0.01 -1.08997 1.00304 1 1 0 254.919 64983.8 0.111883
