0 -0.69 -inf 1 1 -nan 1211.04 1.46662e+06 inf
0.01 -0.679994 1.00389 1 1 0 1209.43 1.46272e+06 0.164223
0.02 -0.669971 1.00288 1 1 0 1207.82 1.45883e+06 0.166076
0.03 -0.659921 1.00707 1 1 0 1206.21 1.45495e+06 0.167252
0.04 -0.649832 1.0161 1 1 0 1204.57 1.45099e+06 0.165577
0.05 -0.639737 1.00132 1 1 0 1202.89 1.44696e+06 0.16862
0.06 -0.629592 0.992222 1 1 0 1201.29 1.44311e+06 0.166761
0.07 -0.619461 0.991198 1 0.999999 6.19885e-06 1199.61 1.43907e+06 0.167662
0.08 -0.609268 1.00348 0.999998 0.999997 2.16797e-05 1197.99 1.43519e+06 0.166652
0.09 -0.598983 1.02684 0.999989 0.999978 0.000120762 1196.4 1.43138e+06 0.170255
0.1 -0.588767 1.0082 0.999964 0.999927 0.00036304 1194.65 1.4272e+06 0.167835
0.11 -0.578434 1.03488 0.9999 0.9998 0.000914942 1193.02 1.42333e+06 0.169336
0.12 -0.56796 1.04636 0.999764 0.999528 0.00199672 1191.3 1.41922e+06 0.169725
0.13 -0.557263 1.09438 0.999482 0.998965 0.00401599 1189.48 1.4149e+06 0.171364
0.14 -0.546471 1.10529 0.99904 0.998082 0.00698023 1187.65 1.41054e+06 0.169866
0.15 -0.535366 1.1426 0.998344 0.996694 0.0111736 1185.79 1.40613e+06 0.171909
0.16 -0.523548 1.18846 0.997307 0.994625 0.0174182 1183.61 1.40096e+06 0.173419
0.17 -0.511625 1.24738 0.995861 0.991746 0.0253952 1181.43 1.39582e+06 0.179012
0.18 -0.498847 1.29586 0.993896 0.98784 0.0347429 1178.92 1.38988e+06 0.181413
0.19 -0.485586 1.37415 0.991348 0.982786 0.0476305 1176.21 1.38351e+06 0.18889
0.2 -0.471195 1.45433 0.988132 0.976426 0.0625596 1173.17 1.37638e+06 0.191173
0.21 -0.456032 1.55343 0.984059 0.968402 0.0816582 1169.86 1.36862e+06 0.198639
0.22 -0.439712 1.67439 0.97917 0.958815 0.107711 1166.14 1.35993e+06 0.20769
0.23 -0.422419 1.81832 0.973294 0.947354 0.132792 1161.9 1.35007e+06 0.213437
0.24 -0.40366 1.9602 0.966041 0.933307 0.170767 1157 1.33872e+06 0.232534
0.25 -0.383445 2.09656 0.957584 0.917058 0.207265 1151.43 1.32585e+06 0.25078
0.26 -0.361482 2.29042 0.947769 0.898382 0.25649 1145.21 1.3116e+06 0.273369
0.27 -0.337848 2.56496 0.935853 0.875971 0.31948 1137.84 1.29478e+06 0.304127
0.28 -0.310506 2.84302 0.921163 0.848743 0.41298 1128.57 1.27379e+06 0.357892
0.29 -0.280231 3.3163 0.903233 0.816109 0.556725 1117.65 1.24929e+06 0.449307
0.3 -0.245472 3.86975 0.880669 0.775971 0.753773 1103.62 1.21818e+06 0.58359
0.31 -0.198685 5.53422 0.846145 0.716694 1.36085 1081.58 1.17016e+06 1.03001
0.32 0.240718 0.745847 0.135601 0.0188512 0.834234 524.639 275668 2.51085
0.33 0.24762 0.701892 0.130824 0.0175467 0.753638 519.062 269829 2.35825
0.34 0.254093 0.630127 0.126051 0.0162766 0.656973 513.685 264243 2.12442
0.35 0.260073 0.597108 0.123149 0.0155445 0.623287 509.853 260318 2.06092
0.36 0.266155 0.559733 0.11956 0.0146367 0.547192 505.441 255809 1.86426
0.37 0.271563 0.549384 0.117257 0.014103 0.550892 502.359 252723 1.92563
0.38 0.276938 0.52267 0.115378 0.0136427 0.500947 499.414 249753 1.78369
0.39 0.281944 0.498923 0.114329 0.0133864 0.465564 497.365 247699 1.68471
0.4 0.286837 0.490438 0.113543 0.0132201 0.47254 495.586 245949 1.73228
0.41 0.291577 0.465822 0.112677 0.0130166 0.450192 493.66 244041 1.68299
0.42 0.296481 0.455252 0.11197 0.0128399 0.415087 491.944 242335 1.5765
0.43 0.30087 0.451648 0.111829 0.0128048 0.400596 490.845 241255 1.54578
0.44 0.30529 0.442243 0.111162 0.0126563 0.391923 489.25 239693 1.51891
0.45 0.309702 0.425223 0.111538 0.0127396 0.382479 488.441 238903 1.4928
0.46 0.313945 0.412103 0.110382 0.0124873 0.379502 486.644 237155 1.48801
0.47 0.317853 0.41995 0.111177 0.0126528 0.358379 486.665 237165 1.40851
0.48 0.322279 0.418536 0.111303 0.0126822 0.35248 485.821 236353 1.42124
0.49 0.326311 0.412055 0.111927 0.0128201 0.343725 485.369 235910 1.37254
0.5 0.330312 0.407432 0.112888 0.013043 0.344879 485.482 236029 1.38686
0.51 0.334238 0.397113 0.113067 0.0130752 0.328587 484.798 235361 1.34218
0.52 0.33811 0.402974 0.114112 0.0133241 0.335202 484.981 235551 1.36609
0.53 0.342199 0.390694 0.114492 0.0134004 0.317275 484.299 234878 1.29485
0.54 0.345801 0.387811 0.115688 0.013687 0.323575 484.777 235350 1.30304
0.55 0.349564 0.379515 0.116138 0.0137925 0.318789 484.363 234953 1.29411
0.56 0.353914 0.38232 0.117008 0.013997 0.314804 484.408 234999 1.28213
0.57 0.357202 0.375379 0.117763 0.0141749 0.309924 484.437 235026 1.25553
0.58 0.361449 0.376034 0.119116 0.0145027 0.311968 484.892 235481 1.28108
0.59 0.365105 0.378378 0.119774 0.0146438 0.290942 484.67 235249 1.20514
0.6 0.36878 0.380409 0.120958 0.0149453 0.302028 485.101 235680 1.22638
0.61 0.372329 0.373998 0.122114 0.015226 0.296693 485.659 236221 1.20454
0.62 0.376223 0.371625 0.123804 0.0156432 0.293358 486.647 237184 1.18932
0.63 0.380186 0.379161 0.124402 0.0157904 0.287667 486.148 236695 1.15958
0.64 0.383856 0.368364 0.126142 0.0162259 0.282744 487.257 237782 1.16181
0.65 0.387406 0.375694 0.127119 0.0164869 0.29024 487.676 238202 1.18168
0.66 0.39133 0.369859 0.128702 0.0168885 0.283057 488.284 238795 1.15741
0.67 0.394851 0.373802 0.129377 0.0170696 0.284821 488.292 238810 1.16412
0.68 0.398572 0.377586 0.131074 0.0175121 0.281044 489.138 239632 1.13033
0.69 0.402743 0.365401 0.132561 0.0179074 0.279592 490.027 240508 1.12629
0.7 0.405689 0.366014 0.133241 0.0180787 0.267957 489.982 240460 1.10072
0.71 0.410061 0.368509 0.135351 0.0186582 0.274368 491.264 241723 1.09561
0.72 0.413505 0.369233 0.137523 0.0192548 0.273732 493.017 243459 1.1077
0.73 0.417367 0.361267 0.138379 0.0194949 0.273076 492.95 243397 1.1033
0.74 0.421088 0.371964 0.139747 0.0198727 0.267324 493.617 244039 1.04537
0.75 0.42496 0.376879 0.140901 0.0202022 0.268201 494.113 244542 1.06349
0.76 0.428494 0.366284 0.142076 0.020541 0.269438 494.519 244945 1.05135
0.77 0.432221 0.372115 0.144613 0.0212767 0.272143 496.509 246928 1.06442
0.78 0.436168 0.373612 0.145506 0.0215239 0.259942 496.509 246912 1.01043
0.79 0.439641 0.371875 0.147064 0.0219896 0.263908 497.465 247871 1.01684
0.8 0.443196 0.370117 0.148386 0.022383 0.262555 498.179 248590 1.02233
0.81 0.447149 0.374267 0.14999 0.0228645 0.261292 498.959 249366 1.0037
0.82 0.450844 0.375929 0.15077 0.0231036 0.261354 498.821 249234 1.00648
0.83 0.454565 0.374109 0.152737 0.0237065 0.262174 500.183 250602 1.0097
0.84 0.457959 0.373813 0.154461 0.0242342 0.257952 501.348 251768 0.991472
0.85 0.461917 0.374988 0.156204 0.0247793 0.257224 502.461 252884 0.97696
0.86 0.465834 0.36629 0.157543 0.0252071 0.259467 503.062 253510 1.01382
0.87 0.469312 0.37253 0.159156 0.0257043 0.247438 504.184 254617 0.947832
0.88 0.473079 0.369319 0.160332 0.0260922 0.252505 504.672 255125 0.97111
0.89 0.476934 0.369097 0.161506 0.0264733 0.251894 505.021 255476 0.95642
0.9 0.480387 0.371976 0.163545 0.0271376 0.249909 506.499 256970 0.941355
0.91 0.484137 0.371293 0.164959 0.0276017 0.24697 507.229 257716 0.940179
0.92 0.487762 0.372202 0.166029 0.0279503 0.24095 507.654 258138 0.910738
0.93 0.491898 0.369365 0.168682 0.0288473 0.24374 509.92 260453 0.917301
0.94 0.495533 0.370971 0.169446 0.0291066 0.241784 509.748 260281 0.914715
0.95 0.499133 0.371496 0.170514 0.0294648 0.236228 510.076 260604 0.879614
0.96 0.502713 0.359341 0.172327 0.030099 0.241534 511.233 261801 0.902181
0.97 0.506686 0.372319 0.173712 0.0305761 0.237609 512.112 262695 0.877646
0.98 0.510413 0.372827 0.174847 0.0309685 0.233395 512.29 262876 0.865789
0.99 0.51409 0.372661 0.176858 0.0316801 0.233602 513.73 264355 0.856648
