1 0.382014 0.373268 0.383881 0.14788 0.296728 559.126 312895 0.488473
0.99 0.378254 0.400086 0.384675 0.148493 0.301122 560.164 314065 0.507599
0.98 0.374759 0.400362 0.385094 0.14882 0.307006 560.533 314476 0.509161
0.97 0.370105 0.404283 0.385322 0.148993 0.308452 561.23 315258 0.512441
0.96 0.366028 0.395964 0.386167 0.149644 0.311109 562.124 316256 0.504365
0.95 0.362645 0.420636 0.386412 0.149845 0.32183 562.606 316803 0.518594
0.94 0.35716 0.41721 0.38801 0.151081 0.32466 564.292 318707 0.529629
0.93 0.353867 0.420079 0.388253 0.151265 0.324925 564.768 319241 0.527816
0.92 0.349426 0.428215 0.389136 0.151956 0.331346 565.733 320332 0.533138
0.91 0.345162 0.439631 0.389999 0.152637 0.340092 566.767 321502 0.537157
0.9 0.340648 0.451049 0.39078 0.153259 0.351769 567.774 322647 0.548429
0.89 0.336199 0.457403 0.391204 0.153583 0.351119 568.183 323106 0.541105
0.88 0.331631 0.459917 0.392603 0.154672 0.35052 569.504 324604 0.538479
0.87 0.326279 0.471936 0.394224 0.155959 0.361611 571.294 326656 0.562276
0.86 0.322006 0.483389 0.395042 0.156607 0.367715 571.99 327453 0.570759
0.85 0.317095 0.475311 0.3963 0.157596 0.367675 573.208 328836 0.550561
0.84 0.312528 0.496219 0.3975 0.158553 0.374925 574.296 330085 0.557784
0.83 0.306587 0.512792 0.399194 0.159918 0.390044 576.013 332071 0.586024
0.82 0.30231 0.525918 0.399979 0.160547 0.39597 576.746 332911 0.580528
0.81 0.296894 0.530575 0.401635 0.161862 0.39153 578.347 334755 0.575995
0.8 0.292016 0.536312 0.402828 0.162827 0.401039 579.404 335982 0.586964
0.79 0.285452 0.545335 0.405535 0.165024 0.411806 581.694 338643 0.599487
0.78 0.280187 0.575977 0.406987 0.166197 0.412617 583.004 340166 0.599385
0.77 0.275258 0.583219 0.408815 0.167701 0.427206 584.632 342067 0.605043
0.76 0.268662 0.598163 0.411059 0.169552 0.44147 586.375 344113 0.622125
0.75 0.262914 0.624629 0.413275 0.171392 0.457124 588.161 346216 0.64258
0.74 0.256811 0.634743 0.415791 0.173467 0.455108 590.094 348486 0.63148
0.73 0.250319 0.665072 0.418429 0.175673 0.465613 592.349 351160 0.654782
0.72 0.2431 0.670933 0.421463 0.17823 0.479026 594.687 353928 0.641606
0.71 0.235912 0.691258 0.424488 0.180799 0.493781 597.157 356877 0.661832
0.7 0.229475 0.737343 0.426948 0.182899 0.505086 598.755 358792 0.678833
0.69 0.221872 0.743349 0.430479 0.185928 0.514043 601.736 362367 0.677498
0.68 0.214116 0.776062 0.4345 0.189406 0.521554 604.562 365774 0.677612
0.67 0.207337 0.813617 0.437441 0.191984 0.541216 606.619 368269 0.693811
0.66 0.198341 0.855409 0.442071 0.196066 0.557812 610.093 372502 0.716578
0.65 0.189363 0.873712 0.446661 0.200153 0.573129 613.383 376528 0.725503
0.64 0.180242 0.925612 0.451481 0.20449 0.589403 616.694 380607 0.747822
0.63 0.171481 0.981056 0.456554 0.209105 0.60713 620.323 385094 0.751799
0.62 0.161123 1.0129 0.462279 0.214364 0.615004 624.285 390017 0.736021
0.61 0.15016 1.07294 0.468539 0.220206 0.638944 628.62 395453 0.755668
0.6 0.139621 1.15004 0.474706 0.226028 0.655468 632.801 400734 0.780411
0.59 0.12796 1.21864 0.481699 0.232749 0.697373 637.445 406638 0.802092
0.58 0.116048 1.25819 0.489177 0.239999 0.700384 642.433 413018 0.799917
0.57 0.102402 1.34926 0.497988 0.248705 0.720274 648.355 420661 0.801268
0.56 0.0877132 1.41958 0.507187 0.257963 0.744709 654.42 428569 0.8287
0.55 0.0729531 1.60645 0.517129 0.268179 0.79239 660.668 436797 0.86846
0.54 0.0573275 1.65712 0.527368 0.278874 0.806855 667.298 445598 0.861882
0.53 0.0396795 1.74447 0.538821 0.291068 0.804398 674.556 455323 0.831618
0.52 0.0201325 1.91049 0.552639 0.306166 0.837231 683.386 467318 0.847669
0.51 0.000349033 2.15625 0.565781 0.320914 0.909577 691.481 478466 0.906986
0.5 -0.0215562 2.30458 0.580721 0.338025 0.907599 700.637 491202 0.885726
0.49 -0.0470336 2.56596 0.598434 0.358939 0.960092 711.818 507004 0.914761
0.48 -0.0717771 2.77678 0.615274 0.379378 0.979389 721.983 521578 0.921443
0.47 -0.100202 2.89407 0.634483 0.403349 0.956794 733.54 538380 0.868438
0.46 -0.130307 3.19357 0.654803 0.429557 0.988961 745.603 556226 0.881999
0.45 -0.165567 3.46078 0.678346 0.460934 0.99988 759.661 577380 0.863536
0.44 -0.20052 3.72391 0.700996 0.492149 0.98716 773.03 597856 0.826295
0.43 -0.239917 3.69978 0.726284 0.528173 0.91686 787.931 621086 0.742099
0.42 -0.277033 3.81895 0.749347 0.562153 0.866491 801.104 641998 0.685274
0.41 -0.31262 4.05152 0.770897 0.594887 0.849315 813.089 661338 0.672298
0.4 -0.352076 3.84529 0.793896 0.630793 0.750772 826.188 682775 0.568095
0.39 -0.389591 3.65723 0.815373 0.665285 0.668508 838.04 702478 0.51182
0.38 -0.425198 3.60671 0.834984 0.697594 0.599802 848.733 720497 0.464618
0.37 -0.458144 3.21702 0.852551 0.727172 0.511204 858.002 736295 0.401946
0.36 -0.490731 3.13471 0.869148 0.755708 0.46254 866.94 751700 0.366451
0.35 -0.521837 2.93832 0.884673 0.782893 0.406536 875.226 766123 0.335573
0.34 -0.550141 2.81242 0.898087 0.806771 0.357055 882.109 778207 0.304125
0.33 -0.577646 2.65066 0.910826 0.829787 0.318431 888.85 790140 0.288283
0.32 -0.603187 2.53421 0.922264 0.850723 0.275192 894.813 800767 0.268812
0.31 -0.627376 2.36543 0.932393 0.869488 0.242899 900.03 810122 0.243706
0.3 -0.650953 2.21642 0.942112 0.887687 0.213302 905.195 819442 0.237122
0.29 -0.672181 2.11927 0.950323 0.903207 0.18542 909.596 827424 0.228833
0.28 -0.693546 2.01371 0.958044 0.917926 0.159173 914.046 835535 0.215639
0.27 -0.713042 1.94375 0.964885 0.931068 0.138917 917.879 842554 0.210075
0.26 -0.731734 1.79871 0.971007 0.942907 0.115047 921.53 849267 0.201875
0.25 -0.749405 1.72846 0.976254 0.953115 0.100149 924.837 855369 0.195552
0.24 -0.766536 1.64028 0.98102 0.962434 0.0825865 927.96 861154 0.194879
0.23 -0.781912 1.54045 0.984851 0.969958 0.0672446 930.793 866416 0.19081
0.22 -0.796966 1.4638 0.9883 0.976757 0.0532243 933.435 871339 0.186546
0.21 -0.811512 1.38991 0.991122 0.982339 0.0431665 936.006 876143 0.183403
0.2 -0.825237 1.33194 0.993409 0.986872 0.0330686 938.344 880524 0.181012
0.19 -0.838175 1.28138 0.995259 0.99055 0.0252481 940.569 884702 0.17602
0.18 -0.850777 1.21853 0.996765 0.993546 0.0178672 942.705 888722 0.179104
0.17 -0.862576 1.15788 0.99785 0.995709 0.0127631 944.605 892308 0.176497
0.16 -0.874119 1.10232 0.998644 0.997292 0.00839578 946.507 895902 0.17718
0.15 -0.885426 1.10195 0.999191 0.998385 0.00540305 948.42 899526 0.170617
0.14 -0.896286 1.08352 0.999556 0.999113 0.00316088 950.206 902914 0.171389
0.13 -0.907028 1.05869 0.999775 0.999551 0.00173018 951.92 906173 0.172689
0.12 -0.917694 1.04004 0.999897 0.999794 0.000873432 953.656 909479 0.168493
0.11 -0.928092 1.03682 0.999962 0.999924 0.000346651 955.313 912641 0.171698
0.1 -0.938444 1.02762 0.999988 0.999976 0.000122437 956.996 915857 0.168444
0.09 -0.948748 1.01551 0.999997 0.999994 3.46597e-05 958.768 919251 0.169531
0.08 -0.95908 1.02542 1 0.999999 3.25472e-06 960.372 922327 0.171458
0.07 -0.969287 1.03048 1 1 1.24002e-06 962.018 925490 0.167289
0.06 -0.979481 1.0243 1 1 0 963.656 928642 0.168255
0.05 -0.989658 1.02201 1 1 0 965.329 931868 0.170063
0.04 -0.999777 1.01859 1 1 0 966.934 934968 0.166746
0.03 -1.0099 0.976461 1 1 0 968.565 938123 0.169308
0.02 -1.01996 0.996622 1 1 0 970.22 941329 0.168749
0.01 -1.02999 0.984197 1 1 0 971.818 944433 0.169019
