0.0 0.0 -0.1 0.0 inf nan 1.0 0.0 1.0 0.0 nan nan 1296.0 0.0 1679620.0 0.0 nan nan 
0.01 0.0 -0.09000174000000001 9.677188192964567e-07 1.0008652 0.00253287759514351 1.0 0.0 1.0 0.0 0.0 0.0 1294.93 0.008000001354142909 1676846.0 18.0222085217101 0.11154440000000002 0.0006153221335197555 
0.02 0.0 -0.079985 1.9359752514194468e-06 1.0045316 0.005717883724595716 1.0 0.0 1.0 0.0 0.0 0.0 1293.846 0.003577702861771634 1674042.0 8.197560612767678 0.11205480000000001 0.0002387075868073369 
0.03 0.0 -0.06995910000000001 2.4522642315077193e-06 0.9995526 0.003263788015172182 1.0 0.0 1.0 0.0 0.0 0.0 1292.776 0.011523885637394997 1671270.0 27.856776554368235 0.11234059999999998 0.00046075456373259615 
0.04 0.0 -0.0598974 8.600930175961006e-06 1.01197 0.001543023006957521 1.0 0.0 1.0 0.0 2.169942e-06 8.679680002230496e-07 1291.6860000000001 0.00963327366822541 1668462.0 24.72245942457991 0.1122784 0.0006763730686538789 
0.05 0.0 -0.04984624 4.867492168369187e-06 1.0070554 0.005286629562206005 0.9999982 3.346961355986625e-07 0.999996 4.899061271952683e-07 3.884267999999999e-05 4.287282852847488e-06 1290.612 0.008671788782258202 1665686.0 22.37856116911898 0.1116308 0.0002953819764305815 
0.06 0.0 -0.039751440000000006 7.019549839921479e-06 1.021206 0.005641434285710307 0.9999752000000001 7.693820327182335e-07 0.9999504 1.4028396661736007e-06 0.00041418240000000005 1.260809121984726e-05 1289.506 0.008763559746667864 1662838.0 23.220680437919988 0.1122714 0.00036532030877052746 
0.07 0.0 -0.029578939999999998 1.179351008206614e-05 1.0298120000000002 0.004967944766193079 0.9998622000000001 1.6589015100539756e-06 0.9997248000000001 3.3633277538865803e-06 0.0019743779999999997 2.4353802561415764e-05 1288.378 0.007694155683559368 1659926.0 19.718012070185978 0.1119456 0.0003508282314753683 
0.08 0.0 -0.01921134 5.716054583323267e-06 1.053474 0.005176055332003784 0.9995100000000001 3.4409262482818463e-06 0.9990209999999999 7.059746525136016e-06 0.0062432 4.5079985536835924e-05 1287.1820000000002 0.00521535499438411 1656848.0 13.0843417870369 0.112347 0.000744660352106951 
0.09 0.0 -0.00846205 7.529030747451485e-06 1.097954 0.006971505777087174 0.9986582 5.179961706992025e-06 0.9973202000000001 1.034369232133871e-05 0.015141499999999999 5.2740413346974954e-05 1285.848 0.00867179146717839 1653418.0 21.98181066245454 0.1154082 0.0002448985749238557 
0.1 0.0 0.0028740759999999997 1.6427808277437413e-05 1.17192 0.007544545049238203 0.9969846 4.441623489022313e-06 0.9939834 9.004888960079536e-06 0.03159534 0.00011632865373601709 1284.2559999999999 0.00920869373740729 1649332.0 25.674890457409937 0.11667780000000001 0.0005509790123038438 
0.11000000000000001 8.33000234328132e-10 0.015059 1.2605490867461416e-05 1.275742 0.005494620205252932 0.9940481999999999 7.437206722555287e-06 0.988143 1.4775655874361662e-05 0.05813697999999999 0.0002278066186926811 1282.266 0.007266359676625659 1644220.0 22.627416997969522 0.1205816 0.0005574254820153357 
0.12 0.0 0.0285709 3.885395217985896e-05 1.4209 0.0032522779709072414 0.9892993999999999 2.7616806506964946e-05 0.9787348 5.4390734372728216e-05 0.10076132 0.0003038340631321311 1279.6560000000002 0.018676186845815745 1637538.0 49.99199935989758 0.12873600000000002 0.00047219817873369175 
0.13 0.0 0.043903019999999994 1.1266850495289072e-05 1.6638359999999999 0.01216842030832761 0.9818937999999999 1.6008499243434052e-05 0.9641550000000001 3.123203440761871e-05 0.1734896 0.0012467184638085733 1276.104 0.004560693538357784 1628464.0 12.837445228704969 0.143281 0.0010840458292896782 
0.14 0.0 0.06200246 5.5719035167616384e-05 2.000096 0.009291398861301306 0.9702064 4.874800499789421e-05 0.9413774 9.460257936584709e-05 0.3155638 0.0019442199546348233 1270.886 0.019919840390894963 1615178.0 51.56743158234662 0.17711500000000002 0.0010794779849529897 
0.15 0.0 0.1687278 3.5981550820786836e-05 0.9309746000000001 0.004108944493170683 0.0008467360000000001 1.4027762356126889e-05 2.18105e-06 4.595453057099109e-08 0.00561832 8.55907931964594e-05 465.98199999999997 0.03482183225068807 217196.4 32.35873916715979 0.8174366000000001 0.003909059084736235 
0.16 0.0 0.17775860000000004 3.116870220256894e-05 0.879885 0.005966607981089114 0.0009821006 6.602799640151429e-06 2.685636e-06 3.529839391247489e-08 0.0061952280000000005 8.194247218138577e-05 460.58419999999995 0.024209750357824522 212198.0 22.08528923537909 0.8174657999999999 0.005104004336991797 
0.17 8.33000234328132e-10 0.18627180000000002 5.139758748376963e-05 0.8174703999999998 0.005067931969555208 0.001103942 8.465344127677663e-06 3.131782e-06 3.3382271510488736e-08 0.006480804 5.274542729755587e-05 455.5108 0.04291610418706478 207552.8 39.00810173197898 0.8063942 0.004572604749158295 
0.18 0.0 0.1941812 3.8515866870630427e-05 0.7648896 0.0018523677950173364 0.001214374 9.67302294011668e-06 3.5996579999999997e-06 3.7165320544836e-08 0.006798345999999999 4.6399165475272625e-05 450.954 0.04129600457069058 203423.2 37.4383760225593 0.7882085999999999 0.003673533128751143 
0.19 0.0 0.2016986 3.303888617792636e-05 0.7289688000000001 0.002492710755778855 0.0013278959999999999 1.717638718706765e-05 4.127092e-06 9.035974941975318e-08 0.0071614999999999995 0.00013627530388151266 446.6276 0.06011495659191814 199543.0 53.840505198224136 0.7870606 0.0032200289762689483 
0.2 0.0 0.20862700000000003 6.729754822656999e-05 0.673123 0.0019929904967135063 0.001440086 1.008438698186864e-05 4.597950000000001e-06 4.211783546192662e-08 0.007267948000000001 3.920584021798901e-05 442.8648 0.04528081275137803 196197.2 40.2804170722166 0.7697088000000001 0.0032957848036469666 
0.21000000000000002 1.666000468656264e-09 0.21529020000000001 3.7601489314196334e-05 0.6488884 0.004845638051690465 0.0015486820000000002 7.97493593703762e-06 5.127494e-06 4.8544842082346695e-08 0.0074846159999999995 6.861465054054196e-05 439.19579999999996 0.02541715961682855 192963.2 22.2699797687687 0.763471 0.0026728033672530115 
0.22000000000000003 1.666000468656264e-09 0.22151699999999996 5.579390651011506e-05 0.6073435999999999 0.0024464438616138007 0.0016841679999999998 1.3583501286491577e-05 5.828754e-06 7.633768404136877e-08 0.00783206 8.16917308422226e-05 435.99920000000003 0.0612688501161783 190168.8 53.518893875415145 0.7659276 0.0023160523241017293 
0.23000000000000004 1.666000468656264e-09 0.2273656 4.832274828820855e-05 0.5777604000000001 0.002461056677118708 0.001804114 1.1518779657580806e-05 6.452878e-06 6.207822403386251e-08 0.008007364000000001 5.7674637101576624e-05 432.89759999999995 0.05876434297961669 187475.6 50.995372337869334 0.7556318 0.0029385467619260654 
0.24 0.0 0.232991 2.19399179686365e-05 0.5455774 0.0019577163349177398 0.001921024 1.2799250165541586e-05 7.0511760000000005e-06 8.038840431802772e-08 0.008064046 7.78796025465021e-05 429.9842 0.02806050620268925 184963.2 24.244422019383244 0.7447778 0.0031950399734571675 
0.25 0.0 0.2383366 4.036790801128806e-05 0.5214245999999999 0.0025407211196872984 0.002032742 1.054112381105162e-05 7.740224e-06 6.297004345557148e-08 0.008311962 6.545509932156271e-05 427.3456 0.052207738900178415 182703.2 44.46157891040918 0.735969 0.002000831587116481 
0.26 0.0 0.2433808 5.425303676467484e-05 0.4979656 0.0021005656114476854 0.00217436 8.525836967710737e-06 8.57238e-06 6.827950931283501e-08 0.00851635 7.150115741717639e-05 424.9026 0.032951600872516966 180622.6 27.950813933994013 0.7301406 0.002349704706547924 
0.27 0.0 0.2482978 3.883235763354988e-05 0.476208 0.00289338160635592 0.002283908 1.4211567513833202e-05 9.244762e-06 8.93800760527973e-08 0.008592052000000001 7.615121248671495e-05 422.5110000000001 0.03678042947424463 178598.8 31.3016293720115 0.7309068 0.003413912727652314 
0.28 0.0 0.2528924 2.4665117076976682e-05 0.4514928 0.003035398259206374 0.002436078 9.417106731908017e-06 1.0239984e-05 7.479188328154717e-08 0.008856142000000001 6.458291950041166e-05 420.36179999999996 0.04582872473691406 176789.0 38.230877572977576 0.7233224 0.0027772094713914433 
0.29 0.0 0.25734860000000004 4.482285123899779e-05 0.4391668 0.0017418869171090864 0.0025656579999999997 5.325536517569147e-06 1.1132080000000002e-05 4.699597770012695e-08 0.009035926 4.570293019925887e-05 418.26939999999996 0.05955206130238772 175036.8 49.897815596905374 0.7223922 0.0018736247521755206 
0.3 0.0 0.26160059999999996 6.969453352813641e-05 0.421816 0.002173722098152724 0.002690156 6.9815405749823685e-06 1.197274e-05 5.0252590778968697e-08 0.00909228 5.004410598664335e-05 416.3852 0.042168613890390165 173466.6 35.049222524511926 0.7192141999999999 0.0017495873890799693 
0.31 0.0 0.2657662 4.125181207039777e-05 0.40611800000000003 0.0013152517325592068 0.0028444259999999997 5.634961295335048e-06 1.309056e-05 3.153953201935089e-08 0.009289624 3.165331939625738e-05 414.5780000000001 0.011520416057622572 171965.8 9.8768416606821 0.7071879999999999 0.0022539459975855344 
0.32 0.0 0.2696224 6.778884865120115e-05 0.38711280000000003 0.001425581857347195 0.002970242 1.2005175350662226e-05 1.4068279999999999e-05 8.900453201945e-08 0.009441399999999999 3.494717075825677e-05 412.90779999999995 0.05490457185745111 170586.0 45.482304252891446 0.7060048 0.0020122703277654676 
0.33 1.666000468656264e-09 0.27350199999999997 5.0538698073291165e-05 0.373857 0.0011726192903073376 0.003101876 9.680585767411e-06 1.502958e-05 7.15567098181564e-08 0.009438548000000001 3.222442345788138e-05 411.1532 0.04850847340228188 169141.8 39.450627376852275 0.6980452 0.004165710392236278 
0.34 1.666000468656264e-09 0.277138 3.7905144785341794e-05 0.36170620000000003 0.0014444154914687584 0.003227326 1.1186609709832013e-05 1.610882e-05 9.786220271383033e-08 0.009643864 4.822583727424564e-05 409.66099999999994 0.02500399978034231 167920.2 20.211679760692313 0.7044900000000001 0.0028657466322054214 
0.35 0.0 0.2806964 5.304684722282222e-05 0.34562919999999997 0.0015365869034978182 0.0033891500000000005 1.26661836398865e-05 1.7461879999999998e-05 1.1389349902429888e-07 0.009832704000000001 5.784652788887947e-05 408.2476 0.04015230992112867 166765.8 32.89182270542345 0.6962602 0.0021515233933186604 
0.36 0.0 0.28408160000000005 4.978160299897428e-05 0.3435731999999999 0.001874204799910821 0.0035229880000000003 9.02159161122501e-06 1.872028e-05 8.34016901507606e-08 0.010093514000000001 4.6218873166651345e-05 406.87600000000003 0.05099725472294976 165650.2 42.006094780981236 0.6984636 0.004100701253201296 
0.37 0.0 0.2875956 4.9164702776396585e-05 0.3266016 0.0006886520514758641 0.00371304 7.854200404893592e-06 2.0394699999999996e-05 5.266308764241986e-08 0.01028662 1.096570654372482e-05 405.4908 0.03539875709119063 164525.6 28.75913767353503 0.6853442000000001 0.002655583874024985 
0.38 0.0 0.29080760000000005 7.466544042758465e-05 0.319545 0.002219177919860235 0.0038515639999999996 1.1645451850419058e-05 2.173086e-05 9.438123372789146e-08 0.01045236 7.979314557024047e-05 404.2764000000001 0.060697676966550845 163544.6 49.22649692566752 0.6838286 0.002621515158835375 
0.39 0.0 0.29385859999999997 5.659229635264026e-05 0.310136 0.0014459622401702156 0.0040157280000000005 8.410990619363428e-06 2.3239639999999996e-05 8.224848497103054e-08 0.01050568 4.475788556226572e-05 403.1362 0.04638051317768237 162626.8 37.79883596656445 0.6886256000000001 0.002504680300552633 
0.4 0.0 0.29692359999999995 3.613596554914471e-05 0.300882 0.0008784326041340452 0.004166112 1.4599314340081364e-05 2.480546e-05 1.5397563599481783e-07 0.010725019999999998 6.046283751202595e-05 402.0322 0.05919283740063064 161739.8 47.702746256659545 0.6850517999999999 0.00284779644498156 
0.41 0.0 0.2998364 6.649487200828923e-05 0.292665 0.0018344304184128519 0.004321928 9.704271801641016e-06 2.640958e-05 1.3469655793671144e-07 0.01085982 7.528373742053591e-05 400.9134 0.04230234026010877 160844.2 33.465683911498154 0.6844354 0.0029058233476926864 
0.42000000000000004 3.332000937312528e-09 0.302761 3.3412572528890926e-05 0.2861084 0.001255770443991814 0.004494392 1.3544489181982014e-05 2.825462e-05 1.505219649088309e-07 0.0110457 6.472217548875303e-05 399.94860000000006 0.029983461879837917 160072.0 24.326117648474284 0.6750904 0.003087281038065565 
0.43 0.0 0.305479 6.158571264380245e-05 0.27847619999999995 0.001132096617786926 0.004641998 1.117515150685223e-05 2.986686e-05 1.2041187516178433e-07 0.0111424 3.451517926939793e-05 399.0378 0.034294489348382466 159348.0 27.621730573000164 0.6795907999999999 0.002006271754278101 
0.44000000000000006 3.332000937312528e-09 0.3083022 6.65452627638897e-05 0.27002819999999994 0.0009991866452307722 0.00484007 1.29203826568698e-05 3.213426e-05 1.7472501274862875e-07 0.011398460000000003 6.980485140725565e-05 398.0454 0.04914273094522507 158559.6 39.6561218403939 0.6809796 0.0031105275128170714 
0.45 2.356080457693621e-09 0.310956 4.135794961710049e-05 0.26530580000000004 0.001290183906268697 0.005020676 8.590657530127294e-06 3.420564e-05 8.062366699681922e-08 0.01151752 7.114759532127776e-05 397.2556 0.04445276141698896 157933.6 35.359411755929166 0.6794718 0.004061058486652725 
0.4600000000000001 3.332000937312528e-09 0.3134892 3.686667871236309e-05 0.2618298 0.0006796896585953262 0.005196614 4.3199894444589195e-06 3.635982e-05 7.084950472693895e-08 0.011713979999999999 4.0661189358023974e-05 396.563 0.03238641691510082 157386.0 26.029214350318455 0.6763998 0.0028371097321037864 
0.4699999999999999 2.356080457693621e-09 0.3163232 6.609350949070125e-05 0.25547179999999997 0.0007141222528389331 0.0054015439999999994 2.068434047294513e-05 3.8927440000000006e-05 2.410847943772329e-07 0.011947240000000001 4.295784538352007e-05 395.5606 0.0300047996471733 156593.4 24.181976775968028 0.6716924 0.0038233880744696037 
0.48 0.0 0.31869359999999997 7.446588482353515e-05 0.2490186 0.0012036490717807805 0.005570158 1.2315597070327282e-05 4.102404e-05 1.8647143609658542e-07 0.011995960000000002 6.227707507573267e-05 394.8834 0.04605092831671553 156059.8 36.85040027499357 0.6690212 0.0022311662134392985 
0.49000000000000005 3.332000937312528e-09 0.32124980000000003 5.657448185254164e-05 0.2437628 0.0015704169993986728 0.00576578 9.735764582235456e-06 4.373614e-05 1.4493825057558478e-07 0.01233282 6.194245329337302e-05 394.21700000000004 0.03810196831058148 155537.4 30.93813181222353 0.6735026 0.00557952660070838 
0.5 0.0 0.32363719999999996 4.833499773879241e-05 0.2387894 0.0004428846892799168 0.005966704 1.1907397566242544e-05 4.6394259999999994e-05 1.5451954077090116e-07 0.0124324 3.416807867000442e-05 393.52200000000005 0.029608106878522222 154991.2 23.76619446201985 0.6704595999999999 0.0029428757445767425 
0.51 0.0 0.3259316 0.00010021281355569628 0.2337386 0.001233773969573949 0.00612809 7.048927861680793e-06 4.870678e-05 8.890575864334614e-08 0.012596399999999999 1.8148564681605562e-05 392.76820000000004 0.04895336552292824 154401.2 37.947753546244904 0.6707886000000001 0.0030385079048724805 
0.52 0.0 0.328346 4.783889627767007e-05 0.2314232 0.0007393785174063959 0.006350504 1.7897219582927892e-05 5.1756580000000004e-05 2.4771034277924417e-07 0.0126566 8.33352842438049e-05 392.26539999999994 0.028918644665761103 154008.0 22.59734498016499 0.6664436 0.0015836325988032743 
0.53 0.0 0.3307084 3.677238087988358e-05 0.22534659999999995 0.0003521344743205362 0.006562464 9.204357489889533e-06 5.501427999999999e-05 1.3404950548269506e-07 0.012984899999999999 3.996226219828427e-05 391.591 0.07576225972375826 153482.0 58.35409154463806 0.6665146 0.004814784253526568 
0.54 0.0 0.3329898 4.580078600362565e-05 0.2250602 0.0009240702310973975 0.006799878 1.2120604737395366e-05 5.869439999999999e-05 2.1180690829186595e-07 0.01328566 5.3510377311354945e-05 391.15680000000003 0.04877081088167879 153145.2 38.31177363492788 0.6696753999999999 0.0015079804932467036 
0.55 0.0 0.33502400000000004 2.8993792330887534e-05 0.22281839999999997 0.0008910062895413504 0.006980226000000001 5.86523629509366e-06 6.149188e-05 9.927391359267783e-08 0.013371740000000002 3.2198864576121564e-05 390.69939999999997 0.051583408152179946 152789.0 40.960468745455195 0.665781 0.00423448038843094 
0.56 0.0 0.337458 2.6490753105758256e-05 0.2196976 0.0010244014291282454 0.007240553999999999 8.791119883339132e-06 6.572235999999999e-05 1.0567144780088905e-07 0.0136762 9.777789934338764e-05 390.195 0.030512948066432517 152397.2 23.75272613941303 0.663317 0.004595392231354406 
0.57 0.0 0.3395476 6.187574646077595e-05 0.21436660000000002 0.0007742371006347879 0.007451457999999999 1.4778322340584971e-05 6.907554e-05 1.5878752243207515e-07 0.013692840000000001 7.610231849291421e-05 389.7 0.04727197903147465 152012.8 36.75475480856317 0.660664 0.002374065576180035 
0.58 0.0 0.34150339999999996 7.766214009150666e-05 0.2122328 0.0005821074402547488 0.00766903 1.0604793255844521e-05 7.29534e-05 1.8491821110910265e-07 0.01404132 6.681764677091214e-05 389.3782 0.08455076578858953 151766.8 66.2542979793192 0.6706138 0.003691540831686397 
0.59 0.0 0.34378699999999995 4.377761991301567e-05 0.21040040000000002 0.0009631783469325237 0.007874548 1.7825669894866605e-05 7.64311e-05 3.2840271131656013e-07 0.014078779999999999 5.7495247803669624e-05 388.8538 0.05826655990746467 151359.4 45.12790711567366 0.6627606 0.004178653798532197 
0.6 0.0 0.34584400000000004 9.045529280678552e-05 0.2084572 0.000664384671707182 0.008099828 1.0251435177483124e-05 8.051732e-05 1.7849001406255002e-07 0.01431324 7.192198884907229e-05 388.4614 0.03271403365057397 151057.6 25.574362153781156 0.665907 0.0009195735098242696 
0.61 0.0 0.3477994 9.579711894341134e-05 0.20461520000000002 0.0008094474856346422 0.008355574 8.813345607849041e-06 8.5347e-05 1.983691064661091e-07 0.014665359999999999 6.64945447386876e-05 388.17760000000004 0.0895560606359149 150839.4 69.5773526439893 0.6651546 0.0035530644868895815 
0.62 0.0 0.34986280000000003 5.393507202656008e-05 0.2021076 0.0006475816303768345 0.00858927 1.616607905470239e-05 8.975708000000001e-05 3.314389215523196e-07 0.014846119999999999 8.60309590787408e-05 387.7652 0.021682066373431 150520.6 17.117476454872236 0.6601102 0.0016456498874307943 
0.63 0.0 0.35184899999999997 6.03476594787617e-05 0.2006268 0.0008889851472324597 0.008862744 1.556678325149914e-05 9.499316e-05 2.8186374665827705e-07 0.01503424 9.891955357763514e-05 387.5684 0.06993802976361026 150372.2 53.99214756704318 0.6681670000000001 0.0021333107227936364 
0.64 0.0 0.35402819999999996 3.604708047340754e-05 0.19863000000000003 0.001099286823352885 0.009079548 1.1972003140798895e-05 9.94995e-05 2.5499393247685785e-07 0.01535454 5.4902951468972014e-05 387.11580000000004 0.037254154127549684 150023.6 28.93523802516153 0.665694 0.0007108407416607532 
0.65 0.0 0.3558802 7.381132704692376e-05 0.19808599999999998 0.0010298175372372832 0.009354547999999999 1.0355471365493817e-05 0.0001050366 2.3122605389478725e-07 0.01553292 4.321715770379833e-05 386.96619999999996 0.0520318365198233 149909.6 40.10845297098034 0.6637596 0.0024593344075182345 
0.66 3.332000937312528e-09 0.357897 6.547060401817884e-05 0.1982596 0.0009690064437358756 0.009592502 1.8019096625517095e-05 0.0001100354 3.774989907271466e-07 0.015724560000000002 6.494808757767829e-05 386.6806 0.06539883789284388 149691.8 51.03677106192403 0.6657918 0.004202719885025398 
0.67 0.0 0.35971359999999997 7.504270788410362e-05 0.19624619999999998 0.00039027809572302297 0.009906424 1.6606741907893603e-05 0.0001168402 3.3382898615892873e-07 0.01607768 6.385831441548831e-05 386.63800000000003 0.0659775719676929 149660.8 51.23389504066226 0.6622858 0.0027133851388967687 
0.68 3.332000937312528e-09 0.36202120000000004 4.5428096924542454e-05 0.1930076 0.0010177404227009938 0.010164860000000001 2.5617394090621646e-05 0.000122403 5.932701239743809e-07 0.01615818 7.09470078298232e-05 386.2828 0.05159798441064241 149388.0 39.06609783235858 0.6613188 0.00362165676341777 
0.69 0.0 0.36375080000000004 2.4117047758149987e-05 0.19219239999999999 0.0005502126570720532 0.01044084 2.1771405099395478e-05 0.00012859240000000002 4.947672260763678e-07 0.01634454 5.0039557152175144e-05 386.10880000000003 0.06748712458716154 149257.6 52.27205753811091 0.6666326 0.004875613115084046 
0.7 0.0 0.3655902 5.3298705427986875e-05 0.1910212 0.0006765308211748903 0.01069876 1.3466093717301212e-05 0.0001345864 3.6201851886450907e-07 0.0165578 6.827095429235134e-05 385.8582 0.07090918135089733 149067.6 55.1569397240759 0.6702474 0.0028619941663102838 
0.71 0.0 0.36744560000000004 7.756421854469607e-05 0.18978899999999999 0.001196439885661239 0.01099534 1.7265563413972704e-05 0.00014166279999999997 3.3898736259983237e-07 0.01684446 4.4668580456744546e-05 385.8794 0.06278318246205307 149086.2 49.09452107271371 0.6690931999999999 0.0033899381162504345 
0.72 0.0 0.36954539999999997 0.00011899936134184417 0.19161519999999999 0.0011459621424817859 0.01127628 1.772113766103455e-05 0.0001486486 4.436859790438492e-07 0.01719396 9.468561284580011e-05 385.698 0.08600279067876802 148949.6 66.28339158284933 0.6714384000000001 0.003494027780080558 
0.73 0.0 0.3712716 8.428409104303508e-05 0.188134 0.0017174188772691714 0.0115527 1.5199078919361382e-05 0.00015551600000000002 3.676530973613571e-07 0.01739864 7.14530648748121e-05 385.529 0.08694596023374634 148820.4 67.20035713986452 0.6663488 0.0032323478080196607 
0.74 0.0 0.37336280000000005 5.0229393661007475e-05 0.18920540000000002 0.0010131314465542298 0.011888319999999999 1.7770974087140112e-05 0.0001638918 4.537466605941335e-07 0.017558940000000002 3.790269225248481e-05 385.47520000000003 0.03608146342180934 148781.4 26.967536044950293 0.6668546 0.0038177764167136013 
0.75 0.0 0.3751896 5.791483400276614e-05 0.19003799999999998 0.0010368742643159187 0.01218066 1.2561197395006144e-05 0.00017186240000000003 3.740392064993083e-07 0.01804284 6.958740460731447e-05 385.3986 0.03935947155297003 148726.8 30.572405860875104 0.6737143999999999 0.003145754276485511 
0.76 0.0 0.37709800000000004 0.0001070226144005332 0.18692140000000002 0.00037458121682524257 0.012474379999999998 2.2418285394055794e-05 0.00017970520000000002 6.635711506682518e-07 0.01825926 0.00010320720750030206 385.31260000000003 0.05929964585153655 148664.4 46.01356322146431 0.6769718 0.004022088963709631 
0.77 0.0 0.3788424 5.126136943456712e-05 0.18832759999999998 0.0004979420528547246 0.01279856 1.3484379110515904e-05 0.0001884926 3.928283696491724e-07 0.01846818 8.710711291267299e-05 385.3906 0.05610960702388703 148727.0 43.3358973600409 0.677026 0.0008569153517136393 
0.78 0.0 0.3808138 6.347749210067059e-05 0.187677 0.0004834913029183467 0.01309688 1.201956405201871e-05 0.00019684539999999996 2.698425615115329e-07 0.01869502 5.025493726979498e-05 385.20200000000006 0.03687058443127788 148584.0 28.87351728323336 0.6767386 0.0020941797936222615 
0.79 0.0 0.38263119999999995 0.00013009731747052854 0.18547819999999998 0.0007691051111527597 0.01343764 1.3380421517978312e-05 0.00020656 4.192559123031758e-07 0.01894844 6.204808200096318e-05 385.36199999999997 0.050759826666541226 148708.4 39.48832739735717 0.6711402 0.002388539058085525 
0.8 0.0 0.3844202 8.794425505940995e-05 0.1858188 0.0005661585219702705 0.013764460000000001 1.718565913757829e-05 0.0002159692 5.09207179838855e-07 0.01908566 4.991641493525708e-05 385.3542 0.04709428838443945 148703.0 36.218227453140386 0.6661585999999999 0.003636633042805621 
0.8100000000000002 4.712160915387242e-09 0.38636159999999997 7.607133498460139e-05 0.18745879999999998 0.0011066022013357549 0.014098320000000001 2.709623442448887e-05 0.00022614060000000001 8.547491140673968e-07 0.019466360000000002 8.389896113770037e-05 385.3714 0.10374684573125094 148720.6 79.34713605436883 0.6716960000000001 0.0038680235883417867 
0.82 0.0 0.38824380000000003 6.18316423442404e-05 0.187482 0.0014331950320873124 0.01445698 2.2045487520172032e-05 0.00023707939999999999 6.806243956835278e-07 0.01971978 4.082559393319194e-05 385.3808 0.06608503610296336 148731.8 49.96750944791271 0.6753722 0.0039637606527159796 
0.8299999999999998 6.664001874625056e-09 0.3902762000000001 8.47412059570207e-05 0.18809779999999998 0.0008645755212825455 0.014807980000000002 1.9675048157296975e-05 0.0002482218 6.253187603088446e-07 0.02008612 8.686226061990685e-05 385.43359999999996 0.0832618039838993 148774.2 64.52497190514019 0.671646 0.0027450226811447914 
0.8400000000000001 6.664001874625056e-09 0.3919226 0.00011508834865230582 0.187736 0.0011924944947468512 0.01511064 1.633192211621975e-05 0.00025794219999999995 5.443952534729849e-07 0.0203039 3.619356848965924e-05 385.4308 0.0882017686996067 148774.0 68.13105019117631 0.6708468 0.002897290201551063 
0.85 0.0 0.3938954 3.437976134514675e-05 0.18643679999999999 0.00041824503822698595 0.01545136 1.3166946494900194e-05 0.0002691886 4.1942032378309216e-07 0.020629059999999998 5.240401206036556e-05 385.54339999999996 0.05651307821003186 148865.6 43.15145419997747 0.6771958 0.002831919496030406 
0.86 0.0 0.3955686 2.7554455236076e-05 0.188844 0.0016597238565500226 0.01578076 8.306460136080706e-06 0.0002802646 3.471290941455325e-07 0.020918020000000002 6.0139507147789084e-05 385.55820000000006 0.06308051991562681 148880.0 48.74258918187038 0.6785566000000001 0.0014553177137562952 
0.8699999999999999 6.664001874625056e-09 0.3976996 0.00010912217009625039 0.18693120000000002 0.0006214895268624869 0.016208220000000002 7.135286958984508e-06 0.00029491040000000004 2.6854222758131323e-07 0.021321360000000004 8.38876324614174e-05 385.7564 0.04975266831256893 149036.2 39.496227663718805 0.6807224 0.004487726351730734 
0.8800000000000001 6.664001874625056e-09 0.39942160000000004 0.00010755783556256524 0.18960859999999996 0.0009524620139425123 0.016597720000000003 2.5339951065022038e-05 0.0003083756 9.176671989349695e-07 0.021526560000000004 0.00011368011470775357 386.0118 0.10539085347752268 149238.0 80.87471792652401 0.6851936000000001 0.0034552442414346194 
0.89 0.0 0.4013192 5.745774107784858e-05 0.1890636 0.00032041255905495837 0.01693692 1.8735984628209525e-05 0.0003204496 7.002538739670398e-07 0.0217385 8.098359833936553e-05 386.06 0.05835203505904835 149276.2 45.001688853467556 0.6808104 0.003990310169398656 
0.9 4.712160915387242e-09 0.40325539999999993 0.00013003648724630996 0.1889048 0.0007821680330968075 0.01730918 3.096497892776607e-05 0.00033447299999999995 1.2466330655047535e-06 0.02231092 0.000182741676472476 386.2884 0.15432241572101715 149457.0 119.29559924889345 0.6850708 0.00240075747046847 
0.9099999999999999 6.664001874625056e-09 0.40522460000000005 3.803009328047654e-05 0.19014879999999998 0.0005679590407772341 0.01768356 2.5271083870543376e-05 0.00034824039999999996 9.61669531598027e-07 0.022488420000000002 5.6023897757890504e-05 386.3078 0.07140834688800445 149474.8 55.562865303477835 0.6859246 0.0015434598433401812 
0.9200000000000002 6.664001874625056e-09 0.4072854 6.304956778158997e-05 0.1935946 0.0008250567301704894 0.01815998 2.620481482473812e-05 0.0003662708 1.0321250854453484e-06 0.02284158 6.618287029126104e-05 386.7732 0.0650516103315741 149839.2 51.069677887291576 0.689947 0.0054373534444616105 
0.93 0.0 0.40926359999999995 0.0001472496112363753 0.19286899999999998 0.0004979222429269333 0.01857996 2.0579982507222526e-05 0.00038286280000000004 7.547847057249822e-07 0.02331592 6.60296381938309e-05 387.0188 0.07474939463498469 150030.4 57.61360950225155 0.6856220000000001 0.0031263053465683654 
0.9399999999999998 4.712160915387242e-09 0.41104019999999997 0.00013406219454494122 0.194233 0.0006662338928656533 0.01894608 1.806679606355014e-05 0.0003973194 8.076650592905973e-07 0.0235076 0.00012306325202920897 387.1932 0.05238656318778841 150167.6 40.763316837234356 0.6835910000000001 0.0027109270738947962 
0.95 4.712160915387242e-09 0.4130834 9.407681968610068e-05 0.1954938 0.000801597275445502 0.019366500000000002 2.249453266898481e-05 0.00041439659999999997 9.391392058728637e-07 0.02384786 6.717841081790182e-05 387.4266 0.08091308914106525 150353.2 62.43229933149102 0.689672 0.0034223005946307 
0.96 0.0 0.4149094 0.0001866928172390114 0.1951154 0.0008678975792110379 0.01972778 1.9589148015857507e-05 0.0004292752 9.135941068067757e-07 0.02405292 0.00010718564605398437 387.5032 0.11589457280620061 150413.6 89.00319094991808 0.6849988 0.0038157923779978033 
0.97 4.712160915387242e-09 0.41681359999999995 0.00010431130334692469 0.2011838 0.0013293649130317442 0.020183879999999998 2.2803918961705534e-05 0.00044882719999999996 1.0279800153710953e-06 0.02460532 0.00011654125243890053 387.9918 0.057647480416453345 150796.6 45.10308193156363 0.6878292 0.004925209992680134 
0.9800000000000001 6.664001874625056e-09 0.4189 7.378292487885131e-05 0.1993404 0.0006606041235111404 0.02061278 1.617631354755048e-05 0.00046710680000000007 7.46597262243604e-07 0.0248144 9.645372776615942e-05 388.09819999999996 0.08323239753325117 150882.2 64.56959035959994 0.6891822000000001 0.0038585173670721154 
0.99 0.0 0.4207306 3.9675281979718874e-05 0.198517 0.00038689212966895044 0.02099608 2.6376192295100798e-05 0.00048381399999999995 1.0016285139767754e-06 0.0250034 8.722426726555808e-05 388.396 0.09858072833706175 151117.2 75.70225887783364 0.69092 0.0032594738225660176 
