0.8 0.458734 0.374201 0.270725 0.073798 0.364294 545.337 297751 0.823854
0.799 0.458359 0.374456 0.270623 0.0737426 0.364774 545.332 297747 0.824753
0.798 0.457985 0.374711 0.27052 0.0736873 0.365256 545.328 297742 0.825653
0.797 0.45761 0.374965 0.270418 0.0736321 0.365737 545.324 297738 0.826554
0.796 0.457235 0.37522 0.270316 0.0735769 0.36622 545.32 297733 0.827455
0.795 0.45686 0.375474 0.270214 0.0735218 0.366704 545.317 297729 0.828357
0.794 0.456484 0.375728 0.270112 0.0734667 0.367188 545.313 297725 0.82926
0.793 0.456108 0.375983 0.27001 0.0734117 0.367674 545.309 297721 0.830164
0.792 0.455732 0.376236 0.269908 0.0733567 0.36816 545.306 297718 0.831069
0.791 0.455356 0.37649 0.269807 0.0733019 0.368647 545.303 297714 0.831974
0.79 0.454979 0.376744 0.269705 0.073247 0.369136 545.3 297711 0.83288
0.789 0.454602 0.376997 0.269603 0.0731923 0.369625 545.297 297707 0.833787
0.788 0.454225 0.37725 0.269502 0.0731376 0.370116 545.294 297704 0.834695
0.787 0.453848 0.377503 0.2694 0.073083 0.370608 545.291 297701 0.835603
0.786 0.45347 0.377756 0.269299 0.0730284 0.371101 545.289 297698 0.836512
0.785 0.453092 0.378009 0.269198 0.0729739 0.371595 545.286 297696 0.837422
0.784 0.452714 0.378261 0.269097 0.0729195 0.372091 545.284 297693 0.838333
0.783 0.452335 0.378513 0.268996 0.0728651 0.372588 545.282 297691 0.839244
0.782 0.451957 0.378765 0.268895 0.0728109 0.373087 545.28 297688 0.840156
0.781 0.451578 0.379017 0.268794 0.0727566 0.373587 545.278 297686 0.841069
0.78 0.451199 0.379269 0.268693 0.0727025 0.374088 545.276 297684 0.841983
0.779 0.450819 0.379521 0.268592 0.0726485 0.374592 545.275 297683 0.842898
0.778 0.45044 0.379772 0.268492 0.0725945 0.375097 545.273 297681 0.843813
0.777 0.45006 0.380023 0.268391 0.0725406 0.375603 545.272 297679 0.844729
0.776 0.449679 0.380275 0.268291 0.0724867 0.376112 545.271 297678 0.845646
0.775 0.449299 0.380526 0.268191 0.072433 0.376622 545.27 297677 0.846564
0.774 0.448918 0.380777 0.26809 0.0723793 0.377135 545.269 297676 0.847483
0.773 0.448537 0.381028 0.26799 0.0723257 0.377649 545.268 297675 0.848403
0.772 0.448156 0.381278 0.26789 0.0722722 0.378166 545.268 297674 0.849324
0.771 0.447775 0.381529 0.267791 0.0722187 0.378684 545.267 297674 0.850246
0.77 0.447393 0.38178 0.267691 0.0721654 0.379205 545.267 297674 0.851169
0.769 0.447011 0.382031 0.267591 0.0721121 0.379728 545.267 297674 0.852092
0.768 0.446629 0.382282 0.267492 0.0720589 0.380253 545.267 297674 0.853017
0.767 0.446246 0.382533 0.267392 0.0720057 0.38078 545.267 297674 0.853943
0.766 0.445864 0.382784 0.267293 0.0719527 0.38131 545.268 297674 0.854871
0.765 0.445481 0.383035 0.267194 0.0718997 0.381843 545.268 297675 0.855799
0.764 0.445098 0.383286 0.267095 0.0718469 0.382378 545.269 297675 0.856729
0.763 0.444714 0.383538 0.266996 0.0717941 0.382916 545.27 297676 0.85766
0.762 0.44433 0.38379 0.266897 0.0717414 0.383456 545.271 297677 0.858592
0.761 0.443946 0.384042 0.266798 0.0716887 0.383999 545.272 297678 0.859526
0.76 0.443562 0.384294 0.2667 0.0716362 0.384545 545.274 297680 0.860461
0.759 0.443178 0.384547 0.266601 0.0715837 0.385094 545.275 297681 0.861398
0.758 0.442793 0.3848 0.266503 0.0715314 0.385645 545.277 297683 0.862336
0.757 0.442408 0.385053 0.266405 0.0714791 0.3862 545.279 297685 0.863276
0.756 0.442023 0.385307 0.266307 0.0714268 0.386757 545.281 297687 0.864217
0.755 0.441637 0.385561 0.266209 0.0713747 0.387318 545.283 297690 0.86516
0.754 0.441251 0.385816 0.266111 0.0713227 0.387882 545.285 297692 0.866105
0.753 0.440865 0.386071 0.266013 0.0712707 0.388449 545.288 297695 0.867052
0.752 0.440479 0.386327 0.265915 0.0712188 0.389019 545.29 297697 0.868001
0.751 0.440093 0.386584 0.265818 0.071167 0.389593 545.293 297700 0.868951
0.75 0.439706 0.386841 0.26572 0.0711153 0.390169 545.296 297704 0.869904
0.749 0.439319 0.387099 0.265623 0.0710637 0.39075 545.299 297707 0.870859
0.748 0.438932 0.387358 0.265526 0.0710122 0.391333 545.303 297710 0.871816
0.747 0.438544 0.387617 0.265429 0.0709607 0.39192 545.306 297714 0.872775
0.746 0.438156 0.387878 0.265332 0.0709093 0.392511 545.31 297718 0.873737
0.745 0.437768 0.388139 0.265235 0.070858 0.393105 545.314 297722 0.874701
0.744 0.43738 0.388401 0.265138 0.0708068 0.393703 545.317 297726 0.875667
0.743 0.436991 0.388664 0.265042 0.0707557 0.394304 545.322 297731 0.876636
0.742 0.436602 0.388929 0.264945 0.0707046 0.39491 545.326 297735 0.877608
0.741 0.436213 0.389194 0.264849 0.0706537 0.395518 545.33 297740 0.878582
0.74 0.435824 0.38946 0.264752 0.0706028 0.396131 545.335 297745 0.879559
0.739 0.435434 0.389728 0.264656 0.070552 0.396747 545.34 297750 0.880539
0.738 0.435044 0.389996 0.26456 0.0705012 0.397367 545.345 297756 0.881522
0.737 0.434654 0.390266 0.264464 0.0704506 0.397991 545.35 297761 0.882508
0.736 0.434264 0.390537 0.264368 0.0704 0.398619 545.355 297767 0.883497
0.735 0.433873 0.390809 0.264273 0.0703496 0.39925 545.361 297773 0.884489
0.734 0.433482 0.391083 0.264177 0.0702991 0.399886 545.366 297779 0.885485
0.733 0.43309 0.391358 0.264082 0.0702488 0.400525 545.372 297785 0.886484
0.732 0.432699 0.391634 0.263986 0.0701986 0.401168 545.378 297792 0.887486
0.731 0.432307 0.391912 0.263891 0.0701484 0.401815 545.384 297798 0.888492
0.73 0.431915 0.392192 0.263796 0.0700983 0.402467 545.391 297805 0.889502
0.729 0.431523 0.392472 0.263701 0.0700483 0.403122 545.397 297812 0.890515
0.728 0.43113 0.392755 0.263606 0.0699983 0.403781 545.404 297819 0.891532
0.727 0.430737 0.393039 0.263511 0.0699485 0.404444 545.41 297826 0.892553
0.726 0.430344 0.393324 0.263416 0.0698987 0.405111 545.417 297834 0.893579
0.725 0.42995 0.393611 0.263322 0.069849 0.405781 545.424 297842 0.894608
0.724 0.429556 0.3939 0.263227 0.0697994 0.406456 545.432 297849 0.895642
0.723 0.429162 0.394191 0.263133 0.0697498 0.407135 545.439 297857 0.89668
0.722 0.428768 0.394483 0.263038 0.0697003 0.407818 545.447 297866 0.897722
0.721 0.428373 0.394777 0.262944 0.0696509 0.408505 545.455 297874 0.898769
0.72 0.427978 0.395072 0.26285 0.0696016 0.409196 545.462 297883 0.89982
0.719 0.427583 0.39537 0.262756 0.0695523 0.40989 545.471 297891 0.900876
0.718 0.427187 0.395669 0.262662 0.0695031 0.410589 545.479 297900 0.901938
0.717 0.426791 0.39597 0.262568 0.069454 0.411291 545.487 297910 0.903004
0.716 0.426395 0.396273 0.262475 0.069405 0.411998 545.496 297919 0.904075
0.715 0.425998 0.396578 0.262381 0.069356 0.412708 545.505 297928 0.905151
0.714 0.425602 0.396884 0.262287 0.0693072 0.413422 545.514 297938 0.906232
0.713 0.425205 0.397193 0.262194 0.0692584 0.41414 545.523 297948 0.907319
0.712 0.424807 0.397503 0.262101 0.0692096 0.414862 545.532 297958 0.908412
0.711 0.424409 0.397816 0.262008 0.069161 0.415588 545.541 297968 0.90951
0.71 0.424011 0.39813 0.261914 0.0691124 0.416318 545.551 297979 0.910613
0.709 0.423613 0.398446 0.261822 0.0690639 0.417051 545.561 297989 0.911723
0.708 0.423214 0.398765 0.261729 0.0690154 0.417788 545.571 298000 0.912838
0.707 0.422815 0.399085 0.261636 0.0689671 0.418529 545.581 298011 0.91396
0.706 0.422416 0.399407 0.261543 0.0689188 0.419274 545.591 298022 0.915088
0.705 0.422016 0.399732 0.261451 0.0688706 0.420022 545.602 298034 0.916222
0.704 0.421616 0.400058 0.261358 0.0688224 0.420774 545.612 298045 0.917362
0.703 0.421216 0.400386 0.261266 0.0687744 0.42153 545.623 298057 0.918509
0.702 0.420815 0.400717 0.261174 0.0687264 0.422289 545.634 298069 0.919663
0.701 0.420415 0.401049 0.261082 0.0686785 0.423052 545.645 298081 0.920823
0.7 0.420013 0.401384 0.26099 0.0686307 0.423819 545.657 298093 0.92199
0.699 0.419612 0.401721 0.260898 0.0685829 0.424589 545.668 298106 0.923164
0.698 0.41921 0.402059 0.260806 0.0685353 0.425362 545.68 298119 0.924346
0.697 0.418807 0.4024 0.260714 0.0684877 0.426139 545.692 298131 0.925535
0.696 0.418405 0.402743 0.260623 0.0684402 0.42692 545.704 298145 0.926731
0.695 0.418002 0.403088 0.260531 0.0683927 0.427703 545.716 298158 0.927934
0.694 0.417598 0.403435 0.26044 0.0683454 0.428491 545.728 298171 0.929146
0.693 0.417195 0.403784 0.260349 0.0682981 0.429281 545.741 298185 0.930365
0.692 0.416791 0.404135 0.260258 0.0682509 0.430075 545.754 298199 0.931591
0.691 0.416386 0.404489 0.260167 0.0682038 0.430873 545.767 298213 0.932826
0.69 0.415982 0.404844 0.260076 0.0681568 0.431673 545.78 298228 0.93407
0.689 0.415577 0.405202 0.259986 0.0681099 0.432477 545.794 298242 0.935321
0.688 0.415171 0.405562 0.259895 0.068063 0.433284 545.807 298257 0.936581
0.687 0.414765 0.405924 0.259805 0.0680163 0.434094 545.821 298272 0.937849
0.686 0.414359 0.406288 0.259715 0.0679696 0.434907 545.835 298287 0.939126
0.685 0.413953 0.406654 0.259624 0.0679231 0.435724 545.849 298303 0.940412
0.684 0.413546 0.407023 0.259535 0.0678766 0.436543 545.864 298319 0.941706
0.683 0.413138 0.407393 0.259445 0.0678302 0.437366 545.878 298335 0.94301
0.682 0.412731 0.407766 0.259355 0.0677839 0.438191 545.893 298351 0.944323
0.681 0.412323 0.40814 0.259266 0.0677377 0.43902 545.908 298367 0.945645
0.68 0.411914 0.408517 0.259176 0.0676916 0.439851 545.923 298384 0.946977
0.679 0.411506 0.408897 0.259087 0.0676456 0.440685 545.939 298401 0.948318
0.678 0.411097 0.409278 0.258998 0.0675997 0.441523 545.955 298418 0.949668
0.677 0.410687 0.409661 0.258909 0.0675539 0.442362 545.97 298435 0.951029
0.676 0.410277 0.410047 0.25882 0.0675082 0.443205 545.987 298453 0.952399
0.675 0.409867 0.410435 0.258732 0.0674626 0.444051 546.003 298471 0.953779
0.674 0.409456 0.410825 0.258644 0.0674171 0.444899 546.02 298489 0.955169
0.673 0.409045 0.411217 0.258555 0.0673717 0.44575 546.037 298507 0.95657
0.672 0.408634 0.411611 0.258467 0.0673264 0.446604 546.054 298526 0.95798
0.671 0.408222 0.412007 0.25838 0.0672813 0.44746 546.071 298545 0.959401
0.67 0.40781 0.412406 0.258292 0.0672362 0.448319 546.089 298564 0.960833
0.669 0.407397 0.412807 0.258205 0.0671913 0.44918 546.106 298584 0.962275
0.668 0.406984 0.413209 0.258117 0.0671465 0.450044 546.125 298604 0.963727
0.667 0.40657 0.413615 0.25803 0.0671018 0.45091 546.143 298624 0.96519
0.666 0.406157 0.414022 0.257943 0.0670572 0.451779 546.162 298644 0.966664
0.665 0.405742 0.414431 0.257857 0.0670127 0.45265 546.18 298665 0.968149
0.664 0.405328 0.414843 0.25777 0.0669684 0.453523 546.2 298686 0.969645
0.663 0.404913 0.415256 0.257684 0.0669242 0.454399 546.219 298707 0.971151
0.662 0.404497 0.415672 0.257598 0.0668802 0.455277 546.239 298728 0.972669
0.661 0.404081 0.41609 0.257513 0.0668362 0.456157 546.259 298750 0.974197
0.66 0.403665 0.41651 0.257427 0.0667925 0.45704 546.279 298773 0.975736
0.659 0.403248 0.416932 0.257342 0.0667488 0.457924 546.3 298795 0.977287
0.658 0.402831 0.417357 0.257257 0.0667053 0.458811 546.321 298818 0.978849
0.657 0.402413 0.417783 0.257172 0.0666619 0.4597 546.342 298841 0.980421
0.656 0.401995 0.418212 0.257088 0.0666187 0.460591 546.363 298865 0.982005
0.655 0.401577 0.418643 0.257004 0.0665756 0.461484 546.385 298889 0.9836
0.654 0.401158 0.419076 0.25692 0.0665327 0.462379 546.407 298913 0.985206
0.653 0.400739 0.419511 0.256836 0.06649 0.463277 546.43 298937 0.986822
0.652 0.400319 0.419948 0.256753 0.0664474 0.464176 546.452 298962 0.98845
0.651 0.399899 0.420387 0.25667 0.0664049 0.465077 546.475 298988 0.990089
0.65 0.399478 0.420828 0.256587 0.0663627 0.46598 546.499 299013 0.991739
0.649 0.399057 0.421272 0.256504 0.0663206 0.466884 546.523 299039 0.993399
0.648 0.398636 0.421717 0.256422 0.0662786 0.467791 546.547 299066 0.995071
0.647 0.398214 0.422165 0.25634 0.0662369 0.4687 546.571 299093 0.996753
0.646 0.397791 0.422615 0.256259 0.0661953 0.46961 546.596 299120 0.998445
0.645 0.397369 0.423067 0.256178 0.0661539 0.470522 546.621 299148 1.00015
0.644 0.396945 0.423521 0.256097 0.0661127 0.471436 546.647 299176 1.00186
0.643 0.396522 0.423977 0.256016 0.0660717 0.472352 546.673 299204 1.00359
0.642 0.396097 0.424435 0.255936 0.0660308 0.47327 546.699 299233 1.00532
0.641 0.395673 0.424895 0.255856 0.0659902 0.47419 546.726 299262 1.00706
0.64 0.395248 0.425357 0.255777 0.0659498 0.475111 546.753 299292 1.00882
0.639 0.394822 0.425821 0.255698 0.0659096 0.476034 546.781 299322 1.01058
0.638 0.394396 0.426288 0.255619 0.0658695 0.476959 546.809 299353 1.01235
0.637 0.393969 0.426756 0.255541 0.0658297 0.477886 546.837 299384 1.01414
0.636 0.393542 0.427227 0.255463 0.0657902 0.478815 546.866 299416 1.01593
0.635 0.393115 0.427699 0.255386 0.0657508 0.479746 546.895 299448 1.01773
0.634 0.392687 0.428174 0.255309 0.0657116 0.480679 546.925 299480 1.01954
0.633 0.392259 0.42865 0.255232 0.0656727 0.481614 546.955 299513 1.02136
0.632 0.39183 0.429129 0.255156 0.065634 0.48255 546.985 299547 1.02318
0.631 0.391401 0.42961 0.25508 0.0655956 0.483489 547.016 299581 1.02502
0.63 0.390971 0.430093 0.255005 0.0655574 0.48443 547.048 299615 1.02686
0.629 0.39054 0.430578 0.25493 0.0655194 0.485373 547.08 299650 1.02871
0.628 0.39011 0.431065 0.254856 0.0654817 0.486318 547.112 299686 1.03057
0.627 0.389678 0.431554 0.254782 0.0654443 0.487266 547.145 299722 1.03243
0.626 0.389247 0.432045 0.254709 0.0654071 0.488216 547.178 299758 1.0343
0.625 0.388814 0.432539 0.254636 0.0653701 0.489169 547.212 299795 1.03618
0.624 0.388382 0.433034 0.254563 0.0653334 0.490124 547.246 299833 1.03807
0.623 0.387948 0.433532 0.254491 0.065297 0.491081 547.281 299871 1.03996
0.622 0.387515 0.434031 0.25442 0.0652609 0.492042 547.316 299910 1.04186
0.621 0.38708 0.434533 0.254349 0.065225 0.493005 547.352 299949 1.04376
0.62 0.386646 0.435037 0.254279 0.0651895 0.493971 547.389 299989 1.04567
0.619 0.38621 0.435543 0.254209 0.0651542 0.494941 547.425 300030 1.04758
0.618 0.385774 0.436051 0.25414 0.0651192 0.495913 547.463 300071 1.0495
0.617 0.385338 0.436561 0.254071 0.0650845 0.496889 547.501 300112 1.05142
0.616 0.384901 0.437074 0.254003 0.0650501 0.497868 547.539 300154 1.05335
0.615 0.384464 0.437589 0.253936 0.065016 0.498851 547.578 300197 1.05528
0.614 0.384026 0.438105 0.253869 0.0649822 0.499837 547.618 300241 1.05721
0.613 0.383588 0.438624 0.253802 0.0649487 0.500828 547.658 300285 1.05915
0.612 0.383149 0.439145 0.253737 0.0649155 0.501822 547.699 300329 1.06109
0.611 0.38271 0.439669 0.253672 0.0648827 0.502821 547.74 300375 1.06304
0.61 0.38227 0.440194 0.253607 0.0648501 0.503824 547.782 300421 1.06499
0.609 0.381829 0.440722 0.253543 0.0648179 0.504831 547.824 300467 1.06694
0.608 0.381389 0.441251 0.25348 0.064786 0.505844 547.867 300514 1.06889
0.607 0.380947 0.441783 0.253417 0.0647544 0.506861 547.91 300562 1.07085
0.606 0.380505 0.442317 0.253355 0.0647232 0.507883 547.955 300610 1.07281
0.605 0.380062 0.442853 0.253294 0.0646923 0.50891 547.999 300660 1.07477
0.604 0.379619 0.443392 0.253233 0.0646617 0.509943 548.045 300709 1.07673
0.603 0.379176 0.443932 0.253173 0.0646315 0.510982 548.091 300760 1.07869
0.602 0.378732 0.444475 0.253114 0.0646017 0.512026 548.137 300811 1.08066
0.601 0.378287 0.44502 0.253055 0.0645721 0.513077 548.184 300863 1.08263
0.6 0.377842 0.445566 0.252997 0.064543 0.514134 548.232 300915 1.08459
0.599 0.377396 0.446115 0.252939 0.0645141 0.515197 548.28 300968 1.08656
0.598 0.37695 0.446666 0.252883 0.0644857 0.516267 548.329 301022 1.08853
0.597 0.376503 0.447219 0.252827 0.0644576 0.517344 548.379 301076 1.09051
0.596 0.376055 0.447774 0.252771 0.0644298 0.518427 548.429 301132 1.09248
0.595 0.375607 0.448331 0.252717 0.0644024 0.519519 548.48 301187 1.09446
0.594 0.375159 0.448889 0.252663 0.0643754 0.520618 548.531 301244 1.09643
0.593 0.374709 0.44945 0.25261 0.0643487 0.521724 548.583 301301 1.09841
0.592 0.37426 0.450013 0.252557 0.0643224 0.522839 548.636 301359 1.10039
0.591 0.373809 0.450577 0.252505 0.0642965 0.523961 548.689 301418 1.10237
0.59 0.373359 0.451143 0.252454 0.0642709 0.525093 548.743 301477 1.10435
0.589 0.372907 0.451711 0.252404 0.0642457 0.526232 548.798 301537 1.10634
0.588 0.372455 0.45228 0.252354 0.0642209 0.527381 548.853 301598 1.10832
0.587 0.372003 0.452852 0.252305 0.0641965 0.528539 548.909 301659 1.11031
0.586 0.37155 0.453424 0.252257 0.0641724 0.529705 548.966 301721 1.1123
0.585 0.371096 0.453998 0.252209 0.0641487 0.530882 549.023 301784 1.1143
0.584 0.370642 0.454574 0.252162 0.0641254 0.532068 549.081 301848 1.11629
0.583 0.370187 0.455151 0.252116 0.0641024 0.533264 549.139 301912 1.11829
0.582 0.369731 0.45573 0.252071 0.0640799 0.53447 549.198 301977 1.1203
0.581 0.369275 0.45631 0.252027 0.0640577 0.535686 549.258 302043 1.12231
0.58 0.368819 0.456891 0.251983 0.0640359 0.536913 549.319 302109 1.12432
0.579 0.368362 0.457473 0.25194 0.0640145 0.53815 549.38 302176 1.12633
0.578 0.367904 0.458056 0.251897 0.0639934 0.539398 549.441 302244 1.12836
0.577 0.367446 0.458641 0.251856 0.0639728 0.540658 549.504 302313 1.13038
0.576 0.366987 0.459226 0.251815 0.0639525 0.541928 549.567 302382 1.13242
0.575 0.366527 0.459813 0.251774 0.0639326 0.54321 549.631 302452 1.13446
0.574 0.366067 0.460401 0.251735 0.0639131 0.544503 549.695 302523 1.1365
0.573 0.365606 0.460989 0.251696 0.063894 0.545807 549.76 302595 1.13855
0.572 0.365145 0.461579 0.251658 0.0638753 0.547124 549.826 302667 1.14062
0.571 0.364683 0.462169 0.251621 0.063857 0.548452 549.892 302740 1.14268
0.57 0.364221 0.46276 0.251585 0.063839 0.549793 549.959 302814 1.14476
0.569 0.363758 0.463352 0.251549 0.0638215 0.551145 550.027 302888 1.14685
0.568 0.363294 0.463945 0.251514 0.0638043 0.55251 550.095 302964 1.14895
0.567 0.36283 0.464539 0.25148 0.0637876 0.553887 550.164 303040 1.15105
0.566 0.362365 0.465134 0.251447 0.0637712 0.555277 550.234 303117 1.15317
0.565 0.3619 0.46573 0.251414 0.0637552 0.556679 550.305 303194 1.1553
0.564 0.361433 0.466326 0.251383 0.0637396 0.558094 550.376 303273 1.15744
0.563 0.360967 0.466924 0.251352 0.0637245 0.559521 550.447 303352 1.1596
0.562 0.3605 0.467522 0.251321 0.0637097 0.560962 550.52 303432 1.16176
0.561 0.360032 0.468122 0.251292 0.0636953 0.562415 550.593 303512 1.16394
0.56 0.359563 0.468723 0.251263 0.0636814 0.56388 550.667 303594 1.16614
0.559 0.359094 0.469325 0.251235 0.0636678 0.565359 550.742 303676 1.16834
0.558 0.358625 0.469929 0.251208 0.0636546 0.566851 550.817 303759 1.17057
0.557 0.358154 0.470534 0.251182 0.0636419 0.568355 550.893 303843 1.17281
0.556 0.357684 0.471141 0.251156 0.0636296 0.569872 550.97 303928 1.17506
0.555 0.357212 0.47175 0.251132 0.0636177 0.571402 551.047 304013 1.17733
0.554 0.35674 0.472361 0.251108 0.0636062 0.572945 551.126 304100 1.17962
0.553 0.356267 0.472974 0.251085 0.0635951 0.574501 551.205 304187 1.18192
0.552 0.355794 0.473589 0.251063 0.0635845 0.57607 551.284 304275 1.18424
0.551 0.35532 0.474207 0.251041 0.0635743 0.577651 551.365 304364 1.18658
0.55 0.354845 0.474828 0.251021 0.0635645 0.579245 551.446 304453 1.18894
0.549 0.35437 0.475452 0.251001 0.0635552 0.580852 551.528 304544 1.19131
0.548 0.353894 0.476079 0.250982 0.0635463 0.582471 551.611 304635 1.19371
0.547 0.353418 0.47671 0.250964 0.0635378 0.584103 551.694 304728 1.19612
0.546 0.352941 0.477345 0.250947 0.0635298 0.585748 551.779 304821 1.19855
0.545 0.352463 0.477984 0.250931 0.0635223 0.587405 551.864 304915 1.20101
0.544 0.351985 0.478628 0.250916 0.0635152 0.589074 551.95 305010 1.20348
0.543 0.351506 0.479276 0.250902 0.0635086 0.590755 552.037 305106 1.20597
0.542 0.351026 0.479929 0.250888 0.0635025 0.592448 552.124 305203 1.20848
0.541 0.350546 0.480588 0.250876 0.0634969 0.594154 552.213 305301 1.21102
0.54 0.350065 0.481253 0.250865 0.0634917 0.595871 552.302 305400 1.21357
0.539 0.349583 0.481924 0.250854 0.063487 0.5976 552.392 305499 1.21614
0.538 0.349101 0.482602 0.250845 0.0634829 0.599341 552.483 305600 1.21874
0.537 0.348618 0.483286 0.250836 0.0634792 0.601094 552.575 305702 1.22135
0.536 0.348134 0.483978 0.250829 0.0634761 0.602858 552.668 305805 1.22399
0.535 0.34765 0.484677 0.250822 0.0634734 0.604634 552.762 305909 1.22664
0.534 0.347165 0.485384 0.250817 0.0634714 0.606421 552.857 306014 1.22932
0.533 0.346679 0.4861 0.250813 0.0634698 0.60822 552.953 306120 1.23202
0.532 0.346193 0.486825 0.250809 0.0634688 0.61003 553.049 306227 1.23474
0.531 0.345705 0.487558 0.250807 0.0634684 0.611851 553.147 306335 1.23748
0.53 0.345217 0.488301 0.250806 0.0634685 0.613683 553.246 306444 1.24024
0.529 0.344729 0.489054 0.250806 0.0634692 0.615527 553.345 306555 1.24302
0.528 0.344239 0.489817 0.250808 0.0634705 0.617382 553.446 306666 1.24583
0.527 0.343749 0.49059 0.25081 0.0634724 0.619247 553.548 306779 1.24865
0.526 0.343258 0.491374 0.250814 0.0634749 0.621124 553.65 306893 1.2515
0.525 0.342766 0.492169 0.250819 0.063478 0.623013 553.754 307008 1.25436
0.524 0.342274 0.492975 0.250825 0.0634817 0.624912 553.859 307125 1.25725
0.523 0.34178 0.493793 0.250832 0.0634861 0.626823 553.965 307242 1.26017
0.522 0.341286 0.494623 0.250841 0.0634911 0.628745 554.072 307361 1.2631
0.521 0.340791 0.495464 0.250851 0.0634968 0.630678 554.181 307482 1.26606
0.52 0.340295 0.496318 0.250863 0.0635032 0.632623 554.29 307603 1.26903
0.519 0.339798 0.497184 0.250875 0.0635102 0.63458 554.401 307726 1.27203
0.518 0.3393 0.498063 0.25089 0.063518 0.636548 554.512 307850 1.27506
0.517 0.338802 0.498954 0.250905 0.0635265 0.638529 554.626 307976 1.27811
0.516 0.338302 0.499858 0.250922 0.0635357 0.640522 554.74 308103 1.28118
0.515 0.337802 0.500775 0.250941 0.0635456 0.642527 554.855 308231 1.28427
0.514 0.337301 0.501705 0.25096 0.0635563 0.644545 554.972 308361 1.28739
0.513 0.336799 0.502648 0.250982 0.0635678 0.646576 555.09 308493 1.29054
0.512 0.336295 0.503604 0.251005 0.06358 0.648621 555.21 308626 1.29371
0.511 0.335791 0.504573 0.25103 0.0635931 0.650679 555.331 308760 1.29691
0.51 0.335286 0.505555 0.251056 0.063607 0.652751 555.453 308896 1.30014
0.509 0.33478 0.50655 0.251084 0.0636216 0.654838 555.576 309034 1.30339
0.508 0.334273 0.507558 0.251113 0.0636372 0.656939 555.701 309173 1.30668
0.507 0.333765 0.508578 0.251144 0.0636536 0.659056 555.828 309314 1.30999
0.506 0.333256 0.509612 0.251177 0.0636708 0.661188 555.955 309456 1.31334
0.505 0.332746 0.510658 0.251212 0.063689 0.663337 556.085 309600 1.31671
0.504 0.332235 0.511716 0.251248 0.0637081 0.665502 556.216 309746 1.32012
0.503 0.331722 0.512788 0.251287 0.0637281 0.667685 556.348 309893 1.32357
0.502 0.331209 0.513871 0.251327 0.063749 0.669886 556.482 310043 1.32704
0.501 0.330694 0.514967 0.251369 0.0637709 0.672105 556.617 310194 1.33056
0.5 0.330179 0.516075 0.251413 0.0637938 0.674342 556.754 310347 1.33411
0.499 0.329662 0.517194 0.251459 0.0638176 0.6766 556.893 310501 1.3377
0.498 0.329144 0.518326 0.251507 0.0638425 0.678878 557.033 310658 1.34133
0.497 0.328626 0.51947 0.251556 0.0638684 0.681176 557.175 310816 1.34501
0.496 0.328106 0.520625 0.251608 0.0638953 0.683496 557.319 310977 1.34872
0.495 0.327584 0.521792 0.251662 0.0639233 0.685839 557.464 311139 1.35248
0.494 0.327062 0.522971 0.251718 0.0639524 0.688204 557.611 311303 1.35628
0.493 0.326538 0.524161 0.251777 0.0639826 0.690593 557.76 311470 1.36013
0.492 0.326014 0.525363 0.251837 0.0640139 0.693006 557.91 311638 1.36403
0.491 0.325488 0.526577 0.2519 0.0640464 0.695444 558.063 311809 1.36798
0.49 0.32496 0.527802 0.251965 0.06408 0.697907 558.217 311981 1.37198
0.489 0.324432 0.529039 0.252032 0.0641148 0.700397 558.373 312156 1.37603
0.488 0.323902 0.530288 0.252102 0.0641508 0.702914 558.531 312333 1.38013
0.487 0.323371 0.53155 0.252174 0.064188 0.705459 558.691 312512 1.38428
0.486 0.322839 0.532823 0.252248 0.0642264 0.708032 558.853 312694 1.38849
0.485 0.322306 0.534109 0.252325 0.0642661 0.710634 559.017 312877 1.39276
0.484 0.321771 0.535408 0.252404 0.0643071 0.713266 559.182 313063 1.39708
0.483 0.321235 0.536721 0.252486 0.0643494 0.715928 559.35 313251 1.40147
0.482 0.320697 0.538046 0.25257 0.064393 0.718621 559.52 313442 1.40591
0.481 0.320158 0.539386 0.252657 0.0644379 0.721345 559.692 313635 1.4104
0.48 0.319618 0.54074 0.252747 0.0644843 0.724102 559.867 313831 1.41496
0.479 0.319077 0.542109 0.252839 0.064532 0.726891 560.043 314029 1.41958
0.478 0.318534 0.543494 0.252934 0.0645811 0.729713 560.221 314229 1.42426
0.477 0.31799 0.544894 0.253032 0.0646316 0.732569 560.402 314433 1.42901
0.476 0.317444 0.546311 0.253132 0.0646836 0.735459 560.585 314638 1.43381
0.475 0.316897 0.547746 0.253235 0.0647371 0.738384 560.77 314847 1.43867
0.474 0.316349 0.549198 0.253342 0.0647921 0.741343 560.958 315058 1.4436
0.473 0.315799 0.550668 0.253451 0.0648486 0.744337 561.148 315271 1.44858
0.472 0.315247 0.552158 0.253563 0.0649066 0.747368 561.34 315488 1.45363
0.471 0.314694 0.553668 0.253678 0.0649662 0.750434 561.535 315707 1.45873
0.47 0.31414 0.555198 0.253796 0.0650274 0.753536 561.732 315929 1.4639
0.469 0.313584 0.556749 0.253918 0.0650902 0.756674 561.932 316154 1.46912
0.468 0.313026 0.558323 0.254042 0.0651547 0.759849 562.134 316382 1.4744
0.467 0.312467 0.559919 0.254169 0.0652208 0.763061 562.338 316613 1.47974
0.466 0.311906 0.561538 0.2543 0.0652886 0.766309 562.546 316847 1.48513
0.465 0.311344 0.563182 0.254434 0.065358 0.769594 562.756 317084 1.49057
0.464 0.31078 0.564849 0.254571 0.0654293 0.772916 562.968 317324 1.49607
0.463 0.310214 0.566542 0.254712 0.0655023 0.776275 563.183 317567 1.50161
0.462 0.309646 0.568261 0.254856 0.065577 0.779671 563.401 317813 1.50721
0.461 0.309077 0.570006 0.255004 0.0656536 0.783104 563.622 318063 1.51285
0.46 0.308506 0.571778 0.255154 0.0657319 0.786574 563.845 318315 1.51854
0.459 0.307933 0.573576 0.255309 0.0658122 0.79008 564.072 318571 1.52426
0.458 0.307359 0.575402 0.255467 0.0658943 0.793623 564.301 318831 1.53003
0.457 0.306782 0.577255 0.255628 0.0659783 0.797202 564.533 319093 1.53584
0.456 0.306204 0.579136 0.255793 0.0660642 0.800818 564.767 319359 1.54168
0.455 0.305624 0.581045 0.255962 0.066152 0.804471 565.005 319629 1.54756
0.454 0.305041 0.582981 0.256134 0.0662418 0.808159 565.246 319902 1.55347
0.453 0.304457 0.584945 0.256311 0.0663336 0.811883 565.49 320178 1.55941
0.452 0.303871 0.586937 0.256491 0.0664275 0.815644 565.737 320458 1.56537
0.451 0.303283 0.588956 0.256674 0.0665233 0.81944 565.986 320742 1.57136
0.45 0.302693 0.591002 0.256862 0.0666212 0.823272 566.239 321029 1.57737
0.449 0.302101 0.593075 0.257053 0.0667212 0.82714 566.495 321320 1.5834
0.448 0.301506 0.595173 0.257249 0.0668233 0.831043 566.755 321614 1.58945
0.447 0.30091 0.597298 0.257448 0.0669275 0.834982 567.017 321913 1.59552
0.446 0.300312 0.599447 0.257651 0.0670339 0.838956 567.283 322215 1.6016
0.445 0.299711 0.60162 0.257859 0.0671424 0.842966 567.551 322521 1.6077
0.444 0.299108 0.603817 0.25807 0.0672532 0.847012 567.823 322830 1.6138
0.443 0.298503 0.606037 0.258286 0.0673662 0.851094 568.099 323144 1.61992
0.442 0.297895 0.608279 0.258506 0.0674814 0.855213 568.377 323461 1.62605
0.441 0.297286 0.610542 0.258729 0.0675989 0.859367 568.659 323783 1.63218
0.44 0.296674 0.612825 0.258958 0.0677187 0.863558 568.945 324108 1.63832
0.439 0.29606 0.615128 0.25919 0.0678408 0.867787 569.233 324438 1.64447
0.438 0.295443 0.61745 0.259426 0.0679652 0.872053 569.526 324771 1.65063
0.437 0.294824 0.61979 0.259667 0.0680921 0.876356 569.821 325109 1.65679
0.436 0.294203 0.622147 0.259913 0.0682213 0.880699 570.12 325451 1.66296
0.435 0.293579 0.624521 0.260163 0.068353 0.885081 570.423 325797 1.66913
0.434 0.292953 0.626912 0.260417 0.0684872 0.889502 570.729 326147 1.67531
0.433 0.292325 0.629319 0.260676 0.0686238 0.893964 571.039 326501 1.68151
0.432 0.291694 0.631741 0.260939 0.068763 0.898468 571.352 326860 1.68771
0.431 0.291061 0.634179 0.261207 0.0689047 0.903015 571.669 327223 1.69392
0.43 0.290425 0.636633 0.261479 0.069049 0.907605 571.99 327590 1.70015
0.429 0.289787 0.639104 0.261757 0.069196 0.91224 572.314 327962 1.70639
0.428 0.289146 0.641591 0.262039 0.0693456 0.91692 572.642 328339 1.71265
0.427 0.288503 0.644095 0.262326 0.069498 0.921648 572.974 328720 1.71893
0.426 0.287858 0.646617 0.262617 0.0696531 0.926425 573.309 329105 1.72523
0.425 0.287209 0.649159 0.262914 0.069811 0.931251 573.649 329495 1.73155
0.424 0.286559 0.651722 0.263216 0.0699718 0.936129 573.992 329890 1.7379
0.423 0.285905 0.654308 0.263523 0.0701354 0.941061 574.34 330290 1.74429
0.422 0.285249 0.656918 0.263835 0.0703021 0.946047 574.691 330695 1.75071
0.421 0.284591 0.659556 0.264152 0.0704717 0.95109 575.047 331104 1.75717
0.42 0.28393 0.662222 0.264475 0.0706443 0.956193 575.407 331519 1.76367
0.419 0.283266 0.664921 0.264803 0.0708202 0.961356 575.77 331939 1.77021
0.418 0.282599 0.667656 0.265137 0.0709991 0.966583 576.139 332364 1.77681
0.417 0.28193 0.670428 0.265477 0.0711814 0.971875 576.511 332794 1.78346
0.416 0.281258 0.673243 0.265822 0.071367 0.977235 576.888 333229 1.79017
0.415 0.280583 0.676103 0.266173 0.071556 0.982666 577.27 333671 1.79694
0.414 0.279905 0.679013 0.26653 0.0717485 0.988171 577.656 334117 1.80379
0.413 0.279224 0.681976 0.266893 0.0719445 0.993751 578.046 334570 1.8107
0.412 0.27854 0.684997 0.267263 0.0721442 0.999411 578.442 335028 1.8177
0.411 0.277853 0.68808 0.267639 0.0723477 1.00515 578.842 335492 1.82477
0.41 0.277163 0.691229 0.268021 0.072555 1.01098 579.247 335963 1.83194
0.409 0.27647 0.694449 0.26841 0.0727662 1.0169 579.658 336439 1.8392
0.408 0.275774 0.697744 0.268806 0.0729815 1.02291 580.073 336922 1.84656
0.407 0.275074 0.701118 0.26921 0.0732009 1.02901 580.494 337412 1.85402
0.406 0.274371 0.704575 0.26962 0.0734247 1.03522 580.921 337908 1.8616
0.405 0.273664 0.70812 0.270038 0.0736528 1.04153 581.352 338411 1.86929
0.404 0.272954 0.711757 0.270463 0.0738854 1.04795 581.79 338921 1.87711
0.403 0.27224 0.715489 0.270897 0.0741227 1.05449 582.233 339438 1.88506
0.402 0.271522 0.71932 0.271338 0.0743648 1.06114 582.683 339962 1.89314
0.401 0.270801 0.723253 0.271787 0.0746117 1.06791 583.138 340495 1.90137
0.4 0.270075 0.727293 0.272245 0.0748638 1.07481 583.6 341034 1.90974
0.399 0.269345 0.731441 0.272712 0.075121 1.08185 584.068 341582 1.91828
0.398 0.268611 0.735701 0.273187 0.0753836 1.08902 584.542 342138 1.92697
0.397 0.267873 0.740075 0.273672 0.0756517 1.09633 585.023 342702 1.93584
0.396 0.267131 0.744565 0.274165 0.0759255 1.10379 585.512 343275 1.94489
0.395 0.266384 0.749175 0.274669 0.0762052 1.11141 586.007 343856 1.95413
0.394 0.265632 0.753905 0.275182 0.0764908 1.11918 586.509 344447 1.96357
0.393 0.264875 0.758758 0.275706 0.0767827 1.12712 587.019 345046 1.97321
0.392 0.264114 0.763735 0.27624 0.0770809 1.13522 587.536 345655 1.98307
0.391 0.263347 0.768839 0.276784 0.0773856 1.14351 588.061 346274 1.99315
0.39 0.262575 0.774072 0.277339 0.0776972 1.15197 588.594 346903 2.00347
0.389 0.261798 0.779436 0.277906 0.0780156 1.16063 589.135 347542 2.01403
0.388 0.261016 0.784932 0.278484 0.0783412 1.16948 589.685 348191 2.02484
0.387 0.260228 0.790564 0.279074 0.0786742 1.17852 590.243 348852 2.03592
0.386 0.259434 0.796335 0.279676 0.0790148 1.18777 590.81 349523 2.04728
0.385 0.258635 0.802247 0.280291 0.0793631 1.19724 591.386 350206 2.05893
0.384 0.257829 0.808306 0.280918 0.0797195 1.20692 591.971 350900 2.07088
0.383 0.257018 0.814514 0.281558 0.0800841 1.21683 592.565 351606 2.08313
0.382 0.2562 0.820877 0.282212 0.0804572 1.22696 593.169 352325 2.09572
0.381 0.255376 0.827402 0.282879 0.080839 1.23734 593.783 353056 2.10863
0.38 0.254545 0.834093 0.283561 0.0812299 1.24796 594.408 353800 2.1219
0.379 0.253707 0.840958 0.284257 0.0816301 1.25882 595.043 354558 2.13552
0.378 0.252863 0.848006 0.284967 0.0820398 1.26995 595.688 355329 2.14952
0.377 0.252011 0.855243 0.285693 0.0824593 1.28134 596.345 356114 2.16389
0.376 0.251152 0.862681 0.286435 0.0828891 1.29299 597.013 356914 2.17866
0.375 0.250285 0.870327 0.287193 0.0833293 1.30493 597.693 357729 2.19384
0.374 0.249411 0.878193 0.287967 0.0837803 1.31715 598.385 358560 2.20942
0.373 0.248528 0.886289 0.288758 0.0842424 1.32966 599.09 359406 2.22543
0.372 0.247638 0.894626 0.289567 0.0847161 1.34248 599.807 360269 2.24187
0.371 0.246739 0.903215 0.290394 0.0852017 1.3556 600.537 361149 2.25875
0.37 0.245831 0.912069 0.291239 0.0856995 1.36904 601.281 362046 2.27607
0.369 0.244915 0.921198 0.292103 0.0862101 1.38281 602.039 362961 2.29384
0.368 0.243989 0.930614 0.292987 0.0867337 1.39691 602.812 363895 2.31206
0.367 0.243053 0.940329 0.293891 0.0872709 1.41135 603.599 364848 2.33074
0.366 0.242108 0.950352 0.294815 0.0878222 1.42615 604.401 365821 2.34988
0.365 0.241152 0.960695 0.295761 0.0883879 1.44132 605.219 366814 2.36947
0.364 0.240186 0.971367 0.296729 0.0889687 1.45685 606.054 367828 2.38952
0.363 0.239209 0.982379 0.297719 0.089565 1.47278 606.905 368864 2.41003
0.362 0.238221 0.993738 0.298733 0.0901775 1.4891 607.773 369923 2.43098
0.361 0.237222 1.00545 0.299771 0.0908065 1.50583 608.659 371004 2.45239
0.36 0.23621 1.01753 0.300834 0.0914529 1.52298 609.563 372110 2.47425
0.359 0.235187 1.02999 0.301922 0.0921171 1.54056 610.486 373240 2.49655
0.358 0.23415 1.04282 0.303037 0.0927999 1.5586 611.428 374395 2.5193
0.357 0.233101 1.05604 0.304178 0.0935018 1.5771 612.39 375577 2.54248
0.356 0.232038 1.06965 0.305348 0.0942237 1.59608 613.372 376785 2.56611
0.355 0.230962 1.08367 0.306546 0.0949661 1.61555 614.375 378022 2.59019
0.354 0.229871 1.0981 0.307774 0.0957299 1.63554 615.4 379287 2.61471
0.353 0.228766 1.11295 0.309032 0.0965158 1.65606 616.447 380581 2.63968
0.352 0.227645 1.12823 0.310322 0.0973247 1.67714 617.517 381906 2.66513
0.351 0.226509 1.14397 0.311644 0.0981574 1.6988 618.61 383262 2.69105
0.35 0.225357 1.16016 0.313 0.0990149 1.72105 619.727 384651 2.71748
0.349 0.224189 1.17684 0.31439 0.0998979 1.74394 620.869 386073 2.74443
0.348 0.223003 1.19403 0.315816 0.100808 1.76748 622.037 387529 2.77194
0.347 0.2218 1.21174 0.317279 0.101745 1.79172 623.23 389022 2.80004
0.346 0.22058 1.23002 0.318779 0.102711 1.81668 624.451 390550 2.82878
0.345 0.21934 1.24888 0.320318 0.103707 1.8424 625.7 392117 2.85819
0.344 0.218082 1.26839 0.321898 0.104735 1.86894 626.978 393724 2.88833
0.343 0.216803 1.28857 0.32352 0.105795 1.89633 628.285 395371 2.91927
0.342 0.215504 1.30948 0.325186 0.106889 1.92464 629.623 397061 2.95107
0.341 0.214184 1.33119 0.326896 0.108018 1.95392 630.994 398795 2.98381
0.34 0.212841 1.35376 0.328654 0.109184 1.98423 632.397 400575 3.01757
0.339 0.211476 1.37727 0.33046 0.11039 2.01566 633.835 402403 3.05245
0.338 0.210086 1.4018 0.332317 0.111636 2.04828 635.309 404281 3.08853
0.337 0.208672 1.42745 0.334226 0.112926 2.08218 636.82 406211 3.12594
0.336 0.207231 1.45434 0.336192 0.11426 2.11746 638.371 408196 3.1648
0.335 0.205762 1.48259 0.338215 0.115642 2.15424 639.962 410239 3.20522
0.334 0.204265 1.51235 0.340299 0.117075 2.19262 641.596 412342 3.24735
0.333 0.202737 1.54376 0.342447 0.118561 2.23275 643.276 414509 3.29135
0.332 0.201176 1.577 0.344662 0.120103 2.27477 645.003 416743 3.33738
0.331 0.199581 1.61227 0.346948 0.121706 2.31884 646.78 419049 3.38562
0.33 0.19795 1.64977 0.34931 0.123372 2.36513 648.609 421430 3.43626
0.329 0.19628 1.68976 0.35175 0.125107 2.41383 650.495 423891 3.4895
0.328 0.194569 1.73248 0.354275 0.126915 2.46514 652.44 426437 3.54558
0.327 0.192814 1.77822 0.356889 0.1288 2.51928 654.449 429074 3.60472
0.326 0.191011 1.82729 0.359599 0.13077 2.5765 656.524 431809 3.66717
0.325 0.189158 1.88001 0.36241 0.132829 2.63705 658.671 434647 3.73319
0.324 0.187249 1.93674 0.36533 0.134985 2.70119 660.895 437596 3.80303
0.323 0.185282 1.99787 0.368365 0.137246 2.76921 663.2 440665 3.87699
0.322 0.183251 2.06379 0.371524 0.139619 2.84141 665.593 443862 3.9553
0.321 0.181152 2.13494 0.374816 0.142113 2.91811 668.079 447196 4.03825
0.32 0.178979 2.21175 0.37825 0.144739 2.99964 670.666 450679 4.12608
0.319 0.176726 2.2947 0.381836 0.147508 3.08633 673.36 454320 4.21902
0.318 0.174387 2.3843 0.385586 0.150431 3.17853 676.17 458134 4.31728
0.317 0.171955 2.48109 0.389511 0.153522 3.27662 679.103 462133 4.42107
0.316 0.169423 2.58569 0.393625 0.156795 3.38098 682.169 466331 4.53059
0.315 0.166781 2.69877 0.39794 0.160266 3.49204 685.376 470744 4.64602
0.314 0.164022 2.82116 0.402474 0.163953 3.61027 688.736 475389 4.76761
0.313 0.161136 2.95385 0.407241 0.167875 3.73623 692.26 480285 4.89565
0.312 0.158111 3.09807 0.41226 0.172055 3.87059 695.96 485452 5.03056
0.311 0.154935 3.25537 0.417551 0.176516 4.01414 699.849 490914 5.17288
0.31 0.151596 3.42771 0.423138 0.181289 4.16788 703.943 496698 5.32335
0.309 0.148075 3.61752 0.429045 0.186404 4.33295 708.26 502833 5.48286
0.308 0.144354 3.82778 0.435303 0.1919 4.51068 712.82 509353 5.65242
0.307 0.140412 4.06196 0.441944 0.197821 4.70245 717.645 516299 5.833
0.306 0.136222 4.32393 0.449009 0.204217 4.90954 722.761 523717 6.0253
0.305 0.131754 4.61771 0.456539 0.211146 5.1328 728.199 531657 6.22932
0.304 0.126975 4.94698 0.464582 0.218672 5.37223 733.989 540178 6.44381
0.303 0.121847 5.31435 0.473187 0.226866 5.62628 740.165 549339 6.66562
0.302 0.116333 5.72044 0.482403 0.235801 5.89124 746.759 559202 6.88903
0.301 0.110394 6.16274 0.492272 0.245551 6.16047 753.798 569823 7.10519
0.3 0.103998 6.63459 0.502825 0.256178 6.42404 761.3 581246 7.30204
0.299 0.0971191 7.12453 0.514072 0.267732 6.6688 769.271 593495 7.46494
0.298 0.0897479 7.61636 0.525999 0.280234 6.87932 777.695 606565 7.57812
0.297 0.081892 8.09034 0.538557 0.293673 7.03961 786.534 620418 7.62688
0.296 0.0735799 8.52529 0.551663 0.307999 7.13546 795.729 634975 7.60012
0.295 0.0648607 8.90129 0.565206 0.323123 7.15675 805.198 650124 7.49232
0.294 0.0558019 9.20208 0.579046 0.338918 7.09894 814.843 665720 7.30445
0.293 0.0464847 9.41675 0.593032 0.355229 6.96349 824.558 681598 7.04349
0.292 0.0369982 9.5403 0.607006 0.371882 6.7572 834.234 697584 6.72099
0.291 0.0274335 9.57348 0.620821 0.388698 6.49094 843.769 713506 6.35138
0.29 0.0178787 9.52217 0.634342 0.4055 6.17832 853.072 729204 5.95037
0.289 0.0084133 9.39661 0.647456 0.422126 5.83435 862.067 744538 5.53378
0.288 -0.000894793 9.21021 0.660077 0.438439 5.4742 870.696 759394 5.1164
0.287 -0.00999228 8.97818 0.672149 0.454331 5.11189 878.922 773693 4.71102
0.286 -0.0188413 8.71589 0.68364 0.469727 4.75911 886.727 787383 4.32758
0.285 -0.0274187 8.43728 0.694545 0.484582 4.42443 894.11 800445 3.97266
0.284 -0.0357141 8.15379 0.704875 0.498877 4.11304 901.081 812880 3.64956
0.283 -0.0437272 7.87366 0.714655 0.512612 3.82704 907.659 824708 3.3587
0.282 -0.051464 7.60179 0.723917 0.525802 3.56609 913.87 835958 3.09838
0.281 -0.058934 7.34017 0.732693 0.538463 3.32828 919.739 846661 2.86557
0.28 -0.0661475 7.08858 0.741015 0.550616 3.11091 925.29 856850 2.6567
0.279 -0.0731138 6.8457 0.748911 0.562277 2.91126 930.543 866551 2.46828
0.278 -0.079841 6.61015 0.756404 0.573464 2.72707 935.517 875790 2.29735
0.277 -0.0863361 6.38132 0.763517 0.584189 2.55683 940.229 884588 2.14166
0.276 -0.0926058 6.15977 0.770271 0.594467 2.3997 944.692 892964 1.99973
0.275 -0.0986582 5.94709 0.776685 0.604317 2.25535 948.922 900941 1.87061
0.274 -0.104503 5.74538 0.782784 0.613761 2.1236 952.934 908542 1.75364
0.273 -0.110153 5.55655 0.78859 0.622824 2.00417 956.745 915792 1.64819
0.272 -0.115621 5.38179 0.794129 0.631536 1.89645 960.371 922719 1.55353
0.271 -0.120921 5.22122 0.799425 0.639926 1.79948 963.829 929350 1.46869
0.27 -0.126067 5.07387 0.8045 0.648022 1.71195 967.134 935712 1.39252
0.269 -0.131072 4.93797 0.809374 0.655849 1.6324 970.3 941828 1.3238
0.268 -0.135945 4.81134 0.814064 0.663426 1.55936 973.339 947717 1.2613
0.267 -0.140696 4.69184 0.818583 0.67077 1.49152 976.26 953397 1.20394
0.266 -0.145331 4.57771 0.822941 0.677892 1.42787 979.07 958878 1.15084
0.265 -0.149853 4.46787 0.827146 0.6848 1.36768 981.776 964170 1.10134
0.264 -0.154267 4.36192 0.831204 0.691501 1.31057 984.382 969283 1.05504
0.263 -0.158578 4.26008 0.835122 0.698002 1.25639 986.894 974222 1.01172
0.262 -0.162789 4.16299 0.838906 0.704311 1.20518 989.316 978997 0.971284
0.261 -0.166905 4.07142 0.842562 0.710436 1.15703 991.652 983616 0.933711
0.26 -0.170933 3.98614 0.8461 0.716387 1.11206 993.909 988087 0.898978
0.259 -0.17488 3.90769 0.849526 0.722175 1.0703 996.092 992423 0.867035
0.258 -0.178751 3.83632 0.85285 0.727814 1.03174 998.206 996632 0.837785
0.257 -0.182555 3.772 0.856079 0.733316 0.996241 1000.26 1.00073e+06 0.811083
0.256 -0.186297 3.7144 0.859224 0.738694 0.963627 1002.25 1.00472e+06 0.786743
0.255 -0.189985 3.66293 0.862291 0.743959 0.933646 1004.2 1.00861e+06 0.764551
0.254 -0.193625 3.61677 0.865287 0.749122 0.906008 1006.1 1.01242e+06 0.744274
0.253 -0.19722 3.57487 0.86822 0.754192 0.880394 1007.96 1.01616e+06 0.725662
0.252 -0.200776 3.536 0.871092 0.759177 0.856465 1009.77 1.01982e+06 0.708453
0.251 -0.204293 3.49884 0.87391 0.764082 0.833878 1011.56 1.02342e+06 0.69238
0.25 -0.207773 3.46204 0.876674 0.76891 0.812301 1013.31 1.02696e+06 0.677182
0.249 -0.211216 3.4244 0.879387 0.773663 0.79143 1015.02 1.03044e+06 0.662618
0.248 -0.214621 3.38501 0.882048 0.778341 0.771012 1016.71 1.03386e+06 0.648488
0.247 -0.217985 3.34335 0.884657 0.782941 0.750858 1018.36 1.03721e+06 0.634644
0.246 -0.221306 3.29936 0.887214 0.78746 0.730854 1019.97 1.0405e+06 0.621006
0.245 -0.224583 3.25338 0.889716 0.791897 0.710963 1021.55 1.04372e+06 0.607556
0.244 -0.227812 3.20611 0.892163 0.796248 0.691208 1023.1 1.04688e+06 0.594336
0.243 -0.230994 3.15841 0.894555 0.800511 0.671665 1024.61 1.04997e+06 0.581423
0.242 -0.234129 3.11115 0.896891 0.804687 0.652431 1026.08 1.05298e+06 0.568912
0.241 -0.237216 3.06508 0.899172 0.808775 0.633613 1027.52 1.05593e+06 0.556895
0.24 -0.240259 3.02074 0.901399 0.812777 0.615306 1028.92 1.05881e+06 0.545446
0.239 -0.243258 2.97843 0.903575 0.816695 0.597589 1030.29 1.06163e+06 0.534606
0.238 -0.246216 2.93823 0.9057 0.820532 0.580512 1031.63 1.06438e+06 0.524384
0.237 -0.249135 2.90001 0.907777 0.82429 0.564102 1032.93 1.06708e+06 0.514752
0.236 -0.252017 2.86354 0.909807 0.827973 0.548365 1034.21 1.06972e+06 0.505656
0.235 -0.254863 2.82854 0.911792 0.831583 0.533286 1035.47 1.07231e+06 0.49702
0.234 -0.257674 2.79467 0.913735 0.835123 0.518836 1036.7 1.07486e+06 0.488755
0.233 -0.260453 2.76165 0.915636 0.838594 0.504979 1037.9 1.07735e+06 0.480773
0.232 -0.263198 2.7292 0.917498 0.842 0.491672 1039.08 1.0798e+06 0.472993
0.231 -0.265911 2.69711 0.91932 0.845341 0.478872 1040.24 1.08221e+06 0.465355
0.23 -0.268593 2.6652 0.921104 0.848619 0.466541 1041.37 1.08457e+06 0.457822
0.229 -0.271242 2.6334 0.922852 0.851836 0.454647 1042.49 1.08688e+06 0.450383
0.228 -0.27386 2.60168 0.924563 0.854993 0.443166 1043.58 1.08916e+06 0.443056
0.227 -0.276446 2.5701 0.92624 0.858091 0.432082 1044.65 1.09139e+06 0.435877
0.226 -0.279001 2.53878 0.927882 0.861131 0.421383 1045.7 1.09358e+06 0.428892
0.225 -0.281524 2.50792 0.929491 0.864115 0.411061 1046.72 1.09573e+06 0.42215
0.224 -0.284017 2.47769 0.931069 0.867045 0.401103 1047.73 1.09784e+06 0.415683
0.223 -0.28648 2.4483 0.932615 0.869922 0.391492 1048.72 1.09992e+06 0.409507
0.222 -0.288914 2.41991 0.934131 0.872749 0.382203 1049.7 1.10196e+06 0.403612
0.221 -0.291321 2.39263 0.935619 0.875526 0.373202 1050.65 1.10396e+06 0.397965
0.22 -0.2937 2.36655 0.937079 0.878257 0.364455 1051.59 1.10594e+06 0.392517
0.219 -0.296055 2.34169 0.938513 0.880942 0.355925 1052.52 1.10788e+06 0.387212
0.218 -0.298385 2.31808 0.939921 0.883583 0.347581 1053.43 1.1098e+06 0.381998
0.217 -0.300692 2.29571 0.941304 0.88618 0.339402 1054.33 1.11169e+06 0.376837
0.216 -0.302978 2.27461 0.942662 0.888736 0.331377 1055.21 1.11355e+06 0.371714
0.215 -0.305243 2.25481 0.943997 0.891251 0.323509 1056.08 1.11538e+06 0.366642
0.214 -0.307489 2.23633 0.945309 0.893727 0.315808 1056.93 1.11719e+06 0.361652
0.213 -0.309718 2.21916 0.9466 0.896165 0.30829 1057.77 1.11897e+06 0.356794
0.212 -0.31193 2.20323 0.947869 0.898565 0.300969 1058.6 1.12072e+06 0.352121
0.211 -0.314127 2.18835 0.949117 0.900931 0.293854 1059.42 1.12245e+06 0.347684
0.21 -0.31631 2.17422 0.950345 0.903261 0.286942 1060.23 1.12416e+06 0.343517
0.209 -0.318479 2.1604 0.951555 0.905558 0.280222 1061.02 1.12584e+06 0.339635
0.208 -0.320634 2.14641 0.952745 0.907821 0.273672 1061.81 1.12751e+06 0.336029
0.207 -0.322775 2.13169 0.953916 0.910051 0.267264 1062.58 1.12915e+06 0.332671
0.206 -0.3249 2.11577 0.955067 0.912246 0.260971 1063.34 1.13077e+06 0.329516
0.205 -0.327009 2.09829 0.956198 0.914406 0.254769 1064.1 1.13237e+06 0.326512
0.204 -0.329099 2.07911 0.957309 0.916528 0.248642 1064.84 1.13395e+06 0.323606
0.203 -0.331169 2.05827 0.958398 0.918612 0.242587 1065.57 1.13551e+06 0.320752
0.202 -0.333218 2.03607 0.959465 0.920657 0.236608 1066.29 1.13704e+06 0.317912
0.201 -0.335244 2.01296 0.96051 0.92266 0.230721 1067 1.13855e+06 0.315065
0.2 -0.337246 1.98954 0.961532 0.924622 0.224944 1067.7 1.14004e+06 0.312202
0.199 -0.339224 1.9664 0.962532 0.926543 0.219294 1068.38 1.1415e+06 0.309327
0.198 -0.341179 1.94412 0.963509 0.928424 0.213787 1069.05 1.14294e+06 0.306456
0.197 -0.343113 1.92316 0.964465 0.930265 0.208433 1069.72 1.14436e+06 0.303614
0.196 -0.345026 1.90381 0.965401 0.932068 0.203231 1070.37 1.14575e+06 0.30083
0.195 -0.34692 1.8862 0.966317 0.933836 0.198178 1071.01 1.14712e+06 0.298136
0.194 -0.348797 1.87027 0.967214 0.935568 0.193262 1071.64 1.14847e+06 0.295561
0.193 -0.350659 1.85581 0.968093 0.937268 0.188468 1072.26 1.1498e+06 0.293132
0.192 -0.352507 1.84246 0.968955 0.938936 0.183782 1072.87 1.15111e+06 0.290866
0.191 -0.354341 1.82982 0.969801 0.940572 0.179189 1073.48 1.15241e+06 0.288776
0.19 -0.356164 1.81746 0.970629 0.942179 0.174678 1074.07 1.15369e+06 0.286863
0.189 -0.357973 1.80501 0.971442 0.943756 0.170244 1074.66 1.15496e+06 0.285125
0.188 -0.35977 1.79218 0.972239 0.945303 0.165881 1075.25 1.15621e+06 0.283554
0.187 -0.361555 1.77883 0.97302 0.94682 0.16159 1075.82 1.15745e+06 0.282137
0.186 -0.363325 1.76498 0.973785 0.948307 0.157374 1076.39 1.15867e+06 0.280862
0.185 -0.365082 1.75074 0.974533 0.949765 0.153236 1076.95 1.15988e+06 0.279715
0.184 -0.366825 1.73634 0.975267 0.951193 0.149177 1077.51 1.16107e+06 0.278679
0.183 -0.368554 1.72204 0.975985 0.952592 0.145199 1078.05 1.16225e+06 0.27774
0.182 -0.370269 1.70808 0.976688 0.953963 0.141298 1078.59 1.16341e+06 0.276882
0.181 -0.37197 1.69462 0.977376 0.955307 0.13747 1079.12 1.16456e+06 0.276092
0.18 -0.373658 1.68171 0.978051 0.956625 0.133708 1079.65 1.1657e+06 0.275356
0.179 -0.375334 1.66929 0.978712 0.957917 0.130005 1080.17 1.16682e+06 0.274666
0.178 -0.376998 1.65719 0.97936 0.959184 0.126355 1080.68 1.16793e+06 0.274019
0.177 -0.37865 1.64518 0.979995 0.960427 0.122751 1081.19 1.16903e+06 0.273417
0.176 -0.380291 1.633 0.980617 0.961645 0.11919 1081.69 1.17011e+06 0.272863
0.175 -0.381919 1.62046 0.981226 0.96284 0.115673 1082.19 1.17119e+06 0.272365
0.174 -0.383534 1.60743 0.981822 0.964009 0.112204 1082.68 1.17225e+06 0.27193
0.173 -0.385136 1.59389 0.982406 0.965154 0.108791 1083.16 1.1733e+06 0.271556
0.172 -0.386724 1.57995 0.982976 0.966274 0.105444 1083.64 1.17433e+06 0.271238
0.171 -0.388298 1.56584 0.983534 0.967369 0.102174 1084.11 1.17535e+06 0.270956
0.17 -0.389857 1.55185 0.984078 0.968439 0.0989919 1084.57 1.17635e+06 0.27068
0.169 -0.391403 1.53833 0.984609 0.969484 0.0959089 1085.03 1.17734e+06 0.270363
0.168 -0.392935 1.52561 0.985128 0.970505 0.0929316 1085.48 1.17831e+06 0.269951
0.167 -0.394455 1.51395 0.985635 0.971503 0.0900629 1085.92 1.17927e+06 0.269376
0.166 -0.395963 1.5035 0.98613 0.972478 0.0873011 1086.36 1.18022e+06 0.268568
0.165 -0.397462 1.49422 0.986614 0.97343 0.0846399 1086.79 1.18115e+06 0.267461
0.164 -0.398952 1.48591 0.987086 0.974361 0.0820686 1087.21 1.18208e+06 0.265997
0.163 -0.400434 1.47821 0.987547 0.975271 0.079574 1087.63 1.18299e+06 0.26414
0.162 -0.401908 1.47062 0.987996 0.976158 0.0771421 1088.05 1.18389e+06 0.261884
0.161 -0.403374 1.46256 0.988435 0.977024 0.0747602 1088.46 1.18478e+06 0.259259
0.16 -0.404833 1.45354 0.988861 0.977866 0.0724189 1088.86 1.18566e+06 0.256336
0.159 -0.406281 1.44318 0.989275 0.978685 0.0701135 1089.26 1.18652e+06 0.253218
0.158 -0.407719 1.43135 0.989677 0.979479 0.0678445 1089.65 1.18738e+06 0.250028
0.157 -0.409145 1.4182 0.990066 0.980248 0.0656166 1090.04 1.18822e+06 0.246896
0.156 -0.410557 1.40413 0.990442 0.980992 0.0634376 1090.42 1.18905e+06 0.243935
0.155 -0.411955 1.38975 0.990806 0.981712 0.061316 1090.79 1.18987e+06 0.241226
0.154 -0.413339 1.37577 0.991157 0.982408 0.0592595 1091.16 1.19068e+06 0.238808
0.153 -0.414709 1.36287 0.991497 0.983082 0.0572728 1091.53 1.19148e+06 0.236674
0.152 -0.416067 1.35158 0.991827 0.983735 0.0553578 1091.89 1.19227e+06 0.234782
0.151 -0.417415 1.34223 0.992147 0.984369 0.053513 1092.26 1.19306e+06 0.233071
0.15 -0.418755 1.33487 0.992458 0.984985 0.0517352 1092.61 1.19384e+06 0.23148
0.149 -0.420087 1.32933 0.99276 0.985585 0.0500204 1092.97 1.19463e+06 0.229968
0.148 -0.421415 1.32528 0.993055 0.98617 0.0483654 1093.33 1.1954e+06 0.228523
0.147 -0.422739 1.32224 0.993342 0.98674 0.0467687 1093.68 1.19618e+06 0.227172
0.146 -0.42406 1.31971 0.993622 0.987296 0.0452314 1094.03 1.19694e+06 0.225976
0.145 -0.425379 1.3172 0.993895 0.987838 0.0437558 1094.38 1.19771e+06 0.22502
0.144 -0.426694 1.31428 0.994161 0.988367 0.0423454 1094.73 1.19846e+06 0.224398
0.143 -0.428006 1.3106 0.994421 0.988883 0.0410027 1095.07 1.19921e+06 0.224196
0.142 -0.429314 1.30593 0.994673 0.989385 0.0397279 1095.4 1.19995e+06 0.224476
0.141 -0.430616 1.30012 0.994919 0.989873 0.0385179 1095.74 1.20068e+06 0.22526
0.14 -0.431912 1.29315 0.995158 0.990348 0.0373659 1096.07 1.2014e+06 0.226525
0.139 -0.4332 1.28507 0.99539 0.990809 0.0362621 1096.39 1.20212e+06 0.228196
0.138 -0.434478 1.27603 0.995614 0.991256 0.0351945 1096.72 1.20282e+06 0.230152
0.137 -0.435747 1.26621 0.995831 0.991688 0.0341508 1097.04 1.20352e+06 0.232241
0.136 -0.437005 1.2558 0.99604 0.992104 0.0331197 1097.35 1.20421e+06 0.234292
0.135 -0.438251 1.24505 0.996242 0.992505 0.0320921 1097.66 1.20489e+06 0.236148
0.134 -0.439486 1.23423 0.996435 0.992889 0.0310614 1097.97 1.20557e+06 0.237686
0.133 -0.440711 1.22365 0.996619 0.993257 0.0300233 1098.27 1.20623e+06 0.238836
0.132 -0.441924 1.21371 0.996796 0.993609 0.0289743 1098.57 1.20688e+06 0.2396
0.131 -0.443128 1.20481 0.996965 0.993945 0.0279109 1098.86 1.20752e+06 0.240044
0.13 -0.444324 1.19735 0.997126 0.994266 0.026828 1099.15 1.20816e+06 0.240293
0.129 -0.445514 1.19156 0.99728 0.994573 0.0257182 1099.43 1.20878e+06 0.240502
0.128 -0.446699 1.18745 0.997427 0.994867 0.0245718 1099.71 1.20939e+06 0.240833
0.127 -0.447882 1.18472 0.997569 0.995149 0.0233779 1099.98 1.21e+06 0.241423
0.126 -0.449063 1.18279 0.997705 0.99542 0.022126 1100.26 1.2106e+06 0.242359
0.125 -0.450243 1.18087 0.997836 0.995681 0.0208094 1100.53 1.2112e+06 0.243657
0.124 -0.451421 1.17814 0.997962 0.995933 0.019428 1100.8 1.21179e+06 0.245255
0.123 -0.452596 1.17393 0.998084 0.996175 0.0179913 1101.07 1.21239e+06 0.24701
0.122 -0.453767 1.16791 0.998201 0.996408 0.0165197 1101.34 1.21298e+06 0.248709
0.121 -0.454931 1.16009 0.998312 0.996631 0.0150445 1101.61 1.21357e+06 0.250094
0.12 -0.456086 1.15085 0.998419 0.996843 0.0136053 1101.87 1.21416e+06 0.250894
0.119 -0.457232 1.14076 0.99852 0.997045 0.0122451 1102.14 1.21475e+06 0.250863
0.118 -0.458368 1.13044 0.998617 0.997237 0.0110042 1102.41 1.21533e+06 0.249824
0.117 -0.459493 1.12029 0.998708 0.997419 0.00991382 1102.67 1.21591e+06 0.247707
0.116 -0.460607 1.11046 0.998794 0.997592 0.00899032 1102.93 1.21649e+06 0.244581
0.115 -0.461711 1.10075 0.998876 0.997755 0.00823253 1103.19 1.21705e+06 0.240666
0.114 -0.462805 1.09077 0.998954 0.99791 0.00762211 1103.44 1.21761e+06 0.23632
0.113 -0.463886 1.08006 0.999028 0.998058 0.00712747 1103.69 1.21817e+06 0.231989
0.112 -0.464956 1.06837 0.999098 0.998198 0.00671009 1103.94 1.21871e+06 0.228135
0.111 -0.466012 1.05579 0.999165 0.998331 0.00633142 1104.18 1.21925e+06 0.225148
0.11 -0.467054 1.04287 0.999228 0.998457 0.00595854 1104.42 1.21978e+06 0.223262
0.109 -0.468084 1.0306 0.999288 0.998577 0.00556723 1104.66 1.2203e+06 0.222507
0.108 -0.469102 1.02038 0.999344 0.998689 0.00514216 1104.89 1.22082e+06 0.222706
0.107 -0.470113 1.01388 0.999396 0.998794 0.00467518 1105.13 1.22133e+06 0.223517
0.106 -0.471121 1.0129 0.999445 0.998891 0.00416303 1105.36 1.22185e+06 0.224518
0.105 -0.472133 1.01904 0.99949 0.99898 0.00360556 1105.59 1.22236e+06 0.225301
0.104 -0.473158 1.03328 0.99953 0.999062 0.0030052 1105.82 1.22287e+06 0.22555
0.103 -0.474203 1.05525 0.999567 0.999135 0.0023677 1106.06 1.22339e+06 0.225101
0.102 -0.475275 1.08251 0.999601 0.999202 0.00170401 1106.29 1.22391e+06 0.22395
0.101 -0.476378 1.11021 0.999631 0.999263 0.00103292 1106.54 1.22445e+06 0.222225
