1 0.402534 0.138313 0.00989271 0.000116856 0.0109384 375.63 141334 0.626333
0.99 0.40113 0.140114 0.0096684 0.000112323 0.0109642 375.507 141244 0.641191
0.98 0.399515 0.13738 0.00955052 0.000109606 0.0108108 376.007 141614 0.632691
0.97 0.398384 0.140046 0.00931502 0.000104536 0.01055 375.517 141247 0.642641
0.96 0.396669 0.139298 0.00911745 0.0001006 0.0104834 375.653 141347 0.642029
0.95 0.395517 0.137484 0.0089559 9.73211e-05 0.0103758 375.876 141516 0.65244
0.94 0.393917 0.138821 0.00873594 9.31164e-05 0.0102944 375.66 141342 0.626395
0.93 0.392757 0.136505 0.00862222 9.07802e-05 0.0101807 375.816 141459 0.633096
0.92 0.391081 0.13612 0.0084329 8.72551e-05 0.0101059 376.139 141699 0.632267
0.91 0.389609 0.138677 0.00824106 8.35173e-05 0.00987573 376.164 141718 0.637951
0.9 0.388607 0.137189 0.00804262 7.97579e-05 0.00964744 375.572 141267 0.628291
0.89 0.387092 0.14107 0.00796068 7.86921e-05 0.00991478 376.19 141737 0.650821
0.88 0.385334 0.142983 0.00778655 7.51867e-05 0.00952785 376.295 141805 0.625584
0.87 0.384424 0.141255 0.0076717 7.35397e-05 0.00972227 376.395 141879 0.628555
0.86 0.382801 0.142895 0.00746267 6.98863e-05 0.00950722 376.582 142022 0.642132
0.85 0.380991 0.140116 0.00727639 6.66287e-05 0.00927215 376.583 142017 0.631898
0.84 0.379764 0.144281 0.0071605 6.47918e-05 0.00927014 376.908 142263 0.643078
0.83 0.378193 0.144139 0.00702266 6.23283e-05 0.00902908 377.035 142355 0.63995
0.82 0.377105 0.146059 0.0068783 6.00483e-05 0.00894721 377.108 142402 0.620731
0.81 0.375345 0.148312 0.0067184 5.77173e-05 0.008946 377.403 142629 0.639935
0.8 0.373769 0.147314 0.00653134 5.48371e-05 0.00876873 377.496 142698 0.644513
0.79 0.3727 0.148444 0.00645148 5.34483e-05 0.00862303 377.688 142836 0.627327
0.78 0.371058 0.147453 0.00633776 5.20759e-05 0.00879415 378.118 143160 0.633975
0.77 0.369439 0.146779 0.00613082 4.87858e-05 0.00837734 378.154 143185 0.634869
0.76 0.368307 0.149116 0.00605278 4.79676e-05 0.00858807 378.221 143232 0.631704
0.75 0.36663 0.15154 0.00591181 4.57086e-05 0.00826299 378.584 143508 0.642178
0.74 0.365179 0.153729 0.00579601 4.42965e-05 0.00833079 378.945 143775 0.627676
0.73 0.363543 0.154954 0.0056204 4.19324e-05 0.00816142 379.125 143907 0.619484
0.72 0.362266 0.158543 0.00550486 4.03821e-05 0.00806286 379.363 144087 0.626794
0.71 0.360413 0.157149 0.005377 3.87531e-05 0.00798369 379.819 144429 0.619605
0.7 0.358733 0.161222 0.00521997 3.67353e-05 0.00780668 380.025 144588 0.632897
0.69 0.357036 0.165536 0.00508429 3.51639e-05 0.00777512 380.322 144809 0.62699
0.68 0.355816 0.16455 0.00500807 3.42377e-05 0.00775644 380.589 145012 0.633491
0.67 0.354076 0.168789 0.0049309 3.35422e-05 0.00793368 380.99 145317 0.643814
0.66 0.352387 0.170748 0.00479618 3.19821e-05 0.00783602 381.556 145748 0.648075
0.65 0.350765 0.168272 0.00471771 3.07958e-05 0.00756687 381.954 146046 0.633181
0.64 0.348649 0.172494 0.00455495 2.91114e-05 0.00752743 382.506 146467 0.640278
0.63 0.346796 0.179941 0.00444436 2.78515e-05 0.00740494 382.898 146766 0.646516
0.62 0.345236 0.183073 0.00434774 2.66686e-05 0.00721461 383.335 147098 0.643732
0.61 0.343498 0.183911 0.00418333 2.51091e-05 0.00718473 383.572 147276 0.634423
0.6 0.341442 0.18488 0.00414748 2.46608e-05 0.00716079 384.362 147880 0.631797
0.59 0.339436 0.188828 0.0040184 2.33004e-05 0.00698307 384.926 148313 0.63643
0.58 0.33769 0.19223 0.00395495 2.2959e-05 0.00726694 385.456 148719 0.638298
0.57 0.335729 0.18956 0.00384965 2.17517e-05 0.00700486 386.054 149179 0.642288
0.56 0.333749 0.202419 0.00375365 2.08855e-05 0.00698978 386.655 149644 0.655914
0.55 0.331632 0.199951 0.00364609 1.99446e-05 0.00696503 387.444 150250 0.645724
0.54 0.329688 0.208309 0.00354705 1.88193e-05 0.00665362 387.83 150547 0.644165
0.53 0.327304 0.215024 0.00339054 1.75741e-05 0.00660586 388.593 151135 0.632287
0.52 0.325312 0.212793 0.00335477 1.72323e-05 0.00662151 389.468 151814 0.633729
0.51 0.323298 0.222094 0.00329227 1.67153e-05 0.00663673 390.113 152318 0.655917
0.5 0.321051 0.227244 0.003152 1.55272e-05 0.00644211 390.709 152783 0.660493
0.49 0.318634 0.228228 0.00306502 1.48427e-05 0.00640461 391.428 153340 0.647123
0.48 0.316477 0.238196 0.00299557 1.43002e-05 0.00639204 392.385 154088 0.651536
0.47 0.314106 0.240565 0.00291806 1.37454e-05 0.00640999 393.16 154698 0.664739
0.46 0.311586 0.250209 0.00287066 1.33662e-05 0.00641809 394.211 155522 0.658802
0.45 0.308956 0.254655 0.0027467 1.24515e-05 0.00628109 394.884 156050 0.657524
0.44 0.306473 0.260797 0.00269731 1.19998e-05 0.00618459 396.294 157165 0.661594
0.43 0.304279 0.270834 0.00263993 1.15973e-05 0.00619943 396.823 157579 0.649532
0.42 0.30118 0.273064 0.00254297 1.09811e-05 0.00619113 398.065 158568 0.674703
0.41 0.298412 0.287531 0.00244193 1.02869e-05 0.00607456 399.183 159457 0.671038
0.4 0.295745 0.292035 0.00237943 9.92884e-06 0.00614472 400.215 160278 0.664851
0.39 0.292472 0.299466 0.00229497 9.29694e-06 0.0059521 401.619 161404 0.675575
0.38 0.289343 0.311693 0.00223507 9.02296e-06 0.00610472 402.876 162414 0.689199
0.37 0.286268 0.322176 0.00213385 8.31465e-06 0.00585545 404.2 163479 0.673607
0.36 0.283103 0.331693 0.00211233 8.15309e-06 0.00590587 405.608 164617 0.680335
0.35 0.279873 0.348232 0.00199757 7.48879e-06 0.00575754 406.813 165593 0.67712
0.34 0.276039 0.356331 0.00192882 7.0852e-06 0.00570046 408.589 167042 0.694767
0.33 0.272625 0.366025 0.00186693 6.85658e-06 0.00588422 410.111 168285 0.688776
0.32 0.268865 0.379965 0.00180495 6.55156e-06 0.0059287 411.85 169713 0.706845
0.31 0.265177 0.39885 0.00175087 6.09086e-06 0.00562124 413.512 171081 0.69749
0.3 0.260892 0.411664 0.00168967 5.84114e-06 0.00573342 415.469 172702 0.703968
0.29 0.25678 0.431924 0.00159149 5.29876e-06 0.00549366 417.339 174258 0.708961
0.28 0.252293 0.444791 0.00154635 5.12906e-06 0.00563215 419.546 176103 0.718727
0.27 0.247809 0.466969 0.00152734 4.96826e-06 0.00562236 421.91 178091 0.724918
0.26 0.24295 0.494673 0.00140547 4.45979e-06 0.005504 424.107 179947 0.723288
0.25 0.237706 0.519602 0.00138516 4.32687e-06 0.00554851 426.974 182385 0.733947
0.24 0.232635 0.533112 0.00134349 4.1843e-06 0.0057104 429.646 184673 0.750503
0.23 0.227172 0.555647 0.00126866 3.92027e-06 0.00578694 432.361 187009 0.737318
0.22 0.22121 0.599692 0.001202 3.55918e-06 0.00553584 435.504 189737 0.767536
0.21 0.214967 0.628199 0.00112639 3.23501e-06 0.00539318 438.959 192754 0.750794
0.2 0.208301 0.677874 0.00117153 3.38451e-06 0.00579466 442.765 196109 0.773907
0.19 0.20154 0.722703 0.00104227 2.91748e-06 0.00555126 446.414 199353 0.791586
0.18 0.19406 0.759716 0.000951389 2.56559e-06 0.00531343 450.701 203195 0.785393
0.17 0.186053 0.820822 0.000898698 2.3234e-06 0.00513571 455.502 207545 0.805551
0.16 0.177554 0.864178 0.000903038 2.42438e-06 0.00579204 460.631 212241 0.804216
0.15 0.16872 0.948589 0.000806597 2.0764e-06 0.00547508 465.943 217161 0.837194
0.14 0.158981 0.996079 0.000769618 2.00979e-06 0.00583191 472.118 222950 0.833306
0.13 0.148849 1.06192 0.000653993 1.61886e-06 0.00527774 478.387 228907 0.851359
0.12 0.137718 1.14782 0.000527778 1.19327e-06 0.00439068 485.518 235777 0.836424
0.11 0.126096 1.18093 0.000482378 1.08371e-06 0.00445627 493.163 243254 0.813008
0.1 0.113945 1.25033 0.000400174 8.66247e-07 0.00406718 501.194 251237 0.831679
0.09 0.101548 1.21651 0.000304514 6.45315e-07 0.00353655 509.409 259534 0.810682
0.08 0.0890866 1.24297 0.00019809 3.57169e-07 0.00228909 517.627 267970 0.793097
0.07 0.0766453 1.20994 8.75868e-05 1.5206e-07 0.00118812 525.931 276631 0.767826
0.06 0.0647398 1.1789 0.000215278 3.90926e-07 0.00330799 533.965 285142 0.744855
0.05 0.0530502 1.13223 0 0 0 541.554 293301 0.712135
0.04 0.0418806 1.10955 0 0 0 548.782 301178 0.705007
0.03 0.0309992 1.08056 0 0 0 555.884 309018 0.692933
0.02 0.0204472 1.04267 0 0 0 562.781 316730 0.678279
0.01 0.0101011 1.00048 0 0 0 569.475 324305 0.68001
