1 0.287712 0.273398 0.569822 0.325197 0.288083 201.753 40749.2 0.222363
0.99 0.285353 0.275401 0.570742 0.326231 0.281787 201.923 40816.4 0.217309
0.98 0.282066 0.28316 0.57222 0.327932 0.291145 202.192 40925.6 0.222243
0.97 0.278929 0.29117 0.573405 0.329295 0.298299 202.41 41013.6 0.222735
0.96 0.276679 0.299799 0.57463 0.330701 0.300828 202.441 41025.1 0.220486
0.95 0.273221 0.30588 0.576025 0.332299 0.29957 202.804 41171.9 0.220851
0.94 0.27066 0.303852 0.577321 0.333799 0.305737 202.849 41189.5 0.220129
0.93 0.267244 0.315297 0.578721 0.335418 0.309927 203.181 41325.9 0.228953
0.92 0.263959 0.309822 0.580022 0.336923 0.311397 203.491 41449.5 0.218936
0.91 0.260958 0.321348 0.581561 0.33872 0.321219 203.66 41518.4 0.221527
0.9 0.257607 0.323539 0.583159 0.340561 0.311771 203.777 41566.7 0.226337
0.89 0.254833 0.334268 0.584252 0.341844 0.319312 204.124 41707.1 0.222317
0.88 0.251345 0.344754 0.585952 0.343842 0.328502 204.271 41766.9 0.224199
0.87 0.247757 0.35232 0.587701 0.345889 0.328206 204.449 41839.3 0.22306
0.86 0.244057 0.352324 0.589735 0.348282 0.331159 204.558 41883.2 0.223398
0.85 0.240469 0.366151 0.591416 0.350273 0.339159 204.771 41970.7 0.227317
0.84 0.23657 0.363269 0.593112 0.352276 0.339157 205.082 42098 0.229278
0.83 0.232668 0.377321 0.595357 0.354946 0.34403 205.167 42132 0.225443
0.82 0.229425 0.391344 0.5967 0.356554 0.352867 205.576 42300.1 0.228758
0.81 0.225441 0.393026 0.598919 0.359199 0.351455 205.63 42320.9 0.224132
0.8 0.2214 0.405873 0.601157 0.361887 0.358588 205.857 42414.8 0.228439
0.79 0.217079 0.417491 0.603084 0.364213 0.366569 206.209 42559.1 0.226417
0.78 0.213347 0.416884 0.60505 0.366582 0.366982 206.342 42613.6 0.227912
0.77 0.208644 0.421729 0.607472 0.369516 0.368869 206.605 42722.4 0.231704
0.76 0.204563 0.433987 0.609735 0.372266 0.370934 206.774 42791 0.227053
0.75 0.199783 0.454634 0.612239 0.375339 0.385293 207.089 42922 0.232331
0.74 0.195191 0.468639 0.614952 0.37867 0.391958 207.217 42974.6 0.233721
0.73 0.190869 0.479148 0.617176 0.381397 0.387033 207.531 43104.5 0.233363
0.72 0.185796 0.485911 0.619785 0.384627 0.394498 207.804 43217 0.231044
0.71 0.181352 0.493437 0.622476 0.387973 0.402792 208.012 43303.2 0.232662
0.7 0.17599 0.517791 0.625438 0.391681 0.418826 208.277 43412.7 0.229284
0.69 0.170903 0.532816 0.628565 0.395589 0.412709 208.36 43447 0.229204
0.68 0.165511 0.541667 0.63146 0.39924 0.422775 208.685 43582.6 0.234154
0.67 0.159695 0.551822 0.634838 0.403513 0.424414 208.98 43705 0.231976
0.66 0.153969 0.56688 0.638253 0.407859 0.4298 209.148 43774.4 0.228817
0.65 0.148115 0.584967 0.641654 0.412209 0.43316 209.368 43866.3 0.230552
0.64 0.142451 0.597406 0.644921 0.416405 0.434456 209.68 43996.6 0.231794
0.63 0.136131 0.630624 0.648779 0.4214 0.444375 209.903 44089.9 0.230531
0.62 0.130203 0.645273 0.652381 0.426082 0.446996 210.142 44189.9 0.231743
0.61 0.12346 0.665643 0.656582 0.431586 0.458311 210.338 44271.2 0.227812
0.6 0.116565 0.673458 0.660962 0.437344 0.455069 210.521 44348.6 0.232327
0.59 0.10997 0.701237 0.665115 0.442855 0.466404 210.803 44466.4 0.230105
0.58 0.102759 0.71024 0.669555 0.44877 0.463078 211.022 44558.3 0.230428
0.57 0.0951235 0.75263 0.674179 0.454989 0.477206 211.295 44672.9 0.227174
0.56 0.0878084 0.789647 0.67896 0.461461 0.488213 211.575 44790.4 0.224056
0.55 0.0792895 0.820006 0.684345 0.468803 0.497829 211.831 44898.5 0.223475
0.54 0.0715637 0.842479 0.689433 0.47578 0.492529 212.069 44999.1 0.225052
0.53 0.0629031 0.872624 0.6947 0.48307 0.501465 212.433 45153.2 0.22455
0.52 0.0536133 0.900195 0.700821 0.491606 0.505524 212.697 45264.8 0.222949
0.51 0.0444347 0.922655 0.706978 0.500267 0.506873 212.851 45329.5 0.220902
0.5 0.035049 0.953962 0.712919 0.508695 0.509294 213.208 45481.7 0.224347
0.49 0.0251182 1.01 0.719344 0.517886 0.506337 213.49 45600.7 0.21743
0.48 0.0148998 1.07455 0.726071 0.527619 0.527793 213.737 45706 0.218072
0.47 0.00439548 1.09758 0.732876 0.537535 0.524899 214.106 45863.1 0.217927
0.46 -0.00656959 1.12401 0.740321 0.548488 0.517118 214.265 45930.4 0.212816
0.45 -0.0184403 1.19569 0.748217 0.560235 0.51897 214.57 46060.8 0.213246
0.44 -0.0300063 1.2242 0.755581 0.571305 0.52542 214.965 46229.9 0.209636
0.43 -0.0428126 1.27807 0.763831 0.583827 0.521145 215.348 46394 0.210212
0.42 -0.0563832 1.32079 0.772653 0.597367 0.512077 215.687 46539.6 0.204701
0.41 -0.0701719 1.39269 0.781897 0.611734 0.521699 215.958 46655.7 0.203551
0.4 -0.083974 1.45285 0.790425 0.625134 0.521974 216.478 46880.4 0.203452
0.39 -0.0987861 1.50435 0.799961 0.640284 0.513306 216.837 47035.4 0.200355
0.38 -0.114125 1.57027 0.809722 0.655983 0.504436 217.326 47246.8 0.197228
0.37 -0.130437 1.65869 0.819901 0.672562 0.50527 217.773 47440.5 0.193404
0.36 -0.146837 1.72499 0.830089 0.689352 0.485954 218.234 47641 0.19145
0.35 -0.164799 1.74086 0.841228 0.707952 0.470964 218.761 47870.5 0.186293
0.34 -0.182057 1.84461 0.851133 0.724693 0.44971 219.464 48178.3 0.184905
0.33 -0.201066 1.92283 0.862422 0.744021 0.436426 220.002 48413.9 0.180514
0.32 -0.21991 1.92327 0.873274 0.762841 0.419486 220.687 48714.9 0.175491
0.31 -0.240053 1.99414 0.884373 0.782331 0.401499 221.474 49062.5 0.171707
0.3 -0.260123 2.04462 0.895286 0.801731 0.372045 222.226 49395.6 0.171664
0.29 -0.280604 2.08998 0.905964 0.820943 0.343469 223.13 49797.6 0.165008
0.28 -0.301268 2.06878 0.916427 0.839992 0.317142 223.985 50179.4 0.161271
0.27 -0.322502 2.06911 0.926781 0.859058 0.288819 224.957 50615.5 0.158927
0.26 -0.34331 2.10735 0.936336 0.876842 0.259355 225.998 51084.4 0.156684
0.25 -0.364105 2.0698 0.945481 0.894036 0.232924 227.057 51563.3 0.150687
0.24 -0.384305 2.02641 0.953934 0.910076 0.20477 228.145 52058.4 0.150204
0.23 -0.404555 1.94243 0.96185 0.925225 0.172722 229.245 52560.9 0.142041
0.22 -0.423845 1.8859 0.968871 0.938767 0.147737 230.421 53100.7 0.139579
0.21 -0.442055 1.80172 0.974977 0.950625 0.123055 231.606 53648.1 0.137883
0.2 -0.459834 1.69025 0.980379 0.961178 0.101006 232.786 54195.5 0.137229
0.19 -0.47652 1.63516 0.985018 0.970287 0.0800102 233.915 54722.2 0.13142
0.18 -0.49251 1.53073 0.988827 0.977799 0.0627879 235.129 55291.1 0.129182
0.17 -0.507778 1.44153 0.991956 0.983991 0.048249 236.341 55862.1 0.126771
0.16 -0.521944 1.40156 0.994463 0.988966 0.035056 237.546 56433 0.125166
0.15 -0.535558 1.31907 0.996332 0.992684 0.0243948 238.743 57002.5 0.125602
0.14 -0.548489 1.26277 0.997726 0.995462 0.0164604 239.907 57559.4 0.12259
0.13 -0.560836 1.22243 0.998666 0.997335 0.0101339 241.126 58145.3 0.119059
0.12 -0.572734 1.1571 0.99929 0.998582 0.00595027 242.337 58730.6 0.117117
0.11 -0.584217 1.12831 0.999659 0.999318 0.00307148 243.533 59311.5 0.119261
0.1 -0.595439 1.10553 0.99986 0.999721 0.00140906 244.723 59892.2 0.117522
0.09 -0.606366 1.0753 0.999951 0.999902 0.000547822 245.895 60467.1 0.116504
0.08 -0.617302 1.07343 0.999988 0.999975 0.000155125 247.058 61039.9 0.116701
0.07 -0.628025 1.06866 0.999998 0.999997 2.35391e-05 248.223 61616.7 0.1159
0.06 -0.638546 1.05073 1 1 1.44669e-06 249.353 62178.6 0.115585
0.05 -0.648991 1.03928 1 1 0 250.491 62747.4 0.115593
0.04 -0.65941 1.03922 1 1 0 251.616 63312 0.113449
0.03 -0.669673 1.02251 1 1 0 252.73 63873.4 0.114298
0.02 -0.679858 1.02138 1 1 0 253.838 64434.2 0.111705
0.01 -0.689972 1.01687 1 1 0 254.923 64986.3 0.112135
