1 0.435561 0.241912 0.0402044 0.00170925 0.0534814 412.128 170182 0.807727
0.99 0.432554 0.240236 0.039696 0.00166892 0.0541974 411.808 169920 0.819407
0.98 0.430712 0.230745 0.0391216 0.00162132 0.0533784 411.573 169719 0.811279
0.97 0.428392 0.230155 0.0382655 0.00155046 0.0511941 410.254 168621 0.785731
0.96 0.426083 0.230928 0.0375985 0.00149798 0.0505972 409.728 168196 0.810205
0.95 0.423787 0.230035 0.0368405 0.00144206 0.0514349 408.852 167474 0.810288
0.94 0.421296 0.230684 0.0364318 0.00140987 0.0506115 408.882 167487 0.788317
0.93 0.418745 0.222561 0.0357351 0.00135703 0.049569 408.442 167131 0.805974
0.92 0.416976 0.226387 0.0351227 0.00131261 0.0494627 407.897 166680 0.798978
0.91 0.414433 0.22201 0.0344718 0.0012667 0.0496202 407.352 166235 0.808082
0.9 0.412461 0.223183 0.0338312 0.00122168 0.0493662 406.597 165615 0.801138
0.89 0.410677 0.217916 0.0334085 0.00118897 0.0471421 406.373 165421 0.778813
0.88 0.408165 0.221434 0.0329821 0.00115905 0.0466229 406.562 165573 0.784462
0.87 0.40577 0.217405 0.032351 0.00111718 0.0467375 405.751 164918 0.804494
0.86 0.403671 0.218123 0.0318629 0.00108613 0.0474762 405.6 164790 0.79801
0.85 0.401292 0.220565 0.0310388 0.00103131 0.046012 404.595 163967 0.785576
0.84 0.399657 0.217028 0.0307102 0.00100958 0.0455728 404.575 163945 0.777422
0.83 0.397119 0.213008 0.0301773 0.000976759 0.0458624 404.499 163885 0.793193
0.82 0.395033 0.213488 0.0294912 0.000932519 0.0441033 403.654 163193 0.775027
0.81 0.392659 0.214664 0.0289692 0.00090313 0.0454516 403.537 163103 0.79893
0.8 0.390751 0.210969 0.0285853 0.000878634 0.044289 403.673 163209 0.797057
0.79 0.388505 0.218348 0.0278707 0.00083579 0.0430258 402.78 162480 0.781045
0.78 0.386632 0.212335 0.0273897 0.000808775 0.0432596 402.429 162197 0.790276
0.77 0.384142 0.211793 0.0272423 0.00080074 0.0438348 403.197 162816 0.797379
0.76 0.382114 0.212919 0.0266964 0.000769223 0.0428386 402.739 162437 0.780784
0.75 0.379858 0.205802 0.0262027 0.000741763 0.0423795 402.489 162235 0.787519
0.74 0.377968 0.213799 0.0256654 0.000711559 0.0411354 402.164 161966 0.774538
0.73 0.375993 0.209311 0.025408 0.000698719 0.0419399 402.195 161993 0.792347
0.72 0.373737 0.212179 0.0248638 0.000669892 0.0413468 402.136 161942 0.791143
0.71 0.371636 0.215011 0.024493 0.000650586 0.0411157 402.201 161987 0.77282
0.7 0.369767 0.204661 0.0240313 0.000626877 0.0406293 401.721 161597 0.773123
0.69 0.367475 0.21043 0.0237273 0.00061174 0.0407021 402.077 161879 0.769186
0.68 0.36568 0.2169 0.0232867 0.000591037 0.0413073 401.828 161684 0.800939
0.67 0.363135 0.217997 0.0227954 0.000566013 0.0398751 401.81 161661 0.77769
0.66 0.361246 0.217075 0.0225536 0.000554158 0.0397045 402.029 161838 0.795114
0.65 0.358931 0.217546 0.0221801 0.00053697 0.039888 402.244 162006 0.78449
0.64 0.356354 0.214481 0.0217424 0.000517518 0.0403053 402.306 162052 0.785433
0.63 0.354085 0.211969 0.0213597 0.000499196 0.039276 402.373 162103 0.784735
0.62 0.352506 0.220203 0.0209451 0.000480694 0.0390186 402.212 161972 0.789274
0.61 0.350104 0.220365 0.0206647 0.000467983 0.0386721 402.635 162308 0.783829
0.6 0.347821 0.222163 0.0204522 0.000458673 0.0387666 403.015 162611 0.786658
0.59 0.345609 0.231928 0.0198852 0.000435196 0.0388323 402.684 162345 0.801581
0.58 0.343109 0.224554 0.0197272 0.000428345 0.038914 403.416 162930 0.794872
0.57 0.341036 0.235008 0.0192954 0.000410394 0.038482 403.175 162731 0.784657
0.56 0.338905 0.231321 0.0190124 0.000399557 0.0391734 403.728 163175 0.790331
0.55 0.336252 0.233177 0.0187696 0.000389271 0.0387203 404.334 163659 0.779368
0.54 0.333964 0.237989 0.0185345 0.000379797 0.0386856 404.624 163896 0.803799
0.53 0.331615 0.240918 0.0183492 0.000372787 0.0392254 405.162 164327 0.795426
0.52 0.328979 0.245253 0.0180826 0.000362786 0.039663 405.934 164950 0.792501
0.51 0.326622 0.246351 0.0176824 0.000347595 0.0394489 405.848 164879 0.807457
0.5 0.324014 0.25273 0.0175686 0.000342688 0.039206 406.859 165695 0.789329
0.49 0.321414 0.25491 0.0172102 0.000329582 0.0392534 407.202 165969 0.779982
0.48 0.318831 0.257096 0.0169217 0.000320337 0.0407915 407.557 166261 0.812976
0.47 0.316508 0.263747 0.0169153 0.000319401 0.0407785 408.385 166934 0.810636
0.46 0.313504 0.27515 0.0166066 0.000308249 0.0406579 409.175 167578 0.818075
0.45 0.310749 0.281971 0.0164172 0.000301449 0.0408638 409.87 168143 0.811201
0.44 0.308008 0.281462 0.0162802 0.000296665 0.0413931 410.771 168880 0.814633
0.43 0.305162 0.291752 0.0161633 0.000292867 0.0423495 411.648 169600 0.828602
0.42 0.302345 0.294944 0.0159943 0.000286482 0.0420551 412.381 170201 0.828222
0.41 0.299031 0.305201 0.0157201 0.000277339 0.0424545 413.341 170986 0.798528
0.4 0.296086 0.311238 0.0156579 0.000275825 0.0441432 414.338 171813 0.827704
0.39 0.292837 0.323196 0.0154081 0.000267413 0.0443142 415.304 172611 0.825473
0.38 0.289765 0.327837 0.0154224 0.000267584 0.0450698 416.695 173768 0.83789
0.37 0.286472 0.337643 0.0153789 0.000265702 0.0454432 417.808 174696 0.852949
0.36 0.282871 0.349327 0.0153564 0.000264251 0.0454893 419.395 176018 0.830177
0.35 0.279386 0.361384 0.0153199 0.000263284 0.047044 420.711 177124 0.859717
0.34 0.275633 0.370742 0.015107 0.000256183 0.047369 422.023 178226 0.858435
0.33 0.271863 0.384223 0.0151 0.000256971 0.0505495 423.641 179595 0.879991
0.32 0.267851 0.391605 0.0153251 0.000263901 0.0522771 425.513 181180 0.869934
0.31 0.263889 0.414686 0.0152924 0.000263999 0.0560069 427.12 182550 0.899878
0.3 0.259491 0.429122 0.0154032 0.000267477 0.0580187 429.354 184462 0.909371
0.29 0.25515 0.453956 0.0154633 0.000268473 0.0583152 431.219 186061 0.892552
0.28 0.250328 0.462093 0.0156986 0.00027617 0.0611465 433.869 188352 0.907379
0.27 0.245733 0.490053 0.015753 0.000278366 0.0644487 435.96 190170 0.924819
0.26 0.240664 0.500724 0.0161793 0.00029319 0.0696122 438.632 192507 0.960257
0.25 0.235489 0.538093 0.0164226 0.000301292 0.0727872 441.387 194930 0.971452
0.24 0.229999 0.566581 0.0166582 0.000308738 0.0749845 444.145 197368 0.965973
0.23 0.224124 0.618009 0.0174356 0.000336718 0.0819366 447.866 200689 1.01898
0.22 0.217791 0.629951 0.0180865 0.000363663 0.0956766 451.746 204178 1.04785
0.21 0.21126 0.668174 0.0189361 0.000396675 0.104499 455.771 207830 1.08348
0.2 0.204538 0.722498 0.0194531 0.000419671 0.118791 459.697 211426 1.1354
0.19 0.197226 0.759247 0.0211918 0.00049166 0.129041 465.071 216394 1.15965
0.18 0.189217 0.815971 0.0230931 0.000580473 0.150987 471.242 222174 1.23569
0.17 0.181039 0.877347 0.0247697 0.000665789 0.177036 476.831 227473 1.29319
0.16 0.171833 0.914928 0.0273255 0.000801208 0.196285 484.18 234532 1.31492
0.15 0.161749 1.02276 0.0307602 0.00101677 0.271035 492.642 242813 1.57447
0.14 0.151087 1.12217 0.0365758 0.00142266 0.349169 503.285 253417 1.72209
0.13 0.138198 1.40369 0.0465052 0.00234362 0.801473 518.368 268893 2.78658
0.12 -0.143489 3528.08 0.481459 0.44356 1016.44 871.731 893335 1275.43
0.11 -0.489159 1.01735 0.999942 0.999884 0.000531636 1284.05 1.64881e+06 0.111352
0.1 -0.499286 1.02028 0.99998 0.999961 0.000198284 1285.16 1.65165e+06 0.112928
0.09 -0.509438 1.03367 0.999996 0.999993 3.94637e-05 1286.29 1.65454e+06 0.112759
0.08 -0.51954 1.02341 0.999999 0.999998 1.08453e-05 1287.33 1.65722e+06 0.111114
0.07 -0.529717 0.99679 1 1 1.24002e-06 1288.39 1.65996e+06 0.11221
0.06 -0.539758 0.998493 1 1 0 1289.52 1.66287e+06 0.111976
0.05 -0.549851 1.01324 1 1 0 1290.59 1.66563e+06 0.112487
0.04 -0.559939 1.01072 1 1 0 1291.69 1.66847e+06 0.112131
0.03 -0.569957 0.99841 1 1 0 1292.78 1.67127e+06 0.110484
0.02 -0.579981 0.992073 1 1 0 1293.85 1.67405e+06 0.110418
0.01 -0.589995 1.01458 1 1 0 1294.93 1.67685e+06 0.111824
