0 -0.7 -inf 1 1 -nan 1296 1.67962e+06 -inf
0.01 -0.690001 1.00464 1 1 0 1294.91 1.6768e+06 0.109652
0.02 -0.679981 0.995637 1 1 0 1293.83 1.67401e+06 0.111285
0.03 -0.669955 0.991457 1 1 0 1292.77 1.67125e+06 0.112947
0.04 -0.659885 1.01265 1 1 0 1291.7 1.6685e+06 0.111986
0.05 -0.649811 1.00197 1 1 0 1290.62 1.6657e+06 0.110964
0.06 -0.639787 1.00612 1 1 0 1289.5 1.66281e+06 0.110522
0.07 -0.629661 1.01951 1 1 0 1288.4 1.65999e+06 0.112884
0.08 -0.619556 1.01459 1 0.999999 5.42399e-06 1287.33 1.65722e+06 0.111826
0.09 -0.609412 1.03093 0.999998 0.999996 2.21581e-05 1286.21 1.65436e+06 0.11259
0.1 -0.599261 1.01691 0.999991 0.999982 9.15262e-05 1285.24 1.65185e+06 0.112321
0.11 -0.589152 1.00813 0.999976 0.999951 0.00022179 1284.04 1.64877e+06 0.113444
0.12 -0.578912 1.02542 0.999934 0.999868 0.000546238 1282.96 1.64601e+06 0.111361
0.13 -0.568599 1.04195 0.999854 0.999708 0.00111659 1281.85 1.64316e+06 0.111508
0.14 -0.558087 1.05612 0.999695 0.999391 0.00212921 1280.65 1.64009e+06 0.112558
0.15 -0.547567 1.04967 0.999415 0.998832 0.00393344 1279.53 1.63721e+06 0.114305
0.16 -0.536933 1.08373 0.999021 0.998045 0.00615687 1278.29 1.63404e+06 0.11342
0.17 -0.525733 1.13462 0.998371 0.996747 0.00942657 1276.98 1.6307e+06 0.113622
0.18 -0.514151 1.17186 0.997482 0.994974 0.0143061 1275.56 1.62707e+06 0.116058
0.19 -0.502294 1.19102 0.996275 0.99257 0.0198813 1274.03 1.62317e+06 0.117395
0.2 -0.489814 1.30797 0.994675 0.989389 0.0276551 1272.4 1.61902e+06 0.117416
0.21 -0.476894 1.32067 0.992621 0.985309 0.0362721 1270.61 1.61448e+06 0.120776
0.22 -0.463357 1.40683 0.990153 0.98042 0.0476214 1268.68 1.60958e+06 0.12313
0.23 -0.448875 1.48317 0.986998 0.974189 0.0609706 1266.5 1.60407e+06 0.125904
0.24 -0.433567 1.57336 0.98323 0.966772 0.0766997 1264.04 1.59783e+06 0.129391
0.25 -0.417207 1.73762 0.978657 0.957811 0.0966779 1261.32 1.59098e+06 0.136145
0.26 -0.399725 1.82278 0.97324 0.947251 0.119967 1258.23 1.58318e+06 0.143595
0.27 -0.380845 1.94054 0.96673 0.934636 0.145279 1254.66 1.57422e+06 0.149141
0.28 -0.360892 2.10806 0.95918 0.920115 0.182546 1250.6 1.56405e+06 0.160942
0.29 -0.338511 2.36167 0.950011 0.902636 0.231246 1245.78 1.55202e+06 0.177661
0.3 -0.314681 2.5487 0.939376 0.882578 0.290748 1240.14 1.53802e+06 0.20385
0.31 -0.28706 2.90674 0.925879 0.857453 0.375117 1233.14 1.52072e+06 0.239078
0.32 -0.255124 3.52785 0.908413 0.825512 0.534979 1223.74 1.49766e+06 0.31738
0.33 0.269647 0.385918 0.0214617 0.000502444 0.0730279 430.198 185205 0.94494
0.34 0.2735 0.387951 0.021351 0.000500294 0.0752714 428.623 183859 0.973554
0.35 0.277343 0.370997 0.0209856 0.00048155 0.0677292 426.617 182139 0.914098
0.36 0.281031 0.362141 0.0206385 0.000467299 0.0661649 424.978 180748 0.926779
0.37 0.28446 0.351731 0.0208464 0.000475777 0.0641486 423.618 179595 0.914634
0.38 0.287882 0.344738 0.0207076 0.000469367 0.0614814 422.338 178515 0.90704
0.39 0.291427 0.324921 0.0208063 0.0004747 0.061735 421.028 177412 0.89935
0.4 0.294659 0.319593 0.0206081 0.000466263 0.0598612 419.708 176307 0.908616
0.41 0.29782 0.310131 0.020479 0.000460388 0.057598 418.421 175230 0.89466
0.42 0.301062 0.307588 0.0208602 0.00047786 0.0585793 417.66 174597 0.894355
0.43 0.304024 0.300819 0.0206763 0.000468758 0.0552538 416.41 173556 0.887044
0.44 0.307081 0.288528 0.0209146 0.00047818 0.0533582 415.499 172796 0.855057
0.45 0.309693 0.287134 0.0213888 0.000501068 0.0557916 415.354 172681 0.868294
0.46 0.312466 0.279355 0.0212126 0.000492734 0.0535429 414.216 171741 0.869887
0.47 0.315463 0.27407 0.0214032 0.000499475 0.05071 413.341 171011 0.825685
0.48 0.318063 0.271126 0.0215181 0.000506167 0.0517685 412.624 170427 0.853193
0.49 0.320593 0.258214 0.0218381 0.000520821 0.0516256 412.214 170092 0.849112
0.5 0.323321 0.26502 0.0219428 0.000526046 0.0513332 411.372 169400 0.84419
0.51 0.325973 0.261745 0.0222563 0.000540512 0.0510128 411.112 169186 0.82619
0.52 0.328505 0.254847 0.0223836 0.000546514 0.0503876 410.456 168653 0.842003
0.53 0.330987 0.252376 0.0228839 0.000570348 0.0507237 410.33 168555 0.84648
0.54 0.333452 0.244416 0.022947 0.00057391 0.0505037 409.433 167822 0.840257
0.55 0.335968 0.245508 0.0233433 0.00059111 0.0483837 409.473 167850 0.806769
0.56 0.338262 0.241615 0.0233353 0.000591726 0.0485365 408.548 167098 0.816402
0.57 0.340859 0.234326 0.0237911 0.000613112 0.0475896 408.433 167008 0.816211
0.58 0.343084 0.234437 0.0240036 0.000626581 0.0500588 408.131 166772 0.848038
0.59 0.345398 0.230325 0.0244029 0.000645799 0.0491061 407.917 166598 0.836887
0.6 0.347337 0.228641 0.0248594 0.000669323 0.0492814 408.136 166776 0.822919
0.61 0.349785 0.223524 0.0251569 0.000685598 0.0497871 407.929 166613 0.830136
0.62 0.352096 0.230513 0.0255149 0.000703842 0.0490814 407.943 166626 0.82433
0.63 0.35457 0.225093 0.0257615 0.00071635 0.048176 407.23 166045 0.812472
0.64 0.35674 0.223067 0.0262161 0.000740973 0.0483181 407.406 166191 0.809698
0.65 0.358845 0.218173 0.026403 0.000753015 0.0495355 407.1 165949 0.824079
0.66 0.361186 0.219279 0.0268652 0.000777059 0.04828 407.067 165920 0.804951
0.67 0.36348 0.219785 0.0273733 0.000807927 0.0504058 407.249 166083 0.846722
0.68 0.365517 0.218418 0.0276799 0.000824825 0.0496799 406.958 165842 0.821032
0.69 0.368008 0.223125 0.0281407 0.000851303 0.0495885 407.265 166092 0.807613
0.7 0.370005 0.213997 0.0285568 0.000875875 0.0496889 407.197 166042 0.815054
0.71 0.371975 0.217438 0.0291868 0.000915032 0.0512412 407.84 166575 0.83377
0.72 0.373869 0.214353 0.0293672 0.000925542 0.0504884 407.483 166287 0.833345
0.73 0.376497 0.219564 0.0300389 0.000967086 0.0510913 407.876 166616 0.84915
0.74 0.37881 0.215495 0.0303415 0.000986973 0.0516584 407.754 166514 0.831862
0.75 0.38085 0.220311 0.0308354 0.00101795 0.0515509 407.796 166553 0.836691
0.76 0.383173 0.217398 0.0313553 0.00105228 0.0523894 407.942 166671 0.818937
0.77 0.384866 0.218365 0.0318613 0.00108486 0.052154 408.708 167306 0.837079
0.78 0.387321 0.21944 0.0323681 0.00111831 0.0521429 408.557 167180 0.821009
0.79 0.389328 0.22179 0.032863 0.00115255 0.0529155 408.84 167416 0.823289
0.8 0.392267 0.219258 0.0333573 0.00118667 0.0532502 409.013 167562 0.824329
0.81 0.393686 0.22116 0.0339635 0.00122808 0.0530231 409.617 168059 0.822138
0.82 0.396294 0.221021 0.0344873 0.00126525 0.0532952 409.786 168201 0.822426
0.83 0.39789 0.221387 0.0347701 0.00128674 0.0539803 409.667 168104 0.815559
0.84 0.40043 0.221291 0.0355581 0.00134317 0.0540271 410.381 168699 0.830994
0.85 0.402616 0.221725 0.0362128 0.00139346 0.055631 411.237 169408 0.835849
0.86 0.405286 0.222509 0.0368692 0.00144285 0.055935 411.64 169741 0.827835
0.87 0.407886 0.222692 0.0374821 0.00148983 0.0562226 411.592 169705 0.829556
0.88 0.409641 0.232536 0.0378794 0.00152078 0.0562422 411.888 169948 0.819261
0.89 0.412033 0.227801 0.038768 0.00158967 0.0561238 413.157 171001 0.82338
0.9 0.414027 0.231101 0.0391234 0.00162142 0.0580991 412.833 170749 0.856643
0.91 0.416171 0.231854 0.0399097 0.00168441 0.0579925 413.882 171612 0.832392
0.92 0.419036 0.230168 0.0402567 0.00171223 0.0573703 413.582 171360 0.814999
0.93 0.421197 0.236224 0.0411232 0.00178674 0.0592235 414.771 172361 0.845529
0.94 0.423456 0.236283 0.0417526 0.00184059 0.0596274 415.144 172673 0.842312
0.95 0.425842 0.238408 0.0422635 0.00188273 0.0585292 415.306 172807 0.830973
0.96 0.427856 0.235933 0.0430444 0.00195406 0.0607404 416.346 173674 0.824967
0.97 0.43028 0.236988 0.0434912 0.00199422 0.0610053 416.438 173757 0.832054
0.98 0.432996 0.240279 0.0444578 0.00207979 0.060709 417.437 174595 0.833225
0.99 0.43524 0.241205 0.0450766 0.00213866 0.0621101 417.904 174995 0.848651
