1 0.153578 0.608685 0.50695 0.257537 0.310044 609.532 371796 0.437432
0.99 0.146388 0.628127 0.509511 0.260145 0.315821 611.278 373928 0.442489
0.98 0.140798 0.640926 0.511523 0.262193 0.315205 612.851 375853 0.444648
0.97 0.1343 0.668639 0.51401 0.26475 0.323119 614.375 377728 0.455801
0.96 0.127286 0.662381 0.516279 0.267088 0.326603 616.196 379966 0.454703
0.95 0.121364 0.686075 0.518102 0.268983 0.335519 617.548 381630 0.45129
0.94 0.114178 0.691771 0.52118 0.272167 0.329912 619.581 384138 0.442547
0.93 0.107406 0.705684 0.52349 0.274582 0.33471 621.21 386158 0.444694
0.92 0.100675 0.753274 0.526151 0.27739 0.347793 622.94 388320 0.463877
0.91 0.0924624 0.754409 0.529271 0.280675 0.346268 625.041 390938 0.461352
0.9 0.0855595 0.771179 0.531838 0.283399 0.35036 626.772 393101 0.455636
0.89 0.0770881 0.798589 0.535264 0.287061 0.358139 628.977 395870 0.461174
0.88 0.0698717 0.819148 0.537909 0.28989 0.355979 630.743 398096 0.466721
0.87 0.0599013 0.844798 0.542349 0.294688 0.361056 634.121 402364 0.460282
0.86 0.0517313 0.875632 0.545352 0.297964 0.371714 636.056 404823 0.466649
0.85 0.042744 0.906956 0.549272 0.302263 0.381536 638.487 407932 0.489797
0.84 0.0339092 0.9156 0.552981 0.306356 0.390024 640.92 411041 0.488907
0.83 0.0259688 0.992196 0.555988 0.309698 0.39958 642.782 413437 0.503026
0.82 0.0146133 0.995133 0.560868 0.315133 0.393929 646.13 417745 0.491893
0.81 0.00456798 1.03441 0.565324 0.320159 0.403861 649.184 421698 0.490867
0.8 -0.00604619 1.08865 0.569897 0.325357 0.413091 652.109 425509 0.503905
0.79 -0.0167041 1.08742 0.574511 0.330628 0.411944 654.985 429261 0.49465
0.78 -0.0272186 1.17595 0.579187 0.336033 0.42484 658.091 433348 0.514949
0.77 -0.0387787 1.21064 0.584216 0.341888 0.43359 661.29 437564 0.508794
0.76 -0.0511612 1.24984 0.589679 0.348285 0.427458 664.788 442201 0.511005
0.75 -0.0637052 1.2748 0.595491 0.35518 0.437386 668.569 447239 0.506474
0.74 -0.0766238 1.35713 0.60109 0.361885 0.447447 672.121 452006 0.522291
0.73 -0.0924093 1.41636 0.608673 0.371064 0.458755 677.149 458790 0.52469
0.72 -0.107329 1.51843 0.615307 0.379193 0.472275 681.298 464430 0.535163
0.71 -0.120858 1.51776 0.621697 0.38708 0.464808 685.403 470031 0.520681
0.7 -0.136035 1.59632 0.628516 0.395611 0.475781 689.606 475814 0.535336
0.69 -0.15322 1.62592 0.636168 0.405268 0.466371 694.386 482420 0.515569
0.68 -0.167983 1.75773 0.643388 0.414518 0.482678 698.964 488803 0.530197
0.67 -0.187787 1.82023 0.652462 0.426276 0.490308 704.656 496794 0.537047
0.66 -0.205686 1.90089 0.660615 0.436975 0.491334 709.718 503946 0.524562
0.65 -0.225974 1.99047 0.669973 0.449428 0.499095 715.695 512471 0.542033
0.64 -0.246675 2.06021 0.679437 0.462183 0.493252 721.768 521194 0.53047
0.63 -0.267664 2.20812 0.68936 0.475771 0.50677 727.835 529987 0.531477
0.62 -0.290156 2.25239 0.699368 0.489655 0.501224 734.291 539422 0.52329
0.61 -0.311823 2.40811 0.709234 0.503557 0.513454 740.24 548197 0.534184
0.6 -0.336079 2.3904 0.720177 0.519166 0.490061 747.002 558239 0.506498
0.59 -0.361776 2.67033 0.731701 0.535908 0.510174 754.017 568776 0.525836
0.58 -0.387925 2.67844 0.743145 0.552765 0.497358 761.307 579817 0.515111
0.57 -0.41547 2.82372 0.755175 0.570776 0.491222 768.792 591261 0.500665
0.56 -0.446466 2.90239 0.768573 0.591171 0.480047 777.385 604544 0.497729
0.55 -0.474627 2.87646 0.78054 0.609681 0.458161 784.834 616167 0.470967
0.54 -0.503157 3.08685 0.792468 0.628441 0.463493 791.914 627332 0.476703
0.53 -0.53291 3.12235 0.804884 0.648245 0.442125 799.647 639628 0.45567
0.52 -0.564285 3.03257 0.8175 0.668685 0.420126 807.575 652357 0.426513
0.51 -0.596351 3.05794 0.830217 0.689608 0.392504 815.609 665391 0.414756
0.5 -0.627127 3.11233 0.842361 0.709901 0.380304 822.955 677418 0.395424
0.49 -0.658839 3.11835 0.854569 0.730585 0.349207 830.573 690007 0.380321
0.48 -0.687899 2.94789 0.865473 0.749315 0.326037 837.225 701087 0.353852
0.47 -0.716769 2.96078 0.875882 0.767423 0.310131 843.808 712147 0.34063
0.46 -0.747501 2.94157 0.886978 0.786961 0.288552 850.787 723966 0.32629
0.45 -0.775884 2.7614 0.896735 0.804339 0.261376 856.817 734250 0.297579
0.44 -0.802627 2.7206 0.905972 0.82097 0.24226 862.532 744073 0.293712
0.43 -0.831021 2.59929 0.915163 0.837689 0.221154 868.524 754438 0.278688
0.42 -0.85674 2.61319 0.923618 0.853221 0.20663 873.699 763448 0.266241
0.41 -0.881831 2.44109 0.931477 0.867782 0.186141 878.728 772253 0.252874
0.4 -0.905705 2.41532 0.938534 0.880965 0.16989 883.29 780286 0.242525
0.39 -0.929301 2.23437 0.945529 0.894127 0.150787 887.847 788353 0.234709
0.38 -0.951687 2.14788 0.951814 0.906038 0.134722 892.04 795812 0.226046
0.37 -0.973239 2.07094 0.957553 0.916986 0.122354 896.071 803017 0.221672
0.36 -0.993659 2.00019 0.962772 0.926999 0.109079 899.813 809733 0.217037
0.35 -1.01347 1.92757 0.967709 0.93652 0.0968833 903.308 816032 0.210546
0.34 -1.0319 1.86836 0.972082 0.944993 0.0847448 906.502 821809 0.204624
0.33 -1.05019 1.70596 0.976061 0.952737 0.0741714 909.651 827524 0.196313
0.32 -1.0676 1.68354 0.979687 0.959823 0.0645315 912.667 833018 0.195511
0.31 -1.08424 1.63514 0.982877 0.966078 0.0561754 915.402 838015 0.191847
0.3 -1.10015 1.55398 0.985747 0.971723 0.0490322 918.177 843101 0.190357
0.29 -1.11531 1.52602 0.988245 0.976648 0.0412576 920.731 847797 0.19105
0.28 -1.12995 1.47935 0.990418 0.980945 0.0355378 923.089 852142 0.185721
0.27 -1.14455 1.41055 0.992374 0.98482 0.0287655 925.447 856497 0.184476
0.26 -1.15851 1.3581 0.994027 0.988101 0.0235506 927.783 860825 0.185808
0.25 -1.17148 1.29396 0.995345 0.99072 0.0188517 929.964 864874 0.177777
0.24 -1.18448 1.22639 0.99652 0.993059 0.01478 932.117 868882 0.179409
0.23 -1.1967 1.21517 0.997414 0.994839 0.0113715 934.063 872513 0.178499
0.22 -1.20876 1.20243 0.998135 0.996277 0.00860329 935.986 876106 0.17616
0.21 -1.22028 1.1659 0.998703 0.99741 0.00623422 937.923 879733 0.171666
0.2 -1.23193 1.12148 0.999118 0.998239 0.00440746 939.755 883173 0.173522
0.19 -1.24301 1.09222 0.999433 0.998867 0.00298323 941.547 886542 0.17289
0.18 -1.25413 1.06784 0.999648 0.999297 0.00194457 943.346 889931 0.174361
0.17 -1.26503 1.07841 0.999799 0.999599 0.00118745 945.127 893293 0.172982
0.16 -1.2757 1.0591 0.999888 0.999776 0.000701999 946.836 896525 0.172665
0.15 -1.28627 1.0615 0.999947 0.999895 0.000349257 948.588 899844 0.170091
0.14 -1.29678 1.05099 0.999974 0.999948 0.000185702 950.315 903121 0.172415
0.13 -1.30728 1.0316 0.999989 0.999978 8.36046e-05 951.976 906280 0.171481
0.12 -1.31774 1.03048 0.999997 0.999993 2.74362e-05 953.648 909465 0.170034
0.11 -1.32811 1.02698 0.999999 0.999999 5.52206e-06 955.334 912681 0.170855
0.1 -1.33844 1.03648 1 1 0 957.026 915915 0.169313
0.09 -1.34876 1.02174 1 1 0 958.708 919137 0.170156
0.08 -1.35905 1.01895 1 1 0 960.372 922328 0.167847
0.07 -1.36931 1.01777 1 1 0 962.013 925480 0.16868
0.06 -1.37946 1.01636 1 1 0 963.688 928704 0.171788
0.05 -1.38967 0.999465 1 1 0 965.321 931852 0.166271
0.04 -1.39979 0.991418 1 1 0 966.917 934934 0.168842
0.03 -1.40988 1.03289 1 1 0 968.569 938131 0.169936
0.02 -1.41995 1.01162 1 1 0 970.206 941303 0.167563
0.01 -1.42999 0.995508 1 1 0 971.835 944464 0.169829
