1 0.406849 0.154302 0.0176631 0.000348794 0.0212019 387.662 150560 0.71721
0.99 0.405443 0.156438 0.01731 0.000335886 0.0210914 387.148 150156 0.710305
0.98 0.403999 0.151482 0.017114 0.000327695 0.0204581 386.975 150023 0.719778
0.97 0.402199 0.150822 0.0169532 0.000322743 0.0209804 387.387 150334 0.706037
0.96 0.400984 0.15295 0.0167062 0.000313553 0.0206724 387.045 150065 0.702847
0.95 0.399034 0.151472 0.0164036 0.000301842 0.0198663 387.093 150100 0.703771
0.94 0.397665 0.150151 0.0161257 0.000292628 0.0199699 386.605 149723 0.714032
0.93 0.396021 0.153805 0.0158419 0.000283322 0.0200393 386.556 149682 0.712557
0.92 0.39454 0.153384 0.0156105 0.000275743 0.0200694 386.53 149662 0.720004
0.91 0.393139 0.154769 0.0152924 0.000264671 0.0195031 386.24 149430 0.707859
0.9 0.391648 0.154577 0.0151945 0.000261833 0.0198138 386.348 149510 0.703211
0.89 0.389851 0.154612 0.0149134 0.000252971 0.0197795 386.603 149707 0.711676
0.88 0.387939 0.156701 0.0146229 0.000242982 0.0190817 386.258 149435 0.703613
0.87 0.386882 0.15272 0.0145905 0.000242111 0.0193523 386.432 149571 0.719521
0.86 0.385162 0.152289 0.0142482 0.000231448 0.0190464 386.444 149572 0.701368
0.85 0.383569 0.152773 0.0139299 0.00022162 0.0186886 386.274 149438 0.70253
0.84 0.382196 0.158653 0.0137949 0.000217421 0.0185981 386.234 149403 0.695823
0.83 0.380777 0.155606 0.0136341 0.000213346 0.0190546 386.28 149433 0.687164
0.82 0.379247 0.157226 0.013451 0.000207483 0.0186531 386.452 149566 0.69649
0.81 0.377645 0.156836 0.0132018 0.000200341 0.0185267 386.402 149524 0.694784
0.8 0.376308 0.156935 0.0130145 0.00019463 0.0181823 386.412 149529 0.695495
0.79 0.374573 0.157257 0.012745 0.000187015 0.0179223 386.306 149441 0.685513
0.78 0.372948 0.160683 0.0126329 0.000184114 0.0181098 386.69 149743 0.709238
0.77 0.371522 0.163687 0.0125301 0.000181139 0.018054 387.048 150019 0.714681
0.76 0.369697 0.162503 0.0123464 0.000176714 0.0184014 387.125 150076 0.712969
0.75 0.367924 0.165917 0.0121378 0.000171219 0.0183484 387.379 150269 0.710368
0.74 0.366302 0.166671 0.0119586 0.000166311 0.0181385 387.554 150397 0.692288
0.73 0.365083 0.16667 0.0120006 0.000167091 0.0182082 388.185 150891 0.716952
0.72 0.363138 0.169075 0.0116043 0.000157421 0.0182084 387.838 150617 0.711865
0.71 0.361276 0.169147 0.0115122 0.000154748 0.0180233 388.26 150938 0.699985
0.7 0.359847 0.173773 0.0113451 0.000150766 0.0181473 388.473 151104 0.7073
0.69 0.357634 0.168824 0.0112577 0.000148087 0.017823 389.101 151589 0.704989
0.68 0.356387 0.174811 0.0110274 0.000143108 0.0182147 389.116 151596 0.700141
0.67 0.354625 0.175085 0.0108884 0.000139754 0.0182232 389.273 151718 0.707913
0.66 0.352746 0.176816 0.0107446 0.000136214 0.0181243 389.731 152072 0.707184
0.65 0.350703 0.180329 0.0106424 0.000133488 0.0179237 390.091 152350 0.707687
0.64 0.349203 0.184717 0.0103939 0.000127765 0.0177578 390.307 152513 0.692577
0.63 0.347303 0.182061 0.0104534 0.000128744 0.017802 390.828 152916 0.689021
0.62 0.345536 0.186688 0.0103181 0.000126063 0.0182098 391.356 153335 0.723265
0.61 0.343589 0.190674 0.0100957 0.000120852 0.0178734 391.636 153548 0.708623
0.6 0.341241 0.190295 0.00988854 0.000116629 0.0180916 392.189 153979 0.710925
0.59 0.339772 0.195955 0.00992986 0.000117136 0.0180937 392.655 154344 0.716711
0.58 0.337436 0.197963 0.00977387 0.000113675 0.018021 393.111 154697 0.705217
0.57 0.335647 0.203583 0.00963602 0.000111298 0.018639 393.576 155063 0.718626
0.56 0.333504 0.207784 0.00954453 0.000109426 0.0188517 394.291 155624 0.717368
0.55 0.33136 0.208271 0.00944878 0.000107032 0.0185915 394.869 156080 0.72893
0.54 0.329569 0.22262 0.00946944 0.000107572 0.0190954 395.626 156677 0.735441
0.53 0.327208 0.219278 0.00922205 0.000102384 0.0188421 395.957 156935 0.728291
0.52 0.325147 0.222631 0.00920894 0.000102121 0.0191818 396.605 157444 0.719837
0.51 0.322892 0.227815 0.00907691 9.95322e-05 0.0193603 397.314 158006 0.727725
0.5 0.320497 0.23111 0.00902569 9.85795e-05 0.019718 398.012 158558 0.726076
0.49 0.318085 0.236463 0.00900095 9.7786e-05 0.0197119 399.022 159360 0.722835
0.48 0.315555 0.242509 0.008898 9.56786e-05 0.0198049 399.885 160048 0.729129
0.47 0.313399 0.239533 0.00881753 9.39194e-05 0.0198174 400.379 160440 0.725208
0.46 0.31085 0.252532 0.00894488 9.61897e-05 0.0202588 401.752 161543 0.748416
0.45 0.308264 0.263495 0.00871597 9.22393e-05 0.0208271 402.267 161954 0.747035
0.44 0.30561 0.268406 0.00884271 9.43625e-05 0.0211667 403.516 162955 0.728787
0.43 0.302941 0.274655 0.00873359 9.25933e-05 0.0218581 404.458 163717 0.75297
0.42 0.299933 0.282727 0.00858724 8.94554e-05 0.0215516 405.479 164539 0.742049
0.41 0.296995 0.292651 0.00865043 9.08949e-05 0.0225692 406.93 165721 0.771143
0.4 0.294337 0.298553 0.00863464 9.08714e-05 0.0234928 407.671 166319 0.759376
0.39 0.291294 0.309444 0.00857778 8.92313e-05 0.0231183 408.938 167353 0.766681
0.38 0.288199 0.31759 0.00864306 9.07703e-05 0.0243555 410.206 168390 0.771774
0.37 0.284798 0.326142 0.00856649 8.90272e-05 0.0243515 411.544 169487 0.776182
0.36 0.281427 0.334947 0.00879609 9.36588e-05 0.0260601 413.255 170894 0.769973
0.35 0.27813 0.352945 0.00892014 9.62282e-05 0.0274164 414.988 172331 0.802184
0.34 0.274369 0.357886 0.00884644 9.44856e-05 0.0274889 416.538 173617 0.798765
0.33 0.270909 0.376902 0.00911111 9.98261e-05 0.0293476 418.255 175048 0.802595
0.32 0.267023 0.39049 0.00908012 9.96897e-05 0.031034 419.878 176408 0.820595
0.31 0.26288 0.411277 0.00940408 0.000105956 0.0325525 422.181 178346 0.834125
0.3 0.258776 0.436645 0.00936745 0.000106114 0.0352599 423.996 179881 0.847693
0.29 0.254305 0.442377 0.00965799 0.000110544 0.0342956 426.365 181891 0.836553
0.28 0.249897 0.472511 0.00990313 0.000117032 0.0390042 428.67 183863 0.870897
0.27 0.245051 0.484736 0.0102793 0.00012522 0.0417225 431.333 186150 0.874455
0.26 0.240061 0.518513 0.0105458 0.000130342 0.0423736 434.088 188532 0.883853
0.25 0.234848 0.544632 0.0107878 0.000136442 0.0462284 436.784 190880 0.907332
0.24 0.229217 0.565345 0.0117245 0.000159384 0.0526095 440.499 194139 0.937896
0.23 0.223536 0.595148 0.0122975 0.000174479 0.0582292 443.732 196996 0.960508
0.22 0.217173 0.638868 0.0130151 0.000195175 0.0675015 447.73 200561 1.00297
0.21 0.21079 0.664386 0.0139733 0.000219686 0.0670192 451.958 204359 0.979434
0.2 0.203769 0.728819 0.0148569 0.00025087 0.0868054 456.351 208353 1.05935
0.19 0.196134 0.779674 0.016301 0.000296627 0.0936839 461.768 213326 1.09813
0.18 0.188148 0.819571 0.0180202 0.000358381 0.107689 467.584 218728 1.11577
0.17 0.179503 0.929435 0.0206645 0.000476267 0.166857 474.514 225271 1.33929
0.16 0.169915 0.99167 0.0240456 0.000625116 0.168934 482.727 233130 1.35968
0.15 0.158785 1.10432 0.0298733 0.000955459 0.2421 493.528 243684 1.53491
0.14 0.146507 1.41089 0.0375661 0.00152423 0.464984 506.36 256557 2.20475
0.13 -0.624072 1.02008 0.999954 0.999908 0.000359844 1329 1.76625e+06 0.0834159
0.12 -0.634214 1.01603 0.999981 0.999962 0.00015527 1329.81 1.76841e+06 0.0853527
0.11 -0.644366 1.02815 0.999993 0.999987 6.13251e-05 1330.67 1.7707e+06 0.0830954
0.1 -0.65446 1.02049 0.999998 0.999997 1.73437e-05 1331.45 1.77277e+06 0.0846808
0.09 -0.664653 0.99588 1 0.999999 3.85725e-06 1332.28 1.77497e+06 0.083139
0.08 -0.674699 0.996017 1 1 1.08501e-06 1333.06 1.77706e+06 0.0833599
0.07 -0.684779 1.01736 1 1 0 1333.88 1.77924e+06 0.0838972
0.06 -0.694866 0.996325 1 1 0 1334.68 1.78138e+06 0.0825041
0.05 -0.704902 1.01246 1 1 0 1335.52 1.78362e+06 0.0832249
0.04 -0.714946 0.995235 1 1 0 1336.34 1.78581e+06 0.0834346
0.03 -0.724976 0.972585 1 1 0 1337.13 1.78793e+06 0.0836518
0.02 -0.734997 0.997892 1 1 0 1337.95 1.79012e+06 0.0827175
0.01 -0.745008 0.999126 1 1 8.68012e-06 1338.75 1.79224e+06 0.0834673
