1 0.562756 0.366232 0.165656 0.0277142 0.156883 435.196 189621 0.518443
0.99 0.558987 0.375387 0.164057 0.0271885 0.159207 434.833 189305 0.523615
0.98 0.555136 0.371737 0.162367 0.0266335 0.158961 434.617 189106 0.502772
0.97 0.550986 0.366705 0.160751 0.026101 0.154484 434.472 188985 0.520654
0.96 0.547259 0.373903 0.15902 0.0255515 0.158505 433.805 188410 0.536123
0.95 0.54393 0.370108 0.157346 0.0250203 0.159177 433.504 188148 0.540023
0.94 0.540184 0.379621 0.155921 0.024575 0.161651 433.367 188024 0.534535
0.93 0.536717 0.377404 0.154043 0.0239864 0.159207 432.767 187505 0.541127
0.92 0.532718 0.377051 0.15239 0.0234797 0.160957 432.598 187355 0.537594
0.91 0.529082 0.377033 0.150558 0.0229149 0.156445 432.008 186844 0.542383
0.9 0.525169 0.385924 0.148714 0.0223702 0.162722 431.539 186441 0.554666
0.89 0.521629 0.379272 0.147355 0.0219586 0.158604 431.61 186499 0.551647
0.88 0.517722 0.384459 0.145598 0.0214442 0.1607 431.346 186274 0.566776
0.87 0.513579 0.382946 0.143622 0.0208707 0.161151 430.866 185855 0.559387
0.86 0.510134 0.387143 0.141959 0.0203975 0.164115 430.451 185495 0.55919
0.85 0.506113 0.382806 0.140546 0.0199939 0.163111 430.685 185697 0.565636
0.84 0.502266 0.395043 0.138633 0.0194567 0.162887 430.103 185195 0.572162
0.83 0.498287 0.384187 0.136734 0.0189301 0.162308 429.653 184804 0.567604
0.82 0.494318 0.389534 0.134954 0.0184444 0.162796 429.387 184577 0.578168
0.81 0.49036 0.380395 0.132922 0.0178888 0.156916 428.747 184022 0.569328
0.8 0.486633 0.390079 0.131157 0.017427 0.161826 428.334 183667 0.575707
0.79 0.482639 0.386343 0.129332 0.0169446 0.158896 428.231 183577 0.57704
0.78 0.479034 0.389174 0.127396 0.0164444 0.158452 427.533 182977 0.575376
0.77 0.475097 0.391753 0.125732 0.0160241 0.161266 427.66 183084 0.580606
0.76 0.471048 0.394227 0.123866 0.0155569 0.162347 427.164 182660 0.58975
0.75 0.467308 0.394257 0.121977 0.0150895 0.162033 426.979 182501 0.591517
0.74 0.463383 0.393586 0.120086 0.0146273 0.160897 426.392 181998 0.593379
0.73 0.459187 0.391946 0.118326 0.0142056 0.161383 426.248 181875 0.603263
0.72 0.455286 0.397694 0.116311 0.0137325 0.16348 425.905 181578 0.598065
0.71 0.451365 0.398994 0.114509 0.0133112 0.161317 425.533 181262 0.609167
0.7 0.447246 0.39331 0.112431 0.0128346 0.159583 425.199 180974 0.605132
0.69 0.443144 0.396687 0.110667 0.0124428 0.163317 425.086 180879 0.617426
0.68 0.439396 0.394535 0.108707 0.012003 0.157401 424.514 180391 0.620767
0.67 0.435254 0.401095 0.106906 0.0116169 0.161631 424.683 180529 0.611951
0.66 0.431144 0.398073 0.104828 0.011172 0.159742 424.157 180083 0.620642
0.65 0.427466 0.406053 0.102947 0.0107819 0.162957 423.7 179696 0.632214
0.64 0.42315 0.400775 0.101163 0.0104121 0.160344 423.789 179769 0.631391
0.63 0.419188 0.404447 0.0991684 0.0100103 0.160811 423.475 179502 0.639107
0.62 0.415195 0.403635 0.0971831 0.00961264 0.156161 423.194 179263 0.649242
0.61 0.411265 0.405331 0.0953725 0.00926706 0.161606 423.056 179147 0.658644
0.6 0.407197 0.409076 0.093384 0.00888271 0.155649 422.758 178887 0.640772
0.59 0.40308 0.408924 0.091276 0.00849369 0.158522 422.451 178625 0.643631
0.58 0.399069 0.407966 0.0895639 0.00817618 0.153427 422.449 178623 0.649548
0.57 0.395086 0.409124 0.0874844 0.00780893 0.157051 422.042 178277 0.654881
0.56 0.390946 0.414615 0.0857171 0.0074993 0.156218 422.193 178405 0.667634
0.55 0.386721 0.414158 0.0835915 0.00713542 0.154877 421.916 178165 0.65235
0.54 0.382679 0.412946 0.0817828 0.00683171 0.152838 421.726 178004 0.664539
0.53 0.378568 0.416278 0.0797249 0.00650159 0.158156 421.713 177992 0.673121
0.52 0.374254 0.411194 0.0779396 0.00621243 0.1527 421.925 178169 0.675188
0.51 0.370067 0.416649 0.0757951 0.0058814 0.154181 421.392 177716 0.672902
0.5 0.366055 0.414176 0.0740662 0.00561494 0.148767 421.622 177908 0.674953
0.49 0.361616 0.41639 0.0721519 0.00533556 0.15242 421.752 178019 0.698275
0.48 0.357816 0.425508 0.0703381 0.00507471 0.152708 421.902 178141 0.691286
0.47 0.353639 0.425374 0.0683411 0.00479116 0.147863 421.752 178014 0.702107
0.46 0.349184 0.427826 0.0664847 0.0045368 0.145976 422.027 178241 0.693467
0.45 0.344687 0.430946 0.0644699 0.00427257 0.148736 422.071 178276 0.696185
0.44 0.340531 0.430055 0.0626997 0.00404326 0.14662 422.235 178415 0.711787
0.43 0.336146 0.428929 0.0609351 0.0038212 0.144825 422.748 178846 0.71545
0.42 0.331704 0.434282 0.0589471 0.00357975 0.143975 422.956 179020 0.722191
0.41 0.327483 0.442102 0.0569306 0.00334134 0.140836 423.104 179141 0.711306
0.4 0.323074 0.449791 0.0554064 0.00316878 0.142421 423.665 179615 0.727525
0.39 0.318367 0.459184 0.053525 0.00296195 0.143299 424.132 180009 0.731552
0.38 0.3138 0.455927 0.0517731 0.00277284 0.140034 424.757 180536 0.727226
0.37 0.309451 0.464899 0.0499845 0.00258776 0.139044 425.215 180924 0.740837
0.36 0.304659 0.466968 0.0482616 0.00241527 0.13774 425.943 181540 0.734669
0.35 0.30013 0.476328 0.0464888 0.00224389 0.136066 426.52 182034 0.765676
0.34 0.295035 0.486736 0.044672 0.00207569 0.135702 427.444 182816 0.74029
0.33 0.290257 0.495049 0.0429523 0.00192201 0.134605 428.205 183466 0.75498
0.32 0.285384 0.507836 0.0412342 0.0017738 0.132375 429.215 184330 0.758854
0.31 0.28028 0.512923 0.0396641 0.00164421 0.131864 430.471 185407 0.763832
0.3 0.275216 0.519848 0.0379439 0.00150818 0.131395 431.364 186175 0.776438
0.29 0.269987 0.53755 0.036344 0.00138483 0.12701 432.745 187367 0.785102
0.28 0.264451 0.553402 0.0346364 0.00126048 0.12507 434.202 188627 0.785521
0.27 0.258947 0.56947 0.0329353 0.00114422 0.126904 435.538 189786 0.785332
0.26 0.253092 0.594616 0.031463 0.00104674 0.125881 437.511 191505 0.788444
0.25 0.247081 0.600579 0.0299718 0.000951898 0.123471 439.53 193276 0.809785
0.24 0.24102 0.617865 0.0283206 0.00085226 0.120493 441.523 195028 0.809102
0.23 0.234625 0.639685 0.0267805 0.000765134 0.12006 443.757 197004 0.812494
0.22 0.22801 0.687099 0.0252773 0.000682964 0.115253 446.326 199287 0.815295
0.21 0.221012 0.705794 0.0237821 0.000608046 0.116454 448.879 201571 0.835315
0.2 0.213958 0.739338 0.0225 0.000546521 0.115981 452.095 204465 0.836296
0.19 0.206169 0.78242 0.0210437 0.000479929 0.112441 455.478 207534 0.847044
0.18 0.198282 0.819755 0.0196547 0.000420692 0.110034 459.058 210805 0.858614
0.17 0.189868 0.888185 0.0181727 0.000362533 0.109389 463.125 214553 0.868645
0.16 0.181044 0.919712 0.016813 0.000312536 0.107492 467.445 218569 0.859019
0.15 0.171495 0.971621 0.0154661 0.00026617 0.103559 472.582 223396 0.884668
0.14 0.161393 1.04688 0.0140309 0.000221363 0.100788 477.891 228438 0.876617
0.13 0.150874 1.10246 0.0127469 0.000184915 0.0993897 483.889 234205 0.901416
0.12 0.13958 1.16601 0.011384 0.000149715 0.0965701 490.358 240503 0.887428
0.11 0.127609 1.22392 0.00991736 0.000116017 0.0924872 497.368 247423 0.875796
0.1 0.115297 1.24719 0.00843733 8.60855e-05 0.0858068 504.662 254727 0.866395
0.09 0.102737 1.28063 0.00699323 6.11262e-05 0.0782139 512.223 262411 0.836408
0.08 0.0900513 1.27745 0.00543889 3.918e-05 0.0691095 519.837 270264 0.816413
0.07 0.0773806 1.24353 0.00395625 2.25363e-05 0.0566486 527.485 278270 0.8037
0.06 0.0651762 1.20461 0.00252526 1.07716e-05 0.0421885 534.823 286060 0.772252
0.05 0.0533737 1.15811 0.00135122 4.17179e-06 0.027026 541.973 293755 0.735386
0.04 0.0420093 1.13046 0.00051033 1.14068e-06 0.0126755 548.939 301349 0.712318
0.03 0.0310187 1.06853 0.000103646 1.89586e-07 0.00343379 555.973 309117 0.691231
0.02 0.0204253 1.04014 2.86458e-06 4.97323e-09 0.000142993 562.802 316754 0.678011
0.01 0.0100984 1.00212 0 0 0 569.473 324304 0.674002
