3 -2.03508 1.02956 1 1 0 1248.63 1.55909e+06 0.135544
2.99 -2.02513 1.01763 1 1 0 1248.67 1.55919e+06 0.133573
2.98 -2.01507 1.01678 1 1 0 1248.69 1.55923e+06 0.13609
2.97 -2.0051 1.01489 1 1 0 1248.67 1.5592e+06 0.136242
2.96 -1.99513 1.02923 1 1 0 1248.67 1.5592e+06 0.137591
2.95 -1.9851 1.02227 1 1 0 1248.61 1.55905e+06 0.133987
2.94 -1.97516 1.03121 1 1 0 1248.61 1.55904e+06 0.132636
2.93 -1.96514 1.03515 1 1 0 1248.61 1.55906e+06 0.13105
2.92 -1.95508 1.01638 1 1 0 1248.62 1.55907e+06 0.134442
2.91 -1.94505 1.00574 1 1 0 1248.61 1.55903e+06 0.136692
2.9 -1.93512 1.0163 1 1 0 1248.6 1.55903e+06 0.134849
2.89 -1.92514 1.01558 1 1 0 1248.65 1.55915e+06 0.136627
2.88 -1.91508 1.00085 1 1 0 1248.62 1.55907e+06 0.133174
2.87 -1.90507 1.02657 1 1 0 1248.64 1.55911e+06 0.13297
2.86 -1.89507 1.01901 1 1 0 1248.62 1.55907e+06 0.136133
2.85 -1.88511 1.00432 1 1 0 1248.63 1.5591e+06 0.136211
2.84 -1.87512 1.02795 1 1 0 1248.63 1.55908e+06 0.134696
2.83 -1.86514 1.01206 1 1 0 1248.64 1.55911e+06 0.135843
2.82 -1.85511 1.01546 1 1 0 1248.59 1.55899e+06 0.13439
2.81 -1.84509 0.998569 1 1 0 1248.65 1.55914e+06 0.137104
2.8 -1.8351 1.01546 1 1 0 1248.68 1.55921e+06 0.136481
2.79 -1.82518 1.02255 1 1 0 1248.63 1.55909e+06 0.136767
2.78 -1.81508 1.01555 1 1 0 1248.59 1.559e+06 0.134252
2.77 -1.80514 0.988591 1 1 0 1248.66 1.55918e+06 0.133749
2.76 -1.79513 1.01693 1 1 0 1248.66 1.55917e+06 0.134442
2.75 -1.78512 1.0368 1 1 0 1248.65 1.55914e+06 0.134831
2.74 -1.7751 1.02937 1 1 0 1248.62 1.55908e+06 0.134187
2.73 -1.7651 1.0312 1 1 0 1248.62 1.55908e+06 0.134028
2.72 -1.75511 0.996745 1 1 0 1248.68 1.55922e+06 0.134481
2.71 -1.74507 1.01652 1 1 0 1248.66 1.55918e+06 0.134639
2.7 -1.73514 1.01702 1 1 0 1248.69 1.55924e+06 0.135317
2.69 -1.72502 1.02124 1 1 0 1248.64 1.55911e+06 0.135774
2.68 -1.71514 1.01221 1 1 0 1248.62 1.55907e+06 0.135101
2.67 -1.70516 1.01929 1 1 0 1248.63 1.55909e+06 0.134128
2.66 -1.69513 1.0287 1 1 0 1248.7 1.55926e+06 0.135318
2.65 -1.68508 1.02585 1 1 0 1248.62 1.55906e+06 0.133467
2.64 -1.67509 1.04905 1 1 0 1248.66 1.55916e+06 0.134691
2.63 -1.66505 1.01646 1 1 0 1248.65 1.55913e+06 0.134714
2.62 -1.65508 1.02275 1 1 0 1248.62 1.55907e+06 0.135669
2.61 -1.64512 1.03256 1 1 0 1248.65 1.55915e+06 0.136971
2.6 -1.63513 1.01412 1 1 0 1248.7 1.55927e+06 0.13445
2.59 -1.62511 1.02728 1 1 0 1248.64 1.55912e+06 0.136043
2.58 -1.61509 1.01658 1 1 0 1248.68 1.55921e+06 0.135784
2.57 -1.60509 1.01208 1 1 0 1248.6 1.55901e+06 0.135741
2.56 -1.5951 1.02215 1 1 0 1248.59 1.559e+06 0.135768
2.55 -1.5851 1.00535 1 1 0 1248.6 1.55902e+06 0.13381
2.54 -1.5751 1.01417 1 1 0 1248.63 1.55909e+06 0.134845
2.53 -1.56513 1.02056 1 1 0 1248.63 1.5591e+06 0.135065
2.52 -1.55507 1.02665 1 1 0 1248.63 1.55908e+06 0.135437
2.51 -1.54508 1.0278 1 1 0 1248.65 1.55913e+06 0.136349
2.5 -1.53508 1.03118 1 1 0 1248.66 1.55917e+06 0.133368
2.49 -1.52508 1.01896 1 1 0 1248.6 1.55903e+06 0.135134
2.48 -1.51508 1.03398 1 1 0 1248.69 1.55926e+06 0.134331
2.47 -1.50508 1.0257 1 1 0 1248.62 1.55907e+06 0.133909
2.46 -1.49509 1.01501 1 1 0 1248.61 1.55904e+06 0.136394
2.45 -1.48509 1.02163 1 1 0 1248.64 1.55913e+06 0.133571
2.44 -1.47516 1.01186 1 1 0 1248.69 1.55924e+06 0.133849
2.43 -1.46516 1.01247 1 1 0 1248.66 1.55916e+06 0.133336
2.42 -1.45511 1.01457 1 1 0 1248.58 1.55897e+06 0.134564
2.41 -1.44509 1.02718 1 1 0 1248.65 1.55914e+06 0.134942
2.4 -1.43509 1.02638 1 1 0 1248.63 1.5591e+06 0.135603
2.39 -1.42505 1.02112 1 1 0 1248.7 1.55928e+06 0.135042
2.38 -1.41508 1.01397 1 1 8.68012e-07 1248.62 1.55907e+06 0.132551
2.37 -1.40513 1.01386 1 1 0 1248.67 1.5592e+06 0.134546
2.36 -1.39509 1.02101 1 1 0 1248.63 1.55909e+06 0.138879
2.35 -1.38512 1.01374 1 1 0 1248.62 1.55906e+06 0.137199
2.34 -1.37509 1.01873 1 1 0 1248.62 1.55908e+06 0.136176
2.33 -1.36511 1.01799 1 1 0 1248.67 1.55921e+06 0.134809
2.32 -1.35509 1.01839 1 1 0 1248.64 1.55912e+06 0.13703
2.31 -1.34517 1.00629 1 1 0 1248.66 1.55917e+06 0.136486
2.3 -1.33513 1.02518 1 1 0 1248.66 1.55918e+06 0.134328
2.29 -1.32512 1.01257 1 1 0 1248.66 1.55917e+06 0.134552
2.28 -1.31506 1.00268 1 1 0 1248.65 1.55913e+06 0.134124
2.27 -1.30511 1.01285 1 1 0 1248.61 1.55905e+06 0.13432
2.26 -1.29511 1.03443 1 1 1.73594e-06 1248.62 1.55907e+06 0.13453
2.25 -1.28515 1.01788 1 1 0 1248.64 1.55912e+06 0.135361
2.24 -1.27512 1.01234 1 1 0 1248.61 1.55905e+06 0.135224
2.23 -1.26515 1.00982 1 1 0 1248.65 1.55914e+06 0.133814
2.22 -1.25504 1.02408 1 1 0 1248.6 1.55902e+06 0.134256
2.21 -1.24512 1.00172 1 1 8.68012e-07 1248.63 1.55911e+06 0.13421
2.2 -1.23511 1.03171 1 1 0 1248.66 1.55918e+06 0.136143
2.19 -1.22515 1.03021 1 1 0 1248.67 1.5592e+06 0.135177
2.18 -1.21511 1.00578 1 1 0 1248.63 1.5591e+06 0.135599
2.17 -1.20512 1.00297 1 1 8.68012e-07 1248.65 1.55915e+06 0.135431
2.16 -1.19517 1.03482 1 1 1.73594e-06 1248.64 1.55911e+06 0.135311
2.15 -1.18516 1.02661 1 1 0 1248.65 1.55915e+06 0.135797
2.14 -1.17509 1.02407 1 1 0 1248.69 1.55925e+06 0.13583
2.13 -1.16507 1.02172 1 1 0 1248.66 1.55916e+06 0.136696
2.12 -1.15514 1.01908 1 1 1.73594e-06 1248.67 1.55921e+06 0.137366
2.11 -1.14514 1.00531 1 1 0 1248.58 1.55897e+06 0.134426
2.1 -1.1351 1.01911 1 1 8.68012e-07 1248.66 1.55918e+06 0.134365
2.09 -1.12511 1.02222 1 1 8.68012e-07 1248.62 1.55906e+06 0.136514
2.08 -1.11513 1.02205 1 1 0 1248.69 1.55925e+06 0.136535
2.07 -1.10508 1.02391 1 1 8.68012e-07 1248.6 1.55902e+06 0.134783
2.06 -1.09508 1.0287 1 1 1.73594e-06 1248.64 1.55912e+06 0.136239
2.05 -1.08507 0.997134 1 1 8.68012e-07 1248.66 1.55918e+06 0.13577
2.04 -1.07511 1.02341 1 1 8.68012e-07 1248.64 1.55912e+06 0.136703
2.03 -1.06507 1.02089 1 0.999999 2.60378e-06 1248.62 1.55907e+06 0.133604
2.02 -1.05515 1.01549 1 1 1.73594e-06 1248.69 1.55924e+06 0.137321
2.01 -1.04513 1.0095 1 1 8.68012e-07 1248.63 1.5591e+06 0.133869
2 -1.03507 1.03112 1 0.999999 2.60378e-06 1248.63 1.55909e+06 0.135309
1.99 -1.02512 1.015 1 1 0 1248.62 1.55906e+06 0.13432
1.98 -1.01508 1.02162 0.999999 0.999999 5.20677e-06 1248.61 1.55903e+06 0.133417
1.97 -1.00514 1.01828 1 1 8.68012e-07 1248.64 1.55912e+06 0.136382
1.96 -0.995161 1.0117 1 1 1.73594e-06 1248.64 1.55913e+06 0.135237
1.95 -0.985119 1.00591 1 1 8.68012e-07 1248.6 1.55901e+06 0.135661
1.94 -0.975195 1.01816 1 0.999999 2.60378e-06 1248.66 1.55918e+06 0.135758
1.93 -0.965041 1.02303 1 0.999999 3.47153e-06 1248.65 1.55914e+06 0.134539
1.92 -0.955183 1.0015 0.999999 0.999998 8.67622e-06 1248.66 1.55918e+06 0.136982
1.91 -0.94508 1.01693 1 0.999999 4.33919e-06 1248.61 1.55904e+06 0.135535
1.9 -0.935007 1.04758 1 1 1.73594e-06 1248.58 1.55898e+06 0.134877
1.89 -0.925106 1.01572 0.999999 0.999999 5.20677e-06 1248.68 1.55922e+06 0.136128
1.88 -0.915022 1.02614 1 0.999999 4.33919e-06 1248.59 1.559e+06 0.133917
1.87 -0.905093 1.01707 1 0.999999 4.33919e-06 1248.64 1.55913e+06 0.136426
1.86 -0.8951 1.02181 0.999999 0.999997 1.64805e-05 1248.6 1.55901e+06 0.134177
1.85 -0.885073 1.02797 0.999999 0.999998 1.21443e-05 1248.61 1.55904e+06 0.13714
1.84 -0.875065 1.05048 0.999999 0.999999 6.07426e-06 1248.64 1.55911e+06 0.13617
1.83 -0.8651 1.01238 0.999999 0.999998 1.04104e-05 1248.62 1.55908e+06 0.135709
1.82 -0.855076 1.02535 0.999999 0.999998 9.54336e-06 1248.66 1.55917e+06 0.133532
1.81 -0.845143 1.01295 0.999998 0.999997 1.56109e-05 1248.69 1.55924e+06 0.133843
1.8 -0.835104 1.01895 0.999998 0.999997 1.64774e-05 1248.66 1.55917e+06 0.134449
1.79 -0.825044 1.02964 0.999999 0.999997 1.47444e-05 1248.66 1.55917e+06 0.136321
1.78 -0.815049 1.01084 0.999999 0.999998 1.12774e-05 1248.62 1.55907e+06 0.131509
1.77 -0.805046 1.03146 0.999999 0.999997 1.38778e-05 1248.61 1.55904e+06 0.135252
1.76 -0.795156 1.00795 0.999999 0.999997 1.30111e-05 1248.61 1.55905e+06 0.134278
1.75 -0.785108 1.01674 0.999998 0.999996 1.90762e-05 1248.66 1.55916e+06 0.133865
1.74 -0.775125 1.022 0.999998 0.999996 2.08083e-05 1248.7 1.55928e+06 0.137567
1.73 -0.765066 1.00805 0.999998 0.999995 2.42715e-05 1248.66 1.55916e+06 0.13508
1.72 -0.755123 1.03479 0.999998 0.999996 2.08083e-05 1248.63 1.5591e+06 0.135719
1.71 -0.745058 1.0218 0.999996 0.999993 3.63818e-05 1248.6 1.55901e+06 0.135207
1.7 -0.735093 1.02398 0.999996 0.999993 3.63818e-05 1248.63 1.5591e+06 0.135181
1.69 -0.725041 1.03129 0.999995 0.999991 4.67484e-05 1248.63 1.55909e+06 0.135076
1.68 -0.715074 1.03125 0.999997 0.999994 3.11938e-05 1248.64 1.55913e+06 0.135035
1.67 -0.705138 1.01874 0.999996 0.999992 3.89746e-05 1248.66 1.55916e+06 0.135549
1.66 -0.695047 1.02089 0.999995 0.99999 5.10642e-05 1248.64 1.55912e+06 0.135719
1.65 -0.685096 1.01647 0.999994 0.999988 5.88271e-05 1248.64 1.55913e+06 0.133592
1.64 -0.67507 1.01907 0.999995 0.99999 5.36632e-05 1248.62 1.55907e+06 0.133226
1.63 -0.665098 1.00758 0.999992 0.999985 7.51923e-05 1248.62 1.55907e+06 0.135278
1.62 -0.655068 1.01668 0.999992 0.999984 8.12299e-05 1248.66 1.55916e+06 0.132849
1.61 -0.645071 1.02129 0.999992 0.999984 8.03538e-05 1248.6 1.55902e+06 0.136762
1.6 -0.63512 1.02652 0.99999 0.99998 9.75361e-05 1248.6 1.55901e+06 0.13497
1.59 -0.625111 1.02018 0.999991 0.999982 9.24034e-05 1248.66 1.55917e+06 0.133473
1.58 -0.615143 1.01431 0.999988 0.999975 0.000123244 1248.64 1.55911e+06 0.136703
1.57 -0.60508 1.04247 0.999985 0.999969 0.000155758 1248.62 1.55907e+06 0.133765
1.56 -0.595055 0.996464 0.999984 0.999968 0.000160841 1248.62 1.55906e+06 0.136178
1.55 -0.58504 1.03901 0.999983 0.999966 0.000169357 1248.67 1.5592e+06 0.135701
1.54 -0.575061 1.01173 0.99998 0.99996 0.000201717 1248.63 1.5591e+06 0.135128
1.53 -0.56502 1.03307 0.999981 0.999963 0.000186362 1248.6 1.55903e+06 0.137218
1.52 -0.555032 1.0192 0.999977 0.999955 0.000225342 1248.6 1.55901e+06 0.135092
1.51 -0.545104 1.02083 0.999978 0.999956 0.00022285 1248.64 1.55911e+06 0.133467
1.5 -0.535143 1.02799 0.999975 0.999951 0.000249128 1248.64 1.55913e+06 0.133061
1.49 -0.52507 1.03434 0.999972 0.999944 0.000279382 1248.59 1.55899e+06 0.134455
1.48 -0.51502 1.02655 0.999968 0.999936 0.000319547 1248.66 1.55918e+06 0.136243
1.47 -0.505077 1.03329 0.999964 0.999927 0.000366512 1248.66 1.55916e+06 0.135545
1.46 -0.495067 1.03256 0.999962 0.999923 0.00038041 1248.62 1.55908e+06 0.134642
1.45 -0.485092 1.01949 0.999959 0.999918 0.000404434 1248.64 1.55911e+06 0.133831
1.44 -0.4751 1.01739 0.99995 0.9999 0.000503879 1248.64 1.55912e+06 0.137131
1.43 -0.465104 1.03597 0.999954 0.999907 0.000463318 1248.6 1.55902e+06 0.1361
1.42 -0.455075 1.02709 0.999946 0.999891 0.000552436 1248.63 1.55911e+06 0.135166
1.41 -0.445096 1.03014 0.999936 0.999871 0.000643703 1248.59 1.559e+06 0.136017
1.4 -0.43501 1.03354 0.999927 0.999854 0.000728996 1248.58 1.55898e+06 0.135158
1.39 -0.424985 1.02079 0.999925 0.999849 0.00075455 1248.6 1.55901e+06 0.134635
1.38 -0.414972 1.02015 0.999913 0.999826 0.000884894 1248.61 1.55904e+06 0.135937
1.37 -0.405031 1.01574 0.999901 0.999802 0.000988733 1248.6 1.55901e+06 0.134211
1.36 -0.394978 1.02339 0.999889 0.999777 0.001109 1248.61 1.55905e+06 0.13508
1.35 -0.385038 1.03398 0.999884 0.999768 0.0011532 1248.57 1.55893e+06 0.135814
1.34 -0.374957 1.02592 0.999876 0.999752 0.00122647 1248.61 1.55905e+06 0.135261
1.33 -0.364991 1.0336 0.999857 0.999713 0.00143609 1248.58 1.55896e+06 0.135534
1.32 -0.354969 1.02786 0.999839 0.999679 0.00162576 1248.59 1.55899e+06 0.132912
1.31 -0.344928 1.03242 0.999827 0.999655 0.00175034 1248.6 1.55902e+06 0.134973
1.3 -0.334883 1.05887 0.999801 0.999603 0.00198566 1248.52 1.55882e+06 0.13464
1.29 -0.324889 1.02738 0.999781 0.999563 0.00217447 1248.59 1.55899e+06 0.13662
1.28 -0.314925 1.05761 0.999765 0.999531 0.00235911 1248.61 1.55905e+06 0.136091
1.27 -0.304854 1.04654 0.99974 0.99948 0.00256007 1248.56 1.55892e+06 0.13414
1.26 -0.294901 1.03651 0.999723 0.999446 0.00282458 1248.61 1.55905e+06 0.13501
1.25 -0.284779 1.04139 0.999674 0.99935 0.00326638 1248.56 1.55891e+06 0.13164
1.24 -0.274799 1.042 0.999638 0.999277 0.00362671 1248.55 1.5589e+06 0.134982
1.23 -0.264755 1.05699 0.999612 0.999225 0.00398299 1248.49 1.55874e+06 0.136548
1.22 -0.254719 1.05802 0.999567 0.999135 0.00436501 1248.51 1.5588e+06 0.137355
1.21 -0.244697 1.05492 0.999538 0.999077 0.00470551 1248.51 1.55879e+06 0.138929
1.2 -0.234686 1.05852 0.999488 0.998977 0.00521449 1248.47 1.5587e+06 0.135599
1.19 -0.224547 1.05182 0.999417 0.998836 0.0058916 1248.43 1.5586e+06 0.135394
1.18 -0.214561 1.06786 0.999367 0.998735 0.006422 1248.4 1.55852e+06 0.136531
1.17 -0.204545 1.04736 0.999297 0.998596 0.00692425 1248.43 1.5586e+06 0.1378
1.16 -0.194466 1.07474 0.99922 0.998442 0.00780798 1248.37 1.55844e+06 0.135347
1.15 -0.184332 1.07832 0.999123 0.998247 0.00878595 1248.36 1.55842e+06 0.138464
1.14 -0.174338 1.10248 0.999038 0.998079 0.00953975 1248.32 1.55831e+06 0.137565
1.13 -0.164229 1.10338 0.998926 0.997855 0.010735 1248.25 1.55815e+06 0.136603
1.12 -0.154175 1.10657 0.998805 0.997614 0.0121462 1248.24 1.55813e+06 0.137095
1.11 -0.144081 1.08708 0.998691 0.997385 0.0129263 1248.2 1.55802e+06 0.136636
1.1 -0.133996 1.10552 0.99855 0.997104 0.0147467 1248.19 1.55798e+06 0.137696
1.09 -0.123855 1.12218 0.998373 0.996752 0.0166568 1248.12 1.55783e+06 0.137258
1.08 -0.113743 1.13849 0.998209 0.996425 0.0183508 1248.07 1.55769e+06 0.137875
1.07 -0.103703 1.14038 0.998028 0.996063 0.0203419 1248.05 1.55764e+06 0.136918
1.06 -0.0935451 1.1366 0.997824 0.995656 0.0227888 1247.9 1.55728e+06 0.138489
1.05 -0.0833356 1.14634 0.997597 0.995204 0.0252412 1247.84 1.55712e+06 0.135788
1.04 -0.0731472 1.16314 0.997315 0.994641 0.0278943 1247.78 1.55696e+06 0.137143
1.03 -0.0629559 1.17645 0.997012 0.994038 0.0304648 1247.63 1.5566e+06 0.140494
1.02 -0.0527386 1.19041 0.996644 0.993305 0.0353437 1247.53 1.55636e+06 0.1418
1.01 -0.0425457 1.22202 0.996317 0.992655 0.0392491 1247.41 1.55605e+06 0.142429
1 -0.0323477 1.2037 0.995917 0.991859 0.0435534 1247.29 1.55576e+06 0.141718
0.99 -0.0220836 1.23084 0.995458 0.990944 0.0478794 1247.15 1.55541e+06 0.142795
0.98 -0.0117262 1.23812 0.994886 0.989808 0.0550761 1246.9 1.55477e+06 0.147306
0.97 -0.00146725 1.24986 0.994393 0.988829 0.0602838 1246.82 1.55458e+06 0.146497
0.96 0.00889709 1.30329 0.993696 0.987445 0.0707422 1246.54 1.55387e+06 0.151358
0.95 0.0192421 1.33311 0.992984 0.98603 0.0780544 1246.32 1.55332e+06 0.149431
0.94 0.0297215 1.34447 0.992176 0.984428 0.0882961 1246.02 1.55259e+06 0.148243
0.93 0.0401528 1.35217 0.991254 0.982602 0.100327 1245.76 1.55193e+06 0.152315
0.92 0.050786 1.41079 0.990064 0.980246 0.113427 1245.32 1.55084e+06 0.157277
0.91 0.0613891 1.46592 0.988836 0.977819 0.131694 1244.85 1.54966e+06 0.157899
0.9 0.0720772 1.53681 0.987432 0.97505 0.158985 1244.36 1.54845e+06 0.166022
0.89 0.0827701 1.54936 0.985779 0.971791 0.179774 1243.82 1.54712e+06 0.172217
0.88 0.0936362 1.58017 0.984004 0.968299 0.204263 1243.16 1.54547e+06 0.175286
0.87 0.10462 1.64502 0.981684 0.963746 0.246573 1242.31 1.54336e+06 0.186034
0.86 0.11601 1.83424 0.978566 0.957652 0.352185 1241.12 1.54039e+06 0.220285
0.85 0.127396 1.97689 0.97523 0.951149 0.430022 1239.84 1.53723e+06 0.233926
0.84 0.11394 1.25823 0.000196007 3.73746e-07 0.00193149 500.934 250976 0.828731
0.83 0.113959 1.20697 0.00017908 3.50688e-07 0.00183524 501.008 251051 0.835459
0.82 0.114016 1.2324 0.000162413 3.09998e-07 0.00163365 500.856 250897 0.816649
0.81 0.113981 1.24618 0.000153038 2.89201e-07 0.0015309 500.899 250941 0.824743
0.8 0.113877 1.2273 0.000152517 2.91914e-07 0.00154744 500.991 251033 0.818747
0.79 0.1139 1.26074 0.000131684 2.4399e-07 0.0013055 501.023 251065 0.816365
0.78 0.113935 1.23983 0.000117448 2.15959e-07 0.00116447 500.988 251030 0.831343
0.77 0.114014 1.20532 0.000106597 1.94107e-07 0.0010526 500.844 250886 0.805792
0.76 0.113938 1.24621 9.01042e-05 1.6487e-07 0.000902889 500.923 250965 0.807607
0.75 0.113924 1.24133 9.01042e-05 1.6487e-07 0.000902889 500.803 250844 0.814688
0.74 0.113959 1.22018 9.3316e-05 1.70748e-07 0.00093335 500.892 250933 0.809847
0.73 0.113897 1.23259 6.82292e-05 1.1996e-07 0.000664158 500.891 250934 0.838415
0.72 0.113916 1.21074 5.97222e-05 1.05794e-07 0.000588831 500.897 250939 0.814756
0.71 0.113866 1.21951 5.37326e-05 9.66013e-08 0.000539793 500.909 250951 0.83505
0.7 0.113857 1.21064 4.79167e-05 8.34901e-08 0.000467678 500.866 250907 0.801885
0.69 0.113928 1.2189 4.78299e-05 8.6052e-08 0.000482483 500.796 250836 0.799669
0.68 0.113905 1.20946 3.82812e-05 6.8269e-08 0.000384788 500.972 251014 0.828912
0.67 0.113991 1.23067 4.18403e-05 7.3845e-08 0.000415264 500.851 250893 0.82156
0.66 0.113894 1.21776 3.22049e-05 5.59112e-08 0.000316075 500.9 250941 0.800246
0.65 0.114044 1.23379 2.98611e-05 5.18422e-08 0.000293475 500.723 250765 0.826624
0.64 0.113983 1.24501 2.53472e-05 4.49098e-08 0.00025498 500.776 250818 0.820493
0.63 0.113844 1.23107 2.25694e-05 4.00873e-08 0.000227969 500.885 250926 0.807362
0.62 0.113996 1.2483 2.86458e-05 5.03352e-08 0.000285204 500.787 250828 0.804653
0.61 0.113962 1.24144 1.96181e-05 3.43605e-08 0.0001957 500.769 250811 0.83661
0.6 0.113922 1.23751 2.21354e-05 3.84295e-08 0.000218532 500.839 250880 0.806846
0.59 0.114027 1.2301 1.33681e-05 2.32084e-08 0.000132651 500.796 250837 0.811895
0.58 0.113982 1.24709 1.28472e-05 2.23042e-08 0.000127522 500.765 250806 0.81635
0.57 0.114057 1.2024 1.58854e-05 2.75788e-08 0.000157401 500.631 250673 0.828391
0.56 0.113882 1.23431 1.17188e-05 2.06465e-08 0.000118133 500.856 250897 0.802114
0.55 0.113899 1.24773 1.25e-05 2.17014e-08 0.0001241 500.884 250926 0.821975
0.54 0.114074 1.2338 1.10243e-05 1.91394e-08 0.000109543 500.648 250689 0.81351
0.53 0.113836 1.21882 9.54861e-06 1.65774e-08 9.49609e-05 500.936 250978 0.817833
0.52 0.113921 1.21972 7.8125e-06 1.35634e-08 7.77734e-05 500.81 250852 0.822666
0.51 0.113962 1.22581 8.24653e-06 1.43169e-08 8.20736e-05 500.724 250765 0.80956
0.5 0.113864 1.20123 6.68403e-06 1.16042e-08 6.65829e-05 500.849 250890 0.80299
0.49 0.113797 1.21629 6.42361e-06 1.11521e-08 6.39984e-05 500.905 250946 0.808489
0.48 0.113872 1.22444 5.64236e-06 9.79577e-09 5.62402e-05 500.818 250860 0.818195
0.47 0.113918 1.22358 5.12153e-06 8.89154e-09 5.10642e-05 500.784 250827 0.835003
0.46 0.113939 1.22905 4.60069e-06 7.98732e-09 4.5885e-05 500.829 250871 0.81673
0.45 0.113883 1.20548 4.25347e-06 7.3845e-09 4.24305e-05 500.781 250822 0.815377
0.44 0.113812 1.23938 2.77778e-06 4.82253e-09 2.77333e-05 500.93 250972 0.8151
0.43 0.113908 1.22767 3.29861e-06 5.72676e-09 3.29234e-05 500.824 250866 0.823521
0.42 0.113781 1.23352 2.69097e-06 4.67183e-09 2.6868e-05 500.946 250988 0.824214
0.41 0.113905 1.21184 2.77778e-06 4.82253e-09 2.77333e-05 500.869 250911 0.819928
0.4 0.113891 1.2213 3.38542e-06 5.87746e-09 3.37882e-05 500.834 250875 0.804515
0.39 0.113896 1.23136 1.82292e-06 3.16479e-09 1.821e-05 500.811 250853 0.820303
0.38 0.113992 1.20295 2.95139e-06 5.12394e-09 2.94637e-05 500.732 250773 0.795989
0.37 0.113932 1.25837 1.47569e-06 2.56197e-09 1.47444e-05 500.816 250858 0.824531
0.36 0.113919 1.23689 2.25694e-06 3.91831e-09 2.25401e-05 500.791 250833 0.829627
0.35 0.113844 1.22083 8.68056e-07 1.50704e-09 8.67622e-06 500.904 250947 0.825398
0.34 0.113947 1.23073 1.12847e-06 1.95915e-09 1.12774e-05 500.773 250815 0.827547
0.33 0.113924 1.24416 1.12847e-06 1.95915e-09 1.12774e-05 500.781 250823 0.825648
0.32 0.113909 1.23965 1.12847e-06 2.26056e-09 1.30135e-05 500.854 250896 0.814045
0.31 0.11402 1.21121 7.8125e-07 1.35634e-09 7.80898e-06 500.722 250764 0.830958
0.3 0.113867 1.23961 5.20833e-07 9.04225e-10 5.20677e-06 500.852 250894 0.824496
0.29 0.113899 1.22567 3.47222e-07 6.02816e-10 3.47153e-06 500.875 250917 0.816149
0.28 0.113875 1.21618 6.94444e-07 1.20563e-09 6.94167e-06 500.821 250863 0.811856
0.27 0.113884 1.24735 7.8125e-07 1.35634e-09 7.80898e-06 500.793 250836 0.829528
0.26 0.113927 1.21742 3.47222e-07 6.02816e-10 3.47153e-06 500.807 250849 0.815551
0.25 0.113906 1.22093 6.07639e-07 1.05493e-09 6.07426e-06 500.799 250841 0.812754
0.24 0.113876 1.25076 6.94444e-07 1.20563e-09 6.94167e-06 500.851 250891 0.797695
0.23 0.113783 1.23302 2.60417e-07 4.52112e-10 2.60378e-06 500.917 250959 0.810427
0.22 0.113933 1.2062 6.94444e-07 1.20563e-09 6.94167e-06 500.815 250857 0.813473
0.21 0.113903 1.22137 2.60417e-07 4.52112e-10 2.60378e-06 500.812 250853 0.806874
0.2 0.113877 1.22835 2.60417e-07 4.52112e-10 2.60378e-06 500.84 250882 0.81547
0.19 0.113943 1.26989 3.47222e-07 6.02816e-10 3.47153e-06 500.824 250866 0.824175
0.18 0.113909 1.24483 5.20833e-07 9.04225e-10 5.20677e-06 500.892 250933 0.811654
0.17 0.114062 1.23421 5.20833e-07 9.04225e-10 5.20677e-06 500.666 250707 0.8079
0.16 0.113821 1.23335 3.47222e-07 6.02816e-10 3.47153e-06 500.845 250886 0.808595
0.15 0.113907 1.23593 4.34028e-07 7.5352e-10 4.33919e-06 500.864 250905 0.810492
0.14 0.113935 1.226 2.60417e-07 4.52112e-10 2.60378e-06 500.887 250928 0.80136
0.13 0.113864 1.22601 0 0 0 500.79 250832 0.824291
0.12 0.113732 1.21066 8.68056e-08 1.50704e-10 8.68012e-07 500.941 250982 0.804417
0.11 0.113854 1.22427 2.60417e-07 4.52112e-10 2.60378e-06 500.929 250970 0.809778
0.1 0.113881 1.25101 8.68056e-08 1.50704e-10 8.68012e-07 500.82 250862 0.813665
0.09 0.113867 1.2298 8.68056e-08 1.50704e-10 8.68012e-07 500.838 250880 0.813145
0.08 0.113957 1.22191 0 0 0 500.719 250761 0.831677
0.07 0.113781 1.19653 8.68056e-08 1.50704e-10 8.68012e-07 500.91 250951 0.798169
0.06 0.113957 1.21776 8.68056e-08 1.50704e-10 8.68012e-07 500.766 250807 0.816728
0.05 0.113862 1.2427 8.68056e-08 1.50704e-10 8.68012e-07 500.855 250896 0.813517
0.04 0.113827 1.23435 0 0 0 500.817 250858 0.812908
0.03 0.113891 1.2316 0 0 0 500.81 250851 0.811096
0.02 0.113851 1.19751 0 0 0 500.876 250917 0.808964
0.01 0.11382 1.21422 0 0 0 500.879 250921 0.817809
