0 -0.1 inf 1 1 -nan 144 20736 inf
0.01 -0.0899326 1.03676 1 1 0 142.918 20425.7 0.111514
0.02 -0.0797422 1.02632 1 1 0 141.823 20114 0.114526
0.03 -0.0693529 1.05259 1 1 0 140.702 19797.6 0.116248
0.04 -0.0588224 1.07706 1 1 0 139.561 19477.8 0.1156
0.05 -0.0480892 1.0887 0.999999 0.999999 1.38833e-05 138.381 19150.2 0.118865
0.06 -0.0371469 1.1057 0.99999 0.99998 0.00016971 137.196 18823.6 0.116839
0.07 -0.0259574 1.1233 0.999931 0.999862 0.0009999 135.998 18496.5 0.121783
0.08 -0.0144332 1.18315 0.999748 0.999497 0.00312229 134.762 18162.2 0.123006
0.09 -0.00245894 1.22714 0.999332 0.998666 0.00738994 133.489 17820.8 0.122544
0.1 0.00998629 1.2935 0.998468 0.996942 0.0154761 132.243 17490 0.128527
0.11 0.0232972 1.38353 0.996994 0.994003 0.0283988 130.996 17161.9 0.130821
0.12 0.0372679 1.43435 0.994706 0.98945 0.0468516 129.757 16839.1 0.134487
0.13 0.0519891 1.49697 0.991426 0.982942 0.0710579 128.568 16532 0.139979
0.14 0.0674754 1.58376 0.986991 0.974178 0.106139 127.446 16245 0.143429
0.15 0.0837389 1.65472 0.98124 0.962869 0.146218 126.453 15993.2 0.150017
0.16 0.100325 1.69026 0.974076 0.948879 0.19506 125.593 15776.7 0.156937
0.17 0.11723 1.7334 0.965757 0.932761 0.251593 124.845 15589.8 0.164372
0.18 0.134327 1.71104 0.955922 0.913884 0.309527 124.312 15457.4 0.176146
0.19 0.151394 1.67 0.945324 0.893763 0.382116 123.84 15340.6 0.185117
0.2 0.168334 1.70992 0.933184 0.870994 0.465431 123.658 15296.2 0.201091
0.21 0.184803 1.64174 0.920833 0.848127 0.53197 123.507 15259.5 0.208602
0.22 0.201375 1.60917 0.906564 0.822097 0.623621 123.694 15306.4 0.228286
0.23 0.217068 1.5556 0.892973 0.797676 0.688787 123.802 15333.8 0.243598
0.24 0.232366 1.50257 0.878387 0.77189 0.782199 124.152 15421.7 0.264246
0.25 0.24742 1.47549 0.863013 0.745179 0.892549 124.67 15551.6 0.290933
0.26 0.261603 1.38296 0.848405 0.720224 0.957351 125.173 15678.5 0.315599
0.27 0.275781 1.3528 0.832058 0.692836 1.09945 125.984 15884.2 0.359563
0.28 0.288727 1.31777 0.817347 0.668626 1.17033 126.61 16043.6 0.384793
0.29 0.301257 1.20771 0.803532 0.646289 1.24186 127.195 16193.8 0.413445
0.3 0.313168 1.18403 0.788326 0.622155 1.33737 128.12 16432.1 0.450888
0.31 0.324667 1.12458 0.773787 0.599544 1.4835 128.977 16655.5 0.514763
0.32 0.335242 1.04732 0.761024 0.579959 1.4446 129.681 16838.7 0.517732
0.33 0.345477 0.991943 0.748034 0.560439 1.54349 130.439 17038.9 0.570885
0.34 0.355128 0.951827 0.73509 0.541311 1.6142 131.323 17272.5 0.600555
0.35 0.364569 0.906573 0.722911 0.523633 1.69941 132.108 17482.6 0.650178
0.36 0.373391 0.859217 0.711094 0.506681 1.64277 132.948 17705.7 0.638269
0.37 0.381348 0.801992 0.702491 0.494594 1.71186 133.226 17783.3 0.694529
0.38 0.389036 0.759863 0.692266 0.480321 1.6491 133.935 17973.2 0.681902
0.39 0.396448 0.724331 0.68449 0.469644 1.65039 134.201 18046.1 0.690285
0.4 0.40366 0.697628 0.675913 0.457986 1.6234 134.65 18168.1 0.698006
0.41 0.410521 0.660465 0.667418 0.446589 1.60543 135.187 18315 0.710695
0.42 0.416799 0.632752 0.661299 0.43845 1.55508 135.317 18349.8 0.688209
0.43 0.423015 0.613476 0.653611 0.428365 1.5499 135.815 18486.8 0.704801
0.44 0.429189 0.577761 0.647381 0.42025 1.50277 136.001 18538.2 0.702491
0.45 0.43477 0.552077 0.642237 0.4136 1.44826 136.106 18566.3 0.675208
0.46 0.440316 0.540006 0.637 0.406855 1.35927 136.192 18588.7 0.646527
0.47 0.445698 0.516597 0.633425 0.402302 1.31658 135.982 18532.2 0.641673
0.48 0.45082 0.511796 0.62871 0.396359 1.29819 136.075 18558 0.636085
0.49 0.455523 0.487786 0.625376 0.392143 1.23212 135.936 18519.3 0.610752
0.5 0.460342 0.467806 0.621895 0.387816 1.22462 135.841 18495.1 0.622425
0.51 0.465015 0.448708 0.61858 0.383664 1.15499 135.72 18460.9 0.59278
0.52 0.469511 0.453829 0.614175 0.378219 1.11634 135.904 18511 0.581588
0.53 0.474077 0.433526 0.611393 0.374791 1.07582 135.657 18443.9 0.570906
0.54 0.478367 0.422347 0.608714 0.371529 1.06287 135.476 18395.2 0.564931
0.55 0.482153 0.411065 0.606696 0.369072 1.03892 135.252 18334.5 0.555876
0.56 0.48619 0.400592 0.604095 0.365861 0.956749 135.07 18283 0.517048
0.57 0.490324 0.38937 0.601842 0.363126 0.9209 134.938 18248 0.515426
0.58 0.49409 0.377117 0.599204 0.359963 0.911143 134.777 18204.1 0.502283
0.59 0.498058 0.368151 0.597445 0.357824 0.862991 134.511 18131.8 0.48734
0.6 0.501496 0.363784 0.594916 0.354822 0.861124 134.429 18110.6 0.490186
0.61 0.50518 0.353095 0.591897 0.351214 0.822552 134.503 18130.3 0.477239
0.62 0.508617 0.339286 0.590632 0.349724 0.816203 134.177 18043.4 0.47841
0.63 0.511723 0.341015 0.589259 0.348092 0.791857 133.931 17976.8 0.466959
0.64 0.515148 0.32678 0.587234 0.345696 0.766945 133.798 17941.5 0.463716
0.65 0.518774 0.323586 0.585898 0.344126 0.752485 133.459 17850.9 0.455266
0.66 0.521685 0.316409 0.584774 0.342777 0.712941 133.184 17775.8 0.432149
0.67 0.524993 0.314916 0.583188 0.340921 0.699297 132.958 17715.9 0.426765
0.68 0.527786 0.297388 0.581898 0.339419 0.68984 132.822 17680.6 0.429949
0.69 0.531019 0.298428 0.580354 0.337594 0.654061 132.612 17622.6 0.400193
0.7 0.533709 0.291693 0.578711 0.335717 0.666682 132.515 17599.2 0.419578
0.71 0.536694 0.286917 0.578007 0.33488 0.63913 132.147 17500.9 0.405504
0.72 0.539531 0.276294 0.576823 0.33349 0.611964 131.919 17439.8 0.391756
0.73 0.542143 0.26722 0.575472 0.331924 0.597108 131.803 17409 0.384581
0.74 0.545032 0.269292 0.574098 0.330348 0.591154 131.633 17364.6 0.38312
0.75 0.547711 0.263863 0.573428 0.329565 0.572909 131.322 17282.8 0.378467
0.76 0.550132 0.259453 0.572217 0.32818 0.566656 131.236 17260 0.372807
0.77 0.552726 0.254686 0.570835 0.326585 0.547981 131.092 17221.8 0.363939
0.78 0.554999 0.250562 0.570215 0.325867 0.53298 130.82 17150.5 0.35869
0.79 0.557774 0.248352 0.569451 0.325006 0.533531 130.57 17085.6 0.359806
0.8 0.560213 0.239489 0.567887 0.323218 0.520197 130.544 17078.9 0.356286
0.81 0.56274 0.234783 0.566928 0.322125 0.510031 130.322 17020.9 0.351712
0.82 0.564861 0.23169 0.566362 0.321477 0.499034 130.119 16968.1 0.348823
0.83 0.567227 0.229048 0.565804 0.320849 0.49676 129.836 16894 0.340599
0.84 0.569445 0.222908 0.565095 0.320025 0.47534 129.659 16847.6 0.331136
0.85 0.571589 0.225042 0.563914 0.318703 0.477338 129.55 16820.5 0.339407
0.86 0.573963 0.218044 0.563355 0.318058 0.461556 129.281 16750.3 0.330297
0.87 0.575757 0.215198 0.562974 0.31763 0.456501 129.034 16687.1 0.331989
0.88 0.578224 0.206996 0.561987 0.316499 0.438458 128.918 16656.6 0.324792
0.89 0.580148 0.206206 0.560866 0.315241 0.433798 128.818 16630.2 0.314467
0.9 0.582209 0.200914 0.559924 0.314175 0.422863 128.726 16607 0.316639
0.91 0.584171 0.203373 0.559324 0.313522 0.429627 128.551 16562.9 0.320561
0.92 0.586017 0.197967 0.558743 0.312855 0.41395 128.374 16516.8 0.312329
0.93 0.588377 0.195896 0.558137 0.312183 0.412251 128.163 16462.8 0.310896
0.94 0.589968 0.191334 0.55763 0.311611 0.404411 127.978 16415.1 0.30521
0.95 0.59181 0.186176 0.556795 0.310678 0.398761 127.907 16397.9 0.309457
0.96 0.593831 0.187225 0.556214 0.310018 0.386253 127.728 16350.9 0.296412
0.97 0.595491 0.180243 0.555722 0.309478 0.386576 127.501 16293.8 0.30105
0.98 0.597437 0.180203 0.555155 0.308836 0.375792 127.346 16253.9 0.295313
0.99 0.599368 0.176564 0.554382 0.307975 0.369996 127.191 16214.8 0.295904
