50 -0.42425 9.53675e-07 3581723 74103013 -2769.27
51 -0.42275 9.53675e-07 3581723 73935532 -2757.91
52 -0.42125 9.53675e-07 3581723 73915625 -2745.95
53 -0.41975 9.53675e-07 3581723 73434832 -2735.45
54 -0.41825 9.53675e-07 3581723 72622712 -2725.17
55 -0.41675 9.53675e-07 3581723 73113265 -2713.89
56 -0.41525 9.53675e-07 3581723 73452720 -2703.17
57 -0.41375 9.53675e-07 3581723 72826668 -2693.13
58 -0.41225 9.53675e-07 3581723 72590562 -2682.97
59 -0.41075 9.53675e-07 3581723 72308197 -2673.26
60 -0.40925 9.53675e-07 3581723 71811510 -2664.38
61 -0.40775 9.53675e-07 3581723 71713136 -2655.26
62 -0.40625 9.53675e-07 3581723 71215299 -2646.35
63 -0.40475 9.53675e-07 3581723 70844788 -2637.23
64 -0.40325 9.53675e-07 3581723 70593388 -2628.01
65 -0.40175 9.53675e-07 3581723 70296038 -2619.29
66 -0.40025 9.53675e-07 3581723 70304342 -2610.58
67 -0.39875 9.53675e-07 3581723 70171846 -2601.99
68 -0.39725 9.53675e-07 3581723 70224050 -2593.51
69 -0.39575 9.53675e-07 3581723 70474182 -2584.98
70 -0.39425 9.53675e-07 3581723 70548582 -2576.6
71 -0.39275 9.53675e-07 3581723 70329718 -2568.67
72 -0.39125 9.53675e-07 3581723 70325244 -2560.6
73 -0.38975 9.53675e-07 3581723 70326575 -2552.8
74 -0.38825 9.53675e-07 3581723 70379475 -2545.03
75 -0.38675 9.53675e-07 3581723 70240779 -2537.22
76 -0.38525 9.53675e-07 3581723 70381282 -2529.58
77 -0.38375 9.53675e-07 3581723 70505704 -2522.02
78 -0.38225 9.53675e-07 3581723 70482823 -2514.51
79 -0.38075 9.53675e-07 3581723 70604557 -2507.1
80 -0.37925 9.53675e-07 3581723 70597656 -2499.86
81 -0.37775 9.53675e-07 3581723 70640229 -2492.74
82 -0.37625 9.53675e-07 3581723 70652983 -2485.66
83 -0.37475 9.53675e-07 3581723 70631593 -2478.71
84 -0.37325 9.53675e-07 3581723 70692964 -2471.72
85 -0.37175 9.53675e-07 3581723 70675193 -2464.92
86 -0.37025 9.53675e-07 3581723 70700432 -2458.1
87 -0.36875 9.53675e-07 3581723 70785706 -2451.3
88 -0.36725 9.53675e-07 3581723 70758995 -2444.81
89 -0.36575 9.53675e-07 3581723 70787666 -2438.18
90 -0.36425 9.53675e-07 3581723 70781466 -2431.73
91 -0.36275 9.53675e-07 3581723 70837692 -2425.27
92 -0.36125 9.53675e-07 3581723 70807440 -2418.97
93 -0.35975 9.53675e-07 3581723 70777991 -2412.76
94 -0.35825 9.53675e-07 3581723 70813802 -2406.5
95 -0.35675 9.53675e-07 3581723 70864241 -2400.33
96 -0.35525 9.53675e-07 3581723 70907221 -2394.16
97 -0.35375 9.53675e-07 3581723 70910138 -2388.11
98 -0.35225 9.53675e-07 3581723 70861264 -2382.12
99 -0.35075 9.53675e-07 3581723 70917656 -2376.23
100 -0.34925 9.53675e-07 3581723 70949329 -2370.34
101 -0.34775 9.53675e-07 3581723 70857628 -2364.61
102 -0.34625 9.53675e-07 3581723 70827571 -2358.9
103 -0.34475 9.53675e-07 3581723 70836502 -2353.21
104 -0.34325 9.53675e-07 3581723 70867097 -2347.57
105 -0.34175 9.53675e-07 3581723 70993566 -2341.87
106 -0.34025 9.53675e-07 3581723 70986847 -2336.34
107 -0.33875 9.53675e-07 3581723 71075455 -2330.76
108 -0.33725 9.53675e-07 3581723 71042193 -2325.3
109 -0.33575 9.53675e-07 3581723 71060041 -2319.91
110 -0.33425 9.53675e-07 3581723 71010916 -2314.5
111 -0.33275 9.53675e-07 3581723 71049122 -2309.1
112 -0.33125 9.53675e-07 3581723 71015258 -2303.82
113 -0.32975 9.53675e-07 3581723 70999858 -2298.53
114 -0.32825 9.53675e-07 3581723 71064701 -2293.25
115 -0.32675 9.53675e-07 3581723 71105527 -2287.98
116 -0.32525 9.53675e-07 3581723 71070958 -2282.81
117 -0.32375 9.53675e-07 3581723 71102857 -2277.61
118 -0.32225 9.53675e-07 3581723 71090446 -2272.57
119 -0.32075 9.53675e-07 3581723 71049651 -2267.55
120 -0.31925 9.53675e-07 3581723 70998503 -2262.61
121 -0.31775 9.53675e-07 3581723 70983708 -2257.65
122 -0.31625 9.53675e-07 3581723 71004703 -2252.68
123 -0.31475 9.53675e-07 3581723 70991421 -2247.75
124 -0.31325 9.53675e-07 3581723 71029708 -2242.85
125 -0.31175 9.53675e-07 3581723 71055225 -2237.97
126 -0.31025 9.53675e-07 3581723 71056325 -2233.16
127 -0.30875 9.53675e-07 3581723 71002119 -2228.42
128 -0.30725 9.53675e-07 3581723 70973999 -2223.63
129 -0.30575 9.53675e-07 3581723 70966834 -2218.88
130 -0.30425 9.53675e-07 3581723 70965057 -2214.22
131 -0.30275 9.53675e-07 3581723 70985051 -2209.54
132 -0.30125 9.53675e-07 3581723 71006526 -2204.87
133 -0.29975 9.53675e-07 3581723 70958698 -2200.25
134 -0.29825 9.53675e-07 3581723 70931050 -2195.65
135 -0.29675 9.53675e-07 3581723 70889444 -2191.08
136 -0.29525 9.53675e-07 3581723 70880450 -2186.51
137 -0.29375 9.53675e-07 3581723 70855520 -2182
138 -0.29225 9.53675e-07 3581723 70861703 -2177.49
139 -0.29075 9.53675e-07 3581723 70851372 -2173.01
140 -0.28925 9.53675e-07 3581723 70824202 -2168.53
141 -0.28775 9.53675e-07 3581723 70788379 -2164.07
142 -0.28625 9.53675e-07 3581723 70754699 -2159.7
143 -0.28475 9.53675e-07 3581723 70743819 -2155.33
144 -0.28325 9.53675e-07 3581723 70716673 -2150.95
145 -0.28175 9.53675e-07 3581723 70700031 -2146.64
146 -0.28025 9.53675e-07 3581723 70717364 -2142.31
147 -0.27875 9.53675e-07 3581723 70708063 -2138.04
148 -0.27725 9.53675e-07 3581723 70730961 -2133.75
149 -0.27575 9.53675e-07 3581723 70734738 -2129.48
150 -0.27425 9.53675e-07 3581723 70737235 -2125.25
151 -0.27275 9.53675e-07 3581723 70745189 -2121.05
152 -0.27125 9.53675e-07 3581723 70719761 -2116.88
153 -0.26975 9.53675e-07 3581723 70689632 -2112.7
154 -0.26825 9.53675e-07 3581723 70694337 -2108.53
155 -0.26675 9.53675e-07 3581723 70683514 -2104.39
156 -0.26525 9.53675e-07 3581723 70672931 -2100.26
157 -0.26375 9.53675e-07 3581723 70669042 -2096.17
158 -0.26225 9.53675e-07 3581723 70643816 -2092.14
159 -0.26075 9.53675e-07 3581723 70645819 -2088.08
160 -0.25925 9.53675e-07 3581723 70647183 -2084.01
161 -0.25775 9.53675e-07 3581723 70643155 -2079.97
162 -0.25625 9.53675e-07 3581723 70613647 -2075.98
163 -0.25475 9.53675e-07 3581723 70577826 -2072
164 -0.25325 9.53675e-07 3581723 70559512 -2068.02
165 -0.25175 9.53675e-07 3581723 70540896 -2064.02
166 -0.25025 9.53675e-07 3581723 70522393 -2060.05
167 -0.24875 9.53675e-07 3581723 70518500 -2056.13
168 -0.24725 9.53675e-07 3581723 70495964 -2052.21
169 -0.24575 9.53675e-07 3581723 70495087 -2048.26
170 -0.24425 9.53675e-07 3581723 70533720 -2044.36
171 -0.24275 9.53675e-07 3581723 70559801 -2040.46
172 -0.24125 9.53675e-07 3581723 70556356 -2036.53
173 -0.23975 9.53675e-07 3581723 70497277 -2032.7
174 -0.23825 9.53675e-07 3581723 70483744 -2028.85
175 -0.23675 9.53675e-07 3581723 70521565 -2025.01
176 -0.23525 9.53675e-07 3581723 70512906 -2021.2
177 -0.23375 9.53675e-07 3581723 70520137 -2017.4
178 -0.23225 9.53675e-07 3581723 70531025 -2013.61
179 -0.23075 9.53675e-07 3581723 70532596 -2009.84
180 -0.22925 9.53675e-07 3581723 70553955 -2006.05
181 -0.22775 9.53675e-07 3581723 70558148 -2002.29
182 -0.22625 9.53675e-07 3581723 70578828 -1998.53
183 -0.22475 9.53675e-07 3581723 70588172 -1994.77
184 -0.22325 9.53675e-07 3581723 70566849 -1991.07
185 -0.22175 9.53675e-07 3581723 70556828 -1987.34
186 -0.22025 9.53675e-07 3581723 70541347 -1983.65
187 -0.21875 9.53675e-07 3581723 70538724 -1980
188 -0.21725 9.53675e-07 3581723 70532978 -1976.32
189 -0.21575 9.53675e-07 3581723 70557797 -1972.66
190 -0.21425 9.53675e-07 3581723 70558478 -1969.03
191 -0.21275 9.53675e-07 3581723 70542537 -1965.41
192 -0.21125 9.53675e-07 3581723 70493651 -1961.82
193 -0.20975 9.53675e-07 3581723 70481866 -1958.19
194 -0.20825 9.53675e-07 3581723 70472327 -1954.54
195 -0.20675 9.53675e-07 3581723 70466889 -1950.94
196 -0.20525 9.53675e-07 3581723 70456267 -1947.36
197 -0.20375 9.53675e-07 3581723 70431299 -1943.81
198 -0.20225 9.53675e-07 3581723 70425152 -1940.26
199 -0.20075 9.53675e-07 3581723 70415838 -1936.67
200 -0.19925 9.53675e-07 3581723 70418082 -1933.1
201 -0.19775 9.53675e-07 3581723 70432789 -1929.56
202 -0.19625 9.53675e-07 3581723 70411617 -1926.06
203 -0.19475 9.53675e-07 3581723 70427970 -1922.53
204 -0.19325 9.53675e-07 3581723 70417180 -1919.03
205 -0.19175 9.53675e-07 3581723 70446116 -1915.5
206 -0.19025 9.53675e-07 3581723 70418382 -1912.05
207 -0.18875 9.53675e-07 3581723 70368719 -1908.59
208 -0.18725 9.53675e-07 3581723 70363095 -1905.12
209 -0.18575 9.53675e-07 3581723 70382653 -1901.64
210 -0.18425 9.53675e-07 3581723 70368133 -1898.18
211 -0.18275 9.53675e-07 3581723 70377826 -1894.7
212 -0.18125 9.53675e-07 3581723 70369944 -1891.25
213 -0.17975 9.53675e-07 3581723 70373494 -1887.8
214 -0.17825 9.53675e-07 3581723 70363147 -1884.41
215 -0.17675 9.53675e-07 3581723 70319316 -1881.01
216 -0.17525 9.53675e-07 3581723 70341901 -1877.59
217 -0.17375 9.53675e-07 3581723 70315143 -1874.22
218 -0.17225 9.53675e-07 3581723 70310803 -1870.82
219 -0.17075 9.53675e-07 3581723 70302308 -1867.42
220 -0.16925 9.53675e-07 3581723 70318016 -1864.04
221 -0.16775 9.53675e-07 3581723 70323332 -1860.65
222 -0.16625 9.53675e-07 3581723 70344947 -1857.26
223 -0.16475 9.53675e-07 3581723 70383913 -1853.88
224 -0.16325 9.53675e-07 3581723 70402885 -1850.49
225 -0.16175 9.53675e-07 3581723 70389196 -1847.16
226 -0.16025 9.53675e-07 3581723 70388250 -1843.81
227 -0.15875 9.53675e-07 3581723 70388758 -1840.46
228 -0.15725 9.53675e-07 3581723 70397993 -1837.09
229 -0.15575 9.53675e-07 3581723 70392711 -1833.78
230 -0.15425 9.53675e-07 3581723 70407802 -1830.43
231 -0.15275 9.53675e-07 3581723 70419330 -1827.11
232 -0.15125 9.53675e-07 3581723 70450097 -1823.78
233 -0.14975 9.53675e-07 3581723 70447505 -1820.47
234 -0.14825 9.53675e-07 3581723 70455582 -1817.18
235 -0.14675 9.53675e-07 3581723 70462831 -1813.89
236 -0.14525 9.53675e-07 3581723 70467851 -1810.6
237 -0.14375 9.53675e-07 3581723 70466578 -1807.32
238 -0.14225 9.53675e-07 3581723 70463224 -1804.04
239 -0.14075 9.53675e-07 3581723 70453690 -1800.78
240 -0.13925 9.53675e-07 3581723 70456198 -1797.51
241 -0.13775 9.53675e-07 3581723 70449411 -1794.27
242 -0.13625 9.53675e-07 3581723 70445543 -1791.03
243 -0.13475 9.53675e-07 3581723 70437604 -1787.78
244 -0.13325 9.53675e-07 3581723 70441383 -1784.57
245 -0.13175 9.53675e-07 3581723 70416185 -1781.37
246 -0.13025 9.53675e-07 3581723 70410017 -1778.14
247 -0.12875 9.53675e-07 3581723 70392499 -1774.94
248 -0.12725 9.53675e-07 3581723 70403400 -1771.72
249 -0.12575 9.53675e-07 3581723 70387161 -1768.51
250 -0.12425 9.53675e-07 3581723 70367740 -1765.33
251 -0.12275 9.53675e-07 3581723 70362656 -1762.12
252 -0.12125 9.53675e-07 3581723 70369888 -1758.94
253 -0.11975 9.53675e-07 3581723 70367314 -1755.74
254 -0.11825 9.53675e-07 3581723 70357535 -1752.55
255 -0.11675 9.53675e-07 3581723 70335555 -1749.38
256 -0.11525 9.53675e-07 3581723 70341166 -1746.18
257 -0.11375 9.53675e-07 3581723 70330421 -1743.01
258 -0.11225 9.53675e-07 3581723 70358186 -1739.79
259 -0.11075 9.53675e-07 3581723 70348407 -1736.61
260 -0.10925 9.53675e-07 3581723 70347913 -1733.46
261 -0.10775 9.53675e-07 3581723 70344396 -1730.28
262 -0.10625 9.53675e-07 3581723 70357324 -1727.09
263 -0.10475 9.53675e-07 3581723 70353660 -1723.9
264 -0.10325 9.53675e-07 3581723 70354254 -1720.72
265 -0.10175 9.53675e-07 3581723 70337475 -1717.56
266 -0.10025 9.53675e-07 3581723 70350059 -1714.41
267 -0.09875 9.53675e-07 3581723 70368460 -1711.24
268 -0.09725 9.53675e-07 3581723 70378895 -1708.05
269 -0.09575 9.53675e-07 3581723 70376219 -1704.91
270 -0.09425 9.53675e-07 3581723 70362730 -1701.76
271 -0.09275 9.53675e-07 3581723 70382272 -1698.6
272 -0.09125 9.53675e-07 3581723 70361711 -1695.45
273 -0.08975 9.53675e-07 3581723 70373977 -1692.31
274 -0.08825 9.53675e-07 3581723 70357789 -1689.19
275 -0.08675 9.53675e-07 3581723 70370717 -1686.03
276 -0.08525 9.53675e-07 3581723 70360569 -1682.89
277 -0.08375 9.53675e-07 3581723 70369535 -1679.74
278 -0.08225 9.53675e-07 3581723 70363249 -1676.62
279 -0.08075 9.53675e-07 3581723 70382947 -1673.46
280 -0.07925 9.53675e-07 3581723 70380185 -1670.31
281 -0.07775 9.53675e-07 3581723 70408207 -1667.12
282 -0.07625 9.53675e-07 3581723 70409598 -1663.96
283 -0.07475 9.53675e-07 3581723 70426528 -1660.79
284 -0.07325 9.53675e-07 3581723 70439978 -1657.63
285 -0.07175 9.53675e-07 3581723 70475257 -1654.44
286 -0.07025 9.53675e-07 3581723 70526264 -1651.23
287 -0.06875 9.53675e-07 3581723 70549815 -1648.07
288 -0.06725 9.53675e-07 3581723 70562375 -1644.87
289 -0.06575 9.53675e-07 3581723 70583373 -1641.68
290 -0.06425 9.53675e-07 3581723 70620833 -1638.43
291 -0.06275 9.53675e-07 3581723 70637973 -1635.2
292 -0.06125 9.53675e-07 3581723 70718421 -1631.91
293 -0.05975 9.53675e-07 3581723 70764846 -1628.63
294 -0.05825 9.53675e-07 3581723 70838893 -1625.29
295 -0.05675 9.53675e-07 3581723 70879138 -1621.98
296 -0.05525 9.53675e-07 3581723 70971938 -1618.62
297 -0.05375 9.53675e-07 3581723 71029343 -1615.25
298 -0.05225 9.53675e-07 3581723 71090004 -1611.89
299 -0.05075 9.53675e-07 3581723 71164927 -1608.5
300 -0.04925 9.53675e-07 3581723 71225788 -1605.1
301 -0.04775 9.53675e-07 3581723 71288693 -1601.68
302 -0.04625 9.53675e-07 3581723 71348878 -1598.28
303 -0.04475 9.53675e-07 3581723 71428677 -1594.87
304 -0.04325 9.53675e-07 3581723 71517954 -1591.39
305 -0.04175 9.53675e-07 3581723 71624177 -1587.9
306 -0.04025 9.53675e-07 3581723 71703693 -1584.42
307 -0.03875 9.53675e-07 3581723 71809208 -1580.91
308 -0.03725 9.53675e-07 3581723 71925785 -1577.39
309 -0.03575 9.53675e-07 3581723 72030824 -1573.86
310 -0.03425 9.53675e-07 3581723 72152553 -1570.26
311 -0.03275 9.53675e-07 3581723 72295590 -1566.67
312 -0.03125 9.53675e-07 3581723 72421753 -1563.04
313 -0.02975 9.53675e-07 3581723 72598522 -1559.36
314 -0.02825 9.53675e-07 3581723 72761872 -1555.64
315 -0.02675 9.53675e-07 3581723 72900054 -1551.99
316 -0.02525 9.53675e-07 3581723 73050910 -1548.28
317 -0.02375 9.53675e-07 3581723 73209914 -1544.56
318 -0.02225 9.53675e-07 3581723 73373624 -1540.8
319 -0.02075 9.53675e-07 3581723 73572761 -1537.02
320 -0.01925 9.53675e-07 3581723 73754720 -1533.24
321 -0.01775 9.53675e-07 3581723 73937809 -1529.42
322 -0.01625 9.53675e-07 3581723 74046773 -1525.65
323 -0.01475 9.53675e-07 3581723 74191784 -1521.83
324 -0.01325 9.53675e-07 3581723 74301247 -1518.02
325 -0.01175 9.53675e-07 3581723 74421220 -1514.15
326 -0.01025 9.53675e-07 3581723 74508885 -1510.31
327 -0.00875 9.53675e-07 3581723 74552088 -1506.47
328 -0.00725 9.53675e-07 3581723 74665764 -1502.51
329 -0.00575 9.53675e-07 3581723 74704200 -1498.55
330 -0.00425 9.53675e-07 3581723 74712866 -1494.61
331 -0.00275 9.53675e-07 3581723 74658446 -1490.65
332 -0.00125 9.53675e-07 3581723 74587347 -1486.67
333 0.00025 9.53675e-07 3581723 74440265 -1482.64
334 0.00175 9.53675e-07 3581723 74323818 -1478.57
335 0.00325 9.53675e-07 3581723 74225392 -1474.44
336 0.00475 9.53675e-07 3581723 74092901 -1470.29
337 0.00625 9.53675e-07 3581723 73898371 -1466.16
338 0.00775 9.53675e-07 3581723 73729321 -1461.97
339 0.00925 9.53675e-07 3581723 73621334 -1457.74
340 0.01075 9.53675e-07 3581723 73507627 -1453.47
341 0.01225 9.53675e-07 3581723 73408244 -1449.14
342 0.01375 9.53675e-07 3581723 73313396 -1444.82
343 0.01525 9.53675e-07 3581723 73298129 -1440.42
344 0.01675 9.53675e-07 3581723 73260894 -1436
345 0.01825 9.53675e-07 3581723 73205272 -1431.62
346 0.01975 9.53675e-07 3581723 73232156 -1427.14
347 0.02125 9.53675e-07 3581723 73243851 -1422.63
348 0.02275 9.53675e-07 3581723 73311760 -1418.03
349 0.02425 9.53675e-07 3581723 73365260 -1413.42
350 0.02575 9.53675e-07 3581723 73414946 -1408.71
351 0.02725 9.53675e-07 3581723 73561425 -1403.93
352 0.02875 9.53675e-07 3581723 73687982 -1399.08
353 0.03025 9.53675e-07 3581723 73864274 -1394.09
354 0.03175 9.53675e-07 3581723 74071209 -1389
355 0.03325 9.53675e-07 3581723 74265681 -1383.8
356 0.03475 9.53675e-07 3581723 74493017 -1378.44
357 0.03625 9.53675e-07 3581723 74669972 -1372.98
358 0.03775 9.53675e-07 3581723 74758652 -1367.58
359 0.03925 9.53675e-07 3581723 74778393 -1362.14
360 0.04075 9.53675e-07 3581723 74726153 -1356.74
361 0.04225 9.53675e-07 3581723 74756733 -1351.15
362 0.04375 9.53675e-07 3581723 74771370 -1345.54
363 0.04525 9.53675e-07 3581723 74826455 -1339.82
364 0.04675 9.53675e-07 3581723 74893598 -1333.96
365 0.04825 9.53675e-07 3581723 75007871 -1328.11
366 0.04975 9.53675e-07 3581723 75222862 -1322.06
367 0.05125 9.53675e-07 3581723 75506735 -1315.88
368 0.05275 9.53675e-07 3581723 75847766 -1309.51
369 0.05425 9.53675e-07 3581723 76102427 -1303.06
370 0.05575 9.53675e-07 3581723 76444045 -1296.42
371 0.05725 9.53675e-07 3581723 76587730 -1289.72
372 0.05875 9.53675e-07 3581723 76649039 -1283
373 0.06025 9.53675e-07 3581723 76532980 -1276.48
374 0.06175 9.53675e-07 3581723 76536650 -1269.85
375 0.06325 9.53675e-07 3581723 76507536 -1263.19
376 0.06475 9.53675e-07 3581723 77316742 -1255.19
377 0.06625 9.53675e-07 3581723 80299877 -1242.23
378 0.06775 9.53675e-07 3581723 72635223 -1230.41
379 0.06925 9.53675e-07 3581723 60307875 -1218.12
380 0.07075 9.53675e-07 3581723 58007126 -1201.3
381 0.07225 9.53675e-07 3581723 54327046 -1183.87
382 0.07375 9.53675e-07 3581723 51590421 -1167.45
383 0.07525 9.53675e-07 3581723 49231069 -1155.43
384 0.07675 9.53675e-07 3581723 46895938 -1138.97
385 0.07825 9.53675e-07 3581723 47846758 -1124.26
386 0.07975 9.53675e-07 3581723 44657924 -1112.77
387 0.08125 9.53675e-07 3581723 44178517 -1100.38
388 0.08275 9.53675e-07 3581723 42171873 -1088.43
389 0.08425 9.53675e-07 3581723 44023421 -1074.54
390 0.08575 9.53675e-07 3581723 45201120 -1059.47
391 0.08725 9.53675e-07 3581723 45348662 -1047.02
392 0.08875 9.53675e-07 3581723 44242822 -1036.84
393 0.09025 9.53675e-07 3581723 44311534 -1025.68
394 0.09175 9.53675e-07 3581723 44148871 -1015.83
395 0.09325 9.53675e-07 3581723 43500669 -1005.98
396 0.09475 9.53675e-07 3581723 43162547 -997.073
397 0.09625 9.53675e-07 3581723 43217452 -987.081
398 0.09775 9.53675e-07 3581723 43642733 -976.917
399 0.09925 9.53675e-07 3581723 43851600 -967.419
400 0.10075 9.53675e-07 3581723 44389405 -957.058
401 0.10225 9.53675e-07 3581723 44016467 -948.274
402 0.10375 9.53675e-07 3581723 43963948 -939.014
403 0.10525 9.53675e-07 3581723 43229655 -930.313
404 0.10675 9.53675e-07 3581723 43630953 -921.211
405 0.10825 9.53675e-07 3581723 43837379 -911.942
406 0.10975 9.53675e-07 3581723 43450075 -903.065
407 0.11125 9.53675e-07 3581723 43949592 -894.054
408 0.11275 9.53675e-07 3581723 43686035 -884.989
409 0.11425 9.53675e-07 3581723 42991376 -875.945
410 0.11575 9.53675e-07 3581723 42873396 -867.686
411 0.11725 9.53675e-07 3581723 43303305 -859.21
412 0.11875 9.53675e-07 3581723 43454948 -850.864
413 0.12025 9.53675e-07 3581723 43382195 -842.78
414 0.12175 9.53675e-07 3581723 43460302 -834.57
415 0.12325 9.53675e-07 3581723 43461022 -826.217
416 0.12475 9.53675e-07 3581723 43240981 -818.347
417 0.12625 9.53675e-07 3581723 43649593 -810.328
418 0.12775 9.53675e-07 3581723 43868338 -802.304
419 0.12925 9.53675e-07 3581723 43730064 -794.84
420 0.13075 9.53675e-07 3581723 43625054 -787.414
421 0.13225 9.53675e-07 3581723 43325202 -779.885
422 0.13375 9.53675e-07 3581723 43440242 -772.321
423 0.13525 9.53675e-07 3581723 43341374 -765.029
424 0.13675 9.53675e-07 3581723 43536738 -757.677
425 0.13825 9.53675e-07 3581723 43517891 -750.27
426 0.13975 9.53675e-07 3581723 43589008 -743.156
427 0.14125 9.53675e-07 3581723 43541554 -736.019
428 0.14275 9.53675e-07 3581723 43314374 -729.299
429 0.14425 9.53675e-07 3581723 43257452 -722.401
430 0.14575 9.53675e-07 3581723 43018312 -715.744
431 0.14725 9.53675e-07 3581723 43189018 -709.17
432 0.14875 9.53675e-07 3581723 43097857 -702.657
433 0.15025 9.53675e-07 3581723 42874837 -696.328
434 0.15175 9.53675e-07 3581723 43123481 -689.614
435 0.15325 9.53675e-07 3581723 43308568 -683.113
436 0.15475 9.53675e-07 3581723 43292659 -676.833
437 0.15625 9.53675e-07 3581723 43090861 -670.573
438 0.15775 9.53675e-07 3581723 43105455 -664.35
439 0.15925 9.53675e-07 3581723 42898161 -658.268
440 0.16075 9.53675e-07 3581723 43044706 -652.039
441 0.16225 9.53675e-07 3581723 43089764 -646.108
442 0.16375 9.53675e-07 3581723 42907306 -640.173
443 0.16525 9.53675e-07 3581723 42735536 -634.349
444 0.16675 9.53675e-07 3581723 42884726 -628.435
445 0.16825 9.53675e-07 3581723 42970253 -622.598
446 0.16975 9.53675e-07 3581723 42905185 -616.995
447 0.17125 9.53675e-07 3581723 42958805 -611.398
448 0.17275 9.53675e-07 3581723 42990657 -605.826
449 0.17425 9.53675e-07 3581723 42867166 -600.551
450 0.17575 9.53675e-07 3581723 42799063 -595.155
451 0.17725 9.53675e-07 3581723 42783258 -589.872
452 0.17875 9.53675e-07 3581723 42636529 -584.691
453 0.18025 9.53675e-07 3581723 42596843 -579.487
454 0.18175 9.53675e-07 3581723 42667660 -574.134
455 0.18325 9.53675e-07 3581723 42723660 -568.855
456 0.18475 9.53675e-07 3581723 42695153 -563.885
457 0.18625 9.53675e-07 3581723 42711568 -558.917
458 0.18775 9.53675e-07 3581723 42731761 -553.879
459 0.18925 9.53675e-07 3581723 42651155 -549.064
460 0.19075 9.53675e-07 3581723 42628137 -544.251
461 0.19225 9.53675e-07 3581723 42749962 -539.366
462 0.19375 9.53675e-07 3581723 42784849 -534.555
463 0.19525 9.53675e-07 3581723 42843022 -529.792
464 0.19675 9.53675e-07 3581723 42840622 -525.167
465 0.19825 9.53675e-07 3581723 42852465 -520.582
466 0.19975 9.53675e-07 3581723 42829277 -515.966
467 0.20125 9.53675e-07 3581723 42840682 -511.53
468 0.20275 9.53675e-07 3581723 42847131 -507.047
469 0.20425 9.53675e-07 3581723 42813807 -502.759
470 0.20575 9.53675e-07 3581723 42764444 -498.353
471 0.20725 9.53675e-07 3581723 42814388 -493.993
472 0.20875 9.53675e-07 3581723 42970104 -489.589
473 0.21025 9.53675e-07 3581723 42964264 -485.394
474 0.21175 9.53675e-07 3581723 43049077 -481.104
475 0.21325 9.53675e-07 3581723 43147415 -476.979
476 0.21475 9.53675e-07 3581723 43140740 -472.872
477 0.21625 9.53675e-07 3581723 43102751 -468.824
478 0.21775 9.53675e-07 3581723 43101033 -464.881
479 0.21925 9.53675e-07 3581723 43099338 -460.913
480 0.22075 9.53675e-07 3581723 43035533 -457.035
481 0.22225 9.53675e-07 3581723 42932919 -453.214
482 0.22375 9.53675e-07 3581723 42917254 -449.394
483 0.22525 9.53675e-07 3581723 42944365 -445.577
484 0.22675 9.53675e-07 3581723 42978126 -441.75
485 0.22825 9.53675e-07 3581723 42981357 -438.082
486 0.22975 9.53675e-07 3581723 42970828 -434.43
487 0.23125 9.53675e-07 3581723 43021350 -430.784
488 0.23275 9.53675e-07 3581723 42995757 -427.189
489 0.23425 9.53675e-07 3581723 42963896 -423.66
490 0.23575 9.53675e-07 3581723 42865763 -420.284
491 0.23725 9.53675e-07 3581723 42863868 -416.788
492 0.23875 9.53675e-07 3581723 42941275 -413.278
493 0.24025 9.53675e-07 3581723 42948353 -409.897
494 0.24175 9.53675e-07 3581723 42897270 -406.615
495 0.24325 9.53675e-07 3581723 43030600 -403.239
496 0.24475 9.53675e-07 3581723 43002272 -399.98
497 0.24625 9.53675e-07 3581723 42973275 -396.736
498 0.24775 9.53675e-07 3581723 43008166 -393.444
499 0.24925 9.53675e-07 3581723 42975121 -390.298
500 0.25075 9.53675e-07 3581723 43055602 -387.105
501 0.25225 9.53675e-07 3581723 43028105 -383.991
502 0.25375 9.53675e-07 3581723 43019803 -380.928
503 0.25525 9.53675e-07 3581723 43062121 -377.858
504 0.25675 9.53675e-07 3581723 43080928 -374.814
505 0.25825 9.53675e-07 3581723 43033505 -371.906
506 0.25975 9.53675e-07 3581723 43008347 -369.017
507 0.26125 9.53675e-07 3581723 42960162 -366.165
508 0.26275 9.53675e-07 3581723 42969413 -363.34
509 0.26425 9.53675e-07 3581723 42945540 -360.542
510 0.26575 9.53675e-07 3581723 42908736 -357.723
511 0.26725 9.53675e-07 3581723 42914566 -354.956
512 0.26875 9.53675e-07 3581723 42901209 -352.248
513 0.27025 9.53675e-07 3581723 42879683 -349.551
514 0.27175 9.53675e-07 3581723 42829207 -346.94
515 0.27325 9.53675e-07 3581723 42771442 -344.342
516 0.27475 9.53675e-07 3581723 42774998 -341.772
517 0.27625 9.53675e-07 3581723 42748045 -339.295
518 0.27775 9.53675e-07 3581723 42725745 -336.833
519 0.27925 9.53675e-07 3581723 42712188 -334.298
520 0.28075 9.53675e-07 3581723 42700012 -331.824
521 0.28225 9.53675e-07 3581723 42718727 -329.333
522 0.28375 9.53675e-07 3581723 42751566 -326.948
523 0.28525 9.53675e-07 3581723 42750917 -324.575
524 0.28675 9.53675e-07 3581723 42750987 -322.222
525 0.28825 9.53675e-07 3581723 42775065 -319.896
526 0.28975 9.53675e-07 3581723 42787170 -317.604
527 0.29125 9.53675e-07 3581723 42771862 -315.379
528 0.29275 9.53675e-07 3581723 42798827 -313.152
529 0.29425 9.53675e-07 3581723 42769694 -310.981
530 0.29575 9.53675e-07 3581723 42763933 -308.795
531 0.29725 9.53675e-07 3581723 42743452 -306.638
532 0.29875 9.53675e-07 3581723 42703583 -304.545
533 0.30025 9.53675e-07 3581723 42679871 -302.461
534 0.30175 9.53675e-07 3581723 42666690 -300.394
535 0.30325 9.53675e-07 3581723 42688803 -298.321
536 0.30475 9.53675e-07 3581723 42651922 -296.34
537 0.30625 9.53675e-07 3581723 42650835 -294.385
538 0.30775 9.53675e-07 3581723 42628793 -292.438
539 0.30925 9.53675e-07 3581723 42599493 -290.491
540 0.31075 9.53675e-07 3581723 42599938 -288.57
541 0.31225 9.53675e-07 3581723 42632864 -286.637
542 0.31375 9.53675e-07 3581723 42631756 -284.797
543 0.31525 9.53675e-07 3581723 42615047 -282.946
544 0.31675 9.53675e-07 3581723 42605110 -281.12
545 0.31825 9.53675e-07 3581723 42648076 -279.256
546 0.31975 9.53675e-07 3581723 42620216 -277.405
547 0.32125 9.53675e-07 3581723 42634758 -275.619
548 0.32275 9.53675e-07 3581723 42632149 -273.897
549 0.32425 9.53675e-07 3581723 42620000 -272.161
550 0.32575 9.53675e-07 3581723 42584658 -270.468
551 0.32725 9.53675e-07 3581723 42589981 -268.795
552 0.32875 9.53675e-07 3581723 42617947 -267.118
553 0.33025 9.53675e-07 3581723 42612455 -265.45
554 0.33175 9.53675e-07 3581723 42607400 -263.8
555 0.33325 9.53675e-07 3581723 42595099 -262.2
556 0.33475 9.53675e-07 3581723 42561348 -260.625
557 0.33625 9.53675e-07 3581723 42549034 -259.066
558 0.33775 9.53675e-07 3581723 42566639 -257.48
559 0.33925 9.53675e-07 3581723 42616876 -255.912
560 0.34075 9.53675e-07 3581723 42617083 -254.406
561 0.34225 9.53675e-07 3581723 42632445 -252.889
562 0.34375 9.53675e-07 3581723 42638977 -251.382
563 0.34525 9.53675e-07 3581723 42629928 -249.937
564 0.34675 9.53675e-07 3581723 42651990 -248.449
565 0.34825 9.53675e-07 3581723 42666665 -247.015
566 0.34975 9.53675e-07 3581723 42655026 -245.61
567 0.35125 9.53675e-07 3581723 42634652 -244.221
568 0.35275 9.53675e-07 3581723 42652954 -242.834
569 0.35425 9.53675e-07 3581723 42711370 -241.445
570 0.35575 9.53675e-07 3581723 42714545 -240.132
571 0.35725 9.53675e-07 3581723 42728322 -238.797
572 0.35875 9.53675e-07 3581723 42739318 -237.471
573 0.36025 9.53675e-07 3581723 42729231 -236.168
574 0.36175 9.53675e-07 3581723 42716386 -234.878
575 0.36325 9.53675e-07 3581723 42713137 -233.596
576 0.36475 9.53675e-07 3581723 42702926 -232.341
577 0.36625 9.53675e-07 3581723 42681657 -231.095
578 0.36775 9.53675e-07 3581723 42654459 -229.872
579 0.36925 9.53675e-07 3581723 42646414 -228.66
580 0.37075 9.53675e-07 3581723 42639098 -227.476
581 0.37225 9.53675e-07 3581723 42663205 -226.263
582 0.37375 9.53675e-07 3581723 42639491 -225.09
583 0.37525 9.53675e-07 3581723 42633071 -223.916
584 0.37675 9.53675e-07 3581723 42647671 -222.765
585 0.37825 9.53675e-07 3581723 42673447 -221.585
586 0.37975 9.53675e-07 3581723 42704931 -220.42
587 0.38125 9.53675e-07 3581723 42707570 -219.267
588 0.38275 9.53675e-07 3581723 42690155 -218.144
589 0.38425 9.53675e-07 3581723 42681509 -217.042
590 0.38575 9.53675e-07 3581723 42643153 -215.958
591 0.38725 9.53675e-07 3581723 42650535 -214.862
592 0.38875 9.53675e-07 3581723 42629794 -213.795
593 0.39025 9.53675e-07 3581723 42628881 -212.738
594 0.39175 9.53675e-07 3581723 42615595 -211.696
595 0.39325 9.53675e-07 3581723 42646631 -210.638
596 0.39475 9.53675e-07 3581723 42663698 -209.594
597 0.39625 9.53675e-07 3581723 42641504 -208.581
598 0.39775 9.53675e-07 3581723 42611854 -207.594
599 0.39925 9.53675e-07 3581723 42607372 -206.604
600 0.40075 9.53675e-07 3581723 42563092 -205.612
601 0.40225 9.53675e-07 3581723 42540322 -204.646
602 0.40375 9.53675e-07 3581723 42558360 -203.645
603 0.40525 9.53675e-07 3581723 42536214 -202.663
604 0.40675 9.53675e-07 3581723 42530381 -201.687
605 0.40825 9.53675e-07 3581723 42515538 -200.713
606 0.40975 9.53675e-07 3581723 42523389 -199.749
607 0.41125 9.53675e-07 3581723 42521598 -198.793
608 0.41275 9.53675e-07 3581723 42515464 -197.841
609 0.41425 9.53675e-07 3581723 42519869 -196.919
610 0.41575 9.53675e-07 3581723 42507642 -196.001
611 0.41725 9.53675e-07 3581723 42514996 -195.078
612 0.41875 9.53675e-07 3581723 42520242 -194.144
613 0.42025 9.53675e-07 3581723 42531227 -193.244
614 0.42175 9.53675e-07 3581723 42532268 -192.363
615 0.42325 9.53675e-07 3581723 42519400 -191.493
616 0.42475 9.53675e-07 3581723 42514559 -190.609
617 0.42625 9.53675e-07 3581723 42511166 -189.734
618 0.42775 9.53675e-07 3581723 42508148 -188.858
619 0.42925 9.53675e-07 3581723 42526623 -187.984
620 0.43075 9.53675e-07 3581723 42507577 -187.133
621 0.43225 9.53675e-07 3581723 42529170 -186.266
622 0.43375 9.53675e-07 3581723 42541804 -185.393
623 0.43525 9.53675e-07 3581723 42531992 -184.529
624 0.43675 9.53675e-07 3581723 42525933 -183.68
625 0.43825 9.53675e-07 3581723 42529391 -182.838
626 0.43975 9.53675e-07 3581723 42557010 -182.004
627 0.44125 9.53675e-07 3581723 42556719 -181.156
628 0.44275 9.53675e-07 3581723 42543182 -180.331
629 0.44425 9.53675e-07 3581723 42522439 -179.536
630 0.44575 9.53675e-07 3581723 42515412 -178.727
631 0.44725 9.53675e-07 3581723 42525271 -177.914
632 0.44875 9.53675e-07 3581723 42521826 -177.11
633 0.45025 9.53675e-07 3581723 42526810 -176.322
634 0.45175 9.53675e-07 3581723 42538830 -175.512
635 0.45325 9.53675e-07 3581723 42532187 -174.726
636 0.45475 9.53675e-07 3581723 42533602 -173.949
637 0.45625 9.53675e-07 3581723 42533214 -173.175
638 0.45775 9.53675e-07 3581723 42536524 -172.402
639 0.45925 9.53675e-07 3581723 42527013 -171.652
640 0.46075 9.53675e-07 3581723 42534474 -170.892
641 0.46225 9.53675e-07 3581723 42530876 -170.14
642 0.46375 9.53675e-07 3581723 42525809 -169.366
643 0.46525 9.53675e-07 3581723 42522268 -168.616
644 0.46675 9.53675e-07 3581723 42531826 -167.832
645 0.46825 9.53675e-07 3581723 42543814 -167.07
646 0.46975 9.53675e-07 3581723 42541405 -166.319
647 0.47125 9.53675e-07 3581723 42529093 -165.592
648 0.47275 9.53675e-07 3581723 42524151 -164.844
649 0.47425 9.53675e-07 3581723 42531209 -164.115
650 0.47575 9.53675e-07 3581723 42539810 -163.4
651 0.47725 9.53675e-07 3581723 42548301 -162.671
652 0.47875 9.53675e-07 3581723 42555225 -161.943
653 0.48025 9.53675e-07 3581723 42547167 -161.238
654 0.48175 9.53675e-07 3581723 42559216 -160.525
655 0.48325 9.53675e-07 3581723 42569444 -159.804
656 0.48475 9.53675e-07 3581723 42566477 -159.072
657 0.48625 9.53675e-07 3581723 42553015 -158.366
658 0.48775 9.53675e-07 3581723 42549592 -157.672
659 0.48925 9.53675e-07 3581723 42548048 -156.956
660 0.49075 9.53675e-07 3581723 42545118 -156.265
661 0.49225 9.53675e-07 3581723 42541058 -155.569
662 0.49375 9.53675e-07 3581723 42525718 -154.895
663 0.49525 9.53675e-07 3581723 42512598 -154.214
664 0.49675 9.53675e-07 3581723 42505525 -153.526
665 0.49825 9.53675e-07 3581723 42521886 -152.825
666 0.49975 9.53675e-07 3581723 42535638 -152.148
667 0.50125 9.53675e-07 3581723 42527013 -151.471
668 0.50275 9.53675e-07 3581723 42514235 -150.806
669 0.50425 9.53675e-07 3581723 42535556 -150.138
670 0.50575 9.53675e-07 3581723 42530483 -149.477
671 0.50725 9.53675e-07 3581723 42528062 -148.81
672 0.50875 9.53675e-07 3581723 42522193 -148.168
673 0.51025 9.53675e-07 3581723 42515630 -147.505
674 0.51175 9.53675e-07 3581723 42512438 -146.854
675 0.51325 9.53675e-07 3581723 42501806 -146.192
676 0.51475 9.53675e-07 3581723 42500945 -145.547
677 0.51625 9.53675e-07 3581723 42487193 -144.906
678 0.51775 9.53675e-07 3581723 42483307 -144.259
679 0.51925 9.53675e-07 3581723 42453027 -143.622
680 0.52075 9.53675e-07 3581723 42452302 -142.972
681 0.52225 9.53675e-07 3581723 42448947 -142.33
682 0.52375 9.53675e-07 3581723 42431812 -141.689
683 0.52525 9.53675e-07 3581723 42443993 -141.038
684 0.52675 9.53675e-07 3581723 42457028 -140.384
685 0.52825 9.53675e-07 3581723 42454866 -139.753
686 0.52975 9.53675e-07 3581723 42446178 -139.131
687 0.53125 9.53675e-07 3581723 42439705 -138.517
688 0.53275 9.53675e-07 3581723 42441469 -137.887
689 0.53425 9.53675e-07 3581723 42445634 -137.262
690 0.53575 9.53675e-07 3581723 42437015 -136.643
691 0.53725 9.53675e-07 3581723 42439151 -136.026
692 0.53875 9.53675e-07 3581723 42436728 -135.42
693 0.54025 9.53675e-07 3581723 42433401 -134.802
694 0.54175 9.53675e-07 3581723 42435751 -134.188
695 0.54325 9.53675e-07 3581723 42426910 -133.57
696 0.54475 9.53675e-07 3581723 42428107 -132.942
697 0.54625 9.53675e-07 3581723 42438031 -132.34
698 0.54775 9.53675e-07 3581723 42437632 -131.737
699 0.54925 9.53675e-07 3581723 42432481 -131.137
700 0.55075 9.53675e-07 3581723 42435085 -130.547
701 0.55225 9.53675e-07 3581723 42449401 -129.934
702 0.55375 9.53675e-07 3581723 42447087 -129.341
703 0.55525 9.53675e-07 3581723 42471952 -128.74
704 0.55675 9.53675e-07 3581723 42473714 -128.13
705 0.55825 9.53675e-07 3581723 42465710 -127.539
706 0.55975 9.53675e-07 3581723 42456574 -126.945
707 0.56125 9.53675e-07 3581723 42460656 -126.355
708 0.56275 9.53675e-07 3581723 42435904 -125.77
709 0.56425 9.53675e-07 3581723 42428311 -125.187
710 0.56575 9.53675e-07 3581723 42425048 -124.603
711 0.56725 9.53675e-07 3581723 42415000 -124.034
712 0.56875 9.53675e-07 3581723 42427313 -123.449
713 0.57025 9.53675e-07 3581723 42429222 -122.878
714 0.57175 9.53675e-07 3581723 42415793 -122.313
715 0.57325 9.53675e-07 3581723 42417179 -121.736
716 0.57475 9.53675e-07 3581723 42416260 -121.169
717 0.57625 9.53675e-07 3581723 42403170 -120.603
718 0.57775 9.53675e-07 3581723 42406745 -120.05
719 0.57925 9.53675e-07 3581723 42405005 -119.49
720 0.58075 9.53675e-07 3581723 42404205 -118.932
721 0.58225 9.53675e-07 3581723 42400898 -118.357
722 0.58375 9.53675e-07 3581723 42395171 -117.8
723 0.58525 9.53675e-07 3581723 42405094 -117.225
724 0.58675 9.53675e-07 3581723 42401230 -116.664
725 0.58825 9.53675e-07 3581723 42410358 -116.087
726 0.58975 9.53675e-07 3581723 42417759 -115.525
727 0.59125 9.53675e-07 3581723 42416541 -114.973
728 0.59275 9.53675e-07 3581723 42421089 -114.42
729 0.59425 9.53675e-07 3581723 42422168 -113.861
730 0.59575 9.53675e-07 3581723 42419881 -113.313
731 0.59725 9.53675e-07 3581723 42408035 -112.765
732 0.59875 9.53675e-07 3581723 42403955 -112.224
733 0.60025 9.53675e-07 3581723 42413641 -111.69
734 0.60175 9.53675e-07 3581723 42424646 -111.155
735 0.60325 9.53675e-07 3581723 42430473 -110.602
736 0.60475 9.53675e-07 3581723 42433913 -110.052
737 0.60625 9.53675e-07 3581723 42447564 -109.5
738 0.60775 9.53675e-07 3581723 42455464 -108.951
739 0.60925 9.53675e-07 3581723 42458551 -108.39
740 0.61075 9.53675e-07 3581723 42468742 -107.834
741 0.61225 9.53675e-07 3581723 42481762 -107.292
742 0.61375 9.53675e-07 3581723 42472259 -106.758
743 0.61525 9.53675e-07 3581723 42464655 -106.225
744 0.61675 9.53675e-07 3581723 42448169 -105.708
745 0.61825 9.53675e-07 3581723 42441620 -105.17
746 0.61975 9.53675e-07 3581723 42442369 -104.633
747 0.62125 9.53675e-07 3581723 42430612 -104.098
748 0.62275 9.53675e-07 3581723 42423439 -103.582
749 0.62425 9.53675e-07 3581723 42416777 -103.074
750 0.62575 9.53675e-07 3581723 42405985 -102.554
751 0.62725 9.53675e-07 3581723 42407447 -102.027
752 0.62875 9.53675e-07 3581723 42386784 -101.508
753 0.63025 9.53675e-07 3581723 42383878 -100.979
754 0.63175 9.53675e-07 3581723 42382651 -100.471
755 0.63325 9.53675e-07 3581723 42393670 -99.948
756 0.63475 9.53675e-07 3581723 42389648 -99.4429
757 0.63625 9.53675e-07 3581723 42387914 -98.9391
758 0.63775 9.53675e-07 3581723 42388438 -98.413
759 0.63925 9.53675e-07 3581723 42380207 -97.9026
760 0.64075 9.53675e-07 3581723 42375515 -97.4066
761 0.64225 9.53675e-07 3581723 42362676 -96.909
762 0.64375 9.53675e-07 3581723 42368636 -96.4009
763 0.64525 9.53675e-07 3581723 42370219 -95.8898
764 0.64675 9.53675e-07 3581723 42377389 -95.3647
765 0.64825 9.53675e-07 3581723 42390085 -94.8498
766 0.64975 9.53675e-07 3581723 42383919 -94.3459
767 0.65125 9.53675e-07 3581723 42371724 -93.8517
768 0.65275 9.53675e-07 3581723 42377795 -93.3393
769 0.65425 9.53675e-07 3581723 42384290 -92.8352
770 0.65575 9.53675e-07 3581723 42373059 -92.3563
771 0.65725 9.53675e-07 3581723 42378269 -91.8548
772 0.65875 9.53675e-07 3581723 42377106 -91.3677
773 0.66025 9.53675e-07 3581723 42372625 -90.8711
774 0.66175 9.53675e-07 3581723 42378826 -90.3646
775 0.66325 9.53675e-07 3581723 42383506 -89.8614
776 0.66475 9.53675e-07 3581723 42386574 -89.3575
777 0.66625 9.53675e-07 3581723 42398065 -88.8639
778 0.66775 9.53675e-07 3581723 42399845 -88.366
779 0.66925 9.53675e-07 3581723 42403665 -87.8739
780 0.67075 9.53675e-07 3581723 42401282 -87.3889
781 0.67225 9.53675e-07 3581723 42404549 -86.8971
782 0.67375 9.53675e-07 3581723 42420465 -86.4162
783 0.67525 9.53675e-07 3581723 42412032 -85.9209
784 0.67675 9.53675e-07 3581723 42403109 -85.4535
785 0.67825 9.53675e-07 3581723 42396071 -84.9701
786 0.67975 9.53675e-07 3581723 42389111 -84.4821
787 0.68125 9.53675e-07 3581723 42382669 -84.0041
788 0.68275 9.53675e-07 3581723 42367197 -83.5341
789 0.68425 9.53675e-07 3581723 42367161 -83.0318
790 0.68575 9.53675e-07 3581723 42367029 -82.5594
791 0.68725 9.53675e-07 3581723 42373874 -82.0745
792 0.68875 9.53675e-07 3581723 42363892 -81.5949
793 0.69025 9.53675e-07 3581723 42388128 -81.0977
794 0.69175 9.53675e-07 3581723 42392682 -80.6225
795 0.69325 9.53675e-07 3581723 42388897 -80.1657
796 0.69475 9.53675e-07 3581723 42387586 -79.6974
797 0.69625 9.53675e-07 3581723 42389975 -79.2461
798 0.69775 9.53675e-07 3581723 42382340 -78.7898
799 0.69925 9.53675e-07 3581723 42386902 -78.3338
800 0.70075 9.53675e-07 3581723 42387655 -77.8702
801 0.70225 9.53675e-07 3581723 42388434 -77.416
802 0.70375 9.53675e-07 3581723 42386759 -76.9586
803 0.70525 9.53675e-07 3581723 42380995 -76.4971
804 0.70675 9.53675e-07 3581723 42377598 -76.0393
805 0.70825 9.53675e-07 3581723 42383797 -75.5671
806 0.70975 9.53675e-07 3581723 42389970 -75.1043
807 0.71125 9.53675e-07 3581723 42384181 -74.6411
808 0.71275 9.53675e-07 3581723 42388820 -74.1812
809 0.71425 9.53675e-07 3581723 42401013 -73.7158
810 0.71575 9.53675e-07 3581723 42406882 -73.2549
811 0.71725 9.53675e-07 3581723 42414399 -72.7949
812 0.71875 9.53675e-07 3581723 42406531 -72.3389
813 0.72025 9.53675e-07 3581723 42410672 -71.8823
814 0.72175 9.53675e-07 3581723 42430817 -71.4053
815 0.72325 9.53675e-07 3581723 42429217 -70.9466
816 0.72475 9.53675e-07 3581723 42430199 -70.4883
817 0.72625 9.53675e-07 3581723 42434666 -70.0231
818 0.72775 9.53675e-07 3581723 42422444 -69.5918
819 0.72925 9.53675e-07 3581723 42417982 -69.1328
820 0.73075 9.53675e-07 3581723 42418799 -68.6769
821 0.73225 9.53675e-07 3581723 42424805 -68.218
822 0.73375 9.53675e-07 3581723 42431815 -67.7771
823 0.73525 9.53675e-07 3581723 42436318 -67.3393
824 0.73675 9.53675e-07 3581723 42434647 -66.8863
825 0.73825 9.53675e-07 3581723 42431707 -66.4382
826 0.73975 9.53675e-07 3581723 42422488 -65.9981
827 0.74125 9.53675e-07 3581723 42419623 -65.5632
828 0.74275 9.53675e-07 3581723 42421131 -65.1199
829 0.74425 9.53675e-07 3581723 42422661 -64.6735
830 0.74575 9.53675e-07 3581723 42420151 -64.2279
831 0.74725 9.53675e-07 3581723 42414139 -63.794
832 0.74875 9.53675e-07 3581723 42410741 -63.3592
833 0.75025 9.53675e-07 3581723 42402796 -62.932
834 0.75175 9.53675e-07 3581723 42405697 -62.504
835 0.75325 9.53675e-07 3581723 42401511 -62.0765
836 0.75475 9.53675e-07 3581723 42396978 -61.6432
837 0.75625 9.53675e-07 3581723 42390245 -61.2149
838 0.75775 9.53675e-07 3581723 42406289 -60.7584
839 0.75925 9.53675e-07 3581723 42413985 -60.3356
840 0.76075 9.53675e-07 3581723 42399668 -59.9256
841 0.76225 9.53675e-07 3581723 42396651 -59.4891
842 0.76375 9.53675e-07 3581723 42392023 -59.0621
843 0.76525 9.53675e-07 3581723 42395702 -58.6313
844 0.76675 9.53675e-07 3581723 42413051 -58.1959
845 0.76825 9.53675e-07 3581723 42420706 -57.7588
846 0.76975 9.53675e-07 3581723 42431643 -57.3288
847 0.77125 9.53675e-07 3581723 42442292 -56.8917
848 0.77275 9.53675e-07 3581723 42441321 -56.4705
849 0.77425 9.53675e-07 3581723 42439218 -56.0576
850 0.77575 9.53675e-07 3581723 42437196 -55.636
851 0.77725 9.53675e-07 3581723 42436346 -55.1967
852 0.77875 9.53675e-07 3581723 42443925 -54.763
853 0.78025 9.53675e-07 3581723 42445404 -54.3259
854 0.78175 9.53675e-07 3581723 42442607 -53.9096
855 0.78325 9.53675e-07 3581723 42443226 -53.479
856 0.78475 9.53675e-07 3581723 42439360 -53.0496
857 0.78625 9.53675e-07 3581723 42433987 -52.6248
858 0.78775 9.53675e-07 3581723 42441500 -52.2061
859 0.78925 9.53675e-07 3581723 42428299 -51.8002
860 0.79075 9.53675e-07 3581723 42437946 -51.3813
861 0.79225 9.53675e-07 3581723 42439371 -50.9625
862 0.79375 9.53675e-07 3581723 42449017 -50.5539
863 0.79525 9.53675e-07 3581723 42439750 -50.1435
864 0.79675 9.53675e-07 3581723 42446990 -49.7253
865 0.79825 9.53675e-07 3581723 42438658 -49.313
866 0.79975 9.53675e-07 3581723 42440555 -48.9081
867 0.80125 9.53675e-07 3581723 42438745 -48.4887
868 0.80275 9.53675e-07 3581723 42434109 -48.0823
869 0.80425 9.53675e-07 3581723 42423297 -47.6817
870 0.80575 9.53675e-07 3581723 42407170 -47.2847
871 0.80725 9.53675e-07 3581723 42406726 -46.8809
872 0.80875 9.53675e-07 3581723 42396924 -46.4862
873 0.81025 9.53675e-07 3581723 42400816 -46.0756
874 0.81175 9.53675e-07 3581723 42407203 -45.6682
875 0.81325 9.53675e-07 3581723 42409715 -45.2751
876 0.81475 9.53675e-07 3581723 42398662 -44.8763
877 0.81625 9.53675e-07 3581723 42389737 -44.4851
878 0.81775 9.53675e-07 3581723 42385091 -44.0818
879 0.81925 9.53675e-07 3581723 42390881 -43.6689
880 0.82075 9.53675e-07 3581723 42383129 -43.2688
881 0.82225 9.53675e-07 3581723 42386551 -42.8702
882 0.82375 9.53675e-07 3581723 42388913 -42.4639
883 0.82525 9.53675e-07 3581723 42397879 -42.051
884 0.82675 9.53675e-07 3581723 42403975 -41.6468
885 0.82825 9.53675e-07 3581723 42404025 -41.2472
886 0.82975 9.53675e-07 3581723 42417323 -40.8393
887 0.83125 9.53675e-07 3581723 42417394 -40.4385
888 0.83275 9.53675e-07 3581723 42421072 -40.0328
889 0.83425 9.53675e-07 3581723 42430731 -39.6359
890 0.83575 9.53675e-07 3581723 42436454 -39.233
891 0.83725 9.53675e-07 3581723 42425407 -38.8479
892 0.83875 9.53675e-07 3581723 42426737 -38.4502
893 0.84025 9.53675e-07 3581723 42421893 -38.0676
894 0.84175 9.53675e-07 3581723 42416853 -37.6719
895 0.84325 9.53675e-07 3581723 42414486 -37.2761
896 0.84475 9.53675e-07 3581723 42412864 -36.8742
897 0.84625 9.53675e-07 3581723 42414666 -36.4872
898 0.84775 9.53675e-07 3581723 42409391 -36.1155
899 0.84925 9.53675e-07 3581723 42402556 -35.7342
900 0.85075 9.53675e-07 3581723 42396987 -35.3527
901 0.85225 9.53675e-07 3581723 42401727 -34.9538
902 0.85375 9.53675e-07 3581723 42412692 -34.548
903 0.85525 9.53675e-07 3581723 42413546 -34.1659
904 0.85675 9.53675e-07 3581723 42413942 -33.781
905 0.85825 9.53675e-07 3581723 42418941 -33.3956
906 0.85975 9.53675e-07 3581723 42420844 -33.0059
907 0.86125 9.53675e-07 3581723 42423777 -32.6195
908 0.86275 9.53675e-07 3581723 42415775 -32.2477
909 0.86425 9.53675e-07 3581723 42416571 -31.8711
910 0.86575 9.53675e-07 3581723 42423836 -31.4925
911 0.86725 9.53675e-07 3581723 42414311 -31.1157
912 0.86875 9.53675e-07 3581723 42397612 -30.7552
913 0.87025 9.53675e-07 3581723 42406287 -30.3724
914 0.87175 9.53675e-07 3581723 42409088 -29.9921
915 0.87325 9.53675e-07 3581723 42404694 -29.6074
916 0.87475 9.53675e-07 3581723 42412267 -29.2247
917 0.87625 9.53675e-07 3581723 42406050 -28.8552
918 0.87775 9.53675e-07 3581723 42401125 -28.483
919 0.87925 9.53675e-07 3581723 42403714 -28.1094
920 0.88075 9.53675e-07 3581723 42394536 -27.7505
921 0.88225 9.53675e-07 3581723 42399522 -27.382
922 0.88375 9.53675e-07 3581723 42406841 -27.0062
923 0.88525 9.53675e-07 3581723 42413802 -26.6306
924 0.88675 9.53675e-07 3581723 42406870 -26.2698
925 0.88825 9.53675e-07 3581723 42400690 -25.8996
926 0.88975 9.53675e-07 3581723 42393347 -25.5371
927 0.89125 9.53675e-07 3581723 42405550 -25.153
928 0.89275 9.53675e-07 3581723 42401235 -24.7902
929 0.89425 9.53675e-07 3581723 42390394 -24.4352
930 0.89575 9.53675e-07 3581723 42391177 -24.0627
931 0.89725 9.53675e-07 3581723 42395831 -23.694
932 0.89875 9.53675e-07 3581723 42396286 -23.3318
933 0.90025 9.53675e-07 3581723 42393873 -22.971
934 0.90175 9.53675e-07 3581723 42394950 -22.6041
935 0.90325 9.53675e-07 3581723 42393193 -22.2326
936 0.90475 9.53675e-07 3581723 42395777 -21.8659
937 0.90625 9.53675e-07 3581723 42396133 -21.504
938 0.90775 9.53675e-07 3581723 42401888 -21.1409
939 0.90925 9.53675e-07 3581723 42410601 -20.7774
940 0.91075 9.53675e-07 3581723 42405668 -20.4123
941 0.91225 9.53675e-07 3581723 42396484 -20.0436
942 0.91375 9.53675e-07 3581723 42396037 -19.6875
943 0.91525 9.53675e-07 3581723 42390000 -19.3388
944 0.91675 9.53675e-07 3581723 42400424 -18.9809
945 0.91825 9.53675e-07 3581723 42416126 -18.5973
946 0.91975 9.53675e-07 3581723 42416168 -18.2179
947 0.92125 9.53675e-07 3581723 42415981 -17.8623
948 0.92275 9.53675e-07 3581723 42421882 -17.4959
949 0.92425 9.53675e-07 3581723 42424216 -17.145
950 0.92575 9.53675e-07 3581723 42431224 -16.7724
951 0.92725 9.53675e-07 3581723 42428969 -16.4084
952 0.92875 9.53675e-07 3581723 42419140 -16.0563
953 0.93025 9.53675e-07 3581723 42409150 -15.6977
954 0.93175 9.53675e-07 3581723 42412132 -15.3429
955 0.93325 9.53675e-07 3581723 42413134 -14.9825
956 0.93475 9.53675e-07 3581723 42419491 -14.621
957 0.93625 9.53675e-07 3581723 42430368 -14.2617
958 0.93775 9.53675e-07 3581723 42427567 -13.9162
959 0.93925 9.53675e-07 3581723 42425774 -13.5652
960 0.94075 9.53675e-07 3581723 42424366 -13.2258
961 0.94225 9.53675e-07 3581723 42415819 -12.884
962 0.94375 9.53675e-07 3581723 42411614 -12.5244
963 0.94525 9.53675e-07 3581723 42410453 -12.1715
964 0.94675 9.53675e-07 3581723 42418619 -11.8253
965 0.94825 9.53675e-07 3581723 42412466 -11.4893
966 0.94975 9.53675e-07 3581723 42410983 -11.1503
967 0.95125 9.53675e-07 3581723 42405354 -10.8142
968 0.95275 9.53675e-07 3581723 42408446 -10.4695
969 0.95425 9.53675e-07 3581723 42415815 -10.1308
970 0.95575 9.53675e-07 3581723 42416935 -9.76947
971 0.95725 9.53675e-07 3581723 42418644 -9.41399
972 0.95875 9.53675e-07 3581723 42423453 -9.06616
973 0.96025 9.53675e-07 3581723 42431509 -8.72011
974 0.96175 9.53675e-07 3581723 42431816 -8.37804
975 0.96325 9.53675e-07 3581723 42429767 -8.03642
976 0.96475 9.53675e-07 3581723 42423477 -7.68921
977 0.96625 9.53675e-07 3581723 42426925 -7.35112
978 0.96775 9.53675e-07 3581723 42423617 -7.01828
979 0.96925 9.53675e-07 3581723 42428487 -6.67483
980 0.97075 9.53675e-07 3581723 42421222 -6.33497
981 0.97225 9.53675e-07 3581723 42409615 -6.00803
982 0.97375 9.53675e-07 3581723 42402046 -5.67658
983 0.97525 9.53675e-07 3581723 42404840 -5.34782
984 0.97675 9.53675e-07 3581723 42402968 -5.01167
985 0.97825 9.53675e-07 3581723 42398805 -4.66574
986 0.97975 9.53675e-07 3581723 42403069 -4.3344
987 0.98125 9.53675e-07 3581723 42404986 -4.00106
988 0.98275 9.53675e-07 3581723 42404517 -3.6606
989 0.98425 9.53675e-07 3581723 42413331 -3.31661
990 0.98575 9.53675e-07 3581723 42405772 -2.9879
991 0.98725 9.53675e-07 3581723 42407388 -2.66166
992 0.98875 9.53675e-07 3581723 42404150 -2.31927
993 0.99025 9.53675e-07 3581723 42409676 -1.98628
994 0.99175 9.53675e-07 3581723 42402605 -1.66307
995 0.99325 9.53675e-07 3581723 42403501 -1.33128
996 0.99475 9.53675e-07 3581723 42407724 -0.999876
997 0.99625 9.53675e-07 3581723 42414470 -0.665339
998 0.99775 9.53675e-07 3581723 42420751 -0.325775
999 0.99925 9.53675e-07 3581723 42417954 0
