0 -0.8 inf 1 1 -nan 1296 1.67962e+06 -inf
0.01 -0.789999 1.00973 1 1 0 1294.95 1.67689e+06 0.110851
0.02 -0.77999 1.01624 1 1 0 1293.85 1.67404e+06 0.112639
0.03 -0.769964 0.995129 1 1 0 1292.82 1.67138e+06 0.111922
0.04 -0.759922 1.01603 1 1 0 1291.72 1.66854e+06 0.114518
0.05 -0.74985 0.999216 1 1 0 1290.6 1.66565e+06 0.110812
0.06 -0.739802 1.02066 1 1 0 1289.53 1.6629e+06 0.111113
0.07 -0.729695 1.00972 1 1 0 1288.45 1.6601e+06 0.11087
0.08 -0.719556 1.01156 1 1 1.08501e-06 1287.32 1.6572e+06 0.110431
0.09 -0.709373 0.987364 1 0.999999 3.85725e-06 1286.22 1.65438e+06 0.113281
0.1 -0.699279 1.00609 0.999997 0.999994 3.03288e-05 1285.08 1.65145e+06 0.111858
0.11 -0.689145 1.01823 0.999991 0.999982 8.16439e-05 1284.09 1.64889e+06 0.113264
0.12 -0.678876 1.01295 0.999971 0.999943 0.000240564 1282.99 1.64609e+06 0.112699
0.13 -0.668624 1.03739 0.999932 0.999864 0.000525686 1281.84 1.64313e+06 0.112598
0.14 -0.65835 1.05018 0.999854 0.999709 0.00103353 1280.71 1.64024e+06 0.112319
0.15 -0.64793 1.05531 0.999707 0.999415 0.00200741 1279.58 1.63734e+06 0.113497
0.16 -0.637365 1.06253 0.999472 0.998945 0.00337437 1278.4 1.63434e+06 0.111444
0.17 -0.626586 1.0843 0.999115 0.998233 0.00523086 1277.17 1.63119e+06 0.113832
0.18 -0.615486 1.11922 0.998571 0.997146 0.0078788 1275.86 1.62784e+06 0.11367
0.19 -0.604104 1.15357 0.997803 0.995615 0.011807 1274.57 1.62455e+06 0.117697
0.2 -0.592401 1.18994 0.9968 0.993615 0.0163762 1273.07 1.62073e+06 0.115746
0.21 -0.580306 1.25869 0.995476 0.990981 0.0226456 1271.52 1.61679e+06 0.118276
0.22 -0.56753 1.27673 0.993874 0.987796 0.0285841 1269.89 1.61265e+06 0.117784
0.23 -0.554312 1.3378 0.991813 0.983707 0.0370115 1268.13 1.60819e+06 0.120226
0.24 -0.540232 1.42735 0.98922 0.978575 0.0472243 1266.15 1.60316e+06 0.124493
0.25 -0.525589 1.47776 0.986209 0.972634 0.0580805 1263.99 1.59771e+06 0.126153
0.26 -0.509941 1.59356 0.98254 0.965419 0.0730704 1261.56 1.59157e+06 0.12734
0.27 -0.493581 1.67518 0.97823 0.956976 0.0898048 1258.9 1.58488e+06 0.133539
0.28 -0.476116 1.85199 0.973277 0.947322 0.110305 1255.88 1.57729e+06 0.142684
0.29 -0.457386 1.92206 0.967403 0.935933 0.130045 1252.5 1.56881e+06 0.145452
0.3 -0.437283 2.10443 0.960486 0.922617 0.160368 1248.69 1.55928e+06 0.157025
0.31 -0.416035 2.2307 0.95269 0.907723 0.195488 1244.47 1.54878e+06 0.169877
0.32 -0.392369 2.39586 0.943186 0.889731 0.236051 1239.26 1.53584e+06 0.188605
0.33 -0.366503 2.68123 0.932038 0.868863 0.293202 1233.2 1.52086e+06 0.20707
0.34 -0.337857 3.1517 0.918639 0.844133 0.397951 1226 1.50319e+06 0.259841
0.35 -0.304427 3.82789 0.901434 0.812921 0.554296 1216.37 1.47969e+06 0.34097
0.36 0.277411 0.385345 0.0291339 0.000910337 0.0984812 433.849 188391 1.06053
0.37 0.28133 0.373792 0.0284842 0.000869943 0.0912159 431.841 186646 0.996757
0.38 0.285104 0.354258 0.0279409 0.000839212 0.088703 429.936 185011 1.01614
0.39 0.288587 0.347986 0.0280019 0.000841836 0.0852619 428.774 184013 0.991801
0.4 0.292159 0.3374 0.0276333 0.000819788 0.0809096 427.188 182658 0.982488
0.41 0.295143 0.316402 0.0274451 0.000809493 0.0790341 425.923 181577 0.956965
0.42 0.298588 0.310927 0.0270865 0.000789579 0.0766668 424.32 180217 0.951121
0.43 0.301685 0.310739 0.0275078 0.000812619 0.0749331 423.861 179833 0.954903
0.44 0.304722 0.301917 0.027524 0.0008149 0.0750461 422.987 179097 0.958079
0.45 0.307923 0.29714 0.0273408 0.000804314 0.0726969 421.532 177867 0.935118
0.46 0.310567 0.295106 0.0272826 0.000801584 0.071676 420.817 177269 0.94161
0.47 0.313651 0.281511 0.0273834 0.000807261 0.070357 419.755 176379 0.934866
0.48 0.316238 0.282334 0.0275129 0.000815174 0.0698549 419.294 175993 0.919992
0.49 0.319078 0.271183 0.0275128 0.000813477 0.0664454 418.492 175317 0.883528
0.5 0.32176 0.273271 0.0277598 0.000828954 0.0672158 418.073 174977 0.919365
0.51 0.324421 0.266693 0.0278485 0.000834755 0.066878 417.354 174380 0.921527
0.52 0.326695 0.257672 0.0282004 0.00085491 0.0660693 417.099 174168 0.905119
0.53 0.329656 0.247835 0.0284567 0.000869389 0.064779 416.418 173603 0.900736
0.54 0.332147 0.250834 0.0283045 0.000860338 0.0631387 415.517 172855 0.896073
0.55 0.334554 0.244861 0.0287742 0.000889016 0.0639471 415.551 172891 0.909983
0.56 0.337182 0.247962 0.0293234 0.000920832 0.0627095 415.634 172957 0.8797
0.57 0.339501 0.244088 0.0292513 0.000917358 0.0623693 414.871 172328 0.887375
0.58 0.342214 0.23604 0.0297905 0.000951519 0.0636061 414.826 172295 0.889479
0.59 0.344575 0.242617 0.0298049 0.000953375 0.0634971 414.011 171621 0.884413
0.6 0.346923 0.232388 0.0301949 0.000977565 0.0632014 413.861 171502 0.890941
0.61 0.349285 0.239811 0.0306147 0.00100249 0.0615953 413.91 171544 0.87981
0.62 0.351437 0.231747 0.0309508 0.00102393 0.0612961 414.041 171654 0.87029
0.63 0.353855 0.235851 0.0314082 0.00105431 0.0620216 413.984 171608 0.865484
0.64 0.356075 0.234916 0.0319203 0.00108923 0.0632952 414.21 171809 0.900986
0.65 0.358449 0.231579 0.0320988 0.00110027 0.0619716 413.665 171359 0.893708
0.66 0.36048 0.230648 0.0322804 0.00111265 0.0616387 413.457 171186 0.876041
0.67 0.363063 0.225535 0.0329326 0.00115732 0.0625539 413.566 171279 0.875523
0.68 0.365064 0.226899 0.0334898 0.00119528 0.0624399 414.071 171702 0.880526
0.69 0.367394 0.228226 0.0333707 0.0011878 0.0619361 413.118 170916 0.874038
0.7 0.369485 0.226362 0.0342593 0.00124955 0.0624163 414.302 171895 0.858121
0.71 0.372284 0.230839 0.034865 0.00129337 0.0631162 414.325 171920 0.865874
0.72 0.374277 0.229919 0.034982 0.00129936 0.060492 414.002 171650 0.845399
0.73 0.37682 0.225757 0.0357784 0.00136059 0.0635135 414.572 172135 0.87637
0.74 0.378702 0.228321 0.0358454 0.00136652 0.063536 414.291 171908 0.885184
0.75 0.381215 0.222072 0.0367214 0.00143052 0.0630171 414.892 172401 0.852826
0.76 0.383472 0.228173 0.0371648 0.00146493 0.0634369 415.122 172597 0.857189
0.77 0.385371 0.229383 0.037559 0.00149575 0.0636349 415.283 172731 0.847041
0.78 0.387809 0.223844 0.0384145 0.00156128 0.0632182 415.963 173304 0.857433
0.79 0.39009 0.226939 0.038701 0.00158798 0.0657758 415.903 173266 0.885469
0.8 0.392283 0.229215 0.0392071 0.00162744 0.0649767 416.21 173518 0.863099
0.81 0.394638 0.225067 0.0395679 0.00165494 0.063521 415.982 173327 0.850059
0.82 0.396683 0.227945 0.04028 0.00171494 0.0649447 416.805 174018 0.854356
0.83 0.399383 0.235512 0.040897 0.00176678 0.0653838 416.911 174116 0.869058
0.84 0.401397 0.232169 0.0414151 0.00181267 0.0668312 417.482 174600 0.881559
0.85 0.403898 0.236477 0.0420356 0.00186464 0.0661749 417.558 174665 0.87438
0.86 0.4064 0.228901 0.0429467 0.00194432 0.0669093 418.615 175554 0.875211
0.87 0.409001 0.23681 0.0437527 0.00201492 0.066618 419.467 176267 0.862056
0.88 0.410724 0.234232 0.0441072 0.00204777 0.0669784 419.571 176362 0.871014
0.89 0.413224 0.24111 0.0443191 0.00206946 0.0681342 419.106 175978 0.879664
0.9 0.415744 0.240939 0.0452605 0.00215512 0.0682314 420.093 176811 0.878812
0.91 0.41827 0.241491 0.0462354 0.00224545 0.0681952 421.377 177887 0.85615
0.92 0.420792 0.242411 0.0467286 0.00229551 0.0700906 421.312 177849 0.892285
0.93 0.423538 0.244588 0.0476222 0.00238211 0.0707498 422.233 178622 0.869519
0.94 0.425557 0.24583 0.0480476 0.00242171 0.0693282 422.339 178715 0.868663
0.95 0.428205 0.248469 0.048992 0.00251556 0.0699341 423.307 179535 0.86203
0.96 0.430299 0.251636 0.0498276 0.00260368 0.0725315 424.56 180604 0.86471
0.97 0.432668 0.248261 0.0504356 0.00266318 0.0709205 424.784 180799 0.866609
0.98 0.434965 0.252215 0.0511356 0.00273772 0.072221 425.522 181427 0.859914
0.99 0.438131 0.252958 0.0517262 0.00280289 0.0740607 425.671 181568 0.882747
