1 0.471976 0.327018 0.0814888 0.0068428 0.116568 449.47 202428 0.899434
0.99 0.468472 0.323239 0.0798612 0.00657326 0.113719 447.946 201039 0.86475
0.98 0.46546 0.326865 0.0789732 0.00643168 0.114564 447.398 200556 0.892363
0.97 0.462422 0.323972 0.0777899 0.00623885 0.111386 446.3 199560 0.870381
0.96 0.459361 0.31898 0.0767179 0.00607509 0.113672 445.542 198895 0.904652
0.95 0.455909 0.309398 0.0752155 0.00583963 0.110509 444.084 197577 0.869039
0.94 0.452387 0.307772 0.0742669 0.00569479 0.109818 443.433 197001 0.88304
0.93 0.44936 0.310437 0.0731289 0.00552756 0.111313 442.71 196367 0.911303
0.92 0.446258 0.309657 0.0718758 0.00534533 0.112194 441.7 195473 0.920589
0.91 0.44356 0.304194 0.0708638 0.00519656 0.110696 440.778 194645 0.897423
0.9 0.440577 0.303628 0.0702391 0.00510412 0.109174 440.49 194386 0.893709
0.89 0.437285 0.300197 0.0689451 0.00492188 0.109018 439.564 193572 0.909092
0.88 0.434524 0.295768 0.0674046 0.00470283 0.104369 437.63 191866 0.89715
0.87 0.431564 0.299239 0.0670043 0.00465317 0.108316 438.284 192446 0.927195
0.86 0.428171 0.297876 0.0656068 0.00446288 0.106244 436.856 191194 0.932349
0.85 0.425536 0.299513 0.06496 0.00437192 0.103087 436.819 191140 0.886182
0.84 0.422869 0.292585 0.0639326 0.00423932 0.104195 435.91 190352 0.911677
0.83 0.419375 0.290778 0.062807 0.00409199 0.102199 435.182 189712 0.90905
0.82 0.416471 0.289549 0.0616207 0.00394771 0.105779 434.226 188881 0.924551
0.81 0.413897 0.289362 0.0606877 0.00382803 0.10314 433.389 188154 0.934357
0.8 0.411074 0.28373 0.0601189 0.00375794 0.103434 433.322 188086 0.915979
0.79 0.408292 0.286827 0.0587406 0.00358888 0.100927 432.038 186963 0.898246
0.78 0.40525 0.279466 0.0579112 0.00349008 0.100704 431.704 186680 0.926206
0.77 0.40252 0.279973 0.0568587 0.00336343 0.0976326 430.67 185776 0.902456
0.76 0.399795 0.280995 0.0559937 0.00326663 0.0995451 430.144 185320 0.907091
0.75 0.396942 0.275771 0.0550361 0.00315751 0.0987145 429.445 184722 0.928793
0.74 0.394189 0.278958 0.0538972 0.00303145 0.0984924 428.742 184119 0.943509
0.73 0.391308 0.278954 0.0531817 0.00295228 0.0978337 428.623 184005 0.916323
0.72 0.388702 0.277987 0.0523006 0.0028566 0.0969934 428.025 183491 0.925941
0.71 0.385949 0.279183 0.051674 0.00278813 0.0956719 427.654 183170 0.928494
0.7 0.383237 0.274485 0.0511917 0.00273805 0.0966536 427.963 183432 0.934219
0.69 0.380324 0.277687 0.0501299 0.00262783 0.0958481 426.959 182566 0.923349
0.68 0.377685 0.270949 0.0494024 0.00255214 0.094479 426.67 182314 0.919991
0.67 0.375124 0.276416 0.0484831 0.00246109 0.0949847 426.36 182049 0.929701
0.66 0.371949 0.271468 0.0478368 0.00239725 0.0950294 426.327 182020 0.94067
0.65 0.368948 0.273912 0.0467984 0.00229712 0.0948491 425.719 181500 0.951195
0.64 0.366522 0.272719 0.04613 0.00223514 0.0964436 425.406 181228 0.946235
0.63 0.364212 0.272467 0.0457411 0.00219715 0.0959098 425.352 181179 0.951124
0.62 0.361044 0.272676 0.0447892 0.00210729 0.094034 425.064 180923 0.923699
0.61 0.358615 0.269007 0.0440317 0.00203749 0.0932022 424.668 180586 0.939622
0.6 0.355649 0.272606 0.0434895 0.00198628 0.0911483 424.938 180805 0.915566
0.59 0.353231 0.278453 0.0428919 0.00193448 0.0925123 424.558 180482 0.928189
0.58 0.350312 0.274088 0.0422284 0.00187339 0.0895359 424.512 180433 0.901445
0.57 0.34745 0.281635 0.0416012 0.00182198 0.0922797 424.757 180647 0.941902
0.56 0.34467 0.279573 0.041032 0.00177387 0.0928256 424.564 180481 0.952239
0.55 0.341937 0.281372 0.04055 0.0017328 0.0926862 424.873 180738 0.94647
0.54 0.339205 0.287712 0.0397792 0.00166856 0.0919264 424.61 180510 0.942944
0.53 0.335949 0.288175 0.0393122 0.00163193 0.0939862 424.931 180786 0.976503
0.52 0.333168 0.28771 0.0389806 0.00160446 0.0941195 425.347 181130 0.948483
0.51 0.330354 0.292363 0.038514 0.00156494 0.0921769 425.666 181394 0.932239
0.5 0.32711 0.291773 0.0378182 0.00151222 0.094464 425.715 181434 0.943196
0.49 0.324585 0.301656 0.0375312 0.0014888 0.0942771 426.195 181842 0.957202
0.48 0.321687 0.296546 0.0371572 0.0014629 0.0986885 426.66 182242 0.993635
0.47 0.318785 0.303102 0.0370614 0.00145093 0.0948378 427.349 182819 0.956941
0.46 0.31537 0.311424 0.0365076 0.00141184 0.0989662 427.786 183196 0.988434
0.45 0.312272 0.316084 0.0361315 0.00138233 0.0983666 428.232 183572 0.980238
0.44 0.309411 0.319382 0.0356799 0.0013497 0.100341 428.67 183945 0.994084
0.43 0.306148 0.327537 0.0356662 0.00134856 0.102446 429.768 184884 0.993074
0.42 0.30261 0.329336 0.035192 0.00131425 0.10392 430.341 185374 1.00089
0.41 0.299323 0.336452 0.0352795 0.00132 0.105865 431.453 186331 1.01511
0.4 0.295826 0.345181 0.0349154 0.00129092 0.10344 432.196 186965 0.990701
0.39 0.292417 0.354035 0.03484 0.00128496 0.105056 433.398 188002 0.994017
0.38 0.289105 0.358332 0.0346554 0.00127355 0.109977 434.145 188651 1.02609
0.37 0.28519 0.374553 0.0347475 0.00128057 0.113928 435.67 189975 1.03855
0.36 0.281365 0.381576 0.0348918 0.00129113 0.117899 437.166 191279 1.0461
0.35 0.277434 0.391995 0.0351821 0.00131151 0.121334 438.929 192821 1.05663
0.34 0.273602 0.408355 0.0354037 0.00132778 0.125959 440.404 194119 1.09095
0.33 0.26957 0.42623 0.0351177 0.00130873 0.131745 441.651 195216 1.10004
0.32 0.265182 0.449805 0.0356161 0.00134537 0.138351 443.527 196875 1.12149
0.31 0.260684 0.457525 0.0361851 0.00138977 0.149403 446.004 199081 1.16766
0.3 0.256092 0.474072 0.0365503 0.00141699 0.155641 448.158 201007 1.20056
0.29 0.251027 0.493013 0.0373284 0.00147345 0.158982 450.803 203379 1.18836
0.28 0.246027 0.526329 0.0382182 0.00154762 0.178948 453.809 206102 1.25269
0.27 0.240641 0.560467 0.0396318 0.00166337 0.197736 457.134 209138 1.35187
0.26 0.235101 0.566399 0.0407394 0.00174989 0.199802 460.282 212016 1.31091
0.25 0.22908 0.615734 0.0424074 0.00189423 0.220833 464.422 215846 1.36634
0.24 0.222962 0.651756 0.0438754 0.00202463 0.23898 468.247 219415 1.42168
0.23 0.216235 0.705639 0.0467862 0.00230072 0.279924 473.524 224394 1.5492
0.22 0.209173 0.733914 0.0499338 0.00261465 0.317497 479.156 229760 1.60609
0.21 0.201227 0.827161 0.0540984 0.00306129 0.369349 486.148 236520 1.76867
0.2 0.192388 0.922795 0.0599126 0.00374978 0.461557 494.599 244825 1.98327
0.19 0.182242 1.08031 0.0682247 0.0048649 0.637531 505.735 256001 2.42444
0.18 0.171074 1.31554 0.0793653 0.00657521 0.884367 519.228 269877 2.99388
0.17 -0.459035 1.19305 0.996513 0.993045 0.0208868 1238.16 1.53307e+06 0.141694
0.16 -0.470931 1.14204 0.997755 0.99552 0.0141442 1239.93 1.53746e+06 0.13844
0.15 -0.482309 1.09691 0.998627 0.997258 0.00917648 1241.52 1.54139e+06 0.135614
0.14 -0.493196 1.09157 0.999222 0.998445 0.00560673 1243.06 1.54523e+06 0.138917
0.13 -0.503929 1.06347 0.999603 0.999208 0.00305636 1244.54 1.5489e+06 0.136914
0.12 -0.514469 1.0317 0.999817 0.999635 0.00150712 1245.95 1.5524e+06 0.132295
0.11 -0.524804 1.01283 0.999925 0.99985 0.000687086 1247.31 1.5558e+06 0.134627
0.1 -0.535147 1.02499 0.999974 0.999947 0.000261614 1248.66 1.55917e+06 0.132619
0.09 -0.54529 1.01655 0.999992 0.999985 8.45031e-05 1249.93 1.56234e+06 0.134766
0.08 -0.555458 1.02681 0.999999 0.999998 1.51803e-05 1251.27 1.56569e+06 0.134365
0.07 -0.565602 1.01668 1 1 0 1252.62 1.56907e+06 0.132505
0.06 -0.575668 1.01419 1 1 0 1253.84 1.57213e+06 0.133554
0.05 -0.585791 1.00154 1 1 0 1255.16 1.57544e+06 0.136382
0.04 -0.595889 0.982112 1 1 0 1256.51 1.57884e+06 0.136165
0.03 -0.605943 1.00611 1 1 0 1257.76 1.58196e+06 0.134057
0.02 -0.615978 0.996711 1 1 0 1259.08 1.58529e+06 0.134445
0.01 -0.626004 1.00257 1 1 0 1260.37 1.58854e+06 0.133411
