0.0 0.0 -0.89 0.0 -inf nan 1.0 0.0 1.0 0.0 nan nan 1211.04 0.0 1466620.0 0.0 inf nan 
0.01 0.0 -0.8799968 1.584926059952602e-06 1.0024992000000001 0.001988635037389745 1.0 0.0 1.0 0.0 0.0 0.0 1209.4260000000002 0.004560693538357784 1462712.0 13.682105101189656 0.1684052 0.0009463060561992224 
0.02 0.0 -0.869965 1.6733148144042245e-06 1.0001304000000002 0.0024994057949595 1.0 0.0 1.0 0.0 0.0 0.0 1207.81 0.0040000035874529485 1458804.0 8.294576541331088 0.16661739999999997 0.0010003660769945055 
0.03 0.0 -0.8599188 1.5594903490637196e-06 1.013534 0.00289239361083194 1.0 0.0 1.0 0.0 0.0 0.0 1206.194 0.01043072561391058 1454910.0 23.83275057562597 0.16728700000000002 0.00038221386683083254 
0.04 0.0 -0.849825 6.6873001481947655e-06 1.0147494 0.006441537478586407 1.0 0.0 1.0 0.0 0.0 0.0 1204.572 0.004381786515339975 1451000.0 11.313708498984761 0.16752799999999998 0.0004978866537688553 
0.05 0.0 -0.8397244 7.539760803876305e-06 1.0105666000000002 0.0060037196176927115 1.0 0.0 1.0 0.0 0.0 0.0 1202.9140000000002 0.006066292746342379 1447018.0 14.25482374496437 0.1677406 0.0003302411967039787 
0.06 0.0 -0.8296075999999999 3.842919624756727e-06 1.0157143999999998 0.005613527757848092 1.0 0.0 1.0 0.0 0.0 0.0 1201.294 0.010430718917423863 1443118.0 25.518620652378527 0.16770780000000002 0.00022956487536080023 
0.07 0.0 -0.8194374 7.097041542837467e-06 1.0120296 0.004353766935430055 1.0 0.0 1.0 0.0 4.96008e-07 2.7167477030302237e-07 1199.6340000000002 0.004560693538357784 1439134.0 11.86591757935306 0.16752859999999997 0.0005966748260170346 
0.08 0.0 -0.8092608 1.1046809798394058e-05 1.0182699999999998 0.004054480977891759 1.0 0.0 0.9999996 2.1905213791309883e-07 2.6037960000000003e-06 4.94742991514584e-07 1197.9779999999998 0.009121410049900858 1435164.0 22.73323558141251 0.16863140000000001 0.0007094804634380636 
0.09 0.0 -0.7990306 1.2453433626983735e-05 1.0182366 0.004960155284662485 0.9999990000000001 4.712160915387242e-09 0.9999974000000001 2.189507483506605e-07 1.4071100000000002e-05 1.2661154639289399e-06 1196.34 0.011313710414032027 1431244.0 28.788886744714528 0.1696346 0.00046587265212641275 
0.1 0.0 -0.7887687999999999 1.6515205750122537e-05 1.0189202 0.004413608867138246 0.999995 0.0 0.99999 2.8284743441383513e-07 4.951024e-05 1.345846612835162e-06 1194.7040000000002 0.01538830531497477 1427342.0 37.67227096950753 0.17012139999999998 0.0006373574570064777 
0.11000000000000001 8.33000234328132e-10 -0.7785507999999999 1.560871633623048e-05 1.024096 0.004005828353791485 0.9999832 4.382056302002144e-07 0.999966 7.483439704316601e-07 0.0001546008 3.739693360691472e-06 1193.028 0.017753870904213747 1423338.0 42.36980056596915 0.1698534 0.0012049051282158859 
0.12 0.0 -0.7681676 2.3763164929466117e-05 1.028162 0.004332112094576468 0.9999545999999999 3.578451112705964e-07 0.9999094 6.693590993015095e-07 0.0003776904 4.934572707743039e-06 1191.3600000000001 0.014696932627305176 1419362.0 33.633316815324655 0.1707792 0.0005838368539250266 
0.13 0.0 -0.7577398000000001 1.1639243496988055e-05 1.0496560000000001 0.004556315704599577 0.9998908 7.694108923004833e-07 0.9997818 1.425473461201557e-06 0.0008365726 7.144909318388328e-06 1189.6640000000002 0.007266353268169247 1415328.0 15.849290204927158 0.1708742 0.0007496030629597454 
0.14 0.0 -0.7472206000000001 2.2174940122892052e-05 1.057518 0.004774423022737635 0.999773 1.8547247335765366e-06 0.9995468000000001 3.5597654658485705e-06 0.00160723 1.102318320631517e-05 1187.8960000000002 0.009208691209028324 1411130.0 20.97617696340303 0.169862 0.0005375072092530242 
0.15 0.0 -0.7365614 2.7611011729997562e-05 1.077992 0.005326266534822168 0.9995611999999999 1.0353787462168415e-06 0.999123 2.332372095935876e-06 0.002954106 5.643240629248896e-06 1186.188 0.021614810164919767 1407070.0 52.23025942880238 0.1714396 0.00035713152759206303 
0.16 0.0 -0.7257359999999999 4.16720530680232e-05 1.097396 0.003174679322391807 0.9992382000000001 3.8094549740717954e-06 0.9984782000000001 7.559892330173217e-06 0.00477663 4.008060758023868e-05 1184.386 0.014859340661668061 1402802.0 35.14541221838207 0.17235899999999998 0.0003108223930177687 
0.17 8.33000234328132e-10 -0.7146484 1.2008663584930953e-05 1.1303139999999998 0.003252883766766093 0.9987456 4.432603313873155e-06 0.9974952 8.815441826769726e-06 0.007496184 2.538246411990575e-05 1182.502 0.021981810676080047 1398352.0 54.06662556513028 0.1728978 0.0006235717376543491 
0.18 0.0 -0.703114 2.2922478108156047e-05 1.15945 0.0031279219939111275 0.998028 3.8470746627780825e-06 0.996063 7.53126858300716e-06 0.01106904 4.9151192050611306e-05 1180.4820000000002 0.014805402600070816 1393578.0 33.15418525616336 0.17392999999999997 0.0011485694406531172 
0.19 0.0 -0.6913776 3.267855549359426e-05 1.20327 0.006758363707282863 0.997063 6.6873018083907525e-06 0.9941400000000001 1.327252542234417e-05 0.01568356 8.309378123544892e-05 1178.424 0.01344619002850503 1388720.0 31.240998703626612 0.17635079999999997 0.0009533390330845749 
0.2 0.0 -0.6790794 4.218777088305589e-05 1.257266 0.004316115475748488 0.9957898000000001 8.84262075463186e-06 0.9916050000000001 1.7499713332470207e-05 0.02146668 0.0001148447731505898 1176.1979999999999 0.01947305951518747 1383482.0 45.729640278488965 0.17798560000000002 0.0004789529079136833 
0.21000000000000002 1.666000468656264e-09 -0.66626 4.486958891467531e-05 1.29971 0.005473455946663613 0.9941362 6.218679661473062e-06 0.9883174 1.243736200090101e-05 0.02850854 9.595575480400594e-05 1173.84 0.02315167445597071 1377946.0 55.82830823157728 0.180532 0.000794386757190164 
0.22000000000000003 1.666000468656264e-09 -0.65288 3.910498675180597e-05 1.3716979999999999 0.005341569357417973 0.9920846000000001 5.668151793049448e-06 0.9842462000000001 1.1176402357498301e-05 0.03742218 0.00017269516820109468 1171.274 0.012198363087547962 1371934.0 30.672463220289302 0.1839708 0.00047164108387722664 
0.23000000000000004 1.666000468656264e-09 -0.6388642000000001 3.931350881428028e-05 1.4487539999999999 0.004626094335409131 0.9895758000000001 9.475862697204889e-06 0.9792792 1.8815737602037823e-05 0.0474726 0.0001027865711070893 1168.5939999999998 0.019514097788498806 1365672.0 46.25148646259923 0.18706060000000002 0.0006700457655995422 
0.24 0.0 -0.6240954000000001 5.9846202682628245e-05 1.512584 0.0062184838023451715 0.9865132000000001 1.5211572898460527e-05 0.9732331999999999 3.0003199993047927e-05 0.059546100000000005 0.0003794852218464313 1165.58 0.030854498502063902 1358632.0 71.29656373206215 0.19219740000000002 0.0005573656322373353 
0.25 0.0 -0.6085347999999999 5.5928096970339436e-05 1.6057780000000001 0.004071916895006215 0.9828884 2.875079098151754e-05 0.9661014 5.6526524743001845e-05 0.07333524 0.0001698991385498712 1162.3 0.03509985785247508 1351002.0 80.66721762897242 0.1964822 0.0005759828052976447 
0.26 0.0 -0.591954 3.7039438438323166e-05 1.675354 0.007504691119556246 0.9786076000000001 1.6941309003110777e-05 0.9577128 3.330033042875547e-05 0.08937354 0.0003698260289380168 1158.694 0.019099739013022827 1342632.0 45.99130352577539 0.20278200000000002 0.00045127641196847926 
0.27 0.0 -0.5744752 3.757701428313153e-05 1.7964040000000001 0.006192378283015033 0.9735674 2.080499944449863e-05 0.9478846000000001 4.037286195958879e-05 0.10880939999999999 0.00033375423293305334 1154.7800000000002 0.034985710136881336 1333586.0 80.32932216818463 0.21266400000000002 0.0011768085315797057 
0.28 0.0 -0.5557582 5.499629077564238e-05 1.92766 0.010975228471427272 0.9677368 3.662501904002959e-05 0.936579 7.040852197690826e-05 0.1318916 0.0008749090284135857 1150.3880000000001 0.04073327895648119 1323466.0 90.71273339504216 0.22334700000000002 0.001531743346647729 
0.29 0.0 -0.5360060000000001 0.00010211953768447892 2.0505780000000002 0.013309703347550845 0.9610692000000001 2.9989864673107248e-05 0.9237334 5.744047326632665e-05 0.157538 0.0005270955131652379 1145.616 0.026168682665210972 1312516.0 62.0064512772663 0.23643920000000002 0.0009143280549113048 
0.3 0.0 -0.5148893999999999 5.4067809397030914e-05 2.188938 0.009065961570626163 0.9533594000000001 1.60738280834833e-05 0.9089914 3.0494065177283912e-05 0.1863878 0.0011304476069244217 1140.192 0.0181989025470049 1300126.0 42.670833129902675 0.25069379999999997 0.001259219675832164 
0.31 0.0 -0.4922072 0.00021348749846307786 2.36062 0.007481314857686756 0.9445492 9.056153714444947e-05 0.8922930000000001 0.0001707618223048196 0.2229718 0.001196635162445053 1134.172 0.0667173140458395 1286444.0 148.016215327916 0.2697654 0.0010478211145042277 
0.32 0.0 -0.46779860000000006 0.00018599582788221024 2.526804 0.02144938070901186 0.9344306 6.285449863745569e-05 0.8733067999999999 0.0001167460151149021 0.26308 0.0015150079867772663 1127.358 0.08510699159882201 1271044.0 190.71654359284094 0.293694 0.0013525340661137352 
0.33 1.666000468656264e-09 -0.44102300000000005 0.00014587364391240195 2.79333 0.019151044462374662 0.922525 5.678873136592174e-05 0.8512378 0.000104553297479334 0.3236524 0.0011110573198526896 1119.41 0.03298484494124344 1253196.0 71.81086268803628 0.33242120000000003 0.002061627675405809 
0.34 1.666000468656264e-09 -0.41218899999999997 0.00013837022801766903 3.0395139999999996 0.022701012065564612 0.9088654 0.00011990582961338675 0.826268 0.00021697539035603832 0.3922226 0.0036818791463064967 1110.364 0.10413836956622405 1233052.0 228.91745237093653 0.37757379999999996 0.0033338779269798504 
0.35 0.0 -0.38022919999999993 0.0003480362510017486 3.4283 0.03705504737549028 0.8927292000000001 0.00022214651012831665 0.7972634000000001 0.00039538099091355046 0.48997260000000004 0.00584046579375221 1099.6060000000002 0.17562687704735186 1209306.0 387.4490934303499 0.4539986 0.005227778071801615 
0.36 0.0 -0.3438428 0.0005780243178269373 3.935394 0.02792613766348405 0.8729416000000001 0.00034946617573386663 0.7624257999999999 0.0006085962471324628 0.6370752000000001 0.004977966310852774 1086.2900000000002 0.28798611058982 1180244.0 627.3283032033546 0.564135 0.00358427831508493 
0.37 0.0 -0.3015422 0.0006610078002612165 4.674396 0.06845905156223293 0.8481781999999999 0.0004847374052434149 0.7199636 0.000814207717966103 0.8660066000000001 0.014774528707474624 1069.456 0.3553319575471602 1144036.0 755.2938501007405 0.7601862 0.012805883008678954 
0.38 0.0 -0.24917479999999997 0.0009283321991623116 6.168375999999999 0.11248777414813031 0.8143511999999999 0.0007674567558046215 0.6640628 0.0012324783941359862 1.352716 0.03376047874068146 1045.9560000000001 0.5576995606299704 1094506.0 1157.5615750360755 1.204138 0.0313821590589313 
0.39 0.0 -0.1738038 0.0015306993277588144 9.944674000000001 0.2842260937014674 0.7582306 0.0013334067826513292 0.5768758 0.0020120586353240123 2.8845780000000003 0.09311936230022204 1005.8460000000001 0.972475603778449 1012802.0 1949.9854358430473 2.729614 0.09023372791146306 
0.4 0.0 0.06922234 0.0065461565446970574 31.67864 1.3103812543225661 0.4959434 0.008363773299653791 0.26110920000000004 0.008677090965986059 21.3114 0.632297112440046 804.7672 6.6153692528859 657083.0 10861.299830130829 28.621660000000002 0.7762514884236799 
0.41 0.0 0.181866 0.0004408299445366227 3.812484 0.20954489339709503 0.3419794 0.0008212624233467034 0.12001060000000001 0.0006328815750198774 4.295476 0.21432215112022437 681.1352 0.7118617506178776 466049.4 1007.3175705776131 7.525732 0.36945808390560286 
0.42000000000000004 3.332000937312528e-09 0.20803280000000002 0.00040121928168889847 2.074914 0.04379648977714865 0.3052768 0.0007393039104438442 0.09510340000000002 0.00047105294224657234 2.614954 0.03521390573054673 650.35 0.6294900793340003 424323.0 831.7975715280731 5.000928 0.05909002307666035 
0.43 0.0 0.2251906 0.00023389683195916935 1.487498 0.0233332062777509 0.2828312 0.00045766655110614614 0.0814577 0.0002800561443717581 1.9599419999999999 0.035017118145274924 630.9512 0.3814277808512119 399169.0 496.79508854009276 3.9382460000000004 0.06912247279141195 
0.44000000000000006 3.332000937312528e-09 0.2380182 0.00032729966696863947 1.20947 0.021786320295083567 0.26757339999999996 0.0006367486537117714 0.07284070000000001 0.00035573163817662794 1.6274760000000001 0.032940555502295736 617.4226000000001 0.5727971787460087 382146.0 718.7569825747781 3.436736 0.07236831785249806 
0.45 2.356080457693621e-09 0.24922560000000002 6.016351051924126e-05 1.0113364 0.010055938383264304 0.255354 0.00019791877121552514 0.06626114 9.845048542379012e-05 1.3506680000000002 0.016309008651660233 606.4689999999999 0.20360058941038087 368608.4 242.34365681413422 2.944162 0.04121815332108312 
0.4600000000000001 3.332000937312528e-09 0.2593908 9.714871076529753e-05 0.8919176 0.007451109950067474 0.2444694 0.0003089778762281815 0.060742580000000004 0.00015845155575120758 1.223284 0.010249333090499248 596.3482 0.2799576253348762 356390.2 340.00169411181076 2.764902 0.022149842870770015 
0.4699999999999999 2.356080457693621e-09 0.2677062 0.00011500796493771013 0.8075980000000001 0.0038154092205111086 0.237948 0.00016084750542301983 0.057520919999999996 6.670096491065006e-05 1.104866 0.013306045723659192 590.187 0.17393814992191048 349030.8 196.83971144086263 2.559002 0.03601866709360724 
0.48 0.0 0.274975 0.00012985530407251414 0.7582778 0.0049773525042962835 0.2328178 0.0001620608280894555 0.055062259999999995 7.913216084541475e-05 1.029702 0.00866951551126768 585.108 0.14218101145243292 343040.0 166.4620076774277 2.452058 0.015608277906289632 
0.49000000000000005 3.332000937312528e-09 0.28275740000000005 5.8249532159392484e-05 0.6908352000000001 0.003354036534083779 0.2261634 0.00018914620800571758 0.051946559999999996 7.894684084896255e-05 0.9362093999999999 0.011706024785898002 578.6175999999999 0.18415788882301284 335441.6 206.08961158420792 2.267626 0.029642882801777605 
0.5 0.0 0.2895046 0.0001186964531877874 0.647883 0.006054494132460103 0.222032 0.0002627655989655412 0.050051 0.00012419626081387224 0.8668696 0.013450464698589232 574.367 0.25220420297939183 330514.8 295.42923349041206 2.1479239999999997 0.03248828596279574 
0.51 0.0 0.29554559999999996 9.802309933786846e-05 0.6233086 0.0019342786479760237 0.21901220000000002 0.00020713037440058698 0.04870081999999999 9.225262879729625e-05 0.829292 0.005711782019648511 571.1211999999999 0.21666959184098017 326786.0 248.18202997239888 2.0824260000000003 0.014447362278280645 
0.52 0.0 0.3016028 0.00011470393193539446 0.5869014 0.003546198061022012 0.2162768 0.000253430448054696 0.0474645 0.00011084408148391515 0.7627284 0.007734680542078698 568.151 0.2420137186406869 323365.8 275.78939791323154 1.929024 0.02052212729714013 
0.53 0.0 0.3074846 0.00018239640347879552 0.5639208 0.0034225241375339206 0.21326840000000002 0.0003462659786882801 0.0461497 0.00015006889617751512 0.7234996 0.005287230099776532 564.7711999999999 0.33628064472830665 319522.6 381.30508520785696 1.8566960000000001 0.01337434935987342 
0.54 0.0 0.3129818 0.0001377590360088451 0.5461176 0.002196005366113079 0.2113454 0.00036288969123026153 0.04532468 0.00015555637794709381 0.7009326 0.006308369859798292 562.4998 0.38670489006119113 316960.0 437.35404422573976 1.821354 0.017372407916001052 
0.55 0.0 0.31856300000000004 9.476834912050704e-05 0.5349594000000001 0.002572319709516378 0.2092846 0.0003327774751992713 0.04443584 0.0001398616762379098 0.6652176 0.007677321379753038 559.9886 0.3822607068495203 314124.0 426.1840916772696 1.7403100000000002 0.02348011635405279 
0.56 0.0 0.323715 0.00012133919401256563 0.5160498 0.0032935169700486064 0.2074268 0.00035498455177775557 0.04366056 0.00014882177958876295 0.6520942 0.006248594590145448 557.6189999999999 0.3130990897676039 311480.8 349.5031215893964 1.7337019999999999 0.02097819923634945 
0.57 0.0 0.3287032 9.733710496376655e-05 0.5030272 0.0025870624020296667 0.2068858 0.000249712698915906 0.04341106 0.00010547889874264176 0.6153327999999999 0.0040605359094598465 556.5622000000001 0.2536620428518478 310284.2 284.65746432698774 1.6459620000000001 0.011295558914894619 
0.58 0.0 0.3337516 9.387165707823284e-05 0.490236 0.0011527856695835983 0.20555000000000004 6.974869171582595e-05 0.04285182 2.7409303531868847e-05 0.5969047999999999 0.0033754590964813628 554.7034 0.07908557388819734 308214.4 85.66520878878525 1.6108740000000001 0.00994773445563891 
0.59 0.0 0.3388188 0.0001220869853892198 0.48465119999999995 0.0022306673512682384 0.2046446 0.0001668327545763596 0.04247372 7.029271029085442e-05 0.5800422000000001 0.005067536248711486 553.2589999999999 0.22126020886171022 306612.6 246.85341400264397 1.583044 0.01699349630888152 
0.6 0.0 0.34339280000000005 9.94695530978548e-05 0.47364280000000003 0.0017803193735927685 0.20413240000000005 0.00024940338409026083 0.04225496 0.00010338175699805597 0.5612288000000001 0.005749699633197019 552.1985999999999 0.26222594839368235 305435.2 290.5153214529336 1.543412 0.01706845825492337 
0.61 0.0 0.34796839999999996 7.798184407455031e-05 0.46515959999999995 0.0012476242254825015 0.20389559999999998 0.00010277649536174504 0.04215776 4.663358961081535e-05 0.5516778 0.005462755051437729 551.3824 0.09041442367652067 304535.0 103.90957607458516 1.524696 0.016990777404226182 
0.62 0.0 0.3525332 9.218390316806454e-05 0.4546982 0.0035945398192265 0.20350100000000002 0.0003609468658956163 0.04197714 0.00014771350540826393 0.5237594 0.002481506245813995 550.3621999999999 0.36235158620281344 303398.2 399.6538902571582 1.4615339999999999 0.008568464319821573 
0.63 0.0 0.3569808 8.381093005921839e-05 0.44784579999999996 0.0019327326436962933 0.2032302 0.0003361832119538795 0.04187038 0.000137293867015301 0.5186806 0.0012995311954708847 549.4414 0.31932235748685317 302388.4 351.65512650440087 1.450326 0.005392970684139082 
0.64 0.0 0.3615068 8.474403812378789e-05 0.4441152 0.0008479194018314902 0.20329760000000002 0.00024464400258066 0.04189528 0.00010284867096841833 0.5086077999999999 0.004056929936788456 548.9495999999999 0.24871197803727355 301849.4 276.46447872304583 1.4332619999999998 0.0130120711341454 
0.65 0.0 0.36574260000000003 0.0001419728424531712 0.438521 0.002042644149137501 0.2035594 0.00015325001794027103 0.04199236 6.389944976298747e-05 0.49256859999999997 0.001752242964888856 548.6007999999999 0.1766531969922292 301460.4 194.3581436354971 1.39438 0.004027488547466938 
0.66 3.332000937312528e-09 0.3704288 4.919544691137907e-05 0.4304086 0.00145058745617297 0.20309460000000001 0.00024375210357976235 0.04179774000000001 9.892102951270734e-05 0.4799822000000001 0.0014457235530989673 547.5600000000001 0.25449133580629607 300314.2 278.57844855426515 1.3612259999999998 0.003871649364298046 
0.67 0.0 0.3745862 0.00010254419537188116 0.42804739999999997 0.0014033435103366272 0.2032334 0.00011259719357164162 0.041845139999999996 5.0675182091819316e-05 0.4653148 0.004512857413214881 547.1142 0.08885016599279418 299819.4 102.5126723778425 1.3241180000000001 0.016324800617464847 
0.68 3.332000937312528e-09 0.3788264 0.00013404047149373613 0.4240064 0.0021644891979398563 0.20367359999999998 0.00020622581797943317 0.04201678 8.610340481096363e-05 0.45203040000000005 0.002627811296115039 546.8430000000001 0.2334477243147674 299517.2 255.99365616925226 1.289938 0.005351252115156705 
0.69 0.0 0.38317179999999995 0.00013454854887743852 0.41981260000000004 0.0012764724391818604 0.204047 0.00017252408527516967 0.042184280000000005 7.276479038538923e-05 0.4581774 0.004273413741728696 546.5856 0.15696435260008784 299251.6 172.716553939571 1.3139720000000001 0.015928685921944366 
0.7 0.0 0.3873342 6.436110627003355e-05 0.41550080000000006 0.002962382019927442 0.2042318 0.0001348805100847113 0.04224654 5.442310979756163e-05 0.44090739999999995 0.0030308080849847947 546.011 0.16304183512833745 298612.8 177.97851556284292 1.267918 0.01130181592488408 
0.71 0.0 0.39136920000000003 6.003558933186022e-05 0.4141234 0.0018534212818480695 0.20490119999999998 0.00015447728636127042 0.042521260000000005 6.37309632749752e-05 0.43531699999999995 0.0027636509620449197 546.097 0.13721020375008447 298706.0 150.1090270477452 1.2481460000000002 0.010447282364322012 
0.72 0.0 0.3954196 4.4492336400905816e-05 0.4117796 0.0005675928540755138 0.20561060000000003 0.00010422306845429152 0.04279834 4.356889349086098e-05 0.4179828 0.0024884603014722288 546.2382 0.11039036188968286 298848.8 121.40688614647927 1.20247 0.011093598875026424 
0.73 0.0 0.3994662 7.647504171526094e-05 0.40328079999999994 0.002175166115958578 0.20643060000000002 0.00017956382709063384 0.0431454 7.392473469677368e-05 0.41946399999999995 0.0006793220738447757 546.3536 0.17842703828456116 298988.0 195.11473547789862 1.21842 0.00671395740230593 
0.74 0.0 0.4035228 3.00498252547673e-05 0.4019031999999999 0.0012972489475862295 0.2072314 0.00010119588924007838 0.043469179999999996 4.3198401823734065e-05 0.40805300000000005 0.001611184458709644 546.5266 0.11562996146674337 299169.2 127.07427749203246 1.1816860000000002 0.006628358831556859 
0.75 0.0 0.40759920000000005 0.00012212629522802875 0.40116399999999997 0.001048073852361045 0.2075052 0.00020430455697261133 0.04358124 8.459441872854378e-05 0.40132639999999997 0.0021737153005863706 546.1632 0.21977213657133854 298769.2 239.45845568469983 1.159068 0.00887222921255046 
0.76 0.0 0.4115584 0.00012725709411327008 0.3957126 0.0008630535835045967 0.20842520000000003 0.00013639102608851742 0.043964939999999994 5.564582715832244e-05 0.39694219999999997 0.0025795361040326574 546.4286 0.15950413163058513 299064.0 172.9492411067179 1.155492 0.007281512150646433 
0.77 0.0 0.41563720000000004 5.309192027492535e-05 0.39713459999999995 0.0002966651445827482 0.209016 0.00015865358489379976 0.044203160000000005 6.75898015965815e-05 0.3854712 0.0021801020416481044 546.406 0.19765323172025104 299032.4 216.45149109684337 1.12398 0.007649122825527257 
0.78 0.0 0.41948860000000004 8.106866220569962e-05 0.393719 0.0012313277061779826 0.2096234 8.792933527043985e-05 0.04445674 3.6107490635575575e-05 0.3801342 0.0019398107619060044 546.3183999999999 0.0806625565522224 298936.6 88.64698530429582 1.110068 0.010509382626966532 
0.79 0.0 0.4234007999999999 3.9736532497397603e-05 0.3917326 0.0017723312241228332 0.210419 8.418645972048325e-05 0.0447952 3.803288051131582e-05 0.3784436 0.002512907648124756 546.5255999999999 0.11572954684478187 299169.8 129.85111475287178 1.109798 0.011727802317566618 
0.8 0.0 0.42730959999999996 4.063948831039009e-05 0.3863406 0.0021271971530626706 0.21119759999999999 0.0001164737223648265 0.045129600000000006 5.029628216748846e-05 0.3780484 0.00142674520780719 546.5523999999999 0.14652606601297308 299205.2 161.08665990550466 1.1098899999999998 0.004666877328582668 
0.8100000000000002 4.712160915387242e-09 0.4313052 8.541821818378159e-05 0.39097299999999996 0.000851678859667625 0.21176060000000002 0.00016900475732832155 0.04535304 7.329753392847463e-05 0.36287159999999996 0.0022948602327824306 546.3742 0.216019517649427 298995.4 237.90277004866118 1.062416 0.008798997488347744 
0.82 0.0 0.435182 7.171722247142472e-05 0.3905764 0.0018047811080580132 0.21327439999999998 0.00012847991284024442 0.04600982 5.660811531894242e-05 0.36795659999999997 0.0019844365769664195 547.4146000000001 0.1602117598171251 300149.8 177.18135342279226 1.085226 0.005179328605135189 
0.8299999999999998 6.664001874625056e-09 0.4389654 0.0001160908609477713 0.384182 0.001188526348044459 0.21380779999999996 0.00010657519412833434 0.04622536000000001 4.754381221433071e-05 0.3549858 0.001723978779450027 547.289 0.11879629632397652 299998.0 132.20680768927767 1.04055 0.005881350185118283 
0.8400000000000001 6.664001874625056e-09 0.44279640000000003 0.0001061906210434235 0.38221340000000004 0.0013580773939629567 0.21486519999999998 0.000142401516847844 0.04668326 5.985932575670894e-05 0.35393280000000005 0.0024310656659153546 547.649 0.16122431577255353 300400.0 175.80716709113526 1.04511 0.008255122530889543 
0.85 0.0 0.44677740000000005 4.1332408489166256e-05 0.37925300000000006 0.0008570346550700311 0.2160368 0.00018111640455487077 0.04718754000000001 7.877224688840349e-05 0.349308 0.001285229069077099 548.1442 0.20938660892820804 300943.2 229.29132560895476 1.0320999999999998 0.004638832611770809 
0.86 0.0 0.45051440000000004 6.730622552892534e-05 0.3793396 0.0019513629411259815 0.21659820000000002 0.0002256449246037621 0.04742942 9.801902427640964e-05 0.3444426 0.0013526436810938356 548.0356 0.25508266895111253 300822.4 279.13804469840164 1.015928 0.005435079686628124 
0.8699999999999999 6.664001874625056e-09 0.45430479999999995 7.995568776094871e-05 0.37672000000000005 0.0016682053830371856 0.21736499999999997 0.0001593017263017462 0.04775784 6.800922643263568e-05 0.33771739999999995 0.0014009656269910833 548.1962 0.17602963389547963 300996.4 193.46205829378425 1.0000589999999998 0.004888135693705387 
0.8800000000000001 6.664001874625056e-09 0.4582174 9.141886019297289e-05 0.3757034 0.0022158387775278376 0.2186746 0.00013670511329297728 0.048329779999999996 5.891175366697928e-05 0.3345114 0.0014507809924306232 548.9068 0.17940465993145235 301773.8 195.08959993283375 0.9829036 0.006263630708143045 
0.89 0.0 0.4619086 5.076896690705884e-05 0.3759804 0.0031834751401585617 0.2193578 8.683796405084932e-05 0.04862854 3.870893023678178e-05 0.3305136 0.0012455573081934475 548.9947999999999 0.07224259138319271 301870.4 80.05128353502815 0.9726446 0.005469326061593533 
0.9 4.712160915387242e-09 0.46548639999999997 8.640305553372912e-05 0.37313060000000003 0.002211072257524512 0.22058879999999997 0.00017517862884012546 0.04916936 7.84346790644288e-05 0.32625040000000005 0.0010217524005335372 549.5336 0.2035372397969378 302461.0 224.084448365766 0.9578713999999999 0.003647640449386041 
0.9099999999999999 6.664001874625056e-09 0.4690474 0.00010298644571375327 0.372885 0.0014974995692796662 0.22106380000000003 0.00017955197575337392 0.04937966 8.073169687290023e-05 0.32301179999999996 0.0017815826088080882 549.3322000000001 0.22123261964074345 302248.6 243.6874391558156 0.9648108000000001 0.006240228927848438 
0.9200000000000002 6.664001874625056e-09 0.473006 0.00012604887942420682 0.37197939999999996 0.0013684091961121397 0.2224862 7.28952124599222e-05 0.050007899999999994 3.283707660570306e-05 0.31794320000000004 0.001679244768339523 550.2146 0.07581324416576747 303207.4 84.24991393495233 0.9312531999999999 0.0058915792205536804 
0.93 0.0 0.476892 0.00013713409495541519 0.3680794 0.0014365053317005815 0.2232786 0.00011015864923527075 0.05036014 5.039809202842409e-05 0.31383700000000003 0.0011147824182306252 550.3008000000001 0.12328743641445258 303305.0 136.26767774780376 0.9259701999999999 0.006095516381083195 
0.9399999999999998 4.712160915387242e-09 0.480499 0.0001306849646610053 0.36729779999999995 0.0014556700285479416 0.22431579999999998 0.00012387296719342333 0.05082392 5.5603412844499875e-05 0.3101944 0.001182779526371412 550.7244000000001 0.12279824097946389 303775.0 135.83489979096203 0.9229676 0.0041942050841613345 
0.95 4.712160915387242e-09 0.48421039999999993 0.00011756482471240136 0.36850379999999994 0.0013943680260285354 0.2252536 0.00011286898600026557 0.051245299999999994 5.3556295616729866e-05 0.30682599999999993 0.002025564750880205 551.0222 0.14424573475343946 304100.8 161.17602799272512 0.9080966 0.006020979186808423 
0.96 0.0 0.4877016 2.9797449495873187e-05 0.362806 0.0010243730179943773 0.22658399999999998 0.00011404876151582883 0.05184303999999999 5.217754766339778e-05 0.30155579999999993 0.0011379696445888115 551.75 0.1397082674966931 304901.4 154.75932281464296 0.8932089999999999 0.005447966424274364 
0.97 4.712160915387242e-09 0.49140940000000005 6.448478879679142e-05 0.3612724 0.0011777010011007568 0.22781120000000002 0.00024862411789140743 0.0524012 0.00011519588881572416 0.2986316 0.0019584149631788035 552.4128000000001 0.2659102705378107 305634.8 295.8006626103674 0.8850239999999999 0.006759857886084323 
0.9800000000000001 6.664001874625056e-09 0.4948528 0.00017460295532933478 0.3659016 0.0013707550795093164 0.22845719999999997 0.00011539511256907143 0.05269712 5.294166903319077e-05 0.2964712 0.0017836516117226834 552.5014 0.12882751260112207 305738.6 141.73880202854926 0.8875095999999999 0.005938932911561471 
0.99 0.0 0.49883419999999995 9.247849483661089e-05 0.36126880000000006 0.0019542212239126912 0.2297428 0.00014783406914366793 0.053284160000000004 6.994744083898771e-05 0.29225439999999997 0.0017845166650963832 553.092 0.17122499818570736 306382.6 190.75148230860404 0.8616552000000001 0.0050749766769893935 
