1 0.240802 0.449145 0.470946 0.22229 0.287855 540.131 291952 0.391125
0.99 0.235456 0.461362 0.472354 0.223619 0.29131 541.166 293069 0.39026
0.98 0.231498 0.46675 0.473463 0.224675 0.298385 541.935 293905 0.398007
0.97 0.227293 0.474838 0.474594 0.225741 0.297503 542.833 294877 0.397252
0.96 0.221792 0.489439 0.476466 0.227524 0.302024 544.128 296281 0.39393
0.95 0.217819 0.488303 0.47735 0.228365 0.304639 544.76 296972 0.402936
0.94 0.211818 0.497331 0.47952 0.230441 0.307174 546.417 298773 0.393484
0.93 0.207098 0.521636 0.480987 0.231855 0.313878 547.405 299860 0.408415
0.92 0.202448 0.528569 0.482317 0.233129 0.312947 548.236 300770 0.410752
0.91 0.196231 0.53414 0.484774 0.235516 0.323052 550.043 302750 0.406355
0.9 0.190719 0.558594 0.486478 0.237156 0.316759 551.29 304122 0.404559
0.89 0.18549 0.553526 0.488292 0.238941 0.331443 552.351 305290 0.404711
0.88 0.179747 0.571726 0.490295 0.240898 0.33265 553.79 306887 0.419539
0.87 0.173461 0.610882 0.492549 0.243118 0.339815 555.561 308850 0.417674
0.86 0.168314 0.603939 0.494171 0.244723 0.347068 556.143 309497 0.420954
0.85 0.161661 0.629938 0.496641 0.247174 0.353673 558.122 311706 0.432678
0.84 0.155992 0.623279 0.498936 0.249454 0.354538 559.353 313079 0.43197
0.83 0.148923 0.642689 0.501669 0.252192 0.360367 561.323 315286 0.433028
0.82 0.142495 0.667696 0.50437 0.254917 0.370263 562.928 317087 0.431014
0.81 0.135453 0.689698 0.507259 0.257829 0.367936 564.783 319179 0.434196
0.8 0.129361 0.713542 0.50948 0.260095 0.377985 566.124 320695 0.436944
0.79 0.121554 0.709527 0.51301 0.263704 0.382332 568.368 323235 0.428271
0.78 0.114262 0.764084 0.515918 0.266704 0.393303 570.161 325283 0.448793
0.77 0.107468 0.793849 0.518639 0.269523 0.401011 571.689 327026 0.448213
0.76 0.098583 0.780259 0.522697 0.273738 0.398539 574.391 330114 0.432185
0.75 0.0906188 0.838592 0.526207 0.277436 0.416441 576.461 332501 0.447385
0.74 0.081804 0.842709 0.530032 0.281458 0.408166 578.715 335108 0.460116
0.73 0.0732027 0.885071 0.53382 0.285506 0.428366 580.834 337566 0.464326
0.72 0.064736 0.926025 0.537673 0.289628 0.428666 583.147 340256 0.465737
0.71 0.0551289 0.940328 0.54246 0.2948 0.436179 585.95 343530 0.463684
0.7 0.0447663 0.991574 0.547098 0.299867 0.452674 588.781 346856 0.468929
0.69 0.0358789 1.0403 0.551643 0.304859 0.458103 591.323 349859 0.481607
0.68 0.0244354 1.07082 0.556887 0.310679 0.471055 594.32 353414 0.48842
0.67 0.0142228 1.14303 0.561952 0.31635 0.481678 597.149 356785 0.496461
0.66 0.00138802 1.14832 0.568643 0.323905 0.479676 601.029 361426 0.480807
0.65 -0.00864367 1.19163 0.573406 0.329347 0.489795 603.595 364519 0.489503
0.64 -0.0199715 1.27232 0.579069 0.335878 0.501188 606.645 368207 0.485246
0.63 -0.0357028 1.32392 0.587388 0.345578 0.50572 611.649 374300 0.480766
0.62 -0.0483352 1.37928 0.593815 0.35317 0.513963 615.069 378499 0.495617
0.61 -0.0621918 1.47505 0.601062 0.361827 0.520745 619.073 383437 0.492723
0.6 -0.0775837 1.55588 0.609259 0.371762 0.543607 623.575 389035 0.507536
0.59 -0.0945874 1.61408 0.618017 0.382504 0.545324 628.569 395287 0.505911
0.58 -0.110194 1.71203 0.626272 0.39278 0.559247 632.747 400557 0.512542
0.57 -0.127897 1.80514 0.635776 0.404764 0.558419 637.926 407136 0.51062
0.56 -0.1451 1.91701 0.645009 0.416593 0.573453 642.869 413465 0.512465
0.55 -0.165857 1.95798 0.65595 0.430816 0.570654 648.783 421100 0.507909
0.54 -0.186693 2.16368 0.666964 0.445396 0.59281 654.711 428831 0.520646
0.53 -0.206587 2.18108 0.67754 0.459595 0.580936 660.181 436014 0.502047
0.52 -0.22998 2.32092 0.689877 0.476461 0.588009 666.808 444808 0.50416
0.51 -0.253617 2.46103 0.702474 0.493997 0.594805 673.442 453695 0.500322
0.5 -0.279284 2.57024 0.715945 0.513094 0.595066 680.492 463240 0.499273
0.49 -0.303923 2.72334 0.728534 0.531269 0.596127 687.001 472136 0.491893
0.48 -0.332811 2.74296 0.743644 0.553485 0.57383 695.065 483271 0.467915
0.47 -0.3618 2.81997 0.758387 0.575614 0.567982 702.726 493973 0.454059
0.46 -0.389731 2.90115 0.772204 0.596731 0.541856 709.829 504001 0.44219
0.45 -0.418259 3.04235 0.786545 0.619079 0.545745 716.995 514223 0.437928
0.44 -0.450576 3.0681 0.802286 0.644057 0.516817 725.197 526041 0.407942
0.43 -0.480691 2.91176 0.816638 0.66725 0.471997 732.517 536701 0.38069
0.42 -0.510393 2.93681 0.830796 0.69055 0.448804 739.608 547133 0.362663
0.41 -0.54088 3.07489 0.844774 0.713955 0.43821 746.517 557397 0.358487
0.4 -0.570072 3.01493 0.858052 0.736531 0.40044 753.148 567335 0.343117
0.39 -0.599388 2.88265 0.871077 0.759024 0.368865 759.578 577054 0.321223
0.38 -0.628408 2.79293 0.883691 0.781132 0.336916 765.759 586473 0.296161
0.37 -0.65598 2.65143 0.895174 0.801537 0.311086 771.566 595393 0.277207
0.36 -0.683105 2.65255 0.906353 0.821656 0.289351 777.092 603947 0.267253
0.35 -0.708447 2.53229 0.916454 0.840046 0.260577 782.037 611651 0.25667
0.34 -0.733078 2.40289 0.926023 0.857657 0.233982 786.757 619050 0.239662
0.33 -0.756654 2.33521 0.934949 0.874251 0.211557 791.261 626156 0.236349
0.32 -0.779616 2.17924 0.943247 0.889817 0.184665 795.467 632825 0.225383
0.31 -0.801488 2.09146 0.950809 0.904128 0.165196 799.366 639040 0.220786
0.3 -0.822216 2.08621 0.9577 0.917268 0.148899 803.159 645116 0.21304
0.29 -0.841749 1.93638 0.963845 0.929061 0.12815 806.498 650487 0.205875
0.28 -0.860777 1.86292 0.96954 0.940062 0.11095 809.589 655480 0.198874
0.27 -0.878757 1.78392 0.9746 0.94989 0.0956774 812.705 660533 0.196213
0.26 -0.896045 1.68368 0.979068 0.95861 0.0823754 815.567 665190 0.194213
0.25 -0.912414 1.57888 0.983049 0.966415 0.068894 818.301 669654 0.186513
0.24 -0.928171 1.55852 0.986393 0.972995 0.0582028 820.922 673950 0.186779
0.23 -0.943025 1.45687 0.989376 0.978884 0.0460656 823.295 677850 0.18313
0.22 -0.957245 1.38971 0.991892 0.983864 0.0369531 825.542 681553 0.179088
0.21 -0.970916 1.32619 0.993908 0.987863 0.0286476 827.79 685268 0.181242
0.2 -0.98384 1.29786 0.995509 0.991046 0.0223322 829.874 688721 0.180791
0.19 -0.996516 1.2326 0.996888 0.993791 0.0165611 831.88 692052 0.177853
0.18 -1.00849 1.19168 0.997843 0.995695 0.0118414 833.795 695241 0.174665
0.17 -1.02026 1.1389 0.998627 0.997257 0.00815217 835.666 698362 0.172849
0.16 -1.03177 1.12264 0.999154 0.998311 0.00532372 837.547 701509 0.17448
0.15 -1.0427 1.11031 0.999511 0.999023 0.00325797 839.302 704450 0.175949
0.14 -1.05363 1.08889 0.999739 0.99948 0.00185683 841.072 707422 0.16868
0.13 -1.06435 1.04934 0.999876 0.999752 0.000960803 842.863 710437 0.174251
0.12 -1.07478 1.07437 0.999947 0.999893 0.000449238 844.564 713305 0.170876
0.11 -1.08531 1.03003 0.999979 0.999958 0.00019255 846.19 716053 0.172135
0.1 -1.09578 1.02681 0.999994 0.999988 5.88271e-05 847.927 718995 0.172086
0.09 -1.10609 1.02538 0.999998 0.999996 2.21581e-05 849.599 721832 0.169752
0.08 -1.11642 1.03011 1 0.999999 3.25472e-06 851.223 724592 0.168013
0.07 -1.12666 1.03009 1 1 0 852.875 727406 0.169412
0.06 -1.13692 1.01214 1 1 0 854.541 730249 0.168943
0.05 -1.14709 1.02641 1 1 0 856.208 733099 0.168673
0.04 -1.15725 1.00477 1 1 0 857.865 735939 0.165375
0.03 -1.16737 1.00015 1 1 0 859.503 738749 0.16535
0.02 -1.17745 1.01671 1 1 0 861.113 741518 0.164901
0.01 -1.1875 0.998018 1 1 0 862.743 744326 0.16751
