1 0.442134 0.351174 0.383016 0.14725 0.315725 596.957 356726 0.616622
0.99 0.438037 0.353251 0.383096 0.147325 0.327304 597.608 357507 0.627686
0.98 0.433561 0.356904 0.383618 0.147726 0.331157 598.91 359073 0.647194
0.97 0.430702 0.365856 0.383439 0.147591 0.335884 598.963 359131 0.644101
0.96 0.426983 0.365811 0.383789 0.147862 0.340957 599.684 359995 0.649914
0.95 0.423457 0.377381 0.384087 0.148089 0.343263 600.396 360851 0.659574
0.94 0.41994 0.379228 0.384001 0.148023 0.347293 600.857 361402 0.660722
0.93 0.416433 0.37361 0.384283 0.148241 0.351501 601.417 362079 0.672536
0.92 0.411414 0.386002 0.38574 0.14937 0.359924 603.451 364527 0.674274
0.91 0.40792 0.392412 0.385625 0.149275 0.359743 603.583 364682 0.673464
0.9 0.404073 0.39007 0.386071 0.149627 0.368827 604.388 365657 0.684649
0.89 0.399882 0.401834 0.386793 0.150194 0.378857 605.519 367029 0.69824
0.88 0.395663 0.406292 0.387139 0.150463 0.384061 606.297 367974 0.709683
0.87 0.391723 0.408677 0.387495 0.150742 0.390301 607.099 368947 0.715722
0.86 0.387767 0.415289 0.388786 0.151741 0.392616 608.709 370902 0.718231
0.85 0.383548 0.432461 0.388755 0.151729 0.405612 608.999 371260 0.735722
0.84 0.379514 0.4393 0.38943 0.152253 0.409694 609.988 372459 0.730114
0.83 0.375676 0.43045 0.389977 0.15268 0.41505 610.823 373475 0.731389
0.82 0.370921 0.447184 0.390626 0.153196 0.426917 611.762 374630 0.751443
0.81 0.365771 0.451994 0.392082 0.154341 0.435997 613.688 376994 0.767911
0.8 0.361072 0.456977 0.393876 0.155738 0.431981 615.721 379483 0.753407
0.79 0.357232 0.466353 0.394493 0.156247 0.453979 616.435 380380 0.795784
0.78 0.351985 0.480749 0.39559 0.157113 0.458904 617.787 382048 0.804998
0.77 0.347271 0.487732 0.396589 0.157913 0.471523 619.06 383629 0.825988
0.76 0.342753 0.515923 0.397403 0.158567 0.483162 620.179 385017 0.837304
0.75 0.337363 0.514247 0.39893 0.15978 0.487634 621.744 386952 0.827935
0.74 0.332238 0.527582 0.400736 0.161225 0.4951 623.768 389474 0.839947
0.73 0.326363 0.536757 0.402852 0.162932 0.507265 626.064 392337 0.832682
0.72 0.321302 0.55224 0.404937 0.164618 0.515889 627.969 394735 0.86438
0.71 0.316005 0.563276 0.406902 0.166213 0.522003 629.943 397210 0.855094
0.7 0.310084 0.576917 0.408725 0.167725 0.550206 631.879 399666 0.89074
0.69 0.304266 0.592519 0.41105 0.169626 0.554224 634.263 402678 0.889523
0.68 0.29838 0.621944 0.413419 0.171586 0.568573 636.412 405417 0.915147
0.67 0.292221 0.635044 0.415854 0.173613 0.582952 638.746 408400 0.941178
0.66 0.285618 0.666911 0.419323 0.176521 0.601528 641.862 412387 0.9449
0.65 0.27915 0.667602 0.422049 0.178812 0.608724 644.425 415685 0.956888
0.64 0.271661 0.689381 0.426061 0.182221 0.624255 648.193 420555 0.963844
0.63 0.264829 0.736048 0.429467 0.185168 0.663485 651.229 424518 1.0217
0.62 0.256918 0.772618 0.433542 0.188687 0.676125 654.817 429203 1.02966
0.61 0.249026 0.793385 0.438818 0.193308 0.704861 659.337 435150 1.05401
0.6 0.242559 0.840341 0.441033 0.195257 0.716743 661.163 437562 1.07274
0.59 0.232631 0.867444 0.448066 0.201524 0.743025 667.142 445507 1.08812
0.58 0.224084 0.908711 0.452705 0.205708 0.760222 671.108 450813 1.09937
0.57 0.214422 0.984613 0.459476 0.211905 0.794935 676.607 458240 1.14965
0.56 0.204511 1.02312 0.465639 0.217609 0.811056 681.48 464855 1.15317
0.55 0.193355 1.1027 0.473975 0.225452 0.837766 688.373 474312 1.19929
0.54 0.182472 1.19252 0.48138 0.232573 0.902462 694.146 482304 1.24206
0.53 0.170856 1.28864 0.489991 0.240936 0.917449 701.102 492018 1.27675
0.52 0.157639 1.38928 0.499831 0.250704 0.967652 708.646 502663 1.31147
0.51 0.144092 1.41173 0.509907 0.260861 0.966425 716.363 513643 1.27769
0.5 0.128364 1.58247 0.52239 0.273762 1.00326 726.244 527913 1.32864
0.49 0.112757 1.80997 0.534778 0.286931 1.10915 735.583 541606 1.45148
0.48 0.0923149 1.88592 0.551956 0.305566 1.09291 748.729 561090 1.3771
0.47 0.0727605 2.23547 0.567496 0.323037 1.20716 760.29 578579 1.50561
0.46 0.050846 2.28491 0.585251 0.343449 1.16453 773.824 599306 1.40992
0.45 0.0261325 2.70715 0.60519 0.367245 1.26714 788.642 622493 1.51309
0.44 -0.00246708 2.83925 0.628162 0.395547 1.25681 805.79 649818 1.46874
0.43 -0.0343638 3.20669 0.653783 0.428379 1.26823 824.84 680886 1.47879
0.42 -0.0653679 3.45608 0.677675 0.460154 1.2499 842.319 709993 1.38936
0.41 -0.101991 3.65654 0.705565 0.498667 1.1865 862.905 745072 1.32324
0.4 -0.138512 3.95128 0.732354 0.53715 1.16347 882.552 779348 1.27661
0.39 -0.179489 4.105 0.760884 0.579675 1.07821 903.602 816906 1.16363
0.38 -0.217709 3.90038 0.786463 0.619143 0.939877 922.109 850637 1.00385
0.37 -0.256849 3.82815 0.811646 0.659292 0.813924 940.564 884962 0.868593
0.36 -0.295132 3.58314 0.835397 0.698317 0.685027 957.762 917565 0.742298
0.35 -0.32914 3.4713 0.855152 0.731656 0.610853 972.027 945065 0.674076
0.34 -0.361903 3.25635 0.873805 0.763843 0.522818 985.355 971118 0.579837
0.33 -0.393408 2.95738 0.890451 0.793152 0.436361 997.591 995354 0.505099
0.32 -0.4238 2.84705 0.906 0.821047 0.378482 1008.85 1.01793e+06 0.460828
0.31 -0.450576 2.69788 0.918914 0.844584 0.334103 1018.24 1.03696e+06 0.42783
0.3 -0.476782 2.46204 0.930954 0.866819 0.274129 1027.3 1.05546e+06 0.38142
0.29 -0.500848 2.38565 0.941434 0.88642 0.242416 1035.19 1.07173e+06 0.36084
0.28 -0.523251 2.17334 0.950822 0.904161 0.201448 1042.34 1.08657e+06 0.332361
0.27 -0.544545 2.08426 0.958842 0.919458 0.171754 1048.67 1.09979e+06 0.318896
0.26 -0.564286 1.92642 0.965968 0.93316 0.145852 1054.56 1.11219e+06 0.296219
0.25 -0.583729 1.82899 0.972534 0.945874 0.119893 1060.2 1.1241e+06 0.286171
0.24 -0.601409 1.74026 0.977881 0.956293 0.0991367 1065.04 1.13438e+06 0.279877
0.23 -0.617886 1.62208 0.982453 0.965245 0.0805014 1069.43 1.14375e+06 0.264504
0.22 -0.633792 1.54127 0.986387 0.972984 0.0655333 1073.5 1.15246e+06 0.260807
0.21 -0.648687 1.4596 0.989646 0.979418 0.0511527 1077.42 1.1609e+06 0.255212
0.2 -0.662727 1.38698 0.992329 0.984731 0.0399881 1080.78 1.16814e+06 0.248145
0.19 -0.676315 1.27868 0.994529 0.989098 0.0293857 1084.13 1.17539e+06 0.241139
0.18 -0.689157 1.23351 0.996153 0.992327 0.0217466 1087.2 1.18205e+06 0.240113
0.17 -0.701445 1.19176 0.997461 0.994932 0.0149552 1090.09 1.18835e+06 0.233154
0.16 -0.713153 1.16552 0.998366 0.996738 0.0103539 1092.71 1.19405e+06 0.234572
0.15 -0.724538 1.12899 0.999033 0.998068 0.0065872 1095.34 1.1998e+06 0.233078
0.14 -0.735638 1.09145 0.999453 0.998908 0.00392532 1097.72 1.20503e+06 0.225951
0.13 -0.746553 1.06875 0.99972 0.999442 0.00215517 1100.17 1.2104e+06 0.22728
0.12 -0.757261 1.06994 0.999875 0.999751 0.00104004 1102.41 1.21534e+06 0.228824
0.11 -0.767736 1.05017 0.99995 0.9999 0.000456312 1104.77 1.22055e+06 0.231271
0.1 -0.778214 1.03122 0.999984 0.999967 0.000165984 1106.99 1.22545e+06 0.226663
0.09 -0.788546 1.03309 0.999995 0.999991 5.09834e-05 1109.25 1.23045e+06 0.227794
0.08 -0.798845 1.01736 0.999999 0.999999 7.59283e-06 1111.43 1.2353e+06 0.230629
0.07 -0.809168 1.0122 1 1 0 1113.71 1.24037e+06 0.228611
0.06 -0.819374 1.03535 1 1 0 1115.9 1.24525e+06 0.225665
0.05 -0.829593 1.01465 1 1 0 1118.1 1.25017e+06 0.225966
0.04 -0.839728 1.00566 1 1 0 1120.25 1.25496e+06 0.22257
0.03 -0.849848 1.01654 1 1 0 1122.48 1.25997e+06 0.226405
0.02 -0.859944 1.02927 1 1 0 1124.63 1.26481e+06 0.223359
0.01 -0.86999 0.983756 1 1 0 1126.82 1.26972e+06 0.222873
