50 -0.40526 9.53675e-07 196910 2807538 -2369.15
51 -0.40378 9.53675e-07 196910 2907733 -2357.07
52 -0.4023 9.53675e-07 196910 3615228 -2344.51
53 -0.40082 9.53675e-07 196910 3546959 -2333.55
54 -0.39934 9.53675e-07 196910 3881210 -2322.49
55 -0.39786 9.53675e-07 196910 3441330 -2311.9
56 -0.39638 9.53675e-07 196910 3036193 -2302.26
57 -0.3949 9.53675e-07 196910 3033955 -2292.35
58 -0.39342 9.53675e-07 196910 3190129 -2282.2
59 -0.39194 9.53675e-07 196910 3133641 -2272.59
60 -0.39046 9.53675e-07 196910 3217569 -2262.79
61 -0.38898 9.53675e-07 196910 2853688 -2253.57
62 -0.3875 9.53675e-07 196910 2771613 -2243.99
63 -0.38602 9.53675e-07 196910 2322540 -2235.06
64 -0.38454 9.53675e-07 196910 2648163 -2225.59
65 -0.38306 9.53675e-07 196910 2494742 -2216.95
66 -0.38158 9.53675e-07 196910 3049955 -2207.45
67 -0.3801 9.53675e-07 196910 3348631 -2198.46
68 -0.37862 9.53675e-07 196910 3148211 -2190.28
69 -0.37714 9.53675e-07 196910 3070215 -2181.78
70 -0.37566 9.53675e-07 196910 3352861 -2172.91
71 -0.37418 9.53675e-07 196910 3337963 -2164.62
72 -0.3727 9.53675e-07 196910 3193446 -2156.62
73 -0.37122 9.53675e-07 196910 3290362 -2148.5
74 -0.36974 9.53675e-07 196910 3470304 -2140.5
75 -0.36826 9.53675e-07 196910 3331067 -2132.64
76 -0.36678 9.53675e-07 196910 3488274 -2124.56
77 -0.3653 9.53675e-07 196910 3406565 -2116.85
78 -0.36382 9.53675e-07 196910 3308904 -2109.34
79 -0.36234 9.53675e-07 196910 3267189 -2101.83
80 -0.36086 9.53675e-07 196910 3183087 -2094.46
81 -0.35938 9.53675e-07 196910 3301643 -2086.81
82 -0.3579 9.53675e-07 196910 3362714 -2079.42
83 -0.35642 9.53675e-07 196910 3317355 -2072.19
84 -0.35494 9.53675e-07 196910 3371624 -2064.94
85 -0.35346 9.53675e-07 196910 3321416 -2057.81
86 -0.35198 9.53675e-07 196910 3277400 -2050.82
87 -0.3505 9.53675e-07 196910 3284551 -2043.96
88 -0.34902 9.53675e-07 196910 3318392 -2037.11
89 -0.34754 9.53675e-07 196910 3489833 -2030.09
90 -0.34606 9.53675e-07 196910 3432119 -2023.37
91 -0.34458 9.53675e-07 196910 3529058 -2016.58
92 -0.3431 9.53675e-07 196910 3700623 -2009.73
93 -0.34162 9.53675e-07 196910 3748197 -2003.18
94 -0.34014 9.53675e-07 196910 3853284 -1996.63
95 -0.33866 9.53675e-07 196910 4012634 -1990.07
96 -0.33718 9.53675e-07 196910 4033791 -1983.74
97 -0.3357 9.53675e-07 196910 4033100 -1977.43
98 -0.33422 9.53675e-07 196910 3931365 -1971.35
99 -0.33274 9.53675e-07 196910 3988002 -1965.11
100 -0.33126 9.53675e-07 196910 3924906 -1959.03
101 -0.32978 9.53675e-07 196910 3907495 -1952.94
102 -0.3283 9.53675e-07 196910 3966725 -1946.91
103 -0.32682 9.53675e-07 196910 4002050 -1940.8
104 -0.32534 9.53675e-07 196910 3909487 -1934.91
105 -0.32386 9.53675e-07 196910 3949879 -1928.84
106 -0.32238 9.53675e-07 196910 3900139 -1922.99
107 -0.3209 9.53675e-07 196910 3937392 -1917.16
108 -0.31942 9.53675e-07 196910 4034442 -1911.31
109 -0.31794 9.53675e-07 196910 4013956 -1905.46
110 -0.31646 9.53675e-07 196910 3952035 -1899.71
111 -0.31498 9.53675e-07 196910 4065760 -1893.9
112 -0.3135 9.53675e-07 196910 3989775 -1888.28
113 -0.31202 9.53675e-07 196910 3969832 -1882.63
114 -0.31054 9.53675e-07 196910 3957988 -1877.02
115 -0.30906 9.53675e-07 196910 3991733 -1871.45
116 -0.30758 9.53675e-07 196910 3979429 -1865.94
117 -0.3061 9.53675e-07 196910 3938396 -1860.49
118 -0.30462 9.53675e-07 196910 3938045 -1855
119 -0.30314 9.53675e-07 196910 3921261 -1849.59
120 -0.30166 9.53675e-07 196910 3810914 -1844.3
121 -0.30018 9.53675e-07 196910 3769584 -1838.96
122 -0.2987 9.53675e-07 196910 3736586 -1833.58
123 -0.29722 9.53675e-07 196910 3795698 -1828.21
124 -0.29574 9.53675e-07 196910 3852745 -1822.8
125 -0.29426 9.53675e-07 196910 3909001 -1817.51
126 -0.29278 9.53675e-07 196910 3839564 -1812.34
127 -0.2913 9.53675e-07 196910 3827928 -1807.1
128 -0.28982 9.53675e-07 196910 3829449 -1801.94
129 -0.28834 9.53675e-07 196910 3837015 -1796.76
130 -0.28686 9.53675e-07 196910 3837329 -1791.65
131 -0.28538 9.53675e-07 196910 3810198 -1786.57
132 -0.2839 9.53675e-07 196910 3873346 -1781.45
133 -0.28242 9.53675e-07 196910 3861074 -1776.4
134 -0.28094 9.53675e-07 196910 3829438 -1771.38
135 -0.27946 9.53675e-07 196910 3850373 -1766.35
136 -0.27798 9.53675e-07 196910 3845137 -1761.38
137 -0.2765 9.53675e-07 196910 3861194 -1756.45
138 -0.27502 9.53675e-07 196910 3887787 -1751.51
139 -0.27354 9.53675e-07 196910 3910766 -1746.57
140 -0.27206 9.53675e-07 196910 3933356 -1741.66
141 -0.27058 9.53675e-07 196910 3888542 -1736.78
142 -0.2691 9.53675e-07 196910 3849659 -1731.98
143 -0.26762 9.53675e-07 196910 3778598 -1727.18
144 -0.26614 9.53675e-07 196910 3796491 -1722.3
145 -0.26466 9.53675e-07 196910 3775204 -1717.53
146 -0.26318 9.53675e-07 196910 3731609 -1712.77
147 -0.2617 9.53675e-07 196910 3732725 -1708.01
148 -0.26022 9.53675e-07 196910 3735552 -1703.29
149 -0.25874 9.53675e-07 196910 3698495 -1698.56
150 -0.25726 9.53675e-07 196910 3700174 -1693.85
151 -0.25578 9.53675e-07 196910 3683257 -1689.22
152 -0.2543 9.53675e-07 196910 3655441 -1684.55
153 -0.25282 9.53675e-07 196910 3618174 -1679.91
154 -0.25134 9.53675e-07 196910 3614918 -1675.26
155 -0.24986 9.53675e-07 196910 3627512 -1670.65
156 -0.24838 9.53675e-07 196910 3569073 -1666.14
157 -0.2469 9.53675e-07 196910 3569564 -1661.59
158 -0.24542 9.53675e-07 196910 3585684 -1657
159 -0.24394 9.53675e-07 196910 3559665 -1652.51
160 -0.24246 9.53675e-07 196910 3552236 -1647.97
161 -0.24098 9.53675e-07 196910 3574744 -1643.47
162 -0.2395 9.53675e-07 196910 3572797 -1638.99
163 -0.23802 9.53675e-07 196910 3558235 -1634.5
164 -0.23654 9.53675e-07 196910 3509003 -1630.11
165 -0.23506 9.53675e-07 196910 3556421 -1625.58
166 -0.23358 9.53675e-07 196910 3560130 -1621.16
167 -0.2321 9.53675e-07 196910 3498364 -1616.81
168 -0.23062 9.53675e-07 196910 3464025 -1612.45
169 -0.22914 9.53675e-07 196910 3449017 -1608.09
170 -0.22766 9.53675e-07 196910 3409525 -1603.75
171 -0.22618 9.53675e-07 196910 3370152 -1599.41
172 -0.2247 9.53675e-07 196910 3353821 -1595.06
173 -0.22322 9.53675e-07 196910 3332910 -1590.77
174 -0.22174 9.53675e-07 196910 3329505 -1586.44
175 -0.22026 9.53675e-07 196910 3303292 -1582.13
176 -0.21878 9.53675e-07 196910 3312015 -1577.81
177 -0.2173 9.53675e-07 196910 3304604 -1573.51
178 -0.21582 9.53675e-07 196910 3281735 -1569.27
179 -0.21434 9.53675e-07 196910 3290174 -1564.99
180 -0.21286 9.53675e-07 196910 3279720 -1560.78
181 -0.21138 9.53675e-07 196910 3294026 -1556.53
182 -0.2099 9.53675e-07 196910 3284351 -1552.31
183 -0.20842 9.53675e-07 196910 3280907 -1548.11
184 -0.20694 9.53675e-07 196910 3273804 -1543.91
185 -0.20546 9.53675e-07 196910 3297951 -1539.67
186 -0.20398 9.53675e-07 196910 3305427 -1535.5
187 -0.2025 9.53675e-07 196910 3289997 -1531.31
188 -0.20102 9.53675e-07 196910 3278243 -1527.17
189 -0.19954 9.53675e-07 196910 3256270 -1523.08
190 -0.19806 9.53675e-07 196910 3257443 -1518.94
191 -0.19658 9.53675e-07 196910 3264422 -1514.8
192 -0.1951 9.53675e-07 196910 3277328 -1510.68
193 -0.19362 9.53675e-07 196910 3248965 -1506.57
194 -0.19214 9.53675e-07 196910 3204112 -1502.52
195 -0.19066 9.53675e-07 196910 3202159 -1498.43
196 -0.18918 9.53675e-07 196910 3244054 -1494.31
197 -0.1877 9.53675e-07 196910 3232542 -1490.28
198 -0.18622 9.53675e-07 196910 3213503 -1486.25
199 -0.18474 9.53675e-07 196910 3230054 -1482.16
200 -0.18326 9.53675e-07 196910 3239179 -1478.12
201 -0.18178 9.53675e-07 196910 3209676 -1474.14
202 -0.1803 9.53675e-07 196910 3215570 -1470.12
203 -0.17882 9.53675e-07 196910 3214560 -1466.11
204 -0.17734 9.53675e-07 196910 3230812 -1462.09
205 -0.17586 9.53675e-07 196910 3208161 -1458.11
206 -0.17438 9.53675e-07 196910 3229260 -1454.11
207 -0.1729 9.53675e-07 196910 3250158 -1450.13
208 -0.17142 9.53675e-07 196910 3241280 -1446.22
209 -0.16994 9.53675e-07 196910 3213682 -1442.29
210 -0.16846 9.53675e-07 196910 3205235 -1438.35
211 -0.16698 9.53675e-07 196910 3234059 -1434.39
212 -0.1655 9.53675e-07 196910 3214227 -1430.52
213 -0.16402 9.53675e-07 196910 3198546 -1426.62
214 -0.16254 9.53675e-07 196910 3230307 -1422.68
215 -0.16106 9.53675e-07 196910 3207158 -1418.78
216 -0.15958 9.53675e-07 196910 3225272 -1414.89
217 -0.1581 9.53675e-07 196910 3233087 -1410.98
218 -0.15662 9.53675e-07 196910 3246519 -1407.06
219 -0.15514 9.53675e-07 196910 3233209 -1403.24
220 -0.15366 9.53675e-07 196910 3264078 -1399.32
221 -0.15218 9.53675e-07 196910 3236000 -1395.51
222 -0.1507 9.53675e-07 196910 3218115 -1391.68
223 -0.14922 9.53675e-07 196910 3218726 -1387.85
224 -0.14774 9.53675e-07 196910 3219930 -1384.02
225 -0.14626 9.53675e-07 196910 3245708 -1380.18
226 -0.14478 9.53675e-07 196910 3207373 -1376.36
227 -0.1433 9.53675e-07 196910 3204939 -1372.54
228 -0.14182 9.53675e-07 196910 3168448 -1368.78
229 -0.14034 9.53675e-07 196910 3183472 -1364.97
230 -0.13886 9.53675e-07 196910 3213571 -1361.13
231 -0.13738 9.53675e-07 196910 3220694 -1357.32
232 -0.1359 9.53675e-07 196910 3197410 -1353.52
233 -0.13442 9.53675e-07 196910 3180574 -1349.78
234 -0.13294 9.53675e-07 196910 3153725 -1346.03
235 -0.13146 9.53675e-07 196910 3139406 -1342.25
236 -0.12998 9.53675e-07 196910 3125509 -1338.5
237 -0.1285 9.53675e-07 196910 3134338 -1334.75
238 -0.12702 9.53675e-07 196910 3143472 -1331
239 -0.12554 9.53675e-07 196910 3140255 -1327.25
240 -0.12406 9.53675e-07 196910 3175510 -1323.45
241 -0.12258 9.53675e-07 196910 3204925 -1319.69
242 -0.1211 9.53675e-07 196910 3180331 -1315.98
243 -0.11962 9.53675e-07 196910 3137655 -1312.32
244 -0.11814 9.53675e-07 196910 3153247 -1308.57
245 -0.11666 9.53675e-07 196910 3138910 -1304.86
246 -0.11518 9.53675e-07 196910 3114302 -1301.18
247 -0.1137 9.53675e-07 196910 3107302 -1297.44
248 -0.11222 9.53675e-07 196910 3143967 -1293.71
249 -0.11074 9.53675e-07 196910 3175592 -1290.01
250 -0.10926 9.53675e-07 196910 3153007 -1286.35
251 -0.10778 9.53675e-07 196910 3100271 -1282.73
252 -0.1063 9.53675e-07 196910 3096451 -1279.05
253 -0.10482 9.53675e-07 196910 3061759 -1275.44
254 -0.10334 9.53675e-07 196910 3082532 -1271.74
255 -0.10186 9.53675e-07 196910 3098546 -1268.05
256 -0.10038 9.53675e-07 196910 3086672 -1264.42
257 -0.0989 9.53675e-07 196910 3068425 -1260.76
258 -0.09742 9.53675e-07 196910 3050590 -1257.14
259 -0.09594 9.53675e-07 196910 3034776 -1253.52
260 -0.09446 9.53675e-07 196910 3075057 -1249.84
261 -0.09298 9.53675e-07 196910 3092777 -1246.17
262 -0.0915 9.53675e-07 196910 3084463 -1242.58
263 -0.09002 9.53675e-07 196910 3085825 -1238.93
264 -0.08854 9.53675e-07 196910 3125917 -1235.26
265 -0.08706 9.53675e-07 196910 3132926 -1231.64
266 -0.08558 9.53675e-07 196910 3147282 -1228.03
267 -0.0841 9.53675e-07 196910 3164110 -1224.39
268 -0.08262 9.53675e-07 196910 3159385 -1220.77
269 -0.08114 9.53675e-07 196910 3166530 -1217.17
270 -0.07966 9.53675e-07 196910 3164049 -1213.55
271 -0.07818 9.53675e-07 196910 3133436 -1210
272 -0.0767 9.53675e-07 196910 3152123 -1206.41
273 -0.07522 9.53675e-07 196910 3138688 -1202.83
274 -0.07374 9.53675e-07 196910 3153883 -1199.23
275 -0.07226 9.53675e-07 196910 3168909 -1195.61
276 -0.07078 9.53675e-07 196910 3159908 -1192.03
277 -0.0693 9.53675e-07 196910 3174278 -1188.45
278 -0.06782 9.53675e-07 196910 3196841 -1184.84
279 -0.06634 9.53675e-07 196910 3192091 -1181.29
280 -0.06486 9.53675e-07 196910 3177243 -1177.74
281 -0.06338 9.53675e-07 196910 3175349 -1174.17
282 -0.0619 9.53675e-07 196910 3160278 -1170.65
283 -0.06042 9.53675e-07 196910 3165690 -1167.08
284 -0.05894 9.53675e-07 196910 3149150 -1163.54
285 -0.05746 9.53675e-07 196910 3154108 -1159.98
286 -0.05598 9.53675e-07 196910 3111014 -1156.45
287 -0.0545 9.53675e-07 196910 3113751 -1152.91
288 -0.05302 9.53675e-07 196910 3134500 -1149.35
289 -0.05154 9.53675e-07 196910 3144797 -1145.82
290 -0.05006 9.53675e-07 196910 3130118 -1142.27
291 -0.04858 9.53675e-07 196910 3109174 -1138.79
292 -0.0471 9.53675e-07 196910 3112599 -1135.27
293 -0.04562 9.53675e-07 196910 3125033 -1131.73
294 -0.04414 9.53675e-07 196910 3135835 -1128.2
295 -0.04266 9.53675e-07 196910 3166987 -1124.65
296 -0.04118 9.53675e-07 196910 3168950 -1121.14
297 -0.0397 9.53675e-07 196910 3165998 -1117.63
298 -0.03822 9.53675e-07 196910 3154276 -1114.13
299 -0.03674 9.53675e-07 196910 3135701 -1110.62
300 -0.03526 9.53675e-07 196910 3139309 -1107.11
301 -0.03378 9.53675e-07 196910 3139173 -1103.59
302 -0.0323 9.53675e-07 196910 3158734 -1100.06
303 -0.03082 9.53675e-07 196910 3131706 -1096.57
304 -0.02934 9.53675e-07 196910 3116830 -1093.1
305 -0.02786 9.53675e-07 196910 3104018 -1089.57
306 -0.02638 9.53675e-07 196910 3077056 -1086.09
307 -0.0249 9.53675e-07 196910 3064324 -1082.58
308 -0.02342 9.53675e-07 196910 3052746 -1079.06
309 -0.02194 9.53675e-07 196910 3036188 -1075.6
310 -0.02046 9.53675e-07 196910 3024039 -1072.09
311 -0.01898 9.53675e-07 196910 3012874 -1068.6
312 -0.0175 9.53675e-07 196910 2988700 -1065.14
313 -0.01602 9.53675e-07 196910 2974441 -1061.65
314 -0.01454 9.53675e-07 196910 2955397 -1058.18
315 -0.01306 9.53675e-07 196910 2976440 -1054.66
316 -0.01158 9.53675e-07 196910 2956045 -1051.25
317 -0.0101 9.53675e-07 196910 2948677 -1047.79
318 -0.00862 9.53675e-07 196910 2929966 -1044.32
319 -0.00714 9.53675e-07 196910 2912138 -1040.86
320 -0.00566 9.53675e-07 196910 2874912 -1037.4
321 -0.00418 9.53675e-07 196910 2873758 -1033.89
322 -0.0027 9.53675e-07 196910 2889346 -1030.39
323 -0.00122 9.53675e-07 196910 2826404 -1026.96
324 0.00026 9.53675e-07 196910 2786244 -1023.52
325 0.00174 9.53675e-07 196910 2770506 -1020.03
326 0.00322 9.53675e-07 196910 2760936 -1016.53
327 0.0047 9.53675e-07 196910 2774177 -1013.03
328 0.00618 9.53675e-07 196910 2750137 -1009.59
329 0.00766 9.53675e-07 196910 2745874 -1006.13
330 0.00914 9.53675e-07 196910 2718674 -1002.73
331 0.01062 9.53675e-07 196910 2689967 -999.302
332 0.0121 9.53675e-07 196910 2684344 -995.84
333 0.01358 9.53675e-07 196910 2696412 -992.344
334 0.01506 9.53675e-07 196910 2687495 -988.862
335 0.01654 9.53675e-07 196910 2659438 -985.438
336 0.01802 9.53675e-07 196910 2671167 -981.946
337 0.0195 9.53675e-07 196910 2675947 -978.451
338 0.02098 9.53675e-07 196910 2665604 -974.979
339 0.02246 9.53675e-07 196910 2655956 -971.529
340 0.02394 9.53675e-07 196910 2658640 -968.023
341 0.02542 9.53675e-07 196910 2647604 -964.58
342 0.0269 9.53675e-07 196910 2651140 -961.11
343 0.02838 9.53675e-07 196910 2649770 -957.613
344 0.02986 9.53675e-07 196910 2613375 -954.207
345 0.03134 9.53675e-07 196910 2587842 -950.799
346 0.03282 9.53675e-07 196910 2578005 -947.367
347 0.0343 9.53675e-07 196910 2558867 -943.923
348 0.03578 9.53675e-07 196910 2527007 -940.506
349 0.03726 9.53675e-07 196910 2558072 -937.031
350 0.03874 9.53675e-07 196910 2519433 -933.627
351 0.04022 9.53675e-07 196910 2491130 -930.195
352 0.0417 9.53675e-07 196910 2449256 -926.786
353 0.04318 9.53675e-07 196910 2433103 -923.321
354 0.04466 9.53675e-07 196910 2423627 -919.849
355 0.04614 9.53675e-07 196910 2407198 -916.389
356 0.04762 9.53675e-07 196910 2365065 -912.968
357 0.0491 9.53675e-07 196910 2375872 -909.491
358 0.05058 9.53675e-07 196910 2379775 -906.01
359 0.05206 9.53675e-07 196910 2415151 -902.471
360 0.05354 9.53675e-07 196910 2411960 -898.976
361 0.05502 9.53675e-07 196910 2456056 -895.429
362 0.0565 9.53675e-07 196910 2457563 -891.956
363 0.05798 9.53675e-07 196910 2472562 -888.494
364 0.05946 9.53675e-07 196910 2472486 -884.975
365 0.06094 9.53675e-07 196910 2465405 -881.481
366 0.06242 9.53675e-07 196910 2477261 -878.008
367 0.0639 9.53675e-07 196910 2508452 -874.499
368 0.06538 9.53675e-07 196910 2523464 -871.02
369 0.06686 9.53675e-07 196910 2513720 -867.545
370 0.06834 9.53675e-07 196910 2531302 -864.012
371 0.06982 9.53675e-07 196910 2546960 -860.484
372 0.0713 9.53675e-07 196910 2588701 -856.943
373 0.07278 9.53675e-07 196910 2608531 -853.438
374 0.07426 9.53675e-07 196910 2618367 -849.936
375 0.07574 9.53675e-07 196910 2644290 -846.4
376 0.07722 9.53675e-07 196910 2642664 -842.912
377 0.0787 9.53675e-07 196910 2634706 -839.403
378 0.08018 9.53675e-07 196910 2639660 -835.874
379 0.08166 9.53675e-07 196910 2641091 -832.379
380 0.08314 9.53675e-07 196910 2631442 -828.836
381 0.08462 9.53675e-07 196910 2622285 -825.3
382 0.0861 9.53675e-07 196910 2638089 -821.736
383 0.08758 9.53675e-07 196910 2623667 -818.225
384 0.08906 9.53675e-07 196910 2646371 -814.667
385 0.09054 9.53675e-07 196910 2600682 -811.196
386 0.09202 9.53675e-07 196910 2600654 -807.693
387 0.0935 9.53675e-07 196910 2608897 -804.189
388 0.09498 9.53675e-07 196910 2583426 -800.652
389 0.09646 9.53675e-07 196910 2616272 -797.091
390 0.09794 9.53675e-07 196910 2619427 -793.549
391 0.09942 9.53675e-07 196910 2638852 -790.016
392 0.1009 9.53675e-07 196910 2680158 -786.48
393 0.10238 9.53675e-07 196910 2663647 -782.985
394 0.10386 9.53675e-07 196910 2661478 -779.487
395 0.10534 9.53675e-07 196910 2663306 -775.946
396 0.10682 9.53675e-07 196910 2632929 -772.413
397 0.1083 9.53675e-07 196910 2654999 -768.869
398 0.10978 9.53675e-07 196910 2628949 -765.385
399 0.11126 9.53675e-07 196910 2643610 -761.874
400 0.11274 9.53675e-07 196910 2673788 -758.308
401 0.11422 9.53675e-07 196910 2694282 -754.753
402 0.1157 9.53675e-07 196910 2679124 -751.211
403 0.11718 9.53675e-07 196910 2665168 -747.73
404 0.11866 9.53675e-07 196910 2661285 -744.233
405 0.12014 9.53675e-07 196910 2637084 -740.733
406 0.12162 9.53675e-07 196910 2585578 -737.273
407 0.1231 9.53675e-07 196910 2585862 -733.769
408 0.12458 9.53675e-07 196910 2543109 -730.267
409 0.12606 9.53675e-07 196910 2531391 -726.708
410 0.12754 9.53675e-07 196910 2545980 -723.184
411 0.12902 9.53675e-07 196910 2556864 -719.663
412 0.1305 9.53675e-07 196910 2556894 -716.154
413 0.13198 9.53675e-07 196910 2626547 -712.588
414 0.13346 9.53675e-07 196910 2640983 -709.053
415 0.13494 9.53675e-07 196910 2692780 -705.492
416 0.13642 9.53675e-07 196910 2745095 -701.94
417 0.1379 9.53675e-07 196910 2783181 -698.386
418 0.13938 9.53675e-07 196910 2804228 -694.829
419 0.14086 9.53675e-07 196910 2813007 -691.304
420 0.14234 9.53675e-07 196910 2838685 -687.735
421 0.14382 9.53675e-07 196910 2847346 -684.21
422 0.1453 9.53675e-07 196910 2854246 -680.654
423 0.14678 9.53675e-07 196910 2853679 -677.094
424 0.14826 9.53675e-07 196910 2869343 -673.512
425 0.14974 9.53675e-07 196910 2874084 -669.996
426 0.15122 9.53675e-07 196910 2884353 -666.492
427 0.1527 9.53675e-07 196910 2904059 -662.981
428 0.15418 9.53675e-07 196910 2919707 -659.458
429 0.15566 9.53675e-07 196910 2913630 -655.98
430 0.15714 9.53675e-07 196910 2882176 -652.478
431 0.15862 9.53675e-07 196910 2897426 -649.004
432 0.1601 9.53675e-07 196910 2907449 -645.504
433 0.16158 9.53675e-07 196910 2897201 -642.045
434 0.16306 9.53675e-07 196910 2938425 -638.528
435 0.16454 9.53675e-07 196910 2953876 -635.031
436 0.16602 9.53675e-07 196910 2941580 -631.595
437 0.1675 9.53675e-07 196910 2967144 -628.133
438 0.16898 9.53675e-07 196910 3014952 -624.592
439 0.17046 9.53675e-07 196910 3016760 -621.15
440 0.17194 9.53675e-07 196910 3026005 -617.72
441 0.17342 9.53675e-07 196910 3027055 -614.337
442 0.1749 9.53675e-07 196910 3004773 -610.958
443 0.17638 9.53675e-07 196910 3013502 -607.539
444 0.17786 9.53675e-07 196910 2982582 -604.188
445 0.17934 9.53675e-07 196910 2988968 -600.809
446 0.18082 9.53675e-07 196910 3015366 -597.441
447 0.1823 9.53675e-07 196910 3059140 -594.046
448 0.18378 9.53675e-07 196910 3061917 -590.662
449 0.18526 9.53675e-07 196910 3097561 -587.314
450 0.18674 9.53675e-07 196910 3073147 -583.991
451 0.18822 9.53675e-07 196910 3066756 -580.636
452 0.1897 9.53675e-07 196910 3063794 -577.298
453 0.19118 9.53675e-07 196910 3047249 -573.987
454 0.19266 9.53675e-07 196910 3011739 -570.773
455 0.19414 9.53675e-07 196910 3006655 -567.508
456 0.19562 9.53675e-07 196910 2982679 -564.246
457 0.1971 9.53675e-07 196910 2999677 -560.98
458 0.19858 9.53675e-07 196910 2986728 -557.744
459 0.20006 9.53675e-07 196910 3039979 -554.459
460 0.20154 9.53675e-07 196910 3054420 -551.257
461 0.20302 9.53675e-07 196910 3049109 -548.079
462 0.2045 9.53675e-07 196910 3048027 -544.854
463 0.20598 9.53675e-07 196910 3031726 -541.726
464 0.20746 9.53675e-07 196910 3009669 -538.604
465 0.20894 9.53675e-07 196910 3020512 -535.451
466 0.21042 9.53675e-07 196910 3008227 -532.356
467 0.2119 9.53675e-07 196910 2984706 -529.259
468 0.21338 9.53675e-07 196910 2967836 -526.149
469 0.21486 9.53675e-07 196910 2929647 -523.127
470 0.21634 9.53675e-07 196910 2919514 -520.101
471 0.21782 9.53675e-07 196910 2906592 -517.053
472 0.2193 9.53675e-07 196910 2911136 -514.023
473 0.22078 9.53675e-07 196910 2922915 -510.989
474 0.22226 9.53675e-07 196910 2928608 -507.994
475 0.22374 9.53675e-07 196910 2917432 -505.069
476 0.22522 9.53675e-07 196910 2881603 -502.124
477 0.2267 9.53675e-07 196910 2865275 -499.177
478 0.22818 9.53675e-07 196910 2802846 -496.283
479 0.22966 9.53675e-07 196910 2785886 -493.351
480 0.23114 9.53675e-07 196910 2757634 -490.456
481 0.23262 9.53675e-07 196910 2720897 -487.606
482 0.2341 9.53675e-07 196910 2724236 -484.745
483 0.23558 9.53675e-07 196910 2715793 -481.883
484 0.23706 9.53675e-07 196910 2740977 -478.986
485 0.23854 9.53675e-07 196910 2697671 -476.18
486 0.24002 9.53675e-07 196910 2697994 -473.377
487 0.2415 9.53675e-07 196910 2729363 -470.541
488 0.24298 9.53675e-07 196910 2712958 -467.782
489 0.24446 9.53675e-07 196910 2690445 -465.036
490 0.24594 9.53675e-07 196910 2718915 -462.264
491 0.24742 9.53675e-07 196910 2703961 -459.556
492 0.2489 9.53675e-07 196910 2712428 -456.835
493 0.25038 9.53675e-07 196910 2734505 -454.126
494 0.25186 9.53675e-07 196910 2731503 -451.449
495 0.25334 9.53675e-07 196910 2707836 -448.862
496 0.25482 9.53675e-07 196910 2679042 -446.28
497 0.2563 9.53675e-07 196910 2690419 -443.676
498 0.25778 9.53675e-07 196910 2647079 -441.091
499 0.25926 9.53675e-07 196910 2627558 -438.508
500 0.26074 9.53675e-07 196910 2637371 -435.951
501 0.26222 9.53675e-07 196910 2650481 -433.371
502 0.2637 9.53675e-07 196910 2661414 -430.825
503 0.26518 9.53675e-07 196910 2645287 -428.325
504 0.26666 9.53675e-07 196910 2629072 -425.821
505 0.26814 9.53675e-07 196910 2624623 -423.328
506 0.26962 9.53675e-07 196910 2607921 -420.873
507 0.2711 9.53675e-07 196910 2585051 -418.391
508 0.27258 9.53675e-07 196910 2572831 -415.969
509 0.27406 9.53675e-07 196910 2554911 -413.588
510 0.27554 9.53675e-07 196910 2545577 -411.219
511 0.27702 9.53675e-07 196910 2537569 -408.829
512 0.2785 9.53675e-07 196910 2487434 -406.501
513 0.27998 9.53675e-07 196910 2486319 -404.153
514 0.28146 9.53675e-07 196910 2483162 -401.824
515 0.28294 9.53675e-07 196910 2480452 -399.524
516 0.28442 9.53675e-07 196910 2470607 -397.228
517 0.2859 9.53675e-07 196910 2463974 -394.96
518 0.28738 9.53675e-07 196910 2458373 -392.69
519 0.28886 9.53675e-07 196910 2440631 -390.446
520 0.29034 9.53675e-07 196910 2462996 -388.195
521 0.29182 9.53675e-07 196910 2473833 -385.96
522 0.2933 9.53675e-07 196910 2454308 -383.763
523 0.29478 9.53675e-07 196910 2437074 -381.579
524 0.29626 9.53675e-07 196910 2470858 -379.333
525 0.29774 9.53675e-07 196910 2488693 -377.118
526 0.29922 9.53675e-07 196910 2491024 -374.955
527 0.3007 9.53675e-07 196910 2471773 -372.828
528 0.30218 9.53675e-07 196910 2488976 -370.692
529 0.30366 9.53675e-07 196910 2478723 -368.614
530 0.30514 9.53675e-07 196910 2480748 -366.525
531 0.30662 9.53675e-07 196910 2500768 -364.444
532 0.3081 9.53675e-07 196910 2504314 -362.387
533 0.30958 9.53675e-07 196910 2523512 -360.313
534 0.31106 9.53675e-07 196910 2526987 -358.289
535 0.31254 9.53675e-07 196910 2548741 -356.214
536 0.31402 9.53675e-07 196910 2519958 -354.258
537 0.3155 9.53675e-07 196910 2551589 -352.224
538 0.31698 9.53675e-07 196910 2569972 -350.237
539 0.31846 9.53675e-07 196910 2575185 -348.26
540 0.31994 9.53675e-07 196910 2563469 -346.326
541 0.32142 9.53675e-07 196910 2564957 -344.381
542 0.3229 9.53675e-07 196910 2574269 -342.451
543 0.32438 9.53675e-07 196910 2568289 -340.553
544 0.32586 9.53675e-07 196910 2566218 -338.663
545 0.32734 9.53675e-07 196910 2563832 -336.779
546 0.32882 9.53675e-07 196910 2574525 -334.889
547 0.3303 9.53675e-07 196910 2553097 -333.044
548 0.33178 9.53675e-07 196910 2560978 -331.204
549 0.33326 9.53675e-07 196910 2555145 -329.371
550 0.33474 9.53675e-07 196910 2560502 -327.528
551 0.33622 9.53675e-07 196910 2561311 -325.711
552 0.3377 9.53675e-07 196910 2546624 -323.921
553 0.33918 9.53675e-07 196910 2582456 -322.103
554 0.34066 9.53675e-07 196910 2608497 -320.288
555 0.34214 9.53675e-07 196910 2618567 -318.528
556 0.34362 9.53675e-07 196910 2626645 -316.776
557 0.3451 9.53675e-07 196910 2637900 -315.017
558 0.34658 9.53675e-07 196910 2643928 -313.27
559 0.34806 9.53675e-07 196910 2649227 -311.532
560 0.34954 9.53675e-07 196910 2646857 -309.824
561 0.35102 9.53675e-07 196910 2631416 -308.136
562 0.3525 9.53675e-07 196910 2618706 -306.461
563 0.35398 9.53675e-07 196910 2612532 -304.796
564 0.35546 9.53675e-07 196910 2603654 -303.141
565 0.35694 9.53675e-07 196910 2618146 -301.472
566 0.35842 9.53675e-07 196910 2626666 -299.823
567 0.3599 9.53675e-07 196910 2619870 -298.21
568 0.36138 9.53675e-07 196910 2633822 -296.576
569 0.36286 9.53675e-07 196910 2630213 -294.969
570 0.36434 9.53675e-07 196910 2636882 -293.338
571 0.36582 9.53675e-07 196910 2639930 -291.747
572 0.3673 9.53675e-07 196910 2653992 -290.143
573 0.36878 9.53675e-07 196910 2647055 -288.585
574 0.37026 9.53675e-07 196910 2648658 -287.027
575 0.37174 9.53675e-07 196910 2633963 -285.477
576 0.37322 9.53675e-07 196910 2634589 -283.927
577 0.3747 9.53675e-07 196910 2622478 -282.403
578 0.37618 9.53675e-07 196910 2617539 -280.86
579 0.37766 9.53675e-07 196910 2630864 -279.298
580 0.37914 9.53675e-07 196910 2622555 -277.811
581 0.38062 9.53675e-07 196910 2618166 -276.316
582 0.3821 9.53675e-07 196910 2612799 -274.829
583 0.38358 9.53675e-07 196910 2630614 -273.339
584 0.38506 9.53675e-07 196910 2619394 -271.88
585 0.38654 9.53675e-07 196910 2606836 -270.434
586 0.38802 9.53675e-07 196910 2620152 -268.975
587 0.3895 9.53675e-07 196910 2611745 -267.548
588 0.39098 9.53675e-07 196910 2595211 -266.106
589 0.39246 9.53675e-07 196910 2601633 -264.671
590 0.39394 9.53675e-07 196910 2588597 -263.264
591 0.39542 9.53675e-07 196910 2597798 -261.833
592 0.3969 9.53675e-07 196910 2622369 -260.406
593 0.39838 9.53675e-07 196910 2617578 -259.016
594 0.39986 9.53675e-07 196910 2631703 -257.624
595 0.40134 9.53675e-07 196910 2640253 -256.269
596 0.40282 9.53675e-07 196910 2647376 -254.898
597 0.4043 9.53675e-07 196910 2672709 -253.519
598 0.40578 9.53675e-07 196910 2690370 -252.148
599 0.40726 9.53675e-07 196910 2702563 -250.793
600 0.40874 9.53675e-07 196910 2701548 -249.446
601 0.41022 9.53675e-07 196910 2702929 -248.117
602 0.4117 9.53675e-07 196910 2703335 -246.782
603 0.41318 9.53675e-07 196910 2703959 -245.46
604 0.41466 9.53675e-07 196910 2705189 -244.127
605 0.41614 9.53675e-07 196910 2695422 -242.836
606 0.41762 9.53675e-07 196910 2682840 -241.57
607 0.4191 9.53675e-07 196910 2692938 -240.286
608 0.42058 9.53675e-07 196910 2698084 -239.01
609 0.42206 9.53675e-07 196910 2694851 -237.735
610 0.42354 9.53675e-07 196910 2689896 -236.471
611 0.42502 9.53675e-07 196910 2693380 -235.203
612 0.4265 9.53675e-07 196910 2693705 -233.952
613 0.42798 9.53675e-07 196910 2691690 -232.698
614 0.42946 9.53675e-07 196910 2680515 -231.451
615 0.43094 9.53675e-07 196910 2660223 -230.235
616 0.43242 9.53675e-07 196910 2671213 -229.005
617 0.4339 9.53675e-07 196910 2685803 -227.767
618 0.43538 9.53675e-07 196910 2681155 -226.573
619 0.43686 9.53675e-07 196910 2678011 -225.37
620 0.43834 9.53675e-07 196910 2675214 -224.177
621 0.43982 9.53675e-07 196910 2662973 -222.998
622 0.4413 9.53675e-07 196910 2651864 -221.801
623 0.44278 9.53675e-07 196910 2664885 -220.591
624 0.44426 9.53675e-07 196910 2666171 -219.398
625 0.44574 9.53675e-07 196910 2676365 -218.219
626 0.44722 9.53675e-07 196910 2684825 -217.032
627 0.4487 9.53675e-07 196910 2686610 -215.871
628 0.45018 9.53675e-07 196910 2676478 -214.724
629 0.45166 9.53675e-07 196910 2686187 -213.561
630 0.45314 9.53675e-07 196910 2690783 -212.401
631 0.45462 9.53675e-07 196910 2674930 -211.271
632 0.4561 9.53675e-07 196910 2692839 -210.124
633 0.45758 9.53675e-07 196910 2693516 -208.99
634 0.45906 9.53675e-07 196910 2679084 -207.88
635 0.46054 9.53675e-07 196910 2678352 -206.774
636 0.46202 9.53675e-07 196910 2685276 -205.666
637 0.4635 9.53675e-07 196910 2688014 -204.552
638 0.46498 9.53675e-07 196910 2690151 -203.467
639 0.46646 9.53675e-07 196910 2686268 -202.366
640 0.46794 9.53675e-07 196910 2685187 -201.284
641 0.46942 9.53675e-07 196910 2691216 -200.201
642 0.4709 9.53675e-07 196910 2707056 -199.1
643 0.47238 9.53675e-07 196910 2699720 -198.032
644 0.47386 9.53675e-07 196910 2706838 -196.971
645 0.47534 9.53675e-07 196910 2701132 -195.922
646 0.47682 9.53675e-07 196910 2705678 -194.859
647 0.4783 9.53675e-07 196910 2705550 -193.817
648 0.47978 9.53675e-07 196910 2721142 -192.762
649 0.48126 9.53675e-07 196910 2725600 -191.708
650 0.48274 9.53675e-07 196910 2720362 -190.66
651 0.48422 9.53675e-07 196910 2715892 -189.628
652 0.4857 9.53675e-07 196910 2716473 -188.598
653 0.48718 9.53675e-07 196910 2688198 -187.615
654 0.48866 9.53675e-07 196910 2679463 -186.6
655 0.49014 9.53675e-07 196910 2673428 -185.603
656 0.49162 9.53675e-07 196910 2670740 -184.616
657 0.4931 9.53675e-07 196910 2667461 -183.625
658 0.49458 9.53675e-07 196910 2657536 -182.663
659 0.49606 9.53675e-07 196910 2658289 -181.68
660 0.49754 9.53675e-07 196910 2655416 -180.711
661 0.49902 9.53675e-07 196910 2664192 -179.732
662 0.5005 9.53675e-07 196910 2656473 -178.748
663 0.50198 9.53675e-07 196910 2662154 -177.777
664 0.50346 9.53675e-07 196910 2671368 -176.801
665 0.50494 9.53675e-07 196910 2703827 -175.815
666 0.50642 9.53675e-07 196910 2718688 -174.84
667 0.5079 9.53675e-07 196910 2729793 -173.872
668 0.50938 9.53675e-07 196910 2721680 -172.923
669 0.51086 9.53675e-07 196910 2712607 -171.986
670 0.51234 9.53675e-07 196910 2713401 -171.034
671 0.51382 9.53675e-07 196910 2722778 -170.096
672 0.5153 9.53675e-07 196910 2722984 -169.18
673 0.51678 9.53675e-07 196910 2720828 -168.263
674 0.51826 9.53675e-07 196910 2717698 -167.347
675 0.51974 9.53675e-07 196910 2693691 -166.437
676 0.52122 9.53675e-07 196910 2695315 -165.515
677 0.5227 9.53675e-07 196910 2707107 -164.604
678 0.52418 9.53675e-07 196910 2711902 -163.699
679 0.52566 9.53675e-07 196910 2715336 -162.783
680 0.52714 9.53675e-07 196910 2703227 -161.875
681 0.52862 9.53675e-07 196910 2700125 -160.989
682 0.5301 9.53675e-07 196910 2698278 -160.099
683 0.53158 9.53675e-07 196910 2691468 -159.219
684 0.53306 9.53675e-07 196910 2700345 -158.318
685 0.53454 9.53675e-07 196910 2704209 -157.424
686 0.53602 9.53675e-07 196910 2719236 -156.531
687 0.5375 9.53675e-07 196910 2723263 -155.653
688 0.53898 9.53675e-07 196910 2718228 -154.781
689 0.54046 9.53675e-07 196910 2707336 -153.924
690 0.54194 9.53675e-07 196910 2704558 -153.05
691 0.54342 9.53675e-07 196910 2689939 -152.202
692 0.5449 9.53675e-07 196910 2684345 -151.353
693 0.54638 9.53675e-07 196910 2686905 -150.506
694 0.54786 9.53675e-07 196910 2704612 -149.646
695 0.54934 9.53675e-07 196910 2717090 -148.81
696 0.55082 9.53675e-07 196910 2718022 -147.981
697 0.5523 9.53675e-07 196910 2718878 -147.154
698 0.55378 9.53675e-07 196910 2723406 -146.317
699 0.55526 9.53675e-07 196910 2735562 -145.478
700 0.55674 9.53675e-07 196910 2737909 -144.677
701 0.55822 9.53675e-07 196910 2735106 -143.873
702 0.5597 9.53675e-07 196910 2743712 -143.05
703 0.56118 9.53675e-07 196910 2742384 -142.25
704 0.56266 9.53675e-07 196910 2740614 -141.459
705 0.56414 9.53675e-07 196910 2730321 -140.657
706 0.56562 9.53675e-07 196910 2733517 -139.856
707 0.5671 9.53675e-07 196910 2734281 -139.047
708 0.56858 9.53675e-07 196910 2737675 -138.23
709 0.57006 9.53675e-07 196910 2733543 -137.448
710 0.57154 9.53675e-07 196910 2735381 -136.67
711 0.57302 9.53675e-07 196910 2732361 -135.876
712 0.5745 9.53675e-07 196910 2740734 -135.086
713 0.57598 9.53675e-07 196910 2740989 -134.304
714 0.57746 9.53675e-07 196910 2739997 -133.523
715 0.57894 9.53675e-07 196910 2729765 -132.745
716 0.58042 9.53675e-07 196910 2735561 -131.959
717 0.5819 9.53675e-07 196910 2736864 -131.196
718 0.58338 9.53675e-07 196910 2742068 -130.427
719 0.58486 9.53675e-07 196910 2739270 -129.669
720 0.58634 9.53675e-07 196910 2729654 -128.918
721 0.58782 9.53675e-07 196910 2715358 -128.184
722 0.5893 9.53675e-07 196910 2717462 -127.435
723 0.59078 9.53675e-07 196910 2724188 -126.668
724 0.59226 9.53675e-07 196910 2730604 -125.924
725 0.59374 9.53675e-07 196910 2728982 -125.188
726 0.59522 9.53675e-07 196910 2736992 -124.442
727 0.5967 9.53675e-07 196910 2727638 -123.709
728 0.59818 9.53675e-07 196910 2725000 -123.003
729 0.59966 9.53675e-07 196910 2735793 -122.274
730 0.60114 9.53675e-07 196910 2727479 -121.555
731 0.60262 9.53675e-07 196910 2731673 -120.827
732 0.6041 9.53675e-07 196910 2745976 -120.103
733 0.60558 9.53675e-07 196910 2736985 -119.383
734 0.60706 9.53675e-07 196910 2731595 -118.675
735 0.60854 9.53675e-07 196910 2736236 -117.959
736 0.61002 9.53675e-07 196910 2738943 -117.247
737 0.6115 9.53675e-07 196910 2746065 -116.536
738 0.61298 9.53675e-07 196910 2754353 -115.822
739 0.61446 9.53675e-07 196910 2757745 -115.12
740 0.61594 9.53675e-07 196910 2765104 -114.414
741 0.61742 9.53675e-07 196910 2765945 -113.721
742 0.6189 9.53675e-07 196910 2764465 -113.026
743 0.62038 9.53675e-07 196910 2758607 -112.344
744 0.62186 9.53675e-07 196910 2745792 -111.68
745 0.62334 9.53675e-07 196910 2744381 -111.011
746 0.62482 9.53675e-07 196910 2755220 -110.324
747 0.6263 9.53675e-07 196910 2738787 -109.659
748 0.62778 9.53675e-07 196910 2731824 -108.988
749 0.62926 9.53675e-07 196910 2730508 -108.32
750 0.63074 9.53675e-07 196910 2729010 -107.664
751 0.63222 9.53675e-07 196910 2726898 -107.005
752 0.6337 9.53675e-07 196910 2717067 -106.342
753 0.63518 9.53675e-07 196910 2722937 -105.671
754 0.63666 9.53675e-07 196910 2729821 -105.004
755 0.63814 9.53675e-07 196910 2733784 -104.333
756 0.63962 9.53675e-07 196910 2733581 -103.679
757 0.6411 9.53675e-07 196910 2738471 -103.029
758 0.64258 9.53675e-07 196910 2726292 -102.394
759 0.64406 9.53675e-07 196910 2720532 -101.749
760 0.64554 9.53675e-07 196910 2704621 -101.129
761 0.64702 9.53675e-07 196910 2707088 -100.489
762 0.6485 9.53675e-07 196910 2708164 -99.8517
763 0.64998 9.53675e-07 196910 2711379 -99.2287
764 0.65146 9.53675e-07 196910 2708547 -98.5907
765 0.65294 9.53675e-07 196910 2710509 -97.9535
766 0.65442 9.53675e-07 196910 2711215 -97.3351
767 0.6559 9.53675e-07 196910 2707780 -96.7104
768 0.65738 9.53675e-07 196910 2700203 -96.102
769 0.65886 9.53675e-07 196910 2699740 -95.4716
770 0.66034 9.53675e-07 196910 2697549 -94.8444
771 0.66182 9.53675e-07 196910 2709737 -94.2135
772 0.6633 9.53675e-07 196910 2718555 -93.5807
773 0.66478 9.53675e-07 196910 2738014 -92.9462
774 0.66626 9.53675e-07 196910 2745430 -92.3319
775 0.66774 9.53675e-07 196910 2747900 -91.7322
776 0.66922 9.53675e-07 196910 2757239 -91.1203
777 0.6707 9.53675e-07 196910 2758924 -90.5214
778 0.67218 9.53675e-07 196910 2754810 -89.924
779 0.67366 9.53675e-07 196910 2751502 -89.3271
780 0.67514 9.53675e-07 196910 2751238 -88.7247
781 0.67662 9.53675e-07 196910 2759309 -88.1256
782 0.6781 9.53675e-07 196910 2756707 -87.5388
783 0.67958 9.53675e-07 196910 2748169 -86.9719
784 0.68106 9.53675e-07 196910 2750319 -86.3876
785 0.68254 9.53675e-07 196910 2747944 -85.8088
786 0.68402 9.53675e-07 196910 2757523 -85.2295
787 0.6855 9.53675e-07 196910 2750295 -84.6731
788 0.68698 9.53675e-07 196910 2747513 -84.0978
789 0.68846 9.53675e-07 196910 2740048 -83.5192
790 0.68994 9.53675e-07 196910 2732144 -82.9605
791 0.69142 9.53675e-07 196910 2735213 -82.3862
792 0.6929 9.53675e-07 196910 2734717 -81.8308
793 0.69438 9.53675e-07 196910 2726114 -81.2712
794 0.69586 9.53675e-07 196910 2730403 -80.7
795 0.69734 9.53675e-07 196910 2732047 -80.132
796 0.69882 9.53675e-07 196910 2732835 -79.5723
797 0.7003 9.53675e-07 196910 2733600 -79.0059
798 0.70178 9.53675e-07 196910 2720772 -78.4646
799 0.70326 9.53675e-07 196910 2726140 -77.8991
800 0.70474 9.53675e-07 196910 2720513 -77.3555
801 0.70622 9.53675e-07 196910 2718759 -76.8131
802 0.7077 9.53675e-07 196910 2710851 -76.2716
803 0.70918 9.53675e-07 196910 2709232 -75.7306
804 0.71066 9.53675e-07 196910 2712593 -75.1873
805 0.71214 9.53675e-07 196910 2706614 -74.6451
806 0.71362 9.53675e-07 196910 2707937 -74.1093
807 0.7151 9.53675e-07 196910 2719968 -73.5582
808 0.71658 9.53675e-07 196910 2716418 -73.0318
809 0.71806 9.53675e-07 196910 2723493 -72.4903
810 0.71954 9.53675e-07 196910 2727537 -71.9492
811 0.72102 9.53675e-07 196910 2717202 -71.4126
812 0.7225 9.53675e-07 196910 2723552 -70.8818
813 0.72398 9.53675e-07 196910 2745639 -70.3381
814 0.72546 9.53675e-07 196910 2744490 -69.8231
815 0.72694 9.53675e-07 196910 2741754 -69.3173
816 0.72842 9.53675e-07 196910 2746755 -68.79
817 0.7299 9.53675e-07 196910 2743775 -68.2709
818 0.73138 9.53675e-07 196910 2741631 -67.7677
819 0.73286 9.53675e-07 196910 2722194 -67.279
820 0.73434 9.53675e-07 196910 2719627 -66.7785
821 0.73582 9.53675e-07 196910 2712448 -66.2907
822 0.7373 9.53675e-07 196910 2717578 -65.7749
823 0.73878 9.53675e-07 196910 2725243 -65.2615
824 0.74026 9.53675e-07 196910 2720954 -64.758
825 0.74174 9.53675e-07 196910 2717425 -64.2551
826 0.74322 9.53675e-07 196910 2719645 -63.7467
827 0.7447 9.53675e-07 196910 2710020 -63.2529
828 0.74618 9.53675e-07 196910 2701699 -62.762
829 0.74766 9.53675e-07 196910 2706346 -62.2663
830 0.74914 9.53675e-07 196910 2711654 -61.7732
831 0.75062 9.53675e-07 196910 2713921 -61.284
832 0.7521 9.53675e-07 196910 2722176 -60.7871
833 0.75358 9.53675e-07 196910 2734898 -60.2865
834 0.75506 9.53675e-07 196910 2739402 -59.7924
835 0.75654 9.53675e-07 196910 2742491 -59.3096
836 0.75802 9.53675e-07 196910 2741250 -58.8351
837 0.7595 9.53675e-07 196910 2734513 -58.368
838 0.76098 9.53675e-07 196910 2739020 -57.8925
839 0.76246 9.53675e-07 196910 2734694 -57.4122
840 0.76394 9.53675e-07 196910 2721162 -56.9551
841 0.76542 9.53675e-07 196910 2720197 -56.4824
842 0.7669 9.53675e-07 196910 2721493 -56.0044
843 0.76838 9.53675e-07 196910 2718351 -55.5267
844 0.76986 9.53675e-07 196910 2720658 -55.0594
845 0.77134 9.53675e-07 196910 2726691 -54.5886
846 0.77282 9.53675e-07 196910 2731709 -54.1111
847 0.7743 9.53675e-07 196910 2735967 -53.6441
848 0.77578 9.53675e-07 196910 2739016 -53.187
849 0.77726 9.53675e-07 196910 2738429 -52.7221
850 0.77874 9.53675e-07 196910 2741612 -52.263
851 0.78022 9.53675e-07 196910 2747515 -51.8071
852 0.7817 9.53675e-07 196910 2741760 -51.3672
853 0.78318 9.53675e-07 196910 2739809 -50.9236
854 0.78466 9.53675e-07 196910 2745174 -50.4738
855 0.78614 9.53675e-07 196910 2746864 -50.0187
856 0.78762 9.53675e-07 196910 2752113 -49.5719
857 0.7891 9.53675e-07 196910 2740533 -49.1433
858 0.79058 9.53675e-07 196910 2755959 -48.686
859 0.79206 9.53675e-07 196910 2756652 -48.239
860 0.79354 9.53675e-07 196910 2755872 -47.8054
861 0.79502 9.53675e-07 196910 2758613 -47.3701
862 0.7965 9.53675e-07 196910 2757927 -46.9371
863 0.79798 9.53675e-07 196910 2743765 -46.5146
864 0.79946 9.53675e-07 196910 2747442 -46.0921
865 0.80094 9.53675e-07 196910 2765547 -45.6407
866 0.80242 9.53675e-07 196910 2771216 -45.2089
867 0.8039 9.53675e-07 196910 2765561 -44.7903
868 0.80538 9.53675e-07 196910 2753952 -44.3776
869 0.80686 9.53675e-07 196910 2749557 -43.9622
870 0.80834 9.53675e-07 196910 2744902 -43.5522
871 0.80982 9.53675e-07 196910 2756137 -43.1206
872 0.8113 9.53675e-07 196910 2763957 -42.6834
873 0.81278 9.53675e-07 196910 2762076 -42.2596
874 0.81426 9.53675e-07 196910 2764158 -41.8371
875 0.81574 9.53675e-07 196910 2759083 -41.4258
876 0.81722 9.53675e-07 196910 2746178 -41.026
877 0.8187 9.53675e-07 196910 2742717 -40.6153
878 0.82018 9.53675e-07 196910 2739836 -40.2027
879 0.82166 9.53675e-07 196910 2752135 -39.7873
880 0.82314 9.53675e-07 196910 2758786 -39.3764
881 0.82462 9.53675e-07 196910 2765118 -38.9677
882 0.8261 9.53675e-07 196910 2770014 -38.559
883 0.82758 9.53675e-07 196910 2766434 -38.1542
884 0.82906 9.53675e-07 196910 2767183 -37.7406
885 0.83054 9.53675e-07 196910 2770901 -37.3354
886 0.83202 9.53675e-07 196910 2779943 -36.918
887 0.8335 9.53675e-07 196910 2783846 -36.5133
888 0.83498 9.53675e-07 196910 2781544 -36.1198
889 0.83646 9.53675e-07 196910 2782259 -35.7274
890 0.83794 9.53675e-07 196910 2788329 -35.3304
891 0.83942 9.53675e-07 196910 2783956 -34.9401
892 0.8409 9.53675e-07 196910 2784742 -34.5497
893 0.84238 9.53675e-07 196910 2773442 -34.1734
894 0.84386 9.53675e-07 196910 2762641 -33.7873
895 0.84534 9.53675e-07 196910 2764899 -33.3902
896 0.84682 9.53675e-07 196910 2764165 -32.9991
897 0.8483 9.53675e-07 196910 2771524 -32.6053
898 0.84978 9.53675e-07 196910 2774024 -32.2232
899 0.85126 9.53675e-07 196910 2778039 -31.844
900 0.85274 9.53675e-07 196910 2768555 -31.476
901 0.85422 9.53675e-07 196910 2758912 -31.1054
902 0.8557 9.53675e-07 196910 2764184 -30.7228
903 0.85718 9.53675e-07 196910 2756693 -30.3507
904 0.85866 9.53675e-07 196910 2758748 -29.9724
905 0.86014 9.53675e-07 196910 2755694 -29.6052
906 0.86162 9.53675e-07 196910 2754534 -29.2343
907 0.8631 9.53675e-07 196910 2759055 -28.8541
908 0.86458 9.53675e-07 196910 2762043 -28.4778
909 0.86606 9.53675e-07 196910 2764249 -28.1121
910 0.86754 9.53675e-07 196910 2769335 -27.7366
911 0.86902 9.53675e-07 196910 2766763 -27.3753
912 0.8705 9.53675e-07 196910 2765355 -27.0104
913 0.87198 9.53675e-07 196910 2767991 -26.6554
914 0.87346 9.53675e-07 196910 2768621 -26.3023
915 0.87494 9.53675e-07 196910 2781659 -25.9352
916 0.87642 9.53675e-07 196910 2799172 -25.5498
917 0.8779 9.53675e-07 196910 2805473 -25.1942
918 0.87938 9.53675e-07 196910 2814832 -24.8334
919 0.88086 9.53675e-07 196910 2817393 -24.4763
920 0.88234 9.53675e-07 196910 2816080 -24.1299
921 0.88382 9.53675e-07 196910 2814145 -23.7795
922 0.8853 9.53675e-07 196910 2810224 -23.4345
923 0.88678 9.53675e-07 196910 2807753 -23.0926
924 0.88826 9.53675e-07 196910 2799943 -22.7578
925 0.88974 9.53675e-07 196910 2806039 -22.4067
926 0.89122 9.53675e-07 196910 2807638 -22.0607
927 0.8927 9.53675e-07 196910 2815131 -21.7003
928 0.89418 9.53675e-07 196910 2811757 -21.36
929 0.89566 9.53675e-07 196910 2818469 -21.0168
930 0.89714 9.53675e-07 196910 2819522 -20.6682
931 0.89862 9.53675e-07 196910 2823795 -20.3224
932 0.9001 9.53675e-07 196910 2823470 -19.9809
933 0.90158 9.53675e-07 196910 2829533 -19.6421
934 0.90306 9.53675e-07 196910 2827977 -19.321
935 0.90454 9.53675e-07 196910 2826631 -18.9859
936 0.90602 9.53675e-07 196910 2827247 -18.6525
937 0.9075 9.53675e-07 196910 2827193 -18.3198
938 0.90898 9.53675e-07 196910 2824399 -17.9949
939 0.91046 9.53675e-07 196910 2825613 -17.663
940 0.91194 9.53675e-07 196910 2825559 -17.3286
941 0.91342 9.53675e-07 196910 2824156 -17.0068
942 0.9149 9.53675e-07 196910 2827236 -16.6794
943 0.91638 9.53675e-07 196910 2835368 -16.3402
944 0.91786 9.53675e-07 196910 2836988 -16.0146
945 0.91934 9.53675e-07 196910 2831760 -15.6956
946 0.92082 9.53675e-07 196910 2830207 -15.372
947 0.9223 9.53675e-07 196910 2835077 -15.0583
948 0.92378 9.53675e-07 196910 2823287 -14.7582
949 0.92526 9.53675e-07 196910 2822994 -14.4417
950 0.92674 9.53675e-07 196910 2818972 -14.125
951 0.92822 9.53675e-07 196910 2816415 -13.8024
952 0.9297 9.53675e-07 196910 2812046 -13.4862
953 0.93118 9.53675e-07 196910 2824370 -13.1805
954 0.93266 9.53675e-07 196910 2833635 -12.8592
955 0.93414 9.53675e-07 196910 2824616 -12.5554
956 0.93562 9.53675e-07 196910 2827410 -12.2435
957 0.9371 9.53675e-07 196910 2829318 -11.9267
958 0.93858 9.53675e-07 196910 2828276 -11.6187
959 0.94006 9.53675e-07 196910 2821850 -11.3099
960 0.94154 9.53675e-07 196910 2821243 -11.0003
961 0.94302 9.53675e-07 196910 2823745 -10.6959
962 0.9445 9.53675e-07 196910 2832901 -10.3961
963 0.94598 9.53675e-07 196910 2833709 -10.0943
964 0.94746 9.53675e-07 196910 2834091 -9.79672
965 0.94894 9.53675e-07 196910 2829840 -9.49626
966 0.95042 9.53675e-07 196910 2831085 -9.18915
967 0.9519 9.53675e-07 196910 2828720 -8.89425
968 0.95338 9.53675e-07 196910 2838729 -8.59336
969 0.95486 9.53675e-07 196910 2844880 -8.2955
970 0.95634 9.53675e-07 196910 2844609 -8.00968
971 0.95782 9.53675e-07 196910 2849812 -7.71601
972 0.9593 9.53675e-07 196910 2852682 -7.4153
973 0.96078 9.53675e-07 196910 2847680 -7.12762
974 0.96226 9.53675e-07 196910 2848129 -6.83553
975 0.96374 9.53675e-07 196910 2849821 -6.55288
976 0.96522 9.53675e-07 196910 2851019 -6.26414
977 0.9667 9.53675e-07 196910 2842180 -5.98023
978 0.96818 9.53675e-07 196910 2836708 -5.70029
979 0.96966 9.53675e-07 196910 2831926 -5.41975
980 0.97114 9.53675e-07 196910 2834294 -5.14075
981 0.97262 9.53675e-07 196910 2828941 -4.87385
982 0.9741 9.53675e-07 196910 2831679 -4.5954
983 0.97558 9.53675e-07 196910 2837352 -4.31428
984 0.97706 9.53675e-07 196910 2834183 -4.04188
985 0.97854 9.53675e-07 196910 2830239 -3.77491
986 0.98002 9.53675e-07 196910 2830219 -3.49988
987 0.9815 9.53675e-07 196910 2828923 -3.22732
988 0.98298 9.53675e-07 196910 2826186 -2.96082
989 0.98446 9.53675e-07 196910 2827852 -2.69247
990 0.98594 9.53675e-07 196910 2824817 -2.43027
991 0.98742 9.53675e-07 196910 2820156 -2.16651
992 0.9889 9.53675e-07 196910 2820400 -1.88975
993 0.99038 9.53675e-07 196910 2822744 -1.61866
994 0.99186 9.53675e-07 196910 2823583 -1.34778
995 0.99334 9.53675e-07 196910 2821203 -1.08316
996 0.99482 9.53675e-07 196910 2817715 -0.814064
997 0.9963 9.53675e-07 196910 2822039 -0.542446
998 0.99778 9.53675e-07 196910 2823825 -0.27787
999 0.99926 9.53675e-07 196910 2830845 0
