1.0 0.0 0.5198296 4.9237871442051864e-05 0.348613 0.0018027281769593373 0.22280160000000002 0.00014240466284191653 0.050064700000000004 6.231905647549524e-05 0.2442306 0.0016633617429776015 516.6987999999999 0.1905848682981567 267339.8 196.35262158156462 0.7001806 0.006888413643792009 
0.99 0.0 0.516153 6.188893279855782e-05 0.35212260000000006 0.0006588303939492332 0.22156659999999997 0.00010733521324978502 0.04951148 4.6688785805134996e-05 0.2441942 0.0011137249714364666 516.3056 0.13425962907808306 266925.0 136.42785639527708 0.6916162 0.00649918484365493 
0.9800000000000001 6.664001874625056e-09 0.5127994 4.58402442117186e-05 0.3502498 0.0016902174392659799 0.22019319999999998 0.00014277574024618655 0.04890356 6.21268933717096e-05 0.24588179999999998 0.0006739912996480273 515.6854 0.15753770349168464 266281.2 162.79690414971785 0.6923446 0.003173621547696172 
0.97 4.712160915387242e-09 0.5091387999999999 6.10694033055633e-05 0.352487 0.002015109823309999 0.219333 0.00015701974398039256 0.048529260000000005 6.930606091786363e-05 0.2507012 0.00033926749328037567 515.7384 0.20246532545462786 266340.4 209.99535231760515 0.7079578 0.003915648027085055 
0.96 0.0 0.5057026 7.441859982986272e-05 0.3513702 0.0004769327331972334 0.2177574 8.850066667202304e-05 0.0478354 3.9092792174539505e-05 0.2502388 0.0007609056393546738 514.877 0.1057544325439172 265448.8 107.80664173961559 0.7090742 0.0036483496038611763 
0.95 4.712160915387242e-09 0.5022358 8.709048164489245e-05 0.3539308 0.0017268894903835934 0.21648639999999997 0.00013755423658266485 0.04728254 6.049157032227969e-05 0.252326 0.0018257869536181255 514.3871999999999 0.15183238133024024 264944.4 156.25968129186916 0.7168674 0.004933095990144948 
0.9399999999999998 4.712160915387242e-09 0.49843580000000004 0.00010696182495845801 0.35849220000000004 0.0006694761773157269 0.21552800000000003 7.609678047036985e-05 0.04687051999999999 3.316797732985721e-05 0.25622599999999995 0.0002645123815697609 514.3822 0.11789127193337252 264937.2 120.94540916583405 0.7197425999999999 0.0029768327141495624 
0.93 0.0 0.4952328 0.00010470125123168475 0.35910200000000003 0.0017080679143387002 0.2140964 4.621826478228943e-05 0.04625509999999999 1.8473700227717e-05 0.25882839999999996 0.0009093243469774227 513.6908 0.07060787492295281 264227.2 70.57841027155514 0.7300646000000001 0.004949126562129969 
0.9200000000000002 6.664001874625056e-09 0.49148619999999993 8.100686396432086e-05 0.3578016 0.0018312803739452637 0.21297419999999997 0.0001647389207273137 0.0457759 6.954460439109788e-05 0.26158479999999995 0.0008315371501059482 513.4504 0.202207141394149 263979.0 208.20336212316468 0.7356442000000001 0.004088673030700314 
0.9099999999999999 6.664001874625056e-09 0.48799960000000003 3.986738000616407e-05 0.35683339999999997 0.0012424065872348486 0.2117114 7.580110817279474e-05 0.04523588 3.1885713413976586e-05 0.2621168 0.0009416338736498039 513.0006 0.08197150722913576 263517.6 82.72779460669963 0.745491 0.005395306219299942 
0.9 4.712160915387242e-09 0.48422480000000007 0.00011318494592534148 0.3610956 0.0005318296418979286 0.21048360000000002 9.8304262361186e-05 0.04472096 4.081967760775418e-05 0.26720639999999996 0.0011506334116491586 512.6580000000001 0.14385437074873256 263164.8 146.44518428867087 0.7506158 0.005914122456627751 
0.89 0.0 0.48074720000000004 4.974446703765841e-05 0.361451 0.0025694929149557657 0.20906499999999997 7.306982963543667e-05 0.0441164 3.119087045908241e-05 0.26417619999999997 0.0011526208535351614 512.0526 0.07937687312953969 262541.8 81.1992118346199 0.7549108 0.006841259085284985 
0.8800000000000001 6.664001874625056e-09 0.47714179999999995 7.974128175985226e-05 0.36269799999999996 0.0021108326129761286 0.20798540000000001 0.00010154786063203818 0.043667939999999995 4.0990053429231524e-05 0.2683564 0.0009054801422455992 511.8738 0.10977664596598133 262356.0 111.25717954635715 0.7572490000000001 0.004842351701393641 
0.8699999999999999 6.664001874625056e-09 0.47362059999999995 6.794739148380369e-05 0.3650288 0.0009064544290806193 0.20675619999999997 7.325102048771688e-05 0.043161399999999996 3.19920115043071e-05 0.27357780000000004 0.0012394791293102558 511.4512000000001 0.10814856437082536 261925.6 112.50052443996684 0.7713208 0.005319685926065288 
0.86 0.0 0.4696338000000001 5.614509748169986e-05 0.3668022 0.0006021291821506218 0.2054592 0.0001221547870500581 0.04262394 5.131782224580386e-05 0.27485679999999996 0.0012444317064453025 511.1184 0.14665595113290647 261581.4 150.1899064524081 0.7716084 0.0028432268513110745 
0.85 0.0 0.4660222 5.482291493274029e-05 0.3648016 0.0023569889367569983 0.204128 3.2101090323253166e-05 0.042077420000000004 1.4175680581258334e-05 0.2772744 0.0016436190458867606 510.6262 0.04642533796535712 261079.2 48.09607051731506 0.7831042 0.002211269344062005 
0.8400000000000001 6.664001874625056e-09 0.4623384 1.8511834208148888e-05 0.3676994 0.0011802591105353286 0.2031974 9.035512160434843e-05 0.041697479999999995 3.5261632408206227e-05 0.2799564 0.0012448955169018356 510.55999999999995 0.08713575619732056 261012.0 86.39444426582071 0.7937350000000001 0.007721238025081524 
0.8299999999999998 6.664001874625056e-09 0.45867059999999993 2.9975456845636865e-05 0.370565 0.0018740437561602632 0.2020432 0.0001106415473493509 0.04122842 4.6112344550517784e-05 0.28232820000000003 0.0010083607846373265 510.28640000000007 0.1463561682532245 260729.0 149.597593561493 0.7947827999999999 0.0032207753153569605 
0.82 0.0 0.45509079999999996 6.422236373846366e-05 0.3711324 0.0018498876203732367 0.20058179999999998 0.00012933132645166778 0.04063686 5.192166869450643e-05 0.2835972 0.0009824403656200802 509.70199999999994 0.14732711906339507 260131.6 150.80970790790485 0.8024827999999999 0.0037938775141012544 
0.8100000000000002 4.712160915387242e-09 0.45137679999999997 8.164185204293705e-05 0.3727958 0.0019417161357917674 0.1992382 9.63570028554637e-05 0.040106640000000006 3.9982562198061967e-05 0.2920514 0.0015523778045300144 509.242 0.09621434404188732 259666.2 98.05198621046335 0.8210812000000001 0.0023938981331649008 
0.8 0.0 0.44744459999999997 8.146783416966142e-05 0.3699266 0.0014239200146075998 0.198002 0.00012007364406845712 0.03960986 4.897384281463224e-05 0.2915708 0.002059470250330797 508.95079999999996 0.14444137913191996 259366.0 147.5509403572379 0.8222262 0.0066996102119455175 
0.79 0.0 0.44382020000000005 9.554910773675934e-05 0.37643180000000004 0.0012555943421308613 0.1970166 0.0001506948174355557 0.03922354 6.0412678139561036e-05 0.2973872 0.0012863906218559238 508.8454 0.16330991399213307 259260.6 167.42511161491748 0.838048 0.006157095750433576 
0.78 0.0 0.44029419999999997 6.066524548178621e-05 0.37618340000000006 0.001161027289943787 0.1956032 8.05885351672933e-05 0.03866522 3.120129997309928e-05 0.2987368 0.0014425736279287463 508.259 0.09333595231822141 258662.6 94.91495140162456 0.845205 0.005515308143702596 
0.77 0.0 0.43645199999999995 4.478571209753857e-05 0.3781966 0.0009897093149027726 0.1943708 0.00010852074456057323 0.03818038 4.2662024330763335e-05 0.29946079999999997 0.0006864040442765446 508.0362 0.13830152568113754 258431.0 140.18987124610678 0.8432548000000001 0.0029778974515511283 
0.76 0.0 0.43245760000000005 9.803085226736966e-05 0.3768308 0.001037191723838216 0.1934398 0.00011151157788133191 0.03781616 4.388756179103359e-05 0.30098840000000004 0.0010986072127907986 507.994 0.11431885231515004 258384.0 117.0688686188383 0.8445216 0.004686527265256189 
0.75 0.0 0.4285842000000001 9.192666637143797e-05 0.37961520000000004 0.0013356505051807207 0.19209559999999998 6.67284647031818e-05 0.03730236000000001 2.6131538032918742e-05 0.3085092 0.0012781172215418836 507.56059999999997 0.07839571422072306 257949.0 79.74158262597265 0.8697721999999999 0.005795420684647623 
0.74 0.0 0.42485439999999997 0.00010636337719325048 0.3825014 0.0017451731283742798 0.19092740000000002 0.00011143809042561938 0.0368536 4.226307135073185e-05 0.3115652 0.0007120984426348369 507.2662 0.09644040644751009 257646.0 97.7813888222089 0.8711456 0.005943167038543248 
0.73 0.0 0.4210716 6.734424993546958e-05 0.385363 0.0010543598247292323 0.189614 9.437669203104321e-05 0.03635368 3.764948233394508e-05 0.3157306 0.0030179498021012554 506.9166 0.08477858216247014 257294.0 87.19999999650028 0.8901552 0.008905550468778977 
0.72 0.0 0.417263 3.683476618806762e-05 0.38268840000000004 0.0009175811506325325 0.1883118 9.600724972449093e-05 0.035859020000000005 3.555616852180806e-05 0.31812019999999996 0.0013296828012746534 506.5476 0.09058856442340853 256917.0 91.36870361009643 0.8947936000000001 0.004745077538668282 
0.71 0.0 0.4133198 7.491776824885237e-05 0.38821579999999994 0.0014985394062250648 0.187358 0.00011928553977342078 0.03550474 4.336447024940614e-05 0.3258408 0.0013756784042792453 506.5026 0.14428821158270522 256870.4 145.27865638313247 0.9052216 0.0057473991933755676 
0.7 0.0 0.40948399999999996 0.00010521406752689026 0.3900182 0.002461622479586269 0.1862636 6.953364651909838e-05 0.03509092 2.503518164569066e-05 0.32651399999999997 0.001884265098122446 506.3606 0.09561782263091086 256725.0 95.84111852276571 0.9137384000000001 0.007548016749316089 
0.69 0.0 0.4056446 2.6074661951834805e-05 0.3905728 0.0011623667717195931 0.18506799999999998 7.344930225106511e-05 0.03464424 2.9907237920021744e-05 0.32890199999999997 0.0028171246759782515 506.03639999999996 0.08098523330483193 256393.6 84.93602297230575 0.9193936 0.009123160354175113 
0.68 3.332000937312528e-09 0.4016952 9.262414373473237e-05 0.39540200000000003 0.0022050937757822904 0.1839784 0.00014139012696416206 0.03424604 5.193465586718963e-05 0.33702620000000005 0.0009714803302149387 505.95559999999995 0.15383435253130107 256313.0 155.15437473788862 0.9355442 0.005071077072180033 
0.67 0.0 0.3978994 2.85833517032429e-05 0.39304379999999994 0.0012803175668611722 0.18287780000000003 7.694278392249418e-05 0.033836939999999996 2.852045722019397e-05 0.3376228 0.0013486433894839473 505.7647999999999 0.05856784108660539 256118.4 59.533251214620435 0.9454917999999999 0.007359767661553235 
0.66 3.332000937312528e-09 0.3938442 4.378072643428775e-05 0.394577 0.001631360340329609 0.1819208 0.00013353243800550652 0.03348992 4.845347789398723e-05 0.34442380000000006 0.0017742520316998643 505.7928 0.16106431017902692 256145.6 163.83567377063497 0.9563423999999999 0.0032830995428131168 
0.65 0.0 0.3897812 0.0001027421627248999 0.3948738 0.0014723146239857706 0.18051140000000002 0.00014395404821957678 0.03298106 5.39119400508753e-05 0.35147540000000005 0.0023326936635561547 505.24120000000005 0.14281607748955355 255590.8 145.57565731140613 0.9798812 0.006822526461070184 
0.64 0.0 0.3859446 7.34861074754285e-05 0.39884020000000003 0.002735197461244103 0.1797988 5.007945686847395e-05 0.03272292 1.824428458423981e-05 0.3557618 0.0013686574268214687 505.5442 0.057534268082997005 255896.4 58.92272906517722 0.9939781999999999 0.005143621785476795 
0.63 0.0 0.38181339999999997 8.94179400773654e-05 0.402236 0.0018223212230570962 0.17879340000000002 0.0001193641822268755 0.032362600000000005 4.360401816254601e-05 0.3614908 0.0011387618328717783 505.55159999999995 0.14759284537668207 255902.8 149.75804485944008 1.0059156 0.004990212168634476 
0.62 0.0 0.37773139999999994 3.2487043740326915e-05 0.4045122 0.0010764164026968056 0.1777158 0.00012569881462927394 0.03197712 4.5224572082273256e-05 0.366228 0.0025878667199084582 505.2688 0.09927553573270126 255612.6 100.14573380462883 1.008788 0.006092858055131016 
0.61 0.0 0.3737826 7.360304337745543e-05 0.40931639999999997 0.0011750725798888946 0.17698760000000002 0.00013497336033326806 0.0317166 4.745525892881466e-05 0.37004040000000005 0.0021828519803220336 505.57919999999996 0.11811939722407615 255926.6 118.86853241439489 1.0250862 0.007742192942054644 
0.6 0.0 0.36953800000000003 3.683910957339879e-05 0.4119522 0.0020693837034259114 0.17606379999999996 0.00020636906745643923 0.03139048 7.286338120046632e-05 0.376056 0.0010293011609818238 505.60900000000004 0.20898133887331546 255954.6 211.6828949149476 1.033998 0.003460040924618499 
0.59 0.0 0.36543899999999996 8.66468695652563e-05 0.412237 0.0018154780307122124 0.1753128 0.0001875883578503901 0.03112452 6.492197409229138e-05 0.38049239999999995 0.0025475470021197977 505.7544 0.23535566279393075 256100.0 237.2681183821593 1.0464019999999998 0.007183399974942579 
0.58 0.0 0.3612678 4.302501602447836e-05 0.41560179999999997 0.0018823584865817794 0.1745154 0.00018208626527288868 0.030850179999999998 6.479219953057429e-05 0.3916312 0.0018136889126861757 506.0122 0.19601783593535588 256363.6 199.53698403718852 1.0724699999999998 0.004801302323338782 
0.57 0.0 0.35713760000000006 6.592516967274091e-05 0.4212848 0.0021342987119890885 0.1740154 0.00012815072375873884 0.030671540000000004 4.458118526861136e-05 0.394246 0.0013209649200504247 506.39480000000003 0.11955631308801064 256746.2 121.41149862719496 1.076492 0.003485795633724435 
0.56 0.0 0.352779 4.7755209160413774e-05 0.4272918 0.002478883755242072 0.17309239999999998 0.00012173236217573732 0.030357000000000002 4.241435605971271e-05 0.407268 0.0023125479627453334 506.445 0.1263566381568508 256802.4 129.16767397645697 1.114336 0.011070626576664081 
0.55 0.0 0.34861900000000007 0.00010212306296733305 0.42891979999999996 0.0034707745118356032 0.1727924 0.00021090103840274755 0.030252259999999996 7.507213917361834e-05 0.4134418 0.0030100100385206507 507.087 0.2295149668335153 257448.6 235.16438505641625 1.114516 0.011188620504781033 
0.54 0.0 0.3443484 3.129421675048749e-05 0.4355348 0.0017563798769049234 0.1722662 9.636073889160456e-05 0.030071419999999998 3.46208422778466e-05 0.42215199999999997 0.002814668335701592 507.49799999999993 0.08314324994804771 257866.4 84.7913203151918 1.139726 0.01018424885791618 
0.53 0.0 0.33984939999999997 0.00011400617530729364 0.440748 0.00201133386587233 0.17202 0.00013877492568766737 0.029993219999999998 5.046511983586624e-05 0.43722579999999994 0.0032076690652262396 508.20559999999995 0.1811438324084243 258588.4 186.72666655059913 1.171016 0.011820590712820536 
0.52 0.0 0.33557 0.00010942321508980613 0.45136339999999997 0.0019045860988688686 0.1715486 0.00018947350210733 0.029830139999999998 6.627583330299114e-05 0.44423399999999996 0.0022235946393177716 508.6184 0.1796112691522516 259007.2 184.0920204642129 1.1892939999999999 0.00799657106515271 
0.51 0.0 0.3309272 0.00011295464576259482 0.4536156 0.0032898852210975654 0.17130720000000005 0.00012122422199020949 0.0297514 4.2541095425529124e-05 0.4576016 0.003391203663597934 509.30039999999997 0.14031267942330697 259700.6 142.58796583119462 1.20717 0.009565502600488295 
0.5 0.0 0.3263064 6.50142138471623e-05 0.45739680000000005 0.002351291549763749 0.17134739999999998 0.00016942056545925715 0.0297629 5.854510739598458e-05 0.4639724 0.0013701459367519565 510.28280000000007 0.1646910804905541 260699.8 168.03580571036764 1.2193239999999999 0.002523592043110027 
0.49000000000000005 3.332000937312528e-09 0.3215728 7.0713732747076e-05 0.46810720000000006 0.0014656826777973992 0.1715846 0.00011281297797627982 0.029849720000000003 3.956242055214511e-05 0.48004879999999994 0.0028181179450137194 511.418 0.12220147298656756 261862.8 125.74940159315906 1.254698 0.011263755821215067 
0.48 0.0 0.317025 5.3146589728609596e-05 0.4786112 0.003907328206331622 0.1714434 0.00019734489605701032 0.0298048 6.99416270901065e-05 0.4941318 0.005427227449812667 512.1182 0.1957963023184775 262579.6 202.75751034600168 1.278416 0.01705657517791901 
0.4699999999999999 2.356080457693621e-09 0.312246 8.306816475612382e-05 0.4841128 0.0039082920402659285 0.17160599999999998 4.4188686347066486e-05 0.02986144 1.536631641047945e-05 0.5059818 0.005138613084481177 513.1378 0.0521730966968338 263625.0 53.575367485633755 1.304448 0.012253773100558288 
0.4600000000000001 3.332000937312528e-09 0.3071108 0.00010541779735393896 0.4992972 0.002372926469994596 0.17274219999999998 0.00014513701112963675 0.030261939999999998 5.3466779218818816e-05 0.5282926 0.004397368618616424 515.1202 0.1592616463728489 265666.8 166.19564374959643 1.339852 0.010679843594360885 
0.45 2.356080457693621e-09 0.3023588 3.422911041427081e-05 0.5093030000000001 0.0015516703000230264 0.1730126 9.004247886519164e-05 0.030359999999999998 3.132732992139364e-05 0.5460556000000001 0.0016134217452312125 516.1192 0.06697008293750474 266699.0 69.68672756981523 1.376858 0.004280607807314673 
0.44000000000000006 3.332000937312528e-09 0.297074 9.956826803219893e-05 0.5217056 0.003016980060922209 0.17413420000000002 0.00011028160317504462 0.03075302 3.8686446205616464e-05 0.5630706 0.007003465448476869 518.0152 0.10193111399713146 268656.8 106.0024150789192 1.390662 0.020250305755715722 
0.43 0.0 0.291657 0.00010246052898384866 0.5380993999999999 0.0012413425184142424 0.17557699999999998 0.00015230653302385485 0.031271480000000004 5.659830668803525e-05 0.5948344000000001 0.004496516158981643 520.1878 0.1485558211575238 270923.2 156.91613046504193 1.465728 0.013160824107936798 
0.42000000000000004 3.332000937312528e-09 0.28608400000000006 0.00010168382365380961 0.5600400000000001 0.0024048164670051227 0.177595 0.00014318351860363 0.031989840000000005 5.263618983106992e-05 0.6169141999999999 0.006372132035044016 522.8389999999999 0.1509362780261011 273686.4 158.42944170019825 1.4833900000000002 0.014297881241632579 
0.41 0.0 0.280457 9.750117946796951e-05 0.5795256 0.0016174286160443444 0.179159 0.00010863664206707606 0.032563720000000004 3.765263762245276e-05 0.6542344 0.003263639717862942 525.027 0.11559377139629298 275990.4 120.18372600658614 1.5650359999999999 0.01205710598775758 
0.4 0.0 0.27451559999999997 6.788613999674641e-05 0.605745 0.002828276492846897 0.18139319999999998 0.0001253556221340885 0.03338496 4.5576428995648526e-05 0.6930692 0.002242575151912247 527.8298000000001 0.10802792222666963 278946.8 113.57020736682122 1.62347 0.010589206958024473 
0.39 0.0 0.26822460000000004 0.00014063871442462406 0.6353913999999999 0.0022863372384728984 0.1846296 0.0002732921660049837 0.03458388 0.00010609716075401447 0.7316347999999999 0.008451854070677431 531.4116000000001 0.2266060193117479 282747.0 244.25593135195376 1.6829059999999998 0.01766039763991742 
0.38 0.0 0.26173060000000004 6.433201376606058e-05 0.6755338 0.0018129065149692053 0.18823099999999998 9.750364097083707e-05 0.0359507 3.688465263463281e-05 0.7878552 0.00687017106861394 535.3318 0.09704530901699888 286939.8 104.01092250394701 1.7698240000000003 0.018109727463432607 
0.37 0.0 0.254936 9.350208554270932e-05 0.7087322 0.0017381091427187468 0.1920722 0.0002304840818826082 0.03742702 8.937351464531112e-05 0.832893 0.007307120894032821 539.286 0.17289048560803133 291193.2 186.48718990891055 1.8230619999999997 0.01666772411579144 
0.36 0.0 0.24762720000000002 4.841933499451505e-05 0.7653793999999999 0.0036099533138310314 0.1972448 0.00017349614405067482 0.03947794 7.05657174552965e-05 0.9156264000000001 0.005778353202081829 544.3922 0.13624548431931877 296744.8 148.8431120345247 1.949492 0.009116211669332974 
0.35 0.0 0.2393894 5.5324208084369716e-05 0.8424862000000001 0.00853941843171897 0.204092 0.00016688654829114506 0.042284 7.258190959136425e-05 1.0373388000000001 0.016468983100117938 550.8014 0.1498987925136788 303793.8 167.92841332530097 2.13394 0.02954433685158746 
0.34 1.666000468656264e-09 0.23045960000000001 9.285627603377526e-05 0.9466380000000001 0.006334451104870532 0.21256219999999998 0.00019176389650377217 0.04586772 8.594722752942669e-05 1.160168 0.013998043977640876 558.3932000000001 0.14775043819596945 312241.4 166.11095085813915 2.307478 0.025764705532954776 
0.33 1.666000468656264e-09 0.22032880000000002 0.000157347360950005 1.0682719999999999 0.009852636357849514 0.2233734 0.00034891289457484665 0.05064892 0.00016395345778605867 1.3136500000000002 0.020662135223638304 567.7533999999999 0.26066784997813364 322815.6 300.33695743870754 2.514678 0.039025970880941015 
0.32 0.0 0.2088308 0.00015101613158603188 1.273758 0.005374630331476005 0.23677299999999998 0.0003292357210277918 0.05695008 0.00016084961025732408 1.5984639999999999 0.01781067917851759 578.9412 0.28755846709825944 335708.0 336.50676070474424 2.8852979999999997 0.0358354199528965 
0.31 0.0 0.194591 0.00018082433464555275 1.63493 0.027800268631794637 0.25606039999999997 0.00047189368294627096 0.0666854 0.00025354030212145894 2.076208 0.04675765985590061 594.4126 0.3537344314850997 353978.4 427.03335700789995 3.5345260000000005 0.0811176043334556 
0.3 0.0 0.1745346 9.371983780844567e-05 2.435886 0.03251901383498754 0.2874662 0.000281397569276138 0.08420646 0.00014155285825433794 3.013018 0.046265126858139806 618.5980000000001 0.21020390095419908 383534.0 246.9806470200477 4.691112 0.08323924038096486 
0.29 0.0 0.10179268 0.005444154004390382 37.22992000000001 4.148370818757631 0.414004 0.00917197821192382 0.1878056 0.009275072521980702 31.750739999999997 3.1149141970333676 708.0232 6.205705828671223 508853.4 9522.592489863084 35.73768 2.994410817426367 
0.28 0.0 -0.15972979999999998 0.00040237508869527477 6.553438 0.09830710726697216 0.7955656 0.000422404318164417 0.6339967999999999 0.000674699067746783 2.203794 0.028463847189026916 954.3996 0.2560391532945482 911251.2 489.28882268242455 1.3922560000000002 0.017598662585548264 
0.27 0.0 -0.2125516 0.00034895209986413126 4.456906 0.03913276372554434 0.8442774 0.000347890741505529 0.7133588 0.0005857746597519603 1.182306 0.011901566149039887 981.1878 0.1977281770333911 962919.6 387.5391696432923 0.7184139999999999 0.006708016785907441 
0.26 0.0 -0.2515532 8.052000992402042e-05 3.504394 0.015252955805333583 0.8760314000000001 0.00010358169711047722 0.7677864000000001 0.00017913829279654414 0.787946 0.0053339896362846455 997.9028000000001 0.04709428838443945 995936.6 93.5374150939662 0.4865518 0.003300915477865054 
0.25 0.0 -0.2845048 9.971776169948259e-05 2.9782159999999998 0.03254254035567077 0.9002082000000001 9.083409036919992e-05 0.8106264 0.00016259682655824425 0.5805083999999999 0.004656653369964697 1010.374 0.060305887016326665 1020956.0 120.65156443245981 0.3782742 0.0031391663530294903 
0.24 0.0 -0.3125062 9.828017092931928e-05 2.702778 0.014323729793596128 0.9190935999999998 7.133448006430259e-05 0.8449242 0.0001310677381222689 0.4588528 0.0004871267104191333 1019.9300000000001 0.04664761481911675 1040338.0 97.29953751174772 0.3225956 0.0016530158039182248 
0.23000000000000004 1.666000468656264e-09 -0.3382382 8.782090866355352e-05 2.4137899999999997 0.01707847299966719 0.935077 7.094279371041555e-05 0.8745112 0.00013234421781890368 0.35702500000000004 0.001994450039484635 1028.054 0.03779947005644226 1056964.0 76.55586195713559 0.2791612 0.0012726611300718387 
0.22000000000000003 1.666000468656264e-09 -0.3611934 5.490544596454333e-05 2.184964 0.01185343346040399 0.9482516000000001 3.679739040255929e-05 0.8992889999999999 6.948150857252975e-05 0.28362319999999996 0.0008079242241738372 1034.782 0.026442390503036765 1070832.0 55.38230764422877 0.24915499999999996 0.0012871495639600672 
0.21000000000000002 1.666000468656264e-09 -0.3822706 5.290111533585931e-05 2.019452 0.00748377947297759 0.959261 3.77497016532795e-05 0.9202642000000001 7.228576594481097e-05 0.2250642 0.0004625149857040051 1040.548 0.03692153837302361 1082790.0 75.41883053985921 0.2291664 0.00046428961651060087 
0.2 0.0 -0.40149920000000006 7.840887699706981e-05 1.86188 0.014107764387035508 0.9683864 3.904930249856829e-05 0.9378342 7.593860682538003e-05 0.1783578 0.00042383594939514156 1045.4900000000002 0.035888715990519494 1093096.0 74.27516408598503 0.21421800000000002 0.0008143980353601804 
0.19 0.0 -0.4194254 2.433039256556897e-05 1.721174 0.011679557046390223 0.9760249999999999 1.7502000279931175e-05 0.9526711999999999 3.397693392365398e-05 0.1385692 0.0007273146994247391 1049.754 0.012837446948251056 1102018.0 25.674890457409937 0.205248 0.0011354915059124282 
0.18 0.0 -0.4358478 5.232314982008277e-05 1.591898 0.004426327958938882 0.9822582000000001 1.6298220242599354e-05 0.9648644 3.212799380216035e-05 0.10580800000000001 0.00029685457719237353 1053.556 0.023933241128853196 1110020.0 48.662100242385755 0.19617179999999995 0.0011024046952019103 
0.17 8.33000234328132e-10 -0.4512436 3.123280311442592e-05 1.463756 0.0077781275895956745 0.9872582000000001 1.8344261485079163e-05 0.9747024 3.631814992428007e-05 0.0788513 0.00025821261936620997 1056.89 0.02332380753434002 1117054.0 48.04997398542479 0.18803399999999998 0.0005417211828983485 
0.16 0.0 -0.4654598 2.0531731646766888e-05 1.3728159999999998 0.004147803852652117 0.991164 1.5315351567966283e-05 0.982422 3.0162227677385368e-05 0.057666779999999994 0.0004176193457207222 1059.8700000000001 0.010954448222092296 1123352.0 24.72245942457991 0.1846562 0.0007439232433535632 
0.15 0.0 -0.4786332 1.6647882788778986e-05 1.290014 0.004084414866296056 0.9941210000000001 7.55247976102069e-06 0.9882868000000002 1.503169656537267e-05 0.040490139999999994 0.00016803642129035944 1062.4540000000002 0.019718011570206147 1128834.0 39.95997997997496 0.1787448 0.0005917246251413586 
0.14 0.0 -0.49118700000000004 2.139719593065818e-05 1.2235939999999998 0.009127219335594709 0.9963034000000001 7.203331368145894e-06 0.992627 1.4568458434079467e-05 0.027117460000000003 0.0001869339104602902 1064.8300000000002 0.01469693579572983 1133886.0 33.775730932135275 0.17545580000000002 0.00035659808187718376 
0.13 0.0 -0.5030454 2.5865189049186642e-05 1.1556520000000001 0.005663791239088438 0.9978398 4.642416055229422e-06 0.9956882 9.223446844286997e-06 0.01676252 0.00012026698765662644 1066.966 0.01734358830419549 1138440.0 37.94733192202055 0.17464619999999997 0.00038871247986183537 
0.12 0.0 -0.5143532000000001 1.2014658052752513e-05 1.108166 0.003247461285376025 0.9988284000000001 2.165170000346557e-06 0.9976604 4.49532989181447e-06 0.009740948000000001 4.27069710842713e-05 1068.94 0.014966628969135028 1142654.0 33.775730932135275 0.1712928 0.0010410840657701372 
0.11000000000000001 8.33000234328132e-10 -0.5252855999999999 9.610828493960178e-06 1.0790659999999999 0.0020463579354733233 0.9994337999999999 4.131831636989096e-06 0.9988692 8.066722658149422e-06 0.005190788 3.686721160055829e-05 1070.8039999999999 0.008294580050602716 1146642.0 18.633303518163384 0.17029660000000002 0.0004893388682691124 
0.1 0.0 -0.5359492 2.095977094079781e-05 1.046368 0.004402513282206752 0.9997638 1.245794112437524e-06 0.9995286 2.491588224875048e-06 0.002367194 1.5404849262491017e-05 1072.5639999999999 0.012198361178843818 1150416.0 25.5499510762741 0.1704544 0.0010230770293583452 
0.09 0.0 -0.5463206 2.1724824464583468e-05 1.0366019999999998 0.004351036106500531 0.9999202 1.1798106709782024e-06 0.9998404000000001 2.1651648726921967e-06 0.0008810346 1.1847759088029969e-05 1074.2779999999998 0.016099691440068148 1154092.0 34.80229877464993 0.16989800000000002 0.00043042165372829253 
0.08 0.0 -0.556646 1.6012495159425237e-05 1.035638 0.002674759652753781 0.9999792 7.69425321685684e-07 0.9999584 1.2837330909626803e-06 0.0002601134 7.334993663800915e-06 1075.954 0.0175727067650125 1157692.0 36.155220923125334 0.1697102 0.0005930052546139294 
0.07 0.0 -0.566867 5.8309521360728564e-06 1.0125806 0.004610957068556758 0.999996 4.0000667783048013e-07 0.9999922 5.215406417846679e-07 5.5180759999999996e-05 4.125642186869848e-06 1077.6019999999999 0.012457931777878762 1161238.0 25.203174403237384 0.16775840000000003 0.000312304927911903 
0.06 0.0 -0.5770384 1.018862142957132e-05 1.0135979999999998 0.003095831261566812 0.9999993999999999 2.1915348056849172e-07 0.9999988 3.346961355986625e-07 8.677144e-06 2.164186931568713e-06 1079.248 0.006572670917002651 1164784.0 13.740451229854134 0.1690182 0.0003133728003512583 
0.05 0.0 -0.5871761999999999 1.0266061432482461e-05 1.0132100000000002 0.0025529810026490903 1.0 0.0 1.0 0.0 0.0 0.0 1080.8719999999998 0.005932961756114982 1168292.0 14.25482374496437 0.16806480000000001 0.00021707536018569223 
0.04 0.0 -0.5973086000000001 3.1572128685921333e-06 1.011768 0.004864106413307803 1.0 0.0 1.0 0.0 0.0 0.0 1082.498 0.005932953907394318 1171812.0 13.386560424545207 0.1667718 0.0006171913414811312 
0.03 0.0 -0.6074020000000001 3.382304287730929e-06 1.0017548 0.004714112959187846 1.0 0.0 1.0 0.0 0.0 0.0 1084.136 0.007266362880851746 1175354.0 13.145341380123986 0.1663034 0.00048691786576426785 
0.02 0.0 -0.6174592000000001 4.122133621845429e-06 1.0040868 0.004173581094450717 1.0 0.0 1.0 0.0 0.0 0.0 1085.758 0.004381781201735946 1178880.0 10.198039027185569 0.166797 0.0004679880340349126 
0.01 0.0 -0.6274948 1.368207385867165e-06 0.9965704000000001 0.003078421681313615 1.0 0.0 1.0 0.0 0.0 0.0 1087.384 0.004560703748663786 1182406.0 7.26636084983398 0.1674028 0.0004433298907128987 
