1 0.24123 0.45234 0.470569 0.22194 0.290928 539.79 291586 0.394745
0.99 0.236378 0.460475 0.471897 0.223188 0.291729 540.876 292756 0.391909
0.98 0.231958 0.472133 0.473249 0.224466 0.294648 541.691 293642 0.401663
0.97 0.226265 0.483216 0.474994 0.226121 0.297581 543.208 295284 0.396822
0.96 0.222982 0.48157 0.475867 0.226947 0.298584 543.817 295942 0.393542
0.95 0.217151 0.495103 0.477892 0.22888 0.302913 545.15 297395 0.398436
0.94 0.211873 0.513287 0.47959 0.230512 0.309882 546.502 298872 0.402361
0.93 0.206624 0.50973 0.481111 0.23197 0.310811 547.487 299949 0.405305
0.92 0.201628 0.530129 0.482933 0.233726 0.314301 548.679 301254 0.408099
0.91 0.19692 0.551207 0.484349 0.235104 0.323015 549.906 302601 0.408292
0.9 0.190972 0.551978 0.486439 0.237134 0.327172 551.195 304020 0.412344
0.89 0.18538 0.566661 0.488293 0.238945 0.332816 552.495 305455 0.415186
0.88 0.179321 0.573452 0.490471 0.241089 0.345427 553.973 307093 0.424663
0.87 0.17345 0.603577 0.492646 0.243224 0.346866 555.39 308663 0.425049
0.86 0.168541 0.59973 0.494235 0.244783 0.344758 556.35 309727 0.422048
0.85 0.161231 0.631329 0.497187 0.247714 0.351566 558.378 311994 0.436807
0.84 0.15599 0.6403 0.499107 0.249625 0.354482 559.389 313116 0.425233
0.83 0.148296 0.644722 0.501803 0.252328 0.361964 561.352 315313 0.422808
0.82 0.142047 0.678748 0.50457 0.255103 0.359649 563.024 317192 0.42575
0.81 0.135335 0.707726 0.507162 0.257736 0.371834 564.707 319089 0.426724
0.8 0.12921 0.718576 0.50957 0.260183 0.3758 566.226 320810 0.438891
0.79 0.121467 0.731221 0.512721 0.263409 0.383229 568.302 323164 0.439355
0.78 0.113948 0.726482 0.515821 0.266586 0.379853 570.027 325122 0.428735
0.77 0.106953 0.762907 0.518771 0.269656 0.398211 571.952 327327 0.448111
0.76 0.0984399 0.785314 0.522451 0.273489 0.404881 574.087 329771 0.447403
0.75 0.0903316 0.827006 0.526272 0.277503 0.415358 576.38 332411 0.456901
0.74 0.0821032 0.863626 0.530079 0.281512 0.410732 578.777 335179 0.45734
0.73 0.0735124 0.875796 0.534114 0.285823 0.429807 581.066 337831 0.453477
0.72 0.06521 0.884816 0.537652 0.289603 0.42683 583.16 340265 0.451384
0.71 0.0558419 0.964266 0.541912 0.294209 0.437952 585.469 342970 0.471917
0.7 0.0442877 0.982512 0.547588 0.300392 0.444066 589.129 347264 0.460794
0.69 0.0352727 1.01332 0.551815 0.30505 0.458876 591.332 349867 0.473957
0.68 0.0252165 1.03429 0.556732 0.310493 0.459883 594.144 353198 0.472341
0.67 0.0132988 1.10231 0.5627 0.317183 0.474613 597.663 357390 0.472759
0.66 0.00267792 1.16224 0.567898 0.323056 0.477408 600.566 360871 0.48488
0.65 -0.0094579 1.24049 0.573954 0.329981 0.494807 603.919 364910 0.488162
0.64 -0.0208224 1.26334 0.579691 0.33659 0.493506 606.975 368611 0.496274
0.63 -0.0356768 1.31491 0.587499 0.345712 0.509258 611.648 374305 0.498035
0.62 -0.0477822 1.36885 0.593621 0.35294 0.514942 614.767 378121 0.479904
0.61 -0.0621659 1.48604 0.601229 0.362032 0.525168 619.188 383585 0.506907
0.6 -0.0778553 1.5354 0.609284 0.371787 0.537153 623.597 389062 0.50499
0.59 -0.0946568 1.58415 0.618102 0.382607 0.543666 628.381 395050 0.504457
0.58 -0.109795 1.71157 0.62627 0.39277 0.551451 632.733 400539 0.511189
0.57 -0.127415 1.74363 0.63543 0.404322 0.556671 637.788 406955 0.499518
0.56 -0.146319 1.90052 0.645629 0.417396 0.575626 643.276 413988 0.510695
0.55 -0.166347 1.98669 0.656179 0.431117 0.571767 649.087 421496 0.509798
0.54 -0.185951 2.12657 0.666534 0.444814 0.582902 654.483 428527 0.505199
0.53 -0.206412 2.16028 0.677502 0.459545 0.582106 660.29 436156 0.493324
0.52 -0.230423 2.3051 0.690178 0.476879 0.591128 667.153 445270 0.508272
0.51 -0.25248 2.44341 0.701768 0.492997 0.585802 672.992 453088 0.49138
0.5 -0.278631 2.57154 0.715483 0.512432 0.59364 680.143 462763 0.494616
0.49 -0.30414 2.65134 0.728763 0.531597 0.590526 687.137 472321 0.486388
0.48 -0.332985 2.77482 0.74373 0.553623 0.586364 695.031 483228 0.478958
0.47 -0.359826 2.83975 0.757493 0.574257 0.565641 702.121 493125 0.459152
0.46 -0.389337 2.94404 0.772238 0.596793 0.552591 709.758 503905 0.454904
0.45 -0.419923 2.93894 0.787253 0.620179 0.526606 717.498 514941 0.427826
0.44 -0.449001 3.08858 0.80152 0.642832 0.520522 724.755 525402 0.415282
0.43 -0.480075 3.13752 0.816482 0.667018 0.504236 732.33 536434 0.404937
0.42 -0.510632 2.99635 0.830716 0.690424 0.458665 739.513 546997 0.376718
0.41 -0.54117 3.01334 0.844929 0.714213 0.432505 746.769 557775 0.363108
0.4 -0.570597 3.0835 0.858345 0.737044 0.414348 753.366 567663 0.340907
0.39 -0.599926 2.90485 0.871311 0.759436 0.374654 759.743 577303 0.318621
0.38 -0.628693 2.81498 0.883727 0.781199 0.34336 765.904 586696 0.299324
0.37 -0.656467 2.6642 0.895394 0.801927 0.306247 771.608 595460 0.284209
0.36 -0.682636 2.58306 0.906224 0.821418 0.282533 777.004 603810 0.269726
0.35 -0.708367 2.5139 0.916481 0.840093 0.255614 782.031 611644 0.260013
0.34 -0.732944 2.40486 0.926197 0.857978 0.23269 786.882 619249 0.244382
0.33 -0.757042 2.38724 0.93506 0.874458 0.211377 791.319 626248 0.236739
0.32 -0.779518 2.18633 0.94321 0.889749 0.18807 795.388 632699 0.225237
0.31 -0.801433 2.10838 0.950801 0.904112 0.16727 799.441 639162 0.221859
0.3 -0.82229 2.03759 0.957727 0.91732 0.149391 803.033 644913 0.212196
0.29 -0.841901 1.97727 0.963861 0.929094 0.129622 806.494 650482 0.208703
0.28 -0.861157 1.81155 0.969611 0.940199 0.110829 809.829 655867 0.198247
0.27 -0.879057 1.74727 0.974616 0.949922 0.0965646 812.786 660664 0.197849
0.26 -0.896016 1.70153 0.979092 0.958658 0.0829353 815.644 665317 0.193895
0.25 -0.912639 1.59167 0.983094 0.966504 0.0682139 818.35 669735 0.187759
0.24 -0.928005 1.57144 0.98641 0.973028 0.0581644 820.905 673923 0.189759
0.23 -0.943013 1.49458 0.989311 0.978756 0.0478825 823.307 677870 0.186482
0.22 -0.957424 1.42016 0.991888 0.983855 0.036963 825.619 681679 0.179744
0.21 -0.970774 1.35432 0.993855 0.987758 0.029758 827.686 685096 0.18169
0.2 -0.983984 1.26797 0.995572 0.991171 0.0225662 829.89 688747 0.17701
0.19 -0.996552 1.21795 0.99684 0.993695 0.0167877 831.885 692061 0.176535
0.18 -1.00865 1.20961 0.997878 0.995765 0.0119818 833.815 695274 0.177687
0.17 -1.02026 1.15349 0.998615 0.997235 0.00818428 835.725 698462 0.174707
0.16 -1.03155 1.12253 0.999158 0.998318 0.00526993 837.5 701430 0.174528
0.15 -1.04276 1.09775 0.999505 0.999012 0.00333304 839.353 704535 0.173579
0.14 -1.05356 1.07155 0.99974 0.999481 0.00187357 841.08 707437 0.175454
0.13 -1.06424 1.05829 0.999871 0.999743 0.000996383 842.862 710436 0.171362
0.12 -1.07491 1.05461 0.999943 0.999885 0.000479712 844.547 713276 0.168729
0.11 -1.08538 1.03809 0.999979 0.999959 0.000186351 846.175 716029 0.172107
0.1 -1.09567 1.04366 0.999994 0.999988 6.2275e-05 847.908 718963 0.169764
0.09 -1.10611 1.03195 0.999998 0.999997 1.83082e-05 849.602 721837 0.171057
0.08 -1.11641 1.04073 1 0.999999 3.25472e-06 851.244 724628 0.173468
0.07 -1.12668 1.00444 1 1 0 852.91 727465 0.170247
0.06 -1.13692 1.02669 1 1 0 854.587 730327 0.169109
0.05 -1.14709 1.01335 1 1 0 856.224 733127 0.168995
0.04 -1.15724 1.01332 1 1 0 857.893 735987 0.168498
0.03 -1.16737 1.01522 1 1 0 859.491 738730 0.172047
0.02 -1.17745 1.00569 1 1 0 861.124 741537 0.170349
0.01 -1.1875 1.00842 1 1 0 862.758 744353 0.164723
