1 0.386208 0.506929 0.307762 0.0954736 0.435587 644.836 416500 1.06502
0.99 0.380103 0.515006 0.308776 0.0960676 0.421772 645.95 417905 1.02254
0.98 0.375394 0.524557 0.310498 0.0971519 0.436518 647.792 420299 1.04717
0.97 0.370386 0.523826 0.311892 0.0980291 0.446798 649.256 422208 1.07045
0.96 0.364481 0.528051 0.31384 0.0992517 0.45355 651.511 425149 1.08996
0.95 0.359259 0.560526 0.315276 0.100158 0.460238 652.946 427015 1.09046
0.94 0.354042 0.571346 0.315914 0.100603 0.491084 653.596 427903 1.16492
0.93 0.347788 0.586211 0.318433 0.102207 0.500458 656.37 431537 1.17144
0.92 0.341146 0.581676 0.321595 0.104228 0.503391 659.436 435555 1.1521
0.91 0.335429 0.625999 0.322853 0.105061 0.523497 660.847 437441 1.20009
0.9 0.327712 0.626909 0.327319 0.107964 0.528936 665.244 443256 1.18039
0.89 0.322776 0.663712 0.327362 0.107986 0.530672 665.278 443303 1.19591
0.88 0.316426 0.67618 0.331009 0.110414 0.554612 668.7 447879 1.22305
0.87 0.309664 0.707081 0.332627 0.111513 0.577374 670.571 450410 1.27549
0.86 0.302019 0.743767 0.337368 0.114708 0.596329 674.927 456284 1.30365
0.85 0.294273 0.799552 0.340183 0.116669 0.640284 677.56 459892 1.39718
0.84 0.286873 0.801592 0.343628 0.119014 0.640159 681.075 464655 1.38367
0.83 0.27861 0.851157 0.348766 0.122626 0.686008 685.929 471327 1.45449
0.82 0.269259 0.91617 0.354111 0.126382 0.694034 691.043 478354 1.43653
0.81 0.26145 0.971626 0.357063 0.12854 0.744045 693.685 482074 1.55889
0.8 0.252602 0.969451 0.362039 0.13207 0.718454 698.246 488355 1.44685
0.79 0.240141 1.09386 0.370457 0.138321 0.789321 705.889 499153 1.56736
0.78 0.23053 1.11897 0.375722 0.142262 0.809067 710.528 505738 1.60194
0.77 0.217419 1.22598 0.384499 0.148991 0.861993 718.836 517654 1.67721
0.76 0.203395 1.44727 0.394493 0.156901 0.96767 727.631 530469 1.84954
0.75 0.190677 1.50213 0.401938 0.162831 0.980986 734.111 539929 1.83479
0.74 0.174472 1.68572 0.412729 0.171675 1.03497 743.752 554206 1.88904
0.73 0.158693 1.7978 0.423281 0.180535 1.07961 753.078 568187 1.92806
0.72 0.13712 2.17928 0.438707 0.193988 1.21904 766.672 588952 2.11307
0.71 0.114539 2.30501 0.454903 0.208422 1.20523 780.622 610485 2.01016
0.7 0.0895963 2.94943 0.471353 0.223973 1.48044 794.914 633250 2.44774
0.69 0.053498 3.24704 0.497787 0.249522 1.44373 817.694 669890 2.2432
0.68 0.0247776 3.64564 0.516424 0.268453 1.49044 833.102 695342 2.26561
0.67 -0.0219779 5.30569 0.54722 0.301746 1.97329 859.168 739839 2.9004
0.66 -0.077899 5.76032 0.584332 0.343527 1.81836 890.451 794376 2.50692
0.65 -0.139186 6.48214 0.621551 0.388365 1.80658 921.075 849796 2.3673
0.64 -0.202162 7.0323 0.657919 0.434735 1.69047 950.932 905562 2.11964
0.63 -0.272807 6.50303 0.696517 0.48662 1.35657 982.082 965482 1.61288
0.62 -0.347507 7.10844 0.734551 0.540949 1.28561 1012.86 1.02681e+06 1.47071
0.61 -0.415809 5.97635 0.767192 0.589581 0.941273 1038.58 1.07931e+06 1.02894
0.6 -0.474408 5.59971 0.793121 0.629839 0.765653 1058.81 1.1216e+06 0.832221
0.59 -0.528049 5.24737 0.815634 0.665931 0.655852 1076.29 1.15884e+06 0.694546
0.58 -0.57597 4.76657 0.83452 0.696982 0.554749 1090.48 1.18952e+06 0.591292
0.57 -0.622025 4.39065 0.852091 0.726521 0.466055 1103.76 1.21861e+06 0.502945
0.56 -0.662161 4.09858 0.866287 0.750851 0.409781 1114.33 1.242e+06 0.435589
0.55 -0.701848 3.71074 0.880204 0.775089 0.344943 1124.65 1.26506e+06 0.369958
0.54 -0.737765 3.49134 0.892224 0.796341 0.295141 1133.57 1.28518e+06 0.333293
0.53 -0.769772 3.30717 0.902338 0.814457 0.263139 1140.87 1.30177e+06 0.302693
0.52 -0.799764 2.95729 0.911518 0.831073 0.230303 1147.49 1.3169e+06 0.269996
0.51 -0.830343 2.78051 0.920626 0.847732 0.202307 1154.21 1.33236e+06 0.254759
0.5 -0.857427 2.60679 0.928242 0.861791 0.182146 1159.81 1.3453e+06 0.237568
0.49 -0.88345 2.5333 0.935373 0.875062 0.163988 1164.98 1.3573e+06 0.225197
0.48 -0.90835 2.51207 0.942034 0.887554 0.150738 1169.85 1.36867e+06 0.214359
0.47 -0.93203 2.38271 0.947969 0.898754 0.133961 1174.41 1.37936e+06 0.203173
0.46 -0.956151 2.22314 0.953816 0.909859 0.117669 1179.05 1.39026e+06 0.191677
0.45 -0.976789 2.13284 0.958639 0.919071 0.105235 1182.48 1.39836e+06 0.185994
0.44 -0.998061 2.03188 0.963516 0.928434 0.0922014 1186.33 1.40747e+06 0.178364
0.43 -1.01848 1.93029 0.967729 0.936561 0.0821682 1189.89 1.41593e+06 0.17626
0.42 -1.0378 1.87578 0.971623 0.944106 0.0742704 1193.02 1.42339e+06 0.17012
0.41 -1.05568 1.78712 0.975096 0.950858 0.0651529 1195.9 1.43026e+06 0.163726
0.4 -1.07356 1.7302 0.978265 0.957042 0.0577484 1198.91 1.43747e+06 0.1624
0.39 -1.0901 1.69458 0.981108 0.962608 0.0511759 1201.42 1.44349e+06 0.157749
0.38 -1.1065 1.6165 0.983785 0.967863 0.0447461 1204.02 1.44974e+06 0.153078
0.37 -1.12254 1.53923 0.98612 0.972457 0.0388275 1206.44 1.45557e+06 0.15076
0.36 -1.13792 1.5111 0.988231 0.976622 0.0345213 1208.62 1.46084e+06 0.148347
0.35 -1.15261 1.42592 0.990103 0.980323 0.0293831 1210.93 1.46641e+06 0.150119
0.34 -1.16681 1.40369 0.991727 0.983537 0.0248866 1213.02 1.47147e+06 0.144763
0.33 -1.18043 1.33755 0.993208 0.986473 0.0209524 1214.84 1.4759e+06 0.147329
0.32 -1.19374 1.33038 0.994417 0.988875 0.0177631 1216.74 1.48052e+06 0.146812
0.31 -1.20687 1.29222 0.995534 0.991096 0.0146766 1218.59 1.48503e+06 0.143454
0.3 -1.21949 1.22513 0.99639 0.9928 0.0122903 1220.35 1.48932e+06 0.143139
0.29 -1.23141 1.21167 0.997159 0.994331 0.0101968 1221.83 1.49292e+06 0.141075
0.28 -1.24348 1.18568 0.997824 0.995656 0.00774422 1223.54 1.4971e+06 0.139516
0.27 -1.25525 1.14255 0.998357 0.996719 0.00619173 1225.21 1.50118e+06 0.140918
0.26 -1.26701 1.1427 0.998807 0.997617 0.00459427 1226.72 1.50489e+06 0.138433
0.25 -1.27783 1.10481 0.99914 0.998283 0.00348595 1228.16 1.50841e+06 0.140666
0.24 -1.28905 1.0834 0.9994 0.998802 0.00253761 1229.62 1.512e+06 0.13972
0.23 -1.30001 1.0885 0.999579 0.999159 0.00185267 1231.1 1.51565e+06 0.136931
0.22 -1.31071 1.05601 0.99971 0.999421 0.00132558 1232.46 1.519e+06 0.138459
0.21 -1.32124 1.06579 0.99982 0.999641 0.000856551 1233.91 1.52257e+06 0.135106
0.2 -1.33198 1.05191 0.999894 0.999789 0.000533778 1235.19 1.52574e+06 0.136907
0.19 -1.34243 1.05111 0.999935 0.999871 0.000343224 1236.64 1.52931e+06 0.135568
0.18 -1.35275 1.03822 0.999964 0.999928 0.000200302 1238.05 1.53279e+06 0.136819
0.17 -1.36328 1.03584 0.999981 0.999962 0.000113143 1239.34 1.536e+06 0.137838
0.16 -1.37346 1.03961 0.999991 0.999983 5.34451e-05 1240.61 1.53914e+06 0.136536
0.15 -1.38393 1.0316 0.999997 0.999993 2.31019e-05 1241.98 1.54255e+06 0.136414
0.14 -1.39421 1.02458 0.999999 0.999998 6.1973e-06 1243.29 1.5458e+06 0.136351
0.13 -1.40444 1.02869 0.999999 0.999999 4.00521e-06 1244.62 1.5491e+06 0.135747
0.12 -1.41472 1.01768 1 1 7.23343e-07 1246 1.55255e+06 0.134749
0.11 -1.4249 1.03145 1 1 1.57812e-06 1247.25 1.55565e+06 0.135004
0.1 -1.4351 1.03002 1 1 0 1248.6 1.55901e+06 0.135804
0.09 -1.44531 1.01238 1 1 0 1249.92 1.56231e+06 0.135086
0.08 -1.45548 1.01574 1 1 0 1251.25 1.56565e+06 0.134979
0.07 -1.46553 1.02493 1 1 0 1252.55 1.56891e+06 0.134795
0.06 -1.47571 1.01851 1 1 0 1253.91 1.57229e+06 0.135113
0.05 -1.48583 1.01857 1 1 0 1255.19 1.57552e+06 0.133411
0.04 -1.49589 1.01038 1 1 0 1256.48 1.57875e+06 0.136549
0.03 -1.50594 1.00123 1 1 0 1257.81 1.58209e+06 0.131291
0.02 -1.51598 0.99831 1 1 0 1259.1 1.58533e+06 0.132274
0.01 -1.526 0.988409 1 1 0 1260.38 1.58857e+06 0.130436
