2 -0.822202 0.90052 0.998167 0.996341 0.00720276 114.154 13034.9 0.131907
1.99 -0.81191 0.923449 0.998095 0.996197 0.00758925 114.131 13029.8 0.133689
1.98 -0.802017 0.901557 0.99804 0.996087 0.00793184 114.141 13032 0.132058
1.97 -0.792012 0.921935 0.99795 0.995907 0.00817388 114.183 13041.6 0.132415
1.96 -0.781967 0.927653 0.997895 0.995797 0.00844763 114.179 13040.5 0.131724
1.95 -0.771783 0.92859 0.997776 0.995561 0.00904079 114.177 13040.2 0.133933
1.94 -0.761584 0.931759 0.997687 0.995384 0.00917461 114.201 13045.5 0.13059
1.93 -0.751437 0.938074 0.997608 0.995227 0.00965351 114.175 13039.6 0.1321
1.92 -0.741447 0.932773 0.997515 0.995041 0.00989759 114.179 13040.6 0.130695
1.91 -0.731128 0.93948 0.997362 0.994736 0.0105321 114.177 13040.3 0.13418
1.9 -0.721125 0.918007 0.997285 0.994583 0.0109525 114.186 13042.3 0.133689
1.89 -0.710787 0.947464 0.997174 0.99436 0.0114189 114.198 13045 0.133994
1.88 -0.700881 0.943726 0.997071 0.994155 0.0118085 114.238 13054.2 0.130803
1.87 -0.690548 0.941862 0.996923 0.99386 0.0126173 114.228 13051.7 0.130861
1.86 -0.680538 0.937146 0.996785 0.993586 0.012903 114.241 13054.7 0.131985
1.85 -0.670177 0.948347 0.996685 0.993388 0.0131775 114.208 13047.2 0.133056
1.84 -0.660143 0.948706 0.996535 0.993088 0.013844 114.228 13051.8 0.134907
1.83 -0.649939 0.967051 0.996409 0.992837 0.0147891 114.245 13055.6 0.13362
1.82 -0.639826 0.944743 0.996256 0.992532 0.0152297 114.252 13057.3 0.132841
1.81 -0.629717 0.963054 0.996093 0.992209 0.0156314 114.287 13065.2 0.132549
1.8 -0.619501 0.965108 0.995947 0.991918 0.0164563 114.28 13063.6 0.131824
1.79 -0.609174 0.965827 0.99579 0.991605 0.017049 114.286 13065.1 0.131283
1.78 -0.598882 0.986108 0.99558 0.991187 0.0177867 114.276 13062.8 0.133705
1.77 -0.588856 0.9772 0.995423 0.990874 0.0182275 114.325 13074 0.13443
1.76 -0.578485 0.994818 0.99521 0.990452 0.019171 114.33 13075.2 0.134973
1.75 -0.568287 0.970425 0.995019 0.990073 0.0203812 114.344 13078.4 0.133293
1.74 -0.558233 0.99618 0.994825 0.989686 0.0210342 114.352 13080.2 0.134883
1.73 -0.547913 0.987497 0.994596 0.98923 0.0214116 114.348 13079.3 0.133952
1.72 -0.5376 0.972307 0.994356 0.988754 0.0228305 114.368 13083.9 0.135951
1.71 -0.527358 1.01216 0.994108 0.988262 0.0236422 114.383 13087.2 0.134291
1.7 -0.517124 1.00833 0.993858 0.987765 0.0248783 114.396 13090.2 0.134669
1.69 -0.506921 1.02367 0.993657 0.987366 0.0263912 114.412 13094 0.1333
1.68 -0.496697 1.02829 0.99339 0.986835 0.0269743 114.437 13099.7 0.134215
1.67 -0.48643 1.02309 0.993161 0.986381 0.0279965 114.448 13102.3 0.135978
1.66 -0.47599 1.00968 0.992785 0.985635 0.0291006 114.457 13104.4 0.134988
1.65 -0.465856 1.02393 0.992601 0.985269 0.030554 114.479 13109.3 0.134011
1.64 -0.455368 1.01819 0.992252 0.984578 0.0304278 114.503 13114.9 0.13314
1.63 -0.444868 1.02411 0.991852 0.983784 0.0330858 114.499 13113.9 0.134818
1.62 -0.434707 1.04518 0.991592 0.983269 0.034354 114.52 13118.8 0.134953
1.61 -0.424301 1.05155 0.991181 0.982456 0.0360459 114.563 13128.6 0.135596
1.6 -0.413889 1.03305 0.990823 0.981746 0.0373321 114.59 13134.6 0.133965
1.59 -0.403572 1.0648 0.990474 0.981056 0.0388169 114.586 13133.8 0.135586
1.58 -0.393369 1.0619 0.990126 0.980367 0.0400964 114.648 13148.1 0.134537
1.57 -0.382757 1.07163 0.989634 0.979394 0.042926 114.631 13144.2 0.135514
1.56 -0.372371 1.07293 0.989183 0.978502 0.0439976 114.673 13153.8 0.135819
1.55 -0.361957 1.09286 0.988731 0.97761 0.0458605 114.719 13164.4 0.13562
1.54 -0.351573 1.08042 0.988332 0.976821 0.047533 114.707 13161.6 0.135995
1.53 -0.341145 1.07347 0.987803 0.975775 0.0496638 114.765 13174.8 0.134101
1.52 -0.33047 1.07997 0.987244 0.974673 0.0529115 114.783 13179.1 0.136398
1.51 -0.320141 1.1152 0.986738 0.973675 0.0552393 114.821 13187.8 0.134294
1.5 -0.309779 1.1234 0.986241 0.972696 0.0563457 114.825 13188.7 0.136138
1.49 -0.299048 1.12161 0.985651 0.971533 0.0585187 114.86 13196.7 0.13634
1.48 -0.288688 1.12209 0.985057 0.970364 0.0611121 114.919 13210.4 0.138511
1.47 -0.278404 1.12534 0.984398 0.969068 0.0644293 115.002 13229.5 0.139618
1.46 -0.26762 1.14016 0.983754 0.967801 0.0681619 115.015 13232.4 0.137558
1.45 -0.256987 1.17051 0.98297 0.966262 0.0722472 115.059 13242.6 0.138192
1.44 -0.246561 1.16302 0.982347 0.965038 0.0741179 115.114 13255.2 0.13956
1.43 -0.235895 1.14875 0.981596 0.963564 0.0765143 115.121 13256.8 0.137196
1.42 -0.225254 1.17515 0.980786 0.961976 0.0814322 115.207 13276.7 0.142419
1.41 -0.214687 1.1874 0.979964 0.960366 0.0841629 115.245 13285.4 0.138445
1.4 -0.203829 1.17282 0.979077 0.958629 0.086715 115.294 13296.8 0.140881
1.39 -0.193238 1.20215 0.97826 0.957033 0.0934813 115.344 13308.4 0.143451
1.38 -0.182648 1.19567 0.977267 0.955092 0.0959662 115.42 13326 0.143737
1.37 -0.171977 1.19506 0.976383 0.953367 0.0989857 115.446 13331.9 0.140566
1.36 -0.161113 1.19081 0.975376 0.951403 0.102339 115.499 13344 0.140713
1.35 -0.150211 1.22702 0.974213 0.949139 0.108473 115.577 13362.1 0.142813
1.34 -0.139615 1.21722 0.973198 0.947164 0.112685 115.652 13379.7 0.145835
1.33 -0.128762 1.23158 0.971985 0.944807 0.119645 115.741 13400.1 0.144779
1.32 -0.117995 1.21543 0.970895 0.94269 0.12261 115.773 13407.7 0.145336
1.31 -0.107088 1.2193 0.969471 0.93993 0.130805 115.908 13439 0.145945
1.3 -0.096153 1.24814 0.968117 0.93731 0.136206 115.983 13456.3 0.150095
1.29 -0.0852024 1.25833 0.966745 0.934657 0.142258 116.082 13479.2 0.147007
1.28 -0.0743385 1.26338 0.965287 0.931845 0.150958 116.163 13498 0.146327
1.27 -0.0635273 1.2549 0.963815 0.929007 0.156321 116.275 13524.2 0.147268
1.26 -0.052521 1.28162 0.962147 0.925797 0.162582 116.399 13553 0.14841
1.25 -0.0412457 1.2918 0.960416 0.922474 0.17353 116.509 13578.8 0.151388
1.24 -0.0304642 1.28303 0.958667 0.919122 0.183546 116.63 13606.9 0.151113
1.23 -0.0192723 1.33085 0.95679 0.915529 0.189631 116.742 13633.2 0.151954
1.22 -0.00823373 1.31818 0.955036 0.912181 0.19798 116.853 13659.2 0.155094
1.21 0.00299753 1.32967 0.952884 0.90808 0.211855 116.969 13686.3 0.155228
1.2 0.0141316 1.33545 0.950735 0.903993 0.220398 117.166 13732.5 0.157558
1.19 0.0254216 1.33285 0.948388 0.89954 0.231782 117.317 13767.9 0.157676
1.18 0.0365699 1.34692 0.946065 0.895146 0.246162 117.48 13806.3 0.163791
1.17 0.0477522 1.33938 0.943576 0.890446 0.254844 117.676 13852.4 0.165795
1.16 0.059161 1.36315 0.940804 0.885232 0.273518 117.864 13896.7 0.163671
1.15 0.0704756 1.3525 0.938123 0.880201 0.29058 118.071 13945.8 0.16726
1.14 0.0819905 1.40142 0.934825 0.874032 0.309395 118.362 14014.5 0.169319
1.13 0.0932602 1.3925 0.932041 0.868844 0.331367 118.556 14060.7 0.175566
1.12 0.104818 1.37186 0.928559 0.86237 0.342845 118.806 14120.1 0.176074
1.11 0.116433 1.40826 0.924949 0.855685 0.354651 119.078 14184.9 0.176643
1.1 0.127973 1.37631 0.921192 0.848761 0.384583 119.405 14263 0.182429
1.09 0.139711 1.40894 0.917252 0.841532 0.415458 119.689 14331 0.187205
1.08 0.151496 1.40386 0.912684 0.83318 0.433602 120.109 14432 0.197113
1.07 0.163156 1.42551 0.908162 0.824964 0.474009 120.469 14518.9 0.201193
1.06 0.17491 1.47074 0.903494 0.816525 0.5164 120.86 14613.5 0.208777
1.05 0.186829 1.43783 0.897797 0.806284 0.563004 121.387 14741.6 0.222234
1.04 0.198802 1.43664 0.892421 0.796674 0.598807 121.812 14845.2 0.22705
1.03 0.210824 1.44571 0.885973 0.785235 0.658435 122.44 14998.9 0.242352
1.02 0.22273 1.47707 0.87943 0.773709 0.715623 123.06 15151.4 0.24823
1.01 0.23491 1.45653 0.872055 0.760816 0.775332 123.752 15323 0.269451
1 0.247294 1.46214 0.863745 0.746437 0.880894 124.567 15526.1 0.290923
0.99 0.259635 1.4677 0.854389 0.730415 1.00033 125.533 15768.6 0.323507
0.98 0.272553 1.4521 0.842498 0.710316 1.18194 126.848 16102.2 0.370975
0.97 0.28529 1.48131 0.829775 0.689156 1.44994 128.33 16483.1 0.449551
0.96 0.298849 1.48693 0.813036 0.661816 1.81792 130.363 17013.1 0.566672
0.95 0.259554 0.67046 0.0719424 0.00536365 0.433037 378.677 143525 1.3649
0.94 0.258693 0.667579 0.0672151 0.00468956 0.395566 381.554 145709 1.31069
0.93 0.258434 0.688798 0.0635386 0.00419963 0.374341 383.736 147378 1.30462
0.92 0.258039 0.68831 0.0606176 0.00383195 0.362774 385.669 148865 1.29393
0.91 0.257797 0.667922 0.0570703 0.00339481 0.31747 387.619 150366 1.21026
0.9 0.257149 0.69119 0.0539938 0.00304528 0.299391 389.646 151942 1.21291
0.89 0.256662 0.656646 0.0511292 0.00273307 0.273887 391.461 153352 1.1318
0.88 0.256286 0.703187 0.0483954 0.00245463 0.259225 393.227 154741 1.14993
0.87 0.255785 0.681493 0.0462274 0.00224454 0.24784 394.616 155831 1.11268
0.86 0.2553 0.660464 0.0435849 0.00199554 0.22095 396.312 157168 1.06478
0.85 0.254753 0.662899 0.0413905 0.00180365 0.208465 397.768 158322 1.03905
0.84 0.254574 0.654137 0.0395344 0.00164896 0.198117 398.851 159185 1.02886
0.83 0.254081 0.665721 0.0377941 0.00151213 0.192933 400.133 160210 1.03876
0.82 0.253641 0.650385 0.0354661 0.00133271 0.172508 401.491 161295 0.99096
0.81 0.253284 0.657291 0.0343359 0.00124963 0.162856 402.34 161976 0.981466
0.8 0.252709 0.676885 0.0323941 0.00111848 0.159222 403.613 163003 0.985769
0.79 0.252421 0.644327 0.0310424 0.00102641 0.144639 404.491 163708 0.936738
0.78 0.251881 0.658343 0.0294297 0.000925969 0.137923 405.659 164655 0.952702
0.77 0.251583 0.636531 0.0281297 0.000846798 0.127915 406.438 165285 0.910875
0.76 0.251234 0.643671 0.0267088 0.000768222 0.126406 407.352 166030 0.925241
0.75 0.251246 0.650277 0.0258209 0.000719331 0.121216 407.742 166347 0.911526
0.74 0.250719 0.653108 0.0244572 0.000646998 0.112535 408.659 167094 0.893603
0.73 0.250147 0.651968 0.0233359 0.000590362 0.105523 409.593 167857 0.881518
0.72 0.249927 0.638248 0.0223846 0.000544566 0.100211 410.231 168379 0.872968
0.71 0.249682 0.644906 0.0213992 0.000499597 0.0960077 410.763 168815 0.869198
0.7 0.249515 0.650081 0.0206107 0.000465415 0.0935764 411.228 169199 0.880862
0.69 0.249067 0.632384 0.0195404 0.000418934 0.0854972 411.878 169731 0.849681
0.68 0.248663 0.633204 0.0187596 0.000388026 0.0831787 412.548 170285 0.868275
0.67 0.248626 0.646164 0.0180277 0.000360033 0.0807211 412.996 170652 0.844334
0.66 0.248264 0.631756 0.0172555 0.000330588 0.0756552 413.543 171107 0.860976
0.65 0.247788 0.624153 0.0164358 0.000300991 0.0710938 414.223 171665 0.816885
0.64 0.2475 0.631483 0.0157092 0.000276024 0.0673809 414.664 172032 0.827108
0.63 0.247211 0.610634 0.0150583 0.000254814 0.0646518 415.028 172332 0.804221
0.62 0.247093 0.629311 0.014458 0.000236486 0.0632517 415.378 172625 0.836704
0.61 0.246522 0.613999 0.0137525 0.000214345 0.0580908 416.034 173167 0.803503
0.6 0.246421 0.624552 0.0131626 0.000197301 0.0554058 416.52 173573 0.80247
0.59 0.246238 0.610023 0.0127312 0.000185602 0.0541886 416.699 173721 0.798815
0.58 0.245991 0.622983 0.0121034 0.000168978 0.0518079 417.11 174064 0.796616
0.57 0.245703 0.61476 0.0115908 0.000155592 0.0489487 417.524 174410 0.798652
0.56 0.245545 0.615017 0.0111927 0.000146018 0.0477874 417.589 174463 0.792047
0.55 0.245412 0.614313 0.0107216 0.000134613 0.0452972 418.053 174852 0.801352
0.54 0.245171 0.611535 0.010271 0.000124155 0.0429949 418.465 175194 0.777604
0.53 0.244762 0.605623 0.00983281 0.000114622 0.0413292 418.713 175403 0.779826
0.52 0.244726 0.607454 0.00939844 0.000105754 0.0401432 418.813 175485 0.772204
0.51 0.244394 0.608573 0.00903403 9.80182e-05 0.0377962 419.184 175796 0.774139
0.5 0.24427 0.59494 0.00866476 9.0804e-05 0.0362328 419.427 175999 0.759762
0.49 0.244094 0.590166 0.00829366 8.39604e-05 0.0349645 419.566 176115 0.758746
0.48 0.243885 0.605714 0.00795382 7.76452e-05 0.0331359 419.988 176470 0.758279
0.47 0.243672 0.610447 0.0076441 7.23594e-05 0.0320881 420.126 176585 0.760243
0.46 0.243791 0.597244 0.00741684 6.8505e-05 0.0310935 420.137 176596 0.770385
0.45 0.24355 0.590512 0.00707118 6.30422e-05 0.0300456 420.359 176783 0.769437
0.44 0.243128 0.58799 0.00676042 5.79322e-05 0.0281754 420.884 177223 0.755045
0.43 0.243232 0.586299 0.0064941 5.38089e-05 0.0268084 420.778 177134 0.762264
0.42 0.24291 0.590296 0.00621623 4.98675e-05 0.0258647 421.062 177373 0.754762
0.41 0.242639 0.58886 0.00593733 4.62348e-05 0.0253047 421.309 177580 0.746376
0.4 0.242701 0.591396 0.00572283 4.29294e-05 0.0234516 421.362 177625 0.746383
0.39 0.242624 0.584679 0.00552005 4.01263e-05 0.0222459 421.454 177702 0.745931
0.38 0.242308 0.594268 0.00530773 3.76364e-05 0.0218061 421.696 177905 0.735318
0.37 0.242247 0.585486 0.00508446 3.48044e-05 0.0206268 421.855 178040 0.742284
0.36 0.241995 0.587094 0.00484288 3.21334e-05 0.0199985 421.967 178135 0.745801
0.35 0.241894 0.575381 0.00466406 3.00495e-05 0.019114 422.207 178337 0.738051
0.34 0.2417 0.587023 0.00446684 2.78197e-05 0.0181256 422.314 178427 0.739409
0.33 0.241488 0.574646 0.00429896 2.61016e-05 0.0175579 422.396 178496 0.738856
0.32 0.2416 0.577966 0.00410512 2.42358e-05 0.0170122 422.488 178575 0.742643
0.31 0.241733 0.569698 0.00401823 2.331e-05 0.0165055 422.399 178500 0.748296
0.3 0.241345 0.563512 0.00379852 2.11249e-05 0.0154279 422.574 178647 0.740163
0.29 0.24103 0.574651 0.00363689 1.968e-05 0.0148677 423.011 179018 0.75048
0.28 0.241065 0.557892 0.00351719 1.86092e-05 0.0143738 422.927 178944 0.730569
0.27 0.240924 0.581304 0.00338333 1.74124e-05 0.0137443 423.016 179020 0.725239
0.26 0.240891 0.561422 0.00324253 1.61296e-05 0.0129382 422.955 178968 0.732844
0.25 0.240754 0.560884 0.00308073 1.49092e-05 0.0124837 423.129 179114 0.719521
0.24 0.240715 0.560681 0.00298724 1.41564e-05 0.0120563 423.279 179242 0.72506
0.23 0.240478 0.558337 0.0028329 1.29836e-05 0.0114239 423.349 179301 0.720873
0.22 0.2405 0.552141 0.00271979 1.21293e-05 0.0109025 423.37 179319 0.724655
0.21 0.240509 0.567758 0.00263203 1.15869e-05 0.010735 423.435 179377 0.752378
0.2 0.240316 0.565221 0.00253186 1.08089e-05 0.0101345 423.566 179485 0.731602
0.19 0.24036 0.5698 0.00243524 1.02452e-05 0.0099412 423.636 179544 0.72098
0.18 0.240136 0.557804 0.00232882 9.52239e-06 0.00944407 423.76 179651 0.744606
0.17 0.24023 0.561273 0.00225964 9.07887e-06 0.00915359 423.725 179620 0.728774
0.16 0.239903 0.553305 0.00212995 8.21865e-06 0.00848326 423.951 179811 0.717519
0.15 0.239868 0.540857 0.00207448 7.93879e-06 0.00837579 423.988 179842 0.717456
0.14 0.239851 0.559246 0.00197396 7.33567e-06 0.00792383 423.936 179798 0.718727
0.13 0.239607 0.543244 0.00189957 6.9244e-06 0.00764018 424.093 179931 0.719576
0.12 0.239799 0.552218 0.00186554 6.78726e-06 0.00761939 424.006 179858 0.722398
0.11 0.239419 0.548635 0.00174835 6.14406e-06 0.0071132 424.168 179995 0.722311
0.1 0.23953 0.55138 0.00168142 5.76865e-06 0.00677714 424.169 179995 0.718025
0.09 0.239482 0.55482 0.00160911 5.45112e-06 0.00659374 424.033 179881 0.725373
0.08 0.239401 0.556527 0.00154792 5.12394e-06 0.00628507 424.286 180095 0.723398
0.07 0.239535 0.542869 0.00150417 4.86081e-06 0.00598647 424.229 180046 0.711936
0.06 0.239238 0.559871 0.00143828 4.56769e-06 0.00575778 424.44 180226 0.720376
0.05 0.239283 0.551967 0.00139714 4.40975e-06 0.00566269 424.407 180197 0.716568
0.04 0.239311 0.532108 0.00132969 4.11241e-06 0.00540137 424.267 180079 0.720592
0.03 0.239152 0.535063 0.00127292 3.81824e-06 0.00506401 424.375 180171 0.724915
0.02 0.239079 0.544917 0.00121476 3.60122e-06 0.00489736 424.536 180308 0.726773
0.01 0.239092 0.537876 0.00118464 3.50553e-06 0.00484339 424.536 180307 0.710732
