0 0.239141 0.527267 0.00112951 3.24677e-06 0.00454111 424.498 180275 0.721312
0.01 0.238858 0.53904 0.00116484 3.40908e-06 0.00472831 424.699 180446 0.721526
0.02 0.239203 0.550721 0.00124019 3.68396e-06 0.00494413 424.443 180228 0.712929
0.03 0.239199 0.55235 0.00128394 3.87505e-06 0.00512997 424.574 180340 0.725752
0.04 0.239402 0.55499 0.00132127 4.06313e-06 0.00533926 424.345 180146 0.733909
0.05 0.239251 0.557369 0.00141406 4.47591e-06 0.00570548 424.313 180118 0.729459
0.06 0.239205 0.546411 0.00146042 4.67936e-06 0.00586724 424.459 180242 0.719484
0.07 0.239327 0.548125 0.00149219 4.80505e-06 0.00594069 424.313 180117 0.715976
0.08 0.239331 0.556463 0.0015849 5.24782e-06 0.00630357 424.305 180112 0.730371
0.09 0.23954 0.541643 0.00161797 5.40681e-06 0.00642583 424.245 180059 0.715048
0.1 0.239639 0.558993 0.00168776 5.80045e-06 0.00680121 424.199 180020 0.713724
0.11 0.239661 0.552796 0.00177405 6.27426e-06 0.00720467 424.172 179999 0.726505
0.12 0.239695 0.562049 0.00183212 6.58275e-06 0.00743293 423.998 179852 0.72628
0.13 0.239872 0.553997 0.00192118 7.10057e-06 0.00785581 423.89 179761 0.737187
0.14 0.239847 0.555673 0.00198385 7.41374e-06 0.00801345 423.938 179800 0.728196
0.15 0.239695 0.554858 0.00207127 7.92025e-06 0.00836376 424.109 179947 0.741284
0.16 0.239938 0.556464 0.00215234 8.43717e-06 0.00876576 423.889 179758 0.713196
0.17 0.240001 0.567132 0.00223707 8.87813e-06 0.00892492 423.867 179741 0.733792
0.18 0.240084 0.574753 0.00231102 9.35435e-06 0.00924715 423.706 179604 0.723525
0.19 0.240265 0.563081 0.00245182 1.03336e-05 0.00995833 423.748 179639 0.725729
0.2 0.240242 0.565466 0.00250156 1.06418e-05 0.0101007 423.599 179512 0.71738
0.21 0.240346 0.561989 0.0026316 1.15536e-05 0.0106635 423.476 179409 0.727371
0.22 0.240625 0.553531 0.00274384 1.22572e-05 0.0108946 423.339 179291 0.714272
0.23 0.240611 0.549155 0.00285972 1.31941e-05 0.0115572 423.412 179354 0.721969
0.24 0.240534 0.569085 0.0029763 1.40862e-05 0.0120448 423.422 179363 0.726055
0.25 0.240779 0.553368 0.00312917 1.53007e-05 0.0126927 423.186 179163 0.722756
0.26 0.240885 0.572871 0.00324106 1.62159e-05 0.0131592 423.098 179089 0.726783
0.27 0.240808 0.569074 0.00335859 1.72118e-05 0.0136664 423.234 179205 0.741994
0.28 0.240819 0.570933 0.00347656 1.82747e-05 0.0142576 422.988 178997 0.73458
0.29 0.241267 0.573144 0.00367812 2.00756e-05 0.0150843 422.728 178777 0.734035
0.3 0.241248 0.553684 0.00379184 2.1076e-05 0.015432 422.807 178842 0.723425
0.31 0.241495 0.585567 0.00395616 2.27125e-05 0.0162691 422.524 178606 0.746183
0.32 0.241429 0.577873 0.00410026 2.40815e-05 0.0167485 422.453 178545 0.745182
0.33 0.241604 0.581882 0.00425017 2.56275e-05 0.0174264 422.488 178574 0.737539
0.34 0.241642 0.570084 0.00444913 2.77455e-05 0.0183185 422.338 178449 0.754235
0.35 0.242065 0.574288 0.00467491 3.02651e-05 0.0193774 422.103 178249 0.735491
0.36 0.242026 0.582289 0.00483915 3.19446e-05 0.0196467 421.854 178039 0.746432
0.37 0.242115 0.587161 0.00505642 3.47325e-05 0.0211163 421.805 177999 0.757072
0.38 0.242489 0.593821 0.00530747 3.77818e-05 0.0221475 421.667 177882 0.745442
0.39 0.242475 0.607878 0.00548134 3.97547e-05 0.022371 421.589 177817 0.753132
0.4 0.242568 0.585317 0.00573733 4.32424e-05 0.02379 421.472 177718 0.75146
0.41 0.24256 0.596082 0.00593151 4.57753e-05 0.0244051 421.326 177594 0.745972
0.42 0.242964 0.595953 0.00621328 4.97455e-05 0.0256679 421.004 177325 0.75963
0.43 0.243216 0.582127 0.00651493 5.41498e-05 0.0269694 420.838 177185 0.76092
0.44 0.242991 0.598795 0.00671337 5.72917e-05 0.0281603 420.769 177126 0.758552
0.45 0.243302 0.59866 0.00708194 6.29991e-05 0.0295953 420.659 177033 0.756869
0.46 0.243248 0.584703 0.00722543 6.51845e-05 0.0299004 420.525 176920 0.752311
0.47 0.243751 0.597375 0.00771354 7.33784e-05 0.0319788 420.096 176560 0.759
0.48 0.243963 0.616481 0.00795894 7.79636e-05 0.0336818 419.923 176416 0.769634
0.49 0.244086 0.597202 0.00830625 8.40676e-05 0.03473 419.643 176179 0.754464
0.5 0.244529 0.588911 0.00881285 9.3523e-05 0.036534 419.222 175828 0.765945
0.51 0.244414 0.588567 0.00901884 9.7311e-05 0.0367985 419.178 175789 0.756805
0.52 0.244638 0.607853 0.00939566 0.000105352 0.0393385 418.952 175601 0.769081
0.53 0.244854 0.610494 0.00980469 0.000114207 0.0416447 418.622 175326 0.77577
0.54 0.245127 0.611546 0.0102674 0.000124108 0.0430567 418.313 175069 0.792402
0.55 0.245191 0.614068 0.0106569 0.000132964 0.0446816 418.039 174839 0.786495
0.56 0.245688 0.616379 0.0112217 0.000146647 0.0477402 417.599 174470 0.78356
0.57 0.245766 0.633811 0.0117198 0.000159497 0.0510181 417.47 174366 0.81021
0.58 0.246047 0.614085 0.0121483 0.000170483 0.052768 417.021 173988 0.787593
0.59 0.246301 0.620524 0.0127282 0.000185452 0.0540166 416.687 173712 0.802263
0.6 0.246722 0.605215 0.0133521 0.000203092 0.0571701 416.118 173239 0.816906
0.61 0.246885 0.638706 0.0139444 0.000220251 0.0594571 415.919 173073 0.806969
0.62 0.247032 0.64064 0.0144689 0.000237041 0.0638005 415.502 172727 0.817795
0.63 0.247253 0.626353 0.0149807 0.000252887 0.0655825 415.228 172499 0.817756
0.64 0.247457 0.639131 0.0155878 0.00027248 0.0679649 414.805 172150 0.834579
0.65 0.248056 0.622414 0.0164885 0.000302806 0.0712784 413.903 171401 0.828917
0.66 0.248181 0.632444 0.0170947 0.000324843 0.0751417 413.711 171242 0.819267
0.67 0.248574 0.627549 0.018047 0.000359686 0.0783193 413.133 170766 0.842038
0.68 0.248673 0.641639 0.0187806 0.00038811 0.0815555 412.651 170367 0.837809
0.69 0.249029 0.626043 0.0196224 0.000422775 0.0869451 412.033 169859 0.84772
0.7 0.249428 0.641176 0.0206079 0.000463963 0.0904965 411.374 169318 0.865656
0.71 0.249859 0.647631 0.0215049 0.000504632 0.0971659 410.664 168736 0.891761
0.72 0.25004 0.645277 0.0222718 0.000539474 0.10009 410.159 168321 0.879362
0.73 0.250351 0.660608 0.0236277 0.000605232 0.108205 409.467 167755 0.891769
0.74 0.250905 0.646809 0.024726 0.000661383 0.115224 408.662 167098 0.907909
0.75 0.251053 0.654056 0.0257694 0.000714959 0.117272 407.958 166523 0.906632
0.76 0.251277 0.642257 0.0268863 0.00077515 0.120449 407.242 165937 0.897701
0.77 0.251763 0.633626 0.0281748 0.000849734 0.128824 406.252 165132 0.902716
0.78 0.251789 0.637844 0.0293159 0.000918332 0.135731 405.728 164709 0.925679
0.79 0.252395 0.650134 0.031052 0.00102882 0.148813 404.496 163713 0.945592
0.8 0.252758 0.648131 0.0322677 0.00110646 0.150357 403.643 163024 0.959931
0.81 0.253266 0.653096 0.0340859 0.00123352 0.16515 402.398 162023 0.980419
0.82 0.253699 0.652023 0.0360013 0.00137326 0.177786 401.224 161081 0.997651
0.83 0.254006 0.668753 0.0375856 0.00149175 0.182176 400.136 160210 1.00866
0.84 0.254269 0.65875 0.0392332 0.00162336 0.19381 399.191 159456 1.02613
0.85 0.254765 0.674544 0.041681 0.00182833 0.209713 397.501 158112 1.05156
0.86 0.255137 0.667951 0.0434263 0.00198197 0.221484 396.539 157348 1.05988
0.87 0.255738 0.663617 0.0458454 0.0022043 0.236165 394.879 156038 1.09917
0.88 0.256006 0.65218 0.048167 0.00243123 0.256138 393.424 154890 1.09917
0.89 0.256818 0.67726 0.0514315 0.00276372 0.273076 391.275 153210 1.15969
0.9 0.257247 0.67638 0.054108 0.00305618 0.296084 389.497 151823 1.17984
0.91 0.257507 0.678718 0.056813 0.00336341 0.312624 387.889 150576 1.21599
0.92 0.257857 0.671047 0.0600088 0.00375113 0.345786 385.992 149111 1.2552
0.93 0.258339 0.676235 0.0634053 0.00417915 0.366141 383.891 147495 1.27617
0.94 0.259114 0.699052 0.0675461 0.00474741 0.42608 381.214 145455 1.37589
0.95 0.259588 0.691121 0.0719343 0.00536813 0.446032 378.568 143447 1.41202
0.96 0.26026 0.681974 0.0766253 0.0060839 0.489538 375.572 141189 1.43883
0.97 0.260684 0.694745 0.0816549 0.00690621 0.54992 372.549 138939 1.5671
0.98 0.261273 0.687794 0.0876153 0.00793657 0.599343 369.159 136428 1.61988
0.99 0.262171 0.696577 0.0947429 0.00927895 0.697506 364.86 133282 1.74147
1 0.262992 0.718167 0.103121 0.0109974 0.837567 360.012 129785 1.96313
1.01 0.263809 0.727755 0.111932 0.0129457 0.960613 354.904 126146 2.13264
1.02 0.264325 0.728474 0.121294 0.015199 1.12125 349.731 122517 2.35538
1.03 0.210909 1.4308 0.885905 0.785106 0.639818 122.409 14991.3 0.235106
1.04 0.198577 1.47308 0.892397 0.796633 0.599085 121.855 14855.7 0.22669
1.05 0.186745 1.41706 0.898078 0.806786 0.556779 121.345 14731.1 0.216254
1.06 0.174828 1.45315 0.903671 0.816844 0.515861 120.827 14605.4 0.206174
1.07 0.163169 1.4252 0.908429 0.825451 0.478501 120.421 14507.4 0.20137
1.08 0.151146 1.40488 0.913199 0.834124 0.443589 120.036 14414.4 0.194021
1.09 0.139735 1.4233 0.917108 0.841267 0.413657 119.748 14345.2 0.186665
1.1 0.127903 1.39859 0.921426 0.849194 0.38838 119.356 14251.3 0.184873
1.11 0.116442 1.40707 0.925144 0.85605 0.364121 119.034 14174.5 0.180934
1.12 0.105003 1.39088 0.928543 0.86234 0.342162 118.8 14118.7 0.177826
1.13 0.0930808 1.3678 0.932099 0.868947 0.320681 118.554 14060.2 0.172458
1.14 0.0818546 1.36861 0.934995 0.874349 0.30952 118.336 14008.6 0.171988
1.15 0.0703254 1.36803 0.938198 0.880342 0.291259 118.073 13946.3 0.169342
1.16 0.0591285 1.38017 0.940816 0.885255 0.278545 117.881 13900.8 0.1635
1.17 0.0480528 1.36757 0.943389 0.890097 0.26238 117.709 13860.3 0.163567
1.18 0.0366918 1.33173 0.945966 0.894959 0.249224 117.513 13814.1 0.164526
1.19 0.0254426 1.34919 0.948332 0.899435 0.236638 117.324 13769.7 0.162407
1.2 0.0140358 1.34134 0.950795 0.904107 0.223943 117.177 13734.9 0.155095
1.21 0.00311089 1.30755 0.95275 0.907825 0.213916 117.009 13695.6 0.155227
1.22 -0.00813745 1.33843 0.954909 0.91194 0.203966 116.889 13667.5 0.15724
1.23 -0.0193281 1.33772 0.956915 0.915769 0.19172 116.732 13630.8 0.1512
1.24 -0.0303738 1.28601 0.958704 0.919192 0.181896 116.61 13602.3 0.151786
1.25 -0.0412873 1.30235 0.960381 0.922407 0.173422 116.521 13581.4 0.149867
1.26 -0.0524989 1.2999 0.962225 0.925949 0.163568 116.362 13544.4 0.149412
1.27 -0.063435 1.27894 0.963816 0.929011 0.158597 116.262 13521.1 0.149584
1.28 -0.0744979 1.26442 0.965401 0.932064 0.147843 116.172 13500.3 0.148477
1.29 -0.0852672 1.26437 0.966721 0.934612 0.143707 116.069 13476.4 0.14868
1.3 -0.0961385 1.25667 0.968159 0.937391 0.137963 115.97 13453.2 0.146222
1.31 -0.107091 1.27245 0.969487 0.939962 0.13053 115.897 13436.3 0.147516
1.32 -0.11796 1.23216 0.970787 0.942481 0.123861 115.81 13416 0.144765
1.33 -0.128858 1.23073 0.972016 0.944867 0.120556 115.736 13399.1 0.143037
1.34 -0.13938 1.21184 0.973054 0.946883 0.114814 115.669 13383.5 0.143497
1.35 -0.150291 1.21422 0.974218 0.949149 0.110006 115.594 13366 0.140248
1.36 -0.161078 1.20471 0.97532 0.951294 0.104729 115.518 13348.4 0.141731
1.37 -0.171984 1.19882 0.976396 0.953392 0.0998486 115.468 13337 0.14172
1.38 -0.182549 1.19666 0.977321 0.955197 0.0949201 115.393 13319.6 0.141723
1.39 -0.193526 1.16781 0.978332 0.957173 0.0901384 115.347 13309 0.140704
1.4 -0.203855 1.18818 0.979158 0.958789 0.0883596 115.271 13291.5 0.143816
1.41 -0.21473 1.17998 0.980058 0.960551 0.0845036 115.23 13282 0.138484
1.42 -0.225357 1.16852 0.980902 0.962203 0.0798222 115.181 13270.7 0.141402
1.43 -0.235766 1.13707 0.981546 0.963466 0.0759106 115.124 13257.4 0.137877
1.44 -0.246591 1.13305 0.982443 0.965227 0.0734703 115.065 13244 0.13942
1.45 -0.257137 1.16221 0.983015 0.966348 0.0706672 115.045 13239.4 0.137365
1.46 -0.267701 1.14963 0.983743 0.96778 0.0673852 115.02 13233.5 0.138805
1.47 -0.278036 1.13302 0.984382 0.969037 0.0654158 114.938 13214.7 0.139289
1.48 -0.28876 1.12159 0.985023 0.970297 0.0617134 114.923 13211.3 0.137282
1.49 -0.299165 1.12315 0.985653 0.971538 0.0601053 114.864 13197.8 0.138302
1.5 -0.309765 1.11939 0.986191 0.972597 0.0565416 114.878 13201 0.138556
1.51 -0.320284 1.10135 0.986763 0.973726 0.0546746 114.821 13187.8 0.136833
1.52 -0.33063 1.09924 0.987301 0.974785 0.0515867 114.784 13179.1 0.135156
1.53 -0.341144 1.09147 0.987848 0.975865 0.0502045 114.74 13169.1 0.136498
1.54 -0.351592 1.09495 0.988303 0.976764 0.0479183 114.732 13167.3 0.135696
1.55 -0.362192 1.07104 0.988789 0.977724 0.0463256 114.744 13170 0.134539
1.56 -0.37237 1.07851 0.989177 0.97849 0.0438021 114.669 13152.9 0.135943
1.57 -0.382857 1.08106 0.989651 0.979427 0.0422069 114.641 13146.4 0.137232
1.58 -0.393153 1.0503 0.990068 0.980253 0.0404162 114.615 13140.4 0.134922
1.59 -0.403847 1.03067 0.99055 0.981205 0.0380416 114.611 13139.6 0.134585
1.6 -0.414129 1.05352 0.990897 0.981894 0.0372271 114.602 13137.5 0.135697
1.61 -0.424542 1.04653 0.991212 0.982517 0.0358186 114.576 13131.5 0.134552
1.62 -0.434668 1.04199 0.991569 0.983225 0.0349958 114.531 13121.2 0.135345
1.63 -0.445001 1.01824 0.991913 0.983906 0.0330556 114.529 13120.6 0.133549
1.64 -0.455215 1.05509 0.99216 0.984396 0.0317587 114.503 13114.8 0.133591
1.65 -0.465658 1.02485 0.99253 0.985128 0.0300101 114.483 13110.2 0.134665
1.66 -0.475996 1.0164 0.992845 0.985753 0.0294757 114.451 13102.9 0.137697
1.67 -0.486234 1.00816 0.99314 0.986339 0.0278284 114.422 13096.2 0.135489
1.68 -0.496443 1.02284 0.993364 0.986783 0.0272888 114.423 13096.5 0.135404
1.69 -0.506827 1.014 0.993651 0.987354 0.02555 114.414 13094.4 0.135499
1.7 -0.517124 1.00764 0.99389 0.987828 0.025346 114.413 13094.2 0.135007
1.71 -0.527489 0.998131 0.994184 0.988412 0.023327 114.377 13085.9 0.134103
1.72 -0.537569 0.994292 0.994411 0.988863 0.0227089 114.372 13084.8 0.134046
1.73 -0.547831 0.974825 0.994632 0.989301 0.0215968 114.324 13073.9 0.133549
1.74 -0.558165 0.978001 0.994837 0.98971 0.0212143 114.351 13079.9 0.131909
1.75 -0.568493 0.989425 0.995021 0.990075 0.0199976 114.368 13083.9 0.13417
1.76 -0.578581 0.996476 0.995212 0.990456 0.0192097 114.317 13072.2 0.135147
1.77 -0.588883 0.989732 0.995399 0.990826 0.018536 114.333 13076 0.135045
1.78 -0.598998 0.980852 0.995575 0.991178 0.0176085 114.28 13063.6 0.133103
1.79 -0.609137 0.977523 0.995768 0.991561 0.016926 114.286 13065 0.133439
1.8 -0.619571 0.943285 0.995918 0.991859 0.0163745 114.314 13071.4 0.132264
1.81 -0.629669 0.977244 0.996064 0.99215 0.0161615 114.282 13064.2 0.133803
1.82 -0.639632 0.947645 0.996244 0.992508 0.0152827 114.238 13054.2 0.132915
1.83 -0.650017 0.932533 0.996386 0.992791 0.0146797 114.256 13058.2 0.131835
1.84 -0.660192 0.945538 0.996528 0.993074 0.0139917 114.257 13058.4 0.134
1.85 -0.670242 0.952228 0.996675 0.993366 0.0132503 114.211 13047.9 0.128754
1.86 -0.680431 0.956546 0.996785 0.993586 0.0131903 114.239 13054.3 0.132564
1.87 -0.690438 0.940611 0.996931 0.993878 0.012235 114.206 13046.8 0.134279
1.88 -0.70069 0.956039 0.997044 0.994102 0.0118222 114.194 13044.2 0.133201
1.89 -0.710964 0.93205 0.997173 0.994359 0.0113393 114.204 13046.4 0.132333
1.9 -0.720961 0.935521 0.997274 0.99456 0.0109554 114.17 13038.7 0.133131
1.91 -0.731248 0.935707 0.997382 0.994776 0.0105315 114.2 13045.3 0.133295
1.92 -0.741407 0.92378 0.997495 0.995001 0.0101362 114.213 13048.4 0.132321
1.93 -0.751411 0.918058 0.997558 0.995127 0.0098795 114.171 13038.9 0.1342
1.94 -0.761747 0.924187 0.997693 0.995396 0.0093923 114.205 13046.7 0.13333
1.95 -0.771784 0.915882 0.997805 0.995619 0.00893018 114.169 13038.3 0.134151
1.96 -0.781947 0.925467 0.997854 0.995717 0.00865262 114.18 13040.9 0.132347
1.97 -0.791993 0.916553 0.997957 0.995923 0.00821353 114.158 13035.8 0.132728
1.98 -0.802016 0.924378 0.998029 0.996066 0.00802376 114.156 13035.3 0.133714
1.99 -0.812127 0.913133 0.998093 0.996192 0.00760707 114.154 13034.8 0.131739
