0 0.208311 0.699931 2.50868e-05 4.38549e-08 0.00012449 441.482 194975 0.770341
0.01 0.20809 0.676965 2.61285e-05 4.59647e-08 0.000130412 441.521 195008 0.76328
0.02 0.20827 0.674454 2.56944e-05 4.64169e-08 0.000131779 441.501 194991 0.770074
0.03 0.208254 0.681415 2.88194e-05 5.03352e-08 0.000142573 441.519 195005 0.749334
0.04 0.208217 0.675029 2.71701e-05 4.86774e-08 0.000138065 441.448 194943 0.755095
0.05 0.20801 0.676995 2.91667e-05 5.12394e-08 0.000145119 441.732 195195 0.765802
0.06 0.208307 0.67983 3.24653e-05 5.72676e-08 0.000161895 441.352 194858 0.75852
0.07 0.208142 0.683495 3.45486e-05 6.0583e-08 0.000171042 441.546 195029 0.745672
0.08 0.20836 0.668964 3.41146e-05 5.98295e-08 0.000168957 441.359 194864 0.748159
0.09 0.208106 0.679603 3.63715e-05 6.37478e-08 0.000179784 441.576 195055 0.744677
0.1 0.208307 0.676003 3.83681e-05 6.78168e-08 0.000191073 441.524 195009 0.749102
0.11 0.208074 0.664929 3.91493e-05 6.94746e-08 0.000195673 441.678 195146 0.750782
0.12 0.208071 0.674114 4.18403e-05 7.41464e-08 0.0002085 441.783 195239 0.758125
0.13 0.208201 0.693044 4.32292e-05 7.83661e-08 0.000220312 441.619 195095 0.765121
0.14 0.208334 0.665611 4.79167e-05 8.59013e-08 0.000240783 441.475 194966 0.748119
0.15 0.208159 0.66645 4.86979e-05 8.66549e-08 0.000242736 441.544 195027 0.749344
0.16 0.208289 0.666709 5.19097e-05 9.28337e-08 0.000259601 441.447 194941 0.746342
0.17 0.208298 0.667622 5.82465e-05 1.04137e-07 0.000290142 441.562 195045 0.769071
0.18 0.208173 0.688308 5.47743e-05 9.87112e-08 0.000275648 441.606 195083 0.756085
0.19 0.208131 0.681299 6.19792e-05 1.1122e-07 0.000309249 441.533 195018 0.750788
0.2 0.208265 0.687362 7.13542e-05 1.27496e-07 0.000352524 441.54 195024 0.755508
0.21 0.208146 0.673313 5.92882e-05 1.07753e-07 0.000300206 441.577 195056 0.746913
0.22 0.208185 0.675833 7.26562e-05 1.30962e-07 0.000361967 441.586 195065 0.74859
0.23 0.20823 0.663304 6.97049e-05 1.25838e-07 0.00034842 441.528 195013 0.748651
0.24 0.208239 0.674151 8.1684e-05 1.48745e-07 0.000409169 441.652 195123 0.753929
0.25 0.20826 0.674209 7.67361e-05 1.37744e-07 0.000379743 441.649 195120 0.753556
0.26 0.208348 0.682182 8.55035e-05 1.55677e-07 0.000427295 441.558 195041 0.766474
0.27 0.208329 0.667519 8.4375e-05 1.53718e-07 0.000422205 441.454 194949 0.757346
0.28 0.208274 0.688221 9.34896e-05 1.71953e-07 0.000470054 441.582 195062 0.769224
0.29 0.208165 0.690585 9.7309e-05 1.7768e-07 0.000484448 441.765 195225 0.772075
0.3 0.208281 0.683821 0.000104774 1.91243e-07 0.000519166 441.681 195148 0.749944
0.31 0.20829 0.676365 0.000107726 1.98477e-07 0.000538193 441.649 195121 0.760144
0.32 0.208192 0.668643 0.000113281 2.12945e-07 0.000576323 441.605 195082 0.752838
0.33 0.208287 0.667793 0.00012066 2.22439e-07 0.000598696 441.54 195024 0.754566
0.34 0.208469 0.683192 0.000127083 2.41729e-07 0.000649668 441.376 194880 0.754119
0.35 0.208264 0.683544 0.000135503 2.56046e-07 0.000684533 441.728 195191 0.758199
0.36 0.208301 0.682233 0.000131684 2.4821e-07 0.000664903 441.698 195163 0.748727
0.37 0.208388 0.67662 0.000150694 2.82721e-07 0.000748835 441.545 195029 0.758921
0.38 0.208476 0.67618 0.000155122 2.92215e-07 0.000772279 441.627 195101 0.750217
0.39 0.208242 0.671449 0.000163889 3.13766e-07 0.00082629 441.774 195230 0.742819
0.4 0.208131 0.683944 0.000171007 3.27631e-07 0.000859355 441.785 195242 0.767583
0.41 0.2084 0.656105 0.000177778 3.39084e-07 0.00088554 441.497 194986 0.748175
0.42 0.208294 0.69047 0.00017934 3.45715e-07 0.00090303 441.648 195121 0.766882
0.43 0.208382 0.671623 0.000188108 3.59128e-07 0.000932381 441.622 195096 0.746692
0.44 0.20818 0.682497 0.000209896 4.08408e-07 0.00104933 441.761 195220 0.757824
0.45 0.208216 0.688986 0.000216406 4.25136e-07 0.00108952 441.789 195245 0.760185
0.46 0.208251 0.695482 0.000236892 4.7306e-07 0.00120079 441.825 195277 0.763586
0.47 0.208367 0.681868 0.000235677 4.60702e-07 0.00116686 441.676 195145 0.76651
0.48 0.208397 0.681254 0.000254861 5.05763e-07 0.00126953 441.599 195075 0.748457
0.49 0.208348 0.673592 0.000274132 5.50371e-07 0.00136864 441.783 195240 0.765343
0.5 0.208441 0.694898 0.000298958 6.17887e-07 0.00152211 441.752 195213 0.770882
0.51 0.208286 0.675463 0.000288455 5.87595e-07 0.00145264 441.748 195208 0.75326
0.52 0.208386 0.681368 0.000312326 6.35368e-07 0.00154892 441.761 195220 0.76164
0.53 0.208452 0.686361 0.000325868 6.67016e-07 0.00161518 441.666 195136 0.758305
0.54 0.208424 0.685602 0.000344792 7.17653e-07 0.00172446 441.678 195147 0.763675
0.55 0.208448 0.681597 0.000363455 7.67536e-07 0.00183006 441.832 195283 0.768322
0.56 0.208512 0.665202 0.000363194 7.59247e-07 0.00180673 441.53 195015 0.757674
0.57 0.208304 0.677691 0.000407118 8.7107e-07 0.00203133 441.867 195313 0.754121
0.58 0.208278 0.685288 0.000419358 9.08896e-07 0.00211114 442.016 195445 0.759311
0.59 0.208425 0.679265 0.000449132 9.89222e-07 0.00226801 441.914 195355 0.760251
0.6 0.208469 0.678281 0.000477344 1.04212e-06 0.00234507 441.848 195297 0.75882
0.61 0.208424 0.674676 0.000473958 1.04528e-06 0.00236346 441.915 195355 0.747581
0.62 0.20843 0.674966 0.000511458 1.16223e-06 0.00259384 442.068 195491 0.761767
0.63 0.208416 0.681814 0.000537066 1.21392e-06 0.00266539 442.053 195478 0.760332
0.64 0.20857 0.680316 0.000582986 1.37563e-06 0.00298297 442.012 195443 0.772933
0.65 0.208539 0.671081 0.00060026 1.39386e-06 0.00297662 442.098 195517 0.756157
0.66 0.208418 0.673635 0.000632639 1.4992e-06 0.00316504 442.174 195587 0.773139
0.67 0.208631 0.667248 0.000657552 1.58948e-06 0.00333245 442.051 195478 0.772948
0.68 0.208502 0.686988 0.000699045 1.69226e-06 0.00346635 442.166 195579 0.76636
0.69 0.2087 0.686904 0.000703038 1.71185e-06 0.00350664 442.123 195541 0.76736
0.7 0.208688 0.668412 0.000762847 1.91756e-06 0.00384659 442.18 195591 0.764959
0.71 0.208653 0.661942 0.00080408 2.06389e-06 0.00408196 442.109 195527 0.75299
0.72 0.20863 0.669239 0.000860764 2.21565e-06 0.00424724 442.252 195655 0.767601
0.73 0.208764 0.680715 0.000894184 2.38881e-06 0.00457703 442.233 195638 0.762007
0.74 0.208854 0.665951 0.000946181 2.55263e-06 0.00477322 442.239 195643 0.766224
0.75 0.208665 0.682878 0.00099809 2.74884e-06 0.00504766 442.352 195745 0.785514
0.76 0.208787 0.67645 0.00105807 2.98831e-06 0.00538212 442.473 195851 0.779089
0.77 0.208826 0.686227 0.00108681 3.07376e-06 0.00545073 442.322 195716 0.767928
0.78 0.208834 0.679498 0.00113516 3.25566e-06 0.00566519 442.422 195805 0.773141
0.79 0.208826 0.683836 0.00120547 3.56038e-06 0.00606882 442.412 195796 0.762584
0.8 0.208705 0.68687 0.00128359 3.90851e-06 0.00651139 442.622 195983 0.776746
0.81 0.208856 0.681527 0.00134141 4.14662e-06 0.00676009 442.667 196023 0.771213
0.82 0.208691 0.663786 0.00139523 4.38443e-06 0.0070208 442.709 196059 0.773377
0.83 0.208817 0.676228 0.00150104 4.86865e-06 0.0075327 442.81 196150 0.778735
0.84 0.208769 0.691058 0.00154297 5.07285e-06 0.00775324 442.884 196215 0.777373
0.85 0.208867 0.6774 0.00163767 5.55134e-06 0.00826376 442.894 196223 0.771383
0.86 0.208941 0.682028 0.00171788 5.96939e-06 0.00869262 442.977 196298 0.780398
0.87 0.208855 0.689351 0.00185547 6.71251e-06 0.00941687 443.232 196524 0.779975
0.88 0.208907 0.684669 0.00191207 6.99945e-06 0.00962915 443.168 196468 0.785722
0.89 0.208923 0.664438 0.00200191 7.59699e-06 0.0103373 443.13 196432 0.766434
0.9 0.208963 0.67579 0.00215634 8.39346e-06 0.0107818 443.461 196726 0.776456
0.91 0.209058 0.69823 0.00221684 8.86683e-06 0.011383 443.345 196626 0.801892
0.92 0.208974 0.69394 0.00234288 9.59021e-06 0.0118112 443.473 196740 0.806455
0.93 0.208639 0.697163 0.00246684 1.04429e-05 0.0125499 443.984 197192 0.793579
0.94 0.208953 0.682788 0.00265538 1.17188e-05 0.013443 443.93 197145 0.798238
0.95 0.209168 0.675059 0.00277127 1.2681e-05 0.0144031 443.781 197012 0.791474
0.96 0.208993 0.693227 0.00283151 1.3071e-05 0.0145543 443.916 197131 0.789383
0.97 0.209042 0.697 0.0030388 1.45021e-05 0.0151712 444.271 197447 0.796622
0.98 0.208865 0.676982 0.00318576 1.57492e-05 0.0161283 444.45 197606 0.785423
0.99 0.208996 0.692982 0.00333854 1.71097e-05 0.017176 444.496 197648 0.804929
1 0.208948 0.689969 0.00349028 1.83329e-05 0.0177143 444.634 197772 0.818392
1.01 0.208901 0.689195 0.00367769 2.00757e-05 0.018865 444.886 197997 0.822395
1.02 0.209127 0.678552 0.0039145 2.23776e-05 0.0203164 444.9 198009 0.817833
1.03 0.209018 0.690574 0.00407491 2.39723e-05 0.0212182 444.906 198014 0.819399
1.04 0.209096 0.682134 0.00436545 2.67666e-05 0.022203 445.509 198551 0.823177
1.05 0.208899 0.693784 0.00455139 2.88671e-05 0.0234775 445.593 198627 0.834946
1.06 0.209153 0.682459 0.00472812 3.08636e-05 0.0245043 445.704 198724 0.810233
1.07 0.208987 0.687966 0.0050645 3.4864e-05 0.0265389 446.017 199006 0.839342
1.08 0.209122 0.687966 0.00533342 3.80255e-05 0.0275908 446.177 199147 0.820457
1.09 0.209079 0.673735 0.00550382 4.02359e-05 0.0286383 446.357 199307 0.814148
1.1 0.209163 0.677438 0.00600556 4.69708e-05 0.031404 446.665 199585 0.840976
1.11 0.209071 0.68526 0.00629505 5.14318e-05 0.033996 447.143 200013 0.851944
1.12 0.208934 0.683225 0.00646389 5.34355e-05 0.0335623 447.208 200072 0.861722
1.13 0.208921 0.692773 0.00690799 6.01819e-05 0.0358894 447.71 200523 0.876578
1.14 0.208835 0.685711 0.00719844 6.50798e-05 0.0381953 447.888 200679 0.844759
1.15 0.208899 0.67335 0.00769019 7.30603e-05 0.0400932 448.265 201019 0.865179
1.16 0.208763 0.680348 0.00786944 7.6589e-05 0.0422233 448.443 201180 0.880829
1.17 0.208833 0.672321 0.00836684 8.54655e-05 0.0445291 448.816 201514 0.879135
1.18 0.208843 0.677657 0.00888681 9.58186e-05 0.0485086 449.332 201979 0.897705
1.19 0.208794 0.681433 0.00942934 0.00010673 0.0513149 449.784 202387 0.895206
1.2 0.208675 0.695831 0.00996788 0.000117866 0.0533002 450.168 202734 0.914597
1.21 0.208571 0.684495 0.0104146 0.000127459 0.0547075 450.698 203211 0.908331
1.22 0.208515 0.68764 0.011067 0.000142739 0.0583505 451.218 203680 0.920575
1.23 0.208437 0.672519 0.0117201 0.00015912 0.0626704 451.803 204210 0.935305
1.24 0.208455 0.689711 0.012453 0.000179256 0.0696372 452.25 204616 0.951552
1.25 0.208168 0.669646 0.0129084 0.000190534 0.0688508 452.833 205141 0.925347
1.26 0.207957 0.676679 0.013733 0.000214261 0.0739178 453.657 205890 0.944577
1.27 0.207844 0.686199 0.0145053 0.00023763 0.0784114 454.225 206410 0.979443
1.28 0.207725 0.690354 0.0153451 0.000265002 0.0850435 455.176 207277 1.00814
1.29 0.207505 0.702423 0.0162095 0.000293713 0.0891756 455.876 207915 1.01172
1.3 0.207336 0.691001 0.0172411 0.000330893 0.0968791 456.743 208707 1.01921
1.31 0.207217 0.700041 0.0180944 0.000362212 0.100234 457.419 209329 1.06337
1.32 0.206955 0.697007 0.019081 0.000402132 0.109579 458.259 210101 1.08283
1.33 0.20643 0.695012 0.0203504 0.000453855 0.114377 459.468 211205 1.03435
1.34 0.206274 0.704413 0.0213133 0.000495663 0.119252 460.354 212025 1.07964
1.35 0.20587 0.703077 0.0228945 0.000570883 0.134562 461.748 213316 1.13033
1.36 0.205465 0.705597 0.0241009 0.000631427 0.145655 462.789 214282 1.16699
1.37 0.205169 0.704081 0.0252185 0.000689325 0.153657 463.699 215126 1.1765
1.38 0.204632 0.7232 0.0268855 0.000779561 0.163385 465.157 216485 1.22225
1.39 0.204181 0.721275 0.0286136 0.00087548 0.163413 466.751 217968 1.18883
1.4 0.203491 0.734303 0.0304095 0.00098741 0.180487 468.322 219444 1.27046
1.41 0.202721 0.720163 0.032463 0.00112008 0.190746 470.289 221291 1.26206
1.42 0.202135 0.736861 0.0350387 0.00130455 0.221297 472.505 223390 1.37066
1.43 0.201188 0.753187 0.0370394 0.00145151 0.229224 474.496 225276 1.35733
1.44 0.200515 0.789487 0.039065 0.00161589 0.258654 476.091 226805 1.48896
1.45 0.199511 0.789754 0.0416546 0.00183288 0.281595 478.267 228888 1.5555
1.46 0.198355 0.795428 0.0451411 0.00214543 0.310219 481.569 232065 1.62415
1.47 0.197015 0.820879 0.0488411 0.00250796 0.352835 484.828 235224 1.70702
1.48 0.195432 0.823858 0.0521023 0.00285703 0.410052 487.835 238162 1.83542
1.49 0.194299 0.888532 0.055112 0.00318307 0.41973 490.438 240714 1.88169
1.5 0.192277 0.924744 0.0595991 0.00371879 0.480202 494.461 244694 2.05395
1.51 0.189821 0.992137 0.0662608 0.00457423 0.529168 500.523 250740 2.16155
1.52 0.187305 1.11872 0.072628 0.00553075 0.737074 506.414 256738 2.79361
1.53 0.184803 1.16642 0.0779934 0.00635406 0.780724 510.849 261256 2.83301
1.54 0.181292 1.25317 0.0864073 0.007772 0.880649 518.537 269192 3.00755
1.55 0.176269 1.65451 0.0980659 0.0100951 1.37726 529.018 280316 4.31041
1.56 -0.48257 1.34674 0.992447 0.984965 0.0402425 1232.6 1.51933e+06 0.146277
1.57 -0.49319 1.32047 0.992856 0.985776 0.0367007 1232.82 1.51989e+06 0.146492
1.58 -0.503626 1.35238 0.993258 0.986574 0.0351269 1232.98 1.52027e+06 0.144066
1.59 -0.513855 1.31942 0.993526 0.987105 0.0336262 1232.99 1.5203e+06 0.143146
1.6 -0.524227 1.29587 0.9939 0.987848 0.0313534 1233.08 1.52051e+06 0.144029
1.61 -0.534703 1.30421 0.994204 0.988452 0.0296489 1233.26 1.52097e+06 0.144053
1.62 -0.544887 1.27608 0.994518 0.989076 0.0284207 1233.37 1.52123e+06 0.144105
1.63 -0.555314 1.27208 0.994778 0.989594 0.0268441 1233.53 1.52164e+06 0.142742
1.64 -0.565576 1.24207 0.995044 0.990121 0.025481 1233.62 1.52186e+06 0.141921
1.65 -0.575674 1.25325 0.995292 0.990615 0.024269 1233.64 1.5219e+06 0.143283
1.66 -0.586158 1.25635 0.995505 0.991039 0.0228793 1233.72 1.5221e+06 0.140045
1.67 -0.596543 1.23608 0.995756 0.991537 0.021528 1233.79 1.52228e+06 0.142104
1.68 -0.606479 1.22659 0.995932 0.991887 0.0208981 1233.83 1.52237e+06 0.141514
1.69 -0.616873 1.235 0.996144 0.992309 0.0195464 1234.04 1.52288e+06 0.141539
1.7 -0.626983 1.22916 0.996363 0.992747 0.0183402 1234.01 1.52283e+06 0.140211
1.71 -0.637289 1.20434 0.996569 0.993156 0.0174673 1234.08 1.52298e+06 0.139812
1.72 -0.647411 1.21366 0.996749 0.993514 0.016508 1234.15 1.52316e+06 0.140804
1.73 -0.657524 1.19047 0.996836 0.993687 0.0158495 1234.2 1.52327e+06 0.139401
1.74 -0.667997 1.16119 0.997048 0.99411 0.014908 1234.32 1.52359e+06 0.139854
1.75 -0.678125 1.19331 0.997174 0.994362 0.0143771 1234.37 1.5237e+06 0.141072
1.76 -0.688105 1.19693 0.997306 0.994623 0.0136232 1234.34 1.52362e+06 0.139631
1.77 -0.698373 1.17182 0.997403 0.994818 0.0132264 1234.32 1.52358e+06 0.140569
1.78 -0.70858 1.16087 0.997567 0.995144 0.0123062 1234.56 1.52416e+06 0.140555
1.79 -0.718797 1.19182 0.997696 0.995401 0.0116828 1234.58 1.52421e+06 0.138667
1.8 -0.728831 1.12989 0.997798 0.995605 0.0112879 1234.55 1.52415e+06 0.138722
1.81 -0.738964 1.16609 0.997908 0.995825 0.0106915 1234.56 1.52417e+06 0.139998
1.82 -0.749247 1.13565 0.998026 0.996059 0.00999277 1234.55 1.52414e+06 0.140523
1.83 -0.759339 1.17367 0.998079 0.996165 0.00956247 1234.58 1.52422e+06 0.13715
1.84 -0.769472 1.13647 0.998209 0.996425 0.00905307 1234.72 1.52456e+06 0.136628
1.85 -0.779396 1.14855 0.99829 0.996586 0.00861568 1234.68 1.52447e+06 0.136955
1.86 -0.789548 1.163 0.998372 0.996749 0.00838243 1234.7 1.52451e+06 0.136175
1.87 -0.799683 1.15044 0.998448 0.996901 0.00780456 1234.71 1.52454e+06 0.138955
1.88 -0.809632 1.14847 0.998512 0.997028 0.00750813 1234.78 1.52472e+06 0.140056
1.89 -0.819803 1.1124 0.998598 0.9972 0.00710809 1234.85 1.52488e+06 0.138381
1.9 -0.830145 1.14063 0.998674 0.997352 0.00665327 1234.78 1.52472e+06 0.139825
1.91 -0.839989 1.12731 0.998753 0.997509 0.00632968 1234.84 1.52486e+06 0.137789
1.92 -0.850171 1.12558 0.998807 0.997618 0.00596625 1234.83 1.52483e+06 0.138862
1.93 -0.860249 1.11834 0.998858 0.997719 0.00570791 1234.93 1.52508e+06 0.139333
1.94 -0.870395 1.1376 0.998913 0.997829 0.00545659 1234.98 1.52521e+06 0.137575
1.95 -0.880556 1.08281 0.998972 0.997948 0.00527209 1234.95 1.52513e+06 0.138068
1.96 -0.890419 1.10184 0.999018 0.998039 0.00491056 1234.99 1.52523e+06 0.136282
1.97 -0.900632 1.08082 0.999073 0.998149 0.0046481 1235.03 1.52534e+06 0.138134
1.98 -0.910737 1.08011 0.999094 0.99819 0.00455745 1235.05 1.52537e+06 0.138101
1.99 -0.920728 1.11764 0.999173 0.998348 0.00410888 1234.94 1.52512e+06 0.137675
2 -0.930757 1.12617 0.999198 0.998398 0.003925 1235.04 1.52536e+06 0.137846
2.01 -0.940794 1.10008 0.999232 0.998466 0.00388174 1234.99 1.52523e+06 0.136253
2.02 -0.950907 1.11289 0.999274 0.99855 0.00369278 1235.12 1.52556e+06 0.137875
2.03 -0.961009 1.08043 0.999307 0.998617 0.00343992 1235.04 1.52537e+06 0.134716
2.04 -0.971022 1.10056 0.999332 0.998666 0.00334794 1235.06 1.5254e+06 0.136866
2.05 -0.981055 1.10131 0.999369 0.99874 0.00315672 1235.06 1.52542e+06 0.139841
2.06 -0.990946 1.09874 0.999398 0.998797 0.00304332 1235.04 1.52536e+06 0.135985
2.07 -1.001 1.09322 0.999434 0.99887 0.00284626 1235.17 1.52567e+06 0.138371
2.08 -1.01115 1.06649 0.999467 0.998936 0.00264197 1235.09 1.52547e+06 0.138514
2.09 -1.02115 1.0995 0.999494 0.99899 0.00257486 1235.12 1.52554e+06 0.136163
2.1 -1.03119 1.11087 0.999503 0.999006 0.00250728 1235.04 1.52535e+06 0.138486
2.11 -1.04135 1.07236 0.999541 0.999083 0.00227511 1235.15 1.52562e+06 0.135761
2.12 -1.05117 1.07895 0.999563 0.999126 0.00221958 1235.13 1.52559e+06 0.140822
2.13 -1.06138 1.09922 0.999593 0.999187 0.0020259 1235.16 1.52566e+06 0.135326
2.14 -1.07135 1.0821 0.999599 0.999198 0.00202014 1235.15 1.52563e+06 0.136308
2.15 -1.0813 1.09967 0.999616 0.999233 0.00192895 1235.11 1.52552e+06 0.139186
2.16 -1.09156 1.07057 0.999628 0.999256 0.0018361 1235.26 1.52591e+06 0.136707
2.17 -1.10149 1.07587 0.999663 0.999326 0.00168063 1235.21 1.52577e+06 0.138463
2.18 -1.11153 1.08032 0.999677 0.999355 0.0016138 1235.16 1.52566e+06 0.136183
2.19 -1.12162 1.0649 0.999689 0.999378 0.00156093 1235.15 1.52562e+06 0.137415
2.2 -1.13139 1.05002 0.999709 0.999418 0.00147433 1235.16 1.52565e+06 0.13789
2.21 -1.14163 1.08618 0.999719 0.999439 0.00142119 1235.18 1.52569e+06 0.138187
2.22 -1.15167 1.07475 0.999738 0.999477 0.00131705 1235.21 1.52578e+06 0.134362
2.23 -1.16168 1.07934 0.999752 0.999505 0.00123668 1235.14 1.5256e+06 0.13752
2.24 -1.17171 1.07423 0.999752 0.999504 0.00125993 1235.21 1.52579e+06 0.136431
2.25 -1.1817 1.07339 0.999775 0.99955 0.00112047 1235.18 1.5257e+06 0.137319
2.26 -1.19184 1.06529 0.999782 0.999564 0.0010944 1235.32 1.52604e+06 0.137178
2.27 -1.20169 1.05993 0.999791 0.999583 0.00104766 1235.24 1.52585e+06 0.136823
2.28 -1.21171 1.05356 0.999808 0.999616 0.000963069 1235.23 1.52583e+06 0.133953
2.29 -1.22181 1.05613 0.999803 0.999607 0.000988927 1235.2 1.52574e+06 0.138973
2.3 -1.23175 1.05881 0.99982 0.999639 0.000915316 1235.22 1.5258e+06 0.136563
2.31 -1.2418 1.0532 0.999834 0.999668 0.000839604 1235.28 1.52594e+06 0.137642
2.32 -1.25184 1.05779 0.999835 0.99967 0.000833468 1235.23 1.52582e+06 0.139282
2.33 -1.26181 1.04365 0.999845 0.999689 0.00076676 1235.31 1.52603e+06 0.13817
2.34 -1.27183 1.05235 0.999848 0.999697 0.000773611 1235.25 1.52588e+06 0.137488
2.35 -1.28188 1.05661 0.999858 0.999717 0.000715274 1235.28 1.52596e+06 0.138206
2.36 -1.29187 1.0562 0.99987 0.99974 0.000654796 1235.26 1.5259e+06 0.138985
2.37 -1.30183 1.06668 0.999877 0.999754 0.000615964 1235.22 1.52581e+06 0.135022
2.38 -1.31194 1.07041 0.999882 0.999765 0.000582986 1235.31 1.52603e+06 0.135679
2.39 -1.3219 1.05418 0.999893 0.999786 0.000540358 1235.25 1.52587e+06 0.133986
2.4 -1.33178 1.03196 0.999882 0.999764 0.000594035 1235.28 1.52595e+06 0.137588
2.41 -1.34193 1.04598 0.999895 0.99979 0.000526663 1235.26 1.52589e+06 0.137085
2.42 -1.35197 1.04125 0.999904 0.999808 0.000488501 1235.31 1.52603e+06 0.138171
2.43 -1.36192 1.05889 0.999902 0.999804 0.000499199 1235.19 1.52574e+06 0.134973
2.44 -1.37201 1.05667 0.999911 0.999823 0.000444347 1235.27 1.52593e+06 0.137931
2.45 -1.3818 1.04894 0.999912 0.999824 0.000435454 1235.23 1.52582e+06 0.134697
2.46 -1.39195 1.06112 0.999916 0.999833 0.000414729 1235.36 1.52616e+06 0.139959
2.47 -1.402 1.04243 0.999923 0.999846 0.000387797 1235.27 1.52593e+06 0.134578
2.48 -1.41192 1.03627 0.999927 0.999854 0.000368839 1235.24 1.52584e+06 0.134631
2.49 -1.42198 1.06245 0.999928 0.999857 0.000358458 1235.27 1.52593e+06 0.136703
2.5 -1.43191 1.0481 0.999938 0.999876 0.00031052 1235.31 1.52603e+06 0.13742
2.51 -1.44219 1.05892 0.999939 0.999878 0.000309214 1235.36 1.52614e+06 0.134158
2.52 -1.45199 1.05007 0.999941 0.999882 0.00029847 1235.24 1.52584e+06 0.136604
2.53 -1.462 1.03835 0.99994 0.999881 0.000297483 1235.27 1.52594e+06 0.1391
2.54 -1.47196 1.04872 0.999949 0.999898 0.00025419 1235.26 1.52591e+06 0.136459
2.55 -1.48195 1.06103 0.99995 0.9999 0.000254903 1235.25 1.52588e+06 0.134921
2.56 -1.49205 1.04611 0.999949 0.999897 0.000254547 1235.29 1.52599e+06 0.137802
2.57 -1.502 1.04409 0.999953 0.999907 0.000235085 1235.25 1.52587e+06 0.135737
2.58 -1.51205 1.04846 0.999959 0.999918 0.000200481 1235.28 1.52595e+06 0.138377
2.59 -1.52206 1.03763 0.999961 0.999923 0.000194053 1235.21 1.52578e+06 0.135732
2.6 -1.5321 1.04616 0.999961 0.999922 0.000195673 1235.34 1.52609e+06 0.134556
2.61 -1.54196 1.02845 0.999962 0.999924 0.000190243 1235.29 1.52598e+06 0.134698
2.62 -1.55192 1.04994 0.999966 0.999931 0.000171944 1235.28 1.52595e+06 0.1379
2.63 -1.56196 1.03398 0.999967 0.999935 0.000163181 1235.27 1.52592e+06 0.138858
2.64 -1.57187 1.06439 0.999965 0.99993 0.000176562 1235.33 1.52607e+06 0.136232
2.65 -1.58217 1.0471 0.999969 0.999938 0.00015305 1235.35 1.52612e+06 0.138568
2.66 -1.59209 1.04852 0.999968 0.999937 0.000161605 1235.3 1.526e+06 0.139111
2.67 -1.60219 1.06544 0.999972 0.999945 0.000137983 1235.28 1.52594e+06 0.138651
2.68 -1.61206 1.03654 0.999972 0.999944 0.000139215 1235.29 1.52596e+06 0.137301
2.69 -1.62204 1.05299 0.999976 0.999951 0.000119826 1235.21 1.52578e+06 0.138577
2.7 -1.63207 1.05832 0.999978 0.999956 0.000110557 1235.3 1.526e+06 0.136174
2.71 -1.64203 1.03903 0.999978 0.999956 0.00011187 1235.32 1.52604e+06 0.136149
2.72 -1.65205 1.05023 0.999977 0.999953 0.000116474 1235.34 1.52609e+06 0.135807
2.73 -1.66206 1.03023 0.99998 0.999959 0.000102534 1235.31 1.52601e+06 0.137597
2.74 -1.67217 1.05234 0.999982 0.999964 8.97819e-05 1235.25 1.52588e+06 0.135886
2.75 -1.68224 1.03687 0.99998 0.999961 9.8718e-05 1235.26 1.52591e+06 0.136835
2.76 -1.6921 1.05063 0.99998 0.999961 9.82741e-05 1235.25 1.52588e+06 0.137008
2.77 -1.70208 1.04978 0.999984 0.999967 8.21241e-05 1235.37 1.52616e+06 0.137417
2.78 -1.71197 1.04498 0.999985 0.99997 7.48638e-05 1235.3 1.526e+06 0.136528
2.79 -1.72198 1.03389 0.999984 0.999968 7.82742e-05 1235.25 1.52589e+06 0.13651
2.8 -1.73208 1.04358 0.999986 0.999972 7.32152e-05 1235.33 1.52608e+06 0.137156
2.81 -1.74206 1.06182 0.999987 0.999974 6.50434e-05 1235.31 1.52601e+06 0.136549
2.82 -1.75207 1.03405 0.999988 0.999977 5.77701e-05 1235.31 1.52602e+06 0.134543
2.83 -1.76196 1.03063 0.999987 0.999975 6.24778e-05 1235.26 1.52591e+06 0.139693
2.84 -1.77212 1.02885 0.999987 0.999974 6.41883e-05 1235.27 1.52593e+06 0.135719
2.85 -1.78215 1.04944 0.999987 0.999975 6.33458e-05 1235.3 1.52601e+06 0.137656
2.86 -1.79199 1.03446 0.999987 0.999974 6.46159e-05 1235.26 1.52591e+06 0.13814
2.87 -1.80213 1.03177 0.99999 0.999979 5.221e-05 1235.3 1.526e+06 0.13672
2.88 -1.81211 1.03433 0.99999 0.99998 5.00652e-05 1235.32 1.52606e+06 0.135963
2.89 -1.82201 1.04416 0.99999 0.99998 4.8768e-05 1235.26 1.52591e+06 0.136821
2.9 -1.83201 1.05375 0.999993 0.999986 3.63124e-05 1235.29 1.52599e+06 0.136966
2.91 -1.84208 1.04763 0.999992 0.999984 4.10368e-05 1235.29 1.52597e+06 0.137279
2.92 -1.85212 1.04147 0.999993 0.999986 3.37221e-05 1235.31 1.52603e+06 0.135909
2.93 -1.86199 1.05769 0.999993 0.999986 3.54444e-05 1235.27 1.52592e+06 0.137141
2.94 -1.87204 1.04627 0.999993 0.999986 3.58748e-05 1235.27 1.52593e+06 0.136751
2.95 -1.88224 1.04781 0.999994 0.999988 3.11437e-05 1235.29 1.52597e+06 0.138898
2.96 -1.89217 1.04769 0.999994 0.999989 2.85513e-05 1235.37 1.52617e+06 0.136627
2.97 -1.90207 1.05347 0.999994 0.999988 2.98446e-05 1235.32 1.52604e+06 0.13804
2.98 -1.91219 1.05705 0.999994 0.999988 3.11375e-05 1235.3 1.52599e+06 0.13705
2.99 -1.92206 1.04597 0.999995 0.99999 2.46691e-05 1235.31 1.52601e+06 0.137228
