1 0.522539 0.210458 0.373236 0.139735 0.247229 312.566 97802.2 0.33524
0.99 0.519991 0.205541 0.372742 0.139356 0.244038 313.058 98106.2 0.3259
0.98 0.518304 0.209475 0.371905 0.138736 0.248312 313.39 98318.2 0.341689
0.97 0.515486 0.216834 0.371072 0.138124 0.255156 314.059 98735.4 0.335472
0.96 0.513795 0.217069 0.370148 0.137429 0.251547 314.492 99006.1 0.334015
0.95 0.511864 0.219138 0.369099 0.136673 0.266375 314.872 99246.4 0.340707
0.94 0.509025 0.223463 0.368544 0.136249 0.260016 315.558 99680.2 0.34798
0.93 0.507257 0.228561 0.367535 0.135506 0.262299 315.83 99848.9 0.341597
0.92 0.504869 0.227858 0.366783 0.134962 0.27055 316.441 100235 0.344218
0.91 0.502461 0.232426 0.365689 0.134155 0.270418 316.953 100558 0.344385
0.9 0.500116 0.222477 0.364969 0.133622 0.26866 317.339 100802 0.343735
0.89 0.497736 0.231711 0.364061 0.13297 0.277992 318.056 101258 0.34646
0.88 0.495152 0.233989 0.36313 0.132286 0.276931 318.513 101547 0.342179
0.87 0.493257 0.241721 0.362286 0.131681 0.284672 318.938 101818 0.347584
0.86 0.490688 0.240582 0.361175 0.130871 0.28374 319.517 102188 0.351659
0.85 0.488181 0.245465 0.360238 0.130204 0.293045 319.977 102482 0.35377
0.84 0.485694 0.252605 0.359343 0.129552 0.291335 320.623 102896 0.359108
0.83 0.483385 0.25426 0.358215 0.128744 0.29542 321.331 103350 0.360906
0.82 0.48061 0.252682 0.357262 0.128056 0.294742 321.969 103759 0.359702
0.81 0.477997 0.254274 0.356174 0.127283 0.300536 322.539 104125 0.357198
0.8 0.475857 0.262937 0.355153 0.126569 0.31377 322.971 104404 0.362351
0.79 0.472859 0.263117 0.353976 0.125733 0.316298 323.739 104900 0.364267
0.78 0.47049 0.265272 0.352917 0.124968 0.308237 324.401 105329 0.366345
0.77 0.467393 0.275585 0.351995 0.124332 0.322787 325.061 105760 0.37886
0.76 0.46517 0.274453 0.350716 0.123422 0.318692 325.529 106061 0.370472
0.75 0.461979 0.278955 0.349641 0.122666 0.320632 326.41 106634 0.370753
0.74 0.459494 0.279497 0.348539 0.121907 0.333126 326.89 106948 0.375109
0.73 0.456539 0.283842 0.347343 0.121073 0.335822 327.627 107430 0.377773
0.72 0.453849 0.289158 0.346358 0.120375 0.329267 328.327 107887 0.373649
0.71 0.450713 0.296926 0.345071 0.1195 0.345422 329.222 108476 0.380652
0.7 0.447862 0.295514 0.343647 0.118517 0.348604 329.842 108885 0.383906
0.69 0.444978 0.29889 0.34244 0.117678 0.34435 330.647 109416 0.386941
0.68 0.442042 0.308768 0.341243 0.116878 0.365658 331.304 109849 0.384742
0.67 0.438583 0.303428 0.340312 0.116232 0.360634 332.241 110471 0.392251
0.66 0.435474 0.311482 0.338834 0.115228 0.366105 333.077 111028 0.395767
0.65 0.432298 0.317661 0.337401 0.114252 0.366069 333.826 111525 0.391988
0.64 0.429077 0.327044 0.33622 0.113462 0.375833 334.603 112043 0.392142
0.63 0.425845 0.329649 0.335044 0.112668 0.377751 335.497 112642 0.394951
0.62 0.422473 0.332846 0.333562 0.111682 0.38898 336.362 113222 0.394841
0.61 0.419272 0.332161 0.332239 0.110805 0.398976 337.278 113839 0.400328
0.6 0.415802 0.341418 0.331147 0.110075 0.399423 338.057 114364 0.403856
0.59 0.412636 0.351261 0.329538 0.109009 0.403916 338.919 114947 0.405616
0.58 0.408642 0.348558 0.328227 0.10815 0.414085 340.191 115810 0.404613
0.57 0.405009 0.362029 0.326838 0.107246 0.427248 341.168 116478 0.421533
0.56 0.40145 0.368009 0.325566 0.106407 0.424796 342.074 117096 0.42263
0.55 0.397791 0.374065 0.32389 0.105318 0.432976 343.085 117786 0.41828
0.54 0.394328 0.379803 0.322592 0.104474 0.436227 344.013 118424 0.425586
0.53 0.390252 0.379254 0.321017 0.103462 0.44537 345.104 119175 0.426719
0.52 0.386351 0.392017 0.31959 0.102552 0.459224 346.401 120071 0.427039
0.51 0.382437 0.40068 0.318023 0.101554 0.469016 347.598 120902 0.435156
0.5 0.378538 0.413195 0.316359 0.100515 0.497645 348.693 121664 0.44017
0.49 0.374114 0.412537 0.31499 0.0996384 0.493143 349.938 122532 0.44126
0.48 0.370118 0.429362 0.313613 0.0987597 0.487943 351.236 123441 0.441785
0.47 0.365743 0.433647 0.311745 0.0975996 0.508215 352.535 124356 0.450694
0.46 0.361682 0.435634 0.310297 0.0967012 0.521944 353.755 125216 0.448994
0.45 0.357108 0.43749 0.308824 0.0957888 0.533099 355.133 126192 0.452397
0.44 0.352507 0.458937 0.307196 0.0947821 0.53997 356.632 127257 0.454444
0.43 0.348094 0.454457 0.305525 0.0937648 0.561673 358.015 128246 0.460498
0.42 0.343136 0.475974 0.30431 0.0930162 0.564937 359.501 129311 0.466803
0.41 0.338589 0.483743 0.302601 0.0919751 0.572955 360.977 130375 0.473192
0.4 0.333455 0.494178 0.301036 0.0910368 0.596742 362.679 131603 0.464998
0.39 0.328319 0.511759 0.299425 0.0900666 0.607406 364.48 132914 0.479077
0.38 0.323477 0.525959 0.297944 0.0891933 0.640972 365.993 134019 0.486541
0.37 0.318147 0.531322 0.296561 0.0883617 0.643551 367.63 135220 0.499529
0.36 0.312579 0.555326 0.295095 0.0874969 0.665771 369.639 136699 0.498641
0.35 0.307237 0.553637 0.293481 0.0865483 0.6866 371.515 138087 0.493709
0.34 0.301557 0.563664 0.292396 0.0859081 0.699334 373.398 139489 0.491543
0.33 0.295654 0.591555 0.291104 0.0851526 0.717828 375.365 140962 0.506223
0.32 0.28991 0.621513 0.290006 0.0845183 0.746755 377.381 142481 0.5304
0.31 0.283608 0.632157 0.289003 0.0839433 0.781999 379.679 144218 0.521138
0.3 0.277149 0.654585 0.287774 0.0832355 0.809336 382.085 146050 0.528408
0.29 0.270598 0.660118 0.287141 0.0828739 0.842329 384.32 147761 0.533041
0.28 0.263656 0.694209 0.286505 0.0825047 0.862763 386.978 149811 0.545926
0.27 0.256606 0.706854 0.286305 0.0823968 0.909908 389.38 151674 0.54407
0.26 0.249312 0.740099 0.286167 0.0823185 0.946173 392.215 153888 0.5483
0.25 0.241867 0.768912 0.2866 0.0825635 0.976486 394.897 155998 0.553106
0.24 0.233985 0.797129 0.287206 0.0829191 1.03694 397.821 158315 0.553273
0.23 0.225719 0.846124 0.288493 0.0836644 1.09225 400.803 160696 0.577376
0.22 0.217089 0.881154 0.290143 0.0846331 1.17881 404.013 163278 0.581664
0.21 0.207848 0.92725 0.2932 0.0864232 1.25322 407.305 165946 0.572716
0.2 0.198608 0.966328 0.296345 0.0882931 1.36208 410.758 168770 0.58858
0.19 0.188651 1.03386 0.300856 0.0909954 1.45764 414.321 171708 0.593078
0.18 0.178014 1.07985 0.306906 0.0946876 1.58743 417.805 174606 0.595203
0.17 0.166906 1.15548 0.314579 0.0994678 1.72029 421.35 177578 0.586968
0.16 0.15532 1.23783 0.323799 0.105381 1.92543 425.087 180739 0.593808
0.15 0.142546 1.28948 0.336895 0.114053 2.12917 428.712 183833 0.601772
0.14 0.1293 1.34641 0.352693 0.124979 2.41242 431.999 186658 0.579547
0.13 0.115279 1.46793 0.372821 0.139617 2.75389 434.913 189182 0.582533
0.12 0.10029 1.50702 0.399399 0.16017 3.12412 437.062 191054 0.584785
0.11 0.084625 1.62143 0.432919 0.188122 3.68065 438.101 191961 0.583901
0.1 0.0675577 1.79564 0.477551 0.228818 4.39924 437.726 191630 0.590096
0.09 0.0489971 1.97514 0.536548 0.288683 5.11974 435.398 189594 0.576769
0.08 0.0283857 2.17934 0.613275 0.376873 5.51876 430.906 185698 0.534876
0.07 0.00487915 2.44314 0.709444 0.503951 5.26414 424.727 180406 0.431519
0.06 -0.0195518 2.49051 0.809207 0.655242 4.09437 418.681 175302 0.334371
0.05 -0.0427833 2.14419 0.895578 0.802271 2.43678 414.341 171684 0.245991
0.04 -0.0624753 1.76325 0.956232 0.914463 1.19067 412.192 169906 0.201106
0.03 -0.0779598 1.33919 0.989176 0.978489 0.368415 411.901 169664 0.175144
0.02 -0.089762 1.06117 0.999277 0.998555 0.0358372 412.963 170540 0.16921
0.01 -0.0999722 1.00562 1 1 1.73594e-05 414.546 171849 0.164523
