0 0.2081 0.684802 2.47396e-05 4.38549e-08 0.000124539 441.598 195077 0.76308
0.01 0.208141 0.682182 2.46528e-05 4.37042e-08 0.000124118 441.608 195084 0.75863
0.02 0.208223 0.687185 2.37847e-05 4.15943e-08 0.000118162 441.505 194994 0.761391
0.03 0.208296 0.68511 3.03819e-05 5.33492e-08 0.000150987 441.568 195049 0.760841
0.04 0.208173 0.672775 2.89931e-05 5.18422e-08 0.000146885 441.646 195119 0.762741
0.05 0.208141 0.670389 3.31597e-05 5.87746e-08 0.000166104 441.59 195068 0.746338
0.06 0.2081 0.685809 3.23785e-05 5.86239e-08 0.000165818 441.62 195095 0.752918
0.07 0.20827 0.670716 3.33333e-05 5.96788e-08 0.000168675 441.475 194967 0.762786
0.08 0.208226 0.680324 3.09028e-05 5.42535e-08 0.0001535 441.456 194950 0.75633
0.09 0.208111 0.676563 3.34201e-05 5.89253e-08 0.000166488 441.664 195134 0.758639
0.1 0.208352 0.674691 3.94965e-05 6.9776e-08 0.000196462 441.339 194848 0.761578
0.11 0.208281 0.692306 4.48785e-05 7.97225e-08 0.0002238 441.365 194870 0.757814
0.12 0.208312 0.666711 4.44444e-05 7.95718e-08 0.000223478 441.461 194954 0.751979
0.13 0.208397 0.679046 4.51389e-05 8.0476e-08 0.000225903 441.362 194867 0.750588
0.14 0.208274 0.69692 5.06944e-05 9.04225e-08 0.000253015 441.517 195003 0.749466
0.15 0.208295 0.680079 5.07813e-05 9.05732e-08 0.000253424 441.631 195105 0.753191
0.16 0.208183 0.673327 5.06076e-05 9.14774e-08 0.000256079 441.566 195049 0.771984
0.17 0.208137 0.674592 5.74653e-05 1.04589e-07 0.000291705 441.651 195122 0.749054
0.18 0.208271 0.692069 5.25174e-05 9.44915e-08 0.000264192 441.535 195022 0.772935
0.19 0.208089 0.671557 6.03299e-05 1.08356e-07 0.000301584 441.575 195055 0.751553
0.2 0.208183 0.668339 6.30208e-05 1.13631e-07 0.000315819 441.583 195062 0.752215
0.21 0.208099 0.684126 7.30903e-05 1.29907e-07 0.000358746 441.608 195085 0.764328
0.22 0.208178 0.68136 6.69271e-05 1.20111e-07 0.00033302 441.542 195026 0.75718
0.23 0.208259 0.68545 7.55208e-05 1.36236e-07 0.000375935 441.535 195019 0.752846
0.24 0.208391 0.671858 6.96181e-05 1.25386e-07 0.000347153 441.486 194976 0.751342
0.25 0.208416 0.679067 7.97743e-05 1.43922e-07 0.000396168 441.441 194936 0.751408
0.26 0.208237 0.678862 8.45486e-05 1.53115e-07 0.000420385 441.576 195056 0.759093
0.27 0.208158 0.678552 8.66319e-05 1.60349e-07 0.000440191 441.576 195056 0.753295
0.28 0.208319 0.66626 9.56597e-05 1.75721e-07 0.000479722 441.494 194983 0.745904
0.29 0.20835 0.671147 9.90451e-05 1.81297e-07 0.000493883 441.547 195029 0.746888
0.3 0.208224 0.682132 0.000104427 1.91243e-07 0.000519375 441.606 195082 0.757003
0.31 0.208193 0.675474 0.000113455 2.07821e-07 0.000561453 441.618 195093 0.751996
0.32 0.208076 0.661972 0.000115365 2.12041e-07 0.000572347 441.691 195158 0.759408
0.33 0.208176 0.685684 0.000114931 2.13096e-07 0.000575673 441.696 195162 0.753334
0.34 0.208395 0.685182 0.000132031 2.45196e-07 0.000655958 441.525 195012 0.758458
0.35 0.20821 0.6731 0.00013342 2.48812e-07 0.000665313 441.675 195144 0.763136
0.36 0.208256 0.683085 0.000137326 2.52881e-07 0.000673986 441.698 195164 0.758766
0.37 0.208275 0.662629 0.00014809 2.75788e-07 0.00073111 441.637 195110 0.764854
0.38 0.208292 0.682207 0.000150694 2.86338e-07 0.000759251 441.531 195016 0.754678
0.39 0.208253 0.673373 0.000167274 3.19342e-07 0.00083912 441.6 195078 0.758271
0.4 0.208413 0.705777 0.000168663 3.13917e-07 0.000822152 441.523 195010 0.770424
0.41 0.208084 0.688102 0.000182118 3.47524e-07 0.000905347 441.774 195231 0.753019
0.42 0.208331 0.69142 0.000189323 3.67567e-07 0.000955365 441.658 195129 0.763323
0.43 0.208275 0.685123 0.000196875 3.88515e-07 0.0010073 441.658 195127 0.746857
0.44 0.20849 0.660752 0.000217535 4.18355e-07 0.00106858 441.678 195147 0.758512
0.45 0.208357 0.686819 0.000219358 4.28753e-07 0.00109623 441.611 195088 0.767616
0.46 0.208364 0.680614 0.000236024 4.65826e-07 0.00118114 441.581 195060 0.752213
0.47 0.208497 0.68038 0.000248872 4.86021e-07 0.00122136 441.612 195089 0.761153
0.48 0.208337 0.671661 0.000255816 5.10435e-07 0.00128158 441.761 195220 0.759802
0.49 0.2084 0.663033 0.000260937 5.16915e-07 0.00129262 441.668 195136 0.744776
0.5 0.208225 0.698435 0.000283854 5.72977e-07 0.00141812 441.972 195406 0.756895
0.51 0.208374 0.670042 0.000302951 6.10653e-07 0.00149436 441.829 195280 0.758459
0.52 0.208337 0.654651 0.00031467 6.57221e-07 0.00160763 441.755 195214 0.754112
0.53 0.208608 0.683778 0.000321962 6.56618e-07 0.00159252 441.589 195069 0.765129
0.54 0.208553 0.671377 0.000347396 7.27298e-07 0.00174705 441.67 195139 0.756654
0.55 0.208428 0.682333 0.000366493 7.66782e-07 0.0018215 441.894 195337 0.759221
0.56 0.208281 0.671742 0.000390017 8.42285e-07 0.00198769 442.051 195475 0.750112
0.57 0.208474 0.67839 0.000415625 9.00306e-07 0.00209538 441.824 195276 0.761868
0.58 0.208538 0.672966 0.000421181 8.94881e-07 0.00206636 441.787 195243 0.756878
0.59 0.20855 0.683394 0.000460677 1.0174e-06 0.00231892 441.845 195295 0.769562
0.6 0.208496 0.668042 0.000471181 1.03986e-06 0.0023554 441.778 195234 0.753379
0.61 0.208572 0.686668 0.000508507 1.1562e-06 0.00258515 441.789 195246 0.771033
0.62 0.208482 0.690608 0.000515538 1.16148e-06 0.00257961 441.895 195339 0.766252
0.63 0.208364 0.677111 0.000545399 1.26185e-06 0.00277743 442.024 195453 0.768616
0.64 0.208683 0.68874 0.000565538 1.28837e-06 0.00278938 441.976 195410 0.756075
0.65 0.208563 0.67287 0.000601215 1.3904e-06 0.00296334 442.003 195435 0.769492
0.66 0.208642 0.690255 0.000616406 1.46349e-06 0.00312057 441.848 195297 0.763382
0.67 0.208348 0.671742 0.000656684 1.56958e-06 0.00327845 442.13 195546 0.758735
0.68 0.208606 0.688599 0.000704601 1.74078e-06 0.00358364 442.123 195538 0.745929
0.69 0.208425 0.679849 0.000730382 1.78343e-06 0.00359993 442.223 195629 0.759811
0.7 0.208457 0.672342 0.000782031 1.9798e-06 0.00394049 442.251 195655 0.780778
0.71 0.208649 0.69637 0.000827431 2.10413e-06 0.00408813 442.213 195620 0.773705
0.72 0.208486 0.665326 0.000843229 2.19938e-06 0.00428642 442.184 195594 0.758267
0.73 0.20857 0.678055 0.00087908 2.28754e-06 0.0043625 442.249 195652 0.762597
0.74 0.208585 0.674187 0.000936979 2.4836e-06 0.00462434 442.403 195788 0.767801
0.75 0.208625 0.69012 0.000998351 2.76467e-06 0.00509173 442.508 195882 0.773224
0.76 0.208755 0.676877 0.00102344 2.85343e-06 0.0052013 442.325 195719 0.764833
0.77 0.208667 0.684754 0.00107352 3.05462e-06 0.00547824 442.441 195823 0.776471
0.78 0.208652 0.675069 0.0011572 3.36477e-06 0.00583386 442.555 195924 0.771486
0.79 0.208561 0.678759 0.00120035 3.54788e-06 0.00606828 442.524 195896 0.776602
0.8 0.208621 0.687535 0.00125799 3.76399e-06 0.00628259 442.648 196005 0.77263
0.81 0.208935 0.6877 0.00134123 4.13547e-06 0.00672931 442.536 195907 0.773467
0.82 0.208745 0.682596 0.00140868 4.44878e-06 0.00709748 442.793 196135 0.784089
0.83 0.208658 0.682599 0.00146033 4.68132e-06 0.00734042 442.862 196195 0.77901
0.84 0.208757 0.683918 0.00153299 5.01393e-06 0.00767197 442.894 196224 0.774601
0.85 0.208894 0.692666 0.00164852 5.62081e-06 0.00836115 443 196318 0.774108
0.86 0.208939 0.680554 0.00177023 6.21669e-06 0.00887903 443.103 196409 0.776389
0.87 0.20892 0.677798 0.00180182 6.36197e-06 0.00897237 443.055 196367 0.779364
0.88 0.209085 0.680722 0.00193385 7.07706e-06 0.00961134 443.115 196419 0.772638
0.89 0.208953 0.683632 0.00200634 7.46452e-06 0.00990471 443.113 196419 0.7929
0.9 0.208683 0.698642 0.00208863 8.08663e-06 0.0107259 443.469 196735 0.791876
0.91 0.208941 0.680517 0.00222891 8.94745e-06 0.0114608 443.538 196797 0.804544
0.92 0.208854 0.66843 0.00231988 9.3866e-06 0.0115337 443.565 196819 0.783829
0.93 0.209111 0.68257 0.00249948 1.06536e-05 0.0126898 443.638 196886 0.805791
0.94 0.208981 0.691705 0.00257214 1.11758e-05 0.0131325 443.743 196979 0.795543
0.95 0.208785 0.671797 0.00270573 1.20162e-05 0.0135224 444.042 197244 0.790512
0.96 0.208997 0.685272 0.00285911 1.32609e-05 0.0146487 443.923 197138 0.798912
0.97 0.209135 0.684641 0.00301736 1.44124e-05 0.0152869 443.976 197186 0.799141
0.98 0.209141 0.688074 0.00309132 1.50363e-05 0.0157827 444.138 197331 0.820244
0.99 0.209091 0.683902 0.00329132 1.67399e-05 0.0170125 444.257 197436 0.811237
1 0.209137 0.675478 0.00353924 1.88507e-05 0.0182145 444.628 197767 0.819548
1.01 0.209047 0.672956 0.00368238 2.02171e-05 0.0191727 444.733 197859 0.806778
1.02 0.209092 0.682782 0.00394149 2.25417e-05 0.0201783 445.05 198142 0.817002
1.03 0.209166 0.703885 0.00415104 2.45602e-05 0.0211078 445.161 198241 0.816485
1.04 0.209109 0.684933 0.00429931 2.5935e-05 0.0214587 445.233 198303 0.795857
1.05 0.209092 0.681509 0.00454635 2.8855e-05 0.0235747 445.493 198538 0.825038
1.06 0.209125 0.678752 0.00475981 3.13526e-05 0.0250469 445.619 198648 0.812566
1.07 0.208969 0.687502 0.00509896 3.53829e-05 0.0270246 446.038 199024 0.836489
1.08 0.209165 0.677131 0.00531059 3.78126e-05 0.0276774 446.132 199109 0.839279
1.09 0.209137 0.70151 0.00555799 4.08761e-05 0.0287564 446.351 199305 0.842613
1.1 0.209055 0.677409 0.00587604 4.56118e-05 0.0319217 446.672 199591 0.835528
1.11 0.209104 0.676911 0.00622335 4.98057e-05 0.0318979 447.131 200002 0.853954
1.12 0.208846 0.677007 0.00652865 5.44361e-05 0.0340212 447.341 200190 0.844847
1.13 0.209161 0.693579 0.00693533 6.04795e-05 0.0356564 447.44 200280 0.868098
1.14 0.208939 0.677725 0.00722873 6.53991e-05 0.0378562 447.91 200699 0.844648
1.15 0.209081 0.684333 0.00768012 7.30763e-05 0.0405849 448.173 200937 0.867327
1.16 0.208931 0.658719 0.00815677 8.15794e-05 0.043334 448.784 201486 0.881511
1.17 0.208787 0.67916 0.00843628 8.66154e-05 0.0444801 448.93 201617 0.877676
1.18 0.208671 0.687755 0.00897943 9.67326e-05 0.0463751 449.559 202184 0.893426
1.19 0.208736 0.680306 0.00941571 0.000105957 0.0498267 449.797 202396 0.878487
1.2 0.20864 0.679449 0.00994097 0.000117037 0.0524577 450.451 202988 0.904977
1.21 0.208677 0.693519 0.0104822 0.000129615 0.0568466 450.704 203217 0.918152
1.22 0.208445 0.705334 0.0111068 0.000144218 0.0600694 451.367 203818 0.949879
1.23 0.208502 0.704467 0.0115851 0.000155053 0.0600154 451.573 204002 0.92879
1.24 0.208148 0.678016 0.012201 0.000170897 0.0634564 452.496 204838 0.945641
1.25 0.208233 0.672124 0.0129872 0.000193591 0.0717849 452.992 205289 0.955483
1.26 0.207935 0.696399 0.0137699 0.000216075 0.0762209 453.724 205954 0.969602
1.27 0.207764 0.701031 0.0145376 0.000238431 0.0780168 454.382 206552 0.982333
1.28 0.207878 0.696679 0.015451 0.000268245 0.0849884 455.099 207205 0.989596
1.29 0.20762 0.688913 0.0162877 0.000297103 0.0916259 455.855 207896 1.01154
1.3 0.207322 0.690858 0.016964 0.000319744 0.0920679 456.482 208468 1.01405
1.31 0.207127 0.685708 0.0180797 0.000363323 0.104971 457.419 209326 1.03309
1.32 0.206924 0.683892 0.0190342 0.000399789 0.107967 458.254 210093 1.04617
1.33 0.206415 0.712256 0.0202699 0.000450912 0.115327 459.617 211349 1.10134
1.34 0.206217 0.707085 0.0213714 0.000500947 0.127331 460.429 212098 1.12131
1.35 0.205939 0.700515 0.0225752 0.000553687 0.126861 461.45 213038 1.10712
1.36 0.205455 0.704267 0.023776 0.000612354 0.135527 462.405 213924 1.14228
1.37 0.205019 0.708245 0.0252219 0.000686142 0.143997 463.9 215312 1.17605
1.38 0.204493 0.711297 0.0271902 0.000796506 0.164734 465.628 216921 1.2028
1.39 0.203927 0.725391 0.0288859 0.00089843 0.184428 467.065 218267 1.25922
1.4 0.203468 0.732154 0.0307179 0.00100831 0.186402 468.775 219871 1.28977
1.41 0.202825 0.744173 0.0325088 0.00112672 0.201298 470.185 221199 1.33003
1.42 0.202261 0.74656 0.034248 0.00124708 0.213568 471.74 222665 1.33396
1.43 0.201261 0.754604 0.037062 0.001456 0.237343 474.316 225110 1.41653
1.44 0.200435 0.778717 0.0394258 0.00164478 0.260307 476.496 227190 1.48461
1.45 0.199446 0.788913 0.0419136 0.00185275 0.276473 478.67 229269 1.50615
1.46 0.198373 0.808714 0.0447038 0.00210875 0.317731 481.327 231833 1.63106
1.47 0.19701 0.832747 0.0485157 0.00247176 0.339801 484.662 235061 1.68945
1.48 0.195731 0.854145 0.0512552 0.00274893 0.350874 486.888 237226 1.71351
1.49 0.194422 0.887209 0.0553092 0.00319674 0.396386 490.488 240760 1.84477
1.5 0.192517 0.920121 0.0594635 0.00369214 0.449971 494.466 244690 1.95443
1.51 0.190403 0.974385 0.0650438 0.00442549 0.561026 499.166 249396 2.30414
1.52 0.187811 0.996787 0.0707946 0.00521614 0.588283 504.476 254729 2.3046
1.53 0.18535 1.12871 0.0766518 0.0061333 0.742472 509.915 260288 2.69945
1.54 0.181497 1.27999 0.0859909 0.00770766 0.902082 518.138 268790 3.11232
1.55 0.176189 1.66276 0.0979187 0.0100472 1.32232 528.762 280031 4.17889
1.56 -0.314944 1167.2 0.766553 0.734588 423.313 1055.39 1.2043e+06 428.529
1.57 -0.493187 1.32334 0.992883 0.985829 0.0376884 1232.85 1.51996e+06 0.142586
1.58 -0.50347 1.31339 0.993185 0.986429 0.0351406 1232.83 1.51991e+06 0.144886
1.59 -0.513915 1.31389 0.993584 0.987221 0.0341031 1233.12 1.52062e+06 0.143781
1.6 -0.524378 1.30371 0.993924 0.987896 0.0311597 1233.21 1.52084e+06 0.14431
1.61 -0.534697 1.27826 0.994183 0.988411 0.0303572 1233.26 1.52097e+06 0.140334
1.62 -0.545012 1.2863 0.994523 0.989085 0.0283079 1233.39 1.52128e+06 0.145551
1.63 -0.555186 1.25165 0.994739 0.989515 0.0269408 1233.47 1.52149e+06 0.142909
1.64 -0.565389 1.24864 0.995002 0.990038 0.0259505 1233.6 1.5218e+06 0.141896
1.65 -0.575899 1.24547 0.995309 0.990648 0.0239185 1233.73 1.52213e+06 0.141751
1.66 -0.586169 1.22515 0.995522 0.991071 0.0228713 1233.75 1.52219e+06 0.142557
1.67 -0.596346 1.26456 0.995769 0.991563 0.0216784 1233.86 1.52245e+06 0.140469
1.68 -0.606502 1.22298 0.995936 0.991895 0.0210187 1233.9 1.52255e+06 0.138591
1.69 -0.616772 1.22905 0.996168 0.992358 0.0199243 1233.93 1.52261e+06 0.140992
1.7 -0.626963 1.22221 0.996336 0.992692 0.0189039 1234 1.52279e+06 0.1406
1.71 -0.637276 1.1978 0.99653 0.993078 0.0179818 1234.08 1.523e+06 0.141063
1.72 -0.647377 1.21748 0.996679 0.993375 0.0171762 1234.05 1.5229e+06 0.143668
1.73 -0.657681 1.18115 0.996867 0.993749 0.0160081 1234.21 1.52332e+06 0.142446
1.74 -0.667817 1.21401 0.99701 0.994035 0.0151159 1234.31 1.52357e+06 0.141256
1.75 -0.678127 1.19037 0.997171 0.994355 0.0145893 1234.44 1.52386e+06 0.1406
1.76 -0.688298 1.19427 0.997308 0.994629 0.0138513 1234.42 1.52383e+06 0.139282
1.77 -0.698383 1.17052 0.99744 0.994891 0.0130178 1234.42 1.52382e+06 0.139038
1.78 -0.708396 1.18778 0.997555 0.99512 0.0123048 1234.46 1.52392e+06 0.140465
1.79 -0.718609 1.17335 0.997686 0.995382 0.0117333 1234.41 1.5238e+06 0.138882
1.8 -0.728756 1.17035 0.997814 0.995637 0.0111855 1234.54 1.52413e+06 0.138961
1.81 -0.739075 1.15062 0.997908 0.995824 0.0103491 1234.62 1.52432e+06 0.139692
1.82 -0.749151 1.14112 0.998037 0.996081 0.00987643 1234.68 1.52446e+06 0.140223
1.83 -0.759412 1.13889 0.998135 0.996276 0.00944972 1234.62 1.52432e+06 0.139735
1.84 -0.769324 1.14121 0.998198 0.996402 0.00927092 1234.73 1.5246e+06 0.138763
1.85 -0.779504 1.14413 0.998311 0.996628 0.00858865 1234.69 1.5245e+06 0.136974
1.86 -0.789527 1.14083 0.998373 0.996751 0.00827528 1234.68 1.52446e+06 0.139683
1.87 -0.799793 1.14629 0.998467 0.99694 0.00776304 1234.82 1.5248e+06 0.136575
1.88 -0.809942 1.12739 0.998553 0.99711 0.00728684 1234.72 1.52456e+06 0.138002
1.89 -0.819777 1.14215 0.998604 0.997213 0.00703051 1234.87 1.52494e+06 0.140306
1.9 -0.830031 1.12501 0.998672 0.997347 0.00667878 1234.86 1.52492e+06 0.138814
1.91 -0.840286 1.14371 0.99874 0.997484 0.00634774 1234.94 1.5251e+06 0.138565
1.92 -0.850301 1.11324 0.998814 0.997632 0.00592055 1234.93 1.5251e+06 0.137316
1.93 -0.860292 1.11173 0.998845 0.997693 0.00591226 1234.86 1.5249e+06 0.137378
1.94 -0.870478 1.10847 0.998915 0.997833 0.00550043 1234.91 1.52503e+06 0.13852
1.95 -0.880361 1.10486 0.998955 0.997912 0.00529762 1234.94 1.52511e+06 0.137343
1.96 -0.890475 1.12526 0.999016 0.998036 0.0049928 1234.93 1.52508e+06 0.140411
1.97 -0.900554 1.08162 0.999076 0.998153 0.00461757 1235.03 1.52532e+06 0.136339
1.98 -0.910743 1.10518 0.999116 0.998233 0.00449836 1235.02 1.5253e+06 0.137428
1.99 -0.920743 1.09051 0.999152 0.998307 0.00419499 1235.01 1.52528e+06 0.13671
2 -0.930859 1.10318 0.999209 0.99842 0.00397156 1235.03 1.52533e+06 0.136418
2.01 -0.940757 1.09415 0.999239 0.998479 0.00377012 1235.1 1.52549e+06 0.135951
2.02 -0.950894 1.09411 0.99928 0.998562 0.00360532 1235 1.52527e+06 0.135369
2.03 -0.960939 1.08331 0.999316 0.998633 0.00337044 1235.11 1.52554e+06 0.134584
2.04 -0.971036 1.07036 0.999346 0.998694 0.0032516 1235.01 1.52527e+06 0.138174
2.05 -0.98118 1.06216 0.999381 0.998764 0.00307633 1235.15 1.52563e+06 0.137336
2.06 -0.991272 1.1034 0.999411 0.998824 0.00298475 1235.11 1.52554e+06 0.138031
2.07 -1.00094 1.07022 0.999436 0.998874 0.00282148 1234.96 1.52515e+06 0.137447
2.08 -1.01114 1.07637 0.999475 0.998951 0.00263102 1235.13 1.52558e+06 0.13544
2.09 -1.02106 1.0744 0.999473 0.998947 0.00266394 1235.04 1.52535e+06 0.138116
2.1 -1.03123 1.08172 0.999515 0.999032 0.00237676 1235.09 1.52549e+06 0.139115
2.11 -1.0413 1.07482 0.999548 0.999097 0.00230916 1235.15 1.52562e+06 0.136069
2.12 -1.05115 1.0973 0.999558 0.999116 0.00221595 1235.13 1.52558e+06 0.13962
2.13 -1.06146 1.06227 0.999577 0.999155 0.00212638 1235.12 1.52556e+06 0.136797
2.14 -1.07143 1.08803 0.999603 0.999206 0.00196532 1235.25 1.52587e+06 0.139234
2.15 -1.08146 1.084 0.999611 0.999222 0.00194585 1235.23 1.52582e+06 0.136015
2.16 -1.09147 1.07232 0.999638 0.999277 0.00180044 1235.15 1.52562e+06 0.137321
2.17 -1.10144 1.06845 0.999653 0.999307 0.00174002 1235.19 1.52574e+06 0.135674
2.18 -1.11152 1.07151 0.999678 0.999356 0.00164944 1235.24 1.52585e+06 0.138474
2.19 -1.12155 1.0696 0.999698 0.999396 0.00149528 1235.21 1.52577e+06 0.13792
2.2 -1.13166 1.07489 0.99971 0.99942 0.00143933 1235.17 1.52567e+06 0.138016
2.21 -1.14156 1.06135 0.999714 0.999428 0.00145088 1235.23 1.52583e+06 0.136032
2.22 -1.15176 1.05154 0.99974 0.99948 0.00128958 1235.28 1.52595e+06 0.137681
2.23 -1.16167 1.05735 0.999745 0.999491 0.00126309 1235.2 1.52576e+06 0.136503
2.24 -1.17157 1.05564 0.999759 0.999519 0.00121985 1235.22 1.5258e+06 0.136922
2.25 -1.18166 1.05604 0.999774 0.999548 0.00112432 1235.2 1.52576e+06 0.136587
2.26 -1.19159 1.05047 0.999784 0.999567 0.00109592 1235.25 1.52589e+06 0.13614
2.27 -1.20161 1.06152 0.999787 0.999575 0.00105355 1235.21 1.52579e+06 0.137172
2.28 -1.21183 1.03528 0.999809 0.999618 0.000961762 1235.27 1.52592e+06 0.136272
2.29 -1.22171 1.05946 0.999814 0.999628 0.000918287 1235.25 1.52589e+06 0.135515
2.3 -1.2317 1.05876 0.999821 0.999642 0.000899393 1235.28 1.52595e+06 0.137675
2.31 -1.24182 1.0533 0.99983 0.99966 0.00084163 1235.24 1.52585e+06 0.137418
2.32 -1.25183 1.04682 0.999835 0.99967 0.000824622 1235.11 1.52553e+06 0.138464
2.33 -1.26177 1.03653 0.999842 0.999685 0.000790766 1235.27 1.52592e+06 0.137554
2.34 -1.27183 1.05098 0.999852 0.999705 0.000744575 1235.2 1.52576e+06 0.138474
2.35 -1.2818 1.05119 0.999859 0.999718 0.000708249 1235.14 1.52559e+06 0.14073
2.36 -1.29185 1.03145 0.999868 0.999736 0.000661667 1235.26 1.5259e+06 0.135588
2.37 -1.30193 1.05636 0.999868 0.999736 0.000654222 1235.24 1.52585e+06 0.135425
2.38 -1.31199 1.03836 0.99988 0.99976 0.000602409 1235.28 1.52595e+06 0.135493
2.39 -1.32175 1.07177 0.999885 0.999771 0.000573675 1235.34 1.52609e+06 0.13819
2.4 -1.33195 1.03249 0.99989 0.99978 0.000555386 1235.22 1.52581e+06 0.138092
2.41 -1.34201 1.05417 0.999902 0.999805 0.000492065 1235.35 1.52613e+06 0.137195
2.42 -1.35189 1.03784 0.999901 0.999802 0.000490795 1235.24 1.52584e+06 0.136328
2.43 -1.36197 1.07244 0.999903 0.999806 0.000486184 1235.32 1.52605e+06 0.136739
2.44 -1.37201 1.05098 0.999915 0.999829 0.000432113 1235.25 1.52587e+06 0.135636
2.45 -1.38208 1.05573 0.999913 0.999826 0.000432118 1235.28 1.52594e+06 0.133717
2.46 -1.39181 1.03782 0.999919 0.999839 0.000403105 1235.24 1.52585e+06 0.138007
2.47 -1.40203 1.04117 0.999921 0.999842 0.000394671 1235.31 1.52603e+06 0.138967
2.48 -1.41198 1.0523 0.999924 0.999848 0.000384312 1235.29 1.52597e+06 0.13599
2.49 -1.42195 1.03769 0.999931 0.999862 0.000348766 1235.35 1.52611e+06 0.134159
2.5 -1.43193 1.06281 0.999934 0.999869 0.000323534 1235.35 1.52612e+06 0.137162
2.51 -1.44185 1.05441 0.999934 0.999868 0.00032387 1235.18 1.5257e+06 0.137386
2.52 -1.45206 1.04773 0.999943 0.999885 0.000286496 1235.26 1.52589e+06 0.135058
2.53 -1.46185 1.04543 0.999944 0.999888 0.00028128 1235.18 1.52569e+06 0.136738
2.54 -1.47209 1.03881 0.999946 0.999893 0.00026561 1235.29 1.52597e+06 0.138972
2.55 -1.48188 1.04592 0.999949 0.999898 0.000256794 1235.25 1.52589e+06 0.137146
2.56 -1.49192 1.05303 0.999953 0.999906 0.000236633 1235.27 1.52593e+06 0.135371
2.57 -1.50194 1.04391 0.999956 0.999912 0.000218858 1235.27 1.52591e+06 0.138207
2.58 -1.51223 1.03558 0.999959 0.999917 0.000207715 1235.36 1.52616e+06 0.136809
2.59 -1.522 1.04678 0.999961 0.999921 0.000196502 1235.26 1.5259e+06 0.136009
2.6 -1.53195 1.05219 0.99996 0.999921 0.000196008 1235.27 1.52594e+06 0.137718
2.61 -1.54195 1.02528 0.999963 0.999926 0.000186129 1235.28 1.52596e+06 0.13471
2.62 -1.55208 1.07202 0.999964 0.999928 0.000176384 1235.33 1.52607e+06 0.136679
2.63 -1.56212 1.04925 0.999966 0.999933 0.000170761 1235.37 1.52617e+06 0.136411
2.64 -1.57201 1.04821 0.999969 0.999939 0.000154429 1235.3 1.52599e+06 0.135857
2.65 -1.58204 1.05617 0.999969 0.999938 0.000154786 1235.37 1.52616e+06 0.139197
2.66 -1.59211 1.04731 0.999972 0.999945 0.000136694 1235.37 1.52616e+06 0.135684
2.67 -1.60214 1.03388 0.999974 0.999948 0.000131701 1235.33 1.52606e+06 0.134762
2.68 -1.61215 1.0309 0.999972 0.999944 0.000142267 1235.31 1.52602e+06 0.137781
2.69 -1.62209 1.03599 0.999976 0.999952 0.000119899 1235.28 1.52596e+06 0.134634
2.7 -1.63196 1.03954 0.999975 0.99995 0.000124068 1235.25 1.52587e+06 0.136758
2.71 -1.642 1.03981 0.999978 0.999955 0.000110535 1235.29 1.52597e+06 0.136714
2.72 -1.65196 1.02311 0.999979 0.999959 0.000104674 1235.31 1.52602e+06 0.138032
2.73 -1.6621 1.04327 0.999978 0.999956 0.000108442 1235.27 1.52592e+06 0.136062
2.74 -1.67208 1.05935 0.99998 0.999959 0.000102958 1235.29 1.52597e+06 0.135568
2.75 -1.68222 1.0426 0.999981 0.999963 9.27375e-05 1235.34 1.52609e+06 0.138322
2.76 -1.69219 1.04643 0.999983 0.999966 8.59548e-05 1235.35 1.52613e+06 0.139696
2.77 -1.70211 1.04516 0.999981 0.999963 9.18881e-05 1235.26 1.52591e+06 0.136401
2.78 -1.71191 1.0401 0.999983 0.999967 8.25333e-05 1235.26 1.52591e+06 0.13919
2.79 -1.72217 1.03544 0.999985 0.99997 7.35842e-05 1235.37 1.52617e+06 0.136212
2.8 -1.73192 1.06342 0.999987 0.999974 6.54708e-05 1235.27 1.52592e+06 0.139136
2.81 -1.74203 1.04108 0.999986 0.999971 7.18774e-05 1235.26 1.5259e+06 0.137074
2.82 -1.75208 1.04503 0.999986 0.999973 6.76074e-05 1235.27 1.52592e+06 0.137891
2.83 -1.76204 1.05678 0.999987 0.999974 6.41883e-05 1235.31 1.52602e+06 0.136526
2.84 -1.77201 1.03806 0.999988 0.999976 6.16467e-05 1235.37 1.52618e+06 0.137659
2.85 -1.78211 1.04967 0.999989 0.999979 5.21996e-05 1235.32 1.52606e+06 0.136334
2.86 -1.79202 1.03291 0.999989 0.999978 5.47715e-05 1235.25 1.52588e+06 0.136272
2.87 -1.80205 1.04944 0.99999 0.99998 5.04842e-05 1235.28 1.52595e+06 0.136034
2.88 -1.81211 1.04514 0.999991 0.999982 4.36154e-05 1235.28 1.52595e+06 0.136955
2.89 -1.82208 1.04351 0.999992 0.999984 4.06069e-05 1235.26 1.52589e+06 0.135899
2.9 -1.83218 1.04417 0.999992 0.999984 4.01769e-05 1235.32 1.52605e+06 0.133779
2.91 -1.84195 1.05469 0.999991 0.999983 4.27561e-05 1235.28 1.52596e+06 0.137065
2.92 -1.85211 1.03829 0.99999 0.999981 4.79097e-05 1235.3 1.526e+06 0.137502
2.93 -1.86208 1.05124 0.999991 0.999983 4.31858e-05 1235.3 1.52599e+06 0.136378
2.94 -1.87219 1.04944 0.999993 0.999986 3.58748e-05 1235.34 1.52611e+06 0.1361
2.95 -1.88203 1.03506 0.999993 0.999985 3.71659e-05 1235.29 1.52598e+06 0.137155
2.96 -1.89218 1.02571 0.999992 0.999984 3.88867e-05 1235.3 1.52599e+06 0.137825
2.97 -1.90204 1.04648 0.999994 0.999988 3.02756e-05 1235.3 1.526e+06 0.137216
2.98 -1.91216 1.01959 0.999994 0.999989 2.76889e-05 1235.36 1.52616e+06 0.136837
2.99 -1.92211 1.03644 0.999994 0.999988 3.11375e-05 1235.29 1.52598e+06 0.136516
