0 -1.136 inf 1 1 -nan 1261.67 1.59181e+06 -inf
0.01 -1.126 0.995704 1 1 0 1260.38 1.58857e+06 0.13254
0.02 -1.11598 1.00131 1 1 0 1259.08 1.58529e+06 0.134136
0.03 -1.10594 1.00642 1 1 0 1257.81 1.58209e+06 0.133297
0.04 -1.09587 0.996706 1 1 0 1256.49 1.57877e+06 0.132413
0.05 -1.0858 1.0097 1 1 0 1255.17 1.57545e+06 0.134627
0.06 -1.07571 0.997273 1 1 0 1253.9 1.57228e+06 0.134451
0.07 -1.0656 1.0011 1 1 0 1252.57 1.56893e+06 0.133608
0.08 -1.05547 1.00157 1 1 0 1251.23 1.56559e+06 0.135559
0.09 -1.04526 1.02443 1 1 0 1249.97 1.56245e+06 0.135391
0.1 -1.03512 0.998865 1 1 1.73594e-06 1248.6 1.55901e+06 0.132731
0.11 -1.02494 1.00424 0.999999 0.999998 8.67578e-06 1247.37 1.55596e+06 0.133903
0.12 -1.01472 1.01461 0.999997 0.999994 2.5274e-05 1246.02 1.55258e+06 0.133218
0.13 -1.00439 1.0472 0.999992 0.999983 6.44562e-05 1244.65 1.54918e+06 0.135182
0.14 -0.994144 1.03061 0.99998 0.99996 0.000144084 1243.29 1.54579e+06 0.134257
0.15 -0.983891 1.03186 0.999952 0.999903 0.000324324 1242 1.54259e+06 0.136498
0.16 -0.973297 1.04868 0.999906 0.999812 0.000582875 1240.61 1.53914e+06 0.135224
0.17 -0.962985 1.0483 0.999819 0.999639 0.00107744 1239.35 1.53603e+06 0.135951
0.18 -0.952409 1.04876 0.999683 0.999367 0.00178331 1237.9 1.53242e+06 0.136362
0.19 -0.941815 1.09134 0.999492 0.998986 0.00266103 1236.48 1.52893e+06 0.138033
0.2 -0.930777 1.08989 0.999202 0.998405 0.00397819 1234.97 1.52519e+06 0.137574
0.21 -0.91948 1.11612 0.998794 0.997591 0.00581873 1233.52 1.52161e+06 0.138607
0.22 -0.908329 1.15064 0.998268 0.996542 0.00797423 1231.99 1.51783e+06 0.139337
0.23 -0.896778 1.1625 0.997591 0.995192 0.0107283 1230.45 1.51404e+06 0.140432
0.24 -0.884834 1.20875 0.996697 0.99341 0.0139982 1228.79 1.50996e+06 0.142891
0.25 -0.87238 1.25843 0.99562 0.991268 0.0181506 1226.92 1.50539e+06 0.140692
0.26 -0.859407 1.27713 0.99423 0.988503 0.0225393 1224.97 1.50059e+06 0.141346
0.27 -0.846504 1.34243 0.992703 0.985473 0.0278903 1223.15 1.49614e+06 0.144794
0.28 -0.83242 1.39388 0.990769 0.98164 0.0336169 1221.01 1.49092e+06 0.147919
0.29 -0.817817 1.49934 0.988425 0.977006 0.0421253 1218.67 1.4852e+06 0.148424
0.3 -0.80289 1.54888 0.985823 0.971873 0.049816 1216.26 1.47934e+06 0.153684
0.31 -0.787385 1.58823 0.98291 0.966144 0.0593483 1213.8 1.47337e+06 0.157564
0.32 -0.770951 1.69206 0.979486 0.959431 0.0696858 1210.91 1.46637e+06 0.154909
0.33 -0.753081 1.74502 0.975546 0.951736 0.0810808 1207.86 1.45899e+06 0.16599
0.34 -0.735494 1.87847 0.971222 0.943328 0.094687 1204.72 1.45143e+06 0.170645
0.35 -0.716242 1.97329 0.966263 0.933731 0.110662 1201.09 1.44269e+06 0.177825
0.36 -0.696487 2.08665 0.960824 0.923261 0.124848 1197.4 1.43385e+06 0.185024
0.37 -0.674919 2.1878 0.954552 0.911264 0.145643 1193.03 1.4234e+06 0.194748
0.38 -0.652379 2.35017 0.947476 0.897822 0.168889 1188.28 1.4121e+06 0.207192
0.39 -0.628258 2.59155 0.939607 0.882998 0.202679 1183.18 1.40001e+06 0.225168
0.4 -0.602791 2.64234 0.930758 0.866472 0.230921 1177.46 1.38653e+06 0.244581
0.41 -0.575146 2.85729 0.92061 0.847714 0.269885 1170.68 1.37062e+06 0.264123
0.42 -0.544907 3.12636 0.909038 0.826583 0.321096 1163.27 1.35335e+06 0.30178
0.43 -0.512706 3.49145 0.89601 0.803129 0.393939 1154.6 1.33329e+06 0.355889
0.44 -0.475655 3.96975 0.879923 0.774642 0.494359 1143.93 1.30879e+06 0.43072
0.45 -0.432951 4.78822 0.860338 0.740696 0.659201 1130.57 1.27848e+06 0.560591
0.46 -0.381216 6.04204 0.833828 0.696031 0.955074 1112.25 1.23752e+06 0.830838
0.47 0.227368 1.74517 0.228255 0.0537736 2.05066 608.335 371591 5.31669
0.48 0.241196 1.20514 0.211243 0.0458238 1.44011 591.884 351454 3.96917
0.49 0.254002 0.988082 0.197193 0.0398878 1.17882 578.019 335086 3.46095
0.5 0.262605 0.889436 0.189191 0.0367022 1.04707 570.073 325881 3.15071
0.51 0.26999 0.778807 0.183951 0.0346349 0.900075 564.753 319755 2.8091
0.52 0.277506 0.669036 0.178214 0.0324625 0.777993 558.953 313143 2.45789
0.53 0.284568 0.641522 0.172349 0.0303723 0.726202 552.438 305884 2.37957
0.54 0.290827 0.605245 0.168499 0.029044 0.695631 548.48 301511 2.30069
0.55 0.296212 0.573242 0.165991 0.0281868 0.663861 545.71 298480 2.26571
0.56 0.30195 0.529687 0.162747 0.0270668 0.596862 541.869 294263 2.11139
0.57 0.30759 0.51841 0.159414 0.0259873 0.580668 537.745 289799 2.05127
0.58 0.312567 0.48664 0.158019 0.0255208 0.547105 536.101 288010 1.95055
0.59 0.31704 0.476043 0.15745 0.0253106 0.507776 535.514 287353 1.82866
0.6 0.32212 0.462068 0.155089 0.0245799 0.506157 532.44 284095 1.88735
0.61 0.326377 0.454067 0.154054 0.0242458 0.484669 530.904 282433 1.77238
0.62 0.330976 0.437439 0.152791 0.0238351 0.455266 529.385 280805 1.69454
0.63 0.335083 0.426156 0.152217 0.0236787 0.465154 528.45 279840 1.7416
0.64 0.339305 0.413422 0.151963 0.0235827 0.440843 527.751 279093 1.69327
0.65 0.344047 0.416977 0.150629 0.0231753 0.430914 525.586 276806 1.65548
0.66 0.347686 0.403205 0.150289 0.0230635 0.415919 525.027 276212 1.61176
0.67 0.351748 0.397226 0.150319 0.0230896 0.424572 524.71 275898 1.64037
0.68 0.355697 0.401534 0.150858 0.0232373 0.405958 525.111 276311 1.59657
0.69 0.360156 0.395284 0.149419 0.0227897 0.386959 522.656 273723 1.53749
0.7 0.363386 0.381173 0.149919 0.0229392 0.381503 523.251 274337 1.48934
0.71 0.367101 0.381535 0.150706 0.023164 0.366505 523.685 274787 1.45421
0.72 0.371817 0.383128 0.149654 0.0228396 0.354492 521.817 272822 1.40579
0.73 0.375014 0.380104 0.150156 0.0229968 0.355091 522.114 273147 1.42694
0.74 0.378801 0.373552 0.150275 0.0230315 0.34938 521.851 272871 1.40523
0.75 0.382762 0.368996 0.150335 0.0230331 0.332161 521.35 272331 1.34327
0.76 0.38579 0.374358 0.15184 0.0234933 0.331801 522.526 273565 1.33713
0.77 0.390177 0.367229 0.151124 0.0232702 0.322869 521.341 272310 1.28026
0.78 0.393418 0.366123 0.152849 0.0238029 0.325031 522.701 273751 1.31045
0.79 0.397239 0.368566 0.153378 0.0239851 0.335484 522.993 274080 1.3533
0.8 0.400684 0.362779 0.153916 0.0241291 0.316105 523.135 274203 1.27431
0.81 0.404783 0.365403 0.155043 0.0244853 0.317724 523.679 274791 1.29952
0.82 0.408067 0.361874 0.155155 0.0245104 0.307229 523.56 274652 1.2502
0.83 0.411874 0.357043 0.15507 0.0244858 0.304627 522.726 273776 1.22782
0.84 0.415455 0.361064 0.157184 0.0251533 0.306184 524.889 276057 1.24459
0.85 0.418536 0.353104 0.15758 0.0252787 0.302998 524.866 276028 1.21872
0.86 0.42286 0.356426 0.157995 0.0254182 0.30521 524.589 275753 1.23881
0.87 0.425998 0.363495 0.159251 0.0258081 0.296136 525.903 277124 1.20136
0.88 0.429814 0.361002 0.159514 0.0258863 0.288981 525.547 276740 1.16865
0.89 0.433943 0.358114 0.161071 0.0263908 0.289172 526.763 278023 1.15894
0.9 0.437246 0.362138 0.162006 0.0266967 0.288377 527.424 278724 1.15493
0.91 0.440869 0.352758 0.162419 0.026825 0.281732 527.205 278490 1.13548
0.92 0.443857 0.356636 0.163036 0.0270328 0.283034 527.39 278694 1.14075
0.93 0.447264 0.356072 0.163614 0.0272187 0.278307 527.389 278698 1.13818
0.94 0.450858 0.35599 0.16542 0.0278257 0.283084 529.06 280475 1.14689
0.95 0.454798 0.357235 0.16637 0.0281346 0.2762 529.814 281260 1.10647
0.96 0.458199 0.355047 0.166855 0.0282856 0.266924 529.638 281058 1.06531
0.97 0.461679 0.357541 0.168104 0.0286982 0.260912 530.806 282287 1.03271
0.98 0.465017 0.354005 0.168842 0.0289533 0.261984 530.971 282472 1.0407
0.99 0.468556 0.355062 0.170272 0.0294538 0.268322 532.257 283864 1.07582
