3.0 0.0 -2.343486 2.16517881988365e-05 1.0577079999999999 0.0046044217009326045 0.9999638000000001 5.214980653005132e-07 0.9999271999999999 1.1798483110959673e-06 0.0001462394 1.9810593247050213e-06 996.3083999999999 0.012118087026520438 992659.8 24.236171153618717 0.11495219999999999 0.00044180723398380483 
2.99 0.0 -2.3335219999999994 3.993996014275095e-05 1.0635980000000003 0.0047355180497865995 0.9999628000000002 8.67152843839319e-07 0.999926 1.574799665972527e-06 0.0001504176 3.3696792915645793e-06 996.3194 0.010188622645747042 992680.6 20.32062998358288 0.1145502 0.00033804714464045804 
2.98 0.0 -2.3234140000000005 4.7966646699651784e-05 1.061984 0.009119616044548584 0.9999621999999999 7.155505953436345e-07 0.9999245999999999 1.374053518323449e-06 0.000151362 2.9002524579767173e-06 996.3354000000002 0.036106064922871356 992713.2 71.70573224040608 0.11477060000000001 0.00022991313142037542 
2.97 0.0 -2.313482 2.944825972274382e-05 1.061292 0.004838327314271539 0.9999604 2.1905213791309883e-07 0.9999207999999999 3.346961355986625e-07 0.00015855180000000002 6.248778696667815e-07 996.3396 0.012055206274685999 992721.2 23.831743577697477 0.11501520000000001 0.00039712460512922397 
2.96 0.0 -2.303408 4.412708618055818e-05 1.0714400000000002 0.0046500666661795234 0.9999584 1.1865853698026213e-06 0.9999162 2.216309170948529e-06 0.0001656882 4.293747290188417e-06 996.3466000000001 0.010042309773924757 992734.8 19.9105997504313 0.1146734 0.00027992764779557306 
2.95 0.0 -2.2934900000000003 4.2801868813694056e-05 1.063906 0.004605128098108558 0.9999560000000001 7.483142983803239e-07 0.9999119999999999 1.4966805229791672e-06 0.00017462159999999998 3.1810107022770346e-06 996.367 0.018676188715822457 992776.0 37.16880405820434 0.11451419999999998 0.0005303163131571341 
2.94 0.0 -2.28348 1.8973671427064862e-05 1.065454 0.004976675677601731 0.9999544 1.0807297656519678e-06 0.9999088 2.2521122261288495e-06 0.00018297399999999997 4.708158527492667e-06 996.3486 0.013701385766913583 992739.2 26.805074365103895 0.1149182 0.000567846204530706 
2.93 0.0 -2.273472 2.689237789381152e-05 1.066864 0.005579083508965534 0.9999520000000001 5.656752426591273e-07 0.9999040000000001 1.1661622474269378e-06 0.000193491 3.193802135386472e-06 996.3174000000001 0.017741700541584284 992677.0 35.266981863573534 0.1153478 0.0004223292933247651 
2.92 0.0 -2.263452 3.154679082393237e-05 1.0560479999999999 0.006022050414939392 0.9999496000000001 1.0807194927018132e-06 0.9998990000000001 2.3323768559906443e-06 0.0002031968 4.634002480793347e-06 996.2868000000001 0.014222235088770846 992615.8 28.50740206781828 0.1146426 0.0004964704704208972 
2.91 0.0 -2.253462 3.0646370203589895e-05 1.0594940000000002 0.003452598557596445 0.9999482000000001 9.549656522030496e-07 0.9998965999999999 2.011976834724312e-06 0.00020659100000000003 3.7163617907837903e-06 996.3014 0.014581085177964474 992645.2 29.10037812187219 0.11602280000000001 0.00028951786127903506 
2.9 0.0 -2.243362 5.094310692992269e-05 1.0612059999999999 0.004225186007744382 0.9999455999999999 7.797736505722065e-07 0.9998916 1.4028475802632845e-06 0.00021756980000000003 3.1672919208681406e-06 996.3434000000001 0.016455028884768744 992728.6 32.76900986927282 0.11466479999999998 0.000267527254687288 
2.89 0.0 -2.23348 3.4176013796302655e-05 1.059688 0.0064627105149457666 0.9999428 9.1212879035452e-07 0.9998858 1.9057763779517095e-06 0.000230029 3.240449795939083e-06 996.3057999999999 0.023803194480575232 992653.8 47.22914346235277 0.11505099999999999 0.0002921926761589087 
2.88 0.0 -2.22342 5.748043383077572e-05 1.050872 0.0030516322189927973 0.9999412000000001 7.693964626446716e-07 0.9998824 1.2837417393280821e-06 0.00023398719999999997 2.860029376073497e-06 996.3155999999999 0.005430291968941972 992673.6 10.660581506037792 0.1156428 0.0005480630182740256 
2.87 0.0 -2.213382 2.8761081686071496e-05 1.069652 0.005430248907735488 0.9999378 7.155350795286959e-07 0.9998756 1.564614829546869e-06 0.00024828539999999997 2.3866450192691054e-06 996.3155999999999 0.009000446881766235 992673.4 17.92785495809349 0.11507399999999998 0.0005562298086232978 
2.86 0.0 -2.203366 4.276446968101552e-05 1.064526 0.0031174484438297504 0.9999374000000001 6.066255218355509e-07 0.9998748 1.4254812496313091e-06 0.0002508696 3.2417984218634524e-06 996.2854 0.008798181253887365 992613.2 17.644036843444088 0.11453520000000002 0.0005480500998987524 
2.85 0.0 -2.1934060000000004 3.5168162313099504e-05 1.0640040000000002 0.0034976684805596574 0.9999347999999999 9.550121542313302e-07 0.9998694 1.7572696222130807e-06 0.000260302 3.8104547340177027e-06 996.3276 0.01857439111755971 992697.2 37.302439559234095 0.1146786 0.00027903872132614395 
2.84 0.0 -2.1834599999999997 7.843468831698815e-05 1.05903 0.004426936638361574 0.9999319999999999 6.324836442414432e-07 0.9998642 1.1454428689557229e-06 0.00027136620000000006 2.2974310766582804e-06 996.3474000000002 0.017983546203329356 992737.0 35.83406207622591 0.115364 0.00045876617137786605 
2.83 0.0 -2.173464 2.6321096640846913e-05 1.063336 0.0022604081047481396 0.9999307999999999 9.550005289365412e-07 0.9998618 2.027801130590763e-06 0.00027702139999999994 4.349127357068546e-06 996.3564 0.02112931580004663 992755.0 42.04093231880538 0.1147856 0.0003597109506263599 
2.82 0.0 -2.1633240000000002 2.4915850166358843e-05 1.0579 0.002685816077090219 0.9999270000000001 5.656359882791031e-07 0.9998542 1.2132601944469743e-06 0.00029292580000000003 1.8869930026353496e-06 996.2992 0.019012416882430452 992640.6 37.84029614967769 0.114953 0.0006653112354378866 
2.81 1.3328003749250112e-08 -2.153368 5.523766994907684e-05 1.0634080000000001 0.005772881706734839 0.9999207999999999 3.346961355986625e-07 0.9998419999999999 8.485553870260276e-07 0.00031875240000000003 1.18566779833135e-06 996.3252 0.006520121811071883 992692.2 13.109996074382039 0.11507839999999998 0.00021519602226990062 
2.8 0.0 -2.1433139999999997 3.9859756679038755e-05 1.0679180000000001 0.007027843709124608 0.999919 1.019799154778709e-06 0.9998380000000001 2.227103045638967e-06 0.000324222 4.306672228067255e-06 996.2967999999998 0.017759281064576644 992635.8 35.516080411180475 0.11485100000000001 0.0004596688373164492 
2.79 0.0 -2.1333499999999996 5.542562813517245e-05 1.060772 0.003835831487435363 0.9999184 1.3446264909120897e-06 0.9998364000000001 2.475477127085002e-06 0.00032982719999999994 6.4009445515492885e-06 996.3194000000001 0.008893141154984283 992681.0 17.474553206466393 0.1150592 0.00028581188218824587 
2.78 0.0 -2.123352 3.615521897967505e-05 1.0645700000000002 0.0037854965328026897 0.999913 1.6248074748277592e-06 0.999826 3.3226482124189854e-06 0.00034791400000000006 5.259032922504771e-06 996.3111999999999 0.016966794349360197 992664.8 33.74421427549191 0.11486840000000001 0.0006016794229485728 
2.77 0.0 -2.113352 1.775387155032646e-05 1.0608799999999998 0.0048212081473519505 0.9999099999999999 1.3564804576892176e-06 0.9998196 2.8927487249440144e-06 0.00036135240000000003 5.094489113541649e-06 996.3348 0.004189514435361743 992711.4 8.282993625401234 0.1142652 0.00020923926973694836 
2.76 0.0 -2.1033660000000003 4.7966654106284614e-05 1.054162 0.003365233305434749 0.9999088 6.572577720207258e-07 0.9998174000000001 1.2521941471427667e-06 0.0003643162 2.447768917196543e-06 996.3536 0.017418609818866983 992749.2 34.84296243504562 0.1145302 0.0004206997409083369 
2.75 0.0 -2.093354 4.1434283604662144e-05 1.06114 0.002308504277675819 0.9999036 2.191028151001072e-07 0.999808 3.999789217552408e-07 0.00038431840000000006 1.6404184002837112e-06 996.3513999999999 0.013513253719213353 992744.4 26.89029588337236 0.11419380000000001 0.00045439404925646425 
2.74 0.0 -2.083346 3.281462791009121e-05 1.063372 0.00542606848464213 0.9998986000000001 2.2378498195854573e-06 0.9997976 4.368983869672596e-06 0.0004045972 8.739997837071018e-06 996.3272 0.023238588703652585 992696.6 46.37982333618049 0.1148604 0.0004938742026057503 
2.73 0.0 -2.073386 4.124075480041228e-05 1.06305 0.004674742345839989 0.9998940000000001 5.656752426591273e-07 0.9997884000000001 1.1865666567490587e-06 0.000424684 3.268201756317987e-06 996.3682000000001 0.0227427344667581 992778.2 45.09669651019698 0.1144406 0.00045403591047408186 
2.72 1.3328003749250112e-08 -2.063318 5.309613740128383e-05 1.0609259999999998 0.00293449907140473 0.9998883999999999 1.252211879459537e-06 0.9997776 2.4265112381353308e-06 0.00044633600000000003 4.094950803123284e-06 996.3324 0.013238126503407747 992707.2 26.489847332869815 0.1159024 0.00077526019374123 
2.71 0.0 -2.053324 4.729482084216253e-05 1.07592 0.004059153606354546 0.9998853999999999 7.266665500573264e-07 0.9997708 1.6589215874901493e-06 0.0004610588 2.966112167805589e-06 996.3132000000002 0.015298103040667038 992668.8 30.534439204594253 0.11446559999999999 0.00045394524780043716 
2.7 0.0 -2.0432319999999997 4.0239285069679544e-05 1.058932 0.005864801718736137 0.9998774000000001 2.9610748272403856e-06 0.9997554000000001 5.977288359545631e-06 0.0004905796 1.0137148867803047e-05 996.2909999999999 0.016385359179142696 992624.0 32.660679648733385 0.11476039999999998 0.0005888963643977316 
2.69 1.3328003749250112e-08 -2.0331699999999997 1.8547242547030316e-05 1.068918 0.0014487274415660393 0.9998739999999999 5.656752426591273e-07 0.9997484 1.2837503876352218e-06 0.0005035316 5.0950694644932535e-06 996.292 0.00884985693242455 992626.6 17.284907219251277 0.11544479999999999 0.0006089841639982089 
2.68 0.0 -2.0233 3.059411834724098e-05 1.059854 0.003593770832980016 0.9998726 1.9308018256486917e-06 0.9997458 3.681307670913821e-06 0.0005097702 6.7614644413769174e-06 996.326 0.009204345163617655 992693.8 18.339901241257067 0.1138238 0.00036256490729224243 
2.67 0.0 -2.013276 3.7373787726029855e-05 1.0710159999999997 0.0028210148528716736 0.9998656 1.1523810865660433e-06 0.9997313999999999 2.0899801576006004e-06 0.0005341364 4.990293543270321e-06 996.3254 0.017921161608727778 992692.8 35.67116457899679 0.11533420000000001 0.00037755681956417995 
2.66 1.3328003749250112e-08 -2.003196 6.23923075216378e-05 1.067446 0.00300051942171302 0.9998606000000001 1.802209049622406e-06 0.9997216 3.683478434779216e-06 0.0005580044000000001 8.200121094714655e-06 996.3234 0.02352972611033968 992689.4 46.90978579070349 0.1149086 0.00043394936110168186 
2.65 1.3328003749250112e-08 -1.9931899999999998 6.046486759830831e-05 1.0716199999999998 0.003556606247545459 0.9998522 5.215193539770799e-07 0.9997046 1.0039778304610016e-06 0.00059644 3.13700350015809e-06 996.3077999999999 0.018474631395093945 992658.0 36.83150838298134 0.1137572 0.00045512006327973913 
2.64 1.3328003749250112e-08 -1.9831400000000001 4.5254831942908726e-05 1.077774 0.00504653988391796 0.999849 1.3856317295247538e-06 0.9996984 2.8085625447298258e-06 0.0006047342 4.40266981183184e-06 996.2918 0.015417911919169408 992626.0 30.715468256798154 0.11519900000000001 0.00044382158577455414 
2.63 1.3328003749250112e-08 -1.973092 4.910397082531742e-05 1.07042 0.003126078693836823 0.9998388 5.215193539770799e-07 0.9996776 1.0807297656519678e-06 0.000641874 2.5765214223845888e-06 996.2788 0.011493997224546831 992600.8 23.00678080242051 0.1154312 0.0003802391247620786 
2.62 0.0 -1.963148 2.304777780427548e-05 1.070204 0.004169510858607783 0.9998386 1.374045438388613e-06 0.9996776 2.662329216328136e-06 0.0006417994 5.831854227260022e-06 996.3066000000001 0.01239548177948546 992655.6 24.76222916387098 0.11437979999999999 0.0004307153491580061 
2.61 0.0 -1.953186 2.9202737460069322e-05 1.071992 0.006215397911638377 0.9998246 2.376550690444993e-06 0.9996498 4.590421156495774e-06 0.0007007368 7.950347672396517e-06 996.3146 0.0071977763725847785 992671.6 14.337643376026794 0.1148508 0.000439023953787985 
2.6 0.0 -1.943142 4.3945420693356535e-05 1.071626 0.004977197283618819 0.9998211999999999 2.105249849230514e-06 0.9996422 4.403629719751732e-06 0.0007144074 7.787138671423145e-06 996.284 0.011665333759709823 992610.4 23.233768170454777 0.1148218 0.00030687409796195404 
2.59 0.0 -1.9332040000000004 3.863676682228845e-05 1.076366 0.006552326365501631 0.9998145999999999 2.3426644360188607e-06 0.9996292 4.555438762925862e-06 0.0007478626000000001 9.58880600950773e-06 996.2966 0.010835498076194626 992635.6 21.621471103866 0.11432820000000002 0.0005406179723239756 
2.58 0.0 -1.9231539999999998 9.208695785541893e-06 1.07199 0.0032880547440701786 0.9998048 2.674320495238703e-06 0.99961 5.238318777876062e-06 0.000781182 1.0831381957995958e-05 996.3095999999999 0.009421677665241292 992661.4 18.92638326248408 0.11395360000000002 0.000379887204311074 
2.57 0.0 -1.913116 4.5130921350490696e-05 1.0682420000000001 0.003024263745105332 0.999799 1.7204679639197338e-06 0.9995984 3.2936285725036458e-06 0.0008039416000000001 7.07964257628833e-06 996.2914000000001 0.016369727473634268 992625.6 32.491968283403324 0.11537439999999999 0.00026254288792556944 
2.56 0.0 -1.9031280000000002 3.809461735446188e-05 1.066284 0.0037190091153474756 0.9997904 1.8889242326097484e-06 0.9995812 3.724515357477588e-06 0.0008447414 1.085237789832246e-05 996.2782 0.010289412287600682 992599.4 20.53017322613992 0.11592119999999999 0.000382021926073568 
2.55 0.0 -1.8931379999999998 2.9986668201042177e-05 1.0687659999999999 0.0038993308143854028 0.9997862 2.6138140399723947e-06 0.9995722 5.187676141838244e-06 0.0008594882 9.269721421488419e-06 996.3122 0.02186211329883432 992666.6 43.53628380802041 0.1141754 0.00042989967201726803 
2.54 1.3328003749250112e-08 -1.8831099999999998 6.0663005329992705e-05 1.06237 0.008111090678817733 0.9997757999999999 1.3084458404356937e-06 0.9995524 2.6168662255932992e-06 0.0008986717999999999 8.7889782951167e-06 996.2904000000001 0.018287918731915882 992623.4 36.508190835028714 0.11439020000000003 0.00040961927688893003 
2.53 1.3328003749250112e-08 -1.8730499999999999 4.816637938583114e-05 1.0789300000000002 0.002136239686900668 0.9997636 2.6922113955674737e-06 0.9995277999999999 5.332169774541413e-06 0.0009389620000000001 9.839145227101131e-06 996.2842 0.009626629620234325 992611.2 19.236216021763155 0.1157348 0.0005777635779450287 
2.52 0.0 -1.862944 3.3418557506616526e-05 1.080356 0.003803609443670777 0.9997541999999999 2.304781441382785e-06 0.9995087999999999 4.710846039041004e-06 0.0009856560000000001 1.2119679768044499e-05 996.3149999999999 0.02038234522493356 992672.2 40.464700871272505 0.11595599999999999 0.0006876539245873791 
2.51 0.0 -1.85301 5.5425624930234675e-05 1.076708 0.005336070764148519 0.9997456 1.8022275305638779e-06 0.9994913999999999 3.639783633586766e-06 0.0010170628 5.861875047451886e-06 996.2782 0.014509032027693153 992599.2 28.760250805011893 0.1143194 0.000428977537873375 
2.5 0.0 -1.84289 1.2328835720059714e-05 1.075146 0.0035012176167793668 0.9997348 1.4532719856258591e-06 0.99947 2.7568155025448308e-06 0.0010552 8.148070691883563e-06 996.2678 0.007062010896887497 992578.6 14.48751230181747 0.1151712 0.0005573411450809845 
2.49 0.0 -1.8329039999999999 5.68928824407305e-05 1.069962 0.001982082541145475 0.9997218 1.5336183596996683e-06 0.9994439999999999 3.0066651604279653e-06 0.0011142559999999999 8.848017450260023e-06 996.278 0.023557588266596003 992598.6 47.083415318420506 0.1142578 0.00023619964436842391 
2.48 0.0 -1.822956 4.015968050227016e-05 1.083088 0.0006768893557724579 0.9997128 1.3084373553567539e-06 0.999426 2.481926959003874e-06 0.001156348 6.607618269845561e-06 996.2844000000001 0.006850399319315364 992611.6 13.678012015468934 0.1152064 0.0008826776806967984 
2.47 0.0 -1.812822 6.452286559501674e-05 1.0854199999999998 0.003591665908749933 0.9997016000000001 2.8227613838035934e-06 0.999404 5.844658275719983e-06 0.001192392 1.5130762148683168e-05 996.2689999999999 0.01892088920839146 992580.8 37.58233604263943 0.1156102 0.000688981880748978 
2.46 0.0 -1.8028519999999997 3.2668028805914996e-05 1.0812760000000001 0.006400618470112864 0.999686 1.0198100414037222e-06 0.9993724 1.971790207734158e-06 0.0012629660000000001 4.40440288801552e-06 996.2969999999999 0.01832157311647073 992637.0 36.64314390328957 0.116173 0.00032276207955738573 
2.45 0.0 -1.79271 3.149603138905926e-05 1.08397 0.004189807632808201 0.9996698 1.7977743049245044e-06 0.999341 3.4985692506919775e-06 0.001313652 6.9679502868480616e-06 996.2436 0.01649872681643781 992529.8 33.05679963264933 0.11487119999999999 0.0004081689258136434 
2.44 0.0 -1.782816 2.9475414401179602e-05 1.087874 0.004305968508941451 0.999661 3.16227779099239e-06 0.9993223999999999 6.441120650129132e-06 0.001352214 1.4330209377396148e-05 996.3118000000001 0.013192116666838831 992665.8 26.19221224757227 0.11429059999999999 0.0004534355610232513 
2.43 0.0 -1.7728019999999998 5.509265087177509e-05 1.0818400000000001 0.0020847695316134215 0.9996485999999999 2.9745644079516326e-06 0.9992981999999999 5.942393640547059e-06 0.001400206 1.4672847467346546e-05 996.2675999999999 0.009289134212983868 992578.0 18.17250643786858 0.11516739999999999 0.0002192291221544743 
2.42 0.0 -1.7628 3.676955414286365e-05 1.0718299999999998 0.004503592343901072 0.9996373999999999 1.4587696460442347e-06 0.9992758 3.1164025038327382e-06 0.0014563599999999999 6.7016242807371485e-06 996.2900000000002 0.016982341248472782 992622.6 33.820230747475684 0.116505 0.0003054902944454006 
2.41 0.0 -1.7526960000000003 6.484442764984584e-05 1.084808 0.005819342505817873 0.9996180000000001 1.8110643517309349e-06 0.9992368 3.5821784053196653e-06 0.001539722 1.075890232319195e-05 996.2657999999999 0.015955940691405716 992574.6 31.651350805494857 0.1154994 0.00029870234013110994 
2.4 0.0 -1.7426439999999999 3.672601385716457e-05 1.08576 0.00734722641545453 0.9996084 1.9308018256486917e-06 0.9992176 3.832487698323951e-06 0.001568472 5.640299566506599e-06 996.3001999999999 0.01877743506959914 992643.0 37.25157721335853 0.1148084 0.00062049487346774 
2.39 0.0 -1.7325880000000002 3.387033873804329e-05 1.0923840000000002 0.003776070550174729 0.9995874 3.842916735746416e-06 0.9991755999999998 7.6084196722537805e-06 0.001656968 1.6422861723827e-05 996.2353999999999 0.021869798024721637 992513.6 43.73245937435588 0.11509180000000001 0.0003021122175604677 
2.38 0.0 -1.722578 3.902819450292336e-05 1.0871959999999998 0.003762810226427529 0.9995722 1.5594903490637196e-06 0.9991452000000001 3.0384158279321347e-06 0.001707522 1.3467447092898407e-05 996.2522000000001 0.018978722720867754 992546.8 37.83162674828925 0.1149434 0.0005147259154154689 
2.37 0.0 -1.712666 2.0899759078984227e-05 1.086492 0.0036996436585161776 0.9995504000000001 2.342645479355678e-06 0.9991018 4.57296219710545e-06 0.001801814 4.928276453282192e-06 996.2842 0.015243095720147584 992611.0 30.353912594023605 0.1146614 0.0003680271294346779 
2.36 0.0 -1.7024780000000004 3.229860151754427e-05 1.09477 0.002550612475464905 0.9995341999999999 2.373189452437471e-06 0.9990694 4.618227823787338e-06 0.0018712899999999998 1.0546168593381042e-05 996.2616 0.01081702326106197 992565.6 21.523196743208825 0.1142096 0.00046277680149297114 
2.35 0.0 -1.6925519999999998 6.179967691915603e-05 1.091784 0.0044864004279533045 0.9995136 2.1279098188158056e-06 0.9990278 4.357982097977198e-06 0.001939998 1.6089201695543945e-05 996.2508 0.018522202137434156 992544.8 36.897045846347915 0.1156074 0.00042723975470436524 
2.34 0.0 -1.682462 3.637581667025202e-05 1.092954 0.00461167960726412 0.9994964 1.2198582394547286e-06 0.9989929999999999 2.4000123117101374e-06 0.002013708 1.1294715720194644e-05 996.222 0.010590561485029716 992486.8 20.86604820691828 0.11517379999999999 0.0003896520909734513 
2.33 0.0 -1.6724719999999997 2.5361392876138702e-05 1.09232 0.0050875101965517245 0.9994761999999999 1.3682155002783566e-06 0.9989538 2.7770503793296946e-06 0.0020862359999999996 7.536021019095395e-06 996.2466000000001 0.02424640115291375 992535.6 48.12699874096139 0.1148084 0.00027799749639144644 
2.32 0.0 -1.662358 2.0474375508140215e-05 1.0921499999999997 0.004078702734949913 0.9994534000000002 2.1651648726921967e-06 0.9989077999999999 4.321115792314848e-06 0.002185438 6.3336437537936e-06 996.2235999999999 0.01356643051965785 992490.2 27.132858614631125 0.114923 0.0003658292497875033 
2.31 0.0 -1.6522919999999999 5.0231464729772596e-05 1.10074 0.006566808661742161 0.9994339999999999 2.952972554354994e-06 0.9988696000000001 6.07024914739754e-06 0.0022698199999999997 1.5124220839449762e-05 996.2149999999999 0.015571771047841548 992473.4 30.727967446585815 0.11506920000000001 0.0008202188195839785 
2.3 0.0 -1.6423620000000003 5.595712495072462e-05 1.102534 0.0036576545490282024 0.9994080000000001 4.955797803180468e-06 0.9988176 1.0066181631938334e-05 0.002354406 2.0640118332995657e-05 996.2118 0.015738868055768112 992467.2 31.33483679661205 0.11499580000000001 0.0004091771645627222 
2.29 0.0 -1.6323420000000002 2.2342781416642774e-05 1.100676 0.003715089877779616 0.9993872000000001 2.142878167038582e-06 0.9987752000000001 4.448818974617157e-06 0.0024421499999999997 1.6517189107114873e-05 996.1904000000001 0.014567360617322866 992424.2 28.98882588804154 0.1151454 0.0006599733691599502 
2.28 0.0 -1.6221900000000002 4.2708310615699474e-05 1.1103960000000002 0.004222754172330875 0.9993558 3.0119740379990053e-06 0.9987132000000001 5.813086032635191e-06 0.0025833460000000003 3.2769944766329365e-06 996.2217999999999 0.013791013085289832 992486.2 27.54690557641525 0.1152444 0.0005139717190660542 
2.27 0.0 -1.6121159999999999 3.232336722378365e-05 1.114074 0.0022573853902228117 0.999335 2.5768196796084983e-06 0.9986716 5.080155310313896e-06 0.002657794 1.7391901471655773e-05 996.1779999999999 0.010380753931997496 992399.8 20.681198884607426 0.115408 0.00039720281972778444 
2.26 0.0 -1.6021100000000001 3.720214962709802e-05 1.109456 0.003288443522393862 0.9993012 3.983964157048374e-06 0.9986041999999999 7.865875438574126e-06 0.002791468 1.088660255542156e-05 996.1727999999999 0.01113696669152358 992389.2 22.057017289714175 0.1162118 0.0005298013514513754 
2.25 0.0 -1.592076 6.03721791668564e-05 1.109512 0.004345003935555677 0.9992726 3.2692516017834905e-06 0.9985468 6.250759160917269e-06 0.002898618 1.0290654167758867e-05 996.193 0.023225847879958555 992429.6 46.38413535569368 0.11539360000000001 0.0006040863911719036 
2.24 0.0 -1.58202 6.412487874276941e-05 1.115804 0.0028317084595729574 0.9992485999999999 4.181866932279235e-06 0.9984992 8.233589389837914e-06 0.003049834 2.0131625388924377e-05 996.193 0.012172098721797479 992429.4 24.069233534321103 0.11529700000000001 0.0004888658711751826 
2.23 0.0 -1.5719400000000001 6.324548560314235e-06 1.1055760000000001 0.004688283779800178 0.9992184 2.9610823260148755e-06 0.9984384000000001 5.86923996813973e-06 0.0031200760000000003 1.4164149843881357e-05 996.1764 0.010898073482586914 992395.8 21.56181724462539 0.1149978 0.0006954090824833771 
2.22 0.0 -1.5617899999999998 3.989987633718519e-05 1.116118 0.005169455213079521 0.9991762 5.347148346354439e-06 0.9983546000000001 1.0562574358513122e-05 0.0032851499999999997 1.3347439604681012e-05 996.1518 0.014999732695621729 992347.2 29.712489071700762 0.1154202 0.0005449918458109442 
2.21 0.0 -1.551746 2.864960820237736e-05 1.111936 0.00174800823794791 0.9991458 4.457803847695481e-06 0.9982940000000001 8.867916271883879e-06 0.0034091939999999995 2.6242690197477198e-05 996.164 0.01216223603889126 992372.2 24.285633955109393 0.11607579999999999 0.00030285288838069767 
2.2 0.0 -1.5418 2.5455843431281515e-05 1.1242199999999998 0.007454957545153771 0.9991054 3.758718593375073e-06 0.9982128000000001 7.202218490079221e-06 0.003607508 1.4119129264915449e-05 996.1776 0.009594166717503134 992398.8 19.12987134141426 0.1151416 0.00029751081997107993 
2.19 0.0 -1.5316519999999998 5.915403730645094e-05 1.126174 0.003650368310180908 0.9990756 5.675212439904442e-06 0.9981540000000001 1.1454255192098855e-05 0.003698176 2.9544786694098527e-05 996.1394 0.01867961425379995 992323.0 37.309516212355256 0.11613340000000001 0.00038376728364960345 
2.18 0.0 -1.521668 3.0906310164419964e-05 1.117588 0.005066209154781554 0.9990394 4.652742923541016e-06 0.998081 9.208690963042198e-06 0.0038391099999999997 2.609729058734623e-05 996.1554 0.01916371602150697 992354.0 38.11351453532428 0.114851 0.000802715740471235 
2.17 0.0 -1.511546 4.6095552718320756e-05 1.1228 0.0037189944877617075 0.9989965999999999 1.711150370880628e-06 0.9979962 3.637580690355954e-06 0.004031432 1.5251839338276082e-05 996.1502 0.011755508152686604 992343.8 23.507275303350234 0.11486319999999998 0.0004153557896554375 
2.16 0.0 -1.501476 4.6095552718320756e-05 1.132048 0.005630225856930659 0.9989548000000001 3.433940185569588e-06 0.9979126 7.0347686016003e-06 0.004179986 1.1393549964811321e-05 996.0914 0.02024371531767081 992226.6 40.56757329357633 0.11599920000000001 0.000581010526582455 
2.15 0.0 -1.491384 3.5844105664747396e-05 1.12754 0.004493271414014488 0.9989215999999999 3.3298744421460318e-06 0.9978456 6.527480832013319e-06 0.0043189280000000005 3.1098833855942383e-05 996.132 0.019436049905193258 992307.4 38.54618019742682 0.1151732 0.00047781288387843825 
2.14 0.0 -1.481244 3.0146309369689662e-05 1.134774 0.0076623821883302174 0.998878 3.5327004700215387e-06 0.9977588 6.959312908566509e-06 0.0044930659999999996 1.7441488147523594e-05 996.1226 0.01239548177948546 992288.6 24.381304272882428 0.11571040000000002 0.0006272363254781831 
2.13 0.0 -1.4711600000000002 3.6441734605550414e-05 1.126772 0.0057858201838579155 0.9988268 3.851230983537445e-06 0.997657 7.709734656316086e-06 0.00465873 1.9408307911811104e-05 996.0898 0.008320578640276622 992223.4 16.758520162797044 0.1159796 0.0005780588620547073 
2.12 0.0 -1.4611779999999999 3.2668028805914996e-05 1.134916 0.005195312964579309 0.9987724 4.6095532486704246e-06 0.9975479999999999 9.112629659174034e-06 0.0049151260000000006 4.0591924182029304e-05 996.0737999999999 0.014760488469463609 992191.8 29.5220591683416 0.11561759999999999 0.00046367243610231066 
2.11 0.0 -1.451068 5.9329455618896006e-06 1.137866 0.0016502571920710605 0.9987248 4.6767526458012905e-06 0.9974533999999998 9.430168986627854e-06 0.005103464 2.8913398084616702e-05 996.0578000000002 0.014919515386977389 992160.4 29.57512448462812 0.11623920000000001 0.00041742778057893135 
2.1 0.0 -1.4409399999999999 2.2803509445368115e-05 1.1452379999999998 0.004730896236454378 0.9986781999999998 2.0861572452886e-06 0.9973604000000001 3.925300752578688e-06 0.005299752 4.320108502341854e-05 996.092 0.018759530968020088 992228.8 37.287423852273065 0.1170488 0.000434659535728853 
2.09 0.0 -1.430928 3.637581667025202e-05 1.146728 0.00380867683061397 0.9986227999999999 1.7527211752183497e-06 0.99725 3.4058787179775646e-06 0.005533906000000001 2.7110884692302492e-05 996.0577999999999 0.014061010136095061 992160.4 27.837528678560666 0.11567140000000001 0.0003247251884280713 
2.08 0.0 -1.420812 1.2132601944469743e-05 1.144566 0.004500354297170032 0.998566 4.791662954981499e-06 0.997137 9.234716188128442e-06 0.00573026 6.202120282719857e-06 996.073 0.012139193868116524 992189.8 24.17668271919635 0.11696360000000001 0.0003283202826498099 
2.07 0.0 -1.410762 2.6743222388349517e-05 1.146036 0.0023585683793258174 0.998505 1.5748067158885482e-06 0.997015 3.358570999242765e-06 0.006011872 2.1524584530295192e-05 996.0487999999999 0.015659886395666855 992142.2 31.15175768453423 0.1166206 0.000536073024876048 
2.06 0.0 -1.4005299999999998 3.698648554795153e-05 1.141956 0.0020123550382635 0.998443 3.5213622568824696e-06 0.9968910000000001 6.93973650079492e-06 0.006287598000000001 3.157083760682223e-05 996.0098 0.022742734978637272 992063.6 45.30395124099966 0.11451419999999998 0.0003234798788189795 
2.05 0.0 -1.3903940000000001 4.565960942330707e-05 1.152632 0.0024093707062135287 0.9983724 2.878887374405385e-06 0.9967501999999999 5.6526136444151264e-06 0.006516676000000001 3.1418602082150056e-05 996.0076000000001 0.02045208876216357 992059.6 41.122840523185076 0.115393 0.0007294617193523912 
2.04 0.0 -1.38027 6.609084627790486e-05 1.1629399999999999 0.0027571594078085516 0.9983108000000002 3.2545241334506733e-06 0.9966272 6.358613754902556e-06 0.006770033999999999 3.1011046625339594e-05 996.0065999999999 0.012889066695900404 992057.8 25.748630879864272 0.11564479999999999 0.000743802898623323 
2.03 0.0 -1.3702320000000001 5.023146340364399e-05 1.160558 0.0037140774359147475 0.9982559999999999 6.864403921843462e-06 0.9965182 1.3512660210908792e-05 0.00700836 5.216176500080573e-05 995.9725999999998 0.008715968037269664 991990.0 17.03643126462743 0.11574120000000002 0.0005973489700331617 
2.02 0.0 -1.3600940000000001 4.81331486222711e-05 1.16421 0.005326420937176863 0.9981814 2.539290785108899e-06 0.996369 5.230681156065189e-06 0.007337275999999999 2.6755241520137925e-05 995.9598 0.012294390888883065 991964.4 24.75415102894992 0.11508480000000001 0.00037278319704551013 
2.01 0.0 -1.350036 2.6168684317272e-05 1.159608 0.005470736988744847 0.9980993999999999 3.3298744421460318e-06 0.9962056 6.94319761730653e-06 0.007622398 3.269776351986502e-05 995.9631999999999 0.010097130544100486 991971.4 20.235809553394446 0.1160844 0.0004661620834002839 
2.0 0.0 -1.3399 2.17255618811909e-05 1.175446 0.004337017039394074 0.9980178000000001 4.918532255330506e-06 0.9960429999999999 9.62496903794241e-06 0.00796664 3.379628370103577e-05 995.9311999999998 0.00988089480660475 991908.0 19.559141335079744 0.1165886 0.00048315451772644534 
1.9899999999999998 9.424321830774484e-09 -1.329706 1.734358435580411e-05 1.172408 0.006502717831800022 0.9979379999999999 8.104322253289753e-06 0.9958836 1.5913769030528723e-05 0.008334914 1.9530342464967454e-05 995.912 0.013743360146244743 991869.4 27.423493541977376 0.11535740000000001 0.0004274052503185193 
1.98 0.0 -1.319626 4.61822469858331e-05 1.167302 0.005096371572010539 0.9978614 5.88965073812296e-06 0.9957309999999999 1.1634432177288027e-05 0.008641174 2.0331201361589823e-05 995.894 0.005477227299210963 991833.6 11.000363985455207 0.11598579999999999 0.00022795252137394035 
1.97 9.424321830774484e-09 -1.309568 2.47224590103137e-05 1.1708500000000002 0.0041478080958457075 0.9977716000000001 1.7572633043150962e-06 0.9955516000000001 3.6943131211710456e-06 0.008963276000000001 2.3693838962804158e-05 995.8994 0.02380352949415648 991844.4 47.3291453339998 0.11620760000000001 0.00026675675811441504 
1.9600000000000002 1.3328003749250112e-08 -1.299396 5.496180501160728e-05 1.1740819999999998 0.00724502278809904 0.9976784000000001 6.239230253925341e-06 0.9953666 1.2571714159656307e-05 0.009373830000000001 7.90314418406058e-06 995.8398000000001 0.00635861221572795 991725.4 12.485511134160667 0.11566099999999999 0.0005716194538335534 
1.95 0.0 -1.2891199999999998 2.1354158427307083e-05 1.182456 0.003850968293824851 0.9975873999999999 3.874018204828594e-06 0.9951847999999999 7.607368973408855e-06 0.009750492000000001 2.9905348471411966e-05 995.8277999999998 0.011336317059967065 991701.8 22.5697135066761 0.1167194 0.0006588467864381589 
1.94 9.424321830774484e-09 -1.279008 2.629068249657796e-05 1.1806560000000001 0.0035671395823556637 0.997494 4.51663266180225e-06 0.9949984000000001 8.875133358367249e-06 0.010064545999999999 4.122351868536729e-05 995.8016 0.017056611310819442 991649.4 34.03950664588593 0.11706620000000001 0.0005255343490193627 
1.9300000000000002 1.6323404237781944e-08 -1.268794 2.850964680016157e-05 1.19349 0.002978124241872705 0.9973742 5.286964750510977e-06 0.99476 1.0609428992932748e-05 0.01051624 4.8534512256784496e-05 995.79 0.020319449400547192 991626.6 40.444134345164166 0.116336 0.0002437920425279713 
1.92 0.0 -1.258686 6.017308344235252e-05 1.19603 0.0030174267182537006 0.9972738 5.680843694757368e-06 0.9945596 1.1227110780110416e-05 0.011060559999999999 3.069095762601993e-05 995.7737999999999 0.015446424008424093 991594.4 30.7682955767022 0.11565879999999999 0.000582159043561367 
1.9099999999999997 1.6323404237781944e-08 -1.248454 2.9339394224478164e-05 1.201208 0.00396229670772133 0.9971638 8.011990081172214e-06 0.9943403999999999 1.589868009396026e-05 0.01132322 4.122109557008632e-05 995.7108000000001 0.014292375105252851 991469.0 28.474550040343043 0.11600919999999999 0.000633534996665835 
1.9 9.424321830774484e-09 -1.238324 5.1037241501896104e-05 1.204968 0.006290565252818981 0.9970473999999999 4.984778082967996e-06 0.994108 9.797958243359435e-06 0.01189144 3.8325642590844044e-05 995.7044 0.021167144862837637 991457.0 42.31689963970881 0.11669879999999999 0.00022707662143009978 
1.89 0.0 -1.2281780000000002 5.3171420338605756e-05 1.20865 0.0028687544335419053 0.996927 9.879269838825307e-06 0.9938687999999999 1.9912610768659744e-05 0.01241138 5.996942154133593e-05 995.7194 0.020410977807918118 991486.6 40.6473616340901 0.11735999999999999 0.000858279674698371 
1.8799999999999997 9.424321830774484e-09 -1.21775 2.6981473773836502e-05 1.221994 0.006189322159976677 0.9967900000000001 3.8262224345534485e-06 0.9935959999999999 7.914545249042354e-06 0.012947120000000001 5.496178599711556e-05 995.6438 0.013291801440617961 991335.6 26.515806846017576 0.1166788 0.00026915845147325817 
1.8700000000000003 0.0 -1.207752 1.658915296586289e-05 1.222992 0.004922975848001188 0.9966714 3.584409203633584e-06 0.9933593999999999 7.113933587203725e-06 0.01346948 6.071481137253903e-05 995.6584 0.010861308522610604 991364.4 21.549199362483574 0.1161546 0.0005155946935335374 
1.86 0.0 -1.1975799999999999 4.849742324473115e-05 1.22092 0.004243929311381301 0.9965377999999999 6.743294902676756e-06 0.9930938000000001 1.3246581667676083e-05 0.01397526 5.3169898250749496e-05 995.5952000000001 0.012990456054853909 991238.2 25.686416966980087 0.1151664 0.0002553696301444639 
1.85 0.0 -1.187306 4.459596359711042e-05 1.225006 0.009053325841921834 0.9963968 4.12213900848449e-06 0.9928132 8.086533566870249e-06 0.014543839999999999 2.747414202481326e-05 995.5989999999999 0.014005714077688594 991246.4 28.05223660451382 0.1167624 0.00037055769861039787 
1.8400000000000003 1.3328003749250112e-08 -1.177152 2.0861447921063795e-05 1.2303639999999998 0.004841181343442965 0.9962513999999999 7.820999053810798e-06 0.9925232000000002 1.5547087809385396e-05 0.01511432 4.9043804093844505e-05 995.5752 0.011745296649445137 991199.6 23.37622772093345 0.11676360000000001 0.0003039921841084025 
1.83 0.0 -1.1668679999999998 4.651021509227512e-05 1.236534 0.004825514355999727 0.9960867999999999 8.682856888781621e-06 0.9921966 1.7365713777563243e-05 0.01582036 2.1217136470289727e-05 995.5236000000001 0.01422842030306732 991096.8 28.525637368947386 0.1173634 0.0005050279675422009 
1.8199999999999998 1.3328003749250112e-08 -1.156662 1.2132600114321333e-05 1.2525119999999998 0.0026402824091421298 0.9959256 7.443654297978222e-06 0.9918754 1.4944162757981374e-05 0.01642742 7.5367416832416e-05 995.4714 0.024476273905583542 990992.6 48.67245635688114 0.1172412 0.0002521412937224416 
1.81 9.424321830774484e-09 -1.1463739999999998 4.2104632577777475e-05 1.24906 0.005270895939020469 0.9957428 7.602103078003301e-06 0.9915112 1.5119258903184861e-05 0.01708306 5.931629523146879e-05 995.4387999999999 0.012278112407159888 990927.0 24.232209969377532 0.11610500000000001 0.00045183758143797824 
1.8 9.424321830774484e-09 -1.136234 3.769350150072329e-05 1.2534 0.005145128181104408 0.9955893999999998 7.017695496560102e-06 0.991206 1.3885243900946613e-05 0.0178029 0.00010464688433006907 995.4154000000001 0.022764181305672627 990881.2 45.26402552619395 0.1171664 0.0003600432862859183 
1.7899999999999998 0.0 -1.125934 3.4825278085983914e-05 1.254682 0.003178179856456846 0.9953904000000001 8.811807688133026e-06 0.9908100000000001 1.7568152442413763e-05 0.01874582 9.556278103947558e-05 995.3928 0.01508747828639253 990836.4 30.024789562647225 0.11792659999999999 0.0002920689781547638 
1.78 0.0 -1.1156480000000002 5.094310475058359e-05 1.26758 0.003977091399502245 0.9951914000000001 9.623304419213774e-06 0.9904142 1.9119413920911853e-05 0.01934114 0.0001040813858477229 995.3504 0.023648424548362003 990751.8 47.087492844935745 0.1177046 0.00035420949733135836 
1.77 0.0 -1.1054300000000001 4.223742328272662e-05 1.2780799999999999 0.006323077731615203 0.9950265999999999 6.4782753303982744e-06 0.9900866 1.3031040330533261e-05 0.0199649 6.863965617634995e-05 995.2894 0.010014388714811723 990630.4 19.753682780647193 0.11715199999999999 0.00029446806278524937 
1.7600000000000002 1.3328003749250112e-08 -1.095094 2.0899760141410822e-05 1.285228 0.005734359179538521 0.994809 5.865150804922629e-06 0.989654 1.1730301609845258e-05 0.020978860000000002 0.00011267777988578752 995.2897999999999 0.012333370640481872 990631.6 24.57413299987026 0.11805159999999999 0.0004500037866513378 
1.75 0.0 -1.084756 3.3538037904519086e-05 1.286066 0.004595445223260707 0.9945822 9.105602033147425e-06 0.9892027999999999 1.8135931427423015e-05 0.022051800000000003 8.720334397246146e-05 995.2070000000001 0.01959387454897554 990466.2 38.808658978619064 0.1173824 0.0006977014031804808 
1.7399999999999998 1.3328003749250112e-08 -1.07455 7.310266782056762e-05 1.301798 0.004950534031799097 0.994366 1.5927334620926872e-05 0.9887736 3.155135466088692e-05 0.02292534 0.00015082721929410495 995.1537999999998 0.011165665162788564 990360.4 22.284702901282696 0.1183062 0.0004482422916236446 
1.73 0.0 -1.064098 3.615522020796025e-05 1.291762 0.002511032297664531 0.9941321999999999 1.3946757720366015e-05 0.9883098 2.7726377249736812e-05 0.02364198 8.082481995052119e-05 995.1004 0.007181083455802259 990254.2 14.451021806432927 0.11736919999999999 0.0006173394787316771 
1.72 0.0 -1.053732 4.910397218189571e-05 1.309244 0.01005846294420601 0.9938898 2.4529817959766304e-05 0.9878282 4.863200551588726e-05 0.02477518 0.00012021476914260114 995.0662 0.012176698190921105 990186.0 24.161126003678408 0.1178638 0.0004016955464023834 
1.7100000000000002 1.3328003749250112e-08 -1.0433899999999998 5.1768717277110804e-05 1.306074 0.0034983179958388605 0.9936178 7.1071775257548055e-06 0.9872871999999999 1.41064540216178e-05 0.02584132 7.897014321876853e-05 995.0103999999999 0.026988294882473444 990075.2 53.76273808908859 0.1186076 0.0002557482512162009 
1.7 0.0 -1.033102 3.983967835529551e-05 1.31887 0.002944993039041376 0.9933772000000001 1.2137213956600323e-05 0.98681 2.4078205821178425e-05 0.02663312 0.00017204389532908814 994.941 0.011408769136666483 989936.8 22.51648213583635 0.1187192 0.000450884677051792 
1.69 0.0 -1.0226380000000002 3.4802297279548956e-05 1.331204 0.003372444336085467 0.9930942 1.0827370755401704e-05 0.9862486 2.1377745133881774e-05 0.028268599999999998 3.886671583799652e-05 994.8668000000001 0.011385602896375174 989789.2 22.688147266076786 0.1187284 0.0002915708627409764 
1.6800000000000002 1.3328003749250112e-08 -1.01236 4.137632183296084e-05 1.347478 0.004805363170464611 0.9928286 9.75950980756905e-06 0.9857210000000001 1.926862694990401e-05 0.0291204 0.0001003260085920272 994.8098 0.013915170677366306 989676.0 27.918452504291402 0.11925440000000001 0.0003724656870101065 
1.67 0.0 -1.0020339999999999 2.165179024988736e-05 1.3447860000000003 0.00879079454883736 0.9925203999999999 9.425923829327411e-06 0.9851098 1.8571806860508635e-05 0.03049908 4.502965600543181e-05 994.7832000000001 0.014564064542485601 989623.4 28.832758773929783 0.1200632 0.000503613216665962 
1.6599999999999997 1.3328003749250112e-08 -0.9915343999999999 4.20852469667759e-05 1.364214 0.0054870849091315545 0.9922072 1.0671083493353592e-05 0.9844885999999999 2.1431940287166863e-05 0.0317128 4.940961849654054e-05 994.6987999999999 0.014678966181189763 989455.6 29.15695462372035 0.1191444 0.0005265338431669771 
1.65 0.0 -0.9812304 3.907285500502111e-05 1.3713020000000002 0.0057545261490286785 0.9918806 9.258940558734474e-06 0.9838414 1.8257273395634377e-05 0.0329637 0.00017994655428771577 994.674 0.004354308747942445 989406.4 8.563175726074117 0.118422 0.0006470212979496814 
1.64 0.0 -0.9707275999999998 3.278243541695855e-05 1.376774 0.007929274670485351 0.9915423999999999 1.1684521099437587e-05 0.9831711999999999 2.3036319047014015e-05 0.03462402 0.00012161436559893848 994.5758 0.016810473631722198 989210.8 33.46926900566305 0.12054820000000002 0.00040821733427096074 
1.6299999999999997 1.3328003749250112e-08 -0.9602198 4.904642723219248e-05 1.390868 0.0046344841352620805 0.9911823999999999 1.3683861351994585e-05 0.9824579999999999 2.721323272816067e-05 0.03596708 0.0001599774869162612 994.4961999999999 0.02101694668368195 989052.0 41.60288451537946 0.11952700000000001 0.0006423944582573587 
1.6200000000000003 9.424321830774484e-09 -0.9497974000000001 6.305654573646282e-05 1.3875020000000002 0.004169185436012557 0.9908146 1.4968233107917827e-05 0.9817294000000001 2.9614320102726994e-05 0.037372920000000004 0.0001218698499216106 994.4237999999999 0.006778791531318283 988908.6 13.536912426653094 0.1194388 0.0005233140089852211 
1.61 0.0 -0.9394598000000001 5.7477229995781784e-05 1.39774 0.005540937826759573 0.990442 1.439722171703995e-05 0.9809918 2.8366741013063555e-05 0.03876702 6.861609956839046e-05 994.3278 0.00950957311285358 988717.2 18.771041578802308 0.119062 0.00036689289990389246 
1.6 0.0 -0.9287295999999999 3.69438491522171e-05 1.414424 0.005794081532054097 0.9900298 9.206086444203707e-06 0.9801766000000001 1.8349059005729515e-05 0.0408889 0.00014889897246141745 994.1969999999999 0.0055641755436182825 988457.6 11.266232863281653 0.1204624 0.0005497894578835444 
1.59 0.0 -0.918342 5.025614410877416e-05 1.4276339999999998 0.005566598674239414 0.9896255999999999 1.2485513926855179e-05 0.9793776 2.4606666074088698e-05 0.04245554 0.00020994308485866874 994.143 0.005939696056411785 988350.8 11.987992446219884 0.1206374 0.0004307332910277899 
1.58 0.0 -0.90776 3.420175401599263e-05 1.436206 0.003927808141940629 0.9891854 1.719674380938601e-05 0.9785067999999999 3.380106534306512e-05 0.04428594 8.817079153547818e-05 994.0361999999999 0.026743822373497088 988137.4 53.14026710773337 0.1196618 0.00035210446177270796 
1.57 0.0 -0.8971402000000002 2.992711055856992e-05 1.445404 0.0044718681554808725 0.9887051999999998 7.68062859958907e-06 0.9775582 1.5258833445776897e-05 0.0464427 0.00022279765169303282 993.9396 0.010436857791234027 987946.2 20.783455005198846 0.12147300000000001 0.0003043102364351601 
1.56 0.0 -0.8866284 4.979124447556801e-05 1.459978 0.003511866056664828 0.9882384 1.494683849527155e-05 0.9766364000000001 2.9360653748647058e-05 0.048572859999999995 0.00012266686137669993 993.8294 0.006089994713121502 987727.0 12.059850340463392 0.12131860000000001 0.0004067465648278242 
1.55 0.0 -0.876014 4.33275895974346e-05 1.47258 0.006269037565684751 0.9877328000000001 1.162548831221987e-05 0.9756379999999998 2.3009565705857144e-05 0.05057210000000001 0.00011035611808973521 993.7022000000001 0.016043439414692735 987474.4 31.929422367078807 0.12148840000000001 0.0003270074739196166 
1.54 0.0 -0.8655101999999999 4.039445573790858e-05 1.471494 0.005078310427686023 0.9872678 1.2468840797643785e-05 0.9747207999999998 2.4768367950604587e-05 0.052619820000000005 0.0002391587813982428 993.6096 0.006672930325233513 987290.4 13.043312575020483 0.12137900000000001 0.0005016901035495141 
1.53 0.0 -0.8548180000000001 2.3812601553341802e-05 1.4786260000000002 0.004785906476296659 0.9867224 9.681323532504335e-06 0.9736444000000001 1.924286766189342e-05 0.054664920000000006 0.00019390175120389635 993.4997999999999 0.015664993452295037 987071.8 31.096494461167765 0.12142159999999999 0.0008069879602572457 
1.52 0.0 -0.844154 4.9946371296412675e-05 1.5064980000000001 0.005909307505957977 0.9861219999999999 1.420704168979969e-05 0.972461 2.7947093058932906e-05 0.057116259999999995 0.00014567716252070025 993.383 0.023720033729628345 986840.0 47.18898176481455 0.123099 0.0005079531474456709 
1.51 0.0 -0.8335813999999999 4.8335991066430254e-05 1.515438 0.00517921878278972 0.9855762 1.6080795759655234e-05 0.9713866000000001 3.140522225071415e-05 0.059996780000000006 0.00039771582055515777 993.2528 0.01743651276574493 986581.8 34.62877383822683 0.1226784 0.000546418784449951 
1.5 0.0 -0.8227628000000001 6.854160751533282e-05 1.540428 0.004817715143097791 0.9849446000000001 8.4218747678132e-06 0.9701428 1.641803827307277e-05 0.062229440000000004 0.00024894912990405875 993.1166000000001 0.023293947139326192 986311.0 46.216014487590634 0.1229022 0.0005262064537801865 
1.49 0.0 -0.812162 4.7734264267253995e-05 1.5524680000000002 0.0046651923004213044 0.9843142 5.559854681874268e-06 0.9689028000000001 1.103231498067457e-05 0.06522560000000001 0.00015399575318783635 992.9706 0.006353584602279388 986021.2 12.653537517972987 0.1236526 0.00048566899015656446 
1.48 0.0 -0.8013670000000002 5.8982030650681075e-05 1.561814 0.006830062722988322 0.9836550000000001 1.630214752710437e-05 0.9676069999999999 3.200375018847357e-05 0.06792279999999999 0.00027522963357940817 992.8585999999999 0.013134993051311362 985799.6 26.239817593568556 0.1245204 0.0002513947652592201 
1.47 0.0 -0.7905835999999999 5.360119412798014e-05 1.5892380000000002 0.0050614712485487654 0.9829928000000001 1.1911001579442108e-05 0.9663056000000001 2.3453101345727113e-05 0.07087402000000001 0.00041448606673776325 992.6752 0.013574683057953837 985435.0 26.977027444950732 0.12411880000000002 0.0004154645014912121 
1.46 0.0 -0.7797892 4.419809957879875e-05 1.587454 0.004790158744763063 0.9822367999999999 1.923413753654717e-05 0.9648213999999999 3.775563526562584e-05 0.07398094 6.98618385111313e-05 992.5172 0.017849146154587235 985120.8 35.50932219700377 0.1250908 0.00013181514329203194 
1.45 0.0 -0.7689416 4.114423404459188e-05 1.603476 0.004867813143505936 0.9814976 1.5734294090815447e-05 0.9633710000000001 3.105350188664771e-05 0.07731944 0.0002357099719568644 992.3611999999999 0.01612550820660569 984812.0 31.840854106546434 0.1260946 0.0006327280995813776 
1.44 0.0 -0.7581513999999999 3.852749675605918e-05 1.60856 0.004568052539104809 0.9806728 1.5079522343998112e-05 0.9617538 2.9569444283218292e-05 0.08060448 0.0004949249635244876 992.1998 0.02493415278214894 984492.2 49.45252270565299 0.12560600000000002 0.0005133584322859981 
1.43 0.0 -0.7471968 5.252230001889225e-05 1.630706 0.003788230827186613 0.9798577999999999 2.1347413615740007e-05 0.9601580000000001 4.190178945633401e-05 0.08514658 0.00014157394788635394 991.9708 0.021414760491067806 984037.6 42.43451411623857 0.1269894 0.0007013114343859964 
1.42 0.0 -0.7362634000000001 7.699277861123823e-05 1.656156 0.008046852105015446 0.978979 2.7511451813964986e-05 0.9584382 5.3577159160092046e-05 0.08819504 0.000517768013380527 991.8214 0.036264141583088334 983741.6 72.0392117007185 0.1271706 0.0005790998946646269 
1.41 0.0 -0.725402 7.141820493813019e-05 1.668836 0.01054536887927704 0.9781316 2.3451397115634152e-05 0.9567816 4.5779121782173806e-05 0.09245054 0.0005152958269574815 991.6020000000001 0.019017885267353943 983306.8 37.72256576339204 0.1277906 0.0005496070305221085 
1.4 0.0 -0.7142776 5.051383994714275e-05 1.6769579999999997 0.009233093696066594 0.9771328 1.3843120202955978e-05 0.95483 2.7280762506919008e-05 0.09614666 0.00022726784128049228 991.3866 0.021195470842036445 982879.2 42.0232319838347 0.12933460000000002 0.00025683607223015 
1.39 0.0 -0.7033480000000001 5.748878137048447e-05 1.708406 0.010458825402492013 0.9761521999999999 2.0367425841013087e-05 0.9529168 3.947900693791481e-05 0.10067466 0.0004713741491427356 991.1914 0.036016218124685744 982492.0 71.32348834875069 0.12818939999999998 0.0005361441298766784 
1.38 0.0 -0.6923190000000001 4.389259568550749e-05 1.7139859999999998 0.008545062948864014 0.9751364 1.8613113157506565e-05 0.9509374000000002 3.629060411654265e-05 0.1063066 0.0003884763673637666 990.9474 0.01855068728342233 982008.6 36.69288783372228 0.1294094 0.0003223317049255 
1.37 0.0 -0.6812924 8.438796132250503e-05 1.735624 0.011519515128688432 0.9740817999999999 2.7700397360459e-05 0.9488834 5.401007286772596e-05 0.11001860000000001 0.00035253965450634525 990.7060000000001 0.014455447461425363 981531.2 28.729636555333627 0.13033820000000002 0.0007586959021895877 
1.36 6.664001874625056e-09 -0.6700707999999999 8.663458920395684e-05 1.7609280000000003 0.0074768530278351 0.9729531999999999 3.0721198979223065e-05 0.9466882 5.970420420162961e-05 0.11535880000000001 0.0007026927863578593 990.4678 0.01313133567214037 981059.0 25.816274031757807 0.13237939999999998 0.0002650024301802958 
1.35 0.0 -0.6589609999999999 8.013338899980161e-05 1.7857200000000002 0.004539833477091126 0.9717622 2.5634975663712133e-05 0.9443746000000001 4.988274226289114e-05 0.12106520000000001 0.00029259807244647995 990.1988000000001 0.023312485094519494 980526.0 46.04085153171719 0.131907 0.0004373276117517413 
1.34 0.0 -0.6477299999999999 1.674514897869278e-05 1.796852 0.009905576368897266 0.9705038 2.2391784582609757e-05 0.9419328 4.352047765939786e-05 0.1275986 0.00034389214588186143 989.881 0.010526158154595068 979897.0 20.734512174565076 0.132078 0.00046676949343336737 
1.33 6.664001874625056e-09 -0.6364042 7.081547864919495e-05 1.820554 0.0073773131152230186 0.9691863999999999 3.134402708710258e-05 0.9393794 6.075695864424315e-05 0.132121 0.0006413116559060678 989.567 0.028292755169597554 979276.4 55.966847224774504 0.1345938 0.0006408552660308162 
1.32 6.664001874625056e-09 -0.6250568000000001 7.205298044477447e-05 1.8622219999999998 0.006483100739627592 0.9678084 2.4593658046678054e-05 0.936714 4.732018553204057e-05 0.1400448 0.0005884153227102441 989.2724000000001 0.01351029159213617 978693.0 26.939933366020508 0.1343976 0.0007272750016324218 
1.31 0.0 -0.613472 5.5904919220298476e-05 1.87696 0.0035322468769895792 0.9663349999999999 3.289376841754741e-05 0.933867 6.370996774711513e-05 0.1469128 0.0005299725577793505 988.875 0.012862348248135229 977907.4 25.57749025632695 0.136175 0.0008743160069454898 
1.3 0.0 -0.6022917999999999 7.101740644233701e-05 1.8966100000000001 0.016828164249251733 0.9648866 3.634237235347966e-05 0.9310724 7.00317640865124e-05 0.15321020000000002 0.0004038285180608239 988.5678 0.015771873664185095 977300.4 31.409043330379987 0.1385396 0.0006808142536693513 
1.29 0.0 -0.5908314 8.014965988564806e-05 1.908884 0.010541351943660817 0.9633134 2.55179938161907e-05 0.9280421999999999 4.891658250142172e-05 0.1594522 0.0009169923183976819 988.2041999999999 0.018700589452294566 976581.2 36.88620360787435 0.1375476 0.0008456957656272426 
1.28 0.0 -0.5794235999999999 3.036129145483756e-05 1.962846 0.006893132582504192 0.9617318000000001 2.3005041776859262e-05 0.9250023999999998 4.420009149027992e-05 0.1704904 8.587181144470865e-05 987.8374 0.0121378742072552 975857.8 24.072224090354634 0.14068759999999997 0.0007180790262927288 
1.27 6.664001874625056e-09 -0.5676798 5.1111955696870145e-05 1.9784460000000004 0.012296215222568376 0.9599292 1.8296228012500335e-05 0.9215406000000002 3.4774242887884504e-05 0.1769168 0.0007618386915869023 987.441 0.014543726510187547 975074.8 28.934961247976037 0.1418444 0.0006185093435022783 
1.26 0.0 -0.5561512000000001 4.4244231117458307e-05 1.990784 0.008428852638402755 0.9581593999999999 2.2100861064145402e-05 0.9181505999999999 4.17924396724471e-05 0.1866566 0.0012140417323957455 986.9994 0.015483152735843943 974203.4 30.384996265375367 0.14269499999999996 0.0003809374751871325 
1.25 0.0 -0.5442576000000001 4.8307017720907576e-05 2.0511880000000002 0.009514520439828048 0.9561648 4.113626121240679e-05 0.9143364 7.830892662087733e-05 0.19752440000000002 0.0012412647936675986 986.54 0.01742641760744413 973297.4 34.72704987706359 0.1461 0.0005604114916731399 
1.24 0.0 -0.5325546000000001 3.831824604661191e-05 2.0614619999999997 0.011134574765136051 0.9541941999999999 8.096422214465394e-06 0.9105762000000001 1.552391573415904e-05 0.20736500000000002 0.0006164988888858839 986.0348 0.013938149200542201 972300.6 27.49778178198539 0.1469318 0.0005094655552639792 
1.23 0.0 -0.520632 7.09957745037003e-05 2.10044 0.006809324782986534 0.9520517999999999 4.2983159754519514e-05 0.9064976 8.17437947589832e-05 0.2193406 0.0007104648393836209 985.5163999999999 0.017414019063268185 971279.2 34.275822838409 0.14964919999999998 0.000739980940295961 
1.22 0.0 -0.5087296 6.968592405085614e-05 2.1430160000000003 0.00921758215585298 0.9498348 3.390032445942177e-05 0.9022863999999998 6.449223270505463e-05 0.2302174 0.0004574871888934306 984.9613999999999 0.02471372095394053 970186.2 49.013793996722235 0.1506206 0.0007179570237837909 
1.21 0.0 -0.49672360000000004 2.913087700336927e-05 2.1762040000000002 0.01582089115062253 0.9474338 1.5258833445776897e-05 0.8977356000000001 2.8834145811806106e-05 0.24272960000000002 0.001303543834321347 984.3843999999999 0.013238128262196109 969050.8 26.00830602753426 0.1541784 0.0007070377415669542 
1.2 0.0 -0.48444640000000005 0.00010529752129802437 2.243378 0.011053974995442589 0.9448356 6.081881276487405e-05 0.8928276 0.00011477616464151119 0.26138279999999997 0.0014931094105938751 983.7104000000002 0.032126747873385667 967725.4 62.98482347582828 0.1592066 0.0007047448105517149 
1.19 0.0 -0.472494 3.337903538369743e-05 2.2541059999999997 0.004780514281979371 0.9423736 2.870623638877568e-05 0.8881857999999999 5.375157721969164e-05 0.27093779999999995 0.0013269505311060618 983.1286 0.014842103408788502 966581.0 29.204109383489378 0.1598644 0.0005715550437182575 
1.18 0.0 -0.4600744 5.3283093036920485e-05 2.294952 0.013327465595530585 0.9395324 5.098595868567166e-05 0.882846 9.536666061883178e-05 0.28789080000000006 0.0007729225782651432 982.3954 0.02304708179688214 965141.0 45.17787058100874 0.16410199999999997 0.0006987779618750295 
1.17 0.0 -0.4476112 0.00012379964458202064 2.342844 0.010864096685877827 0.9365362000000002 6.0875216139070525e-05 0.8772324000000001 0.00011427881677307493 0.3048826 0.0009610472454560199 981.6171999999999 0.03077843491938726 963613.0 60.47809520809992 0.16613719999999998 0.0006039890330137654 
1.16 0.0 -0.43496579999999996 2.6734846316747143e-05 2.411326 0.010643905899627201 0.9333356 3.116228470122161e-05 0.8712567999999999 5.802027248611256e-05 0.3261172 0.0010420894548949303 980.762 0.023189653803296743 961936.2 45.3743540652199 0.17069419999999996 0.0008353806030797079 
1.15 0.0 -0.42220379999999996 0.00013606598403112077 2.4494219999999998 0.02213960006865758 0.9299417999999999 7.805403287302976e-05 0.8649419999999999 0.00014457966683608812 0.34503059999999997 0.0021497851167048337 979.8732 0.03639274644759017 960194.0 71.05716005524839 0.17422120000000002 0.000770825396570185 
1.14 0.0 -0.40961179999999997 4.486994546463728e-05 2.5175779999999994 0.005312643334604709 0.9265237999999998 3.2574100946058204e-05 0.8586072000000001 6.0375756214895645e-05 0.3712378 0.0015862066548840382 978.992 0.02957701892971163 958469.6 57.972131387228856 0.179112 0.0005221397514082369 
1.13 0.0 -0.3964212 8.361980626798067e-05 2.5925920000000002 0.003431936363013383 0.9225861999999999 6.897037075474979e-05 0.8513363999999999 0.00012675096859384631 0.39415220000000006 0.0013825383727008545 977.927 0.03303452735382098 956386.4 64.32703936265109 0.1845282 0.0009534949774384595 
1.12 0.0 -0.3832848 4.677811459828331e-05 2.661098 0.004519887963200289 0.9185066000000001 4.813115363166397e-05 0.8438383999999999 8.87290709979428e-05 0.4234102 0.001383601775076802 976.8163999999999 0.010600378613441106 954217.2 20.49858572198488 0.1930254 0.000843670675084349 
1.11 0.0 -0.3698728 5.146913638918862e-05 2.732894 0.01997957168709963 0.9141472 6.331912800496513e-05 0.8358634 0.00011401003465264725 0.45618859999999994 0.004570160790169683 975.6207999999999 0.03258269507785274 951885.0 63.16138068286367 0.20101620000000003 0.0021608607618257085 
1.1 0.0 -0.3562398 7.323572902221431e-05 2.8302120000000004 0.015052991038301607 0.9093142000000001 7.356162041780561e-05 0.8270668000000001 0.00013381880275934767 0.49475579999999997 0.0014687256626095514 974.2573999999998 0.03250181600535909 949228.0 63.245553203367585 0.209246 0.0012591526357039941 
1.09 0.0 -0.34253880000000003 0.00013157276313005057 2.897114 0.014028897775649644 0.9043393999999999 8.865555835165973e-05 0.8180609999999999 0.00015860113508145375 0.533376 0.004124376481360849 972.8596 0.04709360908420455 946509.2 91.44720890547487 0.21984719999999996 0.0016951350719046326 
1.08 0.0 -0.3280202 0.0001525593392971228 3.028264 0.03331507329722893 0.8985306 0.0001245929692289142 0.8076115999999999 0.00022218129543921986 0.5855774 0.004885955133645246 971.1334 0.05825433854097639 943156.2 113.0265102380922 0.2324554 0.0011794356480952473 
1.07 0.0 -0.3134712 0.00016428838059158864 3.194038 0.019699678454241844 0.8923862 0.00014542995560437927 0.7966348 0.0002581851119092114 0.6492478 0.003299365604474899 969.2852 0.0703519152725648 939575.0 136.3381091437123 0.2499038 0.0011078964355929076 
1.06 0.0 -0.2985006 0.00011544439353827213 3.3282739999999995 0.01844083611987243 0.8855862 8.494346352131445e-05 0.7845734 0.00014943482864614185 0.7146299999999999 0.004981868524963451 967.2232 0.035326363674112835 935585.8 67.73560336256425 0.269842 0.002704438884500211 
1.05 0.0 -0.2833746 0.00012072732914786516 3.517382 0.025864330712392546 0.8783564 0.00015052351301160686 0.771857 0.0002621239401280021 0.7982035999999999 0.005407356785716089 964.999 0.06544310482011045 931293.8 125.78311489300741 0.29431219999999997 0.002286320002100477 
1.04 0.0 -0.267118 9.762171888202866e-05 3.7685520000000006 0.03645463837702163 0.8696879999999998 9.004265701798418e-05 0.7567518000000001 0.00015364697190182593 0.9097168 0.009897391350857009 962.2360000000001 0.037854457398582585 925976.6 72.46549539236544 0.3260136 0.0024379882788890853 
1.03 0.0 -0.2498434 0.000264963484275202 4.216596 0.01651464528230538 0.8595520000000001 0.0002797194308190165 0.7393038000000001 0.0004788887469738096 1.091628 0.005309477865103592 958.8336000000002 0.12204641718638777 919455.6 233.44834118693086 0.39037879999999997 0.0022048690010971175 
1.02 0.0 -0.2315658 0.0004305370042182946 4.645414 0.08453454785352686 0.8477855999999999 0.0004938039773112921 0.7193158 0.0008258377274163621 1.323794 0.03428180527335237 954.7634 0.2080772164346722 911684.4 395.0415269409185 0.46618740000000003 0.012634549130380196 
1.01 0.0 -0.138686 0.06393337634006199 37.873384 28.672100273679096 0.7077553999999999 0.1109777249925768 0.5739404800000001 0.10626508674596892 26.363943999999996 21.92693673908266 872.418 68.40818236029965 788757.6 100008.87417808478 29.6223954 25.898056221799838 
1.0 0.0 0.20080800000000001 5.947570932205479e-05 1.051978 0.007088161623435466 0.1175058 0.00013370337318146359 0.014134740000000002 3.392177589687905e-05 0.7534854 0.006981659531087041 507.95500000000004 0.12367117688700548 258258.4 127.80566497807631 1.8908580000000001 0.017046180193813883 
0.99 0.0 0.2042272 2.087179915382706e-05 0.9597279999999999 0.006074540199885987 0.11055140000000001 5.8345591094895874e-05 0.01250792 1.42774059270013e-05 0.6596332 0.005044269393281086 503.0548 0.07569063346178605 253282.4 76.6626897571006 1.7345739999999998 0.011522034750858907 
0.9800000000000001 6.664001874625056e-09 0.20746340000000002 7.748630846122863e-05 0.9205806000000001 0.004732281568968479 0.10391500000000001 0.00014740067842409962 0.01106646 3.226426630192384e-05 0.6174548000000001 0.0064717364804187235 498.3482 0.1116055195394461 248563.4 112.77113105701267 1.7055960000000003 0.01851511136341939 
0.97 4.712160915387242e-09 0.21035279999999998 5.7782627156906204e-05 0.8598839999999999 0.007165480388644337 0.09816598 3.6552312098404044e-05 0.009878828000000001 7.513118872598137e-06 0.5581728 0.005367446233731699 494.2272 0.04928886280593395 244458.6 48.42528265465371 1.604034 0.01631358001175495 
0.96 0.0 0.2128982 8.005068394066053e-05 0.8345632000000001 0.0024330319915654907 0.09296828 0.000132395439196521 0.008865912 2.579717851242517e-05 0.513143 0.003640925135181316 490.61800000000005 0.12255154015658075 240894.6 120.94448312869659 1.5378820000000002 0.00996732036205743 
0.95 4.712160915387242e-09 0.21516739999999998 2.9549416244719832e-05 0.7892388 0.004685243655560781 0.08769985999999999 9.857262338133264e-05 0.007896772 1.7907954746396366e-05 0.473377 0.002503529045169866 486.8858 0.08138127546008135 237238.2 79.44578024795616 1.48308 0.01092800841874091 
0.9399999999999998 4.712160915387242e-09 0.21726879999999998 5.799337894303116e-05 0.756373 0.00247280947911291 0.08317428 8.117770826899727e-05 0.00710759 1.2536014358710999e-05 0.4368264 0.0037751298107482852 483.6773999999999 0.08816284936890852 234114.8 84.73837384174169 1.418034 0.011098583909673514 
0.93 0.0 0.2191952 4.395761595830162e-05 0.738005 0.004327932226826782 0.07902300000000001 8.051889219282953e-05 0.00642447 1.3620042290690765e-05 0.4142746 0.0035754731781972547 480.76599999999996 0.07458257171874781 231303.4 72.88215145138832 1.393808 0.011169118282121703 
0.9200000000000002 6.664001874625056e-09 0.22094339999999998 4.301311428857584e-05 0.7197875999999999 0.0035165955081621196 0.07499852 0.0001298064910544127 0.005791684 2.0230778452635236e-05 0.38435699999999995 0.00312785375617308 477.9474 0.1252283034945176 228594.4 121.06613068973132 1.343406 0.011062954252819094 
0.9099999999999999 6.664001874625056e-09 0.2224544 3.350056718058005e-05 0.6990716 0.006545634542806881 0.07130138 9.236603445016173e-05 0.005240903999999999 1.3147841374181202e-05 0.3616672 0.0016837082265045717 475.43999999999994 0.07966781041629223 226198.8 76.13850538096968 1.306498 0.006804524612347701 
0.9 4.712160915387242e-09 0.22391259999999996 4.9418700938971525e-05 0.6725158 0.002495902296163625 0.06796564000000001 7.793643358455012e-05 0.0047666520000000006 1.0896543818958532e-05 0.33937779999999995 0.001860878080908835 473.063 0.0674892584221373 223939.8 64.32878050563971 1.276608 0.006522683128896327 
0.89 0.0 0.22535280000000002 7.283482681508721e-05 0.6661406 0.003609221440701326 0.06445614000000001 0.00011895592326476407 0.0042922179999999996 1.5542486390558365e-05 0.31691800000000003 0.0037664165356472152 470.53279999999995 0.12475845468120869 221546.6 117.6539332091059 1.2369 0.010994962119074556 
0.8800000000000001 6.664001874625056e-09 0.226509 4.685979086709244e-05 0.6520324 0.002907836702429691 0.06143214 9.935903622720759e-05 0.0039035859999999997 1.2435349806110443e-05 0.29866380000000003 0.00236695342412876 468.48139999999995 0.0989187950035577 219616.4 93.95045503076757 1.208636 0.011543648158186074 
0.8699999999999999 6.664001874625056e-09 0.2276538 8.152123649793866e-05 0.6405519999999999 0.005245793255555241 0.05858376 5.757059388334677e-05 0.0035523280000000004 6.611845975156507e-06 0.27706179999999997 0.0015997861707133345 466.494 0.053269127967162086 217755.8 49.37643164768289 1.192446 0.005773943262631582 
0.86 0.0 0.228654 1.9744366299241887e-05 0.6262855999999999 0.0021469702671515615 0.055955359999999996 4.732492451265333e-05 0.00324736 5.676863218367462e-06 0.268065 0.0010741807669102368 464.6603999999999 0.02745847805219661 216044.8 25.2687950056507 1.165608 0.0042209452969734 
0.85 0.0 0.2297478 5.160573611833362e-05 0.6167162 0.00411069486486015 0.05311336 1.9430874401160878e-05 0.0029288960000000003 2.452870318572119e-06 0.2485144 0.0013715667129237685 462.62 0.0207345122086747 214147.4 18.915813535478307 1.1263079999999999 0.0034762869847054932 
0.8400000000000001 6.664001874625056e-09 0.23065559999999996 4.135272668867682e-05 0.6027659999999999 0.002233712855319731 0.0507643 5.960059060198699e-05 0.002680122 6.095655108338324e-06 0.23751380000000002 0.0009770541602174944 460.8492 0.06982286158489866 212509.0 64.79012270871503 1.100308 0.006512215844087138 
0.8299999999999998 6.664001874625056e-09 0.2314226 3.379775140892966e-05 0.6017574 0.0022711022803912737 0.0485647 6.414653225223776e-05 0.002456552 6.596626046696318e-06 0.2257978 0.0009614986385853805 459.4898 0.05345233396111328 211256.2 49.65915826115605 1.0916799999999998 0.0040337020217264975 
0.82 0.0 0.23215879999999997 3.3371125292385234e-05 0.5948796000000001 0.003466815733204781 0.04618654 7.418598573856884e-05 0.002225932 6.904012977977474e-06 0.2135942 0.0007521202244315971 457.78900000000004 0.06281846853890233 209695.2 57.54261028925753 1.08471 0.005789321203732494 
0.8100000000000002 4.712160915387242e-09 0.23293979999999997 4.807111400975869e-05 0.5872594 0.0022841855721472274 0.04415756 4.707986915873481e-05 0.002037478 4.310000835279674e-06 0.2017716 0.0005945224369198779 456.2772 0.07926128944320941 208309.4 72.70411267932703 1.0543999999999998 0.003523953461680511 
0.8 0.0 0.2335728 3.713262714349023e-05 0.5882144 0.0036557907773823507 0.04218176 5.158562280413648e-05 0.0018623559999999997 4.493476694091299e-06 0.1913256 0.0005899162381211808 454.91360000000003 0.06356011325212765 207063.0 57.61458148237865 1.0261020000000003 0.004620313755563313 
0.79 0.0 0.2341154 4.167838766607365e-05 0.5791174 0.004272231722180482 0.0404507 4.862846080265949e-05 0.0017156 3.88440059725808e-06 0.18277440000000003 0.001621046466945549 453.7586 0.03636987772560265 206013.8 32.813899500474584 1.0316379999999998 0.00828657149851667 
0.78 0.0 0.2347054 2.2837863295423255e-05 0.5768206 0.0025549996258324224 0.038550860000000006 7.271054723989356e-05 0.00156041 5.724508712543976e-06 0.17099579999999998 0.0009591745784800653 452.337 0.0804760834097593 204721.4 72.94852980347363 0.9969972 0.0033113754894298227 
0.77 0.0 0.235154 6.674548672474881e-05 0.5658692000000001 0.004373970785450906 0.03695156 6.701302918050472e-05 0.001436596 5.267022384611289e-06 0.1639424 0.0012542274626238636 451.31280000000004 0.057105796523037114 203794.0 51.86675236228263 0.9806034 0.006259382823250156 
0.76 0.0 0.23564919999999998 6.676969374697681e-05 0.5640878 0.003890434098143127 0.03538452 4.992911295014571e-05 0.001319794 3.7009335038596737e-06 0.1560274 0.0007223979844929786 450.2024 0.05326957854385413 202791.4 48.05630031726439 0.9711345999999998 0.002562772664137915 
0.75 0.0 0.2361052 2.9067370071300974e-05 0.5672658 0.0028307354153993465 0.03390487999999999 2.331221825862218e-05 0.00121416 1.4046380316927106e-06 0.14887319999999998 0.001220220943928105 449.0848 0.038582275777494526 201785.8 33.804615098431825 0.965747 0.009083042534304182 
0.74 0.0 0.23647820000000003 1.2729178926926982e-05 0.5582727999999999 0.0029316650067878753 0.03240620000000001 3.6824242013512283e-05 0.001112016 2.2490506441699113e-06 0.14249959999999998 0.0007062759007650777 448.0882 0.04738387908584214 200890.4 42.31935728958804 0.958636 0.003509348201581602 
0.73 0.0 0.23686980000000002 2.0681199137467615e-05 0.5577828 0.004224362024256648 0.031007020000000003 4.7656364947294755e-05 0.00102024 2.801451052577041e-06 0.13545440000000003 0.0005614801581521422 447.05 0.035303257589433326 199959.0 31.655647210334777 0.9424644000000001 0.006020279346339465 
0.72 0.0 0.2372058 4.30863319531769e-05 0.5568702 0.002416763859378793 0.029641260000000003 4.6685206221728534e-05 0.0009345598 3.05800124787366e-06 0.128898 0.0007329526587711854 446.13059999999996 0.061689934396142135 199136.0 55.37869626489955 0.9305559999999999 0.003541996826651487 
0.71 0.0 0.23743280000000003 3.139222826869208e-05 0.5538406000000001 0.002744075328408565 0.02845224 2.942100746040896e-05 0.0008626982 1.8177380097237093e-06 0.1224904 0.0005971269613744358 445.3196 0.04001059865154165 198412.2 35.783124503130566 0.9218 0.007228093685062815 
0.7 0.0 0.23776060000000002 3.4155643737051804e-05 0.5449232 0.0018767468321538908 0.027261200000000003 3.5968697502074685e-05 0.0007943508 1.9897395487838164e-06 0.1178986 0.0008631389969175987 444.46539999999993 0.045618943560967115 197651.0 40.68021632569296 0.9152542 0.0032120052104569257 
0.69 0.0 0.2380208 3.075373144022621e-05 0.5505516 0.003973688660174579 0.026085179999999996 2.4300212346442663e-05 0.0007291595999999999 1.2140298711418282e-06 0.1122516 0.0004824342110584064 443.63359999999994 0.035206363147928015 196911.8 31.26710732914738 0.9096373999999999 0.004186377265372488 
0.68 3.332000937312528e-09 0.2383342 2.7735032005018845e-05 0.549302 0.0028707337319947195 0.024985 5.012442119364051e-05 0.0006710672000000001 2.7096808431947174e-06 0.1078382 0.0006548268412340595 442.7486 0.06586325224472825 196125.8 58.38725889822153 0.8997985999999999 0.004275369126527962 
0.67 0.0 0.23851459999999997 4.645737835772542e-05 0.5493794000000001 0.003633754880007862 0.023919859999999998 3.167385799081514e-05 0.0006163440000000001 1.578176061144938e-06 0.1017892 0.00021917361155119136 442.0768 0.025812245042290204 195530.4 22.73605069935868 0.893229 0.0029659382596334055 
0.66 3.332000937312528e-09 0.23858319999999997 4.530112582548396e-05 0.5485871999999999 0.00259569929537746 0.02292062 1.896019831073733e-05 0.0005674628 9.99328790742734e-07 0.09701212 0.000383260721076851 441.479 0.03530778957515304 195000.4 31.26736319389009 0.8737596 0.006494176896883274 
0.65 0.0 0.2387458 3.527990926027894e-05 0.5472346000000001 0.0036147043430934207 0.0220264 3.0245488919397145e-05 0.00052571 1.3664024882863726e-06 0.09341278 0.00027161056444817113 440.8732 0.05407136020725649 194465.0 47.47799490932985 0.8682321999999999 0.003212638858016597 
0.64 0.0 0.23903560000000001 4.500453307029323e-05 0.5412752000000001 0.0024714687357910436 0.02108092 2.727164681503642e-05 0.00048312880000000004 1.1674865104108097e-06 0.08921042000000001 0.00035450603650649583 440.1532 0.07002879406367223 193830.0 61.4315879608337 0.8645018 0.003925419431348964 
0.63 0.0 0.239172 2.2955609350118215e-05 0.5495238 0.0019615412185302137 0.020102580000000002 2.5081505536691918e-05 0.0004410412 1.2073066685772408e-06 0.08507432000000001 0.000618167266942801 439.3986 0.04770123689330221 193166.4 42.18302976533461 0.8674208 0.0028458888860979107 
0.62 0.0 0.2392932 2.207514440438547e-05 0.5398256 0.0023335325598737074 0.01936288 1.7126807057917625e-05 0.000410366 7.065681000425335e-07 0.08166006 0.0004600793536768201 438.92260000000005 0.04184026752386774 192747.8 36.64030568974006 0.8612870000000001 0.005172993237954841 
0.61 0.0 0.2394616 2.9964779326103416e-05 0.5393635999999999 0.0035540667815929764 0.018539519999999997 2.3597464271284687e-05 0.00037748240000000003 9.680375447215917e-07 0.07779738 0.0003630555631304404 438.2518 0.0365725579492017 192157.0 32.2428286600292 0.845744 0.0020798896509199296 
0.6 0.0 0.23952720000000002 4.11906785249058e-05 0.5408645999999999 0.0020957633950490283 0.017769439999999997 3.334280852003712e-05 0.00034813220000000003 1.1806551875961834e-06 0.07458858000000002 0.00026032704876677456 437.82400000000007 0.07923029715804798 191782.2 69.3428583143682 0.8445184000000001 0.0029966759798074503 
0.59 0.0 0.23962560000000002 4.507558095285431e-05 0.5388344 0.0026808455472112362 0.01706266 2.1539073331912403e-05 0.00032218240000000004 6.796225776083533e-07 0.07152963999999999 0.00041997311780663584 437.23 0.050063160030547844 191261.2 43.819082595505336 0.8324142 0.002586553883452628 
0.58 0.0 0.23957759999999997 4.0774109449235394e-05 0.5461776 0.0017631654170822079 0.016373940000000003 8.847580459199493e-06 0.0002976654 3.048692309836981e-07 0.06810584 0.00027181918195724725 436.9342 0.05156231183863033 191002.2 45.26667646951995 0.8296664 0.004756565270024284 
0.57 0.0 0.2396978 2.949766093279481e-05 0.5380526 0.0019813976198643757 0.015691459999999997 3.1875214195566756e-05 0.00027457420000000005 1.0819928428582636e-06 0.06531202 0.0002782847626439837 436.35540000000003 0.039988598263170444 190496.8 34.91406593075196 0.8301778000000001 0.005164001893103457 
0.56 0.0 0.2398204 3.680282599174436e-05 0.5344142 0.0026914018860063043 0.01505002 1.7816585531353177e-05 0.0002536618 6.416093141451698e-07 0.06257024 0.00025819590949571254 435.9132000000001 0.0363025065910451 190109.0 32.02998594590426 0.8157707999999999 0.003587583848781943 
0.55 0.0 0.23987699999999998 1.636337378632374e-05 0.5381508 0.002224105202547172 0.014391560000000001 1.9814471479062897e-05 0.0002329892 5.063780721939634e-07 0.059606179999999995 0.00020571005886952 435.3398 0.03793193901980863 189609.2 33.13173702035316 0.813124 0.0017186593147014465 
0.54 0.0 0.2399394 1.7815947830749815e-05 0.5385416000000001 0.001453225036933278 0.013865159999999998 9.552825760724789e-06 0.00021718420000000003 2.273873171402081e-07 0.057462639999999995 0.00021274663165411385 435.0472 0.02222143127501214 189355.4 19.17832109917616 0.8197058 0.0028579325030504118 
0.53 0.0 0.2399056 1.7555853747046302e-05 0.5365402 0.003679067494897931 0.01326296 2.4357218231945502e-05 0.00019934100000000001 7.112411124214163e-07 0.05398656 0.00020121926269614968 434.6702 0.047708615569167584 189025.0 41.289223775702055 0.7994872 0.0050206622702591115 
0.52 0.0 0.23995000000000002 2.366262868911598e-05 0.5417802 0.0018374718805997728 0.012753419999999998 1.9042004096351125e-05 0.00018568120000000003 5.059107747402742e-07 0.05306052 0.00019956799623184612 434.2866 0.022670862222289704 188692.0 19.583666656038247 0.8057138 0.002162983188097534 
0.51 0.0 0.23993959999999998 5.453703330765305e-05 0.5418841999999999 0.004283738436460347 0.01221206 1.683336211226067e-05 0.0001711374 4.2939181175204785e-07 0.05069122 0.0002050589054880945 433.9428 0.04757596033957115 188393.8 41.436602193504875 0.8057586000000001 0.0024838273466551153 
0.5 0.0 0.23995799999999998 2.6978509980525398e-05 0.5394882 0.0018247198886397757 0.01171332 1.7016801109531476e-05 0.0001582652 4.680555009833573e-07 0.04852692 0.000194178559887358 433.611 0.039831645745072614 188105.6 34.48431526458918 0.8040596000000001 0.002396362403304915 
0.49000000000000005 3.332000937312528e-09 0.2399632 3.932978516818544e-05 0.5467131999999999 0.001410912368656101 0.01125712 1.8924807000238014e-05 0.00014668599999999998 4.395153694710695e-07 0.04599122 5.602143446985742e-05 433.26779999999997 0.03073551693172084 187807.2 26.879583321021155 0.7929076 0.003469094851399755 
0.48 0.0 0.2400142 4.214394378500063e-05 0.5313734 0.001221128186548566 0.010794380000000001 1.2925522039726865e-05 0.0001356186 3.6853152917993533e-07 0.04400358 0.00021581619105153537 432.8738 0.0491075553732543 187464.4 42.45995760210735 0.7816408 0.0029297406902309684 
0.4699999999999999 2.356080457693621e-09 0.24012699999999998 1.6007498331319658e-05 0.5371372 0.004106809675648846 0.01038906 2.414001822700149e-05 0.000126487 5.252340430708419e-07 0.042742920000000004 0.00018463043172749045 432.5888 0.02201708421391735 187218.2 18.674902915446904 0.7859916 0.003727214859380154 
0.4600000000000001 3.332000937312528e-09 0.24001699999999998 4.553328456452648e-05 0.5399332 0.003174939021776387 0.009959106 1.9826731571203003e-05 0.00011693559999999999 4.457424906831878e-07 0.04089614 0.00024543073092022207 432.3166 0.0352858045420367 186982.4 30.33624895217405 0.7822174000000001 0.005512111229644761 
0.45 2.356080457693621e-09 0.2400544 5.976661274538164e-05 0.5368548000000001 0.0044094740493609945 0.009540018 1.4534906232818137e-05 0.000107967 3.521650749288842e-07 0.0390621 0.00024999222387894586 432.0174 0.06515004221570904 186722.8 56.0780884163079 0.7772116 0.0049099645342923414 
0.44000000000000006 3.332000937312528e-09 0.2400426 2.4246401810997785e-05 0.5372986 0.001932160916697427 0.00917722 1.0062889843381473e-05 0.00010055865999999999 2.3886601365738075e-07 0.037639500000000006 0.00015166271262213494 431.77840000000003 0.02196651982344451 186517.6 18.788507130240696 0.7850870000000001 0.001968584201897626 
0.43 0.0 0.2400268 3.327629783569874e-05 0.5358192 0.0030283682259588524 0.008796790000000002 5.2935704386791825e-06 9.294224000000001e-05 7.196416107842078e-08 0.03584708 0.00014405730359799644 431.5276 0.016551978732615397 186300.0 14.07693150549336 0.77793 0.003520307588835684 
0.42000000000000004 3.332000937312528e-09 0.2399692 1.911941421125104e-05 0.534486 0.0033458240838389526 0.008415416 1.2396233815165325e-05 8.561835999999999e-05 2.609870243522289e-07 0.03409542 0.00013623216184128142 431.2868 0.036087005889428266 186090.4 30.76309478569178 0.7611264 0.0033020615209313656 
0.41 0.0 0.2399786 3.510395990209005e-05 0.5398682 0.0013738948547801744 0.00812059 1.4775872224614639e-05 8.03049e-05 2.39722527935386e-07 0.033085039999999996 0.0001401295931632862 431.0687999999999 0.03988623848854696 185903.2 34.66341008760343 0.7683182 0.003026829818807936 
0.4 0.0 0.23994179999999998 5.355475703124527e-05 0.5330998 0.00234107622088447 0.007823124 1.2479214270049366e-05 7.506516e-05 1.8939716703258957e-07 0.031940579999999996 0.00010244559297501578 430.92839999999995 0.015397662490804945 185781.2 13.491923480606571 0.7614906 0.003043381548211189 
0.39 0.0 0.23998679999999997 2.5785887675902562e-05 0.536892 0.0030678062520312246 0.007465574 1.1417190757837934e-05 6.894618000000001e-05 2.2165666856572057e-07 0.03043758 0.00017524616834610593 430.53959999999995 0.01938989448919597 185446.8 17.03032591386383 0.763696 0.0029658238518143303 
0.38 0.0 0.239908 6.171093904931735e-05 0.537866 0.003724786565699472 0.007152726 1.2836047242009863e-05 6.387458e-05 1.9198142910161e-07 0.02928906 8.148578575450386e-05 430.35740000000004 0.02949657604900286 185289.6 25.359179777003877 0.7638237999999999 0.0029621745984988175 
0.37 0.0 0.23989 3.538926391397961e-05 0.5321784 0.0018552454630015969 0.006899632 8.038709548140642e-06 5.9859759999999996e-05 1.1980729727441202e-07 0.02823428 9.108387080053408e-05 430.2258 0.03317637716033475 185175.4 28.510489317067723 0.7555641999999999 0.0023447354716509263 
0.36 0.0 0.2399436 5.635785658973479e-05 0.5416848 0.0023138314787423996 0.006614948000000001 1.1270005288287056e-05 5.54144e-05 1.7024411884105404e-07 0.02685598 6.012128674596537e-05 429.9608 0.05037253218113463 184947.8 43.260513183329316 0.7588657999999999 0.0021638877494101426 
0.35 0.0 0.239782 3.690420032698833e-05 0.5422866 0.004707983641435025 0.006349358000000001 5.191824650188935e-06 5.155054e-05 9.722987853504399e-08 0.0258879 9.394408975562225e-05 429.8568 0.03705066794570164 184858.0 31.747755821393486 0.7532144 0.0037765542241592533 
0.34 1.666000468656264e-09 0.2397748 4.7061151705537986e-05 0.5324806 0.002707145294956911 0.0060897220000000005 1.4068478638431759e-05 4.7882319999999995e-05 1.939755683588264e-07 0.02487536 6.787031516056773e-05 429.64180000000005 0.02570976457815343 184673.8 22.459563680811385 0.7621396 0.005675189749072358 
0.33 1.666000468656264e-09 0.23977659999999998 4.954238592533852e-05 0.5338138000000001 0.002108461076705083 0.005889218 1.0411478819098012e-05 4.5034579999999996e-05 1.1767215949448577e-07 0.023849020000000002 7.358947424724362e-05 429.51840000000004 0.04754416885393943 184566.6 41.00790167239423 0.7514719999999999 0.0023106671763827575 
0.32 0.0 0.23982159999999997 5.613312749036304e-05 0.536153 0.00286305815518931 0.005623748 1.0001850788785507e-05 4.15033e-05 1.389571732584737e-07 0.02275486 8.717928469548926e-05 429.2198 0.03852417414222887 184310.0 33.4053887822732 0.7490588 0.004729900357513773 
0.31 0.0 0.2397344 4.5258015898822677e-05 0.5308242 0.003379752906945611 0.0054190440000000005 1.8896601937871146e-05 3.891768e-05 2.2534717464395768e-07 0.02200284 0.0001083962198604222 429.1454 0.05471789471197083 184246.6 47.25386756528961 0.7517457999999999 0.002670904437081408 
0.3 0.0 0.2397144 3.0039440759681206e-05 0.5347147999999999 0.0028922090989433975 0.005192188 8.593352966071395e-06 3.61885e-05 7.668190399279659e-08 0.0212644 5.961663526244536e-05 428.98999999999995 0.05800758575104538 184113.0 49.809236089779695 0.7533928000000001 0.002024460390318617 
0.29 0.0 0.2395936 3.067585370756205e-05 0.5332668 0.0028435300793217292 0.004979496 1.0160264406050564e-05 3.350817999999999e-05 7.491585359677361e-08 0.02007308 7.744393791638525e-05 428.87420000000003 0.012823104035653947 184013.0 11.310172398987746 0.7440673999999999 0.004571474970730887 
0.28 0.0 0.239588 5.160697627940577e-05 0.5330296 0.0017749744471428435 0.004798645999999999 1.1826463072344227e-05 3.1454679999999994e-05 1.510534723866087e-07 0.01941568 9.720148311619919e-05 428.75100000000003 0.03147443396930422 183907.2 26.812534373156872 0.7451726 0.0032909465580591925 
0.27 0.0 0.23959520000000004 3.598377408191631e-05 0.5395456000000001 0.002741241202079722 0.004587518 1.0575175610835479e-05 2.911166e-05 1.2096691977574692e-07 0.01858356 6.648872746572598e-05 428.5376 0.02603781881564859 183724.4 22.268542846093034 0.7450507999999999 0.002776749457917852 
0.26 0.0 0.2394886 4.881442410660187e-05 0.5326054 0.001464870959501978 0.004422621999999999 1.111612320918513e-05 2.7310619999999997e-05 1.1723489378191536e-07 0.017856959999999998 0.00010711889693236726 428.486 0.05142217426693279 183679.8 43.78803490201214 0.7425352 0.003571286708181192 
0.25 0.0 0.23950900000000003 3.5059948641309763e-05 0.536501 0.0038022376990394908 0.004246596 8.480779492469095e-06 2.545988e-05 7.268879088293975e-08 0.017109379999999997 5.363723631970845e-05 428.32660000000004 0.03060405190833187 183543.2 26.300418223837795 0.7414902 0.001243743973641337 
0.24 0.0 0.239512 3.7073980102610645e-05 0.5390772 0.002207023958182113 0.004061075999999999 9.331934247614132e-06 2.3578879999999997e-05 8.122495380116725e-08 0.0163263 7.199537762945527e-05 428.1708 0.041869702629061194 183409.2 36.04375118747085 0.7387118000000001 0.002478865214560735 
0.23000000000000004 1.666000468656264e-09 0.2394438 2.954508416369465e-05 0.5353696000000001 0.003216689299260907 0.003911684 4.4886537848046914e-06 2.215186e-05 6.804568230227948e-08 0.01578348 0.00011817607338208558 428.0714 0.03525404944945546 183324.4 30.39157778621724 0.7410958 0.0027334312561362066 
0.22000000000000003 1.666000468656264e-09 0.23939660000000001 2.0990664593698864e-05 0.5321612 0.002174456684321177 0.003756422 2.622802165483004e-06 2.0730359999999998e-05 3.857366562855733e-08 0.015251599999999999 5.247613552849486e-05 427.92539999999997 0.019172063226706584 183198.4 16.342827187738393 0.7298853999999999 0.0051028167641054755 
0.21000000000000002 1.666000468656264e-09 0.23940520000000004 4.309375822051926e-05 0.5320852 0.001034292275904548 0.003596978 9.110407237749365e-07 1.923466e-05 3.733355166588402e-08 0.014506920000000001 7.298557336893669e-05 427.8682 0.03309187210764875 183149.4 28.616918084253395 0.7309789999999999 0.0020201410049818947 
0.2 0.0 0.23931300000000003 4.995197690403876e-05 0.5348644 0.003282269344219827 0.00346243 3.2480763538125036e-06 1.806096e-05 2.783885917214609e-08 0.01399106 3.7179097353278445e-05 427.79560000000004 0.03226217601370432 183087.6 27.68046241340932 0.734585 0.001569613251721305 
0.19 0.0 0.23937839999999996 4.142038150740627e-05 0.531277 0.0036841114749687548 0.003319756 1.1553283723673993e-05 1.6860360000000003e-05 1.0681413239819786e-07 0.013452839999999999 9.27953860922706e-05 427.62559999999996 0.05625627084553828 182942.6 47.99549978141261 0.7373048 0.001986203522299088 
0.18 0.0 0.23926759999999997 5.840999915683217e-05 0.5323564000000001 0.0015125663912669374 0.0031889219999999994 8.862630038585049e-06 1.575408e-05 7.161730740541075e-08 0.012866559999999999 3.969649455554975e-05 427.60960000000006 0.042148878890798616 182928.8 35.91590178723326 0.7378892 0.0028978603886314464 
0.17 8.33000234328132e-10 0.23922600000000002 1.8555861540600645e-05 0.5314589999999999 0.002259688598017777 0.003070262 9.837373389259669e-06 1.475586e-05 8.382066857285584e-08 0.012277780000000002 7.123834585385631e-05 427.5108 0.04775638176541553 182843.8 40.54962393025377 0.7322683999999999 0.003729950172326749 
0.16 0.0 0.23918240000000002 5.613455261670131e-05 0.5358385999999999 0.0020179992586739155 0.0029373600000000004 8.666076390110718e-06 1.3725159999999998e-05 7.367653954968525e-08 0.01174278 6.148983265550689e-05 427.383 0.05675773081040131 182734.4 48.52677611727049 0.7317975999999999 0.004620700177248352 
0.15 0.0 0.2392156 3.235132148233779e-05 0.534339 0.002496909706018499 0.002825694 1.0929703966708113e-05 1.290708e-05 7.642078984146611e-08 0.01134012 4.2921252544601575e-05 427.28900000000004 0.042958584647780636 182654.6 36.73755571037292 0.7346918 0.00318508848731182 
0.14 0.0 0.2390832 7.09678236993059e-05 0.5337638 0.0025147672560281932 0.002715226 4.530413314470461e-06 1.2121240000000001e-05 4.387376984023135e-08 0.010940920000000002 5.788351336947029e-05 427.26900000000006 0.026276985824886828 182637.6 22.165919784162572 0.737483 0.0030498847060187505 
0.13 0.0 0.2390926 3.9489340333202166e-05 0.5280054 0.004217013052861727 0.0026186440000000003 5.761818185241652e-06 1.1406e-05 2.9944174725605556e-08 0.010479819999999999 2.8146991313423626e-05 427.14939999999996 0.052688215062667215 182534.2 45.24369568297836 0.7290038 0.004587451749282891 
0.12 0.0 0.2389746 3.352563197358243e-05 0.5321822 0.0023258501998180566 0.002511008 6.488508857969407e-06 1.066518e-05 4.572571617808161e-08 0.010044928 3.230624192320154e-05 427.14 0.030596731913170354 182526.2 26.106550895595277 0.7266121999999999 0.002910080293054729 
0.11000000000000001 8.33000234328132e-10 0.2389958 3.635975796332222e-05 0.5238612 0.0028308741180053726 0.00241203 4.296982196878467e-06 9.994058000000002e-06 2.5220331861242186e-08 0.009621676 2.2164452188149937e-05 427.0478 0.03167257495022228 182447.2 27.01466266778016 0.723887 0.0018102683557946484 
0.1 0.0 0.2390514 3.99285361469795e-05 0.530218 0.0021745652439058957 0.00230823 2.4761599301914564e-06 9.369456e-06 2.612695674589674e-08 0.009311620000000001 3.737969470175327e-05 426.92740000000003 0.04335121682674244 182345.0 36.739080008179464 0.7310313999999999 0.0019084734339352455 
0.09 0.0 0.2388846 3.5896072183303066e-05 0.5271224 0.002726546630446572 0.002199618 8.098417820798082e-06 8.678323999999999e-06 5.970934115198827e-08 0.008846617999999999 5.9115097117445114e-05 426.89799999999997 0.034492897937522735 182319.0 29.484911392904202 0.72346 0.0024393602112056487 
0.08 0.0 0.23889519999999997 6.385258023074972e-05 0.5335984 0.00198627836115491 0.0021340120000000002 4.437688948069865e-06 8.272299999999999e-06 2.447846743574105e-08 0.008566731999999999 3.3509917505148524e-05 426.8446 0.06204553160052756 182273.8 53.403670296995365 0.7277044 0.004073718837621108 
0.07 0.0 0.23887199999999997 1.9622436170662094e-05 0.5337276 0.0025017787368211437 0.0020541839999999997 5.883130187261786e-06 7.79686e-06 2.860155254523778e-08 0.008241434 2.4177170653274815e-05 426.79260000000005 0.04401599702846708 182230.0 37.651029202400295 0.7298932 0.0048383417440274615 
0.06 0.0 0.23885180000000003 1.943069731118045e-05 0.528796 0.0034204673598763947 0.001965312 2.2648203460883754e-06 7.302032e-06 1.70013499229563e-08 0.007924735999999998 2.458313919754798e-05 426.7318 0.015541943135964626 182176.6 13.098396849634597 0.7194566 0.0015774355289563575 
0.05 0.0 0.23883419999999997 6.48748950199815e-05 0.5278192 0.0026072782805055938 0.0018926039999999998 6.049014861951961e-06 6.876508e-06 4.1469458486919404e-08 0.007590237999999999 5.0077930420525566e-05 426.69539999999995 0.04779171479358877 182146.4 41.06346308073766 0.7280203999999999 0.0019528843201852056 
0.04 0.0 0.2387434 4.8469041697511634e-05 0.5304056 0.0028240508862270738 0.0018158520000000002 3.893177005974177e-06 6.4889880000000006e-06 2.7578285573944253e-08 0.00735344 3.3990203765213515e-05 426.6652 0.043502091837078545 182120.2 37.326023083186115 0.7245086 0.004075257072629561 
0.03 0.0 0.2387108 3.693388689448063e-05 0.5314846 0.003553415445457541 0.00173413 8.239188795024275e-06 6.0099e-06 5.054489481639202e-08 0.006917403999999999 5.733701817152873e-05 426.571 0.03333706635606511 182040.0 28.409857438833164 0.7265710000000001 0.0038025593591647843 
0.02 0.0 0.2387104 5.185256022036459e-05 0.532019 0.0031273474127429483 0.0016769080000000002 4.180431939386701e-06 5.7394140000000004e-06 2.678967392109608e-08 0.0067445000000000005 3.050050032374524e-05 426.5174 0.04211470050855518 181993.8 35.6442421863279 0.720373 0.0033441547930662583 
0.01 0.0 0.2385938 2.577968193900612e-05 0.5277939999999999 0.0031215880830148734 0.0015988040000000001 4.8681385354100535e-06 5.3446000000000005e-06 2.631376491494705e-08 0.006424276 2.6828334961409e-05 426.5478 0.0332558566412586 182020.4 28.405069989328187 0.7278172 0.003409237866739306 
