1 0.446183 0.293156 0.081933 0.0069344 0.127519 459.661 211751 1.00658
0.99 0.443424 0.290915 0.0813066 0.00682903 0.126989 459.216 211349 1.03253
0.98 0.440726 0.284383 0.0802241 0.00664991 0.125776 458.126 210327 0.995895
0.97 0.437553 0.287054 0.0795732 0.00654428 0.126122 457.879 210102 1.01035
0.96 0.434588 0.278877 0.0784081 0.00636527 0.130464 456.361 208733 1.06772
0.95 0.431843 0.28021 0.0775735 0.00622814 0.127625 455.936 208329 1.04077
0.94 0.429579 0.274502 0.0769753 0.00613133 0.126318 455.35 207787 1.03568
0.93 0.4264 0.283041 0.0755384 0.00590721 0.12459 454.058 206605 1.03445
0.92 0.423525 0.276079 0.0749653 0.00582412 0.127929 453.385 205994 1.04662
0.91 0.420818 0.270921 0.0742733 0.0057181 0.127593 453.029 205677 1.07032
0.9 0.418161 0.273568 0.0730523 0.0055285 0.122796 451.751 204497 1.02939
0.89 0.415709 0.273828 0.0727622 0.00548633 0.124253 451.975 204703 1.04738
0.88 0.413079 0.26956 0.0718422 0.00535187 0.124738 450.835 203673 1.05845
0.87 0.410146 0.265597 0.0712099 0.00526042 0.125508 450.689 203532 1.04916
0.86 0.407215 0.26797 0.0703694 0.00513824 0.124839 449.7 202635 1.04665
0.85 0.404622 0.26378 0.0698878 0.00506728 0.123985 449.707 202642 1.06156
0.84 0.402147 0.265789 0.0689977 0.00494251 0.124685 448.708 201740 1.06486
0.83 0.399431 0.264199 0.0684442 0.00486881 0.127832 448.829 201851 1.08295
0.82 0.396521 0.262362 0.067718 0.00476118 0.123247 447.93 201027 1.05149
0.81 0.394155 0.262349 0.0669807 0.00466175 0.124677 447.325 200489 1.07538
0.8 0.391399 0.262176 0.0660043 0.00452983 0.124752 446.42 199675 1.07476
0.79 0.388863 0.264691 0.0661928 0.00455215 0.124434 447.178 200345 1.06721
0.78 0.38635 0.257153 0.0649301 0.00438343 0.123702 445.706 199027 1.07338
0.77 0.384085 0.259126 0.0644773 0.00432372 0.124479 445.492 198834 1.08202
0.76 0.381079 0.256719 0.063778 0.00423377 0.125909 445.117 198500 1.0963
0.75 0.378378 0.259977 0.0633624 0.004185 0.130715 445.17 198553 1.1299
0.74 0.37593 0.261642 0.0633317 0.0041742 0.127106 445.609 198929 1.09524
0.73 0.373263 0.264714 0.0628423 0.00410903 0.126148 445.389 198725 1.0866
0.72 0.370431 0.258122 0.0620867 0.00401309 0.126663 444.746 198156 1.1148
0.71 0.367741 0.257991 0.0617663 0.00397746 0.131734 444.835 198231 1.11598
0.7 0.365158 0.263587 0.0610278 0.00387966 0.127764 444.46 197889 1.10603
0.69 0.363004 0.264658 0.0604997 0.00381536 0.129519 443.714 197222 1.1105
0.68 0.360115 0.269386 0.060575 0.00382467 0.131581 444.565 197978 1.12619
0.67 0.357549 0.266745 0.0603189 0.00379246 0.132468 444.688 198085 1.13529
0.66 0.355028 0.276544 0.0599424 0.00374983 0.136789 444.413 197840 1.14868
0.65 0.352044 0.271419 0.0596443 0.00370503 0.130791 444.994 198342 1.1146
0.64 0.34965 0.270773 0.0596339 0.00371065 0.139009 445.008 198365 1.16764
0.63 0.346612 0.276423 0.0592016 0.00365766 0.139728 444.899 198267 1.18372
0.62 0.344008 0.279241 0.0592238 0.00365836 0.140195 445.616 198897 1.16844
0.61 0.340726 0.276505 0.0593177 0.00367108 0.143988 446.308 199516 1.19337
0.6 0.337987 0.281561 0.0589484 0.00362339 0.142538 446.134 199351 1.17883
0.59 0.335148 0.285176 0.0588306 0.00360976 0.145186 446.781 199927 1.18852
0.58 0.332725 0.295866 0.0584912 0.00356671 0.144479 446.494 199663 1.18333
0.57 0.32943 0.301291 0.0591145 0.00364758 0.154668 448.168 201171 1.23908
0.56 0.326527 0.297683 0.0593717 0.00367859 0.157975 448.889 201817 1.25319
0.55 0.323333 0.315556 0.0598919 0.00374284 0.163166 449.953 202776 1.28558
0.54 0.320704 0.318434 0.0595612 0.00369927 0.16185 450.016 202819 1.25411
0.53 0.317027 0.319882 0.0603078 0.0037959 0.172658 451.54 204198 1.29747
0.52 0.314176 0.326193 0.0603219 0.00379613 0.174348 452.113 204713 1.3044
0.51 0.310716 0.335061 0.0606595 0.00383946 0.180578 453.026 205539 1.32633
0.5 0.307608 0.350281 0.0615269 0.00394793 0.187054 454.572 206950 1.37957
0.49 0.303825 0.366781 0.0622157 0.00403525 0.193314 456.265 208485 1.37299
0.48 0.30005 0.369373 0.0629634 0.00413341 0.202824 457.634 209738 1.40466
0.47 0.296073 0.39027 0.0648232 0.00437483 0.211751 460.351 212240 1.46196
0.46 0.292286 0.395052 0.0656316 0.0044941 0.23365 462.065 213832 1.54058
0.45 0.288558 0.420607 0.0664558 0.00459901 0.233775 463.461 215116 1.53285
0.44 0.284105 0.428018 0.0682593 0.00483924 0.235523 466.35 217792 1.50918
0.43 0.27954 0.465463 0.0704195 0.00515816 0.266906 469.554 220814 1.65156
0.42 0.275104 0.47593 0.0719687 0.00538163 0.277203 472.006 223113 1.63325
0.41 0.269738 0.510313 0.0749252 0.00582885 0.302146 475.716 226641 1.71747
0.4 0.264397 0.566858 0.0778048 0.00630091 0.356157 479.979 230754 1.94935
0.39 0.258588 0.615887 0.0817743 0.00694717 0.384197 484.843 235452 2.00466
0.38 0.252361 0.69729 0.0856951 0.00763555 0.442451 489.962 240470 2.18733
0.37 0.244859 0.787726 0.0915056 0.00869943 0.507758 497.181 247629 2.39408
0.36 0.236535 0.905844 0.0988043 0.010145 0.612318 505.34 255872 2.76813
0.35 0.225001 1.16882 0.110941 0.0127965 0.804021 519.084 270055 3.3394
0.34 -0.705102 1.78869 0.973414 0.947587 0.0873015 1248.78 1.55952e+06 0.138587
0.33 -0.722144 1.71216 0.977372 0.955299 0.0757766 1251.48 1.56625e+06 0.132199
0.32 -0.738936 1.62382 0.981081 0.962556 0.0638311 1253.97 1.5725e+06 0.132055
0.31 -0.755208 1.58276 0.984275 0.968827 0.0540188 1256.37 1.57852e+06 0.127435
0.3 -0.770636 1.49466 0.987084 0.974359 0.0466919 1258.46 1.58377e+06 0.126186
0.29 -0.785159 1.4389 0.989483 0.979097 0.038127 1260.5 1.58891e+06 0.120498
0.28 -0.799487 1.37156 0.99166 0.983405 0.0309121 1262.44 1.59381e+06 0.1204
0.27 -0.812732 1.326 0.993349 0.986754 0.0252879 1264.05 1.59785e+06 0.118912
0.26 -0.825661 1.27332 0.994783 0.989603 0.0206359 1265.63 1.60187e+06 0.119118
0.25 -0.838367 1.22732 0.996032 0.992087 0.0162227 1267.26 1.60597e+06 0.119314
0.24 -0.850034 1.19021 0.997015 0.994044 0.0124477 1268.66 1.60952e+06 0.117391
0.23 -0.862295 1.16867 0.997857 0.995722 0.00933522 1270.1 1.6132e+06 0.115181
0.22 -0.87366 1.14573 0.998456 0.996918 0.00708729 1271.37 1.61641e+06 0.114343
0.21 -0.884769 1.12502 0.998951 0.997906 0.00501962 1272.72 1.61985e+06 0.111539
0.2 -0.895708 1.08265 0.999309 0.998621 0.00344397 1273.91 1.62288e+06 0.11275
0.19 -0.906581 1.05064 0.999546 0.999094 0.00239626 1275.04 1.62575e+06 0.111787
0.18 -0.917069 1.04036 0.999731 0.999463 0.00147828 1276.23 1.62878e+06 0.114318
0.17 -0.927567 1.03763 0.999848 0.999696 0.000888748 1277.41 1.63181e+06 0.111413
0.16 -0.937988 1.04488 0.999919 0.999839 0.000502797 1278.6 1.63485e+06 0.111677
0.15 -0.948208 1.03793 0.99996 0.99992 0.00027105 1279.62 1.63745e+06 0.113713
0.14 -0.958466 1.01371 0.99998 0.999961 0.000141632 1280.74 1.64031e+06 0.111552
0.13 -0.968731 1.0298 0.999993 0.999986 5.5192e-05 1281.84 1.64313e+06 0.109969
0.12 -0.978972 1.00858 0.999997 0.999994 2.38321e-05 1282.94 1.64596e+06 0.111926
0.11 -0.989149 1.01167 0.999999 0.999999 4.73343e-06 1284.05 1.6488e+06 0.11308
0.1 -0.999322 1.00257 1 1 8.68012e-07 1285.16 1.65166e+06 0.111267
0.09 -1.00945 1.02351 1 1 9.64457e-07 1286.31 1.65461e+06 0.112972
0.08 -1.01956 1.03301 1 1 0 1287.35 1.65729e+06 0.110419
0.07 -1.0297 1.01595 1 1 0 1288.44 1.66009e+06 0.111978
0.06 -1.03978 1.00873 1 1 0 1289.53 1.66289e+06 0.113123
0.05 -1.04985 0.999902 1 1 0 1290.6 1.66566e+06 0.1125
0.04 -1.05993 1.01799 1 1 0 1291.68 1.66845e+06 0.110714
0.03 -1.06995 1.01038 1 1 0 1292.79 1.6713e+06 0.114688
0.02 -1.07999 1.00065 1 1 0 1293.85 1.67405e+06 0.112368
0.01 -1.09 1.01666 1 1 0 1294.93 1.67685e+06 0.111024
