0 -1.536 inf 1 1 -nan 1261.67 1.59181e+06 -inf
0.01 -1.526 1.01314 1 1 0 1260.37 1.58853e+06 0.134266
0.02 -1.51597 1.00004 1 1 0 1259.08 1.58529e+06 0.134476
0.03 -1.50594 1.01141 1 1 0 1257.8 1.58208e+06 0.134787
0.04 -1.49588 0.99718 1 1 0 1256.47 1.57872e+06 0.13593
0.05 -1.48581 1.01466 1 1 0 1255.2 1.57554e+06 0.13357
0.06 -1.47572 1.0177 1 1 0 1253.88 1.57222e+06 0.133474
0.07 -1.46557 1.00132 1 1 0 1252.57 1.56895e+06 0.133834
0.08 -1.45544 1.01059 1 1 0 1251.22 1.56556e+06 0.13081
0.09 -1.44532 1.00405 1 1 0 1249.94 1.56236e+06 0.133647
0.1 -1.43513 1.02589 1 1 0 1248.62 1.55907e+06 0.134477
0.11 -1.42492 1.02087 1 1 0 1247.31 1.55579e+06 0.133056
0.12 -1.41475 1.01058 1 1 1.44661e-06 1246.06 1.55268e+06 0.1352
0.13 -1.40446 1.01125 1 0.999999 3.33784e-06 1244.7 1.54929e+06 0.136333
0.14 -1.39417 1.02908 0.999998 0.999996 1.30072e-05 1243.34 1.54591e+06 0.135221
0.15 -1.38382 1.0395 0.999996 0.999992 2.65591e-05 1242.05 1.54272e+06 0.135809
0.16 -1.37359 1.04246 0.999992 0.999984 5.1296e-05 1240.69 1.53934e+06 0.134065
0.17 -1.36326 1.04556 0.999982 0.999964 0.000104104 1239.34 1.536e+06 0.137595
0.18 -1.35275 1.04219 0.999966 0.999931 0.000192014 1238.02 1.53272e+06 0.136094
0.19 -1.34239 1.06208 0.999934 0.999868 0.000352794 1236.65 1.52933e+06 0.135932
0.2 -1.33185 1.0607 0.999892 0.999784 0.000537001 1235.26 1.52591e+06 0.138542
0.21 -1.32136 1.03959 0.999834 0.999668 0.000809543 1233.94 1.52265e+06 0.138745
0.22 -1.31053 1.06966 0.999717 0.999435 0.00128154 1232.43 1.51891e+06 0.13815
0.23 -1.29989 1.09271 0.999578 0.999157 0.00183879 1231.07 1.51556e+06 0.135695
0.24 -1.28899 1.07043 0.999381 0.998764 0.00261332 1229.68 1.51215e+06 0.136596
0.25 -1.27784 1.11233 0.999119 0.99824 0.00358918 1228.17 1.50845e+06 0.140032
0.26 -1.26679 1.14175 0.998791 0.997586 0.0046412 1226.71 1.50487e+06 0.13796
0.27 -1.25555 1.1616 0.998383 0.996772 0.00596631 1225.23 1.50125e+06 0.138634
0.28 -1.24361 1.17166 0.997846 0.995701 0.00789938 1223.61 1.49727e+06 0.138157
0.29 -1.2317 1.23003 0.997188 0.994389 0.00991616 1221.97 1.49327e+06 0.140516
0.3 -1.21918 1.26093 0.996393 0.992806 0.0125062 1220.32 1.48923e+06 0.141411
0.31 -1.20663 1.28792 0.995493 0.991014 0.0148934 1218.45 1.48467e+06 0.141007
0.32 -1.19386 1.31365 0.994432 0.988905 0.0175531 1216.77 1.48058e+06 0.144396
0.33 -1.18066 1.35926 0.993225 0.986507 0.0210846 1215.01 1.47631e+06 0.147025
0.34 -1.16672 1.39417 0.991688 0.98346 0.0251675 1212.91 1.47121e+06 0.146386
0.35 -1.15252 1.44478 0.990117 0.980349 0.0287811 1210.85 1.46621e+06 0.152505
0.36 -1.13808 1.52018 0.988271 0.9767 0.0338182 1208.73 1.4611e+06 0.15226
0.37 -1.12273 1.54758 0.98619 0.972596 0.0390457 1206.52 1.45575e+06 0.154902
0.38 -1.10684 1.5605 0.983811 0.967915 0.0450542 1204.17 1.45009e+06 0.154576
0.39 -1.09058 1.69519 0.981229 0.962845 0.0517459 1201.52 1.44374e+06 0.156395
0.4 -1.07277 1.69993 0.978154 0.956825 0.0583404 1198.68 1.43691e+06 0.160476
0.41 -1.05551 1.80979 0.975022 0.950715 0.0663046 1195.96 1.43041e+06 0.165162
0.42 -1.03711 1.88917 0.97154 0.943945 0.0748231 1192.86 1.423e+06 0.17058
0.43 -1.01759 1.95877 0.967456 0.936034 0.0839829 1189.6 1.41523e+06 0.174179
0.44 -0.99785 2.05782 0.963283 0.927985 0.0928923 1186.27 1.40733e+06 0.17706
0.45 -0.977076 2.08467 0.958685 0.919159 0.104002 1182.59 1.39861e+06 0.184673
0.46 -0.955669 2.21371 0.953767 0.909762 0.11393 1178.82 1.38972e+06 0.192928
0.47 -0.933714 2.27617 0.948368 0.899506 0.12632 1174.78 1.38021e+06 0.197065
0.48 -0.908212 2.43962 0.941984 0.887454 0.145007 1169.97 1.36894e+06 0.210846
0.49 -0.883875 2.51417 0.935477 0.875254 0.160884 1165.12 1.35763e+06 0.219934
0.5 -0.858138 2.71107 0.928461 0.862196 0.180011 1159.93 1.34558e+06 0.236086
0.51 -0.830279 2.83354 0.920615 0.847712 0.20417 1154.2 1.33232e+06 0.253634
0.52 -0.800529 3.07439 0.911713 0.831429 0.231102 1147.79 1.31758e+06 0.276717
0.53 -0.768694 3.23122 0.902009 0.813863 0.264357 1140.53 1.30099e+06 0.302004
0.54 -0.73458 3.50529 0.891032 0.794224 0.304654 1132.6 1.283e+06 0.336375
0.55 -0.70042 3.54053 0.8798 0.774367 0.334046 1124.48 1.26468e+06 0.363637
0.56 -0.663315 3.93983 0.866942 0.751971 0.393117 1114.83 1.24309e+06 0.409059
0.57 -0.621438 4.33274 0.851924 0.726231 0.460766 1103.72 1.2185e+06 0.495789
0.58 -0.576657 4.62737 0.834621 0.697135 0.540018 1090.55 1.18965e+06 0.573927
0.59 -0.52849 5.02438 0.815842 0.666259 0.644432 1076.28 1.15881e+06 0.680305
0.6 -0.471962 5.41 0.791616 0.627453 0.765809 1057.69 1.11923e+06 0.817832
0.61 -0.410165 5.84755 0.764078 0.584798 0.92894 1036.07 1.07409e+06 1.02833
0.62 -0.347427 6.65667 0.734496 0.540784 1.20678 1012.79 1.02662e+06 1.37497
0.63 -0.282647 7.05136 0.701984 0.49435 1.43405 986.693 974619 1.69859
0.64 -0.206355 7.05994 0.660774 0.438485 1.67692 953.375 910199 2.08856
0.65 -0.143037 6.81776 0.624682 0.392336 1.86816 923.682 854659 2.44902
0.66 -0.0745703 5.69678 0.581486 0.340244 1.84866 887.815 789709 2.54961
0.67 -0.0203764 4.66055 0.54678 0.300925 1.68234 858.845 739023 2.44706
0.68 0.0181625 3.88715 0.521831 0.274177 1.58285 838.11 703782 2.37456
0.69 0.0555533 3.5755 0.495726 0.247651 1.59222 815.784 666908 2.49539
0.7 0.0837527 2.73387 0.476431 0.228602 1.32939 799.158 639861 2.15763
0.71 0.117224 2.34246 0.451878 0.205741 1.25597 777.826 606189 2.12979
0.72 0.137735 2.00516 0.438108 0.193344 1.12421 765.988 587810 1.94443
0.73 0.158224 1.8808 0.423406 0.180652 1.08839 753.058 568160 1.93567
0.74 0.174756 1.65644 0.412806 0.171728 1.02677 743.736 554179 1.88302
0.75 0.190045 1.51412 0.401997 0.162885 0.98586 734.229 540106 1.84249
0.76 0.204225 1.39561 0.39333 0.155962 0.949691 726.559 528893 1.82106
0.77 0.218653 1.25929 0.383679 0.148405 0.894144 717.883 516316 1.73594
0.78 0.229034 1.12005 0.377434 0.143529 0.792164 712.501 508520 1.55124
0.79 0.241773 1.0477 0.369328 0.137473 0.780193 705.072 497996 1.55923
0.8 0.252027 1.04272 0.362569 0.132544 0.782648 698.635 488998 1.62175
0.81 0.260131 0.940017 0.35895 0.129885 0.739777 695.428 484478 1.52429
0.82 0.270757 0.86445 0.351894 0.124792 0.675996 688.85 475314 1.4167
0.83 0.278614 0.870428 0.348124 0.122212 0.709362 685.246 470415 1.49889
0.84 0.287239 0.799933 0.343985 0.119267 0.645165 681.354 465034 1.38124
0.85 0.294815 0.79347 0.339518 0.116221 0.642615 676.946 459064 1.40534
0.86 0.303307 0.721244 0.335134 0.113209 0.598893 672.876 453521 1.31114
0.87 0.309697 0.698728 0.332778 0.111615 0.578704 670.659 450532 1.28321
0.88 0.317701 0.686525 0.328453 0.108734 0.557685 666.355 444766 1.25667
0.89 0.32399 0.648138 0.326647 0.107535 0.541703 664.653 442489 1.22598
0.9 0.330167 0.638589 0.324301 0.106015 0.539932 662.272 439345 1.24177
0.91 0.335169 0.612292 0.323179 0.105264 0.518868 660.948 437570 1.19399
0.92 0.342845 0.590134 0.318973 0.102561 0.51179 656.804 432110 1.18883
0.93 0.348386 0.588636 0.318431 0.10221 0.502523 656.42 431610 1.1846
0.94 0.353789 0.567209 0.316478 0.100915 0.463706 654.338 428825 1.08383
0.95 0.359414 0.557938 0.314529 0.0997277 0.484455 652.275 426183 1.16233
0.96 0.364185 0.540015 0.313508 0.0990522 0.459139 651.068 424576 1.09908
0.97 0.37108 0.516378 0.310436 0.0971135 0.4411 647.749 420253 1.07318
0.98 0.375774 0.519938 0.309353 0.0964326 0.43093 646.812 419029 1.0459
0.99 0.380755 0.515545 0.309079 0.0962633 0.426806 646.213 418247 1.02409
