0 -1.8 -inf 1 1 -nan 1296 1.67962e+06 inf
0.01 -1.79 0.992213 1 1 0 1294.91 1.6768e+06 0.109708
0.02 -1.77998 0.994006 1 1 0 1293.83 1.674e+06 0.111919
0.03 -1.76995 1.00043 1 1 0 1292.75 1.67122e+06 0.112767
0.04 -1.75989 1.01909 1 1 0 1291.71 1.66851e+06 0.111517
0.05 -1.74984 1.01257 1 1 0 1290.61 1.66567e+06 0.112436
0.06 -1.73978 1.02643 1 1 0 1289.49 1.66278e+06 0.109192
0.07 -1.72966 1.01912 1 1 0 1288.4 1.65999e+06 0.111713
0.08 -1.71957 1.00839 1 1 0 1287.36 1.6573e+06 0.112149
0.09 -1.70941 1.03839 1 1 0 1286.21 1.65436e+06 0.113127
0.1 -1.69928 1.01193 1 1 0 1285.21 1.65179e+06 0.111508
0.11 -1.68921 1.0054 1 1 0 1284.05 1.6488e+06 0.112828
0.12 -1.67902 1.00673 1 1 7.23343e-07 1282.96 1.64601e+06 0.112291
0.13 -1.66875 1.03126 1 1 0 1281.85 1.64316e+06 0.111464
0.14 -1.65847 1.03245 1 0.999999 1.85984e-06 1280.75 1.64034e+06 0.111135
0.15 -1.64829 1.01643 1 1 1.15729e-06 1279.72 1.6377e+06 0.112637
0.16 -1.63826 1.02145 0.999999 0.999998 7.59017e-06 1278.62 1.63489e+06 0.111823
0.17 -1.62785 1.03485 0.999998 0.999996 1.22402e-05 1277.49 1.63202e+06 0.111876
0.18 -1.61743 1.02167 0.999995 0.99999 2.78896e-05 1276.34 1.62907e+06 0.113644
0.19 -1.60713 1.02594 0.999987 0.999974 6.93942e-05 1275.24 1.62626e+06 0.114376
0.2 -1.59675 1.05196 0.999978 0.999956 0.000109711 1274.09 1.62334e+06 0.112749
0.21 -1.58651 1.02996 0.999966 0.999933 0.000159784 1272.98 1.62051e+06 0.112838
0.22 -1.5761 1.0498 0.99994 0.999879 0.000277324 1271.87 1.61768e+06 0.11327
0.23 -1.56559 1.03501 0.999898 0.999797 0.000451887 1270.77 1.61489e+06 0.113631
0.24 -1.55523 1.0508 0.999847 0.999694 0.000649192 1269.65 1.61205e+06 0.113324
0.25 -1.54467 1.06681 0.999771 0.999543 0.000918182 1268.48 1.60907e+06 0.114296
0.26 -1.53392 1.0668 0.999649 0.9993 0.00137998 1267.28 1.60603e+06 0.115131
0.27 -1.52303 1.08691 0.999501 0.999004 0.0018396 1266.14 1.60315e+06 0.114591
0.28 -1.5123 1.08175 0.999335 0.998672 0.00237143 1264.99 1.60024e+06 0.115751
0.29 -1.50115 1.12772 0.999101 0.998205 0.00307763 1263.71 1.597e+06 0.114854
0.3 -1.48973 1.13026 0.998807 0.997618 0.00399786 1262.43 1.59379e+06 0.117333
0.31 -1.4785 1.13995 0.998441 0.996887 0.0050459 1261.11 1.59045e+06 0.116708
0.32 -1.46684 1.1519 0.998017 0.99604 0.00612824 1259.98 1.5876e+06 0.116073
0.33 -1.45524 1.19788 0.997496 0.995004 0.00773275 1258.61 1.58416e+06 0.117864
0.34 -1.44287 1.2085 0.996863 0.993742 0.00930829 1257.21 1.58063e+06 0.115111
0.35 -1.43082 1.2458 0.996195 0.99241 0.0108818 1255.94 1.57743e+06 0.116077
0.36 -1.41782 1.26841 0.995322 0.990674 0.0132393 1254.37 1.57349e+06 0.118729
0.37 -1.40452 1.31542 0.994345 0.988732 0.0153416 1252.83 1.56964e+06 0.120567
0.38 -1.39155 1.36668 0.993293 0.986644 0.0179617 1251.21 1.56558e+06 0.120855
0.39 -1.37802 1.39361 0.992095 0.984266 0.0204231 1249.69 1.5618e+06 0.122475
0.4 -1.36414 1.43545 0.990756 0.981614 0.0236765 1248.12 1.55787e+06 0.123511
0.41 -1.34945 1.45263 0.989122 0.978382 0.0276636 1246.25 1.5532e+06 0.124982
0.42 -1.33501 1.51918 0.9875 0.975179 0.0309389 1244.59 1.54906e+06 0.126956
0.43 -1.31924 1.56692 0.985572 0.971378 0.0356305 1242.64 1.54422e+06 0.125151
0.44 -1.30339 1.58646 0.983464 0.967233 0.039865 1240.67 1.53933e+06 0.130792
0.45 -1.28656 1.71636 0.981109 0.96261 0.0456676 1238.46 1.53385e+06 0.131276
0.46 -1.2694 1.73201 0.97867 0.957834 0.0498271 1236.17 1.5282e+06 0.132286
0.47 -1.25267 1.78064 0.975941 0.952505 0.0549154 1234.04 1.52294e+06 0.135768
0.48 -1.23413 1.86601 0.972992 0.946765 0.0610895 1231.41 1.51647e+06 0.141051
0.49 -1.21514 1.90894 0.969739 0.940451 0.0671745 1229 1.51052e+06 0.140071
0.5 -1.19611 2.00682 0.966272 0.933748 0.075701 1226.36 1.50406e+06 0.14532
0.51 -1.17591 2.08962 0.962481 0.926443 0.082983 1223.43 1.49687e+06 0.148842
0.52 -1.15526 2.0977 0.958522 0.918847 0.0907598 1220.49 1.48969e+06 0.150844
0.53 -1.13296 2.19982 0.954068 0.910337 0.0995033 1217.07 1.48135e+06 0.156286
0.54 -1.11026 2.29222 0.949243 0.901168 0.112136 1213.61 1.47295e+06 0.163669
0.55 -1.08775 2.33817 0.944293 0.891804 0.119203 1210.26 1.46483e+06 0.168485
0.56 -1.06329 2.53463 0.938817 0.881507 0.13414 1206.25 1.45516e+06 0.178257
0.57 -1.03628 2.68167 0.932455 0.869623 0.151118 1201.82 1.44451e+06 0.191174
0.58 -1.01026 2.85593 0.92618 0.857979 0.16887 1197.42 1.43394e+06 0.202579
0.59 -0.982069 2.9056 0.919201 0.845118 0.18234 1192.48 1.42216e+06 0.213523
0.6 -0.951584 3.07645 0.911378 0.83082 0.202442 1187.03 1.40921e+06 0.224688
0.61 -0.920221 3.24991 0.902893 0.815453 0.224143 1181.13 1.39524e+06 0.244873
0.62 -0.885123 3.44435 0.893111 0.797924 0.257758 1174.12 1.37875e+06 0.269601
0.63 -0.850564 3.63458 0.883032 0.780059 0.286507 1166.96 1.36201e+06 0.295322
0.64 -0.813962 4.03848 0.872225 0.761151 0.337052 1159.28 1.34419e+06 0.347238
0.65 -0.768492 4.54218 0.858054 0.736713 0.403609 1148.81 1.32007e+06 0.405034
0.66 -0.71934 5.04057 0.841847 0.709262 0.484176 1136.84 1.29277e+06 0.488297
0.67 -0.670193 5.14677 0.824941 0.681168 0.551133 1124.29 1.26446e+06 0.560704
0.68 -0.610575 5.93704 0.803214 0.645967 0.689168 1107.77 1.22768e+06 0.69688
0.69 -0.54086 7.88859 0.776214 0.60376 1.04464 1086.83 1.18204e+06 1.10838
0.7 -0.464703 8.54058 0.744478 0.555814 1.2892 1061.74 1.12833e+06 1.41312
0.71 -0.365672 11.0676 0.699635 0.491916 1.96913 1025.43 1.05319e+06 2.31839
0.72 -0.262395 10.6821 0.647798 0.422569 2.34142 982.515 967428 2.95769
0.73 -0.152214 10.2003 0.586933 0.34803 2.79294 931.095 869580 3.88668
0.74 -0.0692598 8.52483 0.5385 0.293516 2.75067 889.655 794208 4.13529
0.75 0.0201455 5.72806 0.478936 0.232427 2.3403 836.96 702942 3.88849
0.76 0.0657436 4.43223 0.4481 0.203496 2.04822 809.587 657655 3.61392
0.77 0.0991904 3.48634 0.425261 0.183128 1.70582 789.147 624652 3.12425
0.78 0.133598 2.76476 0.401448 0.163239 1.53492 767.746 591193 2.93892
0.79 0.154862 2.18122 0.386473 0.151083 1.2554 753.897 569847 2.49723
0.8 0.179332 1.95527 0.367855 0.137046 1.24477 736.519 543992 2.59849
0.81 0.197733 1.61856 0.355021 0.127555 1.07767 724.542 526309 2.29806
0.82 0.21131 1.44306 0.347464 0.122139 0.988698 717.456 516017 2.16607
0.83 0.226765 1.27961 0.335879 0.114121 0.906375 706.425 500237 2.04752
0.84 0.236951 1.19415 0.330478 0.110461 0.853633 701.341 493034 1.96014
0.85 0.24832 1.11542 0.323357 0.10578 0.827131 694.918 484058 1.94076
0.86 0.259698 1.03442 0.316631 0.101442 0.795152 688.392 475008 1.89789
0.87 0.268501 0.952106 0.312224 0.0985465 0.70353 683.853 468652 1.67538
0.88 0.279425 0.858694 0.304449 0.0937171 0.672845 676.5 458636 1.6531
0.89 0.286631 0.820734 0.30164 0.0920417 0.682708 673.614 454795 1.73248
0.9 0.29413 0.791119 0.298288 0.0899956 0.65279 670.437 450482 1.65095
0.91 0.301445 0.75275 0.294199 0.0875286 0.61756 666.226 444816 1.58124
0.92 0.310598 0.703778 0.288941 0.084427 0.588565 660.823 437621 1.5365
0.93 0.316415 0.700866 0.287577 0.0836555 0.591378 659.742 436205 1.54102
0.94 0.323841 0.664547 0.283794 0.0814459 0.555619 655.762 430924 1.46054
0.95 0.329602 0.626529 0.282158 0.0804979 0.536296 654.071 428698 1.43032
0.96 0.335932 0.621691 0.279616 0.0790737 0.53312 651.389 425203 1.43187
0.97 0.34327 0.588427 0.27568 0.0768357 0.496676 647.361 419924 1.35017
0.98 0.347487 0.575464 0.275767 0.0768548 0.474527 647.694 420326 1.28933
0.99 0.354989 0.555608 0.272243 0.0749348 0.476298 643.631 415103 1.32071
