1 0.461082 0.397292 0.286994 0.0830209 0.377577 619.532 384437 0.995752
0.99 0.45726 0.402347 0.286168 0.0825532 0.384639 619.086 383890 1.01581
0.98 0.453173 0.412129 0.286431 0.0827145 0.394916 619.87 384865 1.03073
0.97 0.44944 0.416569 0.286472 0.0827589 0.411468 620.199 385295 1.07695
0.96 0.44525 0.415757 0.286397 0.0826929 0.401748 620.717 385911 1.04308
0.95 0.440092 0.414612 0.287433 0.083306 0.417188 622.388 388009 1.08426
0.94 0.436628 0.419432 0.288009 0.0836542 0.43206 623.202 389038 1.12167
0.93 0.432204 0.425116 0.287435 0.0833142 0.43081 622.887 388628 1.10345
0.92 0.428091 0.430718 0.287257 0.0832246 0.443187 623.072 388868 1.13331
0.91 0.423915 0.434675 0.288334 0.0838487 0.450673 624.724 390931 1.14549
0.9 0.419354 0.450146 0.288305 0.0838183 0.447265 625.01 391270 1.12495
0.89 0.414941 0.444483 0.288395 0.0839112 0.478678 625.325 391710 1.2184
0.88 0.410796 0.445808 0.288866 0.084154 0.465113 626.226 392805 1.17191
0.87 0.406057 0.462894 0.289728 0.0846632 0.47715 627.527 394443 1.19618
0.86 0.401533 0.452314 0.289185 0.0843643 0.493294 627.333 394213 1.23484
0.85 0.39685 0.467007 0.289659 0.0846638 0.516002 628.061 395144 1.27947
0.84 0.391202 0.476676 0.2923 0.086207 0.526635 631.138 399024 1.29869
0.83 0.386315 0.484731 0.29317 0.0867215 0.536456 632.252 400430 1.31
0.82 0.381882 0.499107 0.294546 0.0875514 0.557602 634.076 402760 1.36162
0.81 0.376913 0.514988 0.294778 0.0876977 0.571431 634.669 403518 1.38828
0.8 0.372207 0.517467 0.295601 0.0881828 0.57797 635.848 405012 1.39455
0.79 0.366982 0.539278 0.296874 0.0889646 0.605621 637.204 406774 1.47994
0.78 0.360482 0.561311 0.300954 0.0914218 0.626549 641.721 412564 1.51257
0.77 0.355479 0.549244 0.301547 0.0917791 0.634832 642.523 413585 1.51282
0.76 0.349648 0.583553 0.303553 0.0930075 0.654178 644.833 416565 1.54146
0.75 0.343453 0.599747 0.305949 0.0944957 0.684261 647.329 419807 1.58848
0.74 0.338052 0.618638 0.307912 0.0956936 0.687686 649.45 422536 1.56077
0.73 0.332152 0.642319 0.310111 0.0970685 0.709817 651.916 425771 1.63209
0.72 0.325297 0.658408 0.314289 0.0997498 0.777636 656.196 431426 1.76411
0.71 0.319273 0.72028 0.316697 0.10131 0.821972 658.674 434719 1.85539
0.7 0.311361 0.73752 0.321329 0.104282 0.847149 663.161 440658 1.88638
0.69 0.304621 0.77472 0.32451 0.106328 0.852731 666.412 444965 1.86907
0.68 0.295787 0.83495 0.331968 0.111342 0.964678 673.607 454696 2.07329
0.67 0.287187 0.860394 0.336504 0.114333 0.943817 677.999 460596 2.01087
0.66 0.277851 0.930994 0.343739 0.119341 1.03376 685.008 470210 2.15599
0.65 0.26846 1.00607 0.350754 0.124204 1.04196 691.777 479514 2.13165
0.64 0.256683 1.16617 0.360406 0.131245 1.21729 700.649 492017 2.47137
0.63 0.244332 1.30466 0.370581 0.138811 1.35412 710.026 505337 2.68509
0.62 0.233391 1.40309 0.378996 0.145114 1.37121 717.68 516253 2.67033
0.61 0.218665 1.61378 0.391957 0.15521 1.4914 729.372 533251 2.84691
0.6 0.1986 1.94653 0.411146 0.170805 1.69365 746.763 559058 3.12867
0.59 0.180645 2.23328 0.427409 0.18449 1.76891 761.334 581037 3.13414
0.58 0.152146 3.36549 0.453543 0.208142 2.42327 784.775 617777 4.18296
0.57 0.120479 3.5597 0.483936 0.236429 2.25824 811.418 660093 3.66359
0.56 0.073512 5.04785 0.525835 0.279147 2.71991 848.039 721167 4.20491
0.55 0.0214713 5.95937 0.569549 0.326879 2.61062 885.645 786220 3.80288
0.54 -0.0451441 7.59491 0.622396 0.389958 2.75298 930.718 868139 3.78547
0.53 -0.126063 7.81371 0.680907 0.46571 2.25588 980.613 963116 2.91311
0.52 -0.203331 7.50865 0.730813 0.535661 1.7424 1022.87 1.04742e+06 2.15774
0.51 -0.275042 6.3682 0.773144 0.598845 1.2346 1058.26 1.12071e+06 1.4693
0.5 -0.330015 5.42816 0.802509 0.644827 0.928396 1082.45 1.17228e+06 1.08386
0.49 -0.382453 5.17784 0.828786 0.68754 0.769282 1104.04 1.21938e+06 0.895711
0.48 -0.428735 4.37074 0.850229 0.723379 0.587458 1121.54 1.25821e+06 0.671971
0.47 -0.471921 3.99337 0.869312 0.756098 0.48278 1137.14 1.29339e+06 0.568562
0.46 -0.508435 3.76488 0.884491 0.782664 0.42575 1149.38 1.32134e+06 0.511153
0.45 -0.543624 3.30071 0.898459 0.807493 0.33687 1160.57 1.34714e+06 0.418744
0.44 -0.574468 3.07301 0.910015 0.82835 0.291442 1169.78 1.36859e+06 0.382125
0.43 -0.604787 2.95665 0.920834 0.848126 0.2557 1178.52 1.38907e+06 0.347524
0.42 -0.634163 2.6839 0.930942 0.866811 0.215889 1186.83 1.40871e+06 0.313011
0.41 -0.658721 2.60203 0.938682 0.88126 0.191256 1193.11 1.42365e+06 0.297237
0.4 -0.683739 2.38247 0.946602 0.896171 0.164829 1199.61 1.4392e+06 0.273513
0.39 -0.707038 2.26101 0.95333 0.908935 0.143543 1205.35 1.45299e+06 0.25777
0.38 -0.729123 2.09517 0.959519 0.920758 0.123439 1210.73 1.46598e+06 0.242455
0.37 -0.749361 2.02454 0.964849 0.931003 0.107816 1215.45 1.47742e+06 0.227529
0.36 -0.768965 1.95958 0.96968 0.940339 0.095355 1219.85 1.48814e+06 0.223497
0.35 -0.788021 1.80524 0.974145 0.949007 0.0811024 1223.98 1.49822e+06 0.21185
0.34 -0.80578 1.78957 0.978017 0.956559 0.0716756 1227.8 1.50758e+06 0.211763
0.33 -0.823033 1.67393 0.981501 0.963378 0.0604885 1231.29 1.51615e+06 0.200955
0.32 -0.839378 1.6099 0.984477 0.969224 0.052197 1234.61 1.52435e+06 0.199247
0.31 -0.85516 1.5054 0.987144 0.974476 0.0430473 1237.77 1.53216e+06 0.191244
0.3 -0.869477 1.4967 0.989407 0.978945 0.0377129 1240.62 1.53921e+06 0.194901
0.29 -0.884318 1.37603 0.99152 0.983127 0.0303474 1243.29 1.54585e+06 0.184099
0.28 -0.898136 1.34538 0.993204 0.986466 0.024886 1245.98 1.55253e+06 0.186095
0.27 -0.911506 1.2811 0.994689 0.989415 0.0201654 1248.37 1.55848e+06 0.182834
0.26 -0.924241 1.24995 0.995887 0.991799 0.0163391 1250.64 1.56417e+06 0.178793
0.25 -0.936606 1.2272 0.996862 0.99374 0.0127746 1252.93 1.56988e+06 0.177805
0.24 -0.948843 1.19103 0.997671 0.995351 0.00993074 1254.94 1.57492e+06 0.174865
0.23 -0.960407 1.16644 0.998309 0.996623 0.00733078 1256.93 1.57992e+06 0.176991
0.22 -0.972129 1.13125 0.998833 0.99767 0.00539298 1258.95 1.58501e+06 0.175872
0.21 -0.983079 1.11449 0.999217 0.998435 0.00370464 1260.79 1.58964e+06 0.171092
0.2 -0.994246 1.07879 0.999474 0.998948 0.00260217 1262.62 1.59425e+06 0.175855
0.19 -1.0051 1.08189 0.999674 0.999348 0.00173451 1264.45 1.59887e+06 0.176493
0.18 -1.01578 1.06968 0.999804 0.999608 0.00108848 1266.18 1.60326e+06 0.167775
0.17 -1.02629 1.04081 0.999889 0.999778 0.000650572 1267.87 1.60754e+06 0.171871
0.16 -1.03689 1.05559 0.999943 0.999887 0.000359055 1269.53 1.61175e+06 0.173041
0.15 -1.04719 1.031 0.999971 0.999943 0.000194206 1271.31 1.61626e+06 0.169432
0.14 -1.05773 1.02875 0.999989 0.999977 8.06932e-05 1272.99 1.62054e+06 0.169161
0.13 -1.06794 1.04734 0.999996 0.999992 3.39743e-05 1274.62 1.62468e+06 0.171091
0.12 -1.07829 1.03792 0.999999 0.999998 8.67535e-06 1276.37 1.62915e+06 0.17093
0.11 -1.08865 1.01363 0.999999 0.999999 5.52206e-06 1277.99 1.63329e+06 0.173318
0.1 -1.09894 1.01923 1 1 1.73594e-06 1279.7 1.63765e+06 0.167901
0.09 -1.1091 1.00716 1 1 9.64457e-07 1281.3 1.64176e+06 0.16871
0.08 -1.11932 1.02129 1 1 0 1282.95 1.64597e+06 0.168166
0.07 -1.12942 1.02535 1 1 0 1284.61 1.65023e+06 0.167017
0.06 -1.1396 1.01317 1 1 0 1286.29 1.65455e+06 0.167353
0.05 -1.14978 1.00514 1 1 0 1287.88 1.65864e+06 0.166927
0.04 -1.15984 0.978905 1 1 0 1289.52 1.66288e+06 0.167526
0.03 -1.16993 1.00305 1 1 0 1291.11 1.66696e+06 0.168569
0.02 -1.17998 1.01384 1 1 0 1292.77 1.67125e+06 0.166151
0.01 -1.19 1.01067 1 1 0 1294.4 1.67548e+06 0.168877
