1 -0.225995 0.852568 0.639048 0.408833 0.259351 589.409 347592 0.321337
0.99 -0.233982 0.89395 0.641804 0.412366 0.264221 590.631 349037 0.329705
0.98 -0.24279 0.896973 0.644728 0.416126 0.265 592.343 351058 0.323856
0.97 -0.251536 0.908602 0.647981 0.420327 0.266201 594.119 353167 0.328479
0.96 -0.261813 0.942215 0.65172 0.425187 0.269011 596.046 355458 0.327975
0.95 -0.27249 0.985742 0.655336 0.429921 0.27596 598.188 358019 0.336098
0.94 -0.280517 0.968407 0.658353 0.433875 0.273946 599.546 359637 0.321984
0.93 -0.290352 1.01451 0.661643 0.438212 0.272837 601.337 361794 0.336126
0.92 -0.300042 1.05731 0.665064 0.442752 0.276556 603.185 364017 0.333029
0.91 -0.312163 1.10162 0.66948 0.448651 0.282585 605.726 367088 0.332937
0.9 -0.322171 1.11665 0.673156 0.453584 0.284301 607.529 369275 0.336189
0.89 -0.33427 1.11997 0.677546 0.459508 0.284417 609.938 372208 0.338688
0.88 -0.345221 1.15089 0.681411 0.464755 0.284264 611.864 374557 0.333266
0.87 -0.356426 1.17576 0.685263 0.470017 0.285117 614.018 377196 0.333043
0.86 -0.368455 1.22423 0.689666 0.476073 0.290414 616.292 379994 0.334446
0.85 -0.380804 1.26844 0.69415 0.482275 0.292013 618.677 382942 0.344391
0.84 -0.392945 1.28506 0.698564 0.488418 0.29162 621.228 386102 0.340986
0.83 -0.407693 1.32889 0.703785 0.495732 0.290225 624.028 389583 0.332548
0.82 -0.420253 1.3754 0.708357 0.502187 0.293149 626.378 392523 0.338488
0.81 -0.433821 1.39179 0.713211 0.50908 0.291702 628.933 395728 0.33663
0.8 -0.449133 1.44553 0.718844 0.51715 0.297707 632.185 399830 0.338881
0.79 -0.463676 1.48672 0.72379 0.524279 0.296755 634.744 403073 0.344954
0.78 -0.478286 1.51268 0.729136 0.532034 0.292337 637.514 406592 0.337243
0.77 -0.494821 1.59341 0.734883 0.54045 0.297255 640.84 410847 0.346798
0.76 -0.510869 1.64327 0.740535 0.548788 0.300636 643.932 414816 0.341578
0.75 -0.527045 1.61513 0.746347 0.557418 0.295186 647.152 418966 0.331442
0.74 -0.543478 1.73992 0.752235 0.566246 0.302406 650.237 422975 0.346494
0.73 -0.560203 1.80124 0.758037 0.575001 0.301002 653.376 427064 0.342243
0.72 -0.579135 1.83978 0.76453 0.584878 0.297115 657.036 431859 0.342839
0.71 -0.598101 1.87666 0.771066 0.594909 0.296707 660.746 436745 0.341013
0.7 -0.617124 1.95881 0.777625 0.605064 0.299293 664.403 441593 0.346692
0.69 -0.635928 1.91887 0.784138 0.615219 0.290073 668.089 446497 0.333887
0.68 -0.655844 1.99792 0.790973 0.625981 0.290322 671.637 451252 0.340753
0.67 -0.678047 2.1446 0.798351 0.637709 0.295273 676.124 457298 0.339541
0.66 -0.697866 2.09229 0.804925 0.648231 0.28491 679.848 462340 0.327761
0.65 -0.7182 2.2387 0.811845 0.659419 0.289212 683.428 467221 0.331606
0.64 -0.741618 2.23028 0.819467 0.671837 0.279456 687.935 473399 0.329952
0.63 -0.763294 2.30144 0.826649 0.683647 0.273102 692.036 479056 0.326111
0.62 -0.7875 2.33071 0.834275 0.696302 0.267244 696.572 485350 0.317464
0.61 -0.80922 2.35519 0.841306 0.708075 0.263315 700.618 491000 0.3161
0.6 -0.834115 2.42842 0.849215 0.721436 0.259076 705.355 497659 0.316599
0.59 -0.859155 2.50894 0.856942 0.734608 0.251781 709.747 503874 0.318553
0.58 -0.884529 2.48386 0.864404 0.747436 0.239288 714.589 510765 0.309046
0.57 -0.908468 2.47211 0.871741 0.760158 0.227709 718.702 516656 0.299565
0.56 -0.933805 2.57685 0.87915 0.773122 0.223988 723.335 523335 0.299794
0.55 -0.959128 2.53209 0.886566 0.786203 0.212851 727.922 529986 0.289639
0.54 -0.983148 2.52377 0.893575 0.798667 0.204157 732.073 536042 0.283198
0.53 -1.00904 2.50533 0.900842 0.811696 0.196238 736.723 542867 0.272295
0.52 -1.03634 2.50009 0.908049 0.824719 0.184678 741.516 549952 0.272291
0.51 -1.05887 2.49051 0.914311 0.836122 0.177096 745.301 555575 0.26749
0.5 -1.08515 2.40078 0.921165 0.848687 0.163711 749.826 562337 0.262527
0.49 -1.10892 2.48893 0.927268 0.85996 0.157704 753.908 568472 0.259153
0.48 -1.13248 2.37164 0.93323 0.871038 0.143793 757.927 574544 0.246557
0.47 -1.15611 2.32586 0.93904 0.881908 0.136146 761.818 580453 0.243898
0.46 -1.17911 2.30607 0.944439 0.892067 0.12716 765.657 586316 0.241458
0.45 -1.2013 2.20219 0.949622 0.901873 0.115551 769.297 591898 0.231006
0.44 -1.22263 2.17708 0.9544 0.910961 0.107309 772.618 597017 0.229715
0.43 -1.24437 2.08791 0.959085 0.919917 0.0985291 776.188 602541 0.222191
0.42 -1.26562 2.00737 0.963497 0.928392 0.0898728 779.563 607789 0.216939
0.41 -1.2854 2.00945 0.9675 0.936114 0.081072 782.769 612797 0.215299
0.4 -1.30537 1.93563 0.971338 0.943549 0.0732405 785.866 617652 0.21138
0.39 -1.32433 1.86028 0.974816 0.950311 0.0657001 788.866 622372 0.204025
0.38 -1.34221 1.776 0.97794 0.956405 0.0586496 791.675 626811 0.204959
0.37 -1.35992 1.72326 0.980886 0.962171 0.0527485 794.499 631288 0.19997
0.36 -1.37721 1.67629 0.983498 0.967297 0.0465547 797.217 635612 0.196992
0.35 -1.39326 1.6311 0.985898 0.97202 0.0413654 799.693 639564 0.194954
0.34 -1.41003 1.57618 0.988085 0.976333 0.0361332 802.304 643744 0.191557
0.33 -1.42475 1.53098 0.989997 0.980111 0.0307966 804.581 647401 0.188959
0.32 -1.43975 1.42278 0.991679 0.983441 0.0261602 806.886 651113 0.185689
0.31 -1.45411 1.43138 0.993188 0.986433 0.0223052 809.065 654633 0.185258
0.3 -1.46795 1.35502 0.99449 0.98902 0.0180671 811.288 658233 0.184589
0.29 -1.48147 1.33395 0.995553 0.991133 0.0156058 813.451 661745 0.18127
0.28 -1.4946 1.29805 0.996497 0.993012 0.0125966 815.549 665162 0.181792
0.27 -1.50769 1.25507 0.997302 0.994616 0.0101155 817.555 668435 0.179494
0.26 -1.52016 1.21727 0.997965 0.995937 0.00781547 819.522 671655 0.176682
0.25 -1.53208 1.23215 0.998471 0.996947 0.00625315 821.355 674661 0.181379
0.24 -1.54405 1.17807 0.99888 0.997764 0.00471502 823.408 678036 0.181947
0.23 -1.55557 1.152 0.999232 0.998467 0.00332472 825.174 680946 0.177124
0.22 -1.567 1.14602 0.99947 0.99894 0.00240901 827.08 684094 0.176456
0.21 -1.57822 1.12492 0.999653 0.999306 0.00164674 828.876 687067 0.176327
0.2 -1.58939 1.08719 0.999777 0.999554 0.00110709 830.611 689943 0.172911
0.19 -1.60062 1.09658 0.999863 0.999727 0.000718259 832.471 693035 0.172048
0.18 -1.61128 1.0728 0.999922 0.999845 0.000429749 834.171 695867 0.172886
0.17 -1.62207 1.08734 0.999959 0.999918 0.000242912 835.992 698907 0.174125
0.16 -1.63265 1.06624 0.999982 0.999963 0.000114883 837.687 701742 0.169501
0.15 -1.64337 1.04346 0.99999 0.999981 6.38796e-05 839.41 704631 0.172483
0.14 -1.65391 1.05128 0.999997 0.999993 2.35167e-05 841.147 707549 0.172329
0.13 -1.66446 1.06331 0.999999 0.999997 1.00085e-05 842.817 710359 0.171437
0.12 -1.67493 1.05694 0.999999 0.999999 4.33898e-06 844.553 713286 0.170999
0.11 -1.68536 1.05582 1 1 7.89101e-07 846.211 716089 0.173349
0.1 -1.69574 1.04657 1 1 8.68012e-07 847.897 718943 0.170615
0.09 -1.70611 1.05047 1 1 0 849.579 721797 0.16873
0.08 -1.71639 1.03131 1 1 0 851.278 724686 0.166951
0.07 -1.72666 1.02226 1 1 0 852.897 727443 0.168485
0.06 -1.73691 1.03129 1 1 0 854.555 730273 0.168536
0.05 -1.74709 1.02581 1 1 0 856.22 733120 0.168263
0.04 -1.75727 1.02203 1 1 0 857.895 735989 0.166965
0.03 -1.76737 1.01177 1 1 0 859.493 738732 0.167366
0.02 -1.77745 1.01826 1 1 0 861.118 741528 0.165691
0.01 -1.78749 1.00986 1 1 0 862.729 744303 0.16939
