0.0 0.0 -1.4 0.0 -inf nan 1.0 0.0 1.0 0.0 nan nan 1296.0 0.0 1679620.0 0.0 nan nan 
0.01 0.0 -1.389996 2.1908761317483015e-06 1.0016862000000002 0.004163412738604575 1.0 0.0 1.0 0.0 0.0 0.0 1294.3880000000001 0.005215359458711931 1675438.0 13.0843417870369 0.1669906 0.00040005165666509557 
0.02 0.0 -1.379974 2.1908862666933185e-06 1.0085794 0.003065024810351098 1.0 0.0 1.0 0.0 0.0 0.0 1292.77 0.007483315262400091 1671258.0 19.879637823662684 0.16721080000000002 0.0008019798700704798 
0.03 0.0 -1.369922 1.7888470083874127e-06 1.0083444 0.0027715389746609 1.0 0.0 1.0 0.0 0.0 0.0 1291.15 0.013564660116748896 1667072.0 33.03331651530012 0.16809900000000003 0.00034549153390333324 
0.04 0.0 -1.3598360000000003 6.0662881611834356e-06 1.0117112000000001 0.004088922346037789 1.0 0.0 1.0 0.0 0.0 0.0 1289.5240000000001 0.0035776898460978257 1662882.0 11.099549540409287 0.16811159999999997 0.0008547433111766189 
0.05 0.0 -1.3497539999999997 8.294583844638143e-06 1.0096340000000001 0.002302420639244291 1.0 0.0 1.0 0.0 0.0 0.0 1287.898 0.004381791828937561 1658692.0 12.457929201917949 0.16860060000000002 0.0002118730940903425 
0.06 0.0 -1.339638 7.69415221144457e-06 1.0177939999999999 0.004118516820418857 1.0 0.0 1.0 0.0 0.0 0.0 1286.252 0.012457931777878762 1654460.0 30.331501776206203 0.1673772 0.0006976700882222689 
0.07 0.0 -1.329486 1.0039922060732442e-05 1.0146376 0.005041723654474437 1.0 0.0 1.0 0.0 0.0 0.0 1284.6 0.006324560992597917 1650210.0 14.696938456699067 0.1672666 0.0006888474780392347 
0.08 0.0 -1.319306 8.294575813685057e-06 1.016852 0.004451446865909626 1.0 0.0 1.0 0.0 0.0 0.0 1282.9479999999999 0.009549876211148004 1645966.0 25.075884829851965 0.168408 0.0008246410613106423 
0.09 0.0 -1.3090959999999998 1.3446190598262828e-05 1.0224014000000001 0.005832592285424453 1.0 0.0 1.0 0.0 0.0 0.0 1281.312 0.01658915589067268 1641776.0 41.91419807177515 0.1696676 0.00037533170396333485 
0.1 0.0 -1.29886 2.1166010315096352e-05 1.023018 0.004829495543012536 1.0 0.0 1.0 0.0 1.736024e-07 1.552747069828438e-07 1279.672 0.013682104439126614 1637588.0 34.57166469813104 0.1692972 0.0004947434405816319 
0.11000000000000001 8.33000234328132e-10 -1.2886760000000002 1.5646084432929326e-05 1.0223659999999999 0.0043790853839638984 1.0 0.0 1.0 0.0 4.7344419999999997e-07 2.8230452139721745e-07 1278.018 0.019266549753392734 1633350.0 46.561786907291264 0.169702 0.0007102285829229364 
0.12 0.0 -1.2783520000000002 2.7914152406963417e-05 1.01919 0.005576415336038796 0.9999998 1.7887601172235757e-07 0.9999991999999999 1.789380675825843e-07 2.3143505999999998e-06 5.174207319289476e-07 1276.3619999999999 0.006572670917002651 1629126.0 16.14930339054908 0.1698502 0.000313568671903501 
0.13 0.0 -1.268036 1.7572710121475888e-05 1.038608 0.00394088558575444 0.9999988 1.789380675825843e-07 0.9999974000000001 2.189507483506605e-07 9.341404e-06 9.430522000848102e-07 1274.666 0.011523891698646985 1624806.0 29.3393933134276 0.17039120000000002 0.0010891517212942962 
0.14 0.0 -1.2576939999999999 1.8889152987258002e-05 1.0330020000000002 0.0032271528008253163 0.9999974000000001 2.189507483506605e-07 0.9999948 5.93302041280537e-07 1.881918e-05 1.8389113108358411e-06 1272.974 0.004560708853808214 1620496.0 12.198360545581524 0.16987639999999998 0.0007847543615691334 
0.15 0.0 -1.247364 2.1466253058305133e-05 1.045296 0.004038818243003269 0.9999924 2.191028151001072e-07 0.9999852 5.215193539770799e-07 4.9208760000000006e-05 1.8547954812538874e-06 1271.344 0.0166373050426959 1616348.0 39.33446326060647 0.17099899999999998 0.00047877042515278976 
0.16 0.0 -1.2369880000000002 4.29325040478318e-05 1.041784 0.005552939833993909 0.9999832 3.346961355986625e-07 0.9999662 5.932646148782743e-07 0.0001046677 1.7185765947435183e-06 1269.6499999999999 0.02039607808213354 1612046.0 51.58294291720859 0.1704424 0.0007329139976832329 
0.17 8.33000234328132e-10 -1.226554 1.9308030906619216e-05 1.047164 0.0030131984335570964 0.9999672000000001 7.694108923004833e-07 0.9999344000000001 1.2521852808902158e-06 0.0001925136 4.003068459069804e-06 1267.9660000000001 0.016149302880196885 1607780.0 38.470768123342694 0.17095860000000002 0.00045693768502965017 
0.18 0.0 -1.2159659999999999 1.080740860328455e-05 1.0517619999999999 0.00291865640322334 0.9999368000000001 9.1212879035452e-07 0.9998738000000001 1.819882666036682e-06 0.0003498758 5.04752500459439e-06 1266.202 0.013682107842559408 1603304.0 36.17734097470404 0.1718384 0.0006150366232998793 
0.19 0.0 -1.205428 4.3025574228658244e-05 1.0642340000000001 0.0074293793011209214 0.9998836000000001 1.4028475802632845e-06 0.9997670000000001 2.898273936886387e-06 0.0006173267999999999 6.083604960219105e-06 1264.498 0.009959920195447482 1598992.0 23.392306427541513 0.1722056 0.0007901288300020203 
0.2 0.0 -1.194768 3.5709942453710654e-05 1.0725639999999999 0.0038800934009463523 0.9998073999999999 1.711150370880628e-06 0.9996148 3.457165739344826e-06 0.0009562004000000001 8.730448334878433e-06 1262.75 0.027568096892039352 1594578.0 65.93329962924652 0.17238799999999999 0.0007874753075498123 
0.21000000000000002 1.666000468656264e-09 -1.1840319999999998 5.6808451409596886e-05 1.07517 0.004466516315879303 0.9996957999999999 3.6813106867513142e-06 0.9993922 7.2077750008844606e-06 0.001452846 1.6848328724235134e-05 1261.0120000000002 0.03064636901465196 1590200.0 77.82030583337487 0.173747 0.0005029074666372114 
0.22000000000000003 1.666000468656264e-09 -1.173154 4.1626914278891525e-05 1.0887 0.004205846407083491 0.9995284 2.1090328898143623e-06 0.9990574000000001 4.181864277428196e-06 0.002148438 8.965674274698723e-06 1259.216 0.01663731064049203 1585678.0 42.745760023656146 0.1718828 0.0010173491200171543 
0.23000000000000004 1.666000468656264e-09 -1.162126 2.8368997240243817e-05 1.11033 0.003597637002253956 0.999301 2.622972640006109e-06 0.9986037999999999 5.317144831789336e-06 0.003054226 1.4926971722339957e-05 1257.4360000000001 0.020899760124208012 1581198.0 50.707001488946275 0.173256 0.0005526022077409597 
0.24 0.0 -1.150928 3.735237609545303e-05 1.1258380000000001 0.005121170491201874 0.9990057999999999 3.3394596033213614e-06 0.9980144 6.838714183643864e-06 0.004187952 2.0278549139417713e-05 1255.604 0.0247547977076902 1576588.0 64.14982462953425 0.1743044 0.0008416258836325237 
0.25 0.0 -1.13953 4.270831373515694e-05 1.149978 0.004369392085867032 0.998617 4.029892249399466e-06 0.9972384 7.992998698931463e-06 0.005593842 2.6728910250885086e-05 1253.65 0.021725560105157925 1571688.0 53.99259208447025 0.17505359999999998 0.0006659379911085265 
0.26 0.0 -1.127872 3.480229855558312e-05 1.1778819999999999 0.006478864962329617 0.9981166 2.2908518138331475e-06 0.9962401999999999 4.475714522491085e-06 0.00727323 2.4104662287586018e-05 1251.6799999999998 0.02349468249159822 1566758.0 59.42390091537243 0.17735779999999998 0.00040135564279135443 
0.27 0.0 -1.116048 7.778945963267755e-05 1.205914 0.006842576473816976 0.9974978 9.283963963797472e-06 0.9950060000000001 1.8667619034350767e-05 0.009353452000000002 5.890718532737919e-05 1249.7220000000002 0.03339460850121156 1561864.0 85.63176980537072 0.17788959999999998 0.0006674707843795811 
0.28 0.0 -1.103682 5.8405479102093455e-05 1.239904 0.0024376063669125383 0.9967296000000001 6.290307712808031e-06 0.9934756 1.2530282693999966e-05 0.011866640000000001 5.0096391886024556e-05 1247.5620000000001 0.02287356303866109 1556470.0 59.12698199637792 0.1789988 0.0006692031320905778 
0.29 0.0 -1.091224 8.273330656797582e-05 1.2760880000000001 0.011080704454138885 0.9958304 7.987991194631167e-06 0.9916856 1.594891964191484e-05 0.01461344 3.335462306790813e-05 1245.4080000000001 0.02389978826371177 1551104.0 57.382924289373754 0.1796518 0.0003102563327306927 
0.3 0.0 -1.078114 8.973739455987273e-05 1.3194199999999998 0.007696043139179485 0.9947212000000001 1.2841805673903824e-05 0.9894791999999999 2.5575613994711178e-05 0.0179773 0.00011522913173321328 1243.098 0.025984612092503745 1545358.0 63.89992175269074 0.18296220000000002 0.0005769393312979058 
0.31 0.0 -1.0646660000000001 5.08015740830858e-05 1.362174 0.0035892178535136157 0.9934342 5.233736693751862e-06 0.9869232 1.0164250153955179e-05 0.02180362 9.281986597710961e-05 1240.7359999999999 0.015646087304785068 1539498.0 37.02971779530598 0.18371280000000004 0.00065258773509622 
0.32 0.0 -1.0509359999999999 4.05561348493526e-05 1.40938 0.007338699067269236 0.9919314 7.57152473430127e-06 0.9839422000000001 1.4798376867108854e-05 0.026214699999999997 0.0001458728322889574 1238.212 0.016346255804165728 1533244.0 41.8186561237924 0.185912 0.0006470178359211529 
0.33 1.666000468656264e-09 -1.036358 3.303331680640046e-05 1.47345 0.006299090093031827 0.9901987999999999 1.7128690667792556e-05 0.9805113999999999 3.376696668486133e-05 0.03099448 0.00020229244849978296 1235.5100000000002 0.019390716408046103 1526564.0 46.441360875839976 0.18995140000000002 0.0007432080516240866 
0.34 1.666000468656264e-09 -1.021614 0.00011003999276229881 1.507648 0.006042031711265999 0.9882540000000001 1.3505552998716435e-05 0.9766678000000001 2.661638513286923e-05 0.03621546 0.0001374517125394299 1232.836 0.036066604863052416 1519964.0 88.11810256695271 0.19374860000000002 0.0008794088741866383 
0.35 0.0 -1.006206 0.00011087290030639139 1.5712320000000002 0.00859967366822288 0.9860312 1.83551630175848e-05 0.9722832 3.59615354590588e-05 0.042068339999999996 0.00019946853506285034 1229.884 0.020513408896373098 1512700.0 51.923019942988674 0.1956232 0.0008579129746072842 
0.36 0.0 -0.9903740000000001 8.69321573234858e-05 1.6320620000000001 0.0034796659609638283 0.9835356000000001 1.604393846947948e-05 0.9673728 3.165488889122152e-05 0.04877566 0.00012961549166654813 1226.836 0.0315721388772107 1505214.0 76.39895287240526 0.1996444 0.0008500189927289923 
0.37 0.0 -0.9734856000000001 8.072798743625906e-05 1.6915980000000002 0.006936119606798968 0.9806452 1.4227859371246824e-05 0.9617008 2.7917593334515113e-05 0.05596628 0.00018368478521636555 1223.514 0.03628774046671203 1497084.0 87.11371878183138 0.20171899999999998 0.000847088330696623 
0.38 0.0 -0.9562747999999999 9.978633193761627e-05 1.7736319999999999 0.010072773759010598 0.9775219999999999 1.4824305460758647e-05 0.9555916 2.8853561341585864e-05 0.0639326 8.758352813123523e-05 1220.118 0.026442390503036765 1488784.0 66.8490837633546 0.2080972 0.0005104159401897177 
0.39 0.0 -0.9378502 7.992316326316365e-05 1.8572980000000001 0.011669217762983464 0.9739788 3.2652595629647457e-05 0.9486842 6.321354296133456e-05 0.0733711 0.0004262212721113634 1216.276 0.016149301438458778 1479432.0 41.1242021199196 0.21562979999999995 0.001545882256836951 
0.4 0.0 -0.9190741999999998 0.0001680141424017611 1.906082 0.015891443836228245 0.9701014000000001 3.6103849991609544e-05 0.9411542 6.994592191732472e-05 0.08296957999999999 0.0004189184143961876 1212.4180000000001 0.05317142015229539 1470060.0 130.59862173851604 0.2216826 0.0011997248217821884 
0.41 0.0 -0.8995188000000001 9.102940186863048e-05 2.041734 0.0038323930904742964 0.9658390000000001 2.9000689146986784e-05 0.9329126000000001 5.578716700479065e-05 0.09438108 0.00036817527717036337 1208.2900000000002 0.04270831205980035 1460076.0 102.59044789842766 0.2302836 0.0008204204093014706 
0.42000000000000004 3.332000937312528e-09 -0.8787233999999999 0.00012579685223397123 2.10868 0.011134814951315087 0.961034 1.7220916833195895e-05 0.9236632 3.281389947376411e-05 0.1058238 0.0005494270033411028 1203.678 0.040536403217933344 1448952.0 98.52512369949098 0.2375276 0.0018436555122901654 
0.43 0.0 -0.8573813999999998 6.425051003225222e-05 2.2051399999999997 0.006498096952198621 0.9559181999999999 2.3737565683849247e-05 0.9138683999999999 4.530041967870449e-05 0.11948319999999998 0.0004244985182545164 1198.966 0.025075885592503018 1437642.0 62.122459706614954 0.2482164 0.0011379478230566398 
0.44000000000000006 3.332000937312528e-09 -0.8347034000000001 0.000205161906749966 2.345894 0.007734534297553515 0.95023 5.688163135202249e-05 0.9030393999999999 0.00010779038924860296 0.1338924 0.0004916783176027683 1193.7620000000002 0.066416865089435 1425206.0 160.13993880353522 0.2604934 0.0011268838662432694 
0.45 2.356080457693621e-09 -0.8105474000000001 0.00020986502314649682 2.4367840000000003 0.022590311303737745 0.9438303999999998 6.536518985776468e-05 0.8909344000000001 0.00012257980238778422 0.15183539999999998 0.0011371337511484531 1188.048 0.06701641569129167 1411610.0 159.57443404254957 0.2729768 0.001849901411425807 
0.4600000000000001 3.332000937312528e-09 -0.7857116000000001 0.00024810297853941637 2.535844 0.008223800873075513 0.9369520000000001 6.39043029084734e-05 0.8780152000000001 0.00011950109602316292 0.1706296 0.00040316027582149976 1181.988 0.0625715587417792 1397254.0 148.07025359605487 0.2883076 0.000756041035922801 
0.4699999999999999 2.356080457693621e-09 -0.7596782 0.00018257500379348395 2.688626 0.016995246064695903 0.9294979999999999 4.076567209245893e-05 0.8641235999999999 7.574145536358232e-05 0.19188080000000002 0.0010168764094028592 1175.5459999999998 0.03650753470604332 1382084.0 84.83395546595713 0.3068868 0.0014077926949663559 
0.48 0.0 -0.7311262000000001 0.00020881444386443567 2.8760280000000003 0.013552804403508456 0.9209854 5.810652293333089e-05 0.8483948 0.00010661422034023626 0.21676679999999998 0.0008391127409361266 1168.108 0.07005141016691065 1364666.0 161.23523188186877 0.33562060000000005 0.0006867133084431225 
0.49000000000000005 3.332000937312528e-09 -0.7021513999999999 0.0001455232216766705 2.962646 0.022635158245527837 0.9119956 9.250496200969278e-05 0.8319424 0.00016843434329846823 0.24287620000000004 0.0017284577726968306 1160.366 0.05957180552878524 1346646.0 138.75445938779768 0.3565422 0.002320106642378042 
0.5 0.0 -0.6707128 0.0005077276750271261 3.1877760000000004 0.00909103364858403 0.9017191999999999 0.00021006730353454963 0.8133388 0.0003786205910731505 0.27798239999999996 0.0011980408206748298 1151.69 0.19925862584081752 1326616.0 456.653917096963 0.3932976 0.0011494997729426203 
0.51 0.0 -0.6379684 0.0006506001291245478 3.412374 0.030152505116501093 0.8906664 0.00023208526016024248 0.793567 0.0004115132075834226 0.316003 0.002917006753507028 1142.3079999999998 0.22686383601016277 1305122.0 515.0487355581023 0.4354018 0.0038408564607383456 
0.52 0.0 -0.6035522 0.00043253257912181795 3.5764480000000005 0.02891324477120592 0.8786622 0.00017477560479351183 0.7723696 0.0003075848631014306 0.356845 0.0020875192933235533 1132.118 0.16992704312368614 1281970.0 383.17619967842467 0.479227 0.0027090193059487217 
0.53 0.0 -0.5660375999999999 0.00043844111122170673 3.8238459999999996 0.04668936500746511 0.8648928000000001 0.00017104371362934698 0.7484184 0.0002955788355085522 0.41153300000000004 0.004667527002599579 1120.46 0.14862032144194298 1255750.0 328.3534680797509 0.5407758 0.006222517261686719 
0.54 0.0 -0.5265742 0.0003967317884911494 4.038736 0.022095451043143505 0.8497859999999999 0.0001594796539731332 0.7225782 0.0002722418630729493 0.4710832 0.0019919016521923907 1107.6039999999998 0.15053504598454984 1227146.0 331.59734618962193 0.6126294 0.0035887021899302517 
0.55 0.0 -0.4856488 0.000515197313658068 4.2663020000000005 0.01862942154762696 0.8334490000000001 0.00023026575945862406 0.6951512 0.0003838281281980532 0.5381896 0.0016844232389734458 1093.666 0.21125529575869625 1196526.0 462.9781852312266 0.6980156 0.002588726831476999 
0.56 0.0 -0.44145880000000004 0.0008016113472198602 4.482438 0.06032431300231425 0.8150684000000001 0.0003735940684183526 0.664941 0.0006112873628530674 0.6211928 0.00844390660014664 1078.0279999999998 0.3417414228552518 1162624.0 738.7806169628436 0.795711 0.013239548708321718 
0.57 0.0 -0.39441819999999994 0.00044799441068937303 4.82458 0.028969072750088934 0.794548 0.0002445163389291196 0.6320272 0.000390441022438869 0.7279275999999999 0.0047784166465499505 1060.492 0.21669148577025976 1125208.0 463.8827438049404 0.9319138 0.007083631285717008 
0.58 0.0 -0.34594139999999995 0.00041950176162857495 5.025864 0.03962478382022449 0.7724456 0.0001702756824127484 0.5975138 0.0002598407820500229 0.8360116 0.005657215404065972 1041.5140000000001 0.1666037211384518 1085414.0 344.7155348979793 1.089602 0.010457293875570269 
0.59 0.0 -0.2960018 0.00048731118599878634 4.9524680000000005 0.04814911300531594 0.748462 0.0002513956244709318 0.5611298 0.00037588694044235336 0.9121743999999999 0.006488568511468426 1020.9559999999999 0.22532820510790091 1043078.0 461.5486973223952 1.20255 0.010849959631260798 
0.6 0.0 -0.2461402 0.0013468707257939176 5.021141999999999 0.09165383123035088 0.7233487999999999 0.0008323767127936881 0.5243112 0.0011973006439514877 1.0312696000000001 0.020620785904712474 999.3684 0.754999581444029 999567.4 1503.3183987458588 1.3851980000000002 0.03290895433160864 
0.61 0.0 -0.19680820000000002 0.000521700174427809 4.776206 0.07012412843522514 0.6974638000000001 0.00027037727711129797 0.4876176 0.0003767212869003543 1.0970959999999998 0.01568176918590628 976.9727999999999 0.29601856702974555 955371.4 580.2069699499616 1.5013859999999999 0.026445818210070467 
0.62 0.0 -0.1492782 0.0009156853345989671 4.622088 0.07101705724120286 0.6711282000000001 0.0005259570628832783 0.4516892 0.000715289390381975 1.184552 0.018731164277748277 954.1027999999999 0.46635723649209887 911292.0 896.813603816442 1.6546680000000002 0.025796214047798194 
0.63 0.0 -0.10828579999999999 0.000613189980348561 4.192632000000001 0.03674181796263292 0.6479891999999999 0.0003758752346205407 0.42117499999999997 0.00048140270045296654 1.174466 0.011830562995901503 934.3212 0.34791463324187316 873942.6 643.244998428227 1.675056 0.019800056282746167 
0.64 0.0 -0.06620502 0.0006137628847691684 3.8891040000000006 0.05875462484604036 0.623076 0.00037938550316056745 0.3895704 0.00048348481672360444 1.211576 0.018989799704051496 912.6232 0.32104721155546756 833910.6 594.6337763724237 1.761518 0.02657468274881257 
0.65 0.0 -0.030248820000000003 0.00043723784685220266 3.4836199999999997 0.04230949359187251 0.601386 0.0004384085765665884 0.36300380000000004 0.000534608671832795 1.1851660000000002 0.010785511985989897 893.7923999999999 0.383640102211225 799889.6 692.4793484447466 1.762826 0.020097885580330717 
0.66 3.332000937312528e-09 0.005108148 0.0005489507532112508 3.177918 0.03005279865835731 0.5788552 0.00041787628790976306 0.3364336 0.000492764008427234 1.186374 0.010864065021898786 874.049 0.36106686358069867 765005.2 640.3191954185696 1.808196 0.020370659802767897 
0.67 0.0 0.034261040000000006 0.000455378980278939 2.815564 0.033914425202261955 0.5604898 0.0003849844048666467 0.31547739999999996 0.00043315942562206555 1.142008 0.009715667923518002 858.1098 0.34734091615679175 737371.0 598.1869941789797 1.77091 0.019769919170295795 
0.68 3.332000937312528e-09 0.05900238 0.0005666712651263939 2.5255119999999995 0.014729740364323635 0.5448913999999999 0.0004059805512632506 0.2981958 0.00044148253872173566 1.091326 0.005745296928793873 844.4995999999999 0.38774637077054325 714169.8 654.108394681025 1.7231739999999998 0.011935627541109595 
0.69 0.0 0.08434776 0.00040893162127697026 2.2760759999999998 0.03514282374540051 0.5281106 0.00034549056139466405 0.2801624 0.0003663801959772269 1.052472 0.015356818003737255 829.7298000000001 0.32857235424084386 689427.8 544.6212188162184 1.7042819999999999 0.029190724609028672 
0.7 0.0 0.1053042 0.0003532545144794748 2.0541340000000003 0.036727256537883696 0.5149071999999999 0.0003300520444060952 0.26634979999999997 0.0003249228092973575 1.0033699999999999 0.017445556337362 818.0038000000001 0.3098791248077346 670075.8 492.45648739759787 1.6497239999999997 0.03366704401636918 
0.71 0.0 0.1253348 0.0006655651072587891 1.871458 0.03221719384427987 0.5016252 0.0005455770083102792 0.2528268 0.0005609814542365087 0.9715138 0.02052879381629659 806.2872 0.5621173827669262 651028.8 917.7055039565728 1.6207420000000003 0.03830480548442786 
0.72 0.0 0.14305659999999998 0.000607173029705234 1.6939499999999998 0.013826969877745827 0.48991299999999993 0.000525816241673329 0.24118219999999999 0.0005123521757549115 0.9329896 0.006037798476928484 795.9456 0.48198494579630924 634437.6 766.7695142692459 1.58192 0.01300357397026095 
0.73 0.0 0.1604528 0.00040387407938668443 1.56352 0.021257498818061507 0.47864579999999995 0.00044073587556100216 0.23023500000000002 0.00040818838787669883 0.8930766 0.012498576541671146 785.8198 0.4187186549737796 618400.2 646.0438623046305 1.545724 0.027357114555448956 
0.74 0.0 0.17563440000000002 0.0004958217098901485 1.480148 0.0076826002889581356 0.4689592 0.0004680900255214524 0.2210636 0.00043790488465060963 0.8873478 0.006043555697766588 777.0874 0.4493061851587955 604764.2 699.174736394071 1.5625519999999997 0.01085499383694125 
0.75 0.0 0.1901758 0.0003427691234632015 1.344152 0.014284278462701817 0.45961559999999996 0.00033873205931547447 0.2123342 0.0003058141134746207 0.8349464000000001 0.008765018615380957 768.6802 0.32526265075783983 591725.0 495.2397399240089 1.483222 0.017360704686158347 
0.76 0.0 0.2024458 0.0001826584572352358 1.2489919999999999 0.015530826996656758 0.4522082 0.0002384814290494003 0.20555779999999996 0.00021303960196099775 0.8071614 0.006044238258706373 761.919 0.21277537452592712 581358.6 323.0790120237678 1.4463940000000002 0.017286473463372552 
0.77 0.0 0.2138062 0.0003529282533310636 1.162934 0.015737985284018714 0.44572580000000006 0.0003007060225412183 0.199689 0.00027598217333462516 0.7610471999999999 0.008969163342920543 756.1532 0.27664495656809795 572572.4 428.3239521619185 1.381688 0.023030364547701455 
0.78 0.0 0.22575160000000002 0.00015575406254480113 1.099222 0.009223355311381807 0.43852640000000004 0.00014082232775444368 0.1933086 0.00012681343777130836 0.7409357999999999 0.004967600703760143 749.5318 0.13348510019512164 562595.2 203.5971316212351 1.363508 0.011573689610492608 
0.79 0.0 0.2358838 0.00026080880352931753 1.0545499999999999 0.008645746699970888 0.43277420000000005 0.00026851612985225964 0.18829579999999999 0.0002374040269280495 0.7303272 0.0061663764491004846 744.2526 0.28803924731767244 554715.6 433.7395163060095 1.3656739999999998 0.01520330558793558 
0.8 0.0 0.24626540000000002 0.0003603744275029173 0.9730166 0.014926375768016057 0.426875 0.0003262769375817942 0.18318640000000003 0.0002876657226677763 0.6938124 0.00862711602611214 738.8201999999999 0.34169335967391207 546624.4 515.8512653766807 1.3010240000000002 0.02201277367348177 
0.8100000000000002 4.712160915387242e-09 0.25595100000000004 6.435899314343782e-05 0.9515384000000001 0.005807661426766892 0.42127739999999997 0.00011560089965994771 0.17843900000000001 9.39212435939409e-05 0.6856389999999999 0.005660890177351474 733.5692 0.11281077968868808 538902.0 161.29376926863236 1.3097699999999999 0.012822403206892014 
0.82 0.0 0.26545879999999994 0.0003093590018186479 0.8742878000000001 0.008489652856978315 0.41626520000000006 0.00028030574733665584 0.17419199999999999 0.00023378160748917755 0.6424524 0.005489953089781526 728.8073999999999 0.2566229296398013 531893.2 371.906913103481 1.226482 0.012142631477564015 
0.8299999999999998 6.664001874625056e-09 0.2739134 0.0001385111114822399 0.8496038 0.0044158027981318956 0.4118074 0.00028324654984924 0.170522 0.0002337692879745073 0.649853 0.0051229820768766 724.6548 0.2745459378426476 525885.8 396.76122792539 1.26538 0.010204488032234721 
0.8400000000000001 6.664001874625056e-09 0.282204 0.0001713172495703192 0.8184764 0.007982623561711475 0.40764079999999997 0.00029362035353392454 0.1670738 0.00023726886015665213 0.6187587999999999 0.004731226778754873 720.6994 0.3105200283573992 520142.4 445.9443552723451 1.2122199999999999 0.011875142778093198 
0.85 0.0 0.2903528 0.0003708266872770742 0.782334 0.005169112666602182 0.4038016 0.00035825126379242613 0.1639546 0.00028547792909240893 0.6088812 0.003443391878944796 717.0514 0.33017760072568986 514897.4 470.75416939256974 1.2043659999999998 0.0069496650854607 
0.86 0.0 0.2981218 0.0002851586786340167 0.7554886000000001 0.0051842868331144 0.39965719999999993 0.0003696361887133784 0.1606068 0.0002930921220395971 0.5897508 0.005157415549671082 713.0088 0.3861613548914552 509104.8 547.4246176466813 1.178432 0.016931377356849443 
0.8699999999999999 6.664001874625056e-09 0.305694 0.0001459671195752308 0.7270956000000001 0.006420214729120466 0.3960844 0.0002598665195826918 0.15775279999999997 0.00021091389712930413 0.5758599999999999 0.005865191509235683 709.5735999999999 0.2647547695860645 504212.6 382.47474165352367 1.1621139999999999 0.014911489959090338 
0.8800000000000001 6.664001874625056e-09 0.3123856 0.0001093784622438156 0.7033802 0.0034744323093124758 0.3938314 0.00023758494901584412 0.15595900000000001 0.0001854145625334349 0.5601402 0.002214248683415309 707.3492 0.22219746173820984 501051.6 312.62585946948343 1.137978 0.006616222729025206 
0.89 0.0 0.31972900000000004 0.00026607397465929254 0.676821 0.004801289960000122 0.3903544 0.0003515546728467503 0.153228 0.000272953475888847 0.5508310000000001 0.002866393957569216 703.8493999999998 0.3829772422157373 496112.4 535.440947253388 1.12988 0.011070881446390169 
0.9 4.712160915387242e-09 0.32545640000000003 0.00021352631687670135 0.6597573999999999 0.003890355938473382 0.38858439999999994 0.0001826392291060316 0.15182259999999997 0.00014139323888288802 0.527871 0.004521196071838546 702.1784 0.16911856193417257 493740.8 235.7669018346986 1.086258 0.011840154526018035 
0.9099999999999999 6.664001874625056e-09 0.3324856 0.00014612285242945083 0.640497 0.003308470401862594 0.3855484 0.00016360625902887198 0.1494688 0.00012158927583763416 0.5198675999999999 0.004620111181348708 699.0237999999999 0.1820282176140208 489319.8 250.15905340793307 1.077878 0.011021652289927885 
0.9200000000000002 6.664001874625056e-09 0.3386646 0.00010025431663409117 0.6233828000000001 0.0029541350057120646 0.383326 0.00012267583300156563 0.147743 9.313860638033203e-05 0.5033907999999999 0.0035554591309716085 696.876 0.15040212771468534 486312.0 206.41492194417705 1.053748 0.009489798058969573 
0.93 0.0 0.34517200000000003 0.00016763937482718285 0.6080182000000001 0.004554617607657849 0.3807548 0.0003497671682712502 0.1457736 0.0002636284658379997 0.49464179999999996 0.0054583374274593975 694.1782000000001 0.34926017805121184 482556.2 482.48617803986025 1.0416020000000001 0.015815691549848493 
0.9399999999999998 4.712160915387242e-09 0.350877 0.00039000338459683543 0.5865779999999999 0.003980589956278405 0.37888999999999995 0.0003260278515820097 0.144346 0.00024728526037702336 0.4825376 0.0019387729232668493 692.3358000000001 0.33903042926508453 479992.0 469.4661649137021 1.0177814 0.005151116613706786 
0.95 4.712160915387242e-09 0.35690679999999997 0.00022221960311507284 0.5757087999999999 0.002077355904033933 0.3767998 0.00018946184838739165 0.1427584 0.0001466919493328086 0.47296940000000004 0.0031745372399765814 690.042 0.1787565942325102 476822.8 250.66573758595672 1.0142482 0.00743874824093757 
0.96 0.0 0.3625862 0.00012327380906604522 0.5620154 0.0029024972089560994 0.37501239999999997 0.00015125041489214775 0.14140899999999998 0.00011262752772059345 0.4647862 0.0010068275880274137 688.2124 0.1381762932308054 474295.8 188.26585457998596 0.9978753999999999 0.00593580284443979 
0.97 4.712160915387242e-09 0.36786379999999996 0.0002465102675438701 0.5516486 0.0024867628049330876 0.3735876 0.0001875947973720085 0.1403452 0.0001440553782399441 0.46156319999999995 0.004263836426507557 686.7 0.21579453187042189 472218.0 298.48711864594526 0.9926546 0.01145228215370131 
0.9800000000000001 6.664001874625056e-09 0.3731934 8.116580558483013e-05 0.5346995999999999 0.002583271439087973 0.3720294 0.00013756528630107546 0.1391664 9.931831653394748e-05 0.4467936 0.00303462700969855 684.9128000000001 0.13300027060062453 469749.6 178.79387015261565 0.9594543999999999 0.007295652895254792 
0.99 0.0 0.3787016 0.0002477049212124626 0.527909 0.0025327284418198946 0.3701832 0.0002793389911905858 0.1377886 0.00020745401417857664 0.43789920000000004 0.002776692873185012 682.9436 0.31269059471023913 467058.2 427.42320011703976 0.9545798 0.008599989764644883 
