0.0 0.0 0.2085756 1.9556277755707093e-05 0.6792348 0.0029505935999362826 0.000394653 4.086939382961146e-06 8.411700000000001e-07 1.1109712248297095e-08 0.001973766 2.2834370339468976e-05 441.75699999999995 0.018077610704130078 195215.6 16.19036750286817 0.751595 0.002918151839777727 
0.01 0.0 0.2085848 3.313656590605662e-05 0.6879206 0.0023243459742480228 0.00041006919999999995 2.9201629187437372e-06 8.771582e-07 8.458190839179977e-09 0.002041802 1.755190209635235e-05 441.76939999999996 0.022776479253136254 195227.2 19.92465808531967 0.7597354000000001 0.00327141650787063 
0.02 0.0 0.2086216 3.335098202423629e-05 0.6855445999999998 0.0014458930970256485 0.00043758680000000006 9.294847777049522e-07 9.509128e-07 3.263511818885697e-09 0.0021871480000000003 7.5900479049716886e-06 441.81680000000006 0.02938761625823417 195269.0 26.084478143140988 0.7548788 0.0025555648831551547 
0.03 0.0 0.20863020000000004 3.111449816604273e-05 0.6875184 0.0032234562643253814 0.00045444460000000007 1.955768587535285e-06 9.993484e-07 4.3370903573718924e-09 0.002283294 8.2411618598428e-06 441.7784 0.025977836641276668 195235.4 22.808068751718228 0.7605118 0.004126838968509521 
0.04 0.0 0.20864219999999997 2.0560933866462005e-05 0.6877517999999999 0.0022809222766284392 0.000479323 8.468055739096608e-07 1.060202e-06 3.758232989050332e-09 0.002391692 9.170184469259108e-06 441.8382 0.026465676068488275 195288.2 23.585419194837122 0.7585764 0.002720271333519323 
0.05 0.0 0.20861040000000003 2.9317025750026806e-05 0.6841844 0.003451338576262202 0.0005043578 3.2079023975163275e-06 1.1365800000000001e-06 7.516391687498262e-09 0.0025405980000000002 1.2739553649946165e-05 441.87299999999993 0.020913154192013082 195318.6 18.43822119385319 0.7559348 0.003609472021219401 
0.06 0.0 0.20864640000000004 3.411580274727528e-05 0.6892032 0.0024692186845214448 0.0005377950000000001 3.4586400217407634e-06 1.216876e-06 6.369067498467013e-09 0.002671466 9.150504947826728e-06 441.9196 0.02677700501261786 195360.0 23.867970175638643 0.7597804 0.003202585600417056 
0.07 0.0 0.20867299999999997 4.931612313716514e-05 0.6835785999999999 0.0030293052616099845 0.0005589234 2.3742761018888568e-06 1.282916e-06 5.566699273358838e-09 0.0027950099999999997 1.0188179425227952e-05 441.87 0.04998639812782434 195316.4 44.23084897210833 0.7630222000000001 0.0014307665190233703 
0.08 0.0 0.2086868 6.532589072784438e-05 0.6792324 0.0009215166021391577 0.0005880729999999999 1.6535666905267838e-06 1.366314e-06 5.017536925629759e-09 0.002938952 1.0337080206737742e-05 441.90479999999997 0.05367338265619038 195347.2 47.52632953323207 0.7651604000000001 0.003488959530858897 
0.09 0.0 0.20879560000000003 3.1010449831174225e-05 0.6922082 0.0017669508742451797 0.0006142014 2.514062220390427e-06 1.449896e-06 1.0214361105815658e-08 0.003089144 2.2106122518441432e-05 441.9228 0.031757078106566035 195363.4 28.313389078290022 0.7655483999999999 0.0034155777443998707 
0.1 0.0 0.20874739999999997 4.5995304137761345e-05 0.6917712 0.004234819130965571 0.00065467 2.8921942258399595e-06 1.570124e-06 8.586808766937685e-09 0.0032874920000000004 1.6088097314464154e-05 441.94259999999997 0.055858822059979066 195380.6 49.31579868128218 0.7650016000000001 0.002758255790891016 
0.11000000000000001 8.33000234328132e-10 0.2087404 3.9936549685482114e-05 0.6902328000000001 0.002525652349784446 0.0006851388 3.4283209347999453e-06 1.6523200000000002e-06 1.4151942057537188e-08 0.003406594 2.8797294956293885e-05 441.9516 0.03467517848332669 195388.2 30.662550420521374 0.7567558 0.002404314778064318 
0.12 0.0 0.20878460000000004 4.370592632524398e-05 0.6905821999999999 0.0027862265435562093 0.0007133508 2.678398885898602e-06 1.7460279999999998e-06 9.96544806820753e-09 0.0035629139999999995 1.8355627932623378e-05 441.965 0.03630426981392528 195401.0 31.971237082889854 0.7641608 0.003631732527600521 
0.13 0.0 0.20884540000000004 2.449587715108603e-05 0.6826982 0.005273771564258711 0.0007512672000000001 1.0371944234130173e-06 1.8682199999999999e-06 1.0375354259014733e-08 0.003754974 2.711851007707041e-05 441.9656 0.037304798626609376 195401.2 33.00109089290944 0.7627504 0.003105115786566333 
0.14 0.0 0.2087954 2.934839008514437e-05 0.6868462 0.0051411889473172365 0.0007888718 6.251425344031615e-06 1.98595e-06 2.3995347382359853e-08 0.003926692 4.118063053427923e-05 442.03360000000004 0.05044093569518197 195461.0 44.65512288982279 0.7600538 0.0021708406003231673 
0.15 0.0 0.20880720000000003 3.862268761193715e-05 0.684941 0.0037547371892052393 0.0008318924 2.898505471442757e-06 2.14883e-06 1.2019628280442746e-08 0.004195418 2.2067642447698736e-05 442.1104 0.02644783541081308 195529.0 23.1862027939031 0.7608832000000001 0.0029004809311514194 
0.16 0.0 0.20888299999999999 3.430801655865142e-05 0.6875446000000001 0.001711065226103652 0.0008722741999999999 5.252270993773202e-06 2.291876e-06 1.834291287664673e-08 0.004408926 3.157561066394265e-05 442.1026 0.017427793881108346 195522.4 15.863417068798034 0.7645164 0.00351376228678071 
0.17 8.33000234328132e-10 0.20887700000000003 3.255518386248494e-05 0.6839807999999999 0.0026051574908264674 0.0009147394000000002 3.499842849040153e-06 2.4131040000000004e-06 1.0271743221080873e-08 0.004539725999999999 1.3159794709713456e-05 442.116 0.049991999380475646 195534.0 44.17329510354843 0.761938 0.003165986077038798 
0.18 0.0 0.20899840000000003 1.8233156526205886e-05 0.6890731999999999 0.0031782108350501682 0.0009646702 2.9820975624604074e-06 2.59636e-06 9.742883762013143e-09 0.004797292 1.3315463311515792e-05 442.13599999999997 0.031567071502312916 195551.6 27.84040227730918 0.7620728000000001 0.0028229639374175576 
0.19 0.0 0.20900159999999998 3.7715354995566763e-05 0.6882348 0.0036463951228559444 0.0010175000000000002 3.01146741638335e-06 2.81232e-06 1.283994890957215e-08 0.005117668 1.9977166846195522e-05 442.17839999999995 0.03690918590297311 195589.4 32.57188971917241 0.7621516 0.006066383849376908 
0.2 0.0 0.20901 2.880972056937673e-05 0.6874576 0.003269629282961732 0.001069982 4.689603309448639e-06 3.0057320000000003e-06 1.7429555450415806e-08 0.0053589860000000005 2.1923883707014165e-05 442.24179999999996 0.025357287097461958 195645.0 22.426769731959872 0.7589556 0.0021477199556739074 
0.21000000000000002 1.666000468656264e-09 0.209099 3.2713300039976835e-05 0.6968846 0.005038623221478046 0.001124254 1.509327267347787e-06 3.221178e-06 3.1273930357146918e-09 0.0056368 8.649100300092731e-06 442.2166 0.018932722919123814 195622.8 16.722200833993767 0.7618686 0.0024449635023870405 
0.22000000000000003 1.666000468656264e-09 0.209169 1.469965989790824e-05 0.6914448 0.005250548355364228 0.0011898260000000002 5.1439118188318155e-06 3.475416e-06 1.8683793533446038e-08 0.005931642 2.9077472710007337e-05 442.26000000000005 0.03500057130319657 195661.8 30.926234829549195 0.7664836 0.0048220356498079086 
0.23000000000000004 1.666000468656264e-09 0.20919920000000003 3.617999444621227e-05 0.6929976 0.0030849115462216565 0.0012359539999999998 4.092759069393827e-06 3.687818e-06 1.7524719318714767e-08 0.006221236 2.517471677696685e-05 442.26140000000004 0.04768614050231819 195662.6 41.88517636667629 0.765997 0.0031668761390371294 
0.24 0.0 0.2092104 3.548024801847384e-05 0.7022907999999999 0.001268317354611513 0.0013043060000000003 6.144525758743199e-06 3.973763999999999e-06 2.696359035443844e-08 0.006544406 3.390941197956068e-05 442.3836 0.031631123862466574 195772.0 27.813665705907948 0.7732076 0.002766245088205943 
0.25 0.0 0.20916220000000002 5.6345647557613925e-05 0.6887291999999999 0.004000442889484422 0.001373576 3.902646896660228e-06 4.291028e-06 2.4888530916872985e-08 0.00692421 5.175366043092597e-05 442.46220000000005 0.034893437707809595 195839.8 30.580255099542992 0.7567132 0.002949014634077667 
0.26 0.0 0.20929340000000002 3.0432351172761192e-05 0.6943338 0.0056495074149881235 0.001450228 5.058798592552605e-06 4.628816e-06 2.3123946998716694e-08 0.007273536 3.8582049152436926e-05 442.457 0.0072277245360514 195835.4 6.264822511343223 0.7611894 0.004000231309310913 
0.27 0.0 0.20931139999999998 3.942243016232226e-05 0.6936438 0.004729690318824452 0.00151696 6.319663915111905e-06 4.936254e-06 2.276631487088871e-08 0.007588452 2.159413298101897e-05 442.476 0.0362734061743116 195853.4 32.11305032379566 0.7741165999999999 0.004492150635053831 
0.28 0.0 0.209314 4.3380179795699116e-05 0.6895918 0.004077889919063104 0.001599496 4.4560481146426185e-06 5.36389e-06 1.7521934824695215e-08 0.008079558 1.9650356006833703e-05 442.5666 0.022762425228768365 195933.0 20.20494987347527 0.7652406 0.0021748735981641067 
0.29 0.0 0.20936339999999998 1.5010929375042648e-05 0.7021850000000001 0.00463361418333362 0.001672014 3.7371375141865506e-06 5.722716000000001e-06 2.6895222267137868e-08 0.00842981 4.41916313344594e-05 442.6352 0.02982938152680777 195994.0 26.34387974463898 0.7728244 0.0029092308756805763 
0.3 0.0 0.2094366 4.42009954663314e-05 0.6981714 0.0012878740497472517 0.001763994 8.187580155334685e-06 6.205991999999999e-06 4.620218734216895e-08 0.008910686 5.71180267586415e-05 442.6956 0.05044965808116282 196047.6 44.81660406454208 0.7716966000000001 0.003853257557961481 
0.31 0.0 0.20947459999999998 1.687032901443991e-05 0.7021839999999999 0.0028526187828082092 0.00186552 6.818135228928105e-06 6.725078000000001e-06 3.253583543107218e-08 0.009344678 3.426500225010383e-05 442.7928 0.017138028166710725 196133.8 15.29025838051056 0.7706378 0.003495764298689185 
0.32 0.0 0.209485 5.714682843278705e-05 0.6962534 0.0027867969800455875 0.0019591319999999997 5.7181272458814614e-06 7.280758e-06 3.7105009839628986e-08 0.0099141 4.6954693993244075e-05 442.81319999999994 0.043324265772090025 196151.6 38.53891539175375 0.7711534 0.0017523661854807167 
0.33 1.666000468656264e-09 0.2095876 1.8054583900346693e-05 0.7036154 0.004110065095347637 0.0020570319999999994 2.928139887437579e-06 7.816148000000001e-06 2.167502201144499e-08 0.010324 3.5067945477369744e-05 442.90239999999994 0.028293603704481987 196231.2 24.950190370250056 0.773328 0.0036273956607997784 
0.34 1.666000468656264e-09 0.209638 3.308655317134887e-05 0.7014968 0.0029632486416096993 0.0021676919999999997 5.7774730808831664e-06 8.50794e-06 4.2023929849535804e-08 0.0109696 7.860777569680303e-05 442.94040000000007 0.028248327226460215 196264.2 24.911683971402166 0.7688944 0.0015735628007784044 
0.35 0.0 0.209693 2.907645097566476e-05 0.6963372 0.0044927539919311825 0.002271788 8.680595555623941e-06 9.17122e-06 5.5920806074292994e-08 0.01154828 6.248912481386715e-05 443.0554 0.03826601626398934 196367.0 33.930517241933934 0.7767379999999999 0.0031263509719823327 
0.36 0.0 0.20971199999999998 6.389303562584984e-05 0.7048745999999999 0.0026409568357018947 0.002390628 6.352152643003452e-06 9.892769999999999e-06 3.507669505532446e-08 0.012031120000000001 2.5353538608900342e-05 443.1629999999999 0.04239622647637618 196462.4 37.64104144545728 0.7784686000000001 0.0038673292344966444 
0.37 0.0 0.2097264 1.9874808173173067e-05 0.702475 0.0031398692329473363 0.00251955 6.612639412511967e-06 1.075286e-05 5.6769038040129545e-08 0.012684979999999998 7.404842415612253e-05 443.25380000000007 0.020794999131612472 196543.0 18.319388636087176 0.7811380000000001 0.0028088474362230153 
0.38 0.0 0.20986080000000001 3.4436492240382746e-05 0.6964108 0.0028020485135007256 0.0026509560000000003 5.7813753380847985e-06 1.168172e-05 5.704197331788394e-08 0.01340346 8.45207411230892e-05 443.2568 0.027288678923344276 196546.2 24.09879662766104 0.7830716 0.001544659071766012 
0.39 0.0 0.209824 5.2236385773448816e-05 0.69859 0.003205372652281574 0.0027807480000000004 1.0783103597738086e-05 1.260196e-05 7.400052216033642e-08 0.01402224 5.415461273064982e-05 443.3956 0.0361414996381528 196668.2 32.242084282833936 0.7729458 0.0022336966562176565 
0.4 0.0 0.20992039999999998 1.867747311266412e-05 0.7044912 0.005468070902247706 0.0029287320000000003 9.107604910180182e-06 1.372376e-05 7.207738397031812e-08 0.01482008 5.97381981650432e-05 443.4982 0.014160225925602989 196759.6 12.536666194310914 0.7771858 0.003055169460435185 
0.41 0.0 0.210079 5.592566497137444e-05 0.7126922 0.005115294411078053 0.003082222 1.104482843687393e-05 1.489314e-05 8.069195548504479e-08 0.01553018 7.396429625160037e-05 443.53279999999995 0.032561818167293 196791.0 28.903978954283236 0.7831562000000001 0.001690140997656288 
0.42000000000000004 3.332000937312528e-09 0.2100956 5.828207206912689e-06 0.6996819999999999 0.002969328368508611 0.0032495319999999994 4.155106159937747e-06 1.62559e-05 2.2737721961414442e-08 0.01640544 1.3744077997518172e-05 443.715 0.025099800696395932 196952.6 22.474162920171292 0.7806366 0.0031580500135312633 
0.43 0.0 0.210212 5.450577950046787e-05 0.7057711999999999 0.003128303289648237 0.003411492 1.206249639169873e-05 1.76661e-05 1.0646254552656877e-07 0.01735796 0.00010772554237508898 443.7814 0.0187159824488718 197011.4 16.63394121933468 0.7806647999999999 0.0031032811848125037 
0.44000000000000006 3.332000937312528e-09 0.21012360000000002 1.5026909152860446e-05 0.7126408000000001 0.003491086093463587 0.00358073 1.2128927734968444e-05 1.908668e-05 1.2321613985184342e-07 0.018041240000000004 0.00012509647988644912 443.9722 0.04799283288924287 197181.0 42.529989419232166 0.7845252 0.001670067648928126 
0.45 2.356080457693621e-09 0.2102076 5.050908828197553e-05 0.7028509999999999 0.002669567036062876 0.0037680039999999997 5.2170586349604406e-06 2.0861940000000004e-05 5.080799622071968e-08 0.01919218 6.580901701133937e-05 444.17299999999994 0.04660042923255217 197359.6 41.157842500155155 0.7844542000000001 0.0029331623534936207 
0.4600000000000001 3.332000937312528e-09 0.2103806 1.2717232420469252e-05 0.7086018000000001 0.0035816516011466957 0.003975814 1.1213730012747454e-05 2.281252e-05 9.501525940610103e-08 0.0201738 9.81640911943003e-05 444.18359999999996 0.035605168245196245 197369.4 31.88679976522539 0.7901602000000001 0.0035837429305080573 
0.4699999999999999 2.356080457693621e-09 0.2104396 2.2970589928869015e-05 0.7107171999999999 0.003941715488467719 0.00418047 5.694464680662846e-06 2.4871319999999998e-05 6.257705266319802e-08 0.021297160000000002 9.665253064436391e-05 444.3299999999999 0.029216433995238277 197499.4 25.675825197503464 0.7906766 0.003560794210284986 
0.48 0.0 0.21045699999999998 1.9973983141438675e-05 0.7120338 0.0037661060569215655 0.004398246 8.231972108830314e-06 2.7052560000000003e-05 9.421720692086918e-08 0.02219802 6.876560419284872e-05 444.51239999999996 0.0366721693536268 197662.4 32.469801362008376 0.7965492000000001 0.0019426744328299738 
0.49000000000000005 3.332000937312528e-09 0.21056360000000002 9.185205349397316e-06 0.7049342000000001 0.003642714761272419 0.004616634 1.2327274021474691e-05 2.9409500000000004e-05 1.534329690774974e-07 0.02331484 0.00014831046247645033 444.64520000000005 0.028984685450977276 197780.4 25.63528819407843 0.7989356000000001 0.003351127566651277 
0.5 0.0 0.2106398 2.803911556697549e-05 0.7155425999999999 0.002536078699095846 0.004864966 1.1849996658236871e-05 3.2279419999999996e-05 1.1803222068573262e-07 0.0247992 0.00013054637490174338 444.82759999999996 0.03928725004230248 197942.8 34.91406595260388 0.7990936000000002 0.0015955532858332672 
0.51 0.0 0.21068379999999998 4.719101611450122e-05 0.709797 0.002842577351627612 0.005108804 3.47952709435404e-06 3.5172540000000005e-05 5.6437211836431875e-08 0.026129199999999998 7.570617412084442e-05 444.992 0.030789608554981585 198088.8 27.642575875587237 0.7974473999999999 0.002310277015432867 
0.52 0.0 0.21082099999999998 2.706584569039364e-05 0.7121679999999999 0.002798427415537145 0.00538153 7.85822117280451e-06 3.844668e-05 1.2838024583266055e-07 0.02731826 0.00015849607086607952 445.10299999999995 0.03709986535057069 198188.4 32.760463993946004 0.8061086000000002 0.004604985034496967 
0.53 0.0 0.2108834 3.7266177721714304e-05 0.7143993999999999 0.0025599154454823757 0.005673888 6.44289959555433e-06 4.22512e-05 9.692575715453818e-08 0.02896704 8.47017666876842e-05 445.33860000000004 0.03835163611189634 198398.4 34.287723766657834 0.8045468 0.0036460202456913846 
0.54 0.0 0.210892 3.5271518256647085e-05 0.718573 0.003429924115777714 0.005973058 1.426885486648774e-05 4.619408e-05 2.0701418772651347e-07 0.030285060000000003 0.00012710817943779068 445.5978 0.014196901083068304 198629.6 12.469482706287472 0.8098886000000001 0.0031699622660166646 
0.55 0.0 0.21099560000000003 3.8736649283188375e-05 0.702609 0.005577904222913946 0.006276876000000001 1.228829576470187e-05 5.0522779999999995e-05 1.9728057461415428e-07 0.0320338 0.000174301192193108 445.77799999999996 0.028329490025487028 198789.8 25.5176801836124 0.8028634 0.004848250015005518 
0.56 0.0 0.2110252 4.34312330137519e-05 0.715187 0.0020078985830974975 0.006590834000000001 1.0672438746498448e-05 5.512878e-05 1.6074209753526228e-07 0.03366462 8.865551037580404e-05 446.05160000000006 0.02472990065078648 199035.0 21.863211109075447 0.8187328 0.0044840197448244795 
0.57 0.0 0.2111458 4.008930032279579e-05 0.7218568000000001 0.0023934634720402482 0.006928836000000001 1.3063100581292583e-05 6.021694e-05 2.162627931015688e-07 0.03515698 0.0001920534621402289 446.293 0.03681304123220331 199250.4 33.02798814791226 0.8171454 0.0032600266207460224 
0.58 0.0 0.21122960000000002 3.909025449480409e-05 0.717457 0.002793663988384381 0.007317222 1.5606207072789108e-05 6.650716e-05 2.523519868757477e-07 0.03733689999999999 0.0001028007315153765 446.61019999999996 0.018234911791018958 199534.4 16.20518436128097 0.8246420000000001 0.003480305216495437 
0.59 0.0 0.2113546 2.9454507284713737e-05 0.7209300000000001 0.00421358694700122 0.007717482 9.383106266041786e-06 7.329406000000001e-05 1.491427895664705e-07 0.03955416 9.125114618447159e-05 446.7604 0.025227921060273314 199668.6 22.532820504276195 0.8264994000000001 0.003033995406714521 
0.6 0.0 0.211377 4.490612429881154e-05 0.7201644 0.003192355225845356 0.008085832000000001 1.8926165464642267e-05 7.98066e-05 3.4634348615197387e-07 0.041541459999999995 0.00016985591682389066 447.044 0.034387206912760114 199922.2 30.810907151716886 0.826773 0.0023544361023455688 
0.61 0.0 0.211531 2.858950857422505e-05 0.7152184 0.0024333383422748918 0.008526648000000001 1.341256050118665e-05 8.798618e-05 2.3516542500978356e-07 0.04401086 3.851684930022135e-05 447.3286 0.029310202944546237 200178.0 26.666833327090494 0.837226 0.005729712935216242 
0.62 0.0 0.2115958 4.660334750758552e-05 0.7186883999999999 0.002398514900524422 0.008998352000000001 1.938897839483603e-05 9.709014e-05 4.149921913480021e-07 0.04641962 0.0002494210823487671 447.70560000000006 0.039098439819565074 200515.4 35.117630915234486 0.8364726000000001 0.004506016321317803 
0.63 0.0 0.21168399999999998 2.6096743133399207e-05 0.7137912 0.004243900747190768 0.009469272 1.971496373813218e-05 0.0001066958 4.104770298079929e-07 0.04903792 0.00012326592197363427 447.91819999999996 0.021212072310246625 200705.6 18.89465533380023 0.8393647999999999 0.002674584908359686 
0.64 0.0 0.21178499999999997 3.5941062910414325e-05 0.7189023999999999 0.003439313880416163 0.010006022 1.8149019675970087e-05 0.00011819059999999999 3.6213219685675307e-07 0.052037120000000006 0.0002619342228878326 448.3586 0.04894127092558534 201101.0 43.96362132490908 0.839609 0.0007744676623228649 
0.65 0.0 0.21173659999999997 5.4106265842334454e-05 0.7258044 0.005959642308729511 0.01047318 2.3071807904891224e-05 0.0001285576 5.221630090305643e-07 0.054338779999999996 0.00013310085619560162 448.7478 0.07447651984603364 201451.6 66.64689039000413 0.8591377999999998 0.00503028922747617 
0.66 3.332000937312528e-09 0.21193620000000002 1.8692030351632442e-05 0.7180465999999999 0.004932708088670484 0.01106402 7.175368979910341e-06 0.00014247820000000001 2.200466132425964e-07 0.057787279999999996 0.00026589236829987795 449.04359999999997 0.02687541643484723 201716.8 24.241122101347162 0.8522565999999999 0.0022297538626545677 
0.67 0.0 0.21200259999999999 4.59831273406178e-05 0.7156278 0.0037546291577181964 0.011641680000000001 2.6099523367130167e-05 0.0001565376 6.389128015615493e-07 0.06049578 0.0003523691807182243 449.46360000000004 0.031792577644544476 202095.0 28.446440902158567 0.8608732 0.0023584561967528064 
0.68 3.332000937312528e-09 0.21204299999999998 3.338862082990433e-05 0.7167555999999999 0.004731327488981737 0.012279000000000002 2.226635129492582e-05 0.00017323620000000002 6.130266813099289e-07 0.06468448 0.0002538799738456255 449.9924 0.06151071451912877 202571.6 55.547169135451014 0.8692574000000001 0.002996025548621546 
0.69 0.0 0.21218520000000002 4.42053390282587e-05 0.7155504 0.002736643105706365 0.012890660000000002 1.3806682439753425e-05 0.0001896134 3.776180716013626e-07 0.06751652 7.904327624931206e-05 450.31859999999995 0.032490737280953634 202865.0 29.042038485437768 0.8665482000000001 0.003181225617896652 
0.7 0.0 0.2122422 6.672294959668556e-05 0.7176698 0.0046171687203315544 0.013620860000000002 1.963418651210197e-05 0.0002103362 6.117372900195465e-07 0.07144318000000001 0.0003167291630395139 450.84700000000004 0.05047930259712896 203341.2 46.15660298599262 0.8678343999999999 0.006335992377521857 
0.71 0.0 0.21228319999999998 2.9480027145095886e-05 0.7243953999999999 0.003331708013618852 0.014365359999999999 4.2433539564938585e-05 0.00023270740000000002 1.3347927060025525e-06 0.07584582 0.0004073857625397367 451.4026 0.05994771053733684 203844.0 53.9555372505918 0.8843875999999999 0.0026345637452878487 
0.72 0.0 0.21242160000000002 3.719849455907536e-05 0.7174212 0.0029783533490849094 0.015143220000000002 8.406492728017793e-06 0.00025720659999999994 3.5629118429786584e-07 0.08032101999999999 0.00045444131097454194 451.8492 0.031609365742186354 204248.0 28.613283623080104 0.8867073999999999 0.0027304362230307563 
0.73 0.0 0.21245280000000002 4.203750702594563e-05 0.7216636000000001 0.00460897045856944 0.01598792 2.80372523618354e-05 0.0002849984 1.011930179410451e-06 0.08461563999999999 0.0003953530802720071 452.4902 0.04099112102278299 204828.6 37.382990791110885 0.8968450000000001 0.0039524576860410715 
0.74 0.0 0.2125644 4.247596970573764e-05 0.7220526 0.00303343662007002 0.01689016 2.943538822569102e-05 0.0003165178 1.0400420529946325e-06 0.08995958000000001 0.00042337907874585623 453.026 0.02565774738931052 205315.2 22.834009684919895 0.9123596 0.007263582215957828 
0.75 0.0 0.212635 6.0913709466991304e-05 0.725414 0.0020318368044740524 0.0177626 1.4531538115476786e-05 0.00034842360000000004 6.125752590482927e-07 0.09478807999999998 0.00044815232892498843 453.6585999999999 0.049542386034910506 205889.4 45.03651852095454 0.9187666 0.0023592316308469457 
0.76 0.0 0.2126732 4.958177084116344e-05 0.7168048 0.0028533361442363877 0.018731400000000002 2.608257655969628e-05 0.00038578999999999995 1.0485669077406453e-06 0.10057306000000002 0.0004787734024350111 454.31579999999997 0.03500102872180211 206486.4 31.670301548660778 0.9215028000000001 0.0043452978484752195 
0.77 0.0 0.2127164 2.8137661591309865e-05 0.7181558 0.0026700418633395008 0.019811080000000002 1.6638879769246995e-05 0.00042943520000000005 6.474388557961718e-07 0.1064306 0.0006931480996152253 455.061 0.04705741179235762 207165.6 42.99451127618419 0.9384954000000001 0.005635307300224862 
0.78 0.0 0.2127154 3.186672246455544e-05 0.720833 0.0052321916325789985 0.02087788 5.128796661990532e-05 0.0004750982 2.3318001183647176e-06 0.11289180000000001 0.0006029373035394462 455.8316 0.07043612712316406 207868.8 64.51877247474528 0.9499478 0.004518700161775742 
0.79 0.0 0.2127348 4.388658108313431e-05 0.7235614 0.0016681877496284745 0.02197756 4.910150791981732e-05 0.0005243979999999999 2.247772710935257e-06 0.1191546 0.0007132663233323402 456.55219999999997 0.04150412033530726 208526.8 37.978309604657845 0.9553773999999999 0.004266140237736067 
0.8 0.0 0.2127662 2.3358767135280127e-05 0.7248357999999999 0.0010709019525689347 0.023225580000000003 5.720317753405722e-05 0.0005836762 2.9780100792353675e-06 0.1273876 0.0009413909963455146 457.4084 0.07289093229930758 209311.4 66.87636353430675 0.971374 0.004064837403884663 
0.8100000000000002 4.712160915387242e-09 0.2127404 2.4755767035446276e-05 0.7195686 0.0028307341606023237 0.024529119999999998 1.580502198707467e-05 0.0006483378 8.284115595534659e-07 0.1343754 0.00024107403012258114 458.3508 0.03973753900633005 210175.4 36.36547815028194 0.9785372000000001 0.005422229160777989 
0.82 0.0 0.21278379999999997 2.3027635629754307e-05 0.7196337999999999 0.004813425253604224 0.025910739999999998 2.140890655806874e-05 0.0007208887999999999 1.3630146998641462e-06 0.14261700000000002 0.0008550882995330081 459.2768 0.04109053427045025 211025.8 37.71832448091973 0.9880488 0.003395967507499384 
0.8299999999999998 6.664001874625056e-09 0.21268959999999998 3.418607908662267e-05 0.7207663999999999 0.002214670803537971 0.02739474 4.5415535667847317e-05 0.0008025427999999999 2.665490625017477e-06 0.1499344 0.0010251436426182816 460.36280000000005 0.05224052064129189 212026.2 47.8509351999699 1.0026572 0.0053905178556350845 
0.8400000000000001 6.664001874625056e-09 0.2127716 3.871702467484294e-05 0.7238806 0.00320089573213866 0.02891844 4.249949270315227e-05 0.000891896 2.4742585475254004e-06 0.160159 0.0006631781057909108 461.28999999999996 0.03140063701460483 212882.8 28.673890586084987 1.0225380000000002 0.0038767567888584272 
0.85 0.0 0.2126258 2.127796982279792e-05 0.7175266 0.003160561502009234 0.0305853 7.052837726769424e-05 0.0009948396 4.597598856797139e-06 0.17094 0.0009033485263173063 462.49940000000004 0.09444515869752655 214001.8 87.58556959187068 1.038464 0.007635856782312875 
0.86 0.0 0.21259619999999999 3.330633576331906e-05 0.72234 0.002141317706461465 0.032349460000000003 3.458705653804453e-05 0.001110012 2.4671998702902837e-06 0.1829382 0.0011876569336304586 463.6929999999999 0.041000488019846765 215109.8 38.002526249484696 1.064656 0.0035017922268431997 
0.8699999999999999 6.664001874625056e-09 0.2124354 3.4023051026847985e-05 0.7275 0.0024470331587449034 0.034267759999999994 4.649637061179569e-05 0.001241312 3.3182831705551176e-06 0.1930144 0.0010766952995156253 465.062 0.05298679079523247 216382.6 49.1060892373146 1.07281 0.0026770745226722776 
0.8800000000000001 6.664001874625056e-09 0.2123696 1.9808281076418316e-05 0.7240808000000001 0.0036588541528707434 0.036251479999999996 5.144223478879227e-05 0.001386718 3.7875072541250005e-06 0.20889600000000003 0.0010640057142690292 466.36199999999997 0.05960402673019415 217595.8 55.3869298755365 1.09691 0.008556722269651821 
0.89 0.0 0.21223400000000003 3.793573508952023e-05 0.724035 0.003900864591346439 0.038446020000000004 3.417099822879099e-05 0.0015540999999999999 2.540105509631442e-06 0.2188844 0.0006756648636709447 467.9102 0.05886961869952532 219044.4 55.27791602052987 1.1152080000000002 0.002271859854810621 
0.9 4.712160915387242e-09 0.21202559999999998 3.829005095761137e-05 0.7246402 0.0031221664965244414 0.04067094 4.3891991068245134e-05 0.001735646 3.6303637283355217e-06 0.23475100000000002 0.0012615546916406267 469.40160000000003 0.05717663859596809 220444.6 53.35511221305394 1.137012 0.006999712222659574 
0.9099999999999999 6.664001874625056e-09 0.2117204 3.971961733359959e-05 0.724408 0.002463001079977124 0.04317294000000001 2.804594230768146e-05 0.001951988 2.4214729401689095e-06 0.2536634 0.0010839435262062623 471.18179999999995 0.03568237676487026 222122.6 34.33086075505689 1.169942 0.007546809339051014 
0.9200000000000002 6.664001874625056e-09 0.2115276 3.6233244400095624e-05 0.7277064000000001 0.004253426163457092 0.045694599999999995 7.044607015341262e-05 0.00218118 6.6451130916015334e-06 0.2683014 0.001143699107282724 472.8866 0.08294894817001425 223734.6 78.42224174029172 1.1916799999999999 0.0032643394431443877 
0.93 0.0 0.21119439999999998 2.6493168966472966e-05 0.7285028 0.005382885578571384 0.04860302 0.00011983868290333992 0.002463804 1.2052896282631449e-05 0.29225619999999997 0.0014938841026009805 474.879 0.09085857145664669 225628.4 86.50068208282208 1.2452260000000002 0.009644598737113345 
0.9399999999999998 4.712160915387242e-09 0.2107758 5.1351650395801686e-05 0.7279902 0.0038926294393368953 0.05145458000000001 8.112792564797153e-05 0.002755642 8.64237347029576e-06 0.31114559999999997 0.0017921539799921739 476.93019999999996 0.09466505170440714 227582.2 90.51912504831076 1.25394 0.0071371445270517545 
0.95 4.712160915387242e-09 0.2104842 2.9663984900120214e-05 0.7335798 0.004453789311584583 0.054718939999999994 9.045472060698052e-05 0.003110464 9.957755008044523e-06 0.3348384 0.002388064682540979 479.0828 0.0898289040422681 229644.6 86.66468715265508 1.298988 0.011530675400859948 
0.96 0.0 0.2099258 3.7686496255394015e-05 0.7388119999999999 0.0013184467528302112 0.058433120000000005 7.022415197002928e-05 0.0035400659999999993 9.475235342769335e-06 0.3617528 0.00442618888345266 481.73420000000004 0.05695078573456116 232196.2 55.245922922073795 1.3354380000000001 0.008392938174439379 
0.97 4.712160915387242e-09 0.2093452 1.3963953606487476e-05 0.7415229999999999 0.002291197259080556 0.061954680000000005 6.539446704351057e-05 0.003973884 9.391780491484594e-06 0.3901854 0.003924679549720752 484.15500000000003 0.06367165776263957 234541.0 62.625234528062435 1.393228 0.009932584920352996 
0.9800000000000001 6.664001874625056e-09 0.2087092 2.0917743668655563e-05 0.7481128 0.0011489040482148838 0.06605377999999999 0.00010823806132813905 0.004509934 1.4805795243733184e-05 0.42271859999999994 0.0040337946859018755 486.994 0.07194998254926666 237302.0 70.28968629457417 1.4250079999999998 0.012053637260182635 
0.99 0.0 0.2080504 3.670378726203964e-05 0.7487754 0.0031234168034407774 0.07036142 0.00014172455651759695 0.0051116519999999995 2.0210481914117696e-05 0.46315819999999996 0.0019507391296648912 489.91540000000003 0.09797166934185894 240163.4 96.02024786725079 1.492528 0.011653108220553366 
1.0 0.0 0.20724900000000002 2.8716545717650337e-05 0.7670011999999999 0.003308760364848361 0.07512269999999999 0.00012262154133848267 0.005815764 1.8608298922818727e-05 0.496138 0.003511783865787151 493.209 0.09026760216807406 243408.2 89.20511195498477 1.5507 0.009922935049667403 
1.01 0.0 0.20616379999999998 2.902881330026967e-05 0.7674372 0.0021251969772222625 0.0806241 0.00013003890187038742 0.006687782000000001 2.213106873150463e-05 0.539866 0.003991200972138606 497.04380000000003 0.09872604519035247 247212.6 98.8520510656098 1.6088239999999998 0.010173414215498278 
1.02 0.0 0.20513399999999998 2.0817300513330187e-05 0.7803818 0.0014775305181229474 0.08630408 0.00016329756250415108 0.007662038 3.0408579631405943e-05 0.614918 0.007622081673664247 500.95419999999996 0.12859654739968937 251128.8 130.27705861370063 1.733454 0.017996561804968076 
1.03 0.0 0.2037374 4.018019412952916e-05 0.793329 0.0028622022011021114 0.09286762 0.00013432847025219568 0.008855682 2.6335673661293525e-05 0.6658452 0.007499469236685248 505.58860000000004 0.10833304203016539 255803.4 109.4563291933741 1.8140899999999998 0.008683683550207301 
1.04 0.0 0.20230379999999998 4.133124731251346e-05 0.8149462 0.0033477400783254447 0.09971426 5.062107545348272e-05 0.010203239999999999 1.1410928095750908e-05 0.749606 0.004990650097932904 510.3406 0.06383453611401516 260646.0 65.22698828407111 1.946206 0.012712432214173989 
1.05 0.0 0.20063119999999998 1.7976429077528806e-05 0.8304332000000001 0.005421345614512451 0.1073318 4.5721242324809136e-05 0.011808740000000002 1.1080527062734691e-05 0.83115 0.0065932260449628015 515.5608 0.05171800490596049 266013.0 54.14277421216656 2.0411840000000003 0.018680033533154655 
1.06 0.0 0.1985552 2.784586146282883e-05 0.8600796 0.006342152988377583 0.1165454 8.373367303617027e-05 0.0139067 2.0921204554384924e-05 0.9327468 0.007778194306650984 521.9682 0.08303367990064775 272680.0 88.23423371220095 2.1943019999999995 0.018876164525674782 
1.07 0.0 0.1961228 4.5426335959673243e-05 0.8933772 0.004007173920856936 0.12646220000000002 0.0002439356308514812 0.016359859999999997 6.449936185752769e-05 1.056498 0.009603958100701547 528.9324 0.1847620307041484 280019.8 196.93255698520855 2.365114 0.016737824613729455 
1.08 0.0 0.19328620000000002 4.86048556962088e-05 0.9566402 0.0036928491157902435 0.1382202 9.95668217873515e-05 0.01954596 3.160280493860284e-05 1.2702639999999998 0.015333223170621638 537.1544 0.0742862570865313 288822.4 82.50750267361462 2.674952 0.027689918078601515 
1.09 0.0 0.1898492 4.298595119297555e-05 1.026464 0.0062956090094600575 0.1516344 0.00016907550975707084 0.023509360000000003 5.1610569459998175e-05 1.486818 0.007965880943119319 546.4424 0.132908269112382 298927.8 145.14913709740776 3.004676 0.025191469921389337 
1.1 0.0 0.1854516 9.300004301113138e-05 1.138588 0.01039998976922582 0.1684328 0.0003551652460474208 0.02899616 0.00012090202512776969 1.80255 0.02312098112105008 558.2982 0.2832348001376504 312077.0 318.5415514516445 3.4006679999999996 0.03827647950374811 
1.11 0.0 0.17972760000000002 7.933402800604763e-05 1.4072220000000002 0.019007876556836382 0.1894284 0.00031704518290354237 0.03675842 0.00012592658940827945 2.5195719999999997 0.0468031230069121 572.9638000000001 0.2213455939619691 328795.2 256.2415110779511 4.427079999999999 0.08110367365292803 
1.12 0.0 0.171628 0.00022094759559745857 1.8878680000000003 0.07435658638748593 0.2183388 0.000748196412715531 0.048982960000000006 0.00039013709446790283 3.7680279999999997 0.20007280079810996 593.2256 0.5494671309634725 352640.4 684.165161343528 6.084586 0.2998663553598526 
1.13 0.0 -0.1122744 9.395045502976057e-05 3.9132379999999998 0.03510778869709784 0.8723219999999999 0.0001284984048570391 0.7613996000000001 0.00022094498858504585 1.30749 0.013577485186881524 1024.836 0.08734300213230876 1050470.0 177.62882648939615 0.8856991999999998 0.007845587174460263 
1.14 0.0 -0.1292492 0.00012898043262177323 3.5312840000000003 0.01932606335495394 0.8845797999999998 0.0001566114685682919 0.7828536 0.0002747136108251812 1.07085 0.00799870939589346 1031.248 0.10659831145540664 1063622.0 218.529631858016 0.7452264000000002 0.00559292518526343 
1.15 0.0 -0.1443896 0.0001544265780217319 3.246962 0.029581828936022424 0.8939400000000001 0.00022628972571432207 0.7994424 0.0004018884024336857 0.9039178 0.008519652140317633 1035.8120000000001 0.15378946624380205 1073042.0 319.9424948330559 0.6470294 0.004885137685674652 
1.16 0.0 -0.1597 0.00012747015336723563 3.047392 0.013312095372258316 0.902789 0.00012174892191487804 0.8152975999999998 0.00021949389073114815 0.7777612 0.0030934441051999797 1040.298 0.08860699768397068 1082340.0 183.45571672749801 0.5829314 0.004672823228840892 
1.17 0.0 -0.17402279999999998 4.6089825356125166e-05 2.891036 0.01772768063791539 0.9101305999999999 4.515980536093953e-05 0.8285768000000001 8.174565407813991e-05 0.688881 0.002709903275028545 1043.922 0.037672270393234814 1089888.0 79.3674996456358 0.5352982000000001 0.0020443891292935804 
1.18 0.0 -0.1879088 0.00011552710504956552 2.758914 0.03565982093056711 0.9166751999999999 0.00015047960669107777 0.8405050000000001 0.0002734201162807042 0.6089135999999999 0.0072970555135617 1047.032 0.08887744388501413 1096380.0 183.23755073674172 0.4949238 0.006171615246594082 
1.19 0.0 -0.20142880000000002 7.855566178166783e-05 2.6772940000000003 0.017120552934989482 0.9224684 5.945256938336383e-05 0.85114 0.00010926957493090865 0.5536142 0.004190444113934 1049.8139999999999 0.05568482739484585 1102210.0 117.20068259186888 0.4657978 0.00353888248349629 
