0 0.238872 0.543833 0.0011349 3.26817e-06 0.00456234 424.725 180468 0.723379
0.01 0.239032 0.547607 0.00117222 3.39808e-06 0.00466323 424.462 180243 0.708974
0.02 0.239209 0.558386 0.00122474 3.61825e-06 0.00488049 424.331 180134 0.725458
0.03 0.239179 0.552209 0.00127535 3.86466e-06 0.00515669 424.522 180296 0.723716
0.04 0.238953 0.542424 0.00132813 4.10337e-06 0.0053901 424.654 180408 0.729669
0.05 0.239397 0.548583 0.00139601 4.37795e-06 0.00559669 424.333 180135 0.717705
0.06 0.239414 0.554516 0.00145052 4.63897e-06 0.00584055 424.33 180132 0.710169
0.07 0.239255 0.538148 0.00149679 4.8688e-06 0.00605588 424.432 180219 0.716487
0.08 0.239455 0.558058 0.00156059 5.18663e-06 0.00633874 424.282 180090 0.705226
0.09 0.239425 0.553011 0.00163655 5.57319e-06 0.00666987 424.332 180134 0.724378
0.1 0.239319 0.541394 0.00166172 5.64161e-06 0.00663621 424.224 180042 0.720536
0.11 0.239874 0.550769 0.00176293 6.2185e-06 0.00716675 423.98 179836 0.722089
0.12 0.239671 0.566162 0.00182682 6.51177e-06 0.00731403 424.11 179947 0.730639
0.13 0.239775 0.560259 0.00189905 7.00036e-06 0.00781974 423.975 179832 0.721796
0.14 0.239731 0.556952 0.00194722 7.23048e-06 0.00792301 423.982 179838 0.731368
0.15 0.23999 0.557926 0.00207561 7.91634e-06 0.00831327 423.801 179684 0.717301
0.16 0.239856 0.563678 0.00215556 8.42888e-06 0.00871479 423.964 179823 0.72622
0.17 0.240163 0.561448 0.00222214 8.89561e-06 0.0091186 423.832 179711 0.730061
0.18 0.240101 0.561061 0.00234236 9.63059e-06 0.00954763 423.738 179629 0.712743
0.19 0.240363 0.564932 0.002425 1.02545e-05 0.0100774 423.478 179411 0.72569
0.2 0.240188 0.568447 0.0025388 1.09461e-05 0.0103693 423.708 179607 0.741223
0.21 0.240428 0.567667 0.00264418 1.16722e-05 0.0107838 423.479 179413 0.73585
0.22 0.240555 0.567518 0.00275 1.23933e-05 0.0111302 423.408 179352 0.735459
0.23 0.240466 0.570542 0.00286172 1.32464e-05 0.0116513 423.448 179387 0.738908
0.24 0.240784 0.562753 0.00297491 1.40735e-05 0.0120347 423.196 179173 0.739362
0.25 0.240799 0.556816 0.00309583 1.50195e-05 0.0125229 423.124 179111 0.724126
0.26 0.240781 0.566244 0.00321563 1.61012e-05 0.0132733 423.19 179167 0.731806
0.27 0.240922 0.569052 0.00337917 1.7425e-05 0.0138384 422.991 179000 0.740836
0.28 0.240951 0.555499 0.00352943 1.87646e-05 0.0145331 422.957 178970 0.727614
0.29 0.241025 0.567974 0.00363203 1.96631e-05 0.0149103 422.975 178986 0.736827
0.3 0.241221 0.571931 0.00382474 2.14577e-05 0.0157342 422.808 178843 0.722822
0.31 0.241423 0.57297 0.0039355 2.24493e-05 0.0160385 422.648 178709 0.730978
0.32 0.241429 0.575111 0.00407674 2.38221e-05 0.0165941 422.646 178707 0.734254
0.33 0.241635 0.588694 0.00430981 2.62257e-05 0.0176284 422.446 178539 0.740336
0.34 0.241722 0.575473 0.00443958 2.77564e-05 0.0185391 422.259 178381 0.744094
0.35 0.241874 0.576246 0.0046421 2.97621e-05 0.0189228 422.171 178308 0.74766
0.36 0.241825 0.59054 0.00483151 3.17867e-05 0.0194531 422.007 178170 0.757677
0.37 0.24226 0.585387 0.0050783 3.48193e-05 0.0208055 421.785 177981 0.743139
0.38 0.242389 0.574684 0.00526866 3.69769e-05 0.0212385 421.679 177891 0.743224
0.39 0.242589 0.588616 0.00548984 3.9978e-05 0.0226705 421.519 177757 0.750144
0.4 0.242574 0.60375 0.00572977 4.28619e-05 0.0231128 421.407 177665 0.775245
0.41 0.242761 0.585092 0.00596094 4.62384e-05 0.0246658 421.228 177513 0.761305
0.42 0.242803 0.596097 0.00621484 4.97289e-05 0.025585 421.176 177469 0.75058
0.43 0.243145 0.582505 0.00651823 5.40136e-05 0.0265565 420.925 177257 0.749577
0.44 0.243242 0.583972 0.00677648 5.79407e-05 0.0276944 420.61 176991 0.749035
0.45 0.243368 0.597317 0.00698854 6.1452e-05 0.0290587 420.53 176924 0.74723
0.46 0.243485 0.589707 0.00732344 6.69681e-05 0.0307246 420.441 176850 0.75687
0.47 0.243526 0.609398 0.00756753 7.07517e-05 0.0310673 420.279 176716 0.776614
0.48 0.243925 0.605743 0.00797769 7.80389e-05 0.033167 419.791 176305 0.765938
0.49 0.244019 0.591602 0.00829332 8.37096e-05 0.0344 419.771 176286 0.749635
0.5 0.244147 0.593618 0.00862483 9.01837e-05 0.0363942 419.505 176065 0.771368
0.51 0.24443 0.598192 0.0090276 9.77521e-05 0.0374503 419.227 175833 0.780702
0.52 0.244567 0.607948 0.00945712 0.000107095 0.0406828 419.034 175671 0.778192
0.53 0.245005 0.608259 0.00986615 0.000115481 0.0417941 418.525 175245 0.778644
0.54 0.24517 0.602541 0.0103492 0.000125891 0.0432794 418.281 175040 0.781661
0.55 0.245356 0.607925 0.0107188 0.000134495 0.0451661 418.059 174854 0.779258
0.56 0.245594 0.619238 0.0112194 0.00014678 0.0481679 417.66 174523 0.792963
0.57 0.245748 0.618939 0.0115408 0.000154713 0.0495892 417.285 174211 0.800116
0.58 0.246013 0.605352 0.0121111 0.000168557 0.0504064 416.921 173905 0.785343
0.59 0.246228 0.625848 0.0126702 0.000184124 0.0543501 416.712 173733 0.808419
0.6 0.246248 0.624211 0.0132091 0.000199382 0.0573718 416.519 173572 0.803357
0.61 0.246851 0.608801 0.0137495 0.000214386 0.0583774 415.881 173041 0.81498
0.62 0.246923 0.622353 0.0143909 0.000233873 0.0616906 415.484 172711 0.803581
0.63 0.247399 0.630233 0.0151549 0.00025798 0.0652269 415.019 172327 0.830427
0.64 0.247636 0.627292 0.0158306 0.000280187 0.068154 414.481 171879 0.818067
0.65 0.247867 0.615196 0.0164802 0.000302583 0.0713906 414.151 171606 0.823304
0.66 0.247924 0.625813 0.0171622 0.000327135 0.0750998 413.736 171264 0.836739
0.67 0.248132 0.638156 0.0178376 0.000351492 0.0767523 413.3 170905 0.84932
0.68 0.248533 0.634202 0.0185936 0.000381089 0.0814878 412.768 170466 0.860608
0.69 0.248974 0.647514 0.0196113 0.00042165 0.0853585 411.937 169780 0.856998
0.7 0.249232 0.64143 0.0205038 0.000460036 0.0913068 411.509 169428 0.860095
0.71 0.249548 0.648397 0.0214133 0.000500689 0.0971365 410.937 168960 0.883664
0.72 0.250067 0.633031 0.0225155 0.00055078 0.100995 410.034 168216 0.857084
0.73 0.250191 0.63761 0.0233253 0.000589269 0.104134 409.54 167812 0.871682
0.74 0.250721 0.633332 0.0247117 0.000659595 0.112727 408.761 167178 0.906621
0.75 0.250952 0.645542 0.0257282 0.000713061 0.11778 407.947 166512 0.895273
0.76 0.251462 0.660553 0.027092 0.000788532 0.125694 407.105 165830 0.933138
0.77 0.251689 0.653565 0.0281417 0.00084927 0.132057 406.322 165190 0.914648
0.78 0.25187 0.651067 0.0295305 0.000931733 0.137514 405.585 164594 0.936886
0.79 0.252576 0.655288 0.0309889 0.00102507 0.149209 404.341 163590 0.970246
0.8 0.252645 0.653062 0.032369 0.00111497 0.154869 403.614 163005 0.993725
0.81 0.253242 0.666805 0.0342595 0.00124738 0.169737 402.332 161971 0.993511
0.82 0.253783 0.660035 0.0358858 0.00136317 0.173672 401.218 161076 0.995926
0.83 0.254188 0.667653 0.0375771 0.00149304 0.186633 400.128 160205 1.01825
0.84 0.25436 0.648411 0.0394725 0.00164068 0.190311 398.993 159296 1.01148
0.85 0.254844 0.661549 0.041366 0.00180265 0.210829 397.654 158232 1.03942
0.86 0.255286 0.665171 0.0437001 0.00200674 0.223584 396.188 157072 1.08048
0.87 0.255639 0.648896 0.0461279 0.00223147 0.238908 394.71 155903 1.08599
0.88 0.256086 0.686411 0.0483918 0.00245244 0.25498 393.248 154757 1.142
0.89 0.25641 0.686264 0.0508444 0.00270543 0.277119 391.792 153616 1.17114
0.9 0.257221 0.675397 0.0538014 0.00301952 0.287841 389.688 151970 1.15973
0.91 0.257558 0.672758 0.0570227 0.00338498 0.307328 387.845 150539 1.18997
0.92 0.258147 0.673207 0.0603951 0.00379389 0.337134 385.622 148822 1.22108
0.93 0.258683 0.689109 0.0639409 0.00425119 0.374974 383.521 147213 1.30391
0.94 0.258877 0.676371 0.0675788 0.0047412 0.401597 381.162 145410 1.31965
0.95 0.259333 0.683491 0.0715112 0.00530551 0.441576 378.915 143709 1.40282
0.96 0.260313 0.695623 0.0768182 0.00611436 0.491498 375.493 141132 1.45999
0.97 0.260573 0.691172 0.0815176 0.006882 0.545776 372.798 139123 1.55102
0.98 0.261471 0.716388 0.0879632 0.00802155 0.6544 368.802 136173 1.70961
0.99 0.262011 0.706837 0.0946127 0.00925443 0.69781 364.933 133337 1.76172
1 0.262665 0.695642 0.101329 0.0106176 0.806537 361.034 130516 1.88929
1.01 0.263511 0.752943 0.110824 0.0126962 0.954393 355.676 126696 2.149
1.02 0.26426 0.742142 0.12059 0.0150781 1.23559 350.119 122803 2.51169
1.03 0.265523 0.761508 0.134663 0.0187603 1.44294 342.169 117319 2.79723
1.04 0.20464 4.7042 0.831598 0.732615 94.6015 138.984 22621.4 95.115
1.05 0.187023 1.43268 0.897732 0.806163 0.552732 121.379 14739.4 0.215123
1.06 0.17476 1.4326 0.903644 0.816792 0.507129 120.826 14605.2 0.206957
1.07 0.162835 1.43655 0.908637 0.825824 0.466882 120.418 14506.4 0.196827
1.08 0.151458 1.41348 0.913062 0.833875 0.443704 120.029 14412.9 0.199815
1.09 0.139738 1.43378 0.917176 0.841393 0.416095 119.695 14332.5 0.188961
1.1 0.128053 1.39199 0.921243 0.848856 0.383996 119.398 14261.4 0.183359
1.11 0.116706 1.38232 0.924944 0.855681 0.365755 119.066 14182.1 0.180482
1.12 0.104678 1.38755 0.928718 0.862665 0.340276 118.804 14119.6 0.176261
1.13 0.0931572 1.38033 0.932048 0.868853 0.322193 118.567 14063.1 0.172465
1.14 0.081856 1.36436 0.935163 0.87466 0.301791 118.302 14000.5 0.170694
1.15 0.0706185 1.3825 0.937939 0.879859 0.297494 118.101 13952.9 0.169212
1.16 0.0591246 1.36539 0.940972 0.885547 0.274794 117.865 13897 0.163282
1.17 0.0480344 1.37395 0.943255 0.889843 0.260543 117.723 13863.4 0.158832
1.18 0.0366511 1.35881 0.945969 0.894966 0.251266 117.499 13810.7 0.159718
1.19 0.0250488 1.3403 0.948684 0.900104 0.234783 117.306 13765.3 0.160027
1.2 0.0142074 1.354 0.950626 0.903786 0.222928 117.18 13735.7 0.156796
1.21 0.00289088 1.30374 0.952933 0.908171 0.206998 117.012 13696.4 0.155924
1.22 -0.00829375 1.305 0.955018 0.912147 0.200456 116.867 13662.4 0.155245
1.23 -0.0193401 1.30356 0.956955 0.915846 0.19369 116.72 13628.2 0.155131
1.24 -0.0302504 1.30898 0.95855 0.918897 0.180686 116.62 13604.6 0.151806
1.25 -0.0416555 1.28505 0.960557 0.922743 0.170278 116.506 13577.9 0.149195
1.26 -0.0522922 1.27642 0.962067 0.925645 0.168209 116.369 13546.1 0.150072
1.27 -0.0634641 1.27049 0.96386 0.929096 0.159507 116.237 13515.3 0.149253
1.28 -0.074341 1.25858 0.965297 0.931864 0.149724 116.184 13503 0.151742
1.29 -0.0852567 1.25883 0.966701 0.934572 0.142151 116.084 13479.8 0.149216
1.3 -0.0961299 1.24581 0.968098 0.937273 0.136461 115.964 13451.8 0.144597
1.31 -0.107105 1.24754 0.969562 0.940107 0.13032 115.868 13429.6 0.142346
1.32 -0.117863 1.23219 0.970814 0.942532 0.12188 115.796 13412.8 0.141508
1.33 -0.128891 1.22952 0.972041 0.944916 0.11868 115.713 13393.8 0.14571
1.34 -0.139713 1.21756 0.973267 0.947298 0.112548 115.641 13377 0.142014
1.35 -0.150339 1.21637 0.974221 0.949154 0.109565 115.597 13366.8 0.143261
1.36 -0.161045 1.22588 0.975369 0.95139 0.104473 115.522 13349.5 0.142208
1.37 -0.171734 1.21623 0.976267 0.953141 0.100057 115.47 13337.5 0.143315
1.38 -0.182733 1.18245 0.97741 0.955371 0.0954723 115.379 13316.4 0.141152
1.39 -0.19334 1.1902 0.9782 0.956915 0.0926816 115.353 13310.4 0.141396
1.4 -0.203969 1.17442 0.979186 0.958843 0.0865519 115.28 13293.5 0.139565
1.41 -0.21452 1.18934 0.979874 0.96019 0.0848206 115.233 13282.8 0.13882
1.42 -0.225364 1.17187 0.980815 0.962032 0.0792217 115.184 13271.4 0.138425
1.43 -0.235816 1.1352 0.981587 0.963546 0.0753967 115.118 13256.2 0.135983
1.44 -0.246416 1.1618 0.982338 0.96502 0.0735183 115.059 13242.5 0.138379
1.45 -0.256952 1.14326 0.983037 0.966392 0.0697057 115.029 13235.7 0.13801
1.46 -0.267435 1.15955 0.983676 0.967647 0.0678872 115.013 13231.9 0.139169
1.47 -0.278262 1.12711 0.984421 0.969112 0.0645935 114.96 13219.7 0.138522
1.48 -0.288841 1.12077 0.985059 0.970369 0.0623137 114.933 13213.6 0.138356
1.49 -0.299283 1.11296 0.985665 0.97156 0.0594635 114.884 13202.3 0.136241
1.5 -0.309635 1.11813 0.986218 0.97265 0.057676 114.847 13193.8 0.137114
1.51 -0.320238 1.09238 0.986797 0.973792 0.0548494 114.792 13181 0.134131
1.52 -0.330908 1.10205 0.987395 0.974971 0.0514669 114.781 13178.6 0.137222
1.53 -0.341184 1.09571 0.987839 0.975849 0.0503082 114.752 13171.8 0.13503
1.54 -0.351549 1.10057 0.988324 0.976805 0.0482771 114.72 13164.6 0.13683
1.55 -0.361945 1.08016 0.988746 0.977638 0.04695 114.685 13156.6 0.133507
1.56 -0.372439 1.06699 0.989259 0.978652 0.0434521 114.674 13154 0.138336
1.57 -0.382804 1.04208 0.989658 0.979441 0.0422852 114.651 13148.8 0.135735
1.58 -0.393314 1.07848 0.990072 0.98026 0.0413515 114.645 13147.5 0.136905
1.59 -0.403805 1.04116 0.990544 0.981195 0.0388683 114.61 13139.4 0.138537
1.6 -0.414013 1.04312 0.990876 0.981852 0.0381953 114.547 13124.9 0.136944
1.61 -0.424522 1.05209 0.991251 0.982595 0.0367354 114.557 13127.2 0.134927
1.62 -0.434709 1.02729 0.991577 0.98324 0.0340505 114.56 13128 0.135241
1.63 -0.445026 1.01457 0.99191 0.983899 0.0328465 114.516 13117.8 0.136207
1.64 -0.455303 1.02335 0.992252 0.984578 0.0309153 114.461 13105.3 0.136255
1.65 -0.465631 1.03376 0.992512 0.985093 0.0303552 114.473 13108 0.133747
1.66 -0.47598 1.01745 0.992834 0.985732 0.0292795 114.469 13106.9 0.13422
1.67 -0.486329 1.01633 0.99316 0.986379 0.0280975 114.454 13103.6 0.133682
1.68 -0.496528 1.0114 0.993313 0.986682 0.0270273 114.443 13100.9 0.133141
1.69 -0.50683 1.01293 0.993699 0.987448 0.0254834 114.393 13089.7 0.134385
1.7 -0.517188 0.984474 0.993946 0.987939 0.0244975 114.412 13093.8 0.132422
1.71 -0.527455 0.983761 0.994147 0.988339 0.0234897 114.405 13092.2 0.131119
1.72 -0.537746 0.983649 0.994384 0.988809 0.0225941 114.389 13088.5 0.132196
1.73 -0.547947 0.985401 0.994625 0.989288 0.0216322 114.351 13079.9 0.134578
1.74 -0.558131 1.00636 0.994817 0.98967 0.0208437 114.347 13078.9 0.133656
1.75 -0.568318 0.98922 0.995041 0.990116 0.0200784 114.32 13072.7 0.131999
1.76 -0.578501 0.976502 0.995199 0.99043 0.019309 114.326 13074.3 0.134629
1.77 -0.588848 0.978798 0.995401 0.990831 0.018563 114.309 13070.2 0.133149
1.78 -0.598996 0.966955 0.99556 0.991148 0.0178438 114.292 13066.5 0.13269
1.79 -0.609186 0.972383 0.995772 0.99157 0.0169805 114.293 13066.6 0.132734
1.8 -0.61934 0.973501 0.995916 0.991856 0.0162528 114.294 13067 0.135785
1.81 -0.629608 0.968919 0.996107 0.992235 0.0155614 114.262 13059.6 0.135164
1.82 -0.639909 0.960381 0.996292 0.992605 0.0149709 114.26 13059.1 0.134073
1.83 -0.650001 0.959894 0.996393 0.992805 0.0145279 114.251 13057.1 0.132851
1.84 -0.660073 0.947273 0.996528 0.993074 0.0140764 114.24 13054.6 0.132249
1.85 -0.67023 0.94928 0.996665 0.993347 0.0134355 114.246 13055.9 0.132717
1.86 -0.680475 0.941152 0.996795 0.993606 0.0129911 114.251 13056.9 0.131698
1.87 -0.69064 0.941254 0.996982 0.993979 0.0120304 114.19 13043.2 0.132482
1.88 -0.700902 0.936795 0.997074 0.994161 0.0116263 114.211 13047.8 0.132549
1.89 -0.710821 0.950312 0.997177 0.994367 0.011568 114.171 13038.9 0.132919
1.9 -0.721168 0.94106 0.997319 0.99465 0.010651 114.195 13044.2 0.134379
1.91 -0.7312 0.928061 0.997384 0.994779 0.010374 114.196 13044.4 0.132335
1.92 -0.741217 0.935306 0.997489 0.994989 0.0102384 114.185 13042 0.131961
1.93 -0.751603 0.937458 0.997613 0.995235 0.00966684 114.237 13054 0.134204
1.94 -0.761624 0.911298 0.997679 0.995367 0.00915485 114.17 13038.5 0.132341
1.95 -0.771708 0.935596 0.997784 0.995577 0.00885157 114.171 13038.9 0.133422
1.96 -0.781794 0.918753 0.997845 0.995699 0.00856212 114.155 13035.2 0.133002
1.97 -0.79194 0.924114 0.997956 0.99592 0.0082338 114.164 13037.2 0.132054
1.98 -0.801976 0.918908 0.998037 0.99608 0.00779793 114.157 13035.6 0.129839
1.99 -0.812127 0.903935 0.998095 0.996198 0.0078155 114.153 13034.7 0.130671
