1 0.385918 0.490042 0.307423 0.09522 0.409583 644.163 415589 0.999307
0.99 0.380341 0.50911 0.309178 0.0963053 0.415401 646.31 418351 0.990751
0.98 0.375752 0.5183 0.309732 0.0966974 0.448744 647.042 419349 1.08106
0.97 0.370935 0.534117 0.310937 0.0974239 0.440652 648.314 420973 1.05236
0.96 0.364477 0.552024 0.313871 0.099295 0.467875 651.5 425162 1.13546
0.95 0.360181 0.554747 0.313758 0.0992125 0.466099 651.329 424916 1.11063
0.94 0.353727 0.555283 0.316199 0.10077 0.483026 653.76 428094 1.12533
0.93 0.348394 0.587421 0.317814 0.101799 0.491253 655.764 430719 1.13669
0.92 0.342889 0.606632 0.31894 0.102575 0.533347 656.874 432229 1.23295
0.91 0.335817 0.617217 0.323273 0.105324 0.518297 661.266 437987 1.18573
0.9 0.329569 0.639762 0.325117 0.106552 0.544758 662.986 440287 1.23427
0.89 0.323069 0.645345 0.327839 0.108302 0.533388 665.81 444012 1.19664
0.88 0.317546 0.68393 0.329146 0.109188 0.556857 667.12 445773 1.23255
0.87 0.30917 0.710441 0.333717 0.112237 0.575684 671.467 451603 1.25751
0.86 0.301924 0.713215 0.337046 0.114454 0.572058 674.972 456306 1.23924
0.85 0.294499 0.788132 0.340513 0.116888 0.636262 678.187 460729 1.37367
0.84 0.286609 0.787667 0.344178 0.119389 0.638423 681.794 465627 1.36886
0.83 0.278094 0.844573 0.348623 0.122532 0.689527 685.864 471243 1.46332
0.82 0.270667 0.873842 0.351939 0.124829 0.680232 688.735 475153 1.41091
0.81 0.261824 0.943749 0.357166 0.128581 0.720661 693.637 481966 1.48414
0.8 0.2515 0.995117 0.363246 0.133009 0.764066 699.206 489768 1.57078
0.79 0.23939 1.07816 0.370838 0.138604 0.789621 706.396 499879 1.58191
0.78 0.229417 1.19139 0.376687 0.143057 0.859674 711.806 507618 1.71334
0.77 0.217747 1.27485 0.384011 0.14865 0.886415 718.163 516713 1.72586
0.76 0.204173 1.32048 0.393121 0.155712 0.884834 726.433 528637 1.68945
0.75 0.190208 1.45966 0.402276 0.163062 0.949478 734.661 540708 1.78083
0.74 0.173553 1.62574 0.413767 0.172483 0.996458 744.862 555806 1.7892
0.73 0.154732 1.98374 0.427041 0.183893 1.20681 756.516 573509 2.15913
0.72 0.136429 2.01758 0.439416 0.194501 1.1315 767.201 589684 1.96799
0.71 0.114122 2.52265 0.455301 0.208913 1.30953 781.164 611439 2.20309
0.7 0.0862024 2.90272 0.47503 0.227375 1.4164 798.167 638365 2.31765
0.69 0.0533206 3.44012 0.497872 0.24973 1.54767 817.566 669790 2.43726
0.68 0.0201965 3.96355 0.520021 0.272329 1.61571 836.342 700849 2.42985
0.67 -0.0227872 4.80904 0.54872 0.303075 1.70342 860.555 741973 2.45843
0.66 -0.0727922 5.99962 0.580201 0.338819 1.90707 886.733 787861 2.67536
0.65 -0.134816 6.63118 0.618867 0.385106 1.8696 918.743 845554 2.45293
0.64 -0.206077 7.17552 0.66043 0.438059 1.70219 953.125 909743 2.12641
0.63 -0.272694 7.55668 0.696656 0.487044 1.56692 982.367 966205 1.87364
0.62 -0.352415 6.47514 0.737297 0.544861 1.16418 1015.04 1.03113e+06 1.32785
0.61 -0.410432 6.71459 0.764228 0.585181 1.07291 1036.17 1.07441e+06 1.18932
0.6 -0.470401 5.42323 0.791146 0.626714 0.770768 1057.3 1.11841e+06 0.830766
0.59 -0.528769 5.19413 0.815826 0.666246 0.658419 1076.33 1.15894e+06 0.702988
0.58 -0.576069 4.73703 0.834656 0.697208 0.554703 1090.63 1.18983e+06 0.585121
0.57 -0.620906 4.31415 0.851494 0.725502 0.464628 1103.28 1.21753e+06 0.495371
0.56 -0.663196 3.83509 0.866711 0.751559 0.38109 1114.64 1.24267e+06 0.408799
0.55 -0.700114 3.67933 0.879532 0.773899 0.338551 1124.28 1.26423e+06 0.368845
0.54 -0.737023 3.4176 0.89192 0.795796 0.292567 1133.31 1.2846e+06 0.32836
0.53 -0.768951 3.15202 0.902129 0.814076 0.259666 1140.71 1.30141e+06 0.297791
0.52 -0.799159 3.12532 0.911513 0.831068 0.234859 1147.4 1.3167e+06 0.277813
0.51 -0.829349 2.79831 0.920326 0.847179 0.201839 1154.06 1.332e+06 0.252285
0.5 -0.857184 2.67143 0.928177 0.861669 0.179988 1159.75 1.34515e+06 0.236282
0.49 -0.88331 2.56858 0.935416 0.875144 0.165753 1165.06 1.35749e+06 0.223573
0.48 -0.909302 2.45416 0.942261 0.887977 0.146192 1170.2 1.36949e+06 0.212193
0.47 -0.932184 2.33264 0.948079 0.898961 0.130854 1174.5 1.37957e+06 0.202664
0.46 -0.955297 2.18424 0.953666 0.909571 0.115288 1178.7 1.38944e+06 0.190766
0.45 -0.976915 2.16095 0.958643 0.919079 0.10669 1182.59 1.39862e+06 0.18807
0.44 -0.997946 2.01969 0.963389 0.928189 0.0923217 1186.2 1.40715e+06 0.181565
0.43 -1.01728 2.00669 0.967505 0.93613 0.0847982 1189.53 1.41507e+06 0.175516
0.42 -1.03753 1.89129 0.971581 0.944025 0.0752514 1192.94 1.42318e+06 0.168404
0.41 -1.05551 1.78835 0.974996 0.950663 0.0657656 1195.82 1.43006e+06 0.164449
0.4 -1.0728 1.73502 0.97819 0.956896 0.0576753 1198.63 1.4368e+06 0.164029
0.39 -1.09055 1.70709 0.981177 0.962744 0.0518415 1201.49 1.44365e+06 0.158022
0.38 -1.10681 1.58072 0.983785 0.967862 0.0440492 1204.07 1.44985e+06 0.155487
0.37 -1.12277 1.55127 0.986134 0.972485 0.0390849 1206.39 1.45545e+06 0.151786
0.36 -1.1378 1.52244 0.988229 0.976618 0.0341375 1208.61 1.46081e+06 0.151372
0.35 -1.15246 1.41769 0.990136 0.980387 0.0293642 1210.82 1.46616e+06 0.151239
0.34 -1.16666 1.37666 0.991748 0.983578 0.0250553 1212.9 1.4712e+06 0.147364
0.33 -1.18015 1.35009 0.993187 0.986432 0.0212334 1214.86 1.47594e+06 0.144735
0.32 -1.19364 1.30103 0.99443 0.988902 0.017755 1216.68 1.48036e+06 0.142442
0.31 -1.20657 1.2747 0.995475 0.990978 0.014709 1218.56 1.48495e+06 0.144834
0.3 -1.21945 1.22045 0.996429 0.992878 0.012131 1220.32 1.48922e+06 0.14273
0.29 -1.23148 1.2039 0.997179 0.994371 0.00981337 1221.99 1.4933e+06 0.13948
0.28 -1.24334 1.18582 0.997831 0.99567 0.00776522 1223.6 1.49725e+06 0.141738
0.27 -1.25527 1.16574 0.998361 0.996728 0.00614074 1225.26 1.50132e+06 0.141498
0.26 -1.26653 1.16124 0.998781 0.997565 0.00470336 1226.72 1.50488e+06 0.141008
0.25 -1.27785 1.11641 0.999114 0.99823 0.00358534 1228.17 1.50843e+06 0.138544
0.24 -1.28921 1.0789 0.999372 0.998745 0.00258898 1229.67 1.51213e+06 0.139454
0.23 -1.29995 1.07666 0.999596 0.999192 0.00175486 1231.09 1.51562e+06 0.140681
0.22 -1.3106 1.08598 0.999726 0.999453 0.00125182 1232.45 1.51898e+06 0.137864
0.21 -1.32111 1.0669 0.999819 0.999639 0.000862291 1233.87 1.52247e+06 0.136411
0.2 -1.33193 1.05883 0.999888 0.999777 0.000556881 1235.29 1.52599e+06 0.137453
0.19 -1.34229 1.05571 0.99994 0.999879 0.000314715 1236.57 1.52913e+06 0.137353
0.18 -1.35282 1.03912 0.999964 0.999928 0.000201267 1237.94 1.53252e+06 0.135733
0.17 -1.36333 1.0371 0.999981 0.999962 0.000110601 1239.37 1.53606e+06 0.136342
0.16 -1.37344 1.02794 0.999991 0.999983 5.29079e-05 1240.64 1.53921e+06 0.135116
0.15 -1.38388 1.04759 0.999997 0.999994 2.13724e-05 1242.01 1.54263e+06 0.138848
0.14 -1.39415 1.01903 0.999999 0.999998 8.05528e-06 1243.33 1.5459e+06 0.134901
0.13 -1.40442 1.02687 1 0.999999 3.33784e-06 1244.7 1.54931e+06 0.133429
0.12 -1.41475 1.02705 1 1 7.23343e-07 1246 1.55253e+06 0.13704
0.11 -1.42491 1.03522 1 1 0 1247.34 1.55587e+06 0.133775
0.1 -1.4351 1.02778 1 1 0 1248.64 1.55911e+06 0.134154
0.09 -1.44529 1.02469 1 1 0 1249.95 1.56239e+06 0.1369
0.08 -1.45546 1.01744 1 1 0 1251.24 1.56562e+06 0.134681
0.07 -1.46562 1.00736 1 1 0 1252.6 1.56901e+06 0.133036
0.06 -1.47572 1.0067 1 1 0 1253.88 1.57221e+06 0.134351
0.05 -1.4858 1.00556 1 1 0 1255.18 1.57548e+06 0.134671
0.04 -1.49589 1.02664 1 1 0 1256.51 1.57883e+06 0.134596
0.03 -1.50592 1.00576 1 1 0 1257.77 1.582e+06 0.134497
0.02 -1.51597 1.02868 1 1 0 1259.08 1.5853e+06 0.133522
0.01 -1.526 1.00475 1 1 0 1260.38 1.58856e+06 0.136815
