3 -2.34351 1.04379 0.999962 0.999923 0.000152496 996.295 992633 0.115718
2.99 -2.33347 1.05714 0.999963 0.999926 0.000152375 996.319 992680 0.115323
2.98 -2.32356 1.097 0.999961 0.999923 0.000156632 996.424 992888 0.114401
2.97 -2.31356 1.04289 0.999961 0.999922 0.000156932 996.336 992714 0.11546
2.96 -2.3035 1.06672 0.999962 0.999923 0.000152858 996.356 992754 0.115698
2.95 -2.29347 1.07493 0.999958 0.999916 0.000164683 996.308 992658 0.115149
2.94 -2.28344 1.06049 0.99995 0.9999 0.000201184 996.363 992768 0.114875
2.93 -2.27352 1.05119 0.99995 0.9999 0.000205638 996.313 992668 0.115343
2.92 -2.26357 1.03391 0.999952 0.999904 0.000192299 996.31 992662 0.114185
2.91 -2.25335 1.05431 0.999948 0.999897 0.000208416 996.365 992772 0.115975
2.9 -2.24345 1.04489 0.999945 0.999891 0.000218435 996.324 992690 0.113971
2.89 -2.23344 1.05673 0.999946 0.999893 0.00021698 996.341 992723 0.114326
2.88 -2.22347 1.04 0.999942 0.999884 0.00023392 996.304 992651 0.115034
2.87 -2.21334 1.0864 0.999936 0.999872 0.00025235 996.299 992641 0.116292
2.86 -2.20348 1.07015 0.999937 0.999874 0.000256127 996.291 992624 0.112989
2.85 -2.19355 1.05366 0.999935 0.999869 0.000260269 996.382 992806 0.114707
2.84 -2.18328 1.05631 0.99993 0.999861 0.000277028 996.311 992664 0.114555
2.83 -2.17352 1.06502 0.999929 0.999858 0.00028416 996.426 992894 0.116256
2.82 -2.16342 1.04737 0.999928 0.999857 0.000288155 996.311 992665 0.115784
2.81 -2.15359 1.07941 0.999921 0.999842 0.000319903 996.33 992702 0.115936
2.8 -2.14337 1.04591 0.999921 0.999843 0.00031561 996.274 992590 0.115665
2.79 -2.13312 1.05973 0.999916 0.999832 0.000339915 996.333 992708 0.11479
2.78 -2.1234 1.06763 0.999916 0.999831 0.000336689 996.371 992784 0.11736
2.77 -2.11342 1.05645 0.999906 0.999811 0.000375977 996.339 992720 0.11407
2.76 -2.10343 1.05701 0.999907 0.999814 0.000373179 996.382 992807 0.116331
2.75 -2.0934 1.06391 0.999904 0.999809 0.000380614 996.34 992722 0.113334
2.74 -2.08323 1.0497 0.999891 0.999783 0.000435373 996.241 992524 0.115669
2.73 -2.07349 1.04296 0.999895 0.999791 0.000415805 996.393 992826 0.112578
2.72 -2.06314 1.05208 0.999891 0.999782 0.000437499 996.297 992637 0.116602
2.71 -2.05317 1.05886 0.999885 0.999771 0.000456857 996.296 992633 0.113137
2.7 -2.04308 1.05253 0.999878 0.999756 0.000489687 996.265 992572 0.114704
2.69 -2.03319 1.07086 0.999875 0.999751 0.000495053 996.271 992585 0.114881
2.68 -2.0233 1.06858 0.999879 0.999758 0.00048293 996.33 992702 0.115084
2.67 -2.01315 1.06284 0.999866 0.999732 0.000524584 996.265 992572 0.114296
2.66 -2.00314 1.06935 0.999868 0.999737 0.000523 996.291 992625 0.115948
2.65 -1.99317 1.05697 0.999852 0.999705 0.000598607 996.372 992786 0.113436
2.64 -1.98301 1.06256 0.999844 0.999688 0.000615118 996.283 992609 0.115145
2.63 -1.97324 1.06354 0.999841 0.999682 0.000646055 996.295 992633 0.115936
2.62 -1.96314 1.06866 0.99984 0.999681 0.000636489 996.348 992738 0.11388
2.61 -1.95324 1.07847 0.999815 0.999631 0.000733461 996.34 992722 0.114317
2.6 -1.94296 1.05878 0.999818 0.999635 0.000715653 996.282 992605 0.114364
2.59 -1.93329 1.08453 0.999819 0.999638 0.000732369 996.296 992633 0.112459
2.58 -1.92319 1.08385 0.999804 0.999609 0.000788185 996.329 992701 0.114614
2.57 -1.91315 1.07296 0.999796 0.999593 0.000805838 996.279 992600 0.115269
2.56 -1.90313 1.06065 0.999793 0.999587 0.000808604 996.292 992627 0.116926
2.55 -1.89314 1.0794 0.99979 0.99958 0.00085424 996.299 992641 0.115352
2.54 -1.88332 1.0495 0.999777 0.999555 0.000892375 996.325 992693 0.115038
2.53 -1.8729 1.07174 0.999756 0.999513 0.000968166 996.253 992548 0.114314
2.52 -1.86285 1.08996 0.999757 0.999514 0.000974861 996.319 992680 0.114581
2.51 -1.85316 1.05832 0.999747 0.999495 0.00101965 996.333 992708 0.1142
2.5 -1.84291 1.07312 0.999736 0.999472 0.00104584 996.28 992604 0.115789
2.49 -1.83291 1.06665 0.99972 0.99944 0.00112373 996.302 992647 0.113957
2.48 -1.82293 1.08376 0.999717 0.999434 0.00113981 996.266 992576 0.118376
2.47 -1.81274 1.09011 0.999699 0.999399 0.00120533 996.271 992584 0.116348
2.46 -1.80296 1.0606 0.999682 0.999365 0.00126879 996.305 992653 0.115786
2.45 -1.79261 1.08089 0.999672 0.999345 0.00131353 996.204 992450 0.113162
2.44 -1.78282 1.08589 0.999659 0.999319 0.00137727 996.286 992615 0.11589
2.43 -1.77263 1.07869 0.999644 0.999288 0.00140967 996.294 992630 0.115548
2.42 -1.76286 1.08085 0.999639 0.999279 0.00144449 996.287 992616 0.116666
2.41 -1.75244 1.08608 0.99962 0.99924 0.00152269 996.222 992488 0.116209
2.4 -1.74255 1.0739 0.999611 0.999223 0.00157289 996.309 992660 0.113941
2.39 -1.73263 1.09993 0.999578 0.999157 0.00167795 996.245 992532 0.115034
2.38 -1.72267 1.09057 0.999578 0.999156 0.00166184 996.188 992418 0.114779
2.37 -1.71258 1.09195 0.999542 0.999086 0.00181052 996.224 992491 0.11537
2.36 -1.70241 1.09835 0.999525 0.999051 0.00190585 996.248 992539 0.112355
2.35 -1.69248 1.10361 0.999512 0.999024 0.00198189 996.274 992592 0.117325
2.34 -1.68239 1.07714 0.999501 0.999002 0.0020063 996.191 992426 0.115167
2.33 -1.67249 1.11182 0.999475 0.998952 0.00210066 996.322 992686 0.114422
2.32 -1.66236 1.09503 0.999445 0.998891 0.0022026 996.198 992439 0.114502
2.31 -1.65224 1.12506 0.999441 0.998884 0.00222854 996.167 992379 0.117648
2.3 -1.64235 1.09343 0.999423 0.998848 0.00229046 996.202 992447 0.113428
2.29 -1.6324 1.10998 0.999388 0.998777 0.00246975 996.172 992388 0.116313
2.28 -1.62228 1.12442 0.999357 0.998716 0.00258499 996.189 992421 0.116017
2.27 -1.61224 1.10665 0.999327 0.998656 0.00267901 996.212 992468 0.116796
2.26 -1.60224 1.11263 0.9993 0.998603 0.00280195 996.167 992376 0.114223
2.25 -1.5921 1.11454 0.999262 0.998526 0.00293931 996.14 992323 0.113314
2.24 -1.58211 1.1068 0.999234 0.99847 0.00309752 996.198 992440 0.114648
2.23 -1.57192 1.12208 0.999221 0.998444 0.00310388 996.196 992435 0.114272
2.22 -1.56183 1.13114 0.999161 0.998325 0.00333204 996.208 992459 0.113247
2.21 -1.55185 1.11752 0.999156 0.998314 0.00335842 996.166 992376 0.117079
2.2 -1.5418 1.14366 0.999107 0.998216 0.00357147 996.164 992373 0.11573
2.19 -1.53149 1.12399 0.999084 0.998171 0.00370725 996.116 992277 0.116299
2.18 -1.52179 1.10358 0.999045 0.998092 0.00376451 996.228 992499 0.116197
2.17 -1.51139 1.13286 0.998999 0.998001 0.00404072 996.111 992266 0.115254
2.16 -1.50135 1.11949 0.998962 0.997927 0.00413629 996.056 992156 0.116997
2.15 -1.4913 1.12674 0.998929 0.99786 0.00421233 996.131 992306 0.115693
2.14 -1.48128 1.10962 0.998871 0.997744 0.00447941 996.11 992263 0.113693
2.13 -1.47127 1.14247 0.99882 0.997644 0.00461558 996.084 992212 0.116749
2.12 -1.46111 1.12826 0.998778 0.997559 0.00490516 996.12 992284 0.115161
2.11 -1.45107 1.13456 0.998716 0.997435 0.00520569 996.028 992101 0.116094
2.1 -1.44098 1.14488 0.998674 0.997352 0.00519502 996.146 992336 0.116986
2.09 -1.43093 1.13248 0.998621 0.997246 0.00558124 996.071 992186 0.114432
2.08 -1.42078 1.15555 0.998576 0.997156 0.00573708 996.026 992096 0.115665
2.07 -1.41071 1.14929 0.998503 0.997011 0.00599288 996.095 992234 0.117557
2.06 -1.40063 1.13753 0.998438 0.99688 0.00638431 996.053 992151 0.11469
2.05 -1.39033 1.15182 0.998367 0.99674 0.00649216 995.972 991988 0.113092
2.04 -1.38012 1.16013 0.998302 0.99661 0.00685286 995.957 991959 0.113237
2.03 -1.37022 1.16852 0.998271 0.996547 0.00690997 995.998 992040 0.11646
2.02 -1.35993 1.18005 0.998181 0.996368 0.00735698 995.909 991862 0.114524
2.01 -1.35001 1.16945 0.998094 0.996195 0.00765927 995.982 992009 0.116226
2 -1.33989 1.16685 0.998 0.996008 0.00806338 995.972 991989 0.115274
1.99 -1.32978 1.16216 0.997945 0.995897 0.00835707 995.889 991823 0.11496
1.98 -1.31961 1.16086 0.99788 0.995768 0.00862449 995.881 991808 0.116536
1.97 -1.30953 1.18471 0.997766 0.99554 0.00896257 995.975 991994 0.116981
1.96 -1.29927 1.19578 0.997664 0.995337 0.00940539 995.813 991673 0.116988
1.95 -1.2891 1.19798 0.997581 0.995172 0.00973721 995.829 991704 0.117163
1.94 -1.27899 1.19036 0.997494 0.994999 0.0099541 995.77 991587 0.117037
1.93 -1.26891 1.20138 0.997371 0.994754 0.0103452 995.809 991664 0.115855
1.92 -1.25861 1.19885 0.997261 0.994533 0.0110565 995.772 991591 0.115281
1.91 -1.24839 1.18683 0.997155 0.994323 0.0112393 995.672 991393 0.115948
1.9 -1.23836 1.20178 0.997055 0.994123 0.0117646 995.695 991439 0.116836
1.89 -1.22839 1.21022 0.996943 0.993901 0.012199 995.794 991634 0.114579
1.88 -1.21769 1.23248 0.996803 0.993623 0.0129284 995.607 991263 0.117059
1.87 -1.20777 1.21187 0.996683 0.993383 0.0133167 995.669 991385 0.116877
1.86 -1.19745 1.23522 0.996522 0.993062 0.0139294 995.552 991153 0.115124
1.85 -1.18725 1.24832 0.996403 0.992825 0.0144553 995.618 991284 0.117632
1.84 -1.17707 1.2163 0.99623 0.99248 0.0151978 995.571 991190 0.116618
1.83 -1.16693 1.23115 0.996091 0.992205 0.0158233 995.527 991103 0.117198
1.82 -1.15662 1.25361 0.995942 0.991908 0.0161061 995.493 991035 0.117995
1.81 -1.14634 1.25913 0.995752 0.99153 0.0172956 995.431 990911 0.114915
1.8 -1.1361 1.25742 0.995563 0.991154 0.0179757 995.34 990732 0.117238
1.79 -1.12608 1.25686 0.995426 0.990881 0.0183393 995.426 990903 0.118264
1.78 -1.11547 1.27195 0.995157 0.990346 0.0196831 995.312 990675 0.117759
1.77 -1.10533 1.25643 0.995024 0.990082 0.0198033 995.276 990604 0.118333
1.76 -1.09511 1.2801 0.9948 0.989636 0.0209096 995.325 990702 0.116871
1.75 -1.08481 1.28974 0.9946 0.989239 0.0219757 995.175 990403 0.117987
1.74 -1.07448 1.31113 0.994365 0.988772 0.0229186 995.118 990289 0.119402
1.73 -1.06408 1.28622 0.994139 0.988323 0.0236715 995.112 990277 0.115457
1.72 -1.05364 1.2945 0.99384 0.987729 0.0251054 995.035 990124 0.118163
1.71 -1.04329 1.31189 0.993636 0.987324 0.0257957 994.97 989995 0.11914
1.7 -1.03314 1.32883 0.993415 0.986885 0.0263454 994.921 989897 0.119016
1.69 -1.02267 1.32 0.993103 0.986266 0.0282444 994.831 989717 0.118402
1.68 -1.01224 1.34577 0.992822 0.985707 0.0289618 994.846 989749 0.119134
1.67 -1.00203 1.33071 0.992551 0.98517 0.0304204 994.775 989606 0.118907
1.66 -0.991675 1.35087 0.992231 0.984537 0.0316449 994.655 989368 0.120953
1.65 -0.981381 1.37649 0.991871 0.983822 0.0329911 994.69 989438 0.117867
1.64 -0.970661 1.38849 0.991556 0.983197 0.0342264 994.615 989289 0.120594
1.63 -0.960221 1.39327 0.991224 0.98254 0.0353028 994.553 989164 0.116941
1.62 -0.949802 1.38639 0.990767 0.981635 0.0376827 994.44 988940 0.119824
1.61 -0.939426 1.41342 0.99044 0.980988 0.0386969 994.356 988773 0.119295
1.6 -0.928599 1.40287 0.990056 0.980229 0.0408944 994.201 988465 0.120549
1.59 -0.918316 1.4146 0.989673 0.979471 0.0420458 994.151 988367 0.120222
1.58 -0.907647 1.42152 0.989132 0.978402 0.0443592 993.948 987963 0.12068
1.57 -0.897028 1.43569 0.988714 0.977576 0.0467236 993.937 987942 0.122374
1.56 -0.886637 1.46359 0.988282 0.976722 0.0486811 993.846 987760 0.119858
1.55 -0.876002 1.46944 0.987771 0.975713 0.0509167 993.67 987411 0.122765
1.54 -0.865655 1.47656 0.987271 0.974727 0.052263 993.633 987336 0.122771
1.53 -0.854855 1.49739 0.986744 0.973688 0.0553736 993.53 987132 0.122465
1.52 -0.844083 1.51593 0.986087 0.972392 0.0572705 993.309 986693 0.124302
1.51 -0.833427 1.53451 0.985582 0.971398 0.0591642 993.241 986559 0.122698
1.5 -0.822997 1.54489 0.984974 0.9702 0.0616479 993.109 986297 0.124952
1.49 -0.812242 1.55932 0.984314 0.968903 0.065772 992.993 986066 0.124825
1.48 -0.801162 1.58122 0.983596 0.967491 0.0686303 992.821 985725 0.124611
1.47 -0.790683 1.57395 0.982984 0.966288 0.0694899 992.669 985423 0.123284
1.46 -0.779851 1.58764 0.982255 0.964858 0.0742372 992.509 985104 0.124946
1.45 -0.768813 1.61938 0.981494 0.963364 0.0780974 992.352 984794 0.128303
1.44 -0.758195 1.60304 0.980695 0.961797 0.08102 992.291 984673 0.123469
1.43 -0.747107 1.64115 0.979874 0.960189 0.0852214 991.935 983967 0.124562
1.42 -0.736358 1.67938 0.979022 0.958523 0.0892309 991.847 983793 0.128027
1.41 -0.725135 1.68122 0.978091 0.956703 0.0931571 991.608 983319 0.129629
1.4 -0.714337 1.63704 0.977182 0.954927 0.09563 991.46 983025 0.12863
1.39 -0.703355 1.68911 0.976148 0.952909 0.100197 991.211 982531 0.126786
1.38 -0.692326 1.69659 0.975149 0.950962 0.105918 990.893 981901 0.129061
1.37 -0.681454 1.74111 0.974111 0.94894 0.108949 990.672 981463 0.129132
1.36 -0.670188 1.76515 0.972968 0.946719 0.117489 990.485 981093 0.131239
1.35 -0.659161 1.78364 0.971817 0.944481 0.120396 990.296 980718 0.130994
1.34 -0.647694 1.80642 0.97043 0.94179 0.127808 989.846 979828 0.132582
1.33 -0.636642 1.82472 0.969284 0.939568 0.131507 989.592 979326 0.135108
1.32 -0.625314 1.84188 0.967913 0.936915 0.137972 989.321 978790 0.132045
1.31 -0.613247 1.87994 0.966209 0.933623 0.14705 988.85 977858 0.136952
1.3 -0.602004 1.93345 0.964727 0.930765 0.153636 988.519 977203 0.136123
1.29 -0.590934 1.90653 0.963331 0.928075 0.157242 988.16 976494 0.138819
1.28 -0.5795 1.96492 0.961717 0.924974 0.170336 987.81 975804 0.14317
1.27 -0.567593 1.97742 0.95987 0.921428 0.179521 987.445 975084 0.141879
1.26 -0.556076 2.00473 0.958166 0.918163 0.185972 987.001 974206 0.143694
1.25 -0.544288 2.03682 0.956185 0.914375 0.195582 986.558 973334 0.147124
1.24 -0.53244 2.05103 0.954213 0.910612 0.206486 986.067 972364 0.148289
1.23 -0.520541 2.07865 0.951997 0.906393 0.220394 985.49 971227 0.149683
1.22 -0.50871 2.16703 0.949837 0.90229 0.229897 984.952 970167 0.152175
1.21 -0.496719 2.20657 0.947427 0.897723 0.244863 984.367 969017 0.15582
1.2 -0.484648 2.27027 0.944956 0.893056 0.262835 983.809 967919 0.158904
1.19 -0.472365 2.25504 0.942311 0.888068 0.273401 983.114 966553 0.158343
1.18 -0.46014 2.29232 0.939479 0.882747 0.288339 982.421 965191 0.162877
1.17 -0.447976 2.35044 0.936706 0.877551 0.306276 981.738 963850 0.16496
1.16 -0.434858 2.41224 0.933236 0.87107 0.324603 980.71 961833 0.169452
1.15 -0.422712 2.38472 0.930187 0.865395 0.338147 980.007 960455 0.171362
1.14 -0.409553 2.50531 0.926423 0.858422 0.374508 978.967 958421 0.180041
1.13 -0.396172 2.60211 0.922353 0.850907 0.393938 977.897 956328 0.184944
1.12 -0.383453 2.66644 0.918648 0.844098 0.420687 976.861 954303 0.191003
1.11 -0.369868 2.69068 0.914201 0.835962 0.455971 975.665 951972 0.199555
1.1 -0.356324 2.79365 0.90937 0.827166 0.488649 974.309 949327 0.205147
1.09 -0.342381 2.93558 0.904229 0.817865 0.542069 972.803 946399 0.224776
1.08 -0.328203 3.05219 0.89872 0.807955 0.592477 971.128 943145 0.230573
1.07 -0.313265 3.22463 0.892227 0.796353 0.65306 969.156 939325 0.252776
1.06 -0.298177 3.3912 0.885378 0.784214 0.736699 967.086 935323 0.280597
1.05 -0.282963 3.61584 0.87791 0.771081 0.815428 964.775 930864 0.301602
1.04 -0.266888 3.82879 0.869477 0.756386 0.911908 962.085 925687 0.327955
1.03 -0.249074 4.23103 0.858739 0.737911 1.10276 958.481 918780 0.390858
1.02 -0.231498 4.72387 0.847714 0.719207 1.3558 954.732 911627 0.474409
1.01 -0.20995 5.84369 0.831753 0.692622 1.86255 948.821 900420 0.672932
1 0.200861 1.0407 0.117255 0.0140641 0.726815 507.82 258115 1.84406
0.99 0.204213 0.946142 0.110546 0.0125064 0.658808 503.16 253386 1.71889
0.98 0.207204 0.94057 0.104515 0.0112017 0.64121 498.802 249024 1.77326
0.97 0.210479 0.870993 0.0980607 0.0098629 0.569091 494.045 244283 1.63828
0.96 0.212962 0.826366 0.0929815 0.00886546 0.506638 490.562 240840 1.54055
0.95 0.215174 0.794476 0.0877033 0.0078954 0.468932 486.882 237235 1.49081
0.94 0.217123 0.757152 0.083356 0.00714029 0.44252 483.87 234302 1.42447
0.93 0.219206 0.746399 0.0790522 0.00643216 0.421443 480.716 231257 1.40902
0.92 0.221065 0.71412 0.0745523 0.005724 0.382374 477.554 228216 1.32384
0.91 0.222464 0.707007 0.0716405 0.00528886 0.360559 475.716 226463 1.31883
0.9 0.223868 0.665962 0.0680955 0.00478347 0.337485 473.054 223930 1.27202
0.89 0.225514 0.660795 0.0640391 0.00423468 0.307964 470.177 221209 1.21147
0.88 0.226699 0.640594 0.061465 0.00390395 0.290298 468.184 219333 1.16948
0.87 0.227505 0.636137 0.0584804 0.0035422 0.281647 466.509 217771 1.20151
0.86 0.228672 0.621104 0.0559048 0.00324206 0.268912 464.58 215970 1.16852
0.85 0.22956 0.611518 0.0530604 0.00292387 0.249891 462.637 214162 1.12101
0.84 0.230598 0.610981 0.0506985 0.00267404 0.238928 460.963 212616 1.11369
0.83 0.231369 0.600364 0.0484524 0.00244469 0.223614 459.569 211329 1.0877
0.82 0.232273 0.584995 0.0459724 0.00220676 0.214958 457.617 209540 1.10183
0.81 0.233101 0.588878 0.0440064 0.00202393 0.201279 456.008 208062 1.0413
0.8 0.233422 0.578285 0.0423955 0.00188086 0.192341 455.173 207299 1.02435
0.79 0.234096 0.584711 0.040276 0.00170297 0.186212 453.607 205878 1.05235
0.78 0.23465 0.571429 0.0386666 0.00156906 0.170396 452.469 204840 0.994744
0.77 0.235255 0.576058 0.0371117 0.00144986 0.167229 451.326 203808 0.998467
0.76 0.235925 0.557098 0.0352382 0.00130862 0.154122 450.005 202614 0.975587
0.75 0.23621 0.568877 0.0338635 0.00121061 0.147157 448.994 201705 0.971796
0.74 0.236452 0.566262 0.0325377 0.00112025 0.141805 448.287 201068 0.947423
0.73 0.23693 0.541465 0.0310116 0.00101995 0.13415 446.962 199878 0.921673
0.72 0.237342 0.566546 0.029462 0.000922582 0.125738 445.897 198926 0.918885
0.71 0.237417 0.56473 0.0285246 0.000867287 0.123579 445.453 198533 0.942794
0.7 0.237647 0.541874 0.0273167 0.000797055 0.117168 444.592 197764 0.914252
0.69 0.237946 0.544039 0.0261078 0.0007301 0.111702 443.743 197008 0.899634
0.68 0.238392 0.551159 0.0251876 0.000681684 0.10891 442.981 196332 0.908295
0.67 0.238667 0.545752 0.0240252 0.000621587 0.102248 442.077 195530 0.883246
0.66 0.238613 0.551925 0.0228878 0.000565319 0.0955373 441.507 195023 0.855385
0.65 0.238704 0.557502 0.0220781 0.000528338 0.0942209 441.017 194591 0.861591
0.64 0.238942 0.544367 0.0210356 0.00048085 0.0883669 440.067 193754 0.864921
0.63 0.239221 0.547475 0.02011 0.000442154 0.0869587 439.283 193065 0.870288
0.62 0.239297 0.533477 0.0193649 0.0004096 0.0797175 439.012 192826 0.85542
0.61 0.239533 0.554245 0.0186191 0.000380602 0.0781782 438.335 192230 0.843203
0.6 0.239581 0.541023 0.0178451 0.000350765 0.0744621 437.87 191823 0.849515
0.59 0.239534 0.537405 0.0171267 0.000323677 0.0699318 437.298 191321 0.831583
0.58 0.239509 0.551361 0.0163948 0.000297932 0.0671458 437.024 191079 0.81877
0.57 0.239736 0.540567 0.0155944 0.000271048 0.0641982 436.286 190436 0.829678
0.56 0.239861 0.52992 0.015011 0.000252137 0.0617617 435.838 190042 0.80096
0.55 0.239838 0.53953 0.0144639 0.000234828 0.0590382 435.425 189684 0.815625
0.54 0.239921 0.539091 0.0138595 0.000217266 0.0580119 435.043 189351 0.812231
0.53 0.239892 0.542734 0.0132791 0.000199676 0.0537797 434.806 189142 0.784683
0.52 0.239928 0.548744 0.0126758 0.000183544 0.0526903 434.223 188637 0.807226
0.51 0.239785 0.539677 0.0121902 0.000170947 0.0514867 434.058 188494 0.80493
0.5 0.239861 0.533713 0.0116791 0.00015744 0.0484743 433.666 188154 0.81035
0.49 0.240088 0.542532 0.0112878 0.000147445 0.0461528 433.258 187799 0.798422
0.48 0.239933 0.532866 0.010753 0.000134398 0.0432473 432.732 187341 0.775476
0.47 0.240107 0.52009 0.0104036 0.000126897 0.043 432.666 187283 0.770723
0.46 0.239844 0.542865 0.00989227 0.000115221 0.0400071 432.4 187053 0.770258
0.45 0.239897 0.546463 0.00959141 0.000108984 0.0391416 432.258 186930 0.766655
0.44 0.240101 0.535885 0.00914531 9.98873e-05 0.0374412 431.697 186448 0.790389
0.43 0.240114 0.543973 0.00877743 9.28376e-05 0.0363902 431.496 186274 0.788638
0.42 0.239972 0.5376 0.00841858 8.5731e-05 0.0342342 431.229 186041 0.768838
0.41 0.240106 0.539909 0.00815573 8.07008e-05 0.032682 431.073 185906 0.761169
0.4 0.239747 0.524973 0.00777899 7.45084e-05 0.032246 430.993 185838 0.766901
0.39 0.239954 0.546406 0.00741736 6.80326e-05 0.0299875 430.49 185403 0.756238
0.38 0.239855 0.529488 0.00713602 6.37664e-05 0.0295915 430.348 185282 0.767586
0.37 0.239962 0.535786 0.00689123 5.97787e-05 0.0283154 430.136 185098 0.753589
0.36 0.240051 0.543468 0.00663264 5.5636e-05 0.0268281 429.912 184905 0.750843
0.35 0.239817 0.529274 0.00636615 5.17877e-05 0.0259427 429.831 184834 0.736513
0.34 0.239659 0.541416 0.00606241 4.75425e-05 0.0248593 429.623 184659 0.773931
0.33 0.239861 0.530347 0.00592161 4.53473e-05 0.0236893 429.433 184493 0.7539
0.32 0.239835 0.528799 0.0056138 4.14902e-05 0.0229834 429.16 184258 0.743275
0.31 0.239807 0.531916 0.00541623 3.90476e-05 0.0223765 429.185 184280 0.744967
0.3 0.23966 0.538383 0.00520764 3.62519e-05 0.021041 429.119 184224 0.751672
0.29 0.239689 0.527527 0.00494913 3.33391e-05 0.0203792 428.867 184007 0.749951
0.28 0.239404 0.530116 0.00478264 3.12476e-05 0.0192936 428.82 183967 0.751512
0.27 0.239508 0.542425 0.0045487 2.86987e-05 0.0184506 428.466 183662 0.738348
0.26 0.239389 0.533791 0.0043862 2.68755e-05 0.0175951 428.447 183647 0.746624
0.25 0.23946 0.541947 0.00422248 2.52446e-05 0.0170847 428.274 183498 0.738954
0.24 0.239389 0.540923 0.00405998 2.35959e-05 0.016387 428.232 183463 0.746099
0.23 0.239349 0.537094 0.00390382 2.19977e-05 0.0155701 428.141 183384 0.738623
0.22 0.23935 0.525782 0.00374852 2.06107e-05 0.0151126 427.919 183192 0.720913
0.21 0.239474 0.534335 0.00359913 1.92705e-05 0.0145539 427.75 183047 0.722726
0.2 0.239521 0.535469 0.00345668 1.79755e-05 0.0138859 427.708 183012 0.731555
0.19 0.239524 0.523909 0.00327161 1.6451e-05 0.0132423 427.387 182739 0.735186
0.18 0.239366 0.529301 0.0031934 1.57507e-05 0.0127938 427.552 182881 0.749199
0.17 0.239253 0.527795 0.00307144 1.4827e-05 0.0124261 427.557 182883 0.726877
0.16 0.239275 0.532403 0.00290156 1.34106e-05 0.0115004 427.165 182547 0.726119
0.15 0.239166 0.53584 0.00280842 1.27524e-05 0.0112094 427.258 182628 0.736434
0.14 0.239349 0.537607 0.00270174 1.20711e-05 0.010994 427.152 182539 0.744389
0.13 0.239177 0.517133 0.00260616 1.13572e-05 0.010518 426.983 182392 0.727612
0.12 0.238931 0.53234 0.00251727 1.06836e-05 0.0100152 427.255 182624 0.722314
0.11 0.238896 0.52265 0.00241562 1.00134e-05 0.00962643 427.165 182547 0.723986
0.1 0.239012 0.52879 0.00231224 9.40409e-06 0.00934879 426.929 182346 0.729436
0.09 0.238742 0.52303 0.00221094 8.80835e-06 0.00903193 427.012 182416 0.715663
0.08 0.238857 0.538487 0.00212821 8.2503e-06 0.00857321 426.852 182281 0.731764
0.07 0.23887 0.530276 0.00206493 7.88002e-06 0.00833144 426.892 182313 0.713318
0.06 0.238801 0.523484 0.00196415 7.32075e-06 0.00797845 426.801 182235 0.717662
0.05 0.238787 0.532324 0.00188845 6.90632e-06 0.00769549 426.695 182146 0.729621
0.04 0.238808 0.531121 0.00182257 6.51675e-06 0.00736125 426.64 182098 0.719073
0.03 0.238771 0.544642 0.00175113 6.11874e-06 0.00703247 426.641 182100 0.734064
0.02 0.238759 0.530661 0.00166814 5.70129e-06 0.00672443 426.37 181869 0.732383
0.01 0.238606 0.540291 0.00161198 5.3946e-06 0.00644228 426.568 182038 0.729813
