0 -1.4 -inf 1 1 -nan 1296 1.67962e+06 -inf
0.01 -1.39 1.00464 1 1 0 1294.91 1.6768e+06 0.109652
0.02 -1.37998 0.995637 1 1 0 1293.83 1.67401e+06 0.111285
0.03 -1.36995 0.991457 1 1 0 1292.77 1.67125e+06 0.112947
0.04 -1.35989 1.01265 1 1 0 1291.7 1.6685e+06 0.111986
0.05 -1.34981 1.00197 1 1 0 1290.62 1.6657e+06 0.110964
0.06 -1.33979 1.00612 1 1 0 1289.5 1.66281e+06 0.110522
0.07 -1.32966 1.01951 1 1 0 1288.4 1.65999e+06 0.112884
0.08 -1.31961 1.01338 1 1 0 1287.36 1.6573e+06 0.111166
0.09 -1.30941 1.02574 1 1 0 1286.23 1.6544e+06 0.114314
0.1 -1.29926 1.01546 1 1 0 1285.19 1.65173e+06 0.110984
0.11 -1.2892 1.00138 1 1 0 1284.03 1.64875e+06 0.112983
0.12 -1.27902 1.0157 1 1 1.44661e-06 1282.97 1.64603e+06 0.111492
0.13 -1.26875 1.02465 0.999999 0.999998 6.67401e-06 1281.86 1.64319e+06 0.110785
0.14 -1.25848 1.03098 0.999997 0.999995 1.85733e-05 1280.75 1.64034e+06 0.112689
0.15 -1.24829 1.01977 0.999995 0.99999 3.28921e-05 1279.71 1.63768e+06 0.113175
0.16 -1.2382 1.02468 0.999987 0.999973 8.2907e-05 1278.61 1.63486e+06 0.112499
0.17 -1.22781 1.02638 0.999974 0.999948 0.000152436 1277.43 1.63185e+06 0.111942
0.18 -1.21737 1.0422 0.999951 0.999901 0.000274821 1276.32 1.62901e+06 0.113739
0.19 -1.207 1.04178 0.999908 0.999816 0.000490909 1275.2 1.62616e+06 0.113642
0.2 -1.19652 1.0615 0.999843 0.999687 0.000785633 1274.05 1.62323e+06 0.113455
0.21 -1.18616 1.06358 0.999757 0.999514 0.00115936 1272.92 1.62036e+06 0.114246
0.22 -1.17555 1.07862 0.999616 0.999233 0.00174964 1271.79 1.61749e+06 0.112901
0.23 -1.16469 1.07459 0.999413 0.998827 0.00256709 1270.58 1.61441e+06 0.11416
0.24 -1.1539 1.09476 0.999155 0.998312 0.00354475 1269.42 1.61146e+06 0.113509
0.25 -1.14285 1.12729 0.998824 0.997652 0.0047413 1268.15 1.60823e+06 0.114628
0.26 -1.1315 1.13243 0.998374 0.996753 0.00637378 1266.86 1.60497e+06 0.115981
0.27 -1.11989 1.18499 0.997848 0.995704 0.00821852 1265.59 1.60177e+06 0.114798
0.28 -1.10828 1.2003 0.997167 0.994346 0.0101239 1264.28 1.59844e+06 0.118219
0.29 -1.09593 1.25627 0.996373 0.992765 0.0126623 1262.78 1.59466e+06 0.117422
0.3 -1.08321 1.26377 0.995386 0.990801 0.0155087 1261.27 1.59085e+06 0.120352
0.31 -1.07067 1.29487 0.994262 0.988566 0.0189359 1259.72 1.58695e+06 0.120328
0.32 -1.05723 1.3271 0.992884 0.985832 0.0226859 1258.16 1.58302e+06 0.119023
0.33 -1.04387 1.4041 0.991412 0.982913 0.0269597 1256.49 1.57882e+06 0.121981
0.34 -1.02936 1.42682 0.989581 0.979289 0.0319225 1254.68 1.57427e+06 0.119644
0.35 -1.01498 1.51564 0.987645 0.975466 0.0372803 1252.75 1.56945e+06 0.124687
0.36 -0.999983 1.52944 0.985383 0.971006 0.0427138 1250.95 1.56493e+06 0.125773
0.37 -0.983663 1.61062 0.982749 0.965828 0.0494972 1248.67 1.55925e+06 0.128528
0.38 -0.966962 1.68255 0.9799 0.96024 0.0563082 1246.37 1.55349e+06 0.132959
0.39 -0.949685 1.73421 0.976672 0.953932 0.0640781 1243.88 1.54731e+06 0.13494
0.4 -0.932024 1.83368 0.973164 0.9471 0.0734808 1241.45 1.54128e+06 0.13937
0.41 -0.914163 1.91454 0.96936 0.939718 0.0826131 1238.78 1.53464e+06 0.142452
0.42 -0.894477 1.98493 0.965005 0.931304 0.0948814 1235.86 1.52743e+06 0.145766
0.43 -0.873899 2.09548 0.96022 0.922101 0.106296 1232.5 1.51914e+06 0.149524
0.44 -0.852786 2.20275 0.95514 0.912386 0.121431 1229.21 1.51103e+06 0.156426
0.45 -0.830423 2.28942 0.949363 0.901396 0.134137 1225.42 1.50173e+06 0.164549
0.46 -0.807466 2.38527 0.943287 0.88991 0.150617 1221.59 1.49238e+06 0.171326
0.47 -0.782688 2.55828 0.936277 0.876757 0.174208 1217.12 1.48148e+06 0.186779
0.48 -0.754882 2.79526 0.927958 0.861274 0.202754 1211.81 1.46861e+06 0.205059
0.49 -0.727855 2.91912 0.919832 0.846284 0.226092 1206.72 1.45631e+06 0.217076
0.5 -0.697548 3.13552 0.909926 0.828191 0.259268 1200.35 1.44098e+06 0.235911
0.51 -0.66432 3.5117 0.898708 0.807954 0.314258 1192.99 1.4234e+06 0.278191
0.52 -0.627757 3.94471 0.885671 0.78477 0.395748 1184.47 1.40319e+06 0.342659
0.53 -0.586877 4.56565 0.870301 0.757879 0.496038 1174.26 1.37916e+06 0.418545
0.54 -0.538041 5.09266 0.85062 0.724136 0.619735 1160.89 1.348e+06 0.527982
0.55 -0.477542 7.51169 0.823534 0.679239 1.08034 1141.84 1.3044e+06 0.939637
0.56 0.266988 0.824989 0.163365 0.0274907 0.825415 557.075 311281 3.0394
0.57 0.273788 0.736619 0.158376 0.0258207 0.745546 551.893 305464 2.79131
0.58 0.281712 0.677662 0.151653 0.0236909 0.687577 544.289 297111 2.72595
0.59 0.288581 0.597761 0.146676 0.0221125 0.584408 538.825 291076 2.33986
0.6 0.293222 0.564397 0.145433 0.0217257 0.551901 537.342 289472 2.28391
0.61 0.299548 0.535487 0.141144 0.020483 0.530169 532.276 284039 2.22046
0.62 0.305378 0.509113 0.137535 0.0194392 0.486197 527.989 279457 2.08957
0.63 0.310112 0.493592 0.134957 0.0187188 0.462121 524.881 276169 2.02182
0.64 0.31498 0.464766 0.132552 0.0180653 0.445774 522.161 273322 2.00394
0.65 0.318532 0.456485 0.132255 0.0179905 0.44218 521.55 272696 2.01161
0.66 0.323615 0.435859 0.130345 0.0174522 0.403446 519.185 270193 1.86533
0.67 0.327104 0.423424 0.12978 0.0173065 0.398668 518.433 269417 1.85686
0.68 0.332106 0.405435 0.127673 0.0167642 0.392756 515.94 266839 1.84008
0.69 0.335866 0.393634 0.126773 0.0165258 0.379281 514.619 265467 1.7862
0.7 0.339808 0.392645 0.12658 0.016443 0.34607 513.854 264646 1.66921
0.71 0.343271 0.382833 0.126003 0.0163118 0.35307 513.285 264086 1.71259
0.72 0.348012 0.385279 0.125022 0.0160584 0.342351 511.577 262328 1.67567
0.73 0.351034 0.364522 0.125255 0.0161069 0.329828 511.85 262594 1.61493
0.74 0.354607 0.368049 0.124401 0.0158797 0.314581 510.548 261248 1.56054
0.75 0.358864 0.357352 0.123568 0.0156769 0.313276 509.053 259737 1.57595
0.76 0.361941 0.362745 0.123195 0.0155749 0.301523 508.59 259254 1.52715
0.77 0.364745 0.356632 0.124428 0.0158847 0.300976 509.748 260436 1.51173
0.78 0.369042 0.348385 0.123557 0.015669 0.297311 508.378 259052 1.52286
0.79 0.372411 0.338706 0.122973 0.015528 0.295769 507.418 258085 1.52803
0.8 0.375224 0.337691 0.124547 0.0158954 0.276136 509.157 259808 1.39349
0.81 0.37944 0.341532 0.123547 0.0156538 0.277262 507.227 257866 1.42719
0.82 0.382372 0.328341 0.123852 0.0157245 0.270612 507.708 258353 1.40621
0.83 0.385716 0.331455 0.124504 0.0158939 0.272527 508.186 258855 1.42724
0.84 0.388897 0.333734 0.124214 0.0158278 0.273346 507.341 258004 1.4294
0.85 0.392186 0.33612 0.124781 0.0159638 0.266653 507.671 258330 1.39073
0.86 0.395672 0.324877 0.125512 0.0161325 0.253904 508.754 259409 1.32266
0.87 0.399132 0.327634 0.125909 0.0162472 0.260966 508.731 259398 1.33472
0.88 0.402378 0.332836 0.126614 0.0164457 0.271323 509.276 259997 1.41758
0.89 0.405235 0.327885 0.12745 0.0166375 0.254949 509.994 260692 1.31885
0.9 0.408659 0.320792 0.126684 0.0164345 0.246887 508.687 259349 1.28317
0.91 0.412181 0.328166 0.128172 0.0168161 0.245639 510.158 260855 1.28005
0.92 0.414767 0.33004 0.129424 0.0171462 0.247671 511.553 262289 1.28017
0.93 0.419135 0.323809 0.129561 0.0171841 0.246592 511.306 262044 1.2834
0.94 0.422176 0.327463 0.1296 0.0171782 0.234128 510.818 261517 1.21135
0.95 0.425383 0.322855 0.130751 0.0174847 0.235791 511.961 262703 1.23111
0.96 0.428202 0.328875 0.130056 0.017312 0.238422 510.768 261487 1.22958
0.97 0.431766 0.329449 0.131758 0.0177476 0.230019 512.295 263044 1.20371
0.98 0.43482 0.328228 0.132475 0.0179493 0.234929 513.088 263874 1.22168
0.99 0.438055 0.327515 0.13412 0.018371 0.222706 515.07 265878 1.13918
