2.5 -1.24032 1.10724 0.99907 0.998143 0.00378435 1253.89 1.5723e+06 0.176661
2.49 -1.2302 1.13009 0.999021 0.998045 0.00393354 1253.86 1.57222e+06 0.176065
2.48 -1.22003 1.11442 0.998997 0.997997 0.00401796 1253.85 1.57219e+06 0.178183
2.47 -1.20996 1.10853 0.998955 0.997913 0.00410699 1253.79 1.57206e+06 0.177273
2.46 -1.19998 1.13822 0.998913 0.997828 0.00445997 1253.72 1.57188e+06 0.176804
2.45 -1.18988 1.14842 0.998871 0.997744 0.00456691 1253.67 1.57173e+06 0.17258
2.44 -1.17993 1.1416 0.998821 0.997646 0.00471417 1253.73 1.57189e+06 0.173648
2.43 -1.16993 1.14236 0.998764 0.997531 0.00489607 1253.67 1.57173e+06 0.172655
2.42 -1.15977 1.14413 0.998726 0.997456 0.00512142 1253.71 1.57184e+06 0.177483
2.41 -1.14955 1.14362 0.998694 0.997392 0.00514823 1253.65 1.5717e+06 0.17622
2.4 -1.13959 1.16502 0.998596 0.997197 0.00553149 1253.71 1.57185e+06 0.179463
2.39 -1.12948 1.17947 0.998548 0.997102 0.0058572 1253.63 1.57163e+06 0.175763
2.38 -1.11927 1.15803 0.998481 0.996967 0.00611068 1253.68 1.57178e+06 0.172643
2.37 -1.109 1.16471 0.998446 0.996896 0.00625651 1253.46 1.57123e+06 0.176569
2.36 -1.09927 1.14632 0.998388 0.996781 0.00656212 1253.55 1.57144e+06 0.175789
2.35 -1.08914 1.16662 0.998295 0.996595 0.00691483 1253.6 1.57156e+06 0.178202
2.34 -1.07879 1.15182 0.998237 0.99648 0.00704031 1253.45 1.57119e+06 0.175591
2.33 -1.06861 1.17033 0.998146 0.996298 0.00748416 1253.46 1.5712e+06 0.172462
2.32 -1.05839 1.17436 0.998063 0.996133 0.00784566 1253.35 1.57094e+06 0.177497
2.31 -1.04857 1.18706 0.998005 0.996017 0.00796763 1253.42 1.57113e+06 0.177349
2.3 -1.03844 1.17264 0.99791 0.995828 0.00849837 1253.39 1.57104e+06 0.1773
2.29 -1.02821 1.18866 0.997832 0.995672 0.0088828 1253.45 1.5712e+06 0.175599
2.28 -1.01805 1.19062 0.997747 0.995503 0.00906719 1253.29 1.57079e+06 0.175422
2.27 -1.00781 1.19342 0.997656 0.995321 0.00973417 1253.31 1.57085e+06 0.176621
2.26 -0.997983 1.18109 0.997547 0.995104 0.00986329 1253.14 1.57042e+06 0.175883
2.25 -0.987563 1.20851 0.997459 0.994928 0.0102333 1253.1 1.57032e+06 0.177127
2.24 -0.977256 1.21619 0.997342 0.994696 0.0109982 1253.09 1.57029e+06 0.175324
2.23 -0.967398 1.21957 0.997251 0.994513 0.0111944 1253.12 1.57037e+06 0.174943
2.22 -0.957051 1.18862 0.997118 0.99425 0.0115363 1252.96 1.56998e+06 0.179821
2.21 -0.946914 1.20015 0.996989 0.993992 0.0120612 1252.93 1.56989e+06 0.176873
2.2 -0.936813 1.22504 0.996864 0.993742 0.0125118 1252.97 1.56998e+06 0.178984
2.19 -0.926457 1.24373 0.996751 0.993519 0.013284 1252.83 1.56963e+06 0.178777
2.18 -0.916384 1.2364 0.996622 0.993262 0.0138374 1252.83 1.56963e+06 0.177512
2.17 -0.906049 1.25847 0.996457 0.992933 0.0142222 1252.67 1.56925e+06 0.17832
2.16 -0.895814 1.24936 0.996311 0.992642 0.014903 1252.57 1.56898e+06 0.17763
2.15 -0.885625 1.26275 0.996189 0.992398 0.0150536 1252.56 1.56897e+06 0.178528
2.14 -0.875715 1.26196 0.996055 0.992132 0.016159 1252.6 1.56907e+06 0.181318
2.13 -0.865212 1.2583 0.995796 0.991618 0.0170327 1252.47 1.56874e+06 0.177302
2.12 -0.854713 1.25127 0.995625 0.991277 0.0181826 1252.29 1.56829e+06 0.179557
2.11 -0.844653 1.25937 0.995491 0.991009 0.0184341 1252.24 1.56817e+06 0.179007
2.1 -0.834371 1.27436 0.995255 0.990541 0.0195397 1252.12 1.56786e+06 0.181893
2.09 -0.824119 1.28446 0.995122 0.990277 0.0203508 1252.11 1.56784e+06 0.182085
2.08 -0.813772 1.3033 0.994932 0.989898 0.0210907 1251.88 1.56727e+06 0.178483
2.07 -0.803494 1.2884 0.994709 0.989455 0.0216577 1251.83 1.56713e+06 0.180355
2.06 -0.793239 1.28293 0.994437 0.988916 0.0225348 1251.72 1.56686e+06 0.180678
2.05 -0.782861 1.3197 0.994192 0.988427 0.0237012 1251.66 1.5667e+06 0.1798
2.04 -0.772609 1.32771 0.994001 0.988048 0.0244377 1251.47 1.56624e+06 0.18435
2.03 -0.762265 1.33097 0.993727 0.987505 0.0257902 1251.42 1.56611e+06 0.182221
2.02 -0.751896 1.33044 0.993487 0.987028 0.0263259 1251.37 1.56598e+06 0.18451
2.01 -0.741414 1.33713 0.993195 0.986449 0.0281953 1251.21 1.56559e+06 0.184366
2 -0.731234 1.34691 0.992935 0.985933 0.0290676 1251.09 1.56527e+06 0.184633
1.99 -0.720867 1.36432 0.99263 0.985327 0.030245 1250.97 1.56498e+06 0.182582
1.98 -0.710398 1.386 0.992292 0.984658 0.032749 1250.85 1.56468e+06 0.186948
1.97 -0.69991 1.38749 0.992005 0.984088 0.0334025 1250.62 1.56411e+06 0.184954
1.96 -0.689313 1.43956 0.991623 0.983332 0.0354878 1250.47 1.56372e+06 0.187706
1.95 -0.679027 1.40455 0.991282 0.982656 0.0364277 1250.33 1.56338e+06 0.184979
1.94 -0.668356 1.38034 0.990871 0.981842 0.0375603 1250.11 1.56282e+06 0.189995
1.93 -0.658137 1.43824 0.99051 0.981127 0.0398095 1249.99 1.56254e+06 0.18445
1.92 -0.647452 1.41735 0.990118 0.980352 0.0417696 1249.68 1.56177e+06 0.186625
1.91 -0.637131 1.42203 0.98972 0.979564 0.043169 1249.73 1.56188e+06 0.187004
1.9 -0.626544 1.49335 0.989265 0.978664 0.0441148 1249.43 1.56113e+06 0.191213
1.89 -0.615674 1.47521 0.988761 0.977669 0.0478612 1249.1 1.56031e+06 0.18677
1.88 -0.605242 1.47069 0.988269 0.976696 0.0493007 1249 1.56005e+06 0.1901
1.87 -0.594752 1.48494 0.987763 0.975698 0.0518933 1248.77 1.5595e+06 0.189749
1.86 -0.583935 1.52181 0.987259 0.974703 0.0543367 1248.47 1.55873e+06 0.193406
1.85 -0.573276 1.54707 0.98656 0.973326 0.0579253 1248.12 1.55786e+06 0.196365
1.84 -0.562424 1.52871 0.986012 0.972246 0.060369 1247.91 1.55733e+06 0.192137
1.83 -0.552095 1.57217 0.98554 0.971317 0.0636206 1247.67 1.55675e+06 0.19423
1.82 -0.54133 1.55647 0.984817 0.969893 0.0661875 1247.43 1.55614e+06 0.196782
1.81 -0.530575 1.58297 0.984137 0.968556 0.0696027 1247.04 1.55517e+06 0.198445
1.8 -0.519781 1.62108 0.983417 0.96714 0.0722931 1246.76 1.55447e+06 0.202663
1.79 -0.508991 1.60111 0.982751 0.965832 0.075655 1246.53 1.55389e+06 0.204097
1.78 -0.497742 1.68491 0.981898 0.964159 0.0801396 1245.93 1.55241e+06 0.207241
1.77 -0.486809 1.62557 0.981015 0.962427 0.0842575 1245.47 1.55126e+06 0.20219
1.76 -0.476033 1.67812 0.980249 0.960926 0.0873985 1245.24 1.5507e+06 0.207476
1.75 -0.465071 1.68753 0.97938 0.959225 0.0926008 1244.85 1.54971e+06 0.20841
1.74 -0.454184 1.73753 0.978402 0.957313 0.0965253 1244.39 1.54856e+06 0.208292
1.73 -0.443075 1.71272 0.977418 0.95539 0.102078 1243.84 1.54722e+06 0.213176
1.72 -0.431641 1.74554 0.976177 0.952968 0.10854 1243.28 1.54582e+06 0.216588
1.71 -0.420828 1.81651 0.975206 0.951077 0.115889 1242.73 1.54445e+06 0.218476
1.7 -0.40967 1.83136 0.974091 0.948905 0.1212 1242.36 1.54353e+06 0.219273
1.69 -0.398439 1.79923 0.972866 0.946522 0.123239 1241.66 1.54178e+06 0.218117
1.68 -0.387177 1.8504 0.971621 0.944105 0.133219 1241.09 1.54038e+06 0.225042
1.67 -0.375942 1.92067 0.970294 0.941532 0.141115 1240.6 1.53917e+06 0.235952
1.66 -0.364573 1.878 0.968914 0.938858 0.145048 1239.8 1.53717e+06 0.225738
1.65 -0.352807 1.96826 0.967197 0.935539 0.159357 1239.01 1.53522e+06 0.239118
1.64 -0.341187 1.95042 0.965634 0.932521 0.164445 1238.11 1.53299e+06 0.237296
1.63 -0.329674 2.00745 0.963981 0.929335 0.176167 1237.37 1.53117e+06 0.244444
1.62 -0.317607 2.0979 0.961826 0.925194 0.193202 1236.28 1.52846e+06 0.256599
1.61 -0.306154 2.0852 0.960091 0.921861 0.199679 1235.48 1.52648e+06 0.255584
1.6 -0.293968 2.13851 0.957791 0.917459 0.218525 1234.28 1.52353e+06 0.264979
1.59 -0.281655 2.18175 0.955547 0.91317 0.232166 1233.09 1.52059e+06 0.273916
1.58 -0.270182 2.24661 0.953635 0.909524 0.241918 1232.21 1.51841e+06 0.272215
1.57 -0.257334 2.33774 0.950529 0.903624 0.273978 1230.51 1.51424e+06 0.289485
1.56 -0.244859 2.36758 0.947892 0.898626 0.291656 1229.3 1.51128e+06 0.303108
1.55 -0.232414 2.4061 0.944946 0.893059 0.311648 1227.7 1.50735e+06 0.311067
1.54 -0.219547 2.50623 0.941669 0.88689 0.343628 1226.1 1.50343e+06 0.331408
1.53 -0.206058 2.63519 0.93783 0.879688 0.376429 1223.91 1.49806e+06 0.345345
1.52 -0.192411 2.85872 0.933524 0.871658 0.440457 1221.54 1.49227e+06 0.382862
1.51 -0.179006 2.91262 0.929517 0.864203 0.465658 1219.36 1.48696e+06 0.39578
1.5 -0.165182 2.91838 0.924836 0.85554 0.503374 1216.79 1.4807e+06 0.419997
1.49 -0.149539 3.40806 0.918116 0.843216 0.643208 1212.97 1.47144e+06 0.500361
1.48 -0.134188 3.67769 0.911514 0.831188 0.760132 1209.16 1.46224e+06 0.576127
1.47 -0.117209 4.26465 0.902978 0.815791 0.973057 1204.15 1.4502e+06 0.713625
1.46 -0.100507 4.79947 0.893952 0.799688 1.23878 1198.86 1.43753e+06 0.885138
1.45 0.237711 0.54816 0.025161 0.000682298 0.113405 448.265 201057 1.03638
1.44 0.237935 0.569096 0.0238932 0.000617523 0.107451 447.031 199952 1.03096
1.43 0.238351 0.542372 0.0234253 0.000594637 0.105732 446.612 199577 1.02659
1.42 0.238215 0.546744 0.0218888 0.000521557 0.0977753 445.329 198430 1.00824
1.41 0.238776 0.530046 0.0210738 0.000485958 0.0964307 444.4 197604 1.01343
1.4 0.238537 0.540808 0.0198821 0.000434387 0.0900591 443.473 196778 0.988121
1.39 0.238792 0.530445 0.0191704 0.000405999 0.0886915 442.897 196268 0.996697
1.38 0.239012 0.534462 0.0184982 0.000378323 0.0832687 442.262 195703 0.969791
1.37 0.23906 0.538468 0.0174915 0.000339732 0.0778282 441.349 194894 0.955632
1.36 0.239245 0.54687 0.0170026 0.000322121 0.076106 440.748 194363 0.953673
1.35 0.239267 0.546314 0.0161151 0.000289679 0.0690785 439.942 193650 0.922087
1.34 0.239399 0.539183 0.015478 0.000269359 0.0686346 439.546 193301 0.9163
1.33 0.239415 0.537848 0.014607 0.000240907 0.0634552 438.699 192556 0.906633
1.32 0.23934 0.516894 0.014053 0.00022507 0.0635501 438.218 192134 0.899936
1.31 0.239475 0.542638 0.0134378 0.000205952 0.0584667 437.681 191661 0.886872
1.3 0.239634 0.536209 0.0128562 0.000189239 0.0551938 437.022 191084 0.871894
1.29 0.239567 0.521388 0.0123053 0.000175039 0.0544169 436.601 190716 0.877422
1.28 0.239613 0.537491 0.011845 0.000161992 0.049972 436.201 190364 0.850246
1.27 0.239868 0.540612 0.0114181 0.000151914 0.049632 435.74 189963 0.860319
1.26 0.23958 0.538139 0.0109057 0.000139374 0.0470913 435.348 189621 0.859736
1.25 0.239818 0.537401 0.0104189 0.000128014 0.0448361 434.845 189182 0.844869
1.24 0.239649 0.522684 0.0101314 0.000121269 0.042907 434.724 189076 0.840716
1.23 0.239813 0.535936 0.00969462 0.000111842 0.0411405 434.095 188529 0.836934
1.22 0.239597 0.540837 0.00913394 0.000100026 0.0382406 433.736 188219 0.846696
1.21 0.239826 0.529735 0.00884835 9.48434e-05 0.0381313 433.384 187912 0.83573
1.2 0.239906 0.531435 0.00848767 8.74813e-05 0.0355754 433.04 187612 0.816953
1.19 0.239719 0.537556 0.00812908 8.07016e-05 0.0336837 432.733 187347 0.820427
1.18 0.239537 0.52602 0.00784245 7.54878e-05 0.0322188 432.732 187346 0.825441
1.17 0.239567 0.52204 0.00739002 6.81464e-05 0.0311825 432.072 186774 0.80673
1.16 0.239816 0.524089 0.00710998 6.34668e-05 0.029756 431.727 186475 0.803203
1.15 0.239621 0.531528 0.00668828 5.69564e-05 0.0281624 431.487 186268 0.807879
1.14 0.239517 0.531877 0.00655356 5.48194e-05 0.027349 431.396 186190 0.80559
1.13 0.239545 0.525343 0.00633993 5.12834e-05 0.0255483 431.234 186049 0.798717
1.12 0.239577 0.532476 0.00609635 4.81439e-05 0.0252942 431.026 185868 0.783705
1.11 0.239633 0.539756 0.0058296 4.44054e-05 0.0240104 430.603 185504 0.791007
1.1 0.239648 0.536949 0.00561858 4.17071e-05 0.0233595 430.447 185369 0.790534
1.09 0.239436 0.532582 0.00531224 3.77817e-05 0.0220303 430.24 185190 0.777483
1.08 0.23945 0.524067 0.00516962 3.59592e-05 0.0212757 430.006 184988 0.777053
1.07 0.239412 0.521748 0.00496181 3.31968e-05 0.0197621 429.953 184943 0.768698
1.06 0.239514 0.526432 0.00476007 3.12557e-05 0.0198086 429.713 184736 0.768287
1.05 0.239462 0.532401 0.00453368 2.86702e-05 0.0186992 429.333 184408 0.751483
1.04 0.239411 0.532092 0.0043079 2.62417e-05 0.0177031 429.204 184298 0.763047
1.03 0.239194 0.517877 0.00418759 2.51668e-05 0.0175817 429.294 184377 0.780296
1.02 0.239388 0.530188 0.00403377 2.34859e-05 0.0166224 429.132 184235 0.756543
1.01 0.2393 0.533121 0.00383507 2.1507e-05 0.0156654 428.863 184005 0.759777
1 0.23922 0.521247 0.00376128 2.09259e-05 0.0156179 428.825 183974 0.76773
0.99 0.239369 0.536452 0.00359679 1.92505e-05 0.0145465 428.584 183766 0.758333
0.98 0.239146 0.518779 0.00340998 1.76075e-05 0.0137768 428.503 183695 0.753289
0.97 0.239136 0.532691 0.00328872 1.65892e-05 0.0133023 428.453 183652 0.74773
0.96 0.239197 0.531588 0.00314089 1.54844e-05 0.0129467 428.196 183432 0.749868
0.95 0.239151 0.530704 0.0029987 1.42592e-05 0.0121351 427.973 183240 0.735969
0.94 0.238828 0.543326 0.00288785 1.34757e-05 0.0118333 428.04 183299 0.759863
0.93 0.238993 0.532137 0.00278325 1.26617e-05 0.0113247 427.929 183202 0.741825
0.92 0.238834 0.531642 0.00266016 1.16915e-05 0.0106331 427.885 183165 0.743622
0.91 0.239017 0.517833 0.00254583 1.10008e-05 0.010413 427.615 182932 0.729856
0.9 0.239004 0.52415 0.0024605 1.03879e-05 0.00998509 427.561 182889 0.752636
0.89 0.238863 0.51899 0.00238872 9.91603e-06 0.00969999 427.635 182951 0.739494
0.88 0.238776 0.530481 0.00226207 9.07284e-06 0.00911438 427.472 182812 0.745189
0.87 0.238786 0.523997 0.00218194 8.61364e-06 0.00887676 427.284 182650 0.729144
0.86 0.238933 0.526058 0.00203837 7.77241e-06 0.00833465 427.094 182489 0.746849
0.85 0.238696 0.523925 0.00200382 7.46226e-06 0.00794182 427.179 182559 0.730306
0.84 0.238719 0.529173 0.00194019 7.18452e-06 0.00788008 427.252 182622 0.729155
0.83 0.238742 0.531473 0.0018401 6.70482e-06 0.00764661 427.002 182410 0.742819
0.82 0.238652 0.52648 0.00176562 6.20569e-06 0.00711535 427.032 182436 0.741921
0.81 0.238503 0.529773 0.0017066 5.9076e-06 0.00690077 426.998 182406 0.739086
0.8 0.23857 0.528648 0.00162595 5.5325e-06 0.00665572 426.811 182245 0.727644
0.79 0.238464 0.513806 0.0015803 5.26364e-06 0.00637358 426.895 182318 0.735977
0.78 0.238649 0.529728 0.00152882 5.05612e-06 0.00626419 426.813 182247 0.728201
0.77 0.238683 0.521739 0.00145026 4.66022e-06 0.00589125 426.613 182076 0.729631
0.76 0.238396 0.526468 0.00140017 4.40689e-06 0.00563651 426.695 182147 0.736076
0.75 0.238508 0.522072 0.00132665 4.10774e-06 0.0054092 426.627 182088 0.731889
0.74 0.238416 0.530705 0.00126354 3.82487e-06 0.00513408 426.537 182012 0.739587
0.73 0.238687 0.524501 0.0012237 3.63363e-06 0.00492178 426.367 181866 0.725126
0.72 0.238489 0.527102 0.00118099 3.44826e-06 0.00473132 426.378 181876 0.733966
0.71 0.238437 0.515345 0.00115781 3.3607e-06 0.00465447 426.483 181965 0.723671
0.7 0.238313 0.521854 0.00108012 3.02237e-06 0.00427555 426.36 181860 0.72448
0.69 0.238413 0.525349 0.00105937 2.97701e-06 0.00427331 426.224 181743 0.715597
0.68 0.238349 0.520318 0.00101484 2.8358e-06 0.00416077 426.256 181770 0.715946
0.67 0.238245 0.525523 0.000963368 2.60236e-06 0.00385754 426.193 181717 0.718151
0.66 0.238464 0.527075 0.000924479 2.44864e-06 0.00367253 426.134 181667 0.721177
0.65 0.238482 0.518269 0.000877604 2.2907e-06 0.00350326 425.957 181515 0.715202
0.64 0.238116 0.522462 0.000864497 2.26373e-06 0.00349372 426.281 181793 0.72885
0.63 0.23852 0.521258 0.000822222 2.11498e-06 0.0033153 425.913 181478 0.717942
0.62 0.238181 0.523326 0.00079809 2.04174e-06 0.00323664 425.995 181549 0.727409
0.61 0.238205 0.528932 0.000783681 1.99954e-06 0.00319193 426.164 181693 0.728491
0.6 0.238233 0.517492 0.000731163 1.81915e-06 0.0029596 425.916 181480 0.713876
0.59 0.238112 0.521746 0.000695747 1.69165e-06 0.00278229 425.948 181508 0.719338
0.58 0.23829 0.513162 0.000664931 1.605e-06 0.00267924 425.832 181410 0.725683
0.57 0.238197 0.524622 0.000641667 1.50975e-06 0.00252983 425.854 181430 0.731613
0.56 0.238255 0.531239 0.000635156 1.53673e-06 0.00261114 425.832 181410 0.722937
0.55 0.238148 0.519813 0.000599913 1.40411e-06 0.00240587 425.819 181399 0.724066
0.54 0.238113 0.520458 0.000569358 1.295e-06 0.0022368 425.768 181355 0.716211
0.53 0.238075 0.518031 0.000556684 1.28294e-06 0.0022419 425.901 181468 0.713392
0.52 0.237955 0.510074 0.00052309 1.18182e-06 0.00209249 425.894 181461 0.711591
0.51 0.238011 0.505869 0.000503299 1.12877e-06 0.00201707 425.922 181486 0.711186
0.5 0.238101 0.534243 0.000483941 1.07467e-06 0.00193645 425.669 181271 0.718527
0.49 0.237998 0.526366 0.000474566 1.06593e-06 0.00193701 425.887 181457 0.729106
0.48 0.238252 0.526847 0.000451823 9.83043e-07 0.00179458 425.603 181214 0.71957
0.47 0.237725 0.516446 0.000446701 9.96154e-07 0.00183539 425.967 181523 0.702316
0.46 0.237828 0.517771 0.00043099 9.4175e-07 0.00174182 425.957 181515 0.712677
0.45 0.238063 0.513871 0.000399045 8.60972e-07 0.0016168 425.606 181217 0.716416
0.44 0.237832 0.519804 0.000375608 7.97074e-07 0.00151141 425.789 181373 0.724121
0.43 0.237701 0.512274 0.000371354 7.77935e-07 0.00147463 425.817 181396 0.714903
0.42 0.238054 0.518567 0.000353299 7.45985e-07 0.00143116 425.586 181199 0.711022
0.41 0.237944 0.513711 0.000336892 6.98513e-07 0.00134788 425.62 181229 0.713801
0.4 0.237978 0.524229 0.000329774 6.73497e-07 0.00130117 425.614 181224 0.717567
0.39 0.237996 0.511063 0.000301562 6.07036e-07 0.00118909 425.618 181227 0.718303
0.38 0.237898 0.51783 0.000292882 6.01611e-07 0.00118847 425.596 181208 0.711404
0.37 0.238116 0.523236 0.000292882 5.98597e-07 0.00118153 425.486 181114 0.707695
0.36 0.237737 0.520306 0.000271441 5.49618e-07 0.00109656 425.695 181292 0.717649
0.35 0.237689 0.520058 0.000263976 5.33643e-07 0.00106896 425.697 181293 0.70821
0.34 0.23791 0.521247 0.000250174 5.00639e-07 0.00100927 425.48 181109 0.712045
0.33 0.237682 0.513215 0.000262153 5.24149e-07 0.0010493 425.719 181312 0.71263
0.32 0.237714 0.519109 0.000240365 4.80595e-07 0.000974178 425.618 181227 0.715547
0.31 0.237713 0.518145 0.000226476 4.41111e-07 0.000898144 425.688 181287 0.714694
0.3 0.237865 0.519377 0.00021224 4.16697e-07 0.000856284 425.473 181103 0.71909
0.29 0.237705 0.509874 0.00021684 4.31617e-07 0.000886111 425.669 181271 0.718996
0.28 0.237786 0.526498 0.000210156 4.13984e-07 0.000852062 425.561 181180 0.729625
0.27 0.237767 0.51257 0.000194444 3.72541e-07 0.000771222 425.509 181134 0.709983
0.26 0.237598 0.514633 0.000189844 3.69376e-07 0.000768004 425.638 181244 0.714382
0.25 0.237855 0.517625 0.000183681 3.52346e-07 0.000734072 425.476 181106 0.711797
0.24 0.23765 0.515084 0.00017934 3.43003e-07 0.000716174 425.654 181256 0.707427
0.23 0.237719 0.516624 0.000163715 3.10752e-07 0.000654219 425.571 181186 0.703739
0.22 0.237736 0.528674 0.000153819 2.92667e-07 0.000619792 425.554 181173 0.718238
0.21 0.237693 0.519438 0.00014809 2.76994e-07 0.000587666 425.562 181180 0.721906
0.2 0.237715 0.524027 0.000146354 2.74884e-07 0.000583983 425.543 181164 0.717588
0.19 0.237813 0.509065 0.000142448 2.72624e-07 0.000581374 425.545 181165 0.715111
0.18 0.237735 0.516323 0.000141059 2.62979e-07 0.000560059 425.401 181042 0.709355
0.17 0.237555 0.519314 0.000127431 2.40222e-07 0.000516059 425.519 181142 0.713749
0.16 0.23781 0.521997 0.000122396 2.25453e-07 0.000484929 425.464 181095 0.708525
0.15 0.237789 0.511303 0.000120486 2.21234e-07 0.000476275 425.493 181121 0.719825
0.14 0.23778 0.505894 0.000120833 2.26358e-07 0.000487888 425.342 180992 0.711475
0.13 0.237735 0.515473 0.000108941 1.97573e-07 0.000427864 425.462 181094 0.714274
0.12 0.237571 0.521471 0.000107292 1.95614e-07 0.000424172 425.48 181110 0.72519
0.11 0.237631 0.509969 0.00010408 1.90942e-07 0.000414972 425.438 181072 0.708584
0.1 0.237583 0.516654 9.93924e-05 1.83407e-07 0.000399809 425.591 181203 0.709377
0.09 0.237661 0.508437 9.24479e-05 1.70748e-07 0.000373711 425.383 181025 0.696419
0.08 0.237826 0.51475 8.82812e-05 1.63514e-07 0.00035878 425.285 180943 0.714437
0.07 0.237775 0.516706 8.53299e-05 1.55376e-07 0.00034121 425.308 180961 0.699842
0.06 0.237747 0.504454 8.69792e-05 1.59144e-07 0.000349236 425.405 181045 0.705115
0.05 0.237506 0.512308 8.22049e-05 1.50252e-07 0.000330611 425.56 181176 0.708657
0.04 0.237715 0.517002 7.61285e-05 1.39703e-07 0.000308522 425.444 181078 0.714667
0.03 0.23752 0.516971 7.51736e-05 1.36839e-07 0.000302258 425.438 181074 0.717809
0.02 0.237808 0.521125 7.09201e-05 1.29455e-07 0.000286676 425.235 180901 0.717139
0.01 0.237782 0.518678 7.02257e-05 1.27044e-07 0.000281346 425.41 181049 0.710182
