1.0 0.0 0.39592780000000005 0.0001421856251338583 0.4437475999999999 0.001496714497831516 0.2266534 0.0003068715170853808 0.052073999999999995 0.0001430471474727812 0.40420940000000005 0.0028451042103920946 602.51 0.32590869889052887 363815.6 396.01884804000133 1.322676 0.010273996145609837 
0.99 0.0 0.3909546 0.00016059404722775988 0.44879860000000005 0.0028267901032777076 0.22805080000000003 0.00024953819747082305 0.05271444000000001 0.00011545324802621643 0.4112684000000001 0.0014479539661146645 604.2502 0.25917891889988554 365918.8 314.19731380448354 1.337926 0.005563799852622504 
0.9800000000000001 6.664001874625056e-09 0.3870126 0.00022959069667330864 0.4561324 0.003598694269870301 0.2286468 0.00045916701972210217 0.05299805999999999 0.00021240839079508792 0.4218222 0.0037607068527081614 605.0262 0.5587311625379666 366868.8 676.827446252989 1.366762 0.015301312727998858 
0.97 4.712160915387242e-09 0.3824654 0.00017778832356144357 0.4614458 0.0023616775461501303 0.229002 0.0002055484371133897 0.0531764 9.632959254603288e-05 0.43596520000000005 0.0033043481584111704 605.5444 0.22398903543827436 367508.8 273.0695735546946 1.403948 0.011892195222076905 
0.96 0.0 0.3777302 7.794018218324228e-05 0.4674042 0.0015099179421429918 0.229567 0.00028355810692141177 0.05344406 0.0001287287678801425 0.4456538 0.00396558561022168 606.2562 0.37781205909595206 368384.8 455.14915357710277 1.43819 0.01579722735165738 
0.95 4.712160915387242e-09 0.3732604 3.2482118247620664e-05 0.4791978 0.001633371271942085 0.23095600000000002 0.0001808026548377002 0.054079619999999995 8.120432205247565e-05 0.4478828 0.0017193828753361874 607.7798 0.21497932921815724 370212.4 258.55329817787515 1.4137460000000002 0.006710488864451482 
0.9399999999999998 4.712160915387242e-09 0.3681156 0.00025023486567681545 0.4874352 0.0027942772861679517 0.23223700000000003 0.00038044237408189647 0.05467934 0.00017912057078985248 0.4562526 0.006659293491654933 609.4084 0.4227538858282833 372200.6 517.4317810148024 1.4331939999999999 0.02433486857988042 
0.93 0.0 0.3633228 0.00021173065908824422 0.5035694000000001 0.0018469305260332906 0.2334314 0.0003151441067169663 0.05525672 0.00015101007224649764 0.4743924 0.004346393544997767 610.6908000000001 0.31550193657099235 373786.6 389.7727132564151 1.484054 0.013510740201781422 
0.9200000000000002 6.664001874625056e-09 0.35835820000000007 0.00011532125556649633 0.5109009999999999 0.002109470909971917 0.23464420000000002 0.0003033241698192054 0.05582936000000001 0.00014620058713885569 0.48267059999999995 0.004139472281344237 612.0414 0.3200698174167714 375438.6 395.1147276477433 1.4979419999999999 0.014192817732926315 
0.9099999999999999 6.664001874625056e-09 0.35299139999999996 0.00018602571867455165 0.5307585999999999 0.0020856519479633294 0.23646479999999998 0.00025795447660467214 0.05672491999999999 0.0001241651751505344 0.5120148 0.002162736070812681 614.1424 0.2963975168724661 378058.2 364.9141707249112 1.586104 0.005134702016669588 
0.9 4.712160915387242e-09 0.3474968 0.00011372753406214954 0.5456196 0.004324328716461251 0.23808400000000002 0.00013895466886113583 0.05749014 7.26602923198522e-05 0.5158280000000001 0.005681119291125075 615.8131999999999 0.1436379894888087 380101.8 185.38314917896855 1.580884 0.02029589428431444 
0.89 0.0 0.3418946 0.00016779644811253905 0.5678251999999999 0.004170400675236565 0.2406198 0.0002665684752565195 0.058727180000000004 0.00013219629465295517 0.5364874000000001 0.00660714861101145 618.7302 0.2645756451591574 383718.8 331.0274188068915 1.6184280000000002 0.021471875074148696 
0.8800000000000001 6.664001874625056e-09 0.33667620000000004 0.00011865897351646955 0.5786466000000001 0.0024201797222472205 0.24202439999999997 0.0001283154238758469 0.05943358 6.281770705787383e-05 0.5613625999999999 0.004632873912379137 620.1670000000001 0.11838918857686692 385528.2 146.49925595247544 1.68784 0.012759786832080558 
0.8699999999999999 6.664001874625056e-09 0.3306926 0.0001856692974029043 0.5998694 0.005834970605581259 0.24438520000000002 0.00025373378174006246 0.06060407999999999 0.00013423075772776337 0.5823276000000001 0.01094016051289901 622.6938 0.24559762211754138 388682.4 316.8851653132495 1.7256139999999998 0.033445230284754296 
0.86 0.0 0.3245184 0.00020223799841019037 0.6301812 0.003743308733192829 0.2475498 0.00032533962562719085 0.062188200000000006 0.0001664639612643713 0.6073063999999999 0.004941987143652682 626.071 0.3264700905248163 392923.8 414.0008115898691 1.780218 0.012428515084271237 
0.85 0.0 0.3180622000000001 4.2785418014271646e-05 0.6505661999999999 0.005163974170348895 0.25031440000000005 0.0002641692790503105 0.06357008 0.0001356675654678872 0.6182491999999999 0.003370830513689298 628.9194 0.3081722375529398 396495.8 389.2423820715473 1.7876199999999998 0.007271904839874732 
0.8400000000000001 6.664001874625056e-09 0.3108388 0.00032933938725857726 0.695578 0.0048055350836280816 0.2542576 0.00038976573476985323 0.06562388 0.00020430470459610104 0.6693428 0.005960913160917346 633.064 0.3877368179619899 401788.8 497.5515571294628 1.9146139999999998 0.016863171374337793 
0.8299999999999998 6.664001874625056e-09 0.3046942 0.00016372987509245758 0.711674 0.004757330890320851 0.2564522 0.0001999998800016084 0.06673434 9.623562999253053e-05 0.670685 0.005864378875891646 635.2123999999999 0.24323052446923532 404492.4 305.3350422085357 1.8914459999999997 0.013653025042098478 
0.82 0.0 0.2970168 0.000220474107313409 0.7681608 0.00539691590744288 0.261561 0.000370228578041408 0.06942736 0.00020016977114450384 0.7111826 0.008319987454797406 640.607 0.4023026721433279 411409.4 522.3133618796736 1.9627320000000001 0.02465662903155862 
0.8100000000000002 4.712160915387242e-09 0.2885148 0.0002846594315965229 0.8161424 0.008288335319470487 0.2663856 0.00039854852653040823 0.0720254 0.0002160205045823328 0.7562282 0.008243203369564168 645.3403999999999 0.4229001395325311 417544.2 547.6201165025724 2.06421 0.02376728305886219 
0.8 0.0 0.27998880000000004 0.0001891190947450186 0.8879476000000001 0.005385406678049477 0.27171700000000004 0.00015921105487126666 0.07495677999999999 9.379304196213284e-05 0.811115 0.015736397653846823 650.7139999999999 0.18707068188563716 424554.4 246.11161694813632 2.162124 0.04218240985055251 
0.79 0.0 0.27174519999999996 0.00021085282071124374 0.9449486 0.008075288034985645 0.27598960000000006 0.00030250826103302636 0.07734356 0.00017576509004805306 0.85512 0.009811633466451338 654.8493999999998 0.28720300842105423 429993.2 385.96304485931074 2.251702 0.029946980669177045 
0.78 0.0 0.26101019999999997 0.0002585661076150774 1.062722 0.007951967504961759 0.28400220000000004 0.00028185179083426153 0.0819218 0.00016432799396284874 0.933502 0.005790682654056421 662.6992 0.324672684394578 440408.4 433.2023637913172 2.3947779999999996 0.013609050341607169 
0.77 0.0 0.2505714 0.0005224181160710479 1.166016 0.018827030057873225 0.29098040000000003 0.0006632523863508283 0.08602096000000001 0.0003735480955374855 1.0092931999999997 0.021170526603561342 669.5454 0.7045931932752384 449600.4 931.8731501621689 2.535292 0.05500586393467256 
0.76 0.0 0.2377446 0.0005419911881225592 1.319386 0.02657163097741636 0.3007512 0.0007832624796349529 0.0919336 0.0004965940555422828 1.1212440000000001 0.024349417175775417 679.1204 0.8279507038478792 462623.4 1149.232808438718 2.742156 0.05800643658078148 
0.75 0.0 0.22500939999999997 0.0004894134121601209 1.480288 0.033394929363601306 0.309867 0.0006182734023076047 0.09756807999999999 0.00041416457926840875 1.18928 0.03390232180839606 687.7393999999999 0.6299621322039888 474447.0 896.3188272051643 2.8300520000000002 0.08504494503025996 
0.74 0.0 0.20804020000000004 0.0008229534810655116 1.7780960000000001 0.03562034964454917 0.32316200000000006 0.0009301359040441333 0.106195 0.0006336512605528212 1.367678 0.03032890441806339 700.4621999999999 0.9054905145827461 492274.8 1296.308710147075 3.1320120000000005 0.06360656566109846 
0.73 0.0 0.1873362 0.0005139780073108084 2.23085 0.04276254005551871 0.3402812 0.0004546176767329619 0.1178256 0.0003274436256824845 1.60431 0.0382677607392967 716.6233999999998 0.42118030347337426 515395.2 614.4553620876711 3.5267939999999998 0.08848314192432562 
0.72 0.0 0.16076359999999998 0.0006069653433282725 2.9537240000000002 0.04824489474338174 0.3624874 0.0006499979446085769 0.133814 0.00045416728195741456 1.9317540000000002 0.03834769214437742 737.5716 0.6204409141975745 546136.6 898.3839980741005 3.99803 0.08047076149758099 
0.71 0.0 0.1319954 0.001941901245686465 4.046488 0.07150405490040243 0.3848906 0.0018619606139743282 0.151148 0.0014298999405552874 2.425858 0.047288472963292146 757.9638 1.7726517853175234 577090.8 2677.6785975887515 4.7679100000000005 0.10285261350106166 
0.7 0.0 0.07366835999999999 0.005698239277573411 6.980996 0.394418625164682 0.432026 0.004935652913242161 0.1909764 0.0043698360298758746 3.462912 0.1466960734689237 800.8327999999999 4.557338656721648 644909.6 7370.531577030446 6.190011999999999 0.23026652990654722 
0.69 0.0 -0.03615946 0.0008881616134916196 15.044400000000001 0.44207867987496857 0.5138096 0.0007412321957430382 0.2706426 0.0006444688107262635 5.542572 0.14716564640975566 873.3756 0.6697650095489783 767930.4 1062.7173697570763 8.535512 0.23691203904233865 
0.68 3.332000937312528e-09 -0.2163322 0.002825045364591313 18.44382 0.7298046760058562 0.6306671999999999 0.0016092686885768495 0.40329439999999994 0.00210393782417716 4.692962 0.20209501894703163 973.7185999999999 1.3694571946702931 952117.6 2716.4066941463184 6.011044 0.26862557603623805 
0.67 0.0 -0.37081519999999996 0.0017754370143737547 13.05404 0.18310290352694952 0.7151479999999999 0.0009119781576625756 0.5142144 0.0013314980315461866 2.384668 0.038100252429611015 1043.4360000000001 0.7309259880140159 1090632.0 1548.3653315674567 2.676614 0.04630099321613434 
0.66 3.332000937312528e-09 -0.480231 0.0016340536098899492 8.886672 0.256950403780957 0.7668463999999999 0.0007530851001236535 0.5895564 0.001137494601306677 1.309516 0.04624721817363778 1084.534 0.6357269853687528 1177184.0 1366.161337470798 1.356312 0.0507233124628113 
0.65 0.0 -0.561707 0.0004646346521848502 6.990115999999999 0.2075679182263076 0.8013498 0.00021188570506141253 0.6431568 0.0003466490328976679 0.8818954 0.02550189068378985 1111.268 0.19144503130013565 1235546.0 432.4127657690046 0.8746373999999999 0.026203548462909093 
0.64 0.0 -0.621247 0.0017983686385163497 5.744168 0.09819046118234019 0.8242922 0.0007499841811540828 0.6801829999999999 0.0012260366389486065 0.6502004000000001 0.01204696345341714 1128.4199999999998 0.6144330721166955 1273784.0 1378.1541278100935 0.6300226 0.011667467771886852 
0.63 0.0 -0.6758796 0.0006818274033788279 5.00379 0.023745041587648372 0.8442262000000001 0.00027469741886874087 0.7132766 0.00046351747320443136 0.5103816 0.004208582779037457 1143.126 0.19385767978053228 1307094.0 444.05044758450583 0.49526180000000003 0.003815484665410632 
0.62 0.0 -0.7238922 0.0007857270467645299 4.385504 0.04497937088043064 0.8608102000000001 0.0003026286701273813 0.7414379999999999 0.0005207648990064789 0.41188660000000005 0.004040768012147128 1155.1680000000001 0.23447643786983022 1334704.0 542.1778306054204 0.3972458 0.0036751056735825995 
0.61 0.0 -0.7650982000000001 0.000788280985416862 4.038895999999999 0.030227820377940164 0.8742416000000001 0.0002750167412418821 0.7646706 0.0004784878347518778 0.3511936 0.002371214365678986 1164.6920000000002 0.2166914855553638 1356748.0 504.09840309209466 0.34280900000000003 0.0027226666927836663 
0.6 0.0 -0.8038567999999999 0.0003787029865544659 3.6902320000000004 0.06761519618546895 0.8863182000000001 0.00018040430135576706 0.7858756 0.00031663424955688605 0.30330699999999994 0.005300533663698951 1173.23 0.14361058463889484 1376682.0 336.37360181797857 0.2995436 0.0059223572982384145 
0.59 0.0 -0.8400269999999999 0.0002591186601159125 3.4436860000000005 0.026719919251364507 0.8972165999999999 0.00011663193401082089 0.805265 0.00020821392845426674 0.261123 0.001477823399462585 1180.82 0.08694826080147258 1394520.0 203.3125672456083 0.26620540000000004 0.0019516512106404244 
0.58 0.0 -0.8722094 0.0004634114888216554 3.1678620000000004 0.013688948067668138 0.9064408 0.00014216283609678188 0.8218664 0.0002576760136298008 0.2294476 0.0013090626447964913 1187.136 0.11674245149261814 1409458.0 278.96092916392433 0.240633 0.001039347295181007 
0.57 0.0 -0.9034755999999999 0.00040976018360248126 3.020352 0.015245993414660345 0.915123 0.00011573072187040799 0.8376526 0.00021223507719499827 0.2047276 0.0009191839685268932 1193.118 0.09721728276390458 1423682.0 230.24161222507107 0.2234012 0.0010522531026327976 
0.56 0.0 -0.9325416000000001 0.0003856469472844503 2.842676 0.02196873025005757 0.922981 0.0001321847190118568 0.8520714 0.00024300857593473823 0.1822276 0.001372134500696111 1198.5520000000001 0.1125486555946335 1436668.0 269.2418986710649 0.20627239999999997 0.0012914008703743603 
0.55 0.0 -0.959822 0.0001872647324448216 2.6732059999999995 0.020402844037059876 0.9299747999999999 4.259239439820113e-05 0.8650074 7.87637481344184e-05 0.16187 0.0010485736597872044 1203.308 0.0136821027374099 1448074.0 31.572139617073784 0.192323 0.0005580750487177866 
0.54 0.0 -0.9866574 0.00012711273726552597 2.566884 0.014594371134111106 0.9366603999999998 7.30925992449939e-05 0.8774694000000001 0.00013635852733456032 0.1459306 0.0009435766253993929 1207.9460000000001 0.052046132461618655 1459252.0 127.16603320069395 0.1811658 0.0008149282373315041 
0.53 0.0 -1.01113 0.00023944936832710035 2.4359360000000003 0.018778981143812917 0.9425254000000001 4.4264296747363303e-05 0.8884755999999999 8.307856535837697e-05 0.13153180000000003 0.0008901965356021898 1211.9160000000002 0.04276447017070043 1468850.0 104.61357464497615 0.1734068 0.0012376790989587472 
0.52 0.0 -1.0349439999999999 0.00014866337825607213 2.3205 0.011573432334449938 0.9479934 4.655714782894844e-05 0.8987992 8.847119313887464e-05 0.1192026 0.0003802147393252429 1215.726 0.044774992409602435 1478094.0 108.465662769376 0.16451100000000002 0.0003073161238845198 
0.51 0.0 -1.05773 0.0001924162154153205 2.20529 0.012079377136249623 0.9530884000000001 5.516419091582776e-05 0.9084722 0.00010524538954925825 0.107379 0.0005403358215036051 1219.3899999999999 0.05035871356555777 1487014.0 121.87206406720121 0.15772 0.0011764668801119143 
0.5 0.0 -1.0798539999999999 0.00011961939665425848 2.114892 0.008476027560116145 0.9578218 3.32149366528445e-05 0.9175058 6.405585059890241e-05 0.09610418000000001 0.0005293913111486448 1222.726 0.046699035696822 1495154.0 114.70309498875781 0.15212440000000002 0.0006775721127668726 
0.49000000000000005 3.332000937312528e-09 -1.100944 9.044777519316859e-05 2.07783 0.014625141366840398 0.9621302 3.1907866937576995e-05 0.9257698 6.10091142256663e-05 0.08855768 0.0006362567169941243 1225.8580000000002 0.01775386959277776 1502814.0 43.87254266622804 0.149495 0.00028403478660237976 
0.48 0.0 -1.121094 0.00021182256738403975 1.966556 0.009505675189063811 0.9660681999999999 5.432745203433876e-05 0.933353 0.00010503980189054593 0.07815984000000001 0.0003371700195447405 1228.798 0.04727790156841211 1510030.0 118.62546101069535 0.1443324 0.00039578485064503015 
0.4699999999999999 2.356080457693621e-09 -1.14032 0.00017692936447742967 1.892186 0.012045011116639517 0.9697216 3.476158807730551e-05 0.9404185999999999 6.749317038120136e-05 0.07096758 0.000227861491963337 1231.498 0.0515674315066668 1516666.0 127.26664920551653 0.140812 0.0007609750587242841 
0.4600000000000001 3.332000937312528e-09 -1.1590099999999999 9.077444607407837e-05 1.8198779999999999 0.005025771502974486 0.9730893999999999 1.9176236544533022e-05 0.9469534 3.7293002481307244e-05 0.06329978 0.0003535147899593298 1234.054 0.011865913701331568 1522970.0 30.85449724108302 0.1372618 0.00036908268992234036 
0.45 2.356080457693621e-09 -1.177196 0.00015311694880869417 1.7615920000000003 0.018788204256921036 0.9761733999999999 3.1684192263077926e-05 0.9529587999999999 6.164894174985174e-05 0.05674512 0.00048620312331358297 1236.5720000000001 0.027334957752838826 1529186.0 69.02753073955347 0.1339748 0.0003677493059139296 
0.44000000000000006 3.332000937312528e-09 -1.1943139999999999 8.793634111756141e-05 1.6985379999999999 0.006189088074998205 0.9789733999999999 1.4396111236945118e-05 0.9584274 2.805651474534635e-05 0.05081342 0.00018769023714649421 1238.806 0.0300133298277378 1534712.0 73.28847112609186 0.1322042 0.0006481267406920812 
0.43 0.0 -1.211408 0.00014191264917740577 1.637874 0.009537699764618011 0.9815621999999999 2.3491956856718973e-05 0.9634981999999999 4.598556360079962e-05 0.0455107 0.00017785015040745725 1241.0639999999999 0.03562022059466782 1540314.0 88.66115271075603 0.1306882 0.00045789041483708045 
0.42000000000000004 3.332000937312528e-09 -1.227732 0.00012183267196461192 1.587048 0.005649403083505221 0.9839244 2.6252010089738678e-05 0.9681366 5.1272292770537956e-05 0.0403679 6.892314560445975e-05 1243.1860000000001 0.027509997126181074 1545582.0 66.17552417623907 0.12856700000000001 0.0006326363884561114 
0.41 0.0 -1.243446 9.552381869390058e-05 1.54855 0.0024292994875007635 0.9860491999999998 1.2876026046802204e-05 0.9723181999999999 2.543761030815348e-05 0.03539652 0.00015472081023571287 1245.1119999999999 0.021799084370254313 1550368.0 53.09613921934437 0.12621120000000002 0.00025094324457533026 
0.4 0.0 -1.2585479999999998 0.0001241418545432691 1.497572 0.006771161436560386 0.9879621999999999 1.682949837691993e-05 0.9760908 3.327148910051233e-05 0.03137538 0.00010991129295930533 1247.022 0.008671794152097744 1555122.0 21.614809737770074 0.12473799999999999 0.00045175418094421416 
0.39 0.0 -1.273436 3.2323365849888364e-05 1.4509979999999998 0.002216625182577625 0.9897113999999998 1.6043942621413432e-05 0.9795474000000001 3.189056269392079e-05 0.027357219999999998 0.0001036955250721592 1248.884 0.019308029369909187 1559770.0 48.744230427815765 0.1230858 0.0004444802267822005 
0.38 0.0 -1.287736 5.855595576091444e-05 1.4160300000000001 0.0054330507083895085 0.9912402 8.051831110100195e-06 0.9825728 1.5807339743482865e-05 0.02363654 0.00010366752471229891 1250.578 0.032049960974983464 1564002.0 77.7894594402095 0.1224264 0.0007140483793129324 
0.37 0.0 -1.301596 6.515212983924864e-05 1.361674 0.0104179601074304 0.99262 1.4601370250745476e-05 0.9853080000000001 2.9003448045825975e-05 0.02046018 0.00011804069603315245 1252.25 0.020199009549546485 1568184.0 50.16771870436207 0.1206048 0.0006282353317030746 
0.36 0.0 -1.314996 9.573296162333434e-05 1.318248 0.0019329633209001146 0.9938068000000001 1.9001893329792406e-05 0.9876628000000001 3.7563173025047583e-05 0.0175663 7.721443906419072e-05 1253.864 0.011523887657812681 1572230.0 28.705400188814647 0.11982580000000001 0.0002495726587579674 
0.35 0.0 -1.328078 4.053640254978161e-05 1.288116 0.003600500631854831 0.9948910000000002 1.1865914514814876e-05 0.9898168 2.362100703848506e-05 0.014866380000000002 9.152495790760541e-05 1255.3880000000001 0.023047775315625362 1576054.0 57.03332359244023 0.119977 0.0005260738351217969 
0.34 1.666000468656264e-09 -1.340676 9.897878534846646e-05 1.2578039999999997 0.007872023678836148 0.9957888 8.3301849349315e-06 0.9916026 1.6791902944596675e-05 0.0126008 4.593741829920759e-05 1256.852 0.013084339998010284 1579726.0 33.05752561823101 0.118372 0.0004652992155591573 
0.33 1.666000468656264e-09 -1.353286 4.838181520662829e-05 1.2324060000000001 0.002839864222095188 0.9966050000000001 4.463180119510351e-06 0.9932278 8.937113510775748e-06 0.010457240000000001 4.01958366002564e-05 1258.262 0.01533623230835882 1583270.0 40.496913462633174 0.11617999999999999 0.0005065872481624974 
0.32 0.0 -1.365412 6.98226322695601e-05 1.20498 0.00484872271841109 0.9972812 8.14567448238954e-06 0.9945746 1.6457461313658594e-05 0.008609002 5.322984782243007e-05 1259.666 0.022733235076628038 1586808.0 57.159426169268 0.1170918 0.0006027478676861141 
0.31 0.0 -1.377188 7.317923153427993e-05 1.1788520000000002 0.004671835956012511 0.997861 4.335894808681431e-06 0.9957296 8.729720366321133e-06 0.00695037 5.221141951719009e-05 1261.0099999999998 0.012649116463136007 1590192.0 31.41973901864877 0.11642559999999999 0.0003823950418093676 
0.3 0.0 -1.388802 4.4757121411631845e-05 1.148752 0.00541749122749353 0.9983293999999999 6.6127166281342835e-06 0.9966647999999999 1.3282772555084571e-05 0.005580412000000001 1.5895474173410663e-05 1262.3020000000001 0.01905780605463987 1593456.0 47.96665508454806 0.11605479999999999 0.00016616627816871707 
0.29 0.0 -1.4002439999999998 5.016771971755897e-05 1.135142 0.006265594560771248 0.9987210000000001 3.1874694917428936e-06 0.997446 6.3749511742750046e-06 0.004428733999999999 2.5827665879839188e-05 1263.5400000000002 0.012649107259697609 1596578.0 30.515569796417036 0.115967 0.0008539455720360743 
0.28 0.0 -1.41163 4.400000030634767e-05 1.114998 0.00395855064386029 0.9990406000000001 2.523484261041465e-06 0.9980836 4.968705002170042e-06 0.003460772 1.624059466893113e-05 1264.8600000000001 0.031112697090560717 1599910.0 78.12809993849844 0.11533800000000001 0.00038484126597758547 
0.27 0.0 -1.422528 2.0474375508140215e-05 1.1063839999999998 0.003019036402580625 0.9992937999999999 2.373194130622473e-06 0.9985888 4.918534512554231e-06 0.00262399 1.0145368598520645e-05 1266.018 0.014532722557477758 1602844.0 38.94611662284187 0.11501639999999999 0.0008153256331063859 
0.26 0.0 -1.433354 3.0802596837322885e-05 1.0815139999999999 0.0020749527223663353 0.9994904 2.6922113955674737e-06 0.9989825999999999 5.393333207333247e-06 0.0019551560000000004 1.5313318020595847e-05 1267.212 0.02819929079690468 1605862.0 69.3628142450982 0.11509 0.0006087193770529299 
0.25 0.0 -1.444244 3.8533102863271895e-05 1.074214 0.005902759083684464 0.9996470000000001 1.8547247335765366e-06 0.999295 3.7094434812302008e-06 0.001421688 1.1027833658522095e-05 1268.438 0.009959920195447482 1608974.0 24.915858403835898 0.1149692 0.0004327566891455678 
0.24 0.0 -1.4550759999999998 3.182451988696576e-05 1.0619239999999999 0.004053938924071794 0.9997604000000001 1.2837417393280821e-06 0.9995213999999999 2.632116244151537e-06 0.0010035532 7.455789478789059e-06 1269.584 0.020119638895468122 1611880.0 52.153619241621186 0.11444259999999999 0.0003833962545470735 
0.23000000000000004 1.666000468656264e-09 -1.4654820000000002 2.629067911827663e-05 1.049812 0.004402311574620493 0.999843 2.000000082740369e-06 0.9996866000000001 3.88432144770697e-06 0.0006839974 9.000867498634671e-06 1270.7140000000002 0.021835748333870773 1614752.0 54.801459834570096 0.11396919999999999 0.0009199207965909403 
0.22000000000000003 1.666000468656264e-09 -1.4759540000000002 3.194995914022611e-05 1.0503959999999999 0.003610226142503582 0.9999018 1.8846876518366978e-06 0.9998036000000001 3.528165781090822e-06 0.00044288460000000004 7.678147680788137e-06 1271.846 0.012521980004504616 1617620.0 32.0 0.11376279999999998 0.00027645215137616817 
0.21000000000000002 1.666000468656264e-09 -1.48641 3.249615496291571e-05 1.0397500000000002 0.004791588463123459 0.9999399999999999 1.7435759504390935e-06 0.9998802 3.5145424033680546e-06 0.00028585960000000006 9.154153905631799e-06 1272.972 0.018417383682246262 1620486.0 48.793442182326096 0.11345180000000002 0.0003181075792863513 
0.2 0.0 -1.496878 3.1546789416216375e-05 1.0399639999999999 0.0026888445102017018 0.9999649999999999 2.8292592683505304e-07 0.9999306000000001 6.06607219938703e-07 0.0001728112 1.3760382378411202e-06 1274.1260000000002 0.008294571629534002 1623424.0 19.718012070185978 0.1136382 0.0006270420336786697 
0.19 0.0 -1.5072320000000001 3.0384205049890562e-05 1.038682 0.003789555541218586 0.999981 2.8284743441383513e-07 0.999962 4.899061271952683e-07 9.969362e-05 1.2908441038018524e-06 1275.238 0.011798300546445612 1626258.0 30.646370095004727 0.11250500000000001 0.0005253409559510596 
0.18 0.0 -1.517514 1.951409554466009e-05 1.025528 0.00360257285839081 0.9999906 6.066621239728416e-07 0.999981 1.3266469583190833e-06 5.304042e-05 3.4354558139961566e-06 1276.334 0.0118659176256919 1629054.0 31.572139617073784 0.1134374 0.00010033049386968063 
0.17 8.33000234328132e-10 -1.527768 2.4232209505756427e-05 1.0351700000000001 0.00524431883088282 0.9999953999999999 3.578451112705964e-07 0.9999909999999999 4.899514490074005e-07 2.729486e-05 1.4686030670266237e-06 1277.4360000000001 0.01374044931944472 1631866.0 34.59479729670344 0.1128268 0.00013246083194574113 
0.16 0.0 -1.53809 2.28035074979081e-05 1.0242419999999999 0.002250868987765194 0.999998 2.8284743441383513e-07 0.9999955999999999 6.066621239728416e-07 1.3761593999999999e-05 1.667114618311773e-06 1278.5879999999997 0.007694158709630161 1634810.0 17.88854381999832 0.1131324 0.000578578160666491 
0.15 0.0 -1.54833 1.6248077481457855e-05 1.02692 0.004456163372230772 0.9999990000000001 4.712160915387242e-09 0.9999984 2.1915348056849172e-07 4.974622e-06 4.5087152213818043e-07 1279.69 0.009380832487024503 1637622.0 24.232209969377532 0.1129 0.0003814718862511455 
0.14 0.0 -1.558538 1.6099690655719836e-05 1.0227540000000002 0.003846787334895533 1.0 0.0 0.9999991999999999 1.789380675825843e-07 2.4796856e-06 5.544579217010861e-07 1280.762 0.014254825749511405 1640372.0 34.91704454847231 0.11259000000000001 0.00027368858214935873 
0.13 0.0 -1.56877 1.8330301115446046e-05 1.0218380000000002 0.005178357577449623 1.0 0.0 1.0 0.0 6.676886e-07 1.888455939600604e-07 1281.856 0.014310834224456144 1643176.0 33.05752561823101 0.1127378 0.00037543419130408207 
0.12 0.0 -1.5789440000000001 1.4028539115028856e-05 1.016558 0.0019129378452849282 1.0 0.0 1.0 0.0 1.4466860000000001e-07 1.2939552952389045e-07 1282.9720000000002 0.012132595087941752 1646034.0 29.745587908125128 0.11190639999999999 0.0006514564973965192 
0.11000000000000001 8.33000234328132e-10 -1.589154 7.266366039704108e-06 1.0194239999999999 0.005116055199079599 1.0 0.0 1.0 0.0 0.0 0.0 1284.0959999999998 0.010039923757130864 1648916.0 27.2176413379264 0.11226480000000001 0.0002278923254509109 
0.1 0.0 -1.5992639999999998 1.0039924272349017e-05 1.020062 0.0049751618265114015 1.0 0.0 1.0 0.0 0.0 0.0 1285.17 0.01673320023235908 1651678.0 41.51144420518274 0.11190039999999998 0.00029784970706873563 
0.09 0.0 -1.609424 6.066299142086322e-06 1.0159379999999998 0.0013427565676728934 1.0 0.0 1.0 0.0 0.0 0.0 1286.248 0.011798304493295478 1654452.0 31.41973901864877 0.11334280000000001 0.0004196334019111398 
0.08 0.0 -1.6195800000000002 6.324541538635895e-06 1.0062980000000001 0.0016738826720959965 1.0 0.0 1.0 0.0 0.0 0.0 1287.346 0.003577702861771634 1657270.0 8.48528137423857 0.11168419999999998 0.00044288440026819044 
0.07 0.0 -1.6296619999999997 1.0353748859769496e-05 1.011482 0.0032304233778288937 1.0 0.0 1.0 0.0 0.0 0.0 1288.4320000000002 0.003346625019002102 1660070.0 10.954451150103322 0.1124536 0.00043054250428925463 
0.06 0.0 -1.639752 4.381792803182904e-06 1.0112258 0.004880938896563058 1.0 0.0 1.0 0.0 0.0 0.0 1289.5179999999998 0.00593296568047142 1662872.0 13.682105101189656 0.11111800000000001 0.000421610436303126 
0.05 0.0 -1.649858 5.21535532790092e-06 1.0053208 0.004672532045045367 1.0 0.0 1.0 0.0 0.0 0.0 1290.598 0.007155418739181565 1665648.0 17.29739864835172 0.11153120000000001 0.00038907329900646166 
0.04 0.0 -1.659914 4.560709678906704e-06 1.0032231999999999 0.004067941734104237 1.0 0.0 1.0 0.0 0.0 0.0 1291.684 0.006066304260644397 1668454.0 14.859340496805368 0.11189020000000001 0.0002441595216238426 
0.03 0.0 -1.6699460000000002 2.1908862666933185e-06 1.0075782 0.005388182048894226 1.0 0.0 1.0 0.0 0.0 0.0 1292.7740000000001 0.006693277866656451 1671262.0 16.589153082662175 0.1114122 0.00023938912256031317 
0.02 0.0 -1.6799880000000003 3.3466163590373796e-06 0.995366 0.005674084553476889 1.0 0.0 1.0 0.0 0.0 0.0 1293.848 0.005215359458711931 1674048.0 11.099549540409287 0.1123564 0.0004227075206335715 
0.01 0.0 -1.690004 2.1908862666933185e-06 1.0001482 0.004502488240084018 1.0 0.0 1.0 0.0 0.0 0.0 1294.9180000000001 0.0017888351612491639 1676818.0 5.215361924162119 0.11006740000000001 0.0004559307491269025 
