1 0.232899 0.608761 0.468408 0.220002 0.343092 651.634 424988 0.55426
0.99 0.226315 0.631157 0.47068 0.222139 0.348985 653.502 427433 0.568491
0.98 0.220506 0.628082 0.472791 0.224131 0.352113 655.228 429677 0.55115
0.97 0.215027 0.653398 0.474218 0.225501 0.367227 656.235 431009 0.572675
0.96 0.206818 0.67241 0.477791 0.228891 0.364323 659.286 435020 0.571908
0.95 0.199642 0.675309 0.480007 0.231008 0.36492 661.076 437370 0.555175
0.94 0.193026 0.71233 0.482633 0.23356 0.383228 663.135 440112 0.584882
0.93 0.185508 0.707626 0.485331 0.236157 0.37859 665.411 443124 0.569864
0.92 0.179193 0.755029 0.487766 0.238534 0.387134 667.265 445605 0.589504
0.91 0.171335 0.75943 0.491091 0.241794 0.394353 670.082 449367 0.585406
0.9 0.163366 0.795062 0.49428 0.244939 0.400592 672.488 452598 0.591929
0.89 0.15533 0.815005 0.497564 0.248204 0.409954 675.128 456164 0.608374
0.88 0.146449 0.837469 0.501273 0.251901 0.410139 677.921 459935 0.599883
0.87 0.138034 0.877618 0.504628 0.255288 0.422832 680.456 463385 0.616136
0.86 0.129502 0.89584 0.508404 0.259124 0.435441 683.26 467215 0.630112
0.85 0.121125 0.93457 0.511639 0.262428 0.442243 685.773 470654 0.634319
0.84 0.111191 0.936833 0.516071 0.266977 0.443946 689.208 475374 0.632636
0.83 0.100559 1.02324 0.521005 0.272117 0.465605 693.09 480749 0.652453
0.82 0.091462 1.0102 0.524938 0.276211 0.457694 695.875 484609 0.642729
0.81 0.0794169 1.0952 0.530867 0.282494 0.478858 700.494 491070 0.666958
0.8 0.0709788 1.10285 0.534199 0.28603 0.476798 702.687 494138 0.655963
0.79 0.0585069 1.18043 0.540115 0.292404 0.495181 707.251 500577 0.669571
0.78 0.0465334 1.20602 0.545915 0.298689 0.491429 711.618 506770 0.665897
0.77 0.0335125 1.2871 0.5522 0.305618 0.518249 716.306 513472 0.685655
0.76 0.0229172 1.29977 0.556944 0.310854 0.506368 719.564 518133 0.660131
0.75 0.00627728 1.41698 0.565349 0.320314 0.533885 725.898 527313 0.707107
0.74 -0.00624937 1.45177 0.571169 0.326915 0.529508 729.992 533261 0.689188
0.73 -0.021162 1.56301 0.578842 0.335763 0.556557 735.746 541717 0.733958
0.72 -0.0375782 1.59759 0.586879 0.345114 0.550036 741.476 550162 0.704081
0.71 -0.054705 1.70021 0.595439 0.355236 0.559046 747.748 559500 0.703645
0.7 -0.0710842 1.81886 0.603049 0.364383 0.588247 753.199 567695 0.732139
0.69 -0.0905281 1.91231 0.613084 0.376588 0.597244 760.454 578684 0.751819
0.68 -0.113315 1.96742 0.624483 0.39067 0.584529 768.988 591714 0.710667
0.67 -0.129531 2.11365 0.632309 0.400514 0.601287 774.116 599638 0.736778
0.66 -0.153171 2.18811 0.644167 0.415637 0.598775 782.778 613116 0.725305
0.65 -0.17664 2.40452 0.65578 0.430728 0.603321 791.015 626078 0.725355
0.64 -0.201233 2.58783 0.667819 0.446677 0.62474 799.662 639837 0.737005
0.63 -0.225022 2.72466 0.679054 0.461809 0.635101 807.601 652597 0.742378
0.62 -0.253791 2.81101 0.693058 0.481004 0.627077 817.622 668872 0.723087
0.61 -0.281507 2.91681 0.706251 0.499439 0.611604 827.12 684482 0.701331
0.6 -0.310878 3.08216 0.720256 0.519408 0.613039 836.971 700878 0.714152
0.59 -0.344606 3.05353 0.73578 0.541961 0.575133 848.048 719509 0.646383
0.58 -0.375772 3.24547 0.749992 0.56307 0.578204 858.167 736775 0.651375
0.57 -0.409298 3.37794 0.764815 0.585497 0.561065 868.516 754633 0.631308
0.56 -0.444345 3.54828 0.780033 0.608981 0.545691 879.355 773567 0.611278
0.55 -0.476563 3.36201 0.793876 0.630714 0.498326 888.898 790408 0.550184
0.54 -0.51348 3.51801 0.809301 0.655428 0.490671 900.036 810329 0.544757
0.53 -0.548195 3.45273 0.823437 0.67846 0.4476 909.86 828085 0.497265
0.52 -0.581906 3.45314 0.836766 0.700557 0.421679 919.156 845074 0.473596
0.51 -0.614732 3.37586 0.849598 0.722164 0.391469 928.164 861698 0.441482
0.5 -0.651449 3.17716 0.863342 0.745665 0.352452 938.023 880076 0.402921
0.49 -0.68177 3.18618 0.874635 0.765265 0.328437 945.846 894808 0.393972
0.48 -0.71391 3.07083 0.886028 0.785294 0.298136 953.77 909841 0.357698
0.47 -0.743847 2.97185 0.896328 0.803631 0.278482 961.012 923700 0.344388
0.46 -0.772617 2.87152 0.906048 0.821121 0.248037 967.753 936686 0.316675
0.45 -0.800731 2.68078 0.915158 0.837688 0.2231 974.224 949243 0.296932
0.44 -0.827333 2.61548 0.923631 0.853249 0.201488 980.337 961185 0.286695
0.43 -0.854439 2.50607 0.931802 0.868391 0.182939 986.31 972923 0.272837
0.42 -0.878386 2.4436 0.93895 0.881747 0.166087 991.404 982990 0.260177
0.41 -0.902575 2.3234 0.945722 0.894496 0.149365 996.4 992914 0.245998
0.4 -0.924793 2.21632 0.951831 0.906076 0.134097 1000.79 1.00168e+06 0.232629
0.39 -0.946369 2.11169 0.957463 0.916815 0.118267 1005.21 1.01053e+06 0.223928
0.38 -0.966789 2.02663 0.962583 0.926637 0.105955 1009.31 1.01879e+06 0.222258
0.37 -0.98656 1.95128 0.967379 0.935882 0.0949064 1013.08 1.02641e+06 0.218993
0.36 -1.00602 1.86298 0.971755 0.94436 0.083718 1016.72 1.03379e+06 0.208034
0.35 -1.02408 1.80833 0.97563 0.951897 0.0725223 1020.06 1.04061e+06 0.209724
0.34 -1.04134 1.72006 0.979106 0.958686 0.0645821 1023.21 1.04702e+06 0.198897
0.33 -1.05866 1.62967 0.982296 0.964938 0.0561202 1026.19 1.05314e+06 0.192699
0.32 -1.07482 1.61189 0.985129 0.970507 0.0487093 1029.18 1.05928e+06 0.192047
0.31 -1.09016 1.54591 0.987638 0.97545 0.0412367 1031.96 1.065e+06 0.190688
0.3 -1.10529 1.46616 0.989863 0.979846 0.0342632 1034.61 1.07049e+06 0.190099
0.29 -1.11998 1.3802 0.991741 0.983565 0.0291417 1037.15 1.07575e+06 0.185992
0.28 -1.13353 1.38535 0.993385 0.986826 0.0239321 1039.43 1.08048e+06 0.183853
0.27 -1.14727 1.30082 0.994803 0.989641 0.0192844 1041.72 1.08524e+06 0.18064
0.26 -1.16011 1.28605 0.995978 0.991979 0.0157652 1043.81 1.08959e+06 0.179631
0.25 -1.17261 1.24044 0.996957 0.993929 0.0122852 1045.98 1.09411e+06 0.178293
0.24 -1.18486 1.21435 0.99773 0.99547 0.00962288 1047.95 1.09825e+06 0.176004
0.23 -1.19663 1.17318 0.998336 0.996677 0.00735352 1049.97 1.10248e+06 0.177239
0.22 -1.20811 1.15295 0.998827 0.997658 0.00537628 1051.78 1.10629e+06 0.17607
0.21 -1.21952 1.1245 0.999201 0.998404 0.00383525 1053.63 1.11018e+06 0.174005
0.2 -1.23068 1.1097 0.999465 0.998931 0.00266835 1055.5 1.11411e+06 0.175066
0.19 -1.2416 1.09006 0.999674 0.999349 0.00171789 1057.25 1.11781e+06 0.169784
0.18 -1.25243 1.06464 0.999806 0.999613 0.00108551 1058.98 1.12147e+06 0.173551
0.17 -1.26316 1.07341 0.999886 0.999773 0.000675584 1060.79 1.1253e+06 0.174345
0.16 -1.27373 1.06025 0.999944 0.999889 0.000339366 1062.52 1.12899e+06 0.172615
0.15 -1.28417 1.05452 0.999975 0.99995 0.000167143 1064.19 1.13252e+06 0.170041
0.14 -1.29473 1.03715 0.99999 0.99998 7.21346e-05 1065.93 1.13622e+06 0.172667
0.13 -1.30513 1.02297 0.999996 0.999992 3.19744e-05 1067.6 1.1398e+06 0.171338
0.12 -1.31555 1.03527 0.999999 0.999998 8.67535e-06 1069.37 1.14357e+06 0.17003
0.11 -1.32584 1.01641 0.999999 0.999999 4.73343e-06 1070.95 1.14696e+06 0.169039
0.1 -1.33619 1.04153 1 1 0 1072.66 1.15063e+06 0.169304
0.09 -1.34643 1.03407 1 1 0 1074.27 1.15408e+06 0.169478
0.08 -1.35669 1.03254 1 1 0 1075.97 1.15773e+06 0.167853
0.07 -1.36686 1.01852 1 1 0 1077.62 1.16127e+06 0.17018
0.06 -1.37704 1.02529 1 1 0 1079.21 1.16471e+06 0.168841
0.05 -1.38721 1.00185 1 1 0 1080.87 1.1683e+06 0.171614
0.04 -1.39731 1.01096 1 1 0 1082.53 1.17188e+06 0.170766
0.03 -1.4074 0.998637 1 1 0 1084.14 1.17537e+06 0.169086
0.02 -1.41746 1.00669 1 1 0 1085.75 1.17887e+06 0.169316
0.01 -1.4275 1.00149 1 1 0 1087.38 1.1824e+06 0.16831
