0 -1.055 inf 1 1 -nan 1339.56 1.79442e+06 inf
0.01 -1.045 0.998318 1 1 0 1338.76 1.79228e+06 0.0838854
0.02 -1.035 0.994425 1 1 0 1337.95 1.79012e+06 0.0840128
0.03 -1.02496 0.990109 1 1 0 1337.14 1.78794e+06 0.0835503
0.04 -1.01494 1.00199 1 1 0 1336.32 1.78577e+06 0.0848339
0.05 -1.00491 1.01105 1 1 0 1335.53 1.78364e+06 0.0825186
0.06 -0.994863 0.99747 1 1 0 1334.71 1.78145e+06 0.0844373
0.07 -0.984789 1.02039 1 1 0 1333.89 1.77928e+06 0.0826338
0.08 -0.974685 1.00242 1 1 0 1333.06 1.77705e+06 0.0823259
0.09 -0.964611 1.02098 1 1 0 1332.26 1.77492e+06 0.0836504
0.1 -0.954512 0.996423 1 1 1.73594e-06 1331.44 1.77274e+06 0.082799
0.11 -0.9444 1.01395 0.999999 0.999998 7.09908e-06 1330.62 1.77055e+06 0.0842789
0.12 -0.934299 1.0131 0.999998 0.999997 1.30091e-05 1329.79 1.76835e+06 0.0837049
0.13 -0.924134 1.01055 0.999995 0.99999 3.72885e-05 1329.01 1.76629e+06 0.0836862
0.14 -0.913922 1.0079 0.999988 0.999976 8.7438e-05 1328.18 1.76407e+06 0.0840941
0.15 -0.903751 1.01527 0.99997 0.999941 0.000198563 1327.37 1.76194e+06 0.0850485
0.16 -0.893577 1.01699 0.99994 0.999881 0.000372434 1326.5 1.75963e+06 0.0841109
0.17 -0.883297 1.03156 0.999888 0.999776 0.000665547 1325.69 1.75747e+06 0.0847804
0.18 -0.872884 1.03471 0.999786 0.999573 0.00119427 1324.88 1.75532e+06 0.0853127
0.19 -0.862492 1.07106 0.999651 0.999304 0.00185078 1323.96 1.7529e+06 0.0850467
0.2 -0.851914 1.07224 0.999442 0.998885 0.00276856 1323.15 1.75075e+06 0.0855952
0.21 -0.841127 1.08626 0.999164 0.998331 0.00400673 1322.18 1.74817e+06 0.0869016
0.22 -0.830023 1.10783 0.998736 0.997475 0.00570436 1321.18 1.74554e+06 0.0858254
0.23 -0.818938 1.13767 0.998221 0.996449 0.00764644 1320.3 1.74321e+06 0.0842616
0.24 -0.807547 1.14545 0.997546 0.995103 0.0101837 1319.3 1.74058e+06 0.0862117
0.25 -0.795535 1.19791 0.996658 0.993333 0.0133109 1318.14 1.73753e+06 0.0882993
0.26 -0.783657 1.25121 0.995674 0.991375 0.0170622 1317.04 1.73462e+06 0.0863933
0.27 -0.77115 1.28532 0.994358 0.988757 0.0217035 1315.87 1.73156e+06 0.0873683
0.28 -0.7579 1.31118 0.9928 0.985666 0.0270043 1314.55 1.72806e+06 0.0894379
0.29 -0.744466 1.40639 0.990987 0.982072 0.0325872 1313.19 1.72451e+06 0.08922
0.3 -0.730025 1.46538 0.988835 0.977816 0.0397964 1311.8 1.72084e+06 0.0913209
0.31 -0.715434 1.51588 0.98638 0.972971 0.0474481 1310.16 1.71656e+06 0.0936241
0.32 -0.700303 1.56748 0.983586 0.967471 0.0546091 1308.49 1.71219e+06 0.0934703
0.33 -0.684269 1.68747 0.980391 0.961203 0.0650126 1306.68 1.70745e+06 0.096659
0.34 -0.667807 1.72223 0.976772 0.954129 0.0760018 1304.73 1.70235e+06 0.0992597
0.35 -0.649439 1.82193 0.972569 0.945943 0.0873941 1302.46 1.69646e+06 0.101662
0.36 -0.631288 1.8939 0.968042 0.937168 0.100911 1300.11 1.69032e+06 0.106498
0.37 -0.611818 1.99736 0.962761 0.926985 0.117233 1297.47 1.68349e+06 0.109414
0.38 -0.59113 2.13225 0.956957 0.915857 0.136996 1294.64 1.67614e+06 0.116518
0.39 -0.568941 2.24792 0.950177 0.902942 0.155287 1291.26 1.66741e+06 0.122853
0.4 -0.545951 2.48753 0.943006 0.889392 0.189174 1287.84 1.6586e+06 0.135568
0.41 -0.519883 2.68154 0.934039 0.872588 0.223871 1283.32 1.64699e+06 0.145921
0.42 -0.491378 2.91006 0.923572 0.853184 0.273371 1278.2 1.63389e+06 0.166357
0.43 -0.460997 3.19416 0.911564 0.831195 0.329211 1272.04 1.6182e+06 0.190041
0.44 -0.424377 3.97864 0.896094 0.80335 0.478094 1264.02 1.59788e+06 0.268262
0.45 0.303484 0.279435 0.018142 0.000364941 0.0458344 413.781 171382 0.894825
0.46 0.306378 0.274865 0.0180787 0.000362434 0.0445686 412.697 170478 0.839615
0.47 0.309165 0.267686 0.0180274 0.00036126 0.0444526 411.786 169734 0.863208
0.48 0.311913 0.26357 0.0178046 0.000353747 0.0440921 410.721 168863 0.867993
0.49 0.314266 0.259191 0.0176286 0.000346642 0.0421693 409.556 167908 0.859456
0.5 0.316895 0.245903 0.0175457 0.000342853 0.0403203 408.652 167166 0.8323
0.51 0.319133 0.24217 0.0175423 0.000343289 0.0401592 408.051 166679 0.833191
0.52 0.321553 0.24063 0.0175214 0.000342303 0.0391072 407.488 166225 0.843735
0.53 0.324026 0.233549 0.0174122 0.000337498 0.0372928 406.346 165296 0.830018
0.54 0.326284 0.232648 0.0175298 0.000341689 0.0366892 405.814 164865 0.819383
0.55 0.328689 0.227944 0.0174672 0.000339911 0.0364541 404.903 164130 0.824323
0.56 0.330976 0.214649 0.0173168 0.000335001 0.036132 403.949 163359 0.81442
0.57 0.33338 0.215216 0.0173912 0.000337969 0.0358883 403.46 162972 0.834996
0.58 0.335303 0.21323 0.017552 0.000342337 0.0340277 403.083 162662 0.798287
0.59 0.337372 0.208627 0.0174629 0.000339334 0.0335641 402.5 162199 0.814734
0.6 0.339357 0.201786 0.017563 0.000344404 0.0345063 401.967 161774 0.814997
0.61 0.341384 0.197537 0.0176464 0.000347434 0.0340309 401.862 161694 0.820561
0.62 0.343408 0.194891 0.0178001 0.00035307 0.0336557 401.22 161180 0.81395
0.63 0.345404 0.199192 0.0176355 0.000346037 0.032024 400.347 160476 0.789549
0.64 0.347338 0.194891 0.0178956 0.000356863 0.0329502 400.227 160394 0.82718
0.65 0.349224 0.189347 0.0178314 0.000354745 0.0325975 399.59 159883 0.812531
0.66 0.351175 0.18865 0.0180655 0.000364014 0.0328588 399.413 159750 0.83231
0.67 0.352748 0.181534 0.0181606 0.000366012 0.0311257 399.298 159645 0.770538
0.68 0.354741 0.183963 0.0182324 0.000369715 0.0315913 398.927 159356 0.786593
0.69 0.356612 0.181957 0.0184991 0.000381033 0.0324022 398.931 159368 0.805404
0.7 0.35829 0.180888 0.018452 0.000378402 0.0312077 398.099 158700 0.777603
0.71 0.36029 0.178595 0.0188841 0.000395539 0.0315823 398.524 159046 0.793467
0.72 0.361893 0.178279 0.0187735 0.000391588 0.0313143 397.728 158411 0.781557
0.73 0.364064 0.172833 0.0190365 0.000402227 0.0314354 397.708 158401 0.78879
0.74 0.365628 0.173485 0.0191367 0.000405548 0.0306166 397.481 158223 0.787531
0.75 0.367229 0.169972 0.0193731 0.000416037 0.0312735 397.402 158164 0.788553
0.76 0.36911 0.172915 0.0196189 0.000425017 0.0304025 397.368 158136 0.776435
0.77 0.371088 0.168645 0.0196863 0.000428591 0.0307009 396.801 157692 0.78738
0.78 0.372786 0.173931 0.0198914 0.000437059 0.0305658 396.841 157720 0.766951
0.79 0.374038 0.168904 0.0199926 0.000441121 0.0301968 396.856 157737 0.773531
0.8 0.375845 0.170379 0.0203638 0.000456908 0.0304013 396.941 157810 0.781537
0.81 0.377355 0.166097 0.0205279 0.000465233 0.0311752 397.052 157902 0.782541
0.82 0.378935 0.166497 0.0206031 0.000468065 0.0306096 396.574 157523 0.775953
0.83 0.380834 0.166083 0.0209944 0.000486186 0.0315222 396.992 157863 0.78832
0.84 0.3826 0.16739 0.0211328 0.000492518 0.0314894 396.773 157698 0.808129
0.85 0.38403 0.163517 0.0213356 0.000501156 0.0311369 396.818 157725 0.77446
0.86 0.385581 0.165111 0.0215568 0.000510849 0.030913 396.717 157650 0.778728
0.87 0.387507 0.165679 0.0219534 0.000529308 0.0313532 397.024 157898 0.782199
0.88 0.389429 0.163822 0.0221477 0.00053863 0.0314913 396.94 157841 0.800225
0.89 0.391021 0.162188 0.0225111 0.000556007 0.0318785 397.26 158091 0.779416
0.9 0.392512 0.163565 0.0226972 0.000565894 0.032467 397.158 158027 0.81772
0.91 0.393999 0.16174 0.0228459 0.000571469 0.031353 397.226 158074 0.788535
0.92 0.395779 0.161596 0.0232251 0.000589266 0.0312176 397.471 158267 0.775601
0.93 0.397509 0.167789 0.0233689 0.000596608 0.0312783 397.282 158122 0.780716
0.94 0.399059 0.168283 0.0236901 0.000614191 0.0324583 397.528 158326 0.794513
0.95 0.400982 0.170036 0.0240603 0.000633055 0.0328355 397.875 158611 0.810027
0.96 0.402383 0.162468 0.0241324 0.000636094 0.0322334 397.866 158609 0.814289
0.97 0.404353 0.16603 0.0246497 0.000661823 0.032193 398.375 159006 0.783329
0.98 0.405797 0.163064 0.0248594 0.000673217 0.0324606 398.207 158874 0.780349
0.99 0.406973 0.167041 0.0251811 0.000690591 0.0328751 398.769 159335 0.805775
