3 -1.76838 1.15812 0.998256 0.996519 0.00500139 1214.02 1.47391e+06 0.140735
2.99 -1.75837 1.17694 0.998194 0.996394 0.00523252 1214.01 1.47389e+06 0.143339
2.98 -1.7481 1.17898 0.998168 0.996343 0.00518936 1213.88 1.47356e+06 0.141383
2.97 -1.73795 1.15766 0.998088 0.996184 0.00539523 1213.91 1.47365e+06 0.142428
2.96 -1.72801 1.18274 0.99804 0.996087 0.00561785 1213.86 1.47352e+06 0.140526
2.95 -1.71783 1.2069 0.998 0.996007 0.00574023 1213.84 1.47348e+06 0.141158
2.94 -1.70779 1.20542 0.997951 0.99591 0.00597385 1213.88 1.47356e+06 0.141862
2.93 -1.69778 1.19172 0.997868 0.995745 0.00619389 1213.79 1.47336e+06 0.140699
2.92 -1.68751 1.20372 0.997801 0.99561 0.00623521 1213.74 1.47322e+06 0.14011
2.91 -1.67735 1.19391 0.997774 0.995556 0.00634598 1213.84 1.47347e+06 0.143655
2.9 -1.6671 1.20211 0.997702 0.995412 0.00657931 1213.66 1.47303e+06 0.142467
2.89 -1.65677 1.18971 0.997609 0.995228 0.00686258 1213.63 1.47297e+06 0.141614
2.88 -1.6467 1.21771 0.997544 0.995099 0.00714475 1213.73 1.4732e+06 0.14307
2.87 -1.63665 1.24077 0.997487 0.994985 0.00718618 1213.69 1.4731e+06 0.140835
2.86 -1.62647 1.18832 0.997409 0.994828 0.0074298 1213.68 1.47309e+06 0.139194
2.85 -1.61659 1.23294 0.997352 0.994716 0.00770223 1213.7 1.47314e+06 0.141904
2.84 -1.6061 1.21044 0.997254 0.994519 0.00793941 1213.49 1.47262e+06 0.145046
2.83 -1.59588 1.23389 0.997182 0.994378 0.00803817 1213.5 1.47265e+06 0.141984
2.82 -1.58559 1.20867 0.997082 0.994177 0.00837925 1213.54 1.47273e+06 0.142411
2.81 -1.57579 1.23441 0.997012 0.994037 0.00851749 1213.56 1.4728e+06 0.140722
2.8 -1.56536 1.23497 0.996911 0.993837 0.00896948 1213.38 1.47235e+06 0.139886
2.79 -1.55564 1.23766 0.996814 0.993643 0.00931716 1213.42 1.47246e+06 0.144531
2.78 -1.54513 1.20547 0.996742 0.9935 0.00942936 1213.41 1.47243e+06 0.144627
2.77 -1.53468 1.24014 0.996616 0.993249 0.0098586 1213.3 1.47215e+06 0.142445
2.76 -1.52505 1.23525 0.996551 0.993121 0.0100045 1213.34 1.47226e+06 0.143947
2.75 -1.51458 1.25726 0.996435 0.992889 0.0102748 1213.28 1.47212e+06 0.14111
2.74 -1.50436 1.26496 0.99636 0.99274 0.0108349 1213.22 1.47197e+06 0.142388
2.73 -1.49399 1.27357 0.996192 0.992405 0.0110377 1213.2 1.47192e+06 0.14542
2.72 -1.48396 1.2534 0.996129 0.992281 0.0113477 1213.21 1.47193e+06 0.14246
2.71 -1.47372 1.25304 0.996021 0.992064 0.0115807 1213.15 1.47179e+06 0.141991
2.7 -1.46329 1.28935 0.995844 0.991712 0.0120359 1213.11 1.47171e+06 0.144823
2.69 -1.45317 1.26268 0.995749 0.991523 0.0122112 1212.99 1.4714e+06 0.14701
2.68 -1.44275 1.29033 0.995599 0.991226 0.0127891 1213.05 1.47155e+06 0.144948
2.67 -1.4326 1.2906 0.995533 0.991094 0.0129101 1212.95 1.47132e+06 0.143592
2.66 -1.42239 1.26866 0.995376 0.990783 0.0134662 1212.86 1.47109e+06 0.144531
2.65 -1.41163 1.33232 0.995235 0.990501 0.0136613 1212.76 1.47085e+06 0.14391
2.64 -1.40148 1.31731 0.995074 0.990181 0.0141384 1212.66 1.47061e+06 0.14746
2.63 -1.39115 1.30842 0.994915 0.989864 0.0147348 1212.61 1.4705e+06 0.145786
2.62 -1.38125 1.29161 0.99477 0.989577 0.0153035 1212.62 1.47051e+06 0.143396
2.61 -1.37053 1.29919 0.994629 0.989296 0.0157051 1212.53 1.47029e+06 0.144644
2.6 -1.36073 1.31752 0.994503 0.989046 0.015544 1212.51 1.47023e+06 0.143515
2.59 -1.3502 1.34465 0.994278 0.988599 0.0165712 1212.52 1.47026e+06 0.146085
2.58 -1.3398 1.34917 0.994163 0.988371 0.0171371 1212.24 1.46959e+06 0.143605
2.57 -1.32966 1.3276 0.993999 0.988045 0.017366 1212.28 1.46969e+06 0.143039
2.56 -1.31951 1.34817 0.993813 0.987675 0.01795 1212.35 1.46986e+06 0.147248
2.55 -1.30883 1.36226 0.993614 0.98728 0.0185085 1212.22 1.46953e+06 0.145972
2.54 -1.29835 1.36383 0.993404 0.986863 0.0193923 1212.09 1.46923e+06 0.144466
2.53 -1.28808 1.37169 0.993217 0.986492 0.0194973 1212.01 1.46903e+06 0.145961
2.52 -1.27818 1.35518 0.993037 0.986135 0.0205408 1212.03 1.46907e+06 0.146483
2.51 -1.26704 1.38073 0.992767 0.985599 0.0211298 1211.8 1.46853e+06 0.147376
2.5 -1.25669 1.34912 0.992599 0.985266 0.0215917 1211.77 1.46845e+06 0.144694
2.49 -1.24653 1.38385 0.992391 0.984853 0.0221918 1211.72 1.46834e+06 0.148036
2.48 -1.23619 1.4083 0.992166 0.984407 0.0227239 1211.61 1.46807e+06 0.148393
2.47 -1.22556 1.39183 0.991955 0.983989 0.024189 1211.5 1.46779e+06 0.148052
2.46 -1.21537 1.41591 0.991726 0.983535 0.0242135 1211.45 1.46766e+06 0.14822
2.45 -1.20496 1.43485 0.991451 0.982991 0.025107 1211.39 1.46752e+06 0.14431
2.44 -1.19425 1.4275 0.991148 0.98239 0.0261502 1211.19 1.46706e+06 0.148594
2.43 -1.18409 1.3999 0.990916 0.981931 0.0262824 1211.07 1.46677e+06 0.149043
2.42 -1.17355 1.39971 0.990686 0.981475 0.0274587 1211.09 1.46681e+06 0.14592
2.41 -1.16288 1.43489 0.990398 0.980906 0.0281531 1210.94 1.46644e+06 0.149242
2.4 -1.15251 1.42112 0.990106 0.980328 0.0289025 1210.81 1.46613e+06 0.145728
2.39 -1.14192 1.42157 0.989799 0.979721 0.0299586 1210.68 1.46581e+06 0.146278
2.38 -1.13144 1.48889 0.989501 0.97913 0.0304898 1210.61 1.46564e+06 0.14705
2.37 -1.12107 1.49718 0.989253 0.978641 0.0323057 1210.48 1.46532e+06 0.150939
2.36 -1.10993 1.4916 0.988825 0.977796 0.032919 1210.37 1.46505e+06 0.151204
2.35 -1.09981 1.49781 0.98854 0.977233 0.0344278 1210.27 1.46482e+06 0.150097
2.34 -1.08917 1.47513 0.988134 0.976431 0.0349576 1210.04 1.46426e+06 0.151513
2.33 -1.07851 1.52971 0.987743 0.975659 0.0372582 1210.01 1.46418e+06 0.150445
2.32 -1.06847 1.51399 0.9875 0.97518 0.0374762 1209.89 1.4639e+06 0.152829
2.31 -1.05749 1.49879 0.98701 0.974212 0.0378898 1209.63 1.46326e+06 0.147717
2.3 -1.04642 1.53494 0.986572 0.973349 0.0400778 1209.45 1.46283e+06 0.151841
2.29 -1.03584 1.52169 0.98623 0.972675 0.0404677 1209.25 1.46234e+06 0.15358
2.28 -1.02543 1.54548 0.985797 0.971822 0.0420642 1209.11 1.46201e+06 0.152056
2.27 -1.0142 1.56819 0.985312 0.970867 0.0439167 1208.9 1.4615e+06 0.154698
2.26 -1.00381 1.59382 0.984922 0.970099 0.0454236 1208.76 1.46116e+06 0.157707
2.25 -0.992786 1.60018 0.98439 0.969052 0.0470956 1208.64 1.46089e+06 0.155943
2.24 -0.982478 1.58057 0.984053 0.96839 0.0482375 1208.43 1.46038e+06 0.154619
2.23 -0.971582 1.60618 0.983521 0.967345 0.0498434 1208.2 1.45981e+06 0.15625
2.22 -0.960897 1.57863 0.983012 0.966343 0.05125 1208.02 1.45937e+06 0.156595
2.21 -0.949674 1.61103 0.982434 0.965208 0.0532627 1207.77 1.45877e+06 0.158036
2.2 -0.939184 1.64304 0.982 0.964357 0.0531916 1207.59 1.45833e+06 0.158139
2.19 -0.928046 1.65487 0.981313 0.96301 0.0579424 1207.29 1.45762e+06 0.155442
2.18 -0.917246 1.61899 0.980817 0.962038 0.0576435 1207.11 1.45719e+06 0.158954
2.17 -0.906877 1.67979 0.980303 0.96103 0.0604586 1207.05 1.45704e+06 0.160048
2.16 -0.895369 1.67231 0.97957 0.959595 0.0627078 1206.63 1.45603e+06 0.160046
2.15 -0.884311 1.71325 0.978944 0.958372 0.0654187 1206.35 1.45534e+06 0.161301
2.14 -0.873366 1.71442 0.97821 0.956936 0.0684473 1206.11 1.45477e+06 0.16225
2.13 -0.862162 1.69496 0.977691 0.955921 0.068768 1205.74 1.45388e+06 0.159923
2.12 -0.851361 1.70068 0.976928 0.954432 0.0713461 1205.55 1.45342e+06 0.162212
2.11 -0.84052 1.772 0.97624 0.95309 0.0746486 1205.22 1.45264e+06 0.167117
2.1 -0.829592 1.78127 0.975503 0.951653 0.0761647 1205.08 1.45228e+06 0.161628
2.09 -0.817974 1.79154 0.974646 0.949985 0.0816871 1204.61 1.45115e+06 0.163823
2.08 -0.807263 1.77137 0.97399 0.948707 0.081727 1204.42 1.45069e+06 0.163527
2.07 -0.79612 1.80548 0.973074 0.946925 0.0850973 1204.03 1.44977e+06 0.168123
2.06 -0.784219 1.89504 0.972106 0.945044 0.0887825 1203.58 1.44867e+06 0.169234
2.05 -0.773288 1.83402 0.971279 0.943438 0.0904124 1203.2 1.44776e+06 0.168096
2.04 -0.762295 1.85871 0.970367 0.941669 0.0942123 1202.97 1.44721e+06 0.173514
2.03 -0.75087 1.88994 0.969413 0.939821 0.0988164 1202.51 1.4461e+06 0.171637
2.02 -0.739417 1.94314 0.96832 0.937705 0.102799 1201.96 1.44479e+06 0.174065
2.01 -0.727283 1.91496 0.967146 0.935435 0.106222 1201.42 1.44348e+06 0.173996
2 -0.715981 1.97128 0.966204 0.933616 0.108321 1201.1 1.44271e+06 0.177694
1.99 -0.704669 1.98869 0.965 0.931293 0.112819 1200.72 1.44181e+06 0.181238
1.98 -0.692926 2.00813 0.963915 0.929203 0.117871 1200.07 1.44023e+06 0.17932
1.97 -0.681409 2.0305 0.962799 0.927058 0.123446 1199.71 1.43939e+06 0.18243
1.96 -0.670232 2.02567 0.961576 0.924704 0.125583 1199.19 1.43814e+06 0.183256
1.95 -0.657857 2.09454 0.960063 0.921803 0.134189 1198.42 1.43629e+06 0.188323
1.94 -0.646446 2.09339 0.958903 0.919579 0.137543 1198.03 1.43536e+06 0.18943
1.93 -0.634476 2.18136 0.957243 0.916402 0.14649 1197.23 1.43345e+06 0.192123
1.92 -0.622438 2.20419 0.955827 0.913699 0.154313 1196.7 1.43217e+06 0.19625
1.91 -0.610644 2.20293 0.95442 0.911015 0.158237 1195.99 1.43046e+06 0.195337
1.9 -0.598771 2.18321 0.952894 0.908106 0.163271 1195.39 1.42905e+06 0.197538
1.89 -0.587018 2.26824 0.951326 0.905125 0.170024 1194.68 1.42735e+06 0.206173
1.88 -0.574693 2.32255 0.94948 0.901622 0.179868 1193.93 1.42556e+06 0.206355
1.87 -0.562346 2.377 0.947597 0.898057 0.192532 1193.06 1.42348e+06 0.212547
1.86 -0.550037 2.29643 0.94571 0.894482 0.190164 1192.18 1.42139e+06 0.213665
1.85 -0.537276 2.43547 0.943559 0.89043 0.20792 1191.22 1.4191e+06 0.221578
1.84 -0.525088 2.47124 0.94169 0.886908 0.212277 1190.43 1.41722e+06 0.217049
1.83 -0.511891 2.49741 0.93918 0.882196 0.226459 1189.1 1.41406e+06 0.226284
1.82 -0.499211 2.49957 0.936977 0.878073 0.240488 1188.14 1.41178e+06 0.23427
1.81 -0.486407 2.58946 0.934645 0.873714 0.250481 1187.04 1.40915e+06 0.239139
1.8 -0.473073 2.67032 0.931811 0.868433 0.266259 1185.61 1.40577e+06 0.247974
1.79 -0.459782 2.63993 0.929173 0.863534 0.280702 1184.37 1.40284e+06 0.254849
1.78 -0.446022 2.85652 0.926034 0.857729 0.312734 1182.95 1.39949e+06 0.270445
1.77 -0.433109 2.85787 0.923226 0.852541 0.320585 1181.74 1.39662e+06 0.27764
1.76 -0.419152 3.03791 0.919753 0.84616 0.351859 1179.93 1.39235e+06 0.294848
1.75 -0.404817 3.07536 0.916143 0.839546 0.373366 1178.16 1.38819e+06 0.304624
1.74 -0.390453 3.12692 0.912173 0.832301 0.396724 1176.07 1.38326e+06 0.323001
1.73 -0.377221 3.25751 0.909001 0.82654 0.424957 1174.71 1.38008e+06 0.331601
1.72 -0.361498 3.40627 0.904182 0.817831 0.470476 1172.09 1.37395e+06 0.357492
1.71 -0.347248 3.53001 0.900025 0.810347 0.498336 1170.05 1.36918e+06 0.379297
1.7 -0.331416 3.61943 0.89475 0.800906 0.539773 1167.34 1.36284e+06 0.39692
1.69 -0.314758 3.93526 0.888641 0.790062 0.622262 1164.07 1.35524e+06 0.451983
1.68 -0.296203 4.3401 0.881067 0.776728 0.738766 1159.74 1.34522e+06 0.52158
1.67 -0.277089 5.20216 0.872743 0.762257 0.949595 1154.96 1.33419e+06 0.671035
1.66 -0.257434 5.54066 0.863695 0.746635 1.09551 1149.8 1.32234e+06 0.770231
1.65 0.0212206 297.919 0.449492 0.358092 256.812 797.475 750984 412.077
1.64 0.268277 0.468422 0.0584139 0.003557 0.238327 461.119 212862 1.43226
1.63 0.269305 0.451706 0.0561828 0.00329274 0.224195 458.868 210781 1.38228
1.62 0.270315 0.452045 0.0537793 0.00302073 0.211493 456.68 208769 1.32878
1.61 0.270917 0.441612 0.0519655 0.00282209 0.200231 454.928 207168 1.30438
1.6 0.271909 0.426674 0.0499986 0.0026201 0.197876 453.05 205460 1.29789
1.59 0.272535 0.42558 0.0481718 0.00243037 0.180776 451.328 203891 1.2253
1.58 0.273144 0.424974 0.0467062 0.00229012 0.178804 449.876 202584 1.23983
1.57 0.274063 0.426016 0.0450144 0.00212694 0.165626 448.241 201107 1.1883
1.56 0.274651 0.425443 0.0433233 0.00197351 0.158983 446.66 199691 1.18678
1.55 0.275271 0.412022 0.0415756 0.00181692 0.145458 444.838 198057 1.13262
1.54 0.275458 0.407422 0.0399566 0.00168333 0.142854 443.492 196860 1.12331
1.53 0.276267 0.411964 0.0387876 0.00158818 0.13776 442.244 195757 1.1478
1.52 0.276562 0.4054 0.0375398 0.00149152 0.135408 441.056 194702 1.1139
1.51 0.277164 0.396955 0.0362962 0.00139607 0.129455 439.825 193617 1.10706
1.5 0.277607 0.396616 0.0347403 0.00128097 0.121927 438.353 192316 1.06145
1.49 0.278036 0.39751 0.0338848 0.00121931 0.117066 437.58 191638 1.05208
1.48 0.278386 0.391415 0.0324629 0.00112298 0.113789 436.119 190360 1.05031
1.47 0.278723 0.388299 0.031525 0.00105861 0.106623 435.151 189506 0.981796
1.46 0.278912 0.381626 0.0302219 0.00097463 0.100831 433.95 188462 0.983202
1.45 0.279334 0.382194 0.0292465 0.00091475 0.0977395 432.945 187592 0.992782
1.44 0.279462 0.384316 0.02842 0.000866309 0.0964637 432.396 187120 1.01133
1.43 0.279652 0.384493 0.0275477 0.000814956 0.0922965 431.587 186415 0.97454
1.42 0.279942 0.386061 0.0266273 0.000762872 0.0886327 430.592 185552 0.948667
1.41 0.280324 0.376961 0.0258965 0.000721043 0.0829653 429.858 184918 0.931336
1.4 0.280485 0.381647 0.0246705 0.000656192 0.0782694 428.498 183746 0.908106
1.39 0.280496 0.373124 0.0241774 0.000633227 0.0801109 428.066 183382 0.942232
1.38 0.280844 0.377743 0.0233438 0.000590569 0.0751011 427.467 182864 0.910419
1.37 0.281105 0.377915 0.0225605 0.000553214 0.0728027 426.457 182000 0.903009
1.36 0.281004 0.374009 0.0220266 0.000528439 0.0712089 426.107 181706 0.931175
1.35 0.281165 0.386555 0.0214107 0.000500595 0.0694135 425.605 181274 0.901968
1.34 0.281499 0.373493 0.0205304 0.000461265 0.0654472 424.501 180333 0.885673
1.33 0.281618 0.374925 0.0197477 0.00042805 0.0626627 423.792 179727 0.8572
1.32 0.281609 0.371001 0.0191869 0.000405067 0.0607772 423.411 179407 0.872656
1.31 0.281596 0.373997 0.0187069 0.000386096 0.0594864 422.976 179035 0.852143
1.3 0.28183 0.359546 0.0180543 0.000360168 0.0563023 422.193 178374 0.85618
1.29 0.28177 0.377276 0.0175176 0.000340147 0.0547685 421.887 178115 0.856246
1.28 0.28182 0.367885 0.0168873 0.000317055 0.052455 421.294 177612 0.836593
1.27 0.282012 0.357829 0.0164578 0.000302718 0.0524305 420.686 177101 0.846159
1.26 0.282203 0.372026 0.0159654 0.000284976 0.049508 420.188 176682 0.839463
1.25 0.282201 0.36821 0.0156088 0.000272772 0.0479542 419.771 176329 0.826828
1.24 0.282153 0.370206 0.0149672 0.000252142 0.0462854 419.286 175920 0.808183
1.23 0.282138 0.360441 0.0143806 0.000234292 0.0452392 418.714 175441 0.817279
1.22 0.282252 0.352911 0.0140944 0.000225274 0.0438147 418.556 175308 0.81142
1.21 0.282278 0.367149 0.0135543 0.000209134 0.0418279 417.83 174700 0.804936
1.2 0.282517 0.358306 0.0132487 0.000200893 0.0417429 417.44 174374 0.81031
1.19 0.282475 0.370402 0.012785 0.000187324 0.0392805 417.051 174047 0.79164
1.18 0.282409 0.361067 0.0123712 0.000176103 0.0379453 416.761 173805 0.790854
1.17 0.282205 0.363592 0.011997 0.000165856 0.0360893 416.61 173678 0.781977
1.16 0.282385 0.363684 0.0116095 0.00015612 0.0351196 415.971 173144 0.771055
1.15 0.28256 0.357654 0.0114319 0.000151339 0.0339842 415.78 172985 0.766256
1.14 0.282208 0.366327 0.0109267 0.000139572 0.0332072 415.459 172718 0.76786
1.13 0.282312 0.360479 0.0107077 0.000134321 0.0323638 415.111 172430 0.778756
1.12 0.282686 0.361857 0.0103396 0.000126017 0.03145 414.559 171972 0.776866
1.11 0.282362 0.364396 0.0100221 0.000118741 0.0301121 414.527 171945 0.777029
1.1 0.282341 0.35091 0.00974175 0.000112724 0.0293305 414.175 171649 0.748217
1.09 0.282556 0.361044 0.00937283 0.000104962 0.028161 413.609 171182 0.756847
1.08 0.282496 0.365582 0.00917613 0.00010128 0.028107 413.565 171146 0.761559
1.07 0.282356 0.368402 0.00884401 9.4611e-05 0.0269806 413.294 170922 0.76362
1.06 0.282329 0.364289 0.00864618 9.03797e-05 0.0257113 413.217 170856 0.746885
1.05 0.282227 0.35835 0.00831858 8.43226e-05 0.0248895 412.872 170570 0.742379
1.04 0.282367 0.360594 0.00822031 8.25822e-05 0.0247 412.788 170502 0.749451
1.03 0.282338 0.357121 0.0079204 7.69539e-05 0.023404 412.345 170135 0.73793
1.02 0.282212 0.365398 0.00760755 7.16735e-05 0.0227087 412.081 169917 0.732955
1.01 0.28213 0.359969 0.00747153 6.94987e-05 0.0225051 411.996 169848 0.745065
1 0.282132 0.361306 0.00728116 6.59371e-05 0.0212655 411.821 169703 0.734972
0.99 0.282011 0.355925 0.00706753 6.28786e-05 0.0212767 411.702 169605 0.743835
0.98 0.282183 0.362863 0.00680764 5.88855e-05 0.0206398 411.305 169278 0.737933
0.97 0.282016 0.366782 0.00659939 5.54852e-05 0.0196386 411.191 169182 0.727084
0.96 0.282096 0.355967 0.00640694 5.26949e-05 0.0191659 411.018 169041 0.729855
0.95 0.281834 0.360192 0.00623941 4.99479e-05 0.0181319 410.997 169023 0.729489
0.94 0.282014 0.354719 0.00603585 4.72974e-05 0.0178822 410.465 168583 0.710941
0.93 0.28187 0.358021 0.00577578 4.36847e-05 0.0169922 410.355 168492 0.700725
0.92 0.281807 0.360951 0.00572075 4.29837e-05 0.0168796 410.374 168511 0.722075
0.91 0.281939 0.357131 0.00555017 4.05801e-05 0.0160879 410.148 168324 0.717476
0.9 0.28206 0.356323 0.00539887 3.89951e-05 0.0162059 409.798 168035 0.704865
0.89 0.28192 0.356961 0.00524488 3.70224e-05 0.0156568 409.752 167999 0.710962
0.88 0.281783 0.35546 0.005148 3.56676e-05 0.015084 409.866 168091 0.699786
0.87 0.2817 0.349842 0.00491545 3.30802e-05 0.0146773 409.438 167740 0.699849
0.86 0.281877 0.362803 0.00478767 3.14468e-05 0.0140297 409.225 167565 0.699661
0.85 0.281449 0.357023 0.0046237 2.97374e-05 0.0137562 409.329 167651 0.703842
0.84 0.281845 0.363704 0.00451892 2.84804e-05 0.0132639 409.101 167462 0.690201
0.83 0.281593 0.354365 0.00435269 2.66464e-05 0.0126729 408.983 167368 0.70908
0.82 0.281393 0.355804 0.00423941 2.55344e-05 0.0124446 408.886 167288 0.698961
0.81 0.281619 0.35051 0.00417214 2.48069e-05 0.0121787 408.743 167172 0.702933
0.8 0.281582 0.35776 0.00402682 2.32577e-05 0.0115898 408.671 167114 0.71509
0.79 0.28155 0.358864 0.00390295 2.20854e-05 0.011277 408.564 167024 0.694073
0.78 0.281282 0.361597 0.00375903 2.07408e-05 0.010879 408.444 166926 0.691637
0.77 0.281527 0.361969 0.00369175 2.01668e-05 0.0107592 408.274 166786 0.685855
0.76 0.281387 0.352234 0.00359158 1.92981e-05 0.0105304 408.199 166727 0.703161
0.75 0.281358 0.353857 0.00346562 1.80971e-05 0.0100168 408.118 166660 0.694124
0.74 0.281426 0.356407 0.00334123 1.69429e-05 0.0095107 407.896 166477 0.682427
0.73 0.281174 0.346794 0.00325564 1.63169e-05 0.00940966 407.947 166516 0.669884
0.72 0.281201 0.363 0.00316606 1.5595e-05 0.00916841 407.855 166445 0.696007
0.71 0.281459 0.354015 0.00312387 1.53066e-05 0.0091304 407.609 166245 0.697564
0.7 0.281033 0.347261 0.00300668 1.43716e-05 0.00877404 407.828 166421 0.683367
0.69 0.281286 0.35658 0.00291267 1.36547e-05 0.00851003 407.54 166187 0.688838
0.68 0.280984 0.349014 0.002827 1.30297e-05 0.0082908 407.536 166182 0.673886
0.67 0.280935 0.348349 0.00273984 1.23751e-05 0.00801187 407.363 166039 0.663523
0.66 0.281196 0.35216 0.00266042 1.17715e-05 0.00772446 407.111 165837 0.688166
0.65 0.28104 0.356278 0.00257908 1.11827e-05 0.0074568 407.206 165913 0.673458
0.64 0.281129 0.353798 0.00250139 1.06355e-05 0.00720583 407.019 165761 0.675605
0.63 0.281069 0.356691 0.00245182 1.03342e-05 0.00711409 407.003 165748 0.678128
0.62 0.280859 0.349191 0.00237899 9.81928e-06 0.00684562 407.019 165761 0.680738
0.61 0.281066 0.36064 0.0023125 9.44643e-06 0.00674542 406.792 165574 0.667848
0.6 0.280785 0.346455 0.00221641 8.86035e-06 0.0064971 406.8 165583 0.681882
0.59 0.280801 0.352475 0.00219036 8.66021e-06 0.00635659 406.926 165687 0.68568
0.58 0.280912 0.347273 0.00213108 8.25135e-06 0.00610538 406.526 165359 0.670492
0.57 0.280604 0.349884 0.00203212 7.67235e-06 0.0058305 406.627 165440 0.66763
0.56 0.280742 0.341484 0.0020072 7.53747e-06 0.00577414 406.546 165374 0.662058
0.55 0.280608 0.352856 0.00192205 7.09786e-06 0.00560134 406.602 165422 0.678196
0.54 0.28059 0.351249 0.00185009 6.65675e-06 0.00532212 406.47 165314 0.67939
0.53 0.280515 0.349727 0.00182283 6.4756e-06 0.00518876 406.58 165402 0.660997
0.52 0.280652 0.352787 0.00176406 6.17826e-06 0.00504633 406.36 165224 0.669344
0.51 0.280353 0.349667 0.00173325 6.06177e-06 0.00503198 406.35 165216 0.676182
0.5 0.280287 0.35108 0.00168325 5.81974e-06 0.0049148 406.546 165376 0.674851
0.49 0.280646 0.348767 0.00163273 5.54425e-06 0.00473712 406.064 164982 0.66152
0.48 0.280367 0.351583 0.00156389 5.16523e-06 0.00447549 406.26 165141 0.661732
0.47 0.280384 0.348869 0.0015566 5.12123e-06 0.00444052 406.379 165240 0.677938
0.46 0.280146 0.34994 0.00149245 4.84046e-06 0.00430036 406.313 165186 0.67237
0.45 0.280259 0.354043 0.00144731 4.59693e-06 0.00411794 406.014 164944 0.677517
0.44 0.280345 0.351039 0.00140981 4.43688e-06 0.00403088 406.01 164939 0.670911
0.43 0.28044 0.345798 0.00137292 4.27548e-06 0.0039342 405.893 164843 0.658894
0.42 0.280395 0.356567 0.00131944 4.05093e-06 0.00380159 405.88 164835 0.67741
0.41 0.280314 0.350853 0.00129036 3.90972e-06 0.00369409 405.936 164881 0.679515
0.4 0.279898 0.349614 0.00125347 3.77423e-06 0.00362558 406.142 165046 0.663162
0.39 0.280118 0.348083 0.00121892 3.6181e-06 0.0035092 406.03 164954 0.658695
0.38 0.2804 0.350829 0.00120009 3.56641e-06 0.00349912 405.78 164754 0.678533
0.37 0.280446 0.347612 0.00116866 3.40425e-06 0.00335476 405.666 164660 0.669012
0.36 0.280312 0.348135 0.00113056 3.27902e-06 0.00329285 405.791 164762 0.671197
0.35 0.279974 0.355231 0.00109201 3.11294e-06 0.00316051 405.864 164821 0.673077
0.34 0.280068 0.355538 0.00106519 3.007e-06 0.00308138 405.789 164761 0.680861
0.33 0.280207 0.346744 0.00103655 2.87317e-06 0.00296022 405.605 164612 0.679889
0.32 0.279963 0.343294 0.000992274 2.7285e-06 0.00286994 405.728 164709 0.661237
0.31 0.279992 0.346777 0.000973177 2.64651e-06 0.00279679 405.668 164660 0.658917
0.3 0.280074 0.357843 0.000947743 2.52821e-06 0.00268251 405.531 164551 0.674761
0.29 0.279946 0.346529 0.000929601 2.50063e-06 0.00269317 405.563 164576 0.665285
0.28 0.279931 0.343487 0.000875608 2.30803e-06 0.00253661 405.494 164521 0.668901
0.27 0.280011 0.350477 0.00087526 2.29085e-06 0.00250934 405.572 164584 0.668228
0.26 0.279842 0.354274 0.000831424 2.15025e-06 0.00240107 405.554 164568 0.664717
0.25 0.279732 0.344104 0.000817274 2.09614e-06 0.00235042 405.697 164684 0.660732
0.24 0.280069 0.351061 0.000794097 2.02215e-06 0.00229011 405.398 164442 0.659713
0.23 0.279815 0.349443 0.000784028 1.99954e-06 0.00227905 405.571 164583 0.676643
0.22 0.279808 0.347593 0.000752778 1.88018e-06 0.00216166 405.352 164404 0.663725
0.21 0.279884 0.346013 0.000739757 1.8404e-06 0.00212817 405.326 164384 0.666574
0.2 0.279794 0.35362 0.000715451 1.77861e-06 0.00208469 405.373 164422 0.668888
0.19 0.27969 0.348634 0.000693142 1.67598e-06 0.00196751 405.349 164403 0.667352
0.18 0.279753 0.344005 0.000673698 1.61932e-06 0.00191799 405.395 164439 0.661595
0.17 0.279994 0.351396 0.000645139 1.50795e-06 0.00179669 405.256 164326 0.658107
0.16 0.279875 0.353956 0.00063776 1.49634e-06 0.00179317 405.232 164307 0.659113
0.15 0.279744 0.348459 0.000613802 1.4665e-06 0.00179341 405.416 164454 0.6508
0.14 0.279762 0.343365 0.000586458 1.36478e-06 0.00168002 405.205 164285 0.659587
0.13 0.279619 0.353041 0.000587674 1.36839e-06 0.00168362 405.278 164344 0.661053
0.12 0.279777 0.344462 0.000549566 1.25823e-06 0.00157364 405.11 164206 0.651868
0.11 0.279614 0.344502 0.000545226 1.25341e-06 0.00157352 405.235 164310 0.664902
0.1 0.279642 0.342614 0.000527344 1.19162e-06 0.0015034 405.247 164319 0.660165
0.09 0.279676 0.340578 0.000511111 1.1336e-06 0.00143566 405.118 164213 0.656965
0.08 0.27956 0.337626 0.000499392 1.11295e-06 0.00142117 405.124 164218 0.650281
0.07 0.279571 0.337514 0.000488542 1.08175e-06 0.00138747 405.106 164206 0.667224
0.06 0.279573 0.348806 0.000473177 1.05689e-06 0.00137087 405.231 164306 0.664608
0.05 0.27951 0.347799 0.000459549 1.01846e-06 0.00132854 405.321 164378 0.655534
0.04 0.279697 0.343822 0.000450087 9.85153e-07 0.00128789 405.055 164163 0.659792
0.03 0.279668 0.34814 0.000430469 9.29091e-07 0.00122406 404.862 164006 0.650093
0.02 0.279494 0.341379 0.000419184 8.95634e-07 0.00118478 405.08 164181 0.647286
0.01 0.279449 0.355836 0.00041033 8.76947e-07 0.00116611 405.177 164264 0.674595
