0 0.279489 0.329919 0.000394358 8.48313e-07 0.00114014 405.08 164184 0.666988
0.01 0.279445 0.34228 0.000404601 8.83879e-07 0.00118521 405.178 164263 0.658681
0.02 0.279387 0.344859 0.000417274 8.9473e-07 0.00118592 405.045 164156 0.666584
0.03 0.279649 0.337333 0.000444531 9.6315e-07 0.00125986 405.062 164170 0.667547
0.04 0.279811 0.34077 0.000455469 9.89674e-07 0.00128731 405.077 164180 0.653618
0.05 0.279597 0.345119 0.000450521 9.83193e-07 0.00128403 405.008 164126 0.667584
0.06 0.279766 0.34926 0.000467795 1.02735e-06 0.00133059 404.97 164094 0.658399
0.07 0.279514 0.355547 0.000496181 1.11943e-06 0.0014371 405.21 164290 0.673114
0.08 0.279642 0.344475 0.000514062 1.15922e-06 0.00147284 405.226 164301 0.655534
0.09 0.279808 0.347477 0.000501997 1.14219e-06 0.00146499 404.917 164053 0.667529
0.1 0.279515 0.352803 0.000524392 1.17233e-06 0.00147676 405.202 164283 0.664829
0.11 0.279511 0.349161 0.000548611 1.24783e-06 0.00155825 405.255 164325 0.658533
0.12 0.279684 0.347996 0.000565972 1.29786e-06 0.00160875 405.261 164329 0.657289
0.13 0.279803 0.351986 0.00057309 1.32439e-06 0.00163906 405.095 164198 0.676143
0.14 0.279948 0.352497 0.000592188 1.36658e-06 0.00167188 405.115 164212 0.656925
0.15 0.279634 0.344232 0.000617622 1.45656e-06 0.00176931 405.274 164341 0.661024
0.16 0.279741 0.342353 0.000626562 1.48202e-06 0.00179291 405.247 164320 0.666298
0.17 0.279766 0.345078 0.000636111 1.52633e-06 0.00184599 405.263 164332 0.667061
0.18 0.279729 0.335703 0.000661285 1.56551e-06 0.00185672 405.494 164518 0.652037
0.19 0.279845 0.337871 0.000703646 1.69391e-06 0.00197288 405.287 164350 0.64829
0.2 0.279668 0.342194 0.000707552 1.73867e-06 0.00203747 405.439 164475 0.666043
0.21 0.279885 0.350258 0.00072934 1.80905e-06 0.00210177 405.33 164386 0.661021
0.22 0.279587 0.343932 0.000736458 1.81327e-06 0.00209154 405.574 164586 0.669971
0.23 0.280022 0.353954 0.000786545 2.01054e-06 0.00229065 405.407 164448 0.662214
0.24 0.279905 0.348257 0.000802083 2.05771e-06 0.00232766 405.377 164426 0.668589
0.25 0.279893 0.348999 0.000811285 2.09358e-06 0.00236226 405.566 164577 0.658989
0.26 0.279782 0.344644 0.000842535 2.18702e-06 0.00243097 405.582 164592 0.670972
0.27 0.279756 0.347901 0.000865972 2.26569e-06 0.00249454 405.585 164591 0.648723
0.28 0.280045 0.346618 0.000905556 2.38534e-06 0.00257606 405.584 164592 0.660422
0.29 0.279998 0.346599 0.000914931 2.44171e-06 0.00264073 405.59 164599 0.669801
0.3 0.280058 0.342704 0.000947396 2.54901e-06 0.00271782 405.549 164563 0.654668
0.31 0.280017 0.34668 0.000979514 2.64757e-06 0.00277817 405.673 164666 0.668472
0.32 0.280064 0.344692 0.00101285 2.76602e-06 0.00286381 405.68 164669 0.654534
0.33 0.280155 0.352395 0.00104123 2.90904e-06 0.00300322 405.558 164571 0.659687
0.34 0.28017 0.352079 0.00106866 2.98349e-06 0.0030305 405.547 164564 0.674697
0.35 0.280192 0.349021 0.00108646 3.07316e-06 0.00311495 405.63 164630 0.666694
0.36 0.280298 0.34754 0.00113472 3.27902e-06 0.00327732 405.733 164714 0.66556
0.37 0.279984 0.345716 0.00113307 3.26259e-06 0.00325644 405.762 164738 0.673298
0.38 0.280034 0.339329 0.00118299 3.46589e-06 0.00340076 405.932 164877 0.673636
0.39 0.280375 0.344736 0.00125061 3.74515e-06 0.00358951 405.998 164929 0.663138
0.4 0.280225 0.350051 0.00127734 3.86029e-06 0.00366777 406.123 165030 0.66433
0.41 0.280469 0.350469 0.00129722 3.95719e-06 0.00374302 405.814 164781 0.672707
0.42 0.280219 0.354096 0.00134705 4.14828e-06 0.00384067 405.89 164842 0.671798
0.43 0.280413 0.345639 0.00138811 4.33139e-06 0.00395719 405.989 164922 0.669956
0.44 0.280347 0.346692 0.0014013 4.38263e-06 0.00398095 405.987 164919 0.657743
0.45 0.280236 0.345827 0.00143733 4.59919e-06 0.00416906 406.238 165124 0.663846
0.46 0.280396 0.344048 0.00148325 4.82419e-06 0.00431863 406.188 165083 0.663224
0.47 0.280347 0.342728 0.00153064 5.01619e-06 0.00439952 406.194 165087 0.65408
0.48 0.280665 0.348469 0.00158264 5.25927e-06 0.00453316 406.087 165001 0.66713
0.49 0.280668 0.355355 0.00162361 5.52361e-06 0.00475199 406.034 164958 0.664162
0.5 0.280539 0.35182 0.0016855 5.8547e-06 0.00495982 406.312 165185 0.670529
0.51 0.280579 0.345464 0.00171866 6.04519e-06 0.00508754 406.229 165115 0.659559
0.52 0.280617 0.349698 0.00180043 6.39754e-06 0.00519384 406.572 165399 0.687613
0.53 0.280623 0.352452 0.00182882 6.54237e-06 0.00526264 406.454 165301 0.676546
0.54 0.280523 0.353931 0.00187005 6.74717e-06 0.0053487 406.462 165308 0.67651
0.55 0.280666 0.365032 0.00195321 7.21677e-06 0.00559828 406.765 165555 0.680987
0.56 0.280748 0.356772 0.00200278 7.60664e-06 0.0059172 406.594 165415 0.679278
0.57 0.28082 0.358681 0.00206554 7.87143e-06 0.00593276 406.742 165533 0.665598
0.58 0.280646 0.350471 0.00211944 8.29927e-06 0.00626561 406.907 165669 0.674801
0.59 0.281037 0.353049 0.00221111 8.82342e-06 0.00647492 406.875 165643 0.676571
0.6 0.280963 0.35079 0.00222786 8.88386e-06 0.00645198 406.762 165552 0.680467
0.61 0.280921 0.361625 0.00233247 9.52691e-06 0.00672524 406.891 165657 0.681248
0.62 0.280854 0.350829 0.00239818 9.95988e-06 0.0069262 407.086 165816 0.678581
0.63 0.280873 0.359316 0.00244089 1.02251e-05 0.00702259 407.131 165854 0.685308
0.64 0.280953 0.350372 0.00251476 1.07042e-05 0.00720857 407.295 165986 0.681926
0.65 0.281132 0.358884 0.00258134 1.12719e-05 0.00758446 407.239 165941 0.684982
0.66 0.280942 0.357659 0.00264705 1.15961e-05 0.00755253 407.226 165931 0.686601
0.67 0.281 0.360395 0.00274627 1.23196e-05 0.0078626 407.335 166019 0.680862
0.68 0.280965 0.356627 0.00284696 1.3191e-05 0.00836975 407.581 166221 0.691801
0.69 0.281061 0.358732 0.00291623 1.37073e-05 0.00856245 407.527 166177 0.695414
0.7 0.281334 0.352115 0.00300234 1.4305e-05 0.00870733 407.503 166158 0.69259
0.71 0.281192 0.353413 0.00308194 1.49821e-05 0.00902463 407.642 166271 0.696449
0.72 0.281109 0.359888 0.00313819 1.5402e-05 0.00913979 407.86 166447 0.680923
0.73 0.281261 0.360151 0.00325443 1.63202e-05 0.00942814 407.838 166428 0.677712
0.74 0.281215 0.347974 0.00333125 1.70612e-05 0.00981501 408.052 166605 0.688847
0.75 0.281447 0.356671 0.00347222 1.81903e-05 0.0100947 408.191 166718 0.685047
0.76 0.281563 0.353061 0.00357483 1.90394e-05 0.0103021 408.079 166628 0.692774
0.77 0.281249 0.351886 0.00367674 2.00566e-05 0.01076 408.317 166821 0.690684
0.78 0.281452 0.356304 0.00379089 2.11572e-05 0.0111684 408.269 166784 0.698403
0.79 0.281348 0.358093 0.00394566 2.25574e-05 0.0115022 408.614 167066 0.70139
0.8 0.281785 0.356886 0.00406155 2.37933e-05 0.012009 408.524 166990 0.684067
0.81 0.281424 0.358675 0.00412405 2.43654e-05 0.0121086 408.785 167204 0.69282
0.82 0.281498 0.361906 0.00425816 2.57174e-05 0.0124834 408.984 167366 0.685701
0.83 0.281658 0.3579 0.00438437 2.69962e-05 0.0127929 408.925 167319 0.697008
0.84 0.281779 0.362496 0.00446875 2.79104e-05 0.0130681 408.933 167328 0.714429
0.85 0.281807 0.360233 0.00463976 2.97321e-05 0.0135027 409.239 167578 0.709133
0.86 0.281868 0.352474 0.00481198 3.16509e-05 0.0139815 409.336 167656 0.697576
0.87 0.281868 0.367433 0.00489627 3.26318e-05 0.0142492 409.288 167618 0.709075
0.88 0.28206 0.36111 0.00504149 3.43741e-05 0.0147414 409.467 167765 0.714504
0.89 0.282096 0.355073 0.00520512 3.62641e-05 0.0150925 409.691 167949 0.71052
0.9 0.282182 0.360457 0.00538194 3.86179e-05 0.0158854 409.759 168006 0.722612
0.91 0.281994 0.35237 0.0055546 4.09178e-05 0.0165628 410.189 168357 0.714255
0.92 0.282039 0.362664 0.00571493 4.31722e-05 0.0172994 410.326 168471 0.724107
0.93 0.281742 0.358264 0.00582726 4.42922e-05 0.017009 410.502 168615 0.717051
0.94 0.281996 0.358076 0.00603611 4.72554e-05 0.0178078 410.545 168649 0.70955
0.95 0.282036 0.355502 0.00618568 4.9322e-05 0.0182006 410.562 168664 0.717184
0.96 0.282046 0.362383 0.0063888 5.23469e-05 0.0189753 410.938 168973 0.71949
0.97 0.282329 0.358321 0.0066316 5.58118e-05 0.0194748 411.086 169096 0.719681
0.98 0.282401 0.357954 0.00688845 5.99092e-05 0.020503 411.407 169360 0.727588
0.99 0.282205 0.369586 0.00706207 6.25297e-05 0.0208297 411.698 169601 0.731622
1 0.282326 0.354455 0.00724089 6.53225e-05 0.0212167 411.673 169578 0.71698
1.01 0.282358 0.36222 0.00740842 6.80949e-05 0.0217402 411.785 169673 0.733389
1.02 0.282345 0.361646 0.00768429 7.30461e-05 0.0230364 412.214 170027 0.741487
1.03 0.282284 0.358114 0.00789852 7.65705e-05 0.0233425 412.378 170162 0.734747
1.04 0.282469 0.363327 0.00821076 8.23788e-05 0.0246234 412.629 170371 0.747604
1.05 0.282533 0.365134 0.00841727 8.6016e-05 0.0249581 412.705 170433 0.742804
1.06 0.282324 0.358343 0.00854809 8.86309e-05 0.025609 412.988 170667 0.745229
1.07 0.282334 0.363627 0.00888082 9.52111e-05 0.0268946 413.273 170903 0.752538
1.08 0.282562 0.364232 0.00916589 0.000100886 0.0277669 413.456 171057 0.76752
1.09 0.282316 0.354224 0.00952231 0.000108108 0.0286913 414.007 171512 0.766017
1.1 0.282382 0.364508 0.00976094 0.000113138 0.029396 414.168 171648 0.776757
1.11 0.282127 0.35992 0.00990217 0.000116153 0.0297873 414.456 171882 0.746368
1.12 0.282313 0.363872 0.0103064 0.000125237 0.031292 414.922 172275 0.789248
1.13 0.282198 0.354419 0.0106135 0.000132657 0.032934 415.177 172485 0.78014
1.14 0.2824 0.360531 0.0109748 0.000140617 0.0331936 415.455 172717 0.783995
1.15 0.282127 0.368069 0.0112593 0.000147161 0.033555 415.778 172985 0.776193
1.16 0.282386 0.366351 0.0117497 0.000160111 0.0362954 416.18 173320 0.781999
1.17 0.282273 0.3611 0.0120384 0.000167565 0.0372637 416.368 173478 0.798647
1.18 0.282332 0.367867 0.012414 0.000177213 0.0380269 416.778 173818 0.780115
1.19 0.28243 0.365623 0.0129026 0.00019032 0.0392384 417.191 174163 0.788294
1.2 0.282125 0.361094 0.0132369 0.000199866 0.040568 417.649 174548 0.801641
1.21 0.282558 0.368048 0.0136648 0.000211993 0.0415784 417.807 174681 0.807571
1.22 0.282463 0.362633 0.0141116 0.000225744 0.0437849 418.385 175163 0.801754
1.23 0.282317 0.362387 0.014435 0.000235414 0.044509 418.799 175512 0.813245
1.24 0.282203 0.36917 0.0149543 0.000252121 0.0468883 419.249 175893 0.841386
1.25 0.282087 0.369284 0.0152893 0.000262308 0.0469765 419.596 176181 0.817068
1.26 0.281928 0.358858 0.0159411 0.000284986 0.0507963 420.2 176691 0.834848
1.27 0.282043 0.368604 0.0164273 0.000301682 0.0523738 420.724 177136 0.861077
1.28 0.281631 0.361314 0.0168925 0.000317478 0.0528614 421.339 177649 0.831998
1.29 0.281769 0.378962 0.0174853 0.000338668 0.0541956 421.82 178058 0.848747
1.3 0.281753 0.365467 0.0180276 0.000359723 0.0571524 422.315 178475 0.849113
1.31 0.281891 0.369693 0.0186679 0.00038397 0.0583896 422.763 178854 0.848652
1.32 0.281548 0.36957 0.0193339 0.000411177 0.0615102 423.453 179441 0.867445
1.33 0.281387 0.368092 0.0198894 0.000433912 0.0630689 424.04 179941 0.883111
1.34 0.28152 0.369825 0.0205547 0.000462987 0.0666376 424.674 180477 0.868014
1.35 0.281246 0.368337 0.0211008 0.000485587 0.0663939 425.16 180889 0.861419
1.36 0.281122 0.373179 0.0218839 0.000522486 0.0717185 426.019 181630 0.925408
1.37 0.280805 0.377147 0.0224501 0.00054909 0.0741941 426.553 182086 0.925861
1.38 0.280864 0.378124 0.0232655 0.00058701 0.0752568 427.21 182646 0.921913
1.39 0.280392 0.368217 0.0240382 0.000624079 0.0761041 428.199 183492 0.917649
1.4 0.280275 0.381349 0.0246984 0.000659379 0.0812498 428.769 183984 0.941959
1.41 0.280057 0.38339 0.0256922 0.000711315 0.084304 429.61 184707 0.945139
1.42 0.279871 0.376575 0.0265802 0.000758728 0.0859409 430.604 185562 0.947547
1.43 0.27974 0.382452 0.0275293 0.000813297 0.0912344 431.353 186212 0.973076
1.44 0.279298 0.395422 0.028197 0.00085266 0.094779 432.173 186923 0.982806
1.45 0.279287 0.379289 0.0292622 0.000918045 0.10165 433.117 187744 1.01111
1.46 0.278943 0.38059 0.0302668 0.000979754 0.104795 434.098 188595 1.01571
1.47 0.278683 0.394163 0.0312975 0.00104284 0.104194 434.969 189351 1.00858
1.48 0.278247 0.398144 0.03263 0.00113318 0.112664 436.382 190589 1.04279
1.49 0.27792 0.38949 0.0338036 0.00121313 0.115942 437.555 191614 1.03908
1.5 0.277491 0.396039 0.0350822 0.00130473 0.121724 438.779 192690 1.06367
1.51 0.277174 0.394726 0.0357279 0.00135089 0.12245 439.176 193041 1.07983
1.52 0.27662 0.398763 0.0375704 0.00149211 0.132608 441.181 194809 1.08607
1.53 0.276327 0.408147 0.0388312 0.00159111 0.137 442.407 195894 1.10023
1.54 0.275422 0.404104 0.0404378 0.00172287 0.144262 444.133 197431 1.13715
1.55 0.275072 0.414965 0.0419043 0.00184737 0.150408 445.198 198383 1.16369
1.56 0.274557 0.424529 0.0430071 0.00194486 0.156754 446.35 199411 1.17198
1.57 0.274027 0.405268 0.0443188 0.00206373 0.163861 447.422 200374 1.19785
1.58 0.273247 0.425733 0.046174 0.00223609 0.171254 449.417 202165 1.20646
1.59 0.27233 0.443633 0.0488696 0.00250391 0.190355 451.955 204468 1.2975
1.6 0.271805 0.433345 0.0502757 0.00264733 0.196961 453.51 205882 1.32532
1.61 0.270959 0.443877 0.052356 0.00286908 0.21054 455.381 207587 1.35118
1.62 0.27034 0.438592 0.0542232 0.00307036 0.214287 456.969 209035 1.34242
1.63 0.269347 0.460072 0.0564202 0.00332188 0.228155 459.025 210927 1.38528
1.64 0.268347 0.467661 0.0588597 0.00361064 0.240566 461.516 213230 1.44163
1.65 0.26723 0.457907 0.0610737 0.0038772 0.242247 463.541 215099 1.41405
1.66 0.266105 0.48101 0.063813 0.00423771 0.272545 466.163 217559 1.53876
1.67 0.264774 0.484984 0.0660571 0.00453435 0.281099 468.459 219705 1.53259
1.68 0.26359 0.503918 0.0694816 0.00500573 0.293003 471.875 222926 1.57476
1.69 0.262238 0.512987 0.0719457 0.00536572 0.31193 474 224943 1.60878
1.7 0.260682 0.517348 0.0755144 0.00590478 0.333019 477.462 228252 1.68689
1.71 0.2588 0.535116 0.0787616 0.00642547 0.365478 480.605 231279 1.769
1.72 0.256951 0.582272 0.0829509 0.00712903 0.408437 484.403 234977 1.95271
1.73 0.254926 0.584401 0.0875196 0.00791883 0.426486 488.737 239196 1.94082
1.74 0.252997 0.617529 0.0909006 0.00854026 0.456424 492.14 242548 2.01083
1.75 0.250383 0.663996 0.0961085 0.00954329 0.504317 497.15 247531 2.14691
1.76 0.247778 0.678312 0.10189 0.0107013 0.526208 502.331 252717 2.16541
1.77 0.244566 0.740752 0.106959 0.0118103 0.608964 507.218 257703 2.43472
1.78 0.241244 0.791629 0.114216 0.013472 0.70236 513.883 264560 2.69201
1.79 0.237517 0.849589 0.121039 0.0151164 0.766869 520.559 271492 2.80571
1.8 0.233466 0.950116 0.128935 0.0171715 0.900848 527.816 279179 3.18675
1.81 0.228101 1.10775 0.138719 0.0198805 1.04947 537.049 289083 3.51629
1.82 0.221526 1.34272 0.150643 0.0235108 1.34562 548.045 301176 4.29048
1.83 -0.511609 2.42122 0.939126 0.882092 0.221742 1189.21 1.41431e+06 0.226538
1.84 -0.524429 2.46506 0.941489 0.886531 0.214227 1190.33 1.41698e+06 0.221908
1.85 -0.537578 2.40451 0.943795 0.890875 0.207742 1191.35 1.4194e+06 0.218036
1.86 -0.549838 2.42523 0.945661 0.894395 0.1992 1192.12 1.42123e+06 0.217191
1.87 -0.561654 2.38361 0.947388 0.897662 0.192109 1192.94 1.42319e+06 0.212639
1.88 -0.574851 2.24268 0.949592 0.901832 0.175845 1193.97 1.42566e+06 0.20362
1.89 -0.586689 2.31348 0.95118 0.90485 0.175611 1194.61 1.42718e+06 0.206513
1.9 -0.59911 2.22086 0.952994 0.908297 0.164279 1195.41 1.4291e+06 0.200065
1.91 -0.611107 2.18781 0.954653 0.911456 0.155455 1196.28 1.43116e+06 0.195748
1.92 -0.622944 2.13247 0.956098 0.914214 0.148937 1196.86 1.43256e+06 0.193849
1.93 -0.634859 2.15848 0.957458 0.916815 0.145431 1197.44 1.43395e+06 0.191742
1.94 -0.646433 2.0934 0.958752 0.91929 0.137961 1197.9 1.43505e+06 0.188231
1.95 -0.658426 2.09838 0.960376 0.922403 0.132716 1198.6 1.43671e+06 0.185908
1.96 -0.670105 2.04709 0.961581 0.924715 0.127137 1199.11 1.43793e+06 0.181063
1.97 -0.681708 2.04619 0.962781 0.927022 0.123284 1199.58 1.43906e+06 0.183002
1.98 -0.693049 1.99954 0.963913 0.9292 0.116912 1200.11 1.44035e+06 0.180944
1.99 -0.704802 1.95779 0.965145 0.931573 0.113735 1200.66 1.44166e+06 0.177362
2 -0.716373 1.97633 0.966287 0.93378 0.112968 1201.26 1.44309e+06 0.176968
2.01 -0.727898 1.94886 0.96735 0.935832 0.108086 1201.68 1.44411e+06 0.178068
2.02 -0.739405 1.92337 0.968416 0.937892 0.102484 1202.11 1.44513e+06 0.175681
2.03 -0.75052 1.91283 0.969339 0.939678 0.098969 1202.44 1.44594e+06 0.17463
2.04 -0.761746 1.89084 0.970309 0.941557 0.0945935 1202.82 1.44685e+06 0.172744
2.05 -0.773101 1.85075 0.971212 0.943308 0.091173 1203.28 1.44795e+06 0.172113
2.06 -0.784596 1.84394 0.972151 0.945133 0.0896668 1203.68 1.44893e+06 0.171026
2.07 -0.795745 1.8274 0.973107 0.946989 0.0838666 1204.02 1.44974e+06 0.168142
2.08 -0.806761 1.782 0.973855 0.948444 0.0817251 1204.22 1.45021e+06 0.169596
2.09 -0.817803 1.81743 0.974569 0.949834 0.0805564 1204.59 1.4511e+06 0.166382
2.1 -0.829399 1.76928 0.975398 0.951447 0.0762764 1205 1.4521e+06 0.16619
2.11 -0.840396 1.73337 0.976235 0.953079 0.0734356 1205.31 1.45284e+06 0.163406
2.12 -0.851315 1.74563 0.976902 0.95438 0.0715508 1205.5 1.45329e+06 0.160058
2.13 -0.862608 1.75114 0.977617 0.955778 0.0691889 1205.96 1.45442e+06 0.164378
2.14 -0.873696 1.69337 0.978408 0.957322 0.0671035 1206.2 1.45498e+06 0.162626
2.15 -0.884428 1.70328 0.978952 0.958387 0.0646141 1206.4 1.45547e+06 0.160657
2.16 -0.895383 1.68024 0.979546 0.959548 0.0615191 1206.73 1.45627e+06 0.158087
2.17 -0.906384 1.6775 0.980281 0.960988 0.0604863 1206.99 1.4569e+06 0.160682
2.18 -0.917416 1.6484 0.980804 0.962011 0.0586664 1207.15 1.45728e+06 0.156183
2.19 -0.928003 1.65683 0.98132 0.963024 0.0561206 1207.4 1.45788e+06 0.15822
2.2 -0.938739 1.66855 0.981956 0.964271 0.054424 1207.55 1.45825e+06 0.158809
2.21 -0.950114 1.66464 0.982522 0.965381 0.0533248 1207.82 1.45889e+06 0.157116
2.22 -0.960681 1.60558 0.983115 0.966546 0.0515219 1208.05 1.45945e+06 0.157052
2.23 -0.971078 1.61199 0.983408 0.967121 0.0503786 1208.09 1.45954e+06 0.15423
2.24 -0.982041 1.58076 0.984038 0.968361 0.0478426 1208.34 1.46016e+06 0.153903
2.25 -0.99283 1.5993 0.984422 0.969115 0.0468164 1208.6 1.46078e+06 0.152443
2.26 -1.00346 1.58875 0.984909 0.970073 0.0457483 1208.76 1.46117e+06 0.153969
2.27 -1.01455 1.57622 0.985405 0.971049 0.0436221 1209.07 1.46192e+06 0.151117
2.28 -1.02497 1.54467 0.985878 0.971982 0.0425211 1209.23 1.46231e+06 0.149806
2.29 -1.03576 1.56206 0.986211 0.972636 0.0414805 1209.33 1.46255e+06 0.152282
2.3 -1.04622 1.53546 0.986612 0.973428 0.0399999 1209.37 1.46265e+06 0.15371
2.31 -1.05717 1.53371 0.987053 0.974298 0.0388873 1209.57 1.46312e+06 0.152546
2.32 -1.06804 1.53248 0.987378 0.974938 0.0375531 1209.77 1.46361e+06 0.152981
2.33 -1.07867 1.50102 0.987741 0.975655 0.0365572 1209.91 1.46394e+06 0.148834
2.34 -1.08918 1.47427 0.98822 0.9766 0.0348087 1210.16 1.46455e+06 0.149414
2.35 -1.09976 1.49128 0.988527 0.977207 0.0345064 1210.24 1.46475e+06 0.151467
2.36 -1.11012 1.5005 0.988784 0.977713 0.0335052 1210.25 1.46476e+06 0.150094
2.37 -1.12079 1.48439 0.989178 0.978492 0.0316036 1210.43 1.4652e+06 0.150653
2.38 -1.13137 1.45944 0.989484 0.979097 0.0313944 1210.59 1.46559e+06 0.148756
2.39 -1.1422 1.46642 0.989807 0.979736 0.0299971 1210.77 1.46602e+06 0.149485
2.4 -1.15259 1.39295 0.990095 0.980306 0.029182 1210.84 1.46621e+06 0.150586
2.41 -1.16259 1.43085 0.990339 0.980788 0.0282906 1210.91 1.46635e+06 0.148074
2.42 -1.17367 1.42353 0.990693 0.98149 0.0271968 1211.14 1.46693e+06 0.145885
2.43 -1.18392 1.44313 0.990917 0.981934 0.0268654 1211.13 1.46691e+06 0.146698
2.44 -1.19464 1.43106 0.991235 0.982562 0.0261057 1211.32 1.46735e+06 0.147008
2.45 -1.20455 1.41671 0.99141 0.982909 0.0252375 1211.34 1.46741e+06 0.148261
2.46 -1.21528 1.40961 0.991665 0.983415 0.0245338 1211.43 1.46762e+06 0.149615
2.47 -1.22593 1.41292 0.99194 0.98396 0.0233142 1211.56 1.46793e+06 0.146922
2.48 -1.23625 1.38009 0.992207 0.984489 0.0228089 1211.65 1.46816e+06 0.14648
2.49 -1.24668 1.36415 0.992415 0.984901 0.0222131 1211.76 1.46844e+06 0.14685
2.5 -1.25718 1.35413 0.992656 0.985379 0.0213207 1211.81 1.46853e+06 0.143601
2.51 -1.26728 1.39395 0.992817 0.985699 0.0210244 1211.85 1.46864e+06 0.144435
2.52 -1.27755 1.39817 0.993006 0.986074 0.0206736 1211.97 1.46893e+06 0.146208
2.53 -1.28815 1.38515 0.993249 0.986555 0.0197709 1212 1.469e+06 0.1447
2.54 -1.29862 1.34278 0.99346 0.986975 0.0192996 1212.19 1.46948e+06 0.145072
2.55 -1.30895 1.35499 0.993598 0.987249 0.0186438 1212.22 1.46953e+06 0.145671
2.56 -1.31915 1.33978 0.993754 0.987558 0.0182939 1212.24 1.46958e+06 0.146925
2.57 -1.3297 1.33564 0.99398 0.988006 0.0175861 1212.37 1.46991e+06 0.146561
2.58 -1.33984 1.31244 0.994126 0.988297 0.0170997 1212.45 1.47009e+06 0.147086
2.59 -1.35055 1.3132 0.994354 0.98875 0.0165827 1212.57 1.47039e+06 0.14553
2.6 -1.36073 1.31958 0.9945 0.98904 0.0158208 1212.55 1.47033e+06 0.145167
2.61 -1.37112 1.3321 0.994664 0.989367 0.0156949 1212.69 1.47068e+06 0.141426
2.62 -1.38116 1.30195 0.994814 0.989663 0.0150711 1212.79 1.47091e+06 0.1429
2.63 -1.39166 1.30961 0.994928 0.98989 0.0145939 1212.68 1.47065e+06 0.147019
2.64 -1.40174 1.28422 0.995064 0.990161 0.014398 1212.7 1.47071e+06 0.144291
2.65 -1.41219 1.28399 0.99524 0.990512 0.013843 1212.93 1.47126e+06 0.142181
2.66 -1.4223 1.29155 0.995349 0.990729 0.0136401 1212.93 1.47125e+06 0.142374
2.67 -1.43248 1.30115 0.995476 0.990981 0.0131925 1212.85 1.47106e+06 0.142058
2.68 -1.44281 1.26973 0.995625 0.991276 0.0126939 1213.01 1.47145e+06 0.145261
2.69 -1.4531 1.27801 0.99575 0.991526 0.0123233 1213 1.47143e+06 0.14376
2.7 -1.46344 1.2321 0.995885 0.991794 0.0118277 1213.07 1.4716e+06 0.144218
2.71 -1.47362 1.25696 0.995999 0.992022 0.0114549 1213.19 1.47189e+06 0.144083
2.72 -1.48417 1.28035 0.996136 0.992294 0.0111131 1213.27 1.47208e+06 0.142962
2.73 -1.49416 1.259 0.996242 0.992504 0.0108987 1213.18 1.47186e+06 0.141021
2.74 -1.50449 1.25097 0.996363 0.992745 0.0105209 1213.27 1.47208e+06 0.141139
2.75 -1.51477 1.23589 0.996416 0.992852 0.0102403 1213.35 1.47227e+06 0.141234
2.76 -1.52461 1.24262 0.996528 0.993075 0.0101131 1213.39 1.47239e+06 0.143747
2.77 -1.53485 1.26195 0.996618 0.993253 0.00980217 1213.32 1.4722e+06 0.14255
2.78 -1.54503 1.23324 0.996718 0.993453 0.00957214 1213.47 1.47257e+06 0.141868
2.79 -1.55503 1.23044 0.996785 0.993585 0.00911042 1213.41 1.47242e+06 0.141432
2.8 -1.56541 1.23953 0.996915 0.993844 0.00896905 1213.4 1.4724e+06 0.143265
2.81 -1.57582 1.25466 0.997007 0.994029 0.00857271 1213.5 1.47265e+06 0.144785
2.82 -1.5858 1.25986 0.997083 0.994179 0.00837595 1213.49 1.47262e+06 0.141446
2.83 -1.59628 1.24499 0.99716 0.994334 0.00813095 1213.47 1.47258e+06 0.142387
2.84 -1.60625 1.2235 0.997254 0.99452 0.00793556 1213.56 1.47278e+06 0.143217
2.85 -1.61651 1.22422 0.997332 0.994675 0.00760834 1213.71 1.47315e+06 0.142708
2.86 -1.62681 1.20825 0.997396 0.994803 0.00754315 1213.72 1.47319e+06 0.142713
2.87 -1.63668 1.21993 0.997461 0.994933 0.00734223 1213.75 1.47324e+06 0.143018
2.88 -1.64681 1.21379 0.997527 0.995065 0.00709711 1213.71 1.47316e+06 0.141471
2.89 -1.65699 1.21247 0.997608 0.995226 0.00687484 1213.71 1.47316e+06 0.140273
2.9 -1.66732 1.19388 0.997702 0.995413 0.00665345 1213.73 1.47321e+06 0.141246
2.91 -1.6772 1.2174 0.997715 0.99544 0.00645837 1213.77 1.4733e+06 0.142087
2.92 -1.68758 1.20778 0.997842 0.995693 0.00627021 1213.91 1.47363e+06 0.142147
2.93 -1.69777 1.20935 0.997858 0.995723 0.00609311 1213.78 1.47332e+06 0.143724
2.94 -1.70826 1.19119 0.997953 0.995915 0.00585729 1213.91 1.47363e+06 0.140984
2.95 -1.71808 1.19187 0.997999 0.996006 0.00568854 1213.9 1.47362e+06 0.141829
2.96 -1.72811 1.19412 0.998047 0.996102 0.00560956 1213.96 1.47376e+06 0.142985
2.97 -1.73814 1.20832 0.998118 0.996242 0.00546454 1213.95 1.47375e+06 0.142205
2.98 -1.74822 1.19616 0.998182 0.996371 0.00525099 1213.97 1.47379e+06 0.141137
2.99 -1.75846 1.19158 0.99821 0.996426 0.00518568 1214 1.47386e+06 0.142385
