1.2 -0.449852 1.01654 1 1 0 1122.46 1.25992e+06 0.223958
1.19 -0.439858 1.0211 1 1 0 1122.48 1.25996e+06 0.22253
1.18 -0.429868 1.00239 1 1 0 1122.48 1.25997e+06 0.223509
1.17 -0.419871 1.00809 1 1 0 1122.52 1.26007e+06 0.22468
1.16 -0.409869 1.0244 1 1 0 1122.5 1.26002e+06 0.227231
1.15 -0.399868 1.0102 1 1 0 1122.48 1.25998e+06 0.22104
1.14 -0.389873 1.02761 1 1 0 1122.45 1.2599e+06 0.22405
1.13 -0.379874 1.00856 1 1 0 1122.48 1.25997e+06 0.221427
1.12 -0.369856 0.982705 1 1 0 1122.45 1.25991e+06 0.223404
1.11 -0.35985 1.01323 1 1 0 1122.5 1.26001e+06 0.224529
1.1 -0.349876 0.994162 1 1 0 1122.46 1.25992e+06 0.2224
1.09 -0.339884 1.0046 1 1 0 1122.48 1.25998e+06 0.224538
1.08 -0.329847 0.99987 1 1 0 1122.49 1.25999e+06 0.224406
1.07 -0.319863 1.01728 1 1 0 1122.42 1.25984e+06 0.225052
1.06 -0.309854 1.01493 1 1 0 1122.49 1.25998e+06 0.227531
1.05 -0.299871 1.00655 1 1 0 1122.48 1.25996e+06 0.224545
1.04 -0.28988 0.997591 1 1 0 1122.52 1.26005e+06 0.224955
1.03 -0.279867 1.00073 1 1 0 1122.48 1.25996e+06 0.228014
1.02 -0.269868 1.00507 1 1 0 1122.44 1.25987e+06 0.221038
1.01 -0.259876 1.00263 1 1 0 1122.49 1.25998e+06 0.225417
1 -0.249856 1.01352 1 1 0 1122.46 1.25992e+06 0.225633
0.99 -0.239889 1.01414 1 1 0 1122.45 1.25991e+06 0.222387
0.98 -0.229857 1.0057 1 1 0 1122.45 1.2599e+06 0.22572
0.97 -0.219863 0.992503 1 1 0 1122.48 1.25997e+06 0.223577
0.96 -0.209875 1.00769 1 1 2.89337e-06 1122.48 1.25998e+06 0.22156
0.95 -0.199869 1.00943 1 1 0 1122.49 1.25998e+06 0.220172
0.94 -0.189884 1.00897 1 1 0 1122.47 1.25995e+06 0.22465
0.93 -0.179861 1.0055 1 1 2.89337e-06 1122.47 1.25994e+06 0.224819
0.92 -0.169865 0.990597 1 1 2.89337e-06 1122.48 1.25996e+06 0.226675
0.91 -0.159852 0.998959 1 1 5.78646e-06 1122.49 1.26e+06 0.223644
0.9 -0.149866 1.01042 1 1 2.89337e-06 1122.47 1.25995e+06 0.224649
0.89 -0.139851 1.00086 1 1 2.89337e-06 1122.48 1.25997e+06 0.22468
0.88 -0.12986 0.996959 1 1 5.78646e-06 1122.49 1.26e+06 0.2252
0.87 -0.119875 1.00425 1 0.999999 1.4464e-05 1122.48 1.25998e+06 0.225655
0.86 -0.109858 1.00292 0.999999 0.999999 2.02475e-05 1122.52 1.26007e+06 0.222807
0.85 -0.0998474 0.999933 0.999999 0.999998 2.60299e-05 1122.48 1.25996e+06 0.220623
0.84 -0.0898505 1.00846 0.999999 0.999999 1.73559e-05 1122.47 1.25995e+06 0.225286
0.83 -0.079851 1.00669 0.999999 0.999998 3.47014e-05 1122.5 1.26001e+06 0.224225
0.82 -0.0698528 1.01236 0.999999 0.999998 4.04809e-05 1122.46 1.25992e+06 0.222634
0.81 -0.0598734 1.01382 0.999997 0.999995 8.37904e-05 1122.47 1.25995e+06 0.223651
0.8 -0.0498647 1.0185 0.999996 0.999992 0.000141435 1122.48 1.25996e+06 0.222277
0.79 -0.0398693 1.01832 0.999995 0.999991 0.000155828 1122.47 1.25995e+06 0.221548
0.78 -0.0298574 1.00743 0.999993 0.999986 0.000224814 1122.5 1.26002e+06 0.223644
0.77 -0.0198544 1.01984 0.999991 0.999982 0.000305087 1122.49 1.25999e+06 0.224801
0.76 -0.00986138 1.01094 0.999988 0.999975 0.000407962 1122.46 1.25992e+06 0.221814
0.75 0.000132961 1.00076 0.999983 0.999966 0.000576096 1122.44 1.25988e+06 0.222573
0.74 0.0101499 1.01802 0.999974 0.999948 0.000860648 1122.44 1.25987e+06 0.226808
0.73 0.020141 1.00706 0.999968 0.999937 0.00103707 1122.49 1.25998e+06 0.225619
0.72 0.0301695 1.01291 0.999947 0.999894 0.0018266 1122.44 1.25987e+06 0.224504
0.71 0.0401577 1.02802 0.999936 0.999873 0.00217011 1122.46 1.25992e+06 0.223576
0.7 0.0501662 1.02805 0.999904 0.999808 0.00325667 1122.43 1.25986e+06 0.222317
0.69 0.0601781 1.01178 0.999865 0.99973 0.00451327 1122.44 1.25987e+06 0.220943
0.68 0.0701934 1.03018 0.999826 0.999653 0.00591435 1122.42 1.25983e+06 0.221618
0.67 0.0802107 1.02732 0.999756 0.999513 0.00819537 1122.37 1.25973e+06 0.226679
0.66 0.0902293 1.04511 0.999642 0.999285 0.0120094 1122.34 1.25965e+06 0.22168
0.65 0.100276 1.03908 0.999481 0.998963 0.0180347 1122.27 1.25951e+06 0.225285
0.64 0.110304 1.06523 0.999259 0.99852 0.0261238 1122.22 1.25938e+06 0.225386
0.63 0.120376 1.06554 0.998953 0.997909 0.0376777 1122.1 1.25911e+06 0.231704
0.62 0.130479 1.1138 0.998471 0.996948 0.0586318 1121.88 1.25863e+06 0.237601
0.61 0.140621 1.16055 0.99776 0.995529 0.0918546 1121.68 1.25816e+06 0.247662
0.6 0.0326091 125.051 0.0108374 0.00938893 178.012 562.138 319065 181.825
0.59 0.0310368 1.07358 0 0 0 555.856 308987 0.696463
0.58 0.0310146 1.07548 1.73611e-07 3.01408e-10 5.78646e-06 555.906 309043 0.697505
0.57 0.0310165 1.08118 0 0 0 555.904 309041 0.690173
0.56 0.0310306 1.08656 0 0 0 555.897 309033 0.683628
0.55 0.031026 1.08858 0 0 0 555.847 308977 0.690691
0.54 0.0310063 1.08513 0 0 0 555.89 309026 0.696215
0.53 0.0310094 1.08242 0 0 0 555.892 309027 0.695827
0.52 0.0310019 1.06393 8.68056e-08 1.50704e-10 2.89337e-06 555.883 309017 0.685485
0.51 0.0310135 1.09491 0 0 0 555.908 309045 0.702258
0.5 0.0310268 1.07092 0 0 0 555.911 309049 0.69231
0.49 0.0310367 1.07674 0 0 0 555.901 309038 0.701736
0.48 0.0309934 1.06647 0 0 0 555.943 309084 0.702451
0.47 0.0310116 1.0795 0 0 0 555.899 309036 0.692718
0.46 0.0310236 1.07442 0 0 0 555.923 309062 0.700587
0.45 0.0310279 1.06325 0 0 0 555.907 309044 0.703178
0.44 0.0309966 1.06411 0 0 0 555.858 308989 0.687341
0.43 0.031014 1.07577 0 0 0 555.875 309009 0.693384
0.42 0.031021 1.07197 0 0 0 555.861 308993 0.703889
0.41 0.0310203 1.07592 0 0 0 555.895 309032 0.704482
0.4 0.031019 1.09545 0 0 0 555.903 309041 0.710789
0.39 0.0309887 1.07263 0 0 0 555.98 309126 0.703488
0.38 0.0310025 1.06517 0 0 0 555.896 309032 0.706201
0.37 0.0310112 1.0698 0 0 0 555.909 309046 0.696521
0.36 0.0310216 1.06342 0 0 0 555.913 309051 0.698319
0.35 0.0310179 1.07203 0 0 0 555.918 309057 0.690708
0.34 0.0310242 1.07557 0 0 0 555.899 309035 0.686562
0.33 0.0310346 1.05479 0 0 0 555.867 308999 0.687158
0.32 0.0310031 1.06776 0 0 0 555.927 309067 0.68808
0.31 0.031 1.0791 0 0 0 555.895 309030 0.696253
0.3 0.0310214 1.08338 0 0 0 555.914 309053 0.702613
0.29 0.0309986 1.0666 0 0 0 555.904 309040 0.693051
0.28 0.0310124 1.05853 0 0 0 555.89 309025 0.690411
0.27 0.0309946 1.08072 0 0 0 555.906 309043 0.687531
0.26 0.031033 1.06958 0 0 0 555.872 309005 0.703186
0.25 0.0310162 1.06885 0 0 0 555.883 309017 0.702407
0.24 0.0309913 1.05921 0 0 0 555.897 309033 0.699121
0.23 0.0310123 1.07227 0 0 0 555.932 309072 0.70031
0.22 0.031022 1.07644 0 0 0 555.885 309020 0.686512
0.21 0.0309997 1.06593 0 0 0 555.874 309007 0.705042
0.2 0.0310266 1.05216 0 0 0 555.9 309036 0.694371
0.19 0.0310253 1.06901 0 0 0 555.931 309070 0.68636
0.18 0.0310265 1.08033 0 0 0 555.868 309001 0.703267
0.17 0.0310132 1.0716 0 0 0 555.886 309021 0.69372
0.16 0.030995 1.06673 0 0 0 555.921 309060 0.702044
0.15 0.0310164 1.07435 0 0 0 555.884 309018 0.701598
0.14 0.0309934 1.07459 0 0 0 555.897 309033 0.702468
0.13 0.0310333 1.08112 0 0 0 555.885 309019 0.694244
0.12 0.0310029 1.07274 0 0 0 555.901 309037 0.694287
0.11 0.0310202 1.07234 0 0 0 555.917 309056 0.700722
0.1 0.0310155 1.06231 0 0 0 555.923 309062 0.698523
0.09 0.0310209 1.08764 0 0 0 555.919 309057 0.697172
0.08 0.0310251 1.07042 0 0 0 555.893 309028 0.693249
0.07 0.0310092 1.06878 0 0 0 555.892 309027 0.696924
0.06 0.0310128 1.06833 0 0 0 555.919 309057 0.69104
0.05 0.0310174 1.07032 0 0 0 555.908 309045 0.69356
0.04 0.0310196 1.08609 0 0 0 555.922 309061 0.703131
0.03 0.0310272 1.0552 0 0 0 555.869 309002 0.707544
0.02 0.0310104 1.06424 0 0 0 555.914 309052 0.69141
0.01 0.0310073 1.07374 0 0 0 555.927 309066 0.691733
