1 0.519576 0.267628 0.309972 0.0964725 0.2245 415.359 172678 0.372636
0.99 0.517082 0.271721 0.3089 0.0958028 0.223108 415.419 172727 0.373819
0.98 0.514193 0.273378 0.308108 0.0953167 0.226886 415.899 173126 0.378153
0.97 0.511431 0.27355 0.307256 0.0947911 0.228591 416.207 173381 0.377319
0.96 0.508433 0.280181 0.30637 0.0942536 0.234687 416.408 173548 0.382576
0.95 0.5061 0.276479 0.305208 0.0935424 0.236829 416.705 173797 0.389733
0.94 0.502879 0.278043 0.304385 0.0930261 0.230444 417.302 174292 0.384855
0.93 0.500242 0.282287 0.303397 0.0924398 0.241601 417.36 174337 0.379678
0.92 0.497311 0.281498 0.30254 0.0919182 0.242799 417.633 174566 0.386503
0.91 0.494751 0.284793 0.301562 0.0913215 0.241624 418.024 174891 0.386288
0.9 0.491457 0.286833 0.300473 0.0906669 0.24494 418.227 175064 0.397832
0.89 0.489177 0.287814 0.299247 0.089933 0.248785 418.313 175135 0.399698
0.88 0.485561 0.29086 0.298692 0.0895938 0.246824 418.944 175661 0.399125
0.87 0.482971 0.298413 0.297428 0.0888462 0.253519 419.178 175856 0.39988
0.86 0.479934 0.300354 0.296511 0.0882991 0.254722 419.57 176183 0.398275
0.85 0.476629 0.308417 0.295795 0.0878727 0.256171 420.009 176551 0.402162
0.84 0.47417 0.303597 0.294406 0.0870485 0.256115 420.066 176595 0.395774
0.83 0.471001 0.306637 0.293582 0.0865677 0.261806 420.338 176827 0.409822
0.82 0.467611 0.305476 0.292559 0.0859646 0.262561 420.884 177285 0.409555
0.81 0.464466 0.30695 0.291646 0.0854414 0.27301 421.289 177623 0.406683
0.8 0.461494 0.314707 0.290516 0.0847801 0.273925 421.643 177922 0.413874
0.79 0.458401 0.326985 0.28933 0.0840928 0.277789 421.845 178092 0.414494
0.78 0.455128 0.316595 0.288187 0.0834225 0.27377 422.416 178573 0.418896
0.77 0.451557 0.330484 0.287493 0.0830313 0.283609 422.89 178973 0.422792
0.76 0.44857 0.331382 0.286259 0.0823135 0.279644 423.131 179176 0.424621
0.75 0.445171 0.331826 0.285401 0.0818337 0.291718 423.765 179713 0.429357
0.74 0.441763 0.339031 0.284139 0.0811105 0.292536 423.94 179862 0.437827
0.73 0.43855 0.33749 0.282897 0.0803965 0.288401 424.443 180285 0.429178
0.72 0.435101 0.332917 0.282136 0.0799671 0.293071 424.894 180667 0.429846
0.71 0.431854 0.347621 0.280859 0.0792601 0.306749 425.344 181048 0.429718
0.7 0.428218 0.348846 0.279788 0.0786545 0.30682 425.938 181552 0.432229
0.69 0.42467 0.353151 0.278959 0.0781911 0.311538 426.316 181875 0.441089
0.68 0.421337 0.351859 0.277757 0.0775232 0.316961 426.783 182270 0.433965
0.67 0.417372 0.361285 0.276913 0.0770552 0.321888 427.667 183027 0.44703
0.66 0.414422 0.363738 0.275286 0.0761517 0.322418 427.641 183002 0.445995
0.65 0.410621 0.372815 0.274563 0.0757599 0.332464 428.463 183707 0.453272
0.64 0.406895 0.375278 0.273683 0.0752682 0.329426 429.137 184283 0.45272
0.63 0.402982 0.373681 0.272815 0.0747847 0.326137 429.937 184969 0.456189
0.62 0.399166 0.38005 0.271646 0.0741662 0.348155 430.247 185234 0.455812
0.61 0.39548 0.375451 0.270343 0.0734572 0.350897 430.812 185722 0.469137
0.6 0.391407 0.394065 0.269572 0.0730359 0.35239 431.686 186475 0.472438
0.59 0.387683 0.393718 0.268612 0.0725157 0.3549 432.412 187101 0.475987
0.58 0.383492 0.393946 0.267621 0.0719874 0.363669 433.009 187617 0.480574
0.57 0.379602 0.40043 0.266316 0.0712947 0.374294 433.458 188005 0.480027
0.56 0.375539 0.407951 0.265664 0.0709463 0.379363 434.363 188789 0.484026
0.55 0.371266 0.416949 0.264729 0.0704515 0.387644 435.152 189473 0.484679
0.54 0.367134 0.418553 0.263614 0.0698583 0.390562 435.878 190108 0.503424
0.53 0.363098 0.433458 0.262627 0.0693435 0.402815 436.841 190948 0.507606
0.52 0.358519 0.43948 0.262253 0.0691462 0.409034 437.666 191666 0.500758
0.51 0.354605 0.435092 0.260904 0.0684394 0.41616 438.394 192304 0.511311
0.5 0.349899 0.444577 0.260214 0.0680722 0.415704 439.388 193174 0.511516
0.49 0.345417 0.453433 0.259663 0.0677961 0.43625 440.558 194206 0.528723
0.48 0.340405 0.461011 0.259268 0.0675819 0.434654 441.798 195295 0.517367
0.47 0.33578 0.470813 0.258444 0.0671623 0.451974 442.56 195970 0.531499
0.46 0.331322 0.484159 0.257652 0.0667515 0.459671 443.615 196902 0.529147
0.45 0.326237 0.488688 0.257285 0.0665614 0.468328 444.893 198038 0.53728
0.44 0.321419 0.494929 0.256871 0.0663523 0.484071 446.085 199099 0.546966
0.43 0.316353 0.523856 0.256518 0.066171 0.494724 447.433 200303 0.552921
0.42 0.31094 0.532737 0.25658 0.0662029 0.506677 449.013 201719 0.563423
0.41 0.305989 0.534719 0.256344 0.0660892 0.529867 450.286 202863 0.569956
0.4 0.300678 0.546035 0.256218 0.0660243 0.54193 451.641 204082 0.567809
0.39 0.294835 0.569337 0.256961 0.0664132 0.567817 453.732 205977 0.588709
0.38 0.288959 0.572588 0.257003 0.0664207 0.560734 455.165 207276 0.581271
0.37 0.283313 0.599746 0.257543 0.0667029 0.583315 457.154 209089 0.583493
0.36 0.276911 0.609678 0.258589 0.0672487 0.608345 459.197 210962 0.606809
0.35 0.270912 0.644109 0.259452 0.0677112 0.651471 461.163 212771 0.615011
0.34 0.26433 0.655431 0.261021 0.0685212 0.659233 463.574 214998 0.62027
0.33 0.257408 0.679965 0.262972 0.0695473 0.68643 466.013 217265 0.63072
0.32 0.250637 0.705101 0.264724 0.0704839 0.729313 468.536 219623 0.645953
0.31 0.24334 0.764448 0.267235 0.0718235 0.759447 471.242 222166 0.662841
0.3 0.235462 0.778132 0.270974 0.0738319 0.777795 474.568 225309 0.659704
0.29 0.227406 0.812619 0.274787 0.0759293 0.837213 478.057 228633 0.683522
0.28 0.218699 0.86848 0.279762 0.0787004 0.891554 481.964 232383 0.696827
0.27 0.209443 0.935202 0.285733 0.0820869 0.946724 486.138 236422 0.706652
0.26 0.199901 1.00881 0.292044 0.08576 1.04121 490.378 240563 0.722322
0.25 0.189546 1.07449 0.30054 0.0908076 1.11288 495.549 245662 0.749525
0.24 0.178254 1.17588 0.310605 0.0969767 1.20323 501.182 251275 0.762507
0.23 0.166331 1.27711 0.322134 0.104304 1.33693 507.184 257326 0.776757
0.22 0.152301 1.47825 0.337835 0.114713 1.52035 514.777 265088 0.82202
0.21 0.137326 1.58186 0.356186 0.127468 1.64459 522.781 273389 0.810441
0.2 0.120685 1.77247 0.378453 0.143862 1.82884 531.716 282810 0.826311
0.19 0.101445 2.00515 0.406675 0.166058 2.04126 542.332 294208 0.807422
0.18 0.0802334 2.22494 0.44057 0.19481 2.26602 553.851 306829 0.776178
0.17 0.0569017 2.56102 0.4803 0.231443 2.55904 565.93 320349 0.756742
0.16 0.0304611 2.63589 0.528414 0.279948 2.61507 579.277 335622 0.65694
0.15 0.00317167 2.81873 0.58034 0.337502 2.71727 592.025 350545 0.577711
0.14 -0.0241121 2.79795 0.633925 0.402487 2.57656 603.494 364246 0.482706
0.13 -0.0518569 2.69539 0.689574 0.476049 2.37598 614.063 377105 0.397076
0.12 -0.07884 2.69717 0.743978 0.553965 2.21898 623.27 388491 0.338015
0.11 -0.105066 2.56204 0.796245 0.634373 1.92203 631.187 398417 0.284343
0.1 -0.129829 2.38267 0.844693 0.713786 1.61074 637.805 406811 0.246231
0.09 -0.153053 2.22349 0.888343 0.78935 1.26325 643.278 413820 0.220826
0.08 -0.174382 2.04623 0.925771 0.857183 0.942426 647.882 419762 0.200627
0.07 -0.193707 1.83119 0.956308 0.914602 0.637758 651.632 424632 0.188308
0.06 -0.210354 1.53124 0.978179 0.956872 0.361863 654.621 428536 0.177401
0.05 -0.224539 1.30272 0.991697 0.983477 0.166261 657.077 431755 0.172464
0.04 -0.236593 1.12763 0.99808 0.996166 0.048192 659.035 434332 0.169506
0.03 -0.247274 1.00984 0.999833 0.999666 0.00560104 660.774 436626 0.170833
0.02 -0.257425 1.00766 0.999999 0.999999 3.47083e-05 662.402 438778 0.167848
0.01 -0.267487 1.00399 1 1 0 664.026 440932 0.166937
