3 -1.76864 1.19528 0.998289 0.996584 0.00494738 1214.02 1.47391e+06 0.140062
2.99 -1.75848 1.20025 0.99819 0.996386 0.0051762 1214 1.47387e+06 0.141052
2.98 -1.74817 1.18151 0.998159 0.996325 0.00525919 1213.92 1.47365e+06 0.140752
2.97 -1.73818 1.19519 0.998103 0.996214 0.0054526 1213.96 1.47376e+06 0.140591
2.96 -1.72807 1.21155 0.998053 0.996113 0.00566598 1213.89 1.4736e+06 0.143481
2.95 -1.71804 1.21841 0.998006 0.99602 0.00563878 1213.96 1.47375e+06 0.143491
2.94 -1.70789 1.19532 0.997941 0.995891 0.00589259 1213.83 1.47344e+06 0.142042
2.93 -1.69755 1.23306 0.997857 0.995722 0.0062276 1213.72 1.47318e+06 0.142246
2.92 -1.68749 1.20191 0.99782 0.995649 0.00628518 1213.87 1.47355e+06 0.139777
2.91 -1.67707 1.19389 0.997729 0.995468 0.00657548 1213.78 1.47333e+06 0.143143
2.9 -1.667 1.19762 0.99771 0.99543 0.00655359 1213.75 1.47324e+06 0.143714
2.89 -1.6573 1.19527 0.997636 0.995282 0.00679622 1213.78 1.47332e+06 0.142032
2.88 -1.64682 1.2004 0.997555 0.99512 0.00707341 1213.64 1.47299e+06 0.139506
2.87 -1.63667 1.21541 0.997465 0.99494 0.00722784 1213.66 1.47303e+06 0.141642
2.86 -1.62668 1.23018 0.997436 0.994884 0.00736734 1213.67 1.47306e+06 0.144754
2.85 -1.61664 1.2405 0.997341 0.994694 0.00766967 1213.67 1.47304e+06 0.142222
2.84 -1.60646 1.21558 0.997245 0.994503 0.00784065 1213.62 1.47294e+06 0.141418
2.83 -1.59626 1.21213 0.997164 0.99434 0.00801748 1213.58 1.47283e+06 0.142946
2.82 -1.58573 1.21102 0.997063 0.99414 0.0085178 1213.6 1.47287e+06 0.141742
2.81 -1.57578 1.23542 0.997025 0.994064 0.00857021 1213.59 1.47286e+06 0.143388
2.8 -1.56549 1.23758 0.996942 0.993899 0.00874985 1213.56 1.47278e+06 0.141059
2.79 -1.55525 1.22496 0.996826 0.993668 0.00913667 1213.38 1.47235e+06 0.143443
2.78 -1.54531 1.24448 0.996707 0.99343 0.00950333 1213.39 1.47239e+06 0.143428
2.77 -1.5349 1.26508 0.996617 0.993252 0.00962672 1213.44 1.4725e+06 0.144324
2.76 -1.52467 1.24758 0.996542 0.993103 0.0099255 1213.38 1.47236e+06 0.141052
2.75 -1.51463 1.25163 0.996416 0.992851 0.0102912 1213.25 1.47205e+06 0.143144
2.74 -1.50403 1.25334 0.996324 0.992667 0.0105924 1213.14 1.47177e+06 0.143811
2.73 -1.49419 1.26649 0.996222 0.992465 0.0109535 1213.23 1.472e+06 0.144002
2.72 -1.48368 1.26856 0.996077 0.992176 0.0114759 1213.21 1.47194e+06 0.142349
2.71 -1.47383 1.28084 0.995981 0.991985 0.0115383 1213.16 1.47181e+06 0.143831
2.7 -1.46345 1.28533 0.995842 0.991709 0.0120683 1213.06 1.47158e+06 0.141043
2.69 -1.45325 1.26479 0.995777 0.991579 0.0121406 1213.1 1.47167e+06 0.142399
2.68 -1.44271 1.27761 0.995619 0.991265 0.0125985 1213.07 1.47161e+06 0.144299
2.67 -1.43242 1.28002 0.995438 0.990904 0.0131114 1212.96 1.47132e+06 0.142998
2.66 -1.42216 1.28475 0.995356 0.990741 0.0137393 1212.8 1.47094e+06 0.142134
2.65 -1.41211 1.30314 0.995269 0.990569 0.0137402 1212.91 1.47121e+06 0.142432
2.64 -1.40168 1.32422 0.995088 0.99021 0.0142916 1212.71 1.47074e+06 0.143527
2.63 -1.39157 1.30299 0.994934 0.989903 0.0145224 1212.64 1.47056e+06 0.142442
2.62 -1.38166 1.30275 0.994794 0.989624 0.0152058 1212.62 1.4705e+06 0.14159
2.61 -1.371 1.30867 0.994645 0.989329 0.015317 1212.64 1.47055e+06 0.142989
2.6 -1.36043 1.3099 0.99448 0.989 0.0159382 1212.63 1.47053e+06 0.144238
2.59 -1.35025 1.33147 0.994336 0.988714 0.0166525 1212.52 1.47027e+06 0.144442
2.58 -1.34014 1.30404 0.994175 0.988395 0.016672 1212.37 1.4699e+06 0.141914
2.57 -1.32955 1.33549 0.993972 0.987992 0.0173751 1212.23 1.46957e+06 0.146116
2.56 -1.31934 1.33741 0.993832 0.987713 0.0176936 1212.29 1.46971e+06 0.14529
2.55 -1.30927 1.34526 0.993634 0.98732 0.0185367 1212.12 1.4693e+06 0.144808
2.54 -1.29859 1.33301 0.99339 0.986836 0.0192819 1212.1 1.46925e+06 0.145404
2.53 -1.28817 1.36835 0.993173 0.986404 0.0200471 1212 1.46901e+06 0.148488
2.52 -1.27769 1.37457 0.993058 0.986177 0.0204129 1212 1.46901e+06 0.144853
2.51 -1.26741 1.35406 0.992838 0.985741 0.0210818 1211.95 1.46888e+06 0.144715
2.5 -1.25722 1.3887 0.992653 0.985372 0.0214484 1211.89 1.46873e+06 0.147413
2.49 -1.24662 1.37287 0.992444 0.984958 0.0222535 1211.8 1.46853e+06 0.144884
2.48 -1.23618 1.39347 0.99216 0.984396 0.0231506 1211.67 1.46821e+06 0.148257
2.47 -1.2253 1.41987 0.991908 0.983896 0.0240643 1211.56 1.46795e+06 0.147313
2.46 -1.21537 1.38508 0.991675 0.983434 0.024102 1211.42 1.46761e+06 0.147196
2.45 -1.20463 1.3968 0.991456 0.983001 0.0253453 1211.34 1.4674e+06 0.143614
2.44 -1.1943 1.44778 0.991141 0.982376 0.0262913 1211.19 1.46705e+06 0.147864
2.43 -1.18383 1.43468 0.990871 0.981842 0.0272495 1211.17 1.46699e+06 0.149818
2.42 -1.17327 1.40285 0.99067 0.981443 0.0275014 1210.88 1.4663e+06 0.14564
2.41 -1.16294 1.42277 0.990367 0.980843 0.0282436 1210.95 1.46645e+06 0.147952
2.4 -1.15193 1.45366 0.990046 0.98021 0.029464 1210.64 1.46571e+06 0.148592
2.39 -1.14195 1.46756 0.989761 0.979645 0.0300933 1210.64 1.46572e+06 0.15019
2.38 -1.13162 1.45461 0.989521 0.979171 0.0311325 1210.59 1.46558e+06 0.148504
2.37 -1.12096 1.49073 0.989184 0.978506 0.0329748 1210.53 1.46545e+06 0.151102
2.36 -1.11052 1.476 0.988862 0.977869 0.0329109 1210.33 1.46496e+06 0.150577
2.35 -1.0998 1.5079 0.988497 0.977147 0.0341522 1210.18 1.46459e+06 0.152142
2.34 -1.08873 1.47539 0.988082 0.976328 0.0355646 1210 1.46417e+06 0.147464
2.33 -1.0785 1.53679 0.987813 0.975797 0.0366928 1209.9 1.46393e+06 0.1529
2.32 -1.06744 1.49654 0.987405 0.974991 0.0374237 1209.75 1.46355e+06 0.153197
2.31 -1.05742 1.50521 0.987111 0.974411 0.038344 1209.73 1.46351e+06 0.152891
2.3 -1.04661 1.51882 0.986672 0.973546 0.0393089 1209.48 1.4629e+06 0.153915
2.29 -1.03568 1.57478 0.98621 0.972635 0.0417257 1209.27 1.46241e+06 0.151774
2.28 -1.02504 1.55846 0.985744 0.971717 0.0433133 1209.04 1.46184e+06 0.152271
2.27 -1.01432 1.58048 0.985338 0.970918 0.0440754 1208.88 1.46144e+06 0.151209
2.26 -1.0037 1.57098 0.984934 0.970123 0.0454563 1208.81 1.4613e+06 0.154248
2.25 -0.993084 1.55073 0.984545 0.969358 0.0462069 1208.66 1.46092e+06 0.154702
2.24 -0.98206 1.61669 0.983983 0.968252 0.0492026 1208.26 1.45995e+06 0.156491
2.23 -0.971498 1.60146 0.983535 0.967371 0.0491658 1208.22 1.45986e+06 0.153843
2.22 -0.960389 1.6303 0.983004 0.966329 0.0522295 1207.96 1.45924e+06 0.158831
2.21 -0.949717 1.61557 0.982452 0.965243 0.0532066 1207.76 1.45875e+06 0.15363
2.2 -0.939328 1.62398 0.981953 0.964265 0.0541979 1207.58 1.45832e+06 0.15745
2.19 -0.928373 1.62538 0.981482 0.963341 0.0565673 1207.38 1.45784e+06 0.157498
2.18 -0.916987 1.68716 0.980713 0.961835 0.0598282 1207.05 1.45703e+06 0.160325
2.17 -0.906315 1.69586 0.980226 0.960879 0.0606319 1206.88 1.45662e+06 0.159986
2.16 -0.895215 1.69834 0.979592 0.959639 0.0629324 1206.52 1.45577e+06 0.158713
2.15 -0.884738 1.7295 0.978968 0.95842 0.0665393 1206.46 1.45562e+06 0.162259
2.14 -0.873279 1.71032 0.978275 0.957062 0.0668676 1206 1.4545e+06 0.164003
2.13 -0.862918 1.72807 0.977774 0.956083 0.0681481 1205.91 1.45429e+06 0.165381
2.12 -0.851568 1.73226 0.976969 0.954511 0.071373 1205.61 1.45356e+06 0.163306
2.11 -0.840392 1.76647 0.976232 0.953074 0.0739776 1205.43 1.45313e+06 0.163838
2.1 -0.8289 1.78176 0.975391 0.951436 0.0773321 1204.89 1.45182e+06 0.168065
2.09 -0.818091 1.7919 0.974623 0.949938 0.0806366 1204.6 1.45114e+06 0.167941
2.08 -0.807131 1.76871 0.973869 0.948471 0.0809044 1204.35 1.45054e+06 0.167984
2.07 -0.795705 1.80955 0.972931 0.946647 0.0851157 1203.96 1.44958e+06 0.16928
2.06 -0.784283 1.82697 0.972053 0.944941 0.0875202 1203.52 1.44853e+06 0.163895
2.05 -0.773338 1.87351 0.971213 0.943312 0.0925235 1203.25 1.44787e+06 0.168039
2.04 -0.762318 1.88032 0.970476 0.941881 0.0942007 1203 1.44728e+06 0.17058
2.03 -0.750464 1.88949 0.969313 0.939628 0.0981666 1202.44 1.44593e+06 0.172829
2.02 -0.738868 1.88369 0.968251 0.937571 0.10035 1201.97 1.44481e+06 0.170802
2.01 -0.727641 1.92398 0.967293 0.935719 0.104904 1201.61 1.44393e+06 0.173438
2 -0.715596 1.95626 0.965989 0.933202 0.109391 1200.92 1.44227e+06 0.179297
1.99 -0.704904 1.96757 0.965135 0.931555 0.114042 1200.71 1.44179e+06 0.176086
1.98 -0.693015 1.97546 0.9639 0.929176 0.118414 1200.19 1.44053e+06 0.179809
1.97 -0.682037 1.98294 0.96298 0.927404 0.122171 1199.78 1.43955e+06 0.178545
1.96 -0.670063 2.00493 0.961581 0.924714 0.124721 1199.18 1.43811e+06 0.185089
1.95 -0.658055 2.10695 0.960082 0.92184 0.13414 1198.49 1.43645e+06 0.186575
1.94 -0.646074 2.08282 0.958692 0.919172 0.136425 1197.81 1.43483e+06 0.185907
1.93 -0.634751 2.10899 0.957474 0.916842 0.141822 1197.47 1.43402e+06 0.19105
1.92 -0.623168 2.13338 0.956188 0.914387 0.148982 1196.94 1.43275e+06 0.191962
1.91 -0.610172 2.19791 0.95421 0.910614 0.158382 1195.86 1.43016e+06 0.19964
1.9 -0.598416 2.22589 0.952801 0.907931 0.165354 1195.31 1.42884e+06 0.198001
1.89 -0.586338 2.24066 0.951133 0.904759 0.172241 1194.61 1.42717e+06 0.200615
1.88 -0.574073 2.31722 0.949261 0.901206 0.180437 1193.71 1.42502e+06 0.20885
1.87 -0.562128 2.316 0.947685 0.898219 0.186696 1193.13 1.42365e+06 0.210606
1.86 -0.549473 2.35241 0.945484 0.894063 0.200425 1192.03 1.42102e+06 0.213839
1.85 -0.537211 2.40361 0.943669 0.890638 0.206745 1191.19 1.41903e+06 0.219824
1.84 -0.524925 2.40831 0.941772 0.887062 0.21036 1190.6 1.41762e+06 0.219
1.83 -0.512332 2.45989 0.939482 0.882765 0.227391 1189.52 1.41504e+06 0.225252
1.82 -0.499224 2.57695 0.936853 0.87784 0.240843 1188.23 1.41199e+06 0.238055
1.81 -0.486376 2.55359 0.934599 0.873626 0.246882 1187.12 1.40936e+06 0.238526
1.8 -0.473578 2.62051 0.932214 0.869182 0.262916 1186 1.4067e+06 0.238614
1.79 -0.460255 2.73891 0.929445 0.86404 0.280925 1184.65 1.40349e+06 0.25036
1.78 -0.446653 2.73806 0.926378 0.858357 0.299019 1183.29 1.40028e+06 0.263526
1.77 -0.432674 2.87949 0.922992 0.852109 0.320163 1181.46 1.39595e+06 0.274687
1.76 -0.419137 2.98209 0.919784 0.846211 0.343791 1180.03 1.39258e+06 0.285299
1.75 -0.405078 2.92112 0.9163 0.839822 0.356089 1178.23 1.38834e+06 0.292345
1.74 -0.39153 3.17712 0.912855 0.833542 0.391441 1176.66 1.38465e+06 0.316865
1.73 -0.376647 3.15512 0.908598 0.825803 0.416722 1174.48 1.37954e+06 0.325298
1.72 -0.361416 3.46133 0.904157 0.817787 0.472484 1172.24 1.37429e+06 0.358669
1.71 -0.346545 3.44126 0.899461 0.809327 0.489256 1169.74 1.36845e+06 0.367915
1.7 -0.330899 3.76202 0.894431 0.800351 0.56599 1167.11 1.36231e+06 0.415472
1.69 -0.313761 3.99201 0.888028 0.788987 0.648028 1163.56 1.35407e+06 0.468861
1.68 -0.296989 4.37121 0.881752 0.777932 0.731499 1160.19 1.34625e+06 0.52033
1.67 -0.279063 4.47599 0.874273 0.764834 0.790994 1156.13 1.33685e+06 0.560437
1.66 -0.259945 5.34145 0.865338 0.749446 1.04604 1150.91 1.32489e+06 0.729382
1.65 0.267351 0.466702 0.0609299 0.00386183 0.245833 463.416 214989 1.44256
1.64 0.268415 0.45369 0.0585569 0.0035706 0.233168 461.119 212858 1.40799
1.63 0.269291 0.459138 0.0561287 0.00328441 0.220484 459.02 210919 1.36902
1.62 0.270443 0.451017 0.053989 0.00304574 0.21547 456.817 208906 1.40148
1.61 0.271197 0.43815 0.0517876 0.00281018 0.211017 454.742 207007 1.36244
1.6 0.271716 0.43417 0.0502459 0.00264033 0.190377 453.398 205773 1.28225
1.59 0.272347 0.42288 0.0488454 0.00249701 0.1829 452.065 204556 1.21938
1.58 0.273444 0.429444 0.0463102 0.0022507 0.174541 449.433 202184 1.23268
1.57 0.27401 0.417294 0.0450902 0.00213768 0.172073 448.597 201434 1.23983
1.56 0.274517 0.417001 0.0432203 0.00196114 0.153289 446.554 199592 1.16281
1.55 0.275185 0.414556 0.0416976 0.00182847 0.147764 445.107 198297 1.13657
1.54 0.275719 0.411878 0.0400551 0.001691 0.142503 443.519 196885 1.1358
1.53 0.276162 0.39876 0.038576 0.00157268 0.139176 442.145 195665 1.114
1.52 0.276578 0.399322 0.0374819 0.00148364 0.129601 441.095 194734 1.09697
1.51 0.277278 0.394524 0.0361364 0.00138434 0.1292 439.67 193478 1.09656
1.5 0.277772 0.398757 0.0348582 0.00128877 0.121248 438.306 192274 1.05596
1.49 0.277998 0.387173 0.0336668 0.00120574 0.118966 437.371 191455 1.05949
1.48 0.278515 0.396435 0.0327497 0.00114149 0.113465 436.321 190536 1.04893
1.47 0.278594 0.397564 0.031337 0.00104738 0.107589 435.103 189471 1.03162
1.46 0.278886 0.388275 0.0301811 0.000975236 0.105883 434.013 188524 1.02847
1.45 0.279186 0.380105 0.0292477 0.00091393 0.0962738 433.029 187662 0.976166
1.44 0.279281 0.37926 0.0282766 0.000857136 0.0947468 432.198 186945 0.991903
1.43 0.279689 0.389147 0.0276666 0.000822297 0.0935712 431.58 186412 0.995134
1.42 0.280004 0.384641 0.0265861 0.000761391 0.0898058 430.525 185498 0.9745
1.41 0.2802 0.370735 0.025594 0.000706168 0.0841204 429.477 184590 0.927585
1.4 0.28031 0.37546 0.0246611 0.000659537 0.084535 428.616 183857 0.968023
1.39 0.280496 0.374741 0.0240628 0.000626778 0.0785945 428.255 183542 0.936273
1.38 0.280741 0.379525 0.0234791 0.000597096 0.0754208 427.424 182828 0.911994
1.37 0.280988 0.383149 0.0225745 0.000553508 0.072248 426.712 182217 0.897202
1.36 0.28125 0.374089 0.0219351 0.000523892 0.0703456 426.134 181725 0.902757
1.35 0.281402 0.377109 0.0209554 0.000480078 0.0673926 425.008 180766 0.899214
1.34 0.281363 0.369233 0.0204581 0.000458641 0.0660071 424.513 180345 0.898863
1.33 0.281278 0.375081 0.0197834 0.000430333 0.0640988 424.033 179930 0.846377
1.32 0.281466 0.367607 0.0191338 0.000403372 0.0613378 423.211 179236 0.868269
1.31 0.281586 0.368883 0.0185561 0.000380401 0.0593663 422.8 178889 0.871261
1.3 0.281617 0.375626 0.0180197 0.000359335 0.0569829 422.334 178497 0.886689
1.29 0.282037 0.368522 0.0175891 0.00034286 0.0551064 421.88 178106 0.839039
1.28 0.282107 0.374867 0.0169845 0.000320535 0.0527668 421.174 177511 0.835353
1.27 0.281955 0.366312 0.0164805 0.000302701 0.0511738 420.796 177192 0.832169
1.26 0.281998 0.37146 0.0159891 0.000286066 0.0500514 420.302 176776 0.829219
1.25 0.281968 0.370103 0.0154071 0.000267137 0.0489725 419.861 176405 0.833917
1.24 0.28207 0.363653 0.0148592 0.000249077 0.0465423 419.062 175732 0.811758
1.23 0.282287 0.364809 0.0146065 0.000240859 0.0452723 418.925 175617 0.810133
1.22 0.282541 0.371107 0.0140715 0.000223655 0.0422075 418.244 175046 0.802654
1.21 0.282267 0.368265 0.0137181 0.000213979 0.0424495 418.092 174918 0.799579
1.2 0.28214 0.365084 0.0133221 0.000201915 0.0402137 417.81 174682 0.798578
1.19 0.282381 0.368337 0.0128049 0.000187882 0.0393578 417.121 174105 0.784197
1.18 0.282521 0.364128 0.0124706 0.000179019 0.0386808 416.848 173876 0.780504
1.17 0.282314 0.365862 0.012103 0.000168671 0.0365182 416.547 173628 0.799521
1.16 0.282351 0.356492 0.0118225 0.000162047 0.0366605 416.354 173465 0.786146
1.15 0.282521 0.363346 0.0113757 0.000150478 0.0346778 415.765 172977 0.796907
1.14 0.282377 0.36232 0.0109922 0.000141252 0.0336116 415.465 172725 0.78161
1.13 0.282395 0.372377 0.0106322 0.000132239 0.0315895 414.971 172311 0.758765
1.12 0.282442 0.370075 0.0103025 0.000124918 0.0309009 414.694 172084 0.776026
1.11 0.28251 0.364473 0.0101014 0.000120393 0.0302074 414.519 171938 0.768834
1.1 0.282378 0.36612 0.00973003 0.000112076 0.0286388 414.172 171650 0.768178
1.09 0.282318 0.37181 0.00943663 0.000106465 0.0286604 413.929 171447 0.761322
1.08 0.282271 0.36062 0.0091559 0.000100512 0.0274535 413.654 171218 0.751144
1.07 0.282452 0.358295 0.00889444 9.54337e-05 0.0268622 413.232 170871 0.763061
1.06 0.282236 0.36552 0.00867917 9.08206e-05 0.0254965 413.201 170842 0.736578
1.05 0.282397 0.358863 0.008402 8.58059e-05 0.0250352 412.837 170540 0.733905
1.04 0.2825 0.368137 0.00817378 8.16696e-05 0.0244533 412.6 170346 0.743855
1.03 0.282336 0.368106 0.00790373 7.67236e-05 0.023459 412.43 170205 0.738131
1.02 0.282078 0.354867 0.00766076 7.26849e-05 0.023036 412.35 170139 0.740145
1.01 0.282414 0.359336 0.00749514 6.9735e-05 0.0223124 411.886 169756 0.7334
1 0.282176 0.353437 0.00719965 6.49007e-05 0.0215024 411.682 169587 0.725942
0.99 0.282248 0.365237 0.00694236 6.06976e-05 0.0205734 411.324 169292 0.725377
0.98 0.28201 0.363103 0.0068895 5.97362e-05 0.0201947 411.524 169456 0.721635
0.97 0.282237 0.362253 0.00663611 5.6162e-05 0.0199527 411.225 169210 0.719969
0.96 0.282007 0.357474 0.00641597 5.27085e-05 0.0189977 411.218 169205 0.729237
0.95 0.281872 0.363316 0.00626172 5.04468e-05 0.0184941 411.06 169076 0.735537
0.94 0.281969 0.358544 0.00601762 4.70919e-05 0.0179055 410.558 168662 0.721927
0.93 0.281943 0.356988 0.0058553 4.48693e-05 0.0174196 410.367 168505 0.723298
0.92 0.282243 0.361138 0.00571094 4.28262e-05 0.016805 410.134 168310 0.698597
0.91 0.282044 0.356286 0.00552274 4.0317e-05 0.0161548 410.134 168311 0.700714
0.9 0.282076 0.36559 0.00534887 3.8251e-05 0.0158656 409.689 167947 0.712293
0.89 0.281995 0.362959 0.00519757 3.6084e-05 0.0149254 409.649 167914 0.711647
0.88 0.281859 0.361378 0.00506944 3.47756e-05 0.014937 409.689 167948 0.713242
0.87 0.281961 0.35642 0.00492778 3.32022e-05 0.0146785 409.369 167686 0.721336
0.86 0.281819 0.351992 0.00476953 3.12345e-05 0.0139656 409.312 167637 0.707122
0.85 0.281892 0.361006 0.00461554 2.93425e-05 0.0132305 409.034 167409 0.702905
0.84 0.281847 0.363327 0.00453602 2.85978e-05 0.0132023 409.028 167404 0.700418
0.83 0.281667 0.350199 0.00435434 2.66529e-05 0.0126599 408.761 167187 0.706602
0.82 0.281734 0.357938 0.00425148 2.54996e-05 0.0122187 408.757 167182 0.702775
0.81 0.281593 0.356072 0.00415894 2.46153e-05 0.0120441 408.772 167196 0.708242
0.8 0.281692 0.356797 0.00401389 2.3263e-05 0.0117696 408.493 166967 0.702539
0.79 0.281671 0.358805 0.00393021 2.24311e-05 0.0114946 408.457 166936 0.692274
0.78 0.281294 0.354225 0.00377352 2.09748e-05 0.0110845 408.393 166884 0.691487
0.77 0.281721 0.359594 0.00367509 2.00866e-05 0.0108293 408.107 166649 0.688916
0.76 0.281624 0.356749 0.00355087 1.90403e-05 0.0105846 408.064 166616 0.700905
0.75 0.281477 0.363488 0.00347214 1.82266e-05 0.0101555 408.017 166576 0.688273
0.74 0.281648 0.35149 0.00336806 1.73572e-05 0.00989633 407.794 166395 0.692696
0.73 0.281355 0.352534 0.00330747 1.67224e-05 0.00951733 407.966 166536 0.700591
0.72 0.281314 0.357075 0.00312179 1.52493e-05 0.00905757 407.514 166166 0.691214
0.71 0.281332 0.354443 0.00305608 1.46747e-05 0.00877998 407.537 166186 0.69423
0.7 0.281203 0.34802 0.00298524 1.42265e-05 0.00874663 407.495 166149 0.679004
0.69 0.281131 0.347848 0.00289514 1.34558e-05 0.00835025 407.44 166104 0.676837
0.68 0.280861 0.347795 0.0028158 1.28903e-05 0.00816538 407.596 166233 0.69245
0.67 0.281148 0.358312 0.00276788 1.24741e-05 0.00792067 407.204 165915 0.697093
0.66 0.280952 0.356625 0.0026526 1.17368e-05 0.00773572 407.204 165912 0.682538
0.65 0.280969 0.360866 0.00259748 1.13268e-05 0.00753713 407.408 166080 0.69175
0.64 0.281026 0.357208 0.00252648 1.0812e-05 0.00728868 406.986 165735 0.682813
0.63 0.280803 0.347706 0.00245 1.03142e-05 0.00709581 407.15 165870 0.691756
0.62 0.280988 0.348959 0.00239358 9.92567e-06 0.00690618 407.071 165803 0.672304
0.61 0.28088 0.355125 0.00230608 9.43619e-06 0.00677738 406.771 165560 0.682596
0.6 0.280767 0.353223 0.00224575 8.99297e-06 0.00649989 407.078 165809 0.679144
0.59 0.280884 0.344932 0.00215608 8.44124e-06 0.00624149 406.708 165507 0.674919
0.58 0.280593 0.355586 0.00210095 8.13395e-06 0.00612196 407.011 165756 0.692957
0.57 0.280881 0.350217 0.00207335 7.9308e-06 0.00597727 406.665 165472 0.673568
0.56 0.280809 0.355677 0.00200903 7.56384e-06 0.0058055 406.558 165386 0.678578
0.55 0.280843 0.345783 0.00193151 7.18452e-06 0.00568394 406.39 165249 0.675562
0.54 0.280577 0.346451 0.00187813 6.79826e-06 0.00538298 406.408 165262 0.669715
0.53 0.280555 0.35151 0.00181137 6.38066e-06 0.00510105 406.469 165313 0.670855
0.52 0.28056 0.354403 0.00177804 6.27215e-06 0.00511938 406.521 165354 0.663681
0.51 0.28045 0.351061 0.00170347 5.83255e-06 0.00482315 406.369 165231 0.668027
0.5 0.280439 0.356122 0.00167925 5.75283e-06 0.00482677 406.321 165194 0.683268
0.49 0.28053 0.347504 0.00164167 5.54651e-06 0.00469266 406.251 165135 0.66647
0.48 0.280391 0.3522 0.00155764 5.12876e-06 0.00444758 406.232 165121 0.679692
0.47 0.28043 0.348528 0.00154766 5.14127e-06 0.00451918 406.261 165142 0.662202
0.46 0.280334 0.355403 0.00149757 4.86051e-06 0.00430814 406.23 165118 0.674918
0.45 0.280357 0.343873 0.00145269 4.6346e-06 0.00415426 406.213 165102 0.65497
0.44 0.280192 0.361554 0.00140104 4.4298e-06 0.00405978 406.008 164939 0.681818
0.43 0.28051 0.351214 0.00136536 4.26869e-06 0.00395708 405.846 164806 0.674054
0.42 0.280282 0.351381 0.00132882 4.05515e-06 0.00376767 405.953 164892 0.660014
0.41 0.280211 0.349466 0.00127925 3.85818e-06 0.00365626 405.988 164921 0.670497
0.4 0.2802 0.349988 0.0012625 3.80528e-06 0.00363929 406.084 164999 0.668838
0.39 0.279991 0.349149 0.00121988 3.57726e-06 0.00343816 406.097 165009 0.660348
0.38 0.27998 0.35261 0.00117135 3.40621e-06 0.00334762 405.842 164803 0.669986
0.37 0.280337 0.354569 0.00114922 3.32197e-06 0.00329351 405.532 164552 0.674459
0.36 0.280296 0.355838 0.0011309 3.29017e-06 0.00330991 405.642 164642 0.683688
0.35 0.280027 0.351375 0.00108793 3.10194e-06 0.00315704 405.853 164811 0.663221
0.34 0.280186 0.348563 0.00107049 3.00564e-06 0.00306054 405.821 164784 0.6547
0.33 0.279942 0.353229 0.0010355 2.88885e-06 0.00298957 405.805 164771 0.659919
0.32 0.279961 0.346975 0.00100148 2.77612e-06 0.00291813 405.601 164608 0.672592
0.31 0.279882 0.34495 0.000967795 2.63295e-06 0.00279166 405.777 164750 0.66923
0.3 0.280239 0.344708 0.000940278 2.51495e-06 0.00268388 405.541 164557 0.658534
0.29 0.279643 0.351318 0.000926736 2.44985e-06 0.00261834 405.722 164706 0.670965
0.28 0.279984 0.34859 0.000912413 2.42498e-06 0.00262077 405.655 164649 0.656681
0.27 0.279944 0.347464 0.000857726 2.25951e-06 0.00250776 405.552 164569 0.678021
0.26 0.279808 0.342636 0.000833681 2.14994e-06 0.00239438 405.453 164486 0.664419
0.25 0.280143 0.33576 0.000814844 2.09042e-06 0.00234752 405.329 164386 0.665261
0.24 0.280006 0.354286 0.000792969 2.01295e-06 0.00227792 405.419 164459 0.663103
0.23 0.279816 0.349919 0.000781684 1.98432e-06 0.00226004 405.538 164557 0.672624
0.22 0.279905 0.348946 0.000750434 1.88817e-06 0.0021806 405.31 164370 0.66082
0.21 0.279954 0.345764 0.000749132 1.87928e-06 0.00216919 405.489 164515 0.662169
0.2 0.279999 0.348251 0.000710156 1.76339e-06 0.00207206 405.199 164281 0.672547
0.19 0.279651 0.347413 0.000680122 1.63288e-06 0.001926 405.398 164443 0.674649
0.18 0.279676 0.344551 0.000660417 1.59987e-06 0.00191516 405.34 164393 0.657327
0.17 0.279904 0.345366 0.000653299 1.57667e-06 0.00189235 405.185 164267 0.650966
0.16 0.279701 0.347975 0.000631858 1.48037e-06 0.00177922 405.36 164411 0.665009
0.15 0.279691 0.345929 0.000598872 1.38482e-06 0.00168879 405.372 164421 0.663733
0.14 0.279774 0.346377 0.000591319 1.39974e-06 0.00172813 405.047 164156 0.659089
0.13 0.279607 0.352331 0.000576736 1.32499e-06 0.00163315 405.177 164262 0.657868
0.12 0.279677 0.346667 0.000569792 1.32409e-06 0.00164477 405.255 164326 0.665315
0.11 0.279615 0.34587 0.000540885 1.23532e-06 0.00155152 405.25 164321 0.65903
0.1 0.279785 0.347583 0.000534549 1.20262e-06 0.00150892 405.167 164253 0.655441
0.09 0.279539 0.345839 0.000513368 1.16193e-06 0.00147848 405.184 164269 0.672137
0.08 0.279536 0.348504 0.000503299 1.14867e-06 0.0014735 405.238 164312 0.661237
0.07 0.279638 0.355847 0.000498872 1.13164e-06 0.00145278 405.211 164290 0.66531
0.06 0.279377 0.347378 0.000458507 9.9736e-07 0.00129539 405.328 164383 0.649253
0.05 0.279665 0.345803 0.000471354 1.04197e-06 0.00134915 405.15 164239 0.651402
0.04 0.279486 0.349168 0.000444618 9.54861e-07 0.0012461 405.059 164166 0.653138
0.03 0.279564 0.351863 0.00044375 9.66616e-07 0.00126671 405.146 164236 0.6533
0.02 0.279436 0.3405 0.000415365 8.98046e-07 0.001194 405.298 164360 0.660292
0.01 0.279566 0.339481 0.000405469 8.68809e-07 0.00115925 404.937 164067 0.653787
