1.2 -0.449874 0.993732 1 1 0 1122.45 1.2599e+06 0.225011
1.19 -0.439873 1.02412 1 1 0 1122.48 1.25997e+06 0.226697
1.18 -0.429864 1.00482 1 1 0 1122.44 1.25988e+06 0.223045
1.17 -0.419859 1.01041 1 1 0 1122.45 1.2599e+06 0.224477
1.16 -0.409835 0.995124 1 1 0 1122.48 1.25997e+06 0.220116
1.15 -0.399837 1.02573 1 1 0 1122.47 1.25996e+06 0.222739
1.14 -0.38986 1.0273 1 1 0 1122.44 1.25987e+06 0.222641
1.13 -0.379856 1.02744 1 1 0 1122.49 1.25999e+06 0.226074
1.12 -0.369868 0.996938 1 1 0 1122.49 1.25998e+06 0.220164
1.11 -0.359858 1.02083 1 1 0 1122.44 1.25988e+06 0.224767
1.1 -0.349865 1.01044 1 1 0 1122.5 1.26001e+06 0.228706
1.09 -0.339879 0.996283 1 1 0 1122.46 1.25993e+06 0.222427
1.08 -0.329868 1.00935 1 1 0 1122.46 1.25993e+06 0.224343
1.07 -0.319868 1.02512 1 1 0 1122.47 1.25995e+06 0.2209
1.06 -0.309849 1.02393 1 1 0 1122.49 1.25999e+06 0.222854
1.05 -0.299869 0.988773 1 1 0 1122.48 1.25996e+06 0.225475
1.04 -0.28988 1.01036 1 1 0 1122.49 1.26e+06 0.223583
1.03 -0.279855 0.995361 1 1 0 1122.51 1.26005e+06 0.222348
1.02 -0.269872 0.992504 1 1 0 1122.47 1.25995e+06 0.222958
1.01 -0.259864 1.01916 1 1 2.89337e-06 1122.49 1.25998e+06 0.224869
1 -0.24985 1.00712 1 1 0 1122.46 1.25992e+06 0.224098
0.99 -0.239864 1.01512 1 1 2.89337e-06 1122.48 1.25997e+06 0.222004
0.98 -0.229863 1.01149 1 1 0 1122.45 1.25991e+06 0.225344
0.97 -0.219866 1.01119 1 1 0 1122.52 1.26006e+06 0.220604
0.96 -0.20987 1.00884 1 1 0 1122.47 1.25995e+06 0.220087
0.95 -0.199878 1.00123 1 1 0 1122.47 1.25994e+06 0.227411
0.94 -0.189888 1.00123 1 1 0 1122.46 1.25993e+06 0.220219
0.93 -0.179845 1.01037 1 1 0 1122.48 1.25997e+06 0.221835
0.92 -0.169882 1.01788 1 1 0 1122.5 1.26001e+06 0.227747
0.91 -0.159865 1.01563 1 1 5.78646e-06 1122.47 1.25996e+06 0.222491
0.9 -0.149875 1.01858 1 1 2.89337e-06 1122.48 1.25998e+06 0.22459
0.89 -0.139864 1.00945 1 1 5.78646e-06 1122.45 1.2599e+06 0.220114
0.88 -0.129864 1.0051 1 1 5.78646e-06 1122.48 1.25998e+06 0.224397
0.87 -0.119866 0.994431 1 0.999999 1.15718e-05 1122.46 1.25992e+06 0.227566
0.86 -0.109859 1.00672 0.999999 0.999999 2.31389e-05 1122.47 1.25996e+06 0.219921
0.85 -0.0998721 1.01077 0.999999 0.999999 2.02475e-05 1122.48 1.25997e+06 0.221169
0.84 -0.0898633 1.00127 0.999999 0.999998 2.60299e-05 1122.5 1.26e+06 0.219582
0.83 -0.0798649 1.01224 0.999999 0.999997 4.62593e-05 1122.47 1.25996e+06 0.22258
0.82 -0.0698487 1.01462 0.999999 0.999997 4.33702e-05 1122.47 1.25994e+06 0.22392
0.81 -0.0598521 0.999537 0.999997 0.999994 9.24445e-05 1122.48 1.25996e+06 0.224996
0.8 -0.0498387 1.01672 0.999997 0.999994 9.82124e-05 1122.46 1.25993e+06 0.224061
0.79 -0.0398508 0.994072 0.999996 0.999993 0.000124154 1122.45 1.2599e+06 0.223385
0.78 -0.0298595 1.01241 0.999994 0.999988 0.000193216 1122.51 1.26003e+06 0.220173
0.77 -0.0198647 1.00186 0.999991 0.999981 0.000310813 1122.46 1.25992e+06 0.224351
0.76 -0.00986757 1.01073 0.999987 0.999974 0.000439496 1122.44 1.25987e+06 0.225092
0.75 0.000145021 1.01317 0.999982 0.999964 0.000595712 1122.48 1.25998e+06 0.222523
0.74 0.0101506 0.999279 0.999974 0.999948 0.000869761 1122.45 1.2599e+06 0.224641
0.73 0.020143 1.0238 0.999966 0.999931 0.00113773 1122.43 1.25986e+06 0.226397
0.72 0.0301577 1.00134 0.99995 0.999899 0.00167008 1122.47 1.25994e+06 0.226498
0.71 0.0401509 1.02711 0.999937 0.999874 0.00212282 1122.44 1.25988e+06 0.220239
0.7 0.0501818 1.00803 0.999904 0.999808 0.00315893 1122.43 1.25986e+06 0.226334
0.69 0.0601657 1.02669 0.999873 0.999746 0.00429724 1122.45 1.25989e+06 0.227091
0.68 0.0702019 1.04141 0.999807 0.999614 0.00656321 1122.4 1.25978e+06 0.224684
0.67 0.0801907 1.04068 0.999742 0.999485 0.00882799 1122.4 1.25979e+06 0.221835
0.66 0.0902395 1.03865 0.99963 0.999261 0.0124795 1122.31 1.25959e+06 0.230822
0.65 0.100272 1.05505 0.999485 0.998971 0.018305 1122.29 1.25954e+06 0.226633
0.64 0.11033 1.07186 0.999273 0.998548 0.0255781 1122.2 1.25935e+06 0.230456
0.63 0.120366 1.08896 0.998974 0.997951 0.0379541 1122.11 1.25913e+06 0.226956
0.62 0.130485 1.07448 0.998468 0.996941 0.0573652 1121.93 1.25873e+06 0.239019
0.61 0.140641 1.13959 0.997673 0.995356 0.0940921 1121.61 1.25801e+06 0.245892
0.6 0.031013 1.06605 0 0 0 555.901 309038 0.703473
0.59 0.0309993 1.055 0 0 0 555.915 309052 0.673877
0.58 0.0310069 1.05432 0 0 0 555.937 309078 0.690675
0.57 0.0310106 1.05463 0 0 0 555.885 309019 0.690854
0.56 0.0310258 1.08547 0 0 0 555.906 309043 0.68735
0.55 0.0310141 1.0699 0 0 0 555.896 309031 0.687969
0.54 0.0310316 1.07331 0 0 0 555.912 309050 0.69834
0.53 0.0310122 1.07032 0 0 0 555.942 309084 0.7007
0.52 0.0310071 1.07667 0 0 0 555.879 309014 0.702689
0.51 0.0310356 1.08099 0 0 0 555.888 309024 0.697453
0.5 0.0310071 1.06486 0 0 0 555.898 309034 0.690983
0.49 0.0310052 1.07663 0 0 0 555.86 308992 0.694069
0.48 0.0310142 1.06635 0 0 0 555.897 309033 0.689276
0.47 0.0309981 1.08503 0 0 0 555.964 309108 0.684941
0.46 0.0310213 1.07538 0 0 0 555.923 309061 0.695421
0.45 0.0310149 1.10388 0 0 0 555.906 309043 0.688075
0.44 0.0310138 1.07691 0 0 0 555.882 309017 0.695634
0.43 0.0310104 1.09709 0 0 0 555.877 309011 0.700285
0.42 0.0310255 1.06931 0 0 0 555.894 309030 0.70462
0.41 0.0309938 1.05804 0 0 0 555.896 309032 0.69895
0.4 0.0310274 1.06841 0 0 0 555.895 309031 0.697763
0.39 0.0310086 1.07212 0 0 0 555.882 309016 0.680337
0.38 0.0310211 1.0753 0 0 0 555.863 308995 0.702889
0.37 0.0310037 1.08565 0 0 0 555.9 309037 0.705798
0.36 0.0310152 1.05365 0 0 0 555.9 309036 0.68685
0.35 0.0310278 1.06905 0 0 0 555.882 309017 0.703076
0.34 0.0310336 1.07095 0 0 0 555.883 309017 0.69249
0.33 0.0310189 1.09405 0 0 0 555.95 309092 0.69636
0.32 0.0310163 1.07517 0 0 0 555.878 309012 0.704896
0.31 0.0310116 1.06393 0 0 0 555.937 309077 0.703209
0.3 0.0310367 1.06972 0 0 0 555.888 309023 0.691757
0.29 0.0310349 1.06949 0 0 0 555.866 308998 0.693509
0.28 0.0309976 1.06378 0 0 0 555.866 308998 0.695273
0.27 0.0310389 1.09069 0 0 0 555.89 309025 0.699793
0.26 0.0310209 1.06127 0 0 0 555.901 309038 0.68412
0.25 0.0310129 1.04826 0 0 0 555.87 309004 0.69629
0.24 0.0310288 1.09084 0 0 0 555.853 308985 0.714972
0.23 0.031031 1.06262 0 0 0 555.864 308996 0.691472
0.22 0.0310168 1.08397 0 0 0 555.902 309038 0.690908
0.21 0.0310229 1.09087 0 0 0 555.937 309077 0.697361
0.2 0.0310176 1.06956 0 0 0 555.921 309060 0.698192
0.19 0.0310155 1.07075 0 0 0 555.88 309014 0.690242
0.18 0.0310144 1.0652 0 0 0 555.942 309083 0.700541
0.17 0.0310189 1.09267 0 0 0 555.897 309033 0.69583
0.16 0.0310132 1.08286 0 0 0 555.876 309010 0.693422
0.15 0.0310185 1.08712 0 0 0 555.898 309034 0.694983
0.14 0.0310161 1.07222 0 0 0 555.887 309022 0.696296
0.13 0.0310254 1.08284 0 0 0 555.937 309078 0.694279
0.12 0.0309906 1.0834 0 0 0 555.914 309051 0.689415
0.11 0.0310175 1.08972 0 0 0 555.918 309056 0.706715
0.1 0.0310062 1.06879 0 0 0 555.877 309011 0.698964
0.09 0.030997 1.07577 0 0 0 555.9 309036 0.691862
0.08 0.0309971 1.08089 0 0 0 555.912 309050 0.696308
0.07 0.0310057 1.06516 0 0 0 555.927 309067 0.690768
0.06 0.0310116 1.05256 0 0 0 555.911 309049 0.688996
0.05 0.0310178 1.07346 0 0 0 555.863 308995 0.698192
0.04 0.0310107 1.08123 0 0 0 555.907 309044 0.699581
0.03 0.0310096 1.06624 0 0 0 555.911 309048 0.695242
0.02 0.0310091 1.08128 0 0 0 555.893 309028 0.686214
0.01 0.0310361 1.08362 0 0 0 555.857 308989 0.696276
