2.5 -1.18068 1.26596 0.996227 0.992476 0.0130832 1243.83 1.54718e+06 0.183573
2.49 -1.17048 1.27878 0.996099 0.992219 0.0131069 1243.8 1.54711e+06 0.182256
2.48 -1.15996 1.26219 0.995957 0.991938 0.013627 1243.51 1.54638e+06 0.180434
2.47 -1.15004 1.25924 0.995851 0.991727 0.0142953 1243.71 1.54688e+06 0.180832
2.46 -1.13957 1.30146 0.995679 0.991384 0.0148344 1243.49 1.54632e+06 0.181459
2.45 -1.12941 1.2965 0.995547 0.991123 0.015172 1243.49 1.54634e+06 0.181265
2.44 -1.11945 1.31355 0.995428 0.990885 0.0156127 1243.4 1.54611e+06 0.183183
2.43 -1.10893 1.31778 0.995219 0.99047 0.0163871 1243.28 1.54582e+06 0.183491
2.42 -1.09903 1.28061 0.995087 0.990208 0.0170785 1243.29 1.54584e+06 0.183288
2.41 -1.08848 1.32173 0.994867 0.98977 0.0171386 1243.13 1.54545e+06 0.183157
2.4 -1.07815 1.33192 0.994736 0.989508 0.0181071 1243.1 1.54535e+06 0.181711
2.39 -1.06769 1.31387 0.994496 0.989032 0.0187471 1242.97 1.54505e+06 0.183987
2.38 -1.05716 1.32567 0.994329 0.9887 0.0192026 1242.74 1.54448e+06 0.18048
2.37 -1.04701 1.31864 0.994115 0.988275 0.0204762 1242.76 1.54453e+06 0.182653
2.36 -1.03684 1.34834 0.993949 0.987946 0.0203998 1242.69 1.54434e+06 0.183842
2.35 -1.02644 1.35704 0.99372 0.987491 0.0216256 1242.61 1.54416e+06 0.187724
2.34 -1.01634 1.3614 0.993561 0.987175 0.0223995 1242.53 1.54396e+06 0.184082
2.33 -1.00541 1.3543 0.99327 0.986598 0.0232346 1242.41 1.54365e+06 0.181693
2.32 -0.995562 1.40462 0.993078 0.986217 0.0239672 1242.38 1.54359e+06 0.18391
2.31 -0.9846 1.37406 0.992807 0.985679 0.025522 1242.06 1.54278e+06 0.182305
2.3 -0.974524 1.40589 0.992549 0.985167 0.025587 1242.02 1.54268e+06 0.184965
2.29 -0.964373 1.38363 0.992336 0.984745 0.0262503 1241.84 1.54223e+06 0.183155
2.28 -0.953666 1.41127 0.99202 0.984119 0.0277958 1241.84 1.54223e+06 0.185616
2.27 -0.943338 1.42073 0.991762 0.983608 0.0288216 1241.66 1.5418e+06 0.184897
2.26 -0.932854 1.43202 0.991482 0.983053 0.0296949 1241.54 1.5415e+06 0.188874
2.25 -0.922591 1.43206 0.991206 0.982504 0.0303209 1241.51 1.54141e+06 0.188352
2.24 -0.911801 1.42029 0.990848 0.981797 0.0318424 1241.22 1.5407e+06 0.186987
2.23 -0.901469 1.4388 0.990489 0.981086 0.0329643 1241.18 1.5406e+06 0.191479
2.22 -0.890849 1.44222 0.990214 0.980541 0.0331695 1241.01 1.54017e+06 0.185678
2.21 -0.880358 1.4517 0.989833 0.979787 0.035817 1240.75 1.53952e+06 0.189728
2.2 -0.869739 1.46042 0.989477 0.979083 0.0364944 1240.57 1.53908e+06 0.185252
2.19 -0.859072 1.49917 0.989071 0.97828 0.0377761 1240.42 1.53872e+06 0.193714
2.18 -0.848908 1.48619 0.988766 0.977678 0.0388695 1240.36 1.53855e+06 0.192473
2.17 -0.838273 1.50475 0.98831 0.976778 0.0414853 1240.1 1.53791e+06 0.191002
2.16 -0.82763 1.50226 0.987941 0.976049 0.0412637 1240.05 1.5378e+06 0.194534
2.15 -0.816772 1.54375 0.987476 0.975132 0.0449184 1239.76 1.53707e+06 0.196277
2.14 -0.806227 1.53278 0.987019 0.974231 0.0464547 1239.49 1.53641e+06 0.192642
2.13 -0.795565 1.55015 0.986576 0.973356 0.0479192 1239.34 1.53605e+06 0.197853
2.12 -0.785204 1.55542 0.986165 0.972547 0.0499601 1239.2 1.53568e+06 0.190815
2.11 -0.774269 1.58471 0.985599 0.971433 0.0505275 1238.84 1.5348e+06 0.193907
2.1 -0.763428 1.58609 0.985003 0.970258 0.0530801 1238.57 1.53413e+06 0.195195
2.09 -0.753005 1.62136 0.984551 0.96937 0.0557866 1238.25 1.53333e+06 0.20102
2.08 -0.742205 1.58716 0.983975 0.968236 0.0574502 1238.05 1.53285e+06 0.195758
2.07 -0.731275 1.61441 0.98334 0.966989 0.0599502 1237.68 1.53193e+06 0.197582
2.06 -0.72067 1.65108 0.982765 0.965859 0.06277 1237.46 1.53138e+06 0.199884
2.05 -0.709539 1.65134 0.982133 0.964619 0.0641323 1237.13 1.53055e+06 0.201773
2.04 -0.698749 1.64414 0.981597 0.963567 0.0656175 1236.9 1.53001e+06 0.202928
2.03 -0.68776 1.6657 0.980756 0.961918 0.0693008 1236.42 1.5288e+06 0.204509
2.02 -0.676939 1.71707 0.980161 0.960754 0.0731989 1236.23 1.52835e+06 0.202307
2.01 -0.665745 1.71906 0.979202 0.958876 0.0763254 1235.72 1.52708e+06 0.209024
2 -0.654584 1.73201 0.978491 0.957485 0.0786287 1235.34 1.52615e+06 0.205532
1.99 -0.64411 1.75594 0.977779 0.956094 0.0826765 1235.06 1.52544e+06 0.208559
1.98 -0.632687 1.75549 0.976898 0.954374 0.086502 1234.61 1.52433e+06 0.211796
1.97 -0.621125 1.7969 0.975817 0.952265 0.0903191 1234.01 1.52287e+06 0.21172
1.96 -0.61047 1.7947 0.975075 0.95082 0.0932057 1233.76 1.52224e+06 0.217318
1.95 -0.599259 1.84018 0.974176 0.949069 0.0972936 1233.15 1.52074e+06 0.217706
1.94 -0.588139 1.84162 0.973201 0.947173 0.100157 1232.86 1.52003e+06 0.219657
1.93 -0.576722 1.87014 0.972087 0.945009 0.105498 1232.2 1.5184e+06 0.222673
1.92 -0.565445 1.88711 0.971044 0.942984 0.110867 1231.72 1.51721e+06 0.217261
1.91 -0.554229 1.87258 0.969939 0.940841 0.112793 1231.11 1.51572e+06 0.222465
1.9 -0.543109 1.90263 0.968997 0.939017 0.119668 1230.7 1.5147e+06 0.221672
1.89 -0.531571 1.95648 0.967619 0.936353 0.127607 1230.03 1.51306e+06 0.232205
1.88 -0.520057 1.98726 0.966322 0.933846 0.132334 1229.26 1.51116e+06 0.237296
1.87 -0.508438 2.02597 0.964875 0.931057 0.141193 1228.59 1.50951e+06 0.23999
1.86 -0.496316 2.0153 0.963344 0.928107 0.144146 1227.76 1.50748e+06 0.238125
1.85 -0.485041 2.05876 0.962111 0.925735 0.149466 1227.27 1.50629e+06 0.24095
1.84 -0.47285 2.07259 0.960307 0.922272 0.159616 1226.23 1.50372e+06 0.249718
1.83 -0.461265 2.14973 0.958841 0.919463 0.166965 1225.52 1.502e+06 0.252804
1.82 -0.449646 2.13888 0.957188 0.9163 0.173806 1224.77 1.50015e+06 0.250801
1.81 -0.437419 2.1945 0.955285 0.912666 0.186173 1223.68 1.4975e+06 0.26025
1.8 -0.426055 2.26987 0.953611 0.909478 0.200654 1223.04 1.49594e+06 0.271679
1.79 -0.413118 2.29917 0.951294 0.905069 0.209047 1221.66 1.49255e+06 0.271362
1.78 -0.401469 2.33684 0.949349 0.901377 0.218916 1220.66 1.4901e+06 0.278576
1.77 -0.388338 2.32166 0.947024 0.896972 0.226709 1219.36 1.48694e+06 0.278509
1.76 -0.376377 2.39141 0.944789 0.892752 0.243167 1218.22 1.48417e+06 0.287734
1.75 -0.363424 2.56097 0.942029 0.887557 0.267759 1216.69 1.48046e+06 0.30842
1.74 -0.350564 2.57052 0.939266 0.882364 0.27647 1215.27 1.477e+06 0.315783
1.73 -0.337644 2.66051 0.936391 0.876987 0.304463 1213.7 1.47318e+06 0.322306
1.72 -0.324815 2.59732 0.933589 0.871752 0.313899 1212.24 1.46964e+06 0.329334
1.71 -0.310146 2.78486 0.929344 0.863862 0.351 1209.69 1.46348e+06 0.356189
1.7 -0.297161 2.76636 0.926103 0.857858 0.366061 1207.92 1.45921e+06 0.361051
1.69 -0.283444 2.96061 0.922228 0.85072 0.414326 1205.8 1.4541e+06 0.398137
1.68 -0.269551 3.08164 0.918254 0.843421 0.442704 1203.61 1.44883e+06 0.411123
1.67 -0.25419 3.29744 0.912962 0.833768 0.517271 1200.44 1.44122e+06 0.462261
1.66 -0.239839 3.37569 0.908382 0.825438 0.538944 1197.84 1.43499e+06 0.472118
1.65 -0.224439 3.67931 0.902237 0.814362 0.635083 1194.17 1.42624e+06 0.539968
1.64 -0.207402 3.95269 0.895463 0.80223 0.72128 1190.09 1.41652e+06 0.605047
1.63 -0.190112 4.39503 0.887124 0.787443 0.872472 1184.9 1.40424e+06 0.716099
1.62 -0.172868 4.64846 0.879248 0.773592 0.990124 1180.16 1.39307e+06 0.80113
1.61 0.256231 0.490088 0.0507735 0.00269835 0.23117 460.908 212632 1.41451
1.6 0.256897 0.480421 0.0482425 0.00243506 0.20682 458.505 210408 1.32224
1.59 0.257667 0.483319 0.0457466 0.00219337 0.193188 456.195 208288 1.27195
1.58 0.258074 0.473642 0.0443635 0.00206882 0.193343 455.099 207289 1.27143
1.57 0.25851 0.483547 0.0422156 0.00187622 0.180593 453.126 205491 1.23094
1.56 0.259022 0.469351 0.0407066 0.00174477 0.168467 451.753 204243 1.19381
1.55 0.259347 0.468589 0.0390301 0.00160726 0.161099 450.209 202847 1.17752
1.54 0.259971 0.463669 0.0371396 0.001461 0.156763 448.365 201189 1.17582
1.53 0.260263 0.460126 0.0357977 0.00135654 0.144122 447.214 200153 1.1347
1.52 0.260679 0.463626 0.034191 0.00123964 0.135578 445.507 198625 1.10821
1.51 0.260999 0.455725 0.0329697 0.00115704 0.134467 444.552 197777 1.1258
1.5 0.261036 0.461243 0.0316659 0.0010715 0.132044 443.559 196893 1.11606
1.49 0.261662 0.446751 0.0304536 0.000989471 0.119139 441.998 195501 1.04388
1.48 0.261706 0.447404 0.029337 0.000919603 0.113174 441.41 194978 1.01891
1.47 0.262083 0.444025 0.0283479 0.000861959 0.112041 440.123 193848 1.06273
1.46 0.262 0.45965 0.0271473 0.000791216 0.10414 439.232 193058 1.00799
1.45 0.262377 0.441326 0.0258976 0.000723102 0.100642 438.009 191984 1.00258
1.44 0.262465 0.452706 0.0252522 0.000688855 0.0982717 437.363 191420 1.01642
1.43 0.26271 0.449617 0.0241015 0.000630046 0.0943972 436.206 190407 1.00068
1.42 0.263013 0.443039 0.0231948 0.000584214 0.0887341 435.436 189730 0.965593
1.41 0.262959 0.449838 0.0222843 0.000541459 0.0861491 434.65 189044 0.952144
1.4 0.263258 0.442865 0.0214644 0.000502856 0.0809003 433.581 188116 0.949765
1.39 0.263375 0.453974 0.0206401 0.000466363 0.0774706 432.927 187547 0.92857
1.38 0.263378 0.435449 0.0200072 0.000438954 0.0742385 432.468 187148 0.92027
1.37 0.263558 0.44109 0.0191105 0.000403031 0.0726128 431.365 186196 0.931277
1.36 0.263587 0.45176 0.0184582 0.000376789 0.069283 430.824 185728 0.918521
1.35 0.263536 0.437755 0.0176288 0.000344897 0.0655129 430.12 185118 0.887588
1.34 0.263549 0.44627 0.0170485 0.000323491 0.0630505 429.677 184738 0.894517
1.33 0.263653 0.43887 0.0165951 0.000306741 0.0601832 429.188 184314 0.866201
1.32 0.263782 0.440707 0.0160145 0.00028734 0.0592825 428.653 183858 0.891511
1.31 0.263743 0.440996 0.0154132 0.000267494 0.0574613 428.093 183373 0.846341
1.3 0.26376 0.436874 0.0148535 0.000249507 0.055452 427.484 182853 0.862807
1.29 0.263944 0.4374 0.014183 0.000228083 0.0516985 426.796 182262 0.835462
1.28 0.263831 0.444741 0.0137242 0.000214304 0.0498238 426.475 181989 0.844833
1.27 0.263862 0.438822 0.0133076 0.000201696 0.0472367 426.123 181688 0.842414
1.26 0.26386 0.431343 0.0127937 0.000187458 0.0456545 425.613 181254 0.842376
1.25 0.263979 0.441505 0.0123255 0.000174841 0.0440122 425.009 180737 0.818545
1.24 0.263898 0.441278 0.0118997 0.000163909 0.0428253 424.699 180475 0.828975
1.23 0.263578 0.435134 0.0114582 0.000153 0.0416847 424.458 180269 0.823822
1.22 0.263844 0.43704 0.011068 0.000143369 0.0400684 423.86 179760 0.811185
1.21 0.263658 0.437256 0.0107429 0.000135401 0.0383831 423.836 179739 0.805669
1.2 0.263894 0.431752 0.0104264 0.000127633 0.0363332 423.485 179441 0.792527
1.19 0.263864 0.42412 0.01003 0.000119278 0.0358588 423.075 179094 0.794179
1.18 0.263953 0.426648 0.00968854 0.000111173 0.0332263 422.642 178725 0.774799
1.17 0.263745 0.439127 0.00925694 0.000102914 0.0330681 422.392 178515 0.789636
1.16 0.263556 0.430987 0.00896745 9.69915e-05 0.0318266 422.128 178292 0.790515
1.15 0.26343 0.437875 0.0085638 8.87004e-05 0.0294944 421.666 177900 0.771992
1.14 0.263693 0.436664 0.00840755 8.62463e-05 0.029874 421.568 177818 0.773031
1.13 0.263553 0.434562 0.00808863 8.02317e-05 0.0284271 421.25 177550 0.774474
1.12 0.263474 0.438078 0.00775122 7.4122e-05 0.0269581 420.978 177320 0.771942
1.11 0.263447 0.43743 0.00755946 7.08558e-05 0.0263238 420.914 177265 0.764667
1.1 0.263603 0.434424 0.00733568 6.71238e-05 0.0255583 420.559 176965 0.751651
1.09 0.263516 0.434605 0.00698802 6.12901e-05 0.0239188 420.032 176523 0.763038
1.08 0.26329 0.432905 0.0068191 5.88093e-05 0.0236336 420.228 176689 0.773508
1.07 0.263414 0.435894 0.00654852 5.48438e-05 0.0229644 419.755 176289 0.750677
1.06 0.263495 0.427674 0.00635061 5.19714e-05 0.022351 419.592 176151 0.738506
1.05 0.263308 0.426616 0.00615651 4.87656e-05 0.0208569 419.531 176101 0.751464
1.04 0.26337 0.433024 0.00592769 4.58606e-05 0.0205883 419.174 175802 0.753563
1.03 0.263412 0.435655 0.00569332 4.23287e-05 0.0190365 418.892 175563 0.731798
1.02 0.26319 0.427672 0.00555521 4.08902e-05 0.0192574 419.026 175675 0.733297
1.01 0.263105 0.429371 0.00531372 3.78044e-05 0.0183722 418.773 175463 0.734859
1 0.263186 0.438672 0.00513585 3.55374e-05 0.017588 418.343 175104 0.743557
0.99 0.262926 0.440294 0.00492977 3.3347e-05 0.0173652 418.313 175078 0.734552
0.98 0.26313 0.426134 0.00473793 3.1009e-05 0.0164371 417.976 174798 0.747834
0.97 0.263026 0.429371 0.0046066 2.94431e-05 0.0157869 417.847 174687 0.720237
0.96 0.262856 0.42972 0.00445755 2.77698e-05 0.015168 417.923 174753 0.742457
0.95 0.262919 0.424825 0.00435061 2.65391e-05 0.0146138 417.638 174513 0.731825
0.94 0.262886 0.444211 0.0041954 2.50601e-05 0.0143208 417.546 174437 0.73486
0.93 0.263091 0.422841 0.00407274 2.38857e-05 0.014013 417.358 174280 0.733013
0.92 0.263002 0.432282 0.00395799 2.2756e-05 0.0136135 417.279 174214 0.737734
0.91 0.262652 0.437599 0.00379479 2.09895e-05 0.0126509 417.353 174273 0.712263
0.9 0.262697 0.435869 0.00363941 1.97552e-05 0.012499 416.978 173960 0.718092
0.89 0.262705 0.427963 0.00350729 1.85128e-05 0.0119265 416.879 173877 0.709589
0.88 0.262607 0.433952 0.00336007 1.73741e-05 0.0116813 416.755 173775 0.72296
0.87 0.262515 0.433714 0.0032967 1.66441e-05 0.0110896 416.743 173764 0.714718
0.86 0.262412 0.425665 0.00319939 1.58801e-05 0.0108365 416.828 173836 0.719449
0.85 0.262498 0.42754 0.0030737 1.48141e-05 0.0103036 416.443 173515 0.725075
0.84 0.262631 0.437404 0.00305226 1.47624e-05 0.0104565 416.477 173543 0.718677
0.83 0.262454 0.423683 0.00290964 1.3581e-05 0.00982084 416.368 173453 0.724243
0.82 0.262414 0.42467 0.00279583 1.27345e-05 0.0094422 416.234 173338 0.702592
0.81 0.262327 0.424989 0.00270408 1.21602e-05 0.00930838 416.296 173390 0.702635
0.8 0.262207 0.426111 0.00263681 1.15476e-05 0.00882203 416.183 173296 0.707272
0.79 0.262256 0.420434 0.00253516 1.08533e-05 0.00849838 416.054 173190 0.709106
0.78 0.262094 0.42745 0.00247118 1.04031e-05 0.00824903 416.053 173188 0.700501
0.77 0.262345 0.427123 0.00239635 1.0004e-05 0.00818213 415.818 172994 0.715431
0.76 0.26218 0.422746 0.00227595 9.15573e-06 0.00763345 415.712 172904 0.698432
0.75 0.261984 0.427203 0.00218281 8.60912e-06 0.00738135 415.747 172934 0.709513
0.74 0.261981 0.421355 0.00212092 8.27893e-06 0.0072588 415.709 172902 0.700275
0.73 0.262149 0.425201 0.00206042 7.89418e-06 0.00700582 415.612 172819 0.683197
0.72 0.26199 0.423682 0.00199306 7.45835e-06 0.00669326 415.55 172769 0.704418
0.71 0.262104 0.437391 0.0019322 7.11399e-06 0.0064907 415.444 172684 0.720002
0.7 0.261977 0.428376 0.0018553 6.76978e-06 0.0063891 415.333 172590 0.710011
0.69 0.262034 0.434686 0.00180104 6.38925e-06 0.00603936 415.385 172633 0.704349
0.68 0.261882 0.429228 0.00173507 5.99953e-06 0.005739 415.334 172591 0.707082
0.67 0.261738 0.423393 0.0016737 5.74589e-06 0.00565369 415.335 172591 0.708936
0.66 0.261719 0.42931 0.0015974 5.35482e-06 0.00538204 415.12 172411 0.698771
0.65 0.261688 0.422488 0.00157891 5.25249e-06 0.00529833 415.238 172507 0.676775
0.64 0.261843 0.42215 0.00152014 4.93254e-06 0.00503371 414.982 172296 0.68963
0.63 0.261579 0.414653 0.0014724 4.75622e-06 0.00496948 415.151 172438 0.700107
0.62 0.261776 0.415798 0.00143698 4.62993e-06 0.00492484 415.037 172343 0.704146
0.61 0.261551 0.411376 0.00136875 4.23569e-06 0.00453545 415.053 172356 0.697987
0.6 0.261724 0.427136 0.0013342 4.12085e-06 0.00449426 414.887 172217 0.69251
0.59 0.261677 0.421814 0.00127344 3.90354e-06 0.00438124 414.822 172163 0.688788
0.58 0.261437 0.415543 0.00124062 3.67447e-06 0.00409981 414.807 172150 0.68735
0.57 0.261521 0.416246 0.00119514 3.53461e-06 0.00404401 414.758 172110 0.690632
0.56 0.261522 0.418525 0.00117717 3.40516e-06 0.0038773 414.638 172011 0.697145
0.55 0.261446 0.419558 0.0011191 3.20879e-06 0.00375631 414.704 172066 0.697072
0.54 0.261475 0.415377 0.00109002 3.08295e-06 0.00363805 414.776 172126 0.699581
0.53 0.261627 0.425006 0.00107578 3.04739e-06 0.00362896 414.555 171944 0.708009
0.52 0.261486 0.425346 0.00100217 2.75924e-06 0.0033694 414.542 171932 0.698054
0.51 0.261478 0.42265 0.00096658 2.6227e-06 0.00324178 414.4 171813 0.692231
0.5 0.261246 0.417286 0.00095026 2.54886e-06 0.00316006 414.59 171971 0.68884
0.49 0.261458 0.421335 0.000901997 2.38519e-06 0.00301746 414.203 171650 0.692553
0.48 0.261515 0.426532 0.000907552 2.41413e-06 0.00305372 414.44 171847 0.691686
0.47 0.261434 0.415609 0.000875347 2.29733e-06 0.00293971 414.505 171902 0.704643
0.46 0.261214 0.419292 0.000830382 2.10353e-06 0.00271487 414.573 171957 0.691955
0.45 0.26131 0.413835 0.000793663 2.02139e-06 0.00267167 414.506 171900 0.681332
0.44 0.261292 0.417365 0.00076276 1.92464e-06 0.00257825 414.247 171685 0.6797
0.43 0.261243 0.414658 0.000758507 1.91364e-06 0.00256955 414.482 171881 0.693601
0.42 0.261002 0.416092 0.000736458 1.83196e-06 0.00247601 414.582 171962 0.673517
0.41 0.261099 0.414872 0.000692361 1.71019e-06 0.00236319 414.398 171812 0.69258
0.4 0.261035 0.420806 0.00068559 1.6478e-06 0.00226131 414.391 171805 0.688211
0.39 0.26142 0.418161 0.000678125 1.63574e-06 0.00225771 414.19 171638 0.678139
0.38 0.261193 0.422484 0.000640885 1.52799e-06 0.00214513 414.075 171544 0.69714
0.37 0.26102 0.414439 0.000631163 1.52075e-06 0.00215498 414.349 171771 0.686263
0.36 0.2609 0.421817 0.000592188 1.38497e-06 0.00198583 414.38 171796 0.689386
0.35 0.261229 0.417291 0.000578038 1.34624e-06 0.00194325 414.137 171595 0.689827
0.34 0.260861 0.417286 0.000559028 1.27435e-06 0.00184674 414.352 171773 0.682556
0.33 0.260985 0.414981 0.000524826 1.17881e-06 0.00173446 414.166 171619 0.686427
0.32 0.260856 0.414269 0.00052283 1.17775e-06 0.00173645 414.29 171721 0.679245
0.31 0.260755 0.410716 0.000505035 1.15078e-06 0.00171978 414.17 171623 0.692204
0.3 0.260725 0.411146 0.00048099 1.06322e-06 0.00159718 414.128 171587 0.681311
0.29 0.260894 0.41369 0.000484375 1.06156e-06 0.00158773 414.074 171541 0.67972
0.28 0.261188 0.427105 0.000461024 1.01921e-06 0.0015488 413.984 171468 0.689224
0.27 0.261246 0.402871 0.000439497 9.55615e-07 0.00146392 413.863 171365 0.662965
0.26 0.261067 0.419049 0.000432986 9.3527e-07 0.00143576 413.979 171465 0.69631
0.25 0.260994 0.411993 0.000416146 9.00608e-07 0.00139667 414.051 171525 0.692442
0.24 0.261099 0.415891 0.000403038 8.59465e-07 0.00133829 414.084 171550 0.680576
0.23 0.260774 0.418353 0.000391319 8.2616e-07 0.00129222 414.102 171566 0.693179
0.22 0.260955 0.409622 0.00038316 7.99636e-07 0.00125342 413.97 171456 0.685829
0.21 0.260864 0.41505 0.000354253 7.48246e-07 0.00119568 413.985 171468 0.683012
0.2 0.260773 0.405849 0.000349479 7.36642e-07 0.00117985 414.059 171529 0.675877
0.19 0.261008 0.420683 0.000339497 7.09666e-07 0.00114126 413.942 171434 0.690991
0.18 0.260775 0.405965 0.000310938 6.37478e-07 0.00103833 413.781 171299 0.679757
0.17 0.26092 0.411636 0.000314236 6.44712e-07 0.00104826 413.885 171385 0.6826
0.16 0.260759 0.406221 0.000308767 6.32204e-07 0.00103078 413.993 171474 0.673775
0.15 0.260855 0.405818 0.000286024 5.78252e-07 0.000953168 413.843 171351 0.678974
0.14 0.260898 0.415271 0.000283767 5.73429e-07 0.000946378 413.881 171382 0.680047
0.13 0.260706 0.417445 0.000275955 5.6288e-07 0.000934519 413.991 171473 0.681067
0.12 0.260544 0.417621 0.000273785 5.45549e-07 0.000903534 414.014 171493 0.687356
0.11 0.260845 0.410238 0.000259722 5.16614e-07 0.000862383 413.867 171371 0.687939
0.1 0.26084 0.41271 0.000250608 4.94762e-07 0.000829358 413.845 171353 0.68692
0.09 0.260895 0.409125 0.000247309 4.88131e-07 0.00081978 413.822 171333 0.684186
0.08 0.260777 0.408098 0.00023559 4.64169e-07 0.000784638 413.678 171214 0.679721
0.07 0.260776 0.415442 0.000228385 4.45933e-07 0.000756045 413.843 171351 0.685326
0.06 0.260674 0.421365 0.000221615 4.39604e-07 0.000749742 413.844 171352 0.685793
0.05 0.260672 0.410936 0.000206944 4.0238e-07 0.000690344 413.851 171356 0.671155
0.04 0.260834 0.413656 0.000206684 4.02229e-07 0.000690261 413.677 171212 0.671676
0.03 0.26057 0.409448 0.00019974 3.90776e-07 0.000673689 413.888 171388 0.684986
0.02 0.260783 0.416582 0.000188889 3.66211e-07 0.000634621 413.744 171268 0.674205
0.01 0.260618 0.418207 0.000185503 3.60333e-07 0.00062577 413.785 171303 0.680394
