1 0.674496 0.597118 0.298611 0.0891686 0 674.21 454787 0.338594
0.99 0.668077 0.579183 0.298611 0.0891686 0 674.584 455279 0.323091
0.98 0.662886 0.592213 0.298611 0.0891686 0 675.377 456349 0.32434
0.97 0.657684 0.599361 0.298611 0.0891686 0 675.382 456359 0.332749
0.96 0.651775 0.612294 0.298611 0.0891686 0 675.957 457135 0.335335
0.95 0.64591 0.617441 0.298611 0.0891686 0 676.288 457579 0.332864
0.94 0.640194 0.618414 0.298611 0.0891686 0 677.239 458860 0.327405
0.93 0.634604 0.612101 0.298611 0.0891686 0 676.936 458455 0.337068
0.92 0.62977 0.626521 0.298611 0.0891686 0 677.861 459706 0.337416
0.91 0.623465 0.632382 0.298611 0.0891686 0 677.964 459845 0.339862
0.9 0.617205 0.616058 0.298611 0.0891686 0 678.38 460404 0.336048
0.89 0.612045 0.630849 0.298611 0.0891686 0 679.029 461284 0.337524
0.88 0.606199 0.638804 0.298611 0.0891686 0 679.504 461927 0.335323
0.87 0.599948 0.658011 0.298611 0.0891686 0 679.812 462346 0.340753
0.86 0.592733 0.676115 0.298611 0.0891686 0 680.5 463279 0.340337
0.85 0.5882 0.671102 0.298611 0.0891686 0 680.561 463365 0.34802
0.84 0.581729 0.669046 0.298611 0.0891686 0 681.308 464382 0.351159
0.83 0.574696 0.664718 0.298611 0.0891686 0 681.916 465207 0.348589
0.82 0.569295 0.672686 0.298611 0.0891686 0 682.504 466009 0.352693
0.81 0.562742 0.699044 0.298611 0.0891686 0 682.32 465747 0.337331
0.8 0.557329 0.696351 0.298611 0.0891686 0 683.535 467411 0.348785
0.79 0.550405 0.706077 0.298611 0.0891686 0 683.982 468021 0.351147
0.78 0.543527 0.730944 0.298611 0.0891686 0 684.602 468869 0.353602
0.77 0.537769 0.730615 0.298611 0.0891686 0 684.551 468798 0.357188
0.76 0.53114 0.718453 0.298611 0.0891686 0 685.281 469793 0.352404
0.75 0.524514 0.7327 0.298611 0.0891686 0 685.338 469875 0.362447
0.74 0.517839 0.726799 0.298611 0.0891686 0 686.627 471639 0.357952
0.73 0.511284 0.73224 0.298611 0.0891686 0 686.866 471964 0.356549
0.72 0.503918 0.745144 0.298611 0.0891686 0 687.658 473054 0.3638
0.71 0.498084 0.746417 0.298611 0.0891686 0 688.34 473991 0.365071
0.7 0.489732 0.754441 0.298611 0.0891686 0 688.71 474492 0.353262
0.69 0.483072 0.7571 0.298611 0.0891686 0 689.62 475750 0.365943
0.68 0.476743 0.769847 0.298611 0.0891686 0 690.344 476747 0.365718
0.67 0.469279 0.793879 0.298611 0.0891686 0 690.235 476595 0.368806
0.66 0.461704 0.804478 0.298611 0.0891686 0 691.106 477795 0.367594
0.65 0.455221 0.774912 0.298611 0.0891686 0 691.563 478431 0.381091
0.64 0.447167 0.814383 0.298611 0.0891686 0 692.469 479680 0.376528
0.63 0.440165 0.822854 0.298611 0.0891686 0 692.771 480097 0.377908
0.62 0.43371 0.816723 0.298611 0.0891686 0 694.052 481874 0.385953
0.61 0.425138 0.843518 0.298611 0.0891686 0 693.898 481652 0.372726
0.6 0.417978 0.858905 0.298611 0.0891686 0 694.749 482837 0.385876
0.59 0.40899 0.84174 0.298611 0.0891686 0 695.843 484357 0.386881
0.58 0.402498 0.852468 0.298611 0.0891686 0 696.197 484848 0.389038
0.57 0.395369 0.853167 0.298611 0.0891686 0 696.927 485860 0.386183
0.56 0.387078 0.861202 0.298611 0.0891686 0 697.518 486685 0.395181
0.55 0.378732 0.882981 0.298611 0.0891686 0 698.11 487509 0.392063
0.54 0.370455 0.849886 0.298611 0.0891686 0 698.816 488493 0.392449
0.53 0.363622 0.868803 0.298611 0.0891686 0 699.611 489601 0.394719
0.52 0.355121 0.883702 0.298611 0.0891686 0 700.159 490367 0.396309
0.51 0.34564 0.932178 0.298611 0.0891686 0 701.223 491859 0.403719
0.5 0.338297 0.892461 0.298611 0.0891686 0 701.943 492869 0.415326
0.49 0.330012 0.923129 0.298611 0.0891686 0 702.478 493617 0.411943
0.48 0.321569 0.921894 0.298611 0.0891686 0 703.134 494536 0.412005
0.47 0.312954 0.903519 0.298611 0.0891686 0 703.529 495089 0.409941
0.46 0.303777 0.930581 0.298611 0.0891686 0 704.307 496184 0.416779
0.45 0.295866 0.961802 0.298611 0.0891686 0 705.525 497898 0.4196
0.44 0.286265 0.959861 0.298611 0.0891686 0 706.072 498671 0.43125
0.43 0.27909 0.9738 0.298611 0.0891686 0 706.852 499769 0.426491
0.42 0.267569 0.963681 0.298611 0.0891686 0 707.12 500147 0.430202
0.41 0.261292 0.970561 0.298611 0.0891686 0 708.17 501627 0.423387
0.4 0.250827 1.03202 0.298611 0.0891686 0 709.154 503022 0.430583
0.39 0.240238 1.02135 0.298611 0.0891686 0 709.271 503191 0.452419
0.38 0.233076 0.990962 0.298611 0.0891686 0 709.948 504149 0.451442
0.37 0.223139 1.01675 0.298611 0.0891686 0 711.243 505986 0.456348
0.36 0.213339 1.02502 0.298611 0.0891686 0 711.375 506175 0.469331
0.35 0.203364 1.05823 0.298611 0.0891686 0 712.221 507378 0.479695
0.34 0.194859 1.03905 0.298611 0.0891686 0 713.312 508926 0.460181
0.33 0.186076 1.03165 0.298611 0.0891686 0 714.335 510386 0.473185
0.32 0.175182 1.05366 0.298611 0.0891686 0 714.617 510789 0.486158
0.31 0.164961 1.06222 0.298611 0.0891686 0 715.349 511834 0.490731
0.3 0.154533 1.04881 0.298611 0.0891686 0 715.558 512130 0.500156
0.29 0.147609 1.05748 0.298611 0.0891686 0 717.379 514735 0.496182
0.28 0.13752 1.06733 0.298611 0.0891686 0 718.457 516284 0.516315
0.27 0.122085 1.19093 0.298611 0.0891686 0 717.703 515198 0.52213
0.26 0.111731 1.02584 0.298611 0.0891686 0 717.478 514875 0.53594
0.25 0.102807 1.00803 0.298611 0.0891686 0 718.897 516906 0.519753
0.24 0.0923564 1.064 0.298611 0.0891686 0 719.444 517693 0.541868
0.23 0.0855444 1.15449 0.298611 0.0891686 0 722.485 522077 0.559869
0.22 0.0749494 1.05472 0.298611 0.0891686 0 722.613 522258 0.554728
0.21 0.0582923 1.32657 0.298611 0.0891686 0 722.16 521602 0.574526
0.2 0.0429929 1.09817 0.298611 0.0891686 0 721.063 520013 0.562687
0.19 0.0338383 1.0313 0.298611 0.0891686 0 721.334 520400 0.557389
0.18 0.0210443 0.98654 0.298611 0.0891686 0 722.781 522484 0.551643
0.17 0.0146041 1.10906 0.298611 0.0891686 0 725.209 526003 0.605715
0.16 0.00332943 1.04176 0.298611 0.0891686 0 725.817 526875 0.560415
0.15 -0.00967811 1.05558 0.298611 0.0891686 0 726.341 527633 0.566248
0.14 -0.0213499 1.01366 0.298611 0.0891686 0 729.264 531884 0.568115
0.13 -0.0306037 1.06841 0.298611 0.0891686 0 733.434 537982 0.584854
0.12 -0.04288 1.02178 0.298611 0.0891686 0 734.94 540187 0.567078
0.11 -0.0540713 1.04136 0.298611 0.0891686 0 738.692 545715 0.602362
0.1 -0.0649633 1.08849 0.298611 0.0891686 0 741.769 550266 0.597104
0.09 -0.0760265 1.06782 0.298611 0.0891686 0 746.266 556950 0.564488
0.08 -0.0867331 1.05963 0.298611 0.0891686 0 751.081 564159 0.603571
0.07 -0.0980673 1.08347 0.298611 0.0891686 0 755.52 570842 0.587028
0.06 -0.108391 1.05812 0.298611 0.0891686 0 761.863 580462 0.597881
0.05 -0.119205 1.07087 0.298611 0.0891686 0 767.308 588786 0.606387
0.04 -0.12981 1.05672 0.298611 0.0891686 0 773.075 597663 0.599857
0.03 -0.140255 1.03538 0.298611 0.0891686 0 778.36 605858 0.578936
0.02 -0.15057 1.02113 0.298611 0.0891686 0 784.002 614669 0.583919
0.01 -0.160759 1.00374 0.298611 0.0891686 0 789.409 623171 0.622535
