1 0.519669 0.273089 0.31007 0.0965326 0.224203 415.492 172788 0.37121
0.99 0.517183 0.267745 0.308918 0.0958143 0.223475 415.34 172664 0.380385
0.98 0.5143 0.268192 0.308022 0.0952591 0.224434 415.851 173086 0.378154
0.97 0.511523 0.276902 0.307014 0.0946524 0.234513 416.004 173211 0.375283
0.96 0.508832 0.277805 0.306146 0.0941169 0.235076 416.242 173407 0.373823
0.95 0.505788 0.279303 0.305145 0.0935047 0.237402 416.856 173921 0.382785
0.94 0.503331 0.279746 0.30436 0.0930175 0.234369 417.003 174042 0.383736
0.93 0.500414 0.284784 0.303298 0.0923843 0.244551 417.195 174204 0.391579
0.92 0.49752 0.295053 0.302572 0.0919404 0.244516 417.723 174645 0.395482
0.91 0.494812 0.285281 0.301366 0.0912154 0.249153 417.549 174497 0.394771
0.9 0.491237 0.287304 0.300509 0.0906942 0.248687 418.297 175122 0.395765
0.89 0.488861 0.29647 0.299507 0.0900929 0.251517 418.332 175150 0.400171
0.88 0.485809 0.294974 0.298462 0.0894615 0.249937 418.785 175530 0.405147
0.87 0.483011 0.295478 0.297408 0.0888374 0.255552 419.153 175830 0.387652
0.86 0.479918 0.297359 0.296512 0.0883015 0.255893 419.356 176003 0.397225
0.85 0.476446 0.30202 0.295897 0.0879363 0.258279 420.044 176581 0.402163
0.84 0.473695 0.309247 0.294601 0.0871792 0.266905 420.304 176798 0.402916
0.83 0.47072 0.305738 0.293723 0.0866526 0.263408 420.548 177001 0.402107
0.82 0.467493 0.309981 0.292539 0.0859562 0.264721 420.868 177271 0.408911
0.81 0.464569 0.318645 0.291644 0.0854344 0.268991 421.381 177701 0.407936
0.8 0.461302 0.312818 0.290545 0.0847889 0.268281 421.743 178005 0.407485
0.79 0.458105 0.321166 0.289291 0.084071 0.278504 422.021 178244 0.425719
0.78 0.454812 0.322854 0.288275 0.0834859 0.283056 422.185 178378 0.418698
0.77 0.45226 0.320433 0.28701 0.082746 0.277795 422.483 178626 0.411712
0.76 0.448588 0.328724 0.286392 0.0824 0.287617 423.178 179216 0.424907
0.75 0.445287 0.328856 0.28519 0.0817082 0.287872 423.455 179451 0.432287
0.74 0.441931 0.335636 0.284225 0.0811575 0.290779 424.089 179984 0.421752
0.73 0.438726 0.332889 0.28314 0.0805399 0.293258 424.529 180358 0.42745
0.72 0.435368 0.347166 0.28199 0.0798981 0.303925 424.799 180587 0.436938
0.71 0.431696 0.344231 0.28093 0.0793013 0.307845 425.367 181068 0.432133
0.7 0.428066 0.349388 0.280141 0.0788572 0.311007 426.006 181612 0.437698
0.69 0.424907 0.344392 0.278801 0.0781033 0.31161 426.494 182026 0.438025
0.68 0.421237 0.353817 0.277924 0.0776124 0.314135 426.831 182312 0.436973
0.67 0.418295 0.356618 0.276477 0.0768075 0.316183 427.191 182620 0.448986
0.66 0.414004 0.361108 0.275865 0.0764676 0.319521 428.027 183334 0.447349
0.65 0.410312 0.363215 0.274611 0.0757723 0.319838 428.661 183873 0.44098
0.64 0.406616 0.373524 0.273725 0.0752961 0.333847 429.067 184222 0.448002
0.63 0.403013 0.375925 0.272517 0.0746415 0.343719 429.569 184651 0.448486
0.62 0.399197 0.381059 0.271567 0.0741254 0.350185 430.333 185311 0.469122
0.61 0.395401 0.382451 0.270481 0.0735273 0.347018 430.998 185881 0.464048
0.6 0.39148 0.387666 0.269724 0.0731231 0.356988 431.63 186425 0.467324
0.59 0.387521 0.401227 0.26864 0.0725348 0.358778 432.396 187088 0.477974
0.58 0.383588 0.396292 0.267677 0.072023 0.369492 433.107 187703 0.482653
0.57 0.379656 0.408335 0.266571 0.0714289 0.372491 433.649 188170 0.479289
0.56 0.375619 0.416873 0.265603 0.0709206 0.386565 434.343 188772 0.484889
0.55 0.371349 0.416451 0.264507 0.0703315 0.384753 435.223 189536 0.486822
0.54 0.367003 0.413022 0.26393 0.0700252 0.390747 436.058 190263 0.495565
0.53 0.362815 0.426209 0.26296 0.0695164 0.400365 436.901 190996 0.489215
0.52 0.358812 0.423638 0.261927 0.0689582 0.390175 437.619 191624 0.501185
0.51 0.35433 0.445842 0.261156 0.0685734 0.419128 438.632 192512 0.509857
0.5 0.349842 0.442367 0.260329 0.0681338 0.418003 439.494 193265 0.500394
0.49 0.345239 0.459191 0.259747 0.0678297 0.424764 440.43 194088 0.509088
0.48 0.340605 0.46613 0.259101 0.0674944 0.433337 441.503 195037 0.529804
0.47 0.335959 0.471916 0.258234 0.0670512 0.448806 442.415 195842 0.533957
0.46 0.331311 0.476552 0.257591 0.0667189 0.457852 443.583 196873 0.524833
0.45 0.32665 0.488503 0.257112 0.0664686 0.463339 444.771 197930 0.539254
0.44 0.321322 0.503292 0.257064 0.066452 0.484179 446.211 199210 0.537604
0.43 0.316402 0.511618 0.256775 0.0663042 0.496833 447.621 200471 0.552561
0.42 0.3111 0.520561 0.256604 0.0662191 0.511998 448.988 201695 0.556861
0.41 0.305733 0.534343 0.256277 0.06605 0.522885 450.191 202777 0.568186
0.4 0.300534 0.553627 0.256244 0.0660288 0.529621 451.84 204263 0.570873
0.39 0.294596 0.568004 0.256975 0.0664141 0.558456 453.608 205865 0.589953
0.38 0.28885 0.577968 0.257354 0.0666119 0.577047 455.455 207540 0.582508
0.37 0.283175 0.599172 0.257627 0.0667532 0.593738 457.173 209109 0.602401
0.36 0.277173 0.604159 0.258292 0.0670942 0.607116 459.044 210821 0.599722
0.35 0.270483 0.633938 0.260058 0.068011 0.627163 461.43 213016 0.60779
0.34 0.264243 0.663661 0.261057 0.0685491 0.675259 463.568 214996 0.634362
0.33 0.257181 0.676032 0.263147 0.0696363 0.680844 466.16 217402 0.630311
0.32 0.250693 0.692452 0.264709 0.0704677 0.714868 468.563 219646 0.629795
0.31 0.243418 0.7527 0.2674 0.0719199 0.775163 471.448 222358 0.645866
0.3 0.235327 0.788223 0.270942 0.0738261 0.800007 474.691 225428 0.675092
0.29 0.227436 0.836562 0.274656 0.0758611 0.844339 478.059 228636 0.689606
0.28 0.218643 0.889405 0.279729 0.0786798 0.887649 481.93 232349 0.692217
0.27 0.210033 0.939355 0.284879 0.0816039 0.95497 485.633 235933 0.711664
0.26 0.200123 0.99091 0.292014 0.0857325 1.02002 490.499 240679 0.709383
0.25 0.189507 1.11406 0.300526 0.090809 1.13551 495.572 245686 0.760014
0.24 0.178421 1.19406 0.310407 0.0968583 1.21356 501.084 251177 0.768738
0.23 0.165938 1.27562 0.322625 0.104611 1.31166 507.429 257574 0.768997
0.22 0.152379 1.42209 0.337835 0.114687 1.45075 514.611 264914 0.784905
0.21 0.137365 1.61808 0.356078 0.127393 1.64763 522.632 273233 0.811638
0.2 0.120752 1.78282 0.378319 0.143759 1.82565 531.755 282851 0.82949
0.19 0.101552 2.02302 0.40643 0.165866 2.06462 542.239 294106 0.805253
0.18 0.0801126 2.21843 0.440679 0.194905 2.26272 553.749 306714 0.76156
0.17 0.0568385 2.4345 0.480431 0.231544 2.47338 565.973 320396 0.738012
0.16 0.0307631 2.74495 0.527804 0.279321 2.67598 579.034 335343 0.678336
0.15 0.00351437 2.755 0.579643 0.336681 2.66799 591.78 350254 0.574616
0.14 -0.0243805 2.77406 0.634409 0.403117 2.64118 603.645 364427 0.476068
0.13 -0.0518049 2.74082 0.689419 0.475845 2.42001 614.103 377155 0.402979
0.12 -0.0787458 2.64832 0.743646 0.553464 2.18016 623.281 388503 0.329401
0.11 -0.105042 2.56279 0.796186 0.63428 1.92162 631.157 398379 0.285111
0.1 -0.129785 2.41815 0.844721 0.713829 1.58834 637.737 406724 0.247748
0.09 -0.15298 2.27555 0.88808 0.788885 1.27751 643.248 413781 0.221035
0.08 -0.174482 2.03519 0.925913 0.857443 0.928588 647.893 419776 0.202891
0.07 -0.193635 1.81111 0.956164 0.914325 0.623893 651.598 424588 0.188496
0.06 -0.210349 1.54123 0.978179 0.956872 0.365447 654.635 428554 0.179104
0.05 -0.224568 1.27942 0.991747 0.983576 0.166191 657.069 431745 0.170605
0.04 -0.236575 1.1137 0.998065 0.996138 0.048208 659.046 434346 0.168994
0.03 -0.24728 1.0166 0.999833 0.999665 0.00552936 660.769 436619 0.166808
0.02 -0.257419 1.00586 0.999999 0.999997 6.93889e-05 662.406 438784 0.163179
0.01 -0.26749 0.995771 1 1 0 664.023 440927 0.170016
