1 0.519668 0.266037 0.30996 0.0964777 0.23171 415.343 172671 0.388088
0.99 0.516723 0.268157 0.309084 0.0959159 0.222738 415.585 172866 0.376694
0.98 0.514031 0.275666 0.308256 0.0954081 0.227117 415.973 173186 0.373804
0.97 0.511529 0.270534 0.307053 0.0946726 0.23232 415.993 173204 0.381921
0.96 0.508395 0.275541 0.306466 0.0942987 0.226179 416.626 173730 0.382103
0.95 0.50608 0.276288 0.305263 0.0935697 0.23307 416.613 173721 0.390219
0.94 0.503369 0.283296 0.304281 0.0929782 0.239913 416.993 174034 0.385224
0.93 0.50027 0.284793 0.303434 0.0924523 0.23541 417.251 174250 0.388615
0.92 0.496988 0.282966 0.3026 0.0919594 0.245721 417.571 174514 0.387022
0.91 0.494707 0.287567 0.301585 0.0913357 0.242038 417.688 174612 0.391372
0.9 0.491713 0.290513 0.300407 0.0906264 0.244595 418.042 174909 0.397577
0.89 0.488759 0.296051 0.29945 0.0900558 0.249506 418.448 175246 0.395046
0.88 0.485547 0.29817 0.298695 0.0895942 0.245894 418.946 175660 0.393477
0.87 0.482957 0.294142 0.297395 0.0888214 0.250118 419.031 175731 0.396666
0.86 0.480197 0.298918 0.296724 0.0884219 0.252507 419.617 176221 0.395712
0.85 0.476417 0.300166 0.295645 0.0877851 0.256781 419.846 176410 0.389966
0.84 0.474066 0.304145 0.294405 0.0870614 0.265334 420.074 176603 0.39976
0.83 0.470534 0.304658 0.293699 0.0866315 0.258498 420.665 177102 0.40886
0.82 0.467741 0.30617 0.292628 0.086006 0.263379 420.98 177365 0.406782
0.81 0.464212 0.316211 0.291681 0.0854605 0.271987 421.554 177849 0.414212
0.8 0.461632 0.315091 0.290149 0.0845657 0.273026 421.427 177739 0.410627
0.79 0.458568 0.319567 0.289428 0.0841468 0.275971 421.998 178220 0.414786
0.78 0.455033 0.321372 0.288394 0.0835442 0.275395 422.295 178473 0.422666
0.77 0.451807 0.323249 0.287612 0.0830956 0.280307 422.991 179060 0.422841
0.76 0.448441 0.325756 0.286401 0.0823921 0.277935 423.158 179197 0.418972
0.75 0.445164 0.327198 0.285276 0.0817494 0.28194 423.78 179723 0.418436
0.74 0.442065 0.334052 0.283999 0.0810366 0.296488 424.058 179961 0.432594
0.73 0.43843 0.336587 0.283107 0.0805221 0.294171 424.623 180438 0.427313
0.72 0.435385 0.337171 0.28179 0.079782 0.301272 424.79 180579 0.430914
0.71 0.431595 0.344742 0.281281 0.0794983 0.307751 425.609 181274 0.433387
0.7 0.428188 0.353403 0.279745 0.0786294 0.306467 425.824 181456 0.435816
0.69 0.424696 0.353654 0.278934 0.0781858 0.318723 426.427 181969 0.441089
0.68 0.421238 0.355937 0.27781 0.0775548 0.318698 426.903 182374 0.440031
0.67 0.417928 0.357396 0.276774 0.0769772 0.321232 427.391 182791 0.445985
0.66 0.413946 0.358669 0.275893 0.0764883 0.324269 428.027 183334 0.447289
0.65 0.410208 0.363312 0.274895 0.0759375 0.328001 428.662 183877 0.453881
0.64 0.406653 0.368495 0.273565 0.0752058 0.331309 429.021 184184 0.455803
0.63 0.402953 0.371271 0.272463 0.0746044 0.336911 429.718 184782 0.461208
0.62 0.399261 0.379414 0.271544 0.0741083 0.345594 430.279 185263 0.461574
0.61 0.395338 0.380551 0.270311 0.0734363 0.347471 430.794 185705 0.462748
0.6 0.391489 0.389104 0.269296 0.0728888 0.353749 431.473 186293 0.477603
0.59 0.387217 0.391939 0.268888 0.0726688 0.359582 432.547 187218 0.474864
0.58 0.383637 0.400332 0.267427 0.0718893 0.369606 432.855 187482 0.473851
0.57 0.379709 0.401899 0.266483 0.0713823 0.372792 433.608 188134 0.478898
0.56 0.37541 0.419795 0.265659 0.0709493 0.385107 434.475 188885 0.479042
0.55 0.371569 0.423542 0.264581 0.0703765 0.390879 435.132 189458 0.493414
0.54 0.367131 0.415014 0.263821 0.069967 0.389889 435.94 190161 0.496001
0.53 0.363072 0.427771 0.262708 0.0693777 0.393807 436.737 190853 0.489876
0.52 0.358366 0.438686 0.262288 0.069169 0.413988 437.795 191780 0.509802
0.51 0.35417 0.446818 0.261221 0.0686013 0.412064 438.544 192434 0.506056
0.5 0.34974 0.452908 0.260409 0.0681847 0.428137 439.662 193415 0.510465
0.49 0.345363 0.458488 0.259335 0.0676113 0.419045 440.21 193896 0.516587
0.48 0.340617 0.466449 0.259175 0.0675314 0.431896 441.607 195128 0.52347
0.47 0.335823 0.477392 0.258473 0.0671761 0.45082 442.765 196153 0.535807
0.46 0.331481 0.49019 0.257543 0.0666928 0.456198 443.688 196968 0.532737
0.45 0.326225 0.48968 0.257488 0.066665 0.467259 444.988 198120 0.52582
0.44 0.321413 0.501411 0.257022 0.0664297 0.483573 446.144 199151 0.540028
0.43 0.316539 0.510491 0.256441 0.0661327 0.496631 447.255 200145 0.564682
0.42 0.310774 0.513801 0.256709 0.0662747 0.514258 449.254 201933 0.552506
0.41 0.30574 0.522116 0.256153 0.0659913 0.529272 450.206 202788 0.55409
0.4 0.300472 0.552509 0.256433 0.0661368 0.545917 451.961 204374 0.58501
0.39 0.294966 0.565591 0.25653 0.0661821 0.55332 453.424 205696 0.578568
0.38 0.289245 0.570843 0.256724 0.0662857 0.573545 455.056 207177 0.585313
0.37 0.283107 0.591762 0.257518 0.0667015 0.601176 457.134 209071 0.590627
0.36 0.276898 0.626084 0.258711 0.0673177 0.618407 459.308 211064 0.605593
0.35 0.270596 0.649558 0.259928 0.0679526 0.642176 461.488 213072 0.627038
0.34 0.2642 0.666141 0.261224 0.0686237 0.653719 463.6 215023 0.623083
0.33 0.257658 0.684928 0.262648 0.0693863 0.702057 465.796 217064 0.638004
0.32 0.250318 0.717656 0.265127 0.0706892 0.714726 468.785 219857 0.654683
0.31 0.243423 0.760247 0.267393 0.0719097 0.763114 471.256 222179 0.663728
0.3 0.235294 0.788204 0.271148 0.0739352 0.794379 474.812 225542 0.669846
0.29 0.227534 0.814901 0.274358 0.0756939 0.837392 477.835 228420 0.679236
0.28 0.219003 0.885028 0.279266 0.0784228 0.891438 481.666 232094 0.683626
0.27 0.209831 0.950664 0.284979 0.0816618 0.957054 485.826 236121 0.720971
0.26 0.199994 1.00117 0.292201 0.0858568 1.05309 490.49 240676 0.756032
0.25 0.189903 1.0824 0.300098 0.0905456 1.12181 495.311 245425 0.744448
0.24 0.178247 1.1994 0.310463 0.096892 1.21209 501.164 251258 0.769931
0.23 0.166288 1.29022 0.322242 0.104369 1.32396 507.323 257469 0.791269
0.22 0.152807 1.4298 0.337022 0.11415 1.48366 514.28 264576 0.810772
0.21 0.13756 1.62862 0.355856 0.127226 1.62552 522.648 273251 0.817787
0.2 0.120605 1.82317 0.378504 0.143912 1.86413 531.843 282945 0.828211
0.19 0.101793 1.9367 0.406157 0.165618 1.98434 542.072 293924 0.796477
0.18 0.0802581 2.26086 0.440594 0.194832 2.27009 553.782 306751 0.764228
0.17 0.0568955 2.44087 0.480241 0.231364 2.48294 566.025 320455 0.735358
0.16 0.0307201 2.63783 0.527837 0.279344 2.63381 579.101 335419 0.665403
0.15 0.00390087 2.74656 0.578929 0.335849 2.64847 591.601 350042 0.568051
0.14 -0.0244727 2.79965 0.634731 0.403508 2.57035 603.676 364465 0.478361
0.13 -0.0516649 2.75192 0.689079 0.475391 2.48657 613.972 376994 0.398535
0.12 -0.0787359 2.66671 0.74364 0.553453 2.17155 623.225 388434 0.33329
0.11 -0.104937 2.5894 0.796075 0.634105 1.93664 631.097 398303 0.288432
0.1 -0.12988 2.3637 0.844808 0.713977 1.59177 637.816 406825 0.248169
0.09 -0.153082 2.25591 0.888419 0.789492 1.30733 643.353 413916 0.221884
0.08 -0.17439 2.01634 0.925788 0.857216 0.951633 647.84 419708 0.203098
0.07 -0.193605 1.82675 0.956156 0.914312 0.640558 651.646 424651 0.185628
0.06 -0.210365 1.57165 0.978201 0.956915 0.360823 654.638 428558 0.176458
0.05 -0.224561 1.3054 0.991745 0.983572 0.166097 657.086 431768 0.174165
0.04 -0.236611 1.11767 0.998071 0.99615 0.0482422 659.043 434342 0.17107
0.03 -0.247284 1.02973 0.999832 0.999665 0.00554449 660.786 436642 0.168944
0.02 -0.257428 0.9902 0.999998 0.999996 9.10501e-05 662.39 438763 0.170003
0.01 -0.267486 1.00495 1 1 0 664.032 440939 0.170014
