0 0.262548 0.431718 0.00254288 1.08688e-05 0.00845286 415.493 172719 0.681316
0.01 0.262518 0.43046 0.00264514 1.16271e-05 0.0088903 415.518 172743 0.702069
0.02 0.262283 0.428776 0.0027434 1.23198e-05 0.00920352 415.726 172915 0.697087
0.03 0.262547 0.436962 0.00285069 1.30392e-05 0.0094325 415.794 172970 0.690036
0.04 0.262759 0.426793 0.00289566 1.34898e-05 0.00980156 415.6 172811 0.705642
0.05 0.262719 0.443409 0.00300616 1.42465e-05 0.0100022 415.805 172982 0.702007
0.06 0.262686 0.426915 0.00313003 1.52314e-05 0.0104337 415.859 173025 0.692359
0.07 0.262895 0.430988 0.00322795 1.61654e-05 0.0110318 415.871 173037 0.70664
0.08 0.262861 0.438696 0.00333715 1.69819e-05 0.0112231 416.034 173173 0.706308
0.09 0.262662 0.422959 0.0034401 1.77915e-05 0.0114378 416.23 173333 0.689218
0.1 0.262754 0.435713 0.00356163 1.88353e-05 0.0118081 416.217 173324 0.694961
0.11 0.262794 0.431618 0.00370095 2.01616e-05 0.012412 416.402 173478 0.702897
0.12 0.262805 0.430425 0.00381311 2.1159e-05 0.0127089 416.488 173551 0.711917
0.13 0.262997 0.423097 0.00395642 2.26035e-05 0.0133444 416.476 173540 0.701223
0.14 0.262995 0.433225 0.00403741 2.33261e-05 0.0134888 416.528 173581 0.684137
0.15 0.263235 0.42907 0.00422752 2.52425e-05 0.0141515 416.541 173596 0.715092
0.16 0.263139 0.444328 0.00434488 2.64418e-05 0.0145225 416.757 173775 0.705007
0.17 0.263309 0.439165 0.00452786 2.8595e-05 0.0155395 416.807 173817 0.715328
0.18 0.263075 0.439358 0.0046546 2.98287e-05 0.0156737 417.074 174040 0.712482
0.19 0.263195 0.42383 0.00481806 3.17124e-05 0.0163175 416.993 173971 0.707745
0.2 0.263557 0.452868 0.00500816 3.38225e-05 0.0167824 417.246 174185 0.728765
0.21 0.263533 0.432112 0.00516693 3.57426e-05 0.0173674 417.218 174160 0.716527
0.22 0.263501 0.447756 0.0053559 3.81706e-05 0.0182111 417.511 174405 0.715076
0.23 0.263635 0.437938 0.00550894 4.00892e-05 0.0187024 417.511 174406 0.724658
0.24 0.26334 0.441279 0.00572057 4.25608e-05 0.0188848 417.791 174638 0.703088
0.25 0.263596 0.435595 0.00590069 4.51187e-05 0.019777 417.793 174641 0.718075
0.26 0.263575 0.45002 0.00613325 4.828e-05 0.0204735 417.888 174722 0.729465
0.27 0.263752 0.443893 0.00634922 5.15693e-05 0.0216129 418.106 174904 0.731843
0.28 0.263858 0.434322 0.00654193 5.42786e-05 0.0220451 418.254 175027 0.719662
0.29 0.263616 0.432222 0.00677517 5.76199e-05 0.0224965 418.601 175317 0.720466
0.3 0.263689 0.44069 0.00701849 6.16815e-05 0.0238509 418.777 175466 0.730417
0.31 0.263883 0.437248 0.00725495 6.54205e-05 0.0245496 418.728 175425 0.735088
0.32 0.263819 0.438221 0.00748976 6.92986e-05 0.025348 418.956 175616 0.731508
0.33 0.263885 0.438886 0.0077447 7.35639e-05 0.0260803 419.185 175807 0.724422
0.34 0.263985 0.435239 0.0081171 8.02941e-05 0.027661 419.58 176139 0.726694
0.35 0.264164 0.429281 0.00835903 8.48054e-05 0.0286696 419.609 176162 0.719979
0.36 0.264093 0.440441 0.00859418 8.88719e-05 0.0288228 419.779 176309 0.751316
0.37 0.26406 0.440519 0.00886528 9.45918e-05 0.0307175 420.042 176528 0.736878
0.38 0.264147 0.439607 0.00924983 0.000101982 0.0315323 420.238 176693 0.735211
0.39 0.264055 0.443947 0.00954852 0.000108503 0.0332708 420.487 176904 0.753412
0.4 0.264076 0.446432 0.00986918 0.000115152 0.0340816 420.818 177182 0.743124
0.41 0.264161 0.441798 0.0102029 0.000122136 0.0346324 420.986 177323 0.742722
0.42 0.264323 0.429277 0.0105502 0.000130082 0.0360491 421.15 177460 0.734272
0.43 0.264304 0.438563 0.010899 0.000137983 0.0368561 421.42 177688 0.73983
0.44 0.264212 0.441709 0.0112845 0.000147407 0.0385312 421.776 177989 0.739407
0.45 0.264332 0.442613 0.0117198 0.000158512 0.0406238 421.87 178073 0.774391
0.46 0.264372 0.438882 0.0120877 0.000167642 0.0413385 422.348 178473 0.754222
0.47 0.264403 0.445601 0.0125203 0.000179033 0.0427667 422.553 178647 0.75323
0.48 0.264387 0.436364 0.0129255 0.000190251 0.0445092 422.915 178956 0.779336
0.49 0.264311 0.451726 0.0134964 0.000206255 0.0462734 423.541 179485 0.774799
0.5 0.26432 0.446671 0.01392 0.000218381 0.0472626 423.701 179622 0.777161
0.51 0.264492 0.439458 0.0142865 0.000229957 0.0496404 423.722 179639 0.772792
0.52 0.264519 0.444732 0.0148607 0.000247174 0.0505627 424.145 179997 0.76803
0.53 0.264344 0.438012 0.0153694 0.000263876 0.0531046 424.584 180370 0.777966
0.54 0.264506 0.44941 0.0160526 0.000286343 0.055021 425.029 180749 0.781472
0.55 0.264371 0.434119 0.0164554 0.000300212 0.0565106 425.351 181022 0.778863
0.56 0.264336 0.449031 0.0170436 0.000321115 0.0588134 425.689 181311 0.781323
0.57 0.264223 0.447511 0.0176857 0.000345111 0.06207 426.286 181822 0.79831
0.58 0.263992 0.447378 0.0183635 0.000371035 0.0649312 426.903 182349 0.801195
0.59 0.264036 0.439915 0.0189462 0.000393231 0.065804 427.185 182589 0.795971
0.6 0.264011 0.44711 0.0196525 0.000421772 0.0682566 427.75 183074 0.811964
0.61 0.264055 0.442557 0.0203213 0.000449715 0.0705808 428.094 183367 0.800153
0.62 0.263868 0.455658 0.0211178 0.000484316 0.0736412 428.773 183951 0.814661
0.63 0.263885 0.449691 0.0217746 0.000513634 0.075845 429.111 184241 0.811711
0.64 0.263836 0.448208 0.0225105 0.000547684 0.0786458 429.552 184620 0.813896
0.65 0.263452 0.457568 0.0234341 0.000592132 0.082511 430.538 185469 0.819571
0.66 0.263468 0.454178 0.0241747 0.00062802 0.0837246 431.023 185890 0.842653
0.67 0.263337 0.439839 0.0250969 0.000676376 0.0893232 431.557 186349 0.826356
0.68 0.26313 0.446012 0.026117 0.000729709 0.0914127 432.338 187023 0.829771
0.69 0.262919 0.450229 0.0269916 0.000779717 0.0982504 432.972 187577 0.863922
0.7 0.26298 0.454724 0.0280902 0.000842032 0.101709 433.588 188113 0.879934
0.71 0.262415 0.45643 0.0291203 0.000902568 0.104784 434.495 188899 0.867421
0.72 0.262404 0.445032 0.0300722 0.000960019 0.106907 435.081 189408 0.861251
0.73 0.261916 0.467096 0.0312564 0.00103505 0.111527 436.13 190324 0.87256
0.74 0.261888 0.472348 0.0322754 0.00110177 0.115319 436.737 190854 0.879729
0.75 0.261717 0.459556 0.0334756 0.00118343 0.120609 437.478 191503 0.882617
0.76 0.261145 0.463032 0.0346194 0.00126314 0.124101 438.49 192391 0.89633
0.77 0.260996 0.472291 0.0360029 0.0013634 0.129013 439.349 193146 0.899766
0.78 0.260583 0.462987 0.0371556 0.00145143 0.136114 440.112 193820 0.920596
0.79 0.260177 0.465588 0.0387607 0.00157705 0.143347 441.308 194877 0.9373
0.8 0.259643 0.478299 0.0403094 0.00170299 0.150046 442.481 195916 0.950329
0.81 0.259406 0.4831 0.0416543 0.00181643 0.156176 443.357 196694 0.96865
0.82 0.258725 0.478057 0.0431985 0.00194932 0.159761 444.553 197752 0.934659
0.83 0.258264 0.476535 0.0449214 0.00210806 0.173036 445.76 198834 0.987129
0.84 0.257603 0.482107 0.0467765 0.0022789 0.174454 447.174 200094 0.964812
0.85 0.257073 0.483545 0.0486132 0.00245859 0.183073 448.35 201152 0.997577
0.86 0.256433 0.483697 0.0500331 0.00259949 0.184677 449.312 202015 0.994683
0.87 0.255699 0.500619 0.0523907 0.00284878 0.199669 451.125 203653 1.02466
0.88 0.254955 0.504893 0.0545273 0.00308363 0.211987 452.598 204986 1.036
0.89 0.254021 0.512483 0.056422 0.00329916 0.222175 454.035 206293 1.07193
0.9 0.253478 0.513486 0.0587245 0.00357041 0.233944 455.61 207731 1.10041
0.91 0.25222 0.518234 0.0613515 0.00388551 0.233292 457.646 209583 1.0429
0.92 0.251292 0.529628 0.0637167 0.00419056 0.251025 459.365 211170 1.11859
0.93 0.250375 0.543856 0.0662731 0.00453146 0.267526 460.845 212534 1.13254
0.94 0.249525 0.539124 0.0685645 0.00484526 0.2768 462.4 213972 1.13967
0.95 0.247756 0.567589 0.0718945 0.00532698 0.303661 465.087 216473 1.20027
0.96 0.246801 0.567915 0.074765 0.00575236 0.312098 466.907 218168 1.18325
0.97 0.245276 0.590346 0.0776936 0.00620628 0.326369 469.139 220267 1.24739
0.98 0.243827 0.594327 0.0812044 0.00677081 0.339177 471.74 222715 1.24481
0.99 0.242222 0.623689 0.0849406 0.00740756 0.369888 474.176 225030 1.31478
1 0.240348 0.6288 0.0886272 0.00805585 0.386063 476.818 227543 1.31247
1.01 0.238211 0.660012 0.0927799 0.00882605 0.418463 479.947 230546 1.36997
1.02 0.236213 0.678824 0.0970734 0.00965402 0.443108 482.972 233465 1.40234
1.03 0.23426 0.704872 0.101072 0.0104609 0.471045 485.754 236170 1.46374
1.04 0.231755 0.739201 0.105967 0.0114901 0.501385 489.275 239612 1.51361
1.05 0.22888 0.743599 0.111304 0.012656 0.513308 493.162 243430 1.49496
1.06 0.226076 0.798468 0.116796 0.0139316 0.557496 496.895 247138 1.56488
1.07 0.223041 0.83512 0.122553 0.0153368 0.609713 500.995 251241 1.62762
1.08 0.219846 0.903293 0.1287 0.0169113 0.667454 505.376 255667 1.73209
1.09 0.21574 0.945763 0.136003 0.0188694 0.715401 510.527 260912 1.79424
1.1 0.211406 1.01976 0.144067 0.0211725 0.801243 516.441 267010 1.9268
1.11 0.206654 1.11643 0.152096 0.0235916 0.880068 522.116 272924 2.03735
1.12 0.201372 1.24522 0.161684 0.0266611 0.996846 528.954 280133 2.15063
1.13 0.195023 1.40314 0.172768 0.030438 1.1313 536.708 288440 2.38535
1.14 0.187569 1.58407 0.185473 0.0350607 1.26821 545.765 298275 2.53967
1.15 0.17917 1.94463 0.199745 0.0407351 1.60721 555.9 309529 3.01821
1.16 0.168954 2.23074 0.216342 0.0477615 1.83857 567.308 322395 3.2663
1.17 0.152166 3.7265 0.244075 0.0611859 3.09771 586.968 345411 4.99329
1.18 -0.308055 4.40185 0.842841 0.71091 1.01601 945.77 894601 0.42186
1.19 -0.325384 4.12728 0.851872 0.726153 0.897457 949.068 900836 0.374113
1.2 -0.342597 3.7564 0.860362 0.740622 0.764687 951.967 906334 0.322653
1.21 -0.359012 3.72014 0.867876 0.753591 0.733264 954.503 911165 0.312241
1.22 -0.374452 3.46227 0.87435 0.764829 0.653396 956.665 915289 0.286173
1.23 -0.39097 3.36402 0.881414 0.777203 0.600422 959.082 919916 0.268768
1.24 -0.405913 3.14239 0.887112 0.787249 0.539404 960.899 923396 0.240466
1.25 -0.419736 3.14142 0.891718 0.795431 0.518703 962.211 925919 0.238658
1.26 -0.43422 2.97488 0.896827 0.804544 0.471669 963.913 929193 0.224159
1.27 -0.447803 2.92407 0.901077 0.812165 0.433071 965.093 931467 0.217409
1.28 -0.46196 2.8299 0.905623 0.820369 0.414704 966.603 934382 0.207471
1.29 -0.475786 2.76157 0.909795 0.827935 0.397944 967.79 936675 0.201927
1.3 -0.488974 2.71788 0.913257 0.83423 0.368245 968.733 938500 0.192042
1.31 -0.502432 2.58891 0.917119 0.841284 0.340716 969.851 940665 0.187018
1.32 -0.515286 2.60675 0.920311 0.847145 0.32935 970.691 942295 0.18431
1.33 -0.528721 2.56728 0.923712 0.853409 0.317192 971.765 944380 0.179746
1.34 -0.541486 2.46529 0.926759 0.859034 0.291078 972.551 945906 0.173147
1.35 -0.554239 2.4369 0.929618 0.864335 0.280134 973.362 947482 0.16946
1.36 -0.566981 2.37541 0.932367 0.869448 0.270608 974.044 948810 0.167652
1.37 -0.579536 2.36567 0.935102 0.874548 0.253122 974.84 950361 0.164067
1.38 -0.592153 2.31172 0.937561 0.879147 0.24254 975.588 951819 0.159862
1.39 -0.604333 2.25588 0.939941 0.883609 0.229947 976.115 952848 0.1584
1.4 -0.616529 2.26229 0.942109 0.887686 0.222743 976.57 953736 0.157071
1.41 -0.629186 2.22838 0.944426 0.89205 0.211862 977.401 955357 0.1543
1.42 -0.641185 2.19659 0.94652 0.896007 0.205682 977.898 956330 0.153767
1.43 -0.652806 2.19155 0.948395 0.899553 0.194173 978.368 957248 0.152886
1.44 -0.665395 2.13769 0.950558 0.903657 0.185064 979.022 958528 0.148538
1.45 -0.67689 2.11509 0.952121 0.906626 0.17649 979.355 959181 0.14809
1.46 -0.688672 2.06778 0.953855 0.909929 0.170481 979.777 960005 0.144052
1.47 -0.700813 2.07442 0.955656 0.913364 0.164631 980.24 960912 0.142302
1.48 -0.712403 2.00487 0.957212 0.916335 0.153679 980.532 961485 0.142351
1.49 -0.7241 2.01021 0.958841 0.919455 0.152454 980.902 962210 0.142429
1.5 -0.735872 1.99141 0.960312 0.922273 0.142737 981.369 963126 0.141692
1.51 -0.747295 1.95139 0.961654 0.924851 0.138748 981.726 963828 0.139945
1.52 -0.758615 1.9772 0.962964 0.927369 0.134668 981.959 964285 0.138079
1.53 -0.770354 1.91451 0.964401 0.930137 0.130609 982.389 965129 0.136865
1.54 -0.781736 1.90313 0.965636 0.932517 0.123208 982.712 965763 0.136693
1.55 -0.793229 1.86226 0.966908 0.934972 0.118873 983.01 966348 0.136043
1.56 -0.804171 1.85178 0.96796 0.937006 0.112721 983.218 966757 0.133357
1.57 -0.815619 1.82892 0.969096 0.939206 0.112427 983.425 967165 0.133979
1.58 -0.827286 1.81635 0.970269 0.941477 0.105256 983.773 967848 0.13307
1.59 -0.838054 1.82686 0.971241 0.943362 0.101739 984.02 968335 0.130864
1.6 -0.84945 1.78835 0.972257 0.945334 0.0983212 984.279 968844 0.133959
1.61 -0.860453 1.81665 0.973134 0.947039 0.0941387 984.521 969321 0.13243
1.62 -0.871543 1.75577 0.974081 0.948882 0.0923338 984.618 969511 0.133068
1.63 -0.882662 1.74752 0.975034 0.950736 0.0877294 984.896 970058 0.129725
1.64 -0.893655 1.72853 0.975872 0.952371 0.0843503 985.136 970531 0.130144
1.65 -0.904927 1.70237 0.97675 0.954082 0.0812869 985.367 970985 0.126357
1.66 -0.915812 1.6827 0.977473 0.955493 0.0782622 985.545 971337 0.127053
1.67 -0.926785 1.68684 0.978288 0.957088 0.0753239 985.716 971674 0.127106
1.68 -0.937832 1.67527 0.979008 0.958494 0.0733497 985.813 971865 0.127584
1.69 -0.948489 1.62388 0.979642 0.959735 0.071595 986.006 972246 0.127805
1.7 -0.959643 1.64267 0.980424 0.961268 0.0690995 986.161 972550 0.125553
1.71 -0.97044 1.59105 0.981089 0.962568 0.0642575 986.346 972915 0.122474
1.72 -0.981222 1.59126 0.981739 0.963844 0.0617961 986.485 973189 0.126233
1.73 -0.992248 1.57539 0.982411 0.965163 0.0601496 986.651 973518 0.125707
1.74 -1.00303 1.55647 0.983044 0.966405 0.0572885 986.763 973738 0.125837
1.75 -1.0137 1.56705 0.983579 0.967457 0.0568518 986.952 974112 0.124175
1.76 -1.02439 1.55823 0.984165 0.96861 0.054527 987.125 974453 0.124742
1.77 -1.0351 1.58217 0.98465 0.969563 0.0530932 987.139 974479 0.122776
1.78 -1.04564 1.58585 0.985125 0.970497 0.0512827 987.243 974684 0.122311
1.79 -1.0564 1.53087 0.985634 0.9715 0.0493065 987.379 974954 0.123048
1.8 -1.06726 1.49751 0.986188 0.972591 0.0466151 987.495 975183 0.123955
1.81 -1.07813 1.51281 0.986648 0.973499 0.0455312 987.646 975481 0.123398
1.82 -1.08867 1.48622 0.987096 0.974382 0.0442886 987.781 975748 0.123243
1.83 -1.09923 1.46454 0.987497 0.975173 0.0421545 987.849 975882 0.12156
1.84 -1.1097 1.43466 0.987929 0.976025 0.0407322 987.893 975968 0.120491
1.85 -1.1201 1.48604 0.988291 0.97674 0.041056 987.967 976116 0.121068
1.86 -1.13097 1.44691 0.988736 0.977619 0.0388447 988.05 976278 0.122367
1.87 -1.14149 1.45005 0.989099 0.978335 0.0367931 988.132 976440 0.120321
1.88 -1.15227 1.42314 0.989521 0.979171 0.0355838 988.347 976866 0.122452
1.89 -1.16246 1.42893 0.989829 0.979779 0.034572 988.327 976825 0.120367
1.9 -1.173 1.42767 0.990181 0.980476 0.0336907 988.384 976939 0.120502
1.91 -1.18334 1.40097 0.990451 0.981011 0.0324624 988.501 977170 0.1219
1.92 -1.19369 1.4064 0.99076 0.981621 0.0311527 988.508 977184 0.12026
1.93 -1.20455 1.3884 0.99113 0.982354 0.0307032 988.635 977436 0.1209
1.94 -1.21496 1.38102 0.991377 0.982843 0.0294555 988.68 977523 0.120054
1.95 -1.22518 1.36211 0.991692 0.983467 0.0280713 988.777 977716 0.120316
1.96 -1.23554 1.36373 0.991944 0.983966 0.0268568 988.773 977708 0.119052
1.97 -1.24611 1.35272 0.992239 0.984551 0.0265448 988.906 977971 0.119379
1.98 -1.25651 1.36998 0.99252 0.985108 0.0253103 989.013 978183 0.12169
1.99 -1.26695 1.38822 0.99278 0.985624 0.0245597 988.989 978135 0.120752
2 -1.2775 1.36602 0.992987 0.986035 0.0238387 989.063 978282 0.120873
2.01 -1.28773 1.34047 0.993238 0.986533 0.0228009 989.093 978341 0.119822
2.02 -1.29802 1.33428 0.993411 0.986876 0.0222865 989.15 978454 0.119342
2.03 -1.30832 1.34035 0.993633 0.987318 0.0210141 989.094 978342 0.119556
2.04 -1.31881 1.31794 0.99388 0.987808 0.0203806 989.268 978687 0.120071
2.05 -1.32922 1.31858 0.994092 0.988229 0.0198322 989.301 978751 0.118114
2.06 -1.33968 1.28788 0.994293 0.988629 0.0187629 989.367 978882 0.118811
2.07 -1.34975 1.29441 0.994443 0.988927 0.0188976 989.328 978806 0.11853
2.08 -1.36016 1.30208 0.994703 0.989442 0.0179 989.449 979045 0.117639
2.09 -1.37034 1.29099 0.994834 0.989703 0.01738 989.525 979194 0.119123
2.1 -1.38031 1.29902 0.994992 0.990018 0.0168013 989.43 979007 0.117999
2.11 -1.39085 1.28379 0.995172 0.990375 0.016222 989.529 979204 0.120565
2.12 -1.40099 1.27484 0.995273 0.990577 0.0157875 989.476 979098 0.119456
2.13 -1.41147 1.27401 0.995503 0.991034 0.0152271 989.58 979303 0.118718
2.14 -1.42165 1.26872 0.995607 0.991242 0.0146348 989.643 979430 0.119296
2.15 -1.43185 1.24751 0.99572 0.991467 0.014302 989.657 979456 0.120526
2.16 -1.44202 1.2713 0.995891 0.991806 0.014247 989.777 979694 0.119248
2.17 -1.45251 1.25475 0.99602 0.992063 0.013372 989.812 979762 0.116841
2.18 -1.46268 1.25149 0.996163 0.992348 0.0129926 989.778 979696 0.118912
2.19 -1.47285 1.23612 0.996338 0.992696 0.012387 989.76 979660 0.117739
2.2 -1.48306 1.24462 0.996428 0.992875 0.0119189 989.797 979733 0.117394
2.21 -1.49332 1.236 0.996547 0.993112 0.011385 989.811 979760 0.117972
2.22 -1.50319 1.23045 0.996616 0.99325 0.0113825 989.855 979847 0.116622
2.23 -1.5136 1.21774 0.996755 0.993525 0.0107539 989.852 979842 0.119051
2.24 -1.5238 1.23781 0.996889 0.993792 0.0104463 989.861 979858 0.115002
2.25 -1.53408 1.24007 0.996957 0.993928 0.0101344 989.965 980066 0.118871
2.26 -1.54445 1.22178 0.997083 0.99418 0.00978009 989.913 979962 0.116476
2.27 -1.55439 1.22114 0.997172 0.994358 0.00960141 989.953 980042 0.117318
2.28 -1.56459 1.2096 0.997247 0.994506 0.00911061 990.031 980197 0.117881
2.29 -1.57476 1.2007 0.99734 0.994691 0.00892103 990.029 980192 0.114989
2.3 -1.58499 1.19539 0.997446 0.994903 0.00857736 990.007 980148 0.116959
2.31 -1.59527 1.20433 0.997515 0.99504 0.00829163 990.116 980365 0.115622
2.32 -1.60518 1.22039 0.997605 0.995219 0.00799676 990.045 980223 0.117317
2.33 -1.61514 1.2018 0.99768 0.99537 0.00776429 990.156 980444 0.117422
2.34 -1.62566 1.1875 0.99776 0.995528 0.00737643 990.074 980281 0.115424
2.35 -1.63554 1.19905 0.997833 0.995674 0.0072876 990.057 980246 0.116526
2.36 -1.64593 1.20281 0.997916 0.995839 0.00708657 990.069 980271 0.117527
2.37 -1.65596 1.16633 0.997984 0.995975 0.00679542 990.161 980452 0.115375
2.38 -1.6663 1.18651 0.998035 0.996076 0.00661545 990.161 980454 0.116911
2.39 -1.67633 1.16816 0.998145 0.996296 0.0061749 990.148 980428 0.117079
2.4 -1.68623 1.17811 0.998175 0.996357 0.00600083 990.136 980404 0.118008
2.41 -1.69651 1.17464 0.998222 0.99645 0.00604087 990.151 980434 0.118333
2.42 -1.70661 1.15356 0.998299 0.996604 0.00571229 990.194 980519 0.115972
2.43 -1.71678 1.17471 0.998351 0.996708 0.00551192 990.241 980611 0.116759
2.44 -1.72652 1.165 0.9984 0.996806 0.00534966 990.259 980647 0.117596
2.45 -1.73684 1.15459 0.998458 0.996922 0.00519107 990.259 980647 0.114225
2.46 -1.74708 1.15099 0.998515 0.997034 0.00500879 990.298 980724 0.117205
2.47 -1.75694 1.16542 0.998538 0.99708 0.00494346 990.267 980664 0.116278
2.48 -1.76724 1.16682 0.998607 0.997218 0.0046377 990.255 980639 0.116921
2.49 -1.77736 1.15976 0.998652 0.997309 0.00459409 990.302 980733 0.116117
2.5 -1.78739 1.16118 0.998686 0.997376 0.00441509 990.281 980691 0.117413
2.51 -1.79751 1.17095 0.998755 0.997514 0.00416198 990.362 980853 0.117749
2.52 -1.80757 1.14527 0.998779 0.997562 0.00409207 990.377 980881 0.117907
2.53 -1.81777 1.16361 0.998794 0.997592 0.00398502 990.362 980851 0.115789
2.54 -1.82767 1.1545 0.99886 0.997723 0.00382927 990.357 980842 0.116324
2.55 -1.83781 1.16111 0.998903 0.997808 0.00368894 990.363 980852 0.115648
2.56 -1.84779 1.13563 0.998917 0.997837 0.00355996 990.37 980866 0.114636
2.57 -1.85798 1.13078 0.998946 0.997896 0.00354787 990.355 980838 0.115624
2.58 -1.86814 1.14203 0.99901 0.998022 0.00329258 990.309 980745 0.114369
2.59 -1.87837 1.13147 0.999035 0.998072 0.00317289 990.387 980901 0.115023
2.6 -1.88815 1.11715 0.99906 0.998122 0.003078 990.394 980915 0.116991
2.61 -1.89839 1.15364 0.999086 0.998174 0.00307406 990.405 980936 0.114912
2.62 -1.90845 1.13422 0.999127 0.998257 0.00290389 990.423 980971 0.11495
2.63 -1.91843 1.11892 0.999154 0.998311 0.00286073 990.4 980926 0.113589
2.64 -1.92849 1.1341 0.99917 0.998343 0.00281489 990.489 981103 0.116749
2.65 -1.93863 1.10936 0.99921 0.998421 0.00262322 990.411 980949 0.115683
2.66 -1.9485 1.13467 0.999238 0.998478 0.00251663 990.44 981006 0.11533
2.67 -1.95862 1.1069 0.99927 0.998543 0.00246373 990.439 981004 0.115953
2.68 -1.96893 1.1201 0.99927 0.998542 0.00240595 990.473 981070 0.114719
2.69 -1.97882 1.11506 0.999306 0.998614 0.00232066 990.463 981050 0.113608
2.7 -1.98885 1.11869 0.999333 0.998667 0.00219735 990.423 980972 0.116017
2.71 -1.99891 1.09695 0.999344 0.99869 0.0022059 990.465 981055 0.116413
2.72 -2.00897 1.11774 0.999368 0.998738 0.00209651 990.437 981000 0.115323
2.73 -2.01921 1.10453 0.999394 0.99879 0.00200569 990.491 981106 0.114687
2.74 -2.02897 1.11828 0.999408 0.998817 0.002019 990.462 981049 0.115624
2.75 -2.03929 1.10721 0.999427 0.998856 0.00190827 990.545 981214 0.116502
2.76 -2.04902 1.10021 0.999451 0.998902 0.00184217 990.516 981156 0.118352
2.77 -2.05913 1.10408 0.999456 0.998913 0.0017956 990.454 981034 0.116537
2.78 -2.06923 1.11048 0.999491 0.998982 0.00173227 990.51 981145 0.11457
2.79 -2.07938 1.09665 0.999504 0.999009 0.0016442 990.543 981210 0.116403
2.8 -2.0892 1.11738 0.999523 0.999048 0.0015878 990.504 981132 0.116794
2.81 -2.09937 1.10352 0.999531 0.999063 0.00154411 990.443 981012 0.117175
2.82 -2.10942 1.10221 0.999541 0.999082 0.00153696 990.566 981256 0.114381
2.83 -2.1194 1.09959 0.999554 0.99911 0.0014792 990.503 981131 0.115169
2.84 -2.12942 1.09904 0.999579 0.999159 0.00138857 990.581 981285 0.114266
2.85 -2.13948 1.11222 0.999597 0.999196 0.00135935 990.462 981049 0.115592
2.86 -2.14928 1.08267 0.999603 0.999208 0.00133889 990.441 981009 0.117781
2.87 -2.15963 1.11559 0.999632 0.999266 0.00122345 990.506 981136 0.116025
2.88 -2.16949 1.09695 0.999629 0.999259 0.00124291 990.51 981144 0.11595
2.89 -2.17961 1.08658 0.999633 0.999267 0.00122153 990.512 981149 0.115817
2.9 -2.18947 1.08135 0.999649 0.999299 0.00116369 990.434 980995 0.116194
2.91 -2.19971 1.0794 0.999662 0.999324 0.00111582 990.508 981141 0.117339
2.92 -2.20962 1.08261 0.999671 0.999343 0.00108635 990.552 981227 0.114933
2.93 -2.21961 1.09531 0.999687 0.999375 0.00103236 990.532 981189 0.116766
2.94 -2.22961 1.09305 0.999695 0.99939 0.00101134 990.56 981243 0.115646
2.95 -2.23953 1.11425 0.999704 0.999409 0.00100674 990.449 981024 0.115209
2.96 -2.24954 1.10535 0.999714 0.999429 0.000942557 990.539 981202 0.117844
2.97 -2.25981 1.11263 0.999727 0.999455 0.000903652 990.505 981134 0.116284
2.98 -2.26978 1.07812 0.999734 0.999469 0.00091143 990.545 981213 0.115317
2.99 -2.27987 1.10206 0.999751 0.999503 0.000817879 990.533 981190 0.114106
