1 0.548256 0.38194 0.151782 0.0233119 0.157948 451.059 203725 0.600368
0.99 0.544553 0.379266 0.149848 0.0227271 0.158662 450.03 202795 0.601615
0.98 0.540429 0.373003 0.148059 0.0221907 0.158292 449.179 202031 0.610989
0.97 0.537133 0.378837 0.14633 0.0216752 0.155941 448.516 201428 0.600994
0.96 0.533181 0.376612 0.145498 0.0214356 0.159496 449.221 202063 0.60972
0.95 0.529228 0.382974 0.143039 0.0207197 0.157456 447.327 200354 0.595392
0.94 0.52555 0.377839 0.1418 0.0203605 0.155269 447.447 200466 0.610782
0.93 0.521629 0.376008 0.140021 0.0198624 0.158846 446.587 199695 0.614377
0.92 0.518017 0.381321 0.138151 0.0193378 0.157933 445.74 198939 0.621435
0.91 0.513982 0.386814 0.136785 0.0189632 0.160191 445.803 198991 0.620141
0.9 0.510487 0.384249 0.134877 0.0184449 0.162066 444.721 198032 0.636184
0.89 0.506308 0.385634 0.133164 0.0179763 0.157707 444.149 197516 0.628228
0.88 0.50289 0.378499 0.131542 0.0175462 0.158962 443.721 197136 0.634359
0.87 0.498934 0.383783 0.129989 0.01714 0.160796 443.406 196855 0.637575
0.86 0.495461 0.372876 0.128318 0.0166976 0.155482 442.756 196276 0.638273
0.85 0.491203 0.384415 0.126302 0.016187 0.159023 441.64 195286 0.640587
0.84 0.487239 0.384459 0.124541 0.0157404 0.157694 441.233 194925 0.644605
0.83 0.483718 0.382846 0.122859 0.0153201 0.156686 440.613 194378 0.652586
0.82 0.479731 0.384141 0.121293 0.0149358 0.157273 440.493 194265 0.640214
0.81 0.475984 0.382422 0.119244 0.014442 0.158529 439.403 193306 0.647952
0.8 0.471857 0.378231 0.117591 0.0140417 0.154158 438.971 192925 0.654011
0.79 0.468739 0.389006 0.116118 0.0136984 0.156662 438.609 192607 0.659726
0.78 0.464745 0.384676 0.114264 0.0132689 0.157067 438.016 192083 0.660238
0.77 0.460568 0.392102 0.112572 0.0128845 0.158736 437.434 191580 0.68594
0.76 0.456943 0.392738 0.110912 0.0125135 0.160718 437.218 191384 0.676025
0.75 0.452924 0.390157 0.108892 0.0120589 0.154618 436.16 190451 0.660822
0.74 0.44901 0.388257 0.107078 0.0116676 0.157225 435.729 190076 0.671008
0.73 0.445071 0.383817 0.10537 0.0113006 0.155961 435.153 189580 0.697074
0.72 0.441255 0.385724 0.103803 0.0109703 0.156172 434.881 189336 0.6867
0.71 0.437517 0.385113 0.102071 0.0106106 0.155904 434.413 188930 0.698737
0.7 0.433684 0.387008 0.100528 0.0102964 0.156744 434.232 188769 0.696917
0.69 0.429665 0.38468 0.0984183 0.00987248 0.155531 433.379 188030 0.713026
0.68 0.425848 0.390458 0.0971052 0.00961571 0.1578 433.463 188092 0.68647
0.67 0.422015 0.380379 0.0951135 0.00922835 0.156277 432.441 187207 0.694835
0.66 0.418113 0.386842 0.0932432 0.00887141 0.154569 431.923 186755 0.693693
0.65 0.414256 0.378443 0.0918367 0.00860777 0.154002 432.115 186925 0.717213
0.64 0.410671 0.381779 0.0898536 0.00824321 0.152592 431.085 186029 0.707259
0.63 0.406649 0.380499 0.0880718 0.0079211 0.150363 430.749 185737 0.710696
0.62 0.402798 0.385633 0.0865332 0.00765441 0.154612 430.524 185547 0.734301
0.61 0.399001 0.386835 0.0848705 0.00736418 0.152199 430.259 185314 0.728191
0.6 0.395199 0.379474 0.0828319 0.00701711 0.149751 429.482 184640 0.718494
0.59 0.391608 0.381924 0.0812921 0.00675945 0.147459 429.209 184405 0.730905
0.58 0.387808 0.385344 0.0795659 0.00648277 0.150992 428.996 184223 0.746191
0.57 0.383798 0.383267 0.0777366 0.00618971 0.148269 428.461 183761 0.746755
0.56 0.379871 0.379862 0.0760671 0.00592768 0.14552 428.257 183582 0.741864
0.55 0.37609 0.388612 0.0743373 0.00566523 0.145769 427.94 183306 0.738627
0.54 0.372167 0.38848 0.072625 0.00541224 0.147042 427.599 183013 0.743499
0.53 0.368189 0.389281 0.0709786 0.00517224 0.145927 427.497 182920 0.731785
0.52 0.364264 0.386229 0.0692834 0.00493146 0.145406 427.357 182800 0.745126
0.51 0.360534 0.396695 0.0679282 0.00474367 0.146179 427.507 182928 0.760308
0.5 0.356464 0.39073 0.066036 0.00448544 0.143635 427.098 182575 0.760088
0.49 0.352824 0.393181 0.0643851 0.00426622 0.14198 426.692 182224 0.757871
0.48 0.348562 0.397229 0.0631448 0.0041067 0.143319 427.314 182754 0.762259
0.47 0.344722 0.397036 0.0613995 0.00388573 0.141955 426.989 182474 0.770815
0.46 0.340832 0.400993 0.0598128 0.00369083 0.141821 427.152 182609 0.764506
0.45 0.336744 0.400758 0.0582705 0.00350449 0.139572 427.243 182688 0.786966
0.44 0.332836 0.401221 0.0566701 0.00331827 0.139782 427.135 182588 0.766484
0.43 0.328877 0.409866 0.0550904 0.00313926 0.139733 427.284 182715 0.778466
0.42 0.324624 0.408755 0.0536928 0.00298323 0.13757 427.768 183129 0.800893
0.41 0.320669 0.423865 0.0520096 0.00280032 0.133909 427.68 183048 0.788316
0.4 0.316472 0.417741 0.0506589 0.00265984 0.134662 428.176 183468 0.779733
0.39 0.312176 0.417681 0.0491568 0.00250784 0.13507 428.649 183874 0.803084
0.38 0.30786 0.425786 0.0477327 0.00236784 0.135557 429.139 184290 0.797364
0.37 0.303825 0.431053 0.0462123 0.00222137 0.133562 429.349 184470 0.816969
0.36 0.299476 0.439205 0.0448291 0.00209344 0.134062 430.08 185095 0.816712
0.35 0.29506 0.438339 0.0433838 0.00196275 0.132649 430.695 185623 0.824261
0.34 0.290388 0.448969 0.0419998 0.0018434 0.134541 431.48 186294 0.815938
0.33 0.285726 0.454614 0.0408728 0.00174557 0.130881 432.577 187239 0.815402
0.32 0.281005 0.468937 0.0394213 0.00162727 0.131823 433.396 187949 0.839937
0.31 0.276321 0.482713 0.0380838 0.00152003 0.129427 434.501 188903 0.826167
0.3 0.271536 0.493854 0.0368868 0.00142742 0.128218 435.453 189726 0.817316
0.29 0.266414 0.507467 0.0356271 0.00133544 0.131394 436.893 190983 0.845699
0.28 0.26115 0.527101 0.0344076 0.00124637 0.128541 438.524 192408 0.851926
0.27 0.255774 0.538732 0.0330802 0.00115543 0.130413 439.806 193531 0.851846
0.26 0.250239 0.555764 0.0317582 0.00106731 0.130096 441.514 195032 0.85068
0.25 0.244555 0.567499 0.0307423 0.00100081 0.128384 443.506 196792 0.853245
0.24 0.238518 0.599341 0.0295991 0.000930337 0.130147 445.698 198741 0.8865
0.23 0.232494 0.629128 0.0285357 0.000867201 0.132519 447.901 200706 0.882524
0.22 0.226239 0.662191 0.027472 0.000805121 0.131975 450.318 202875 0.900606
0.21 0.219211 0.6927 0.0263096 0.000739426 0.129544 453.295 205561 0.882415
0.2 0.212158 0.728369 0.0253288 0.000687292 0.13174 456.4 208384 0.908295
0.19 0.204878 0.764644 0.0241513 0.000627014 0.132567 459.602 211314 0.908251
0.18 0.19719 0.82462 0.0232167 0.000581234 0.135106 463.156 214592 0.944295
0.17 0.188608 0.869029 0.0222965 0.000536949 0.134898 467.642 218762 0.928569
0.16 0.180113 0.910197 0.0212054 0.000488537 0.139927 471.741 222612 0.957301
0.15 0.17081 0.981378 0.0201484 0.000442535 0.140449 476.71 227322 0.973948
0.14 0.160904 1.01899 0.0191274 0.000401608 0.147085 482.146 232531 0.979761
0.13 0.150313 1.07996 0.01815 0.000362224 0.145335 488.176 238377 0.96981
0.12 0.139002 1.12642 0.0170837 0.000323112 0.150049 494.798 244882 0.96846
0.11 0.127464 1.18989 0.0157924 0.000278245 0.15105 501.554 251610 0.971605
0.1 0.115326 1.28088 0.0144694 0.000236496 0.156293 508.7 258825 0.982161
0.09 0.102787 1.26368 0.0129888 0.000192932 0.155024 516.214 266521 0.950929
0.08 0.0901936 1.25479 0.0111718 0.00014514 0.146384 523.416 274003 0.906038
0.07 0.0777295 1.2284 0.00904566 9.85388e-05 0.137539 530.466 281427 0.874936
0.06 0.0654942 1.19658 0.00693047 6.0994e-05 0.124441 537.368 288792 0.854893
0.05 0.0536582 1.16121 0.00459887 2.96464e-05 0.0978824 543.775 295712 0.792898
0.04 0.0421516 1.12001 0.00244262 1.02727e-05 0.0620114 550.054 302576 0.752343
0.03 0.0311188 1.09191 0.000832292 2.10745e-06 0.0271629 556.352 309540 0.716095
0.02 0.0204464 1.03499 0.000113021 2.04355e-07 0.00551753 562.823 316778 0.694973
0.01 0.0101036 1.041 3.56771e-05 6.19394e-08 0.00349439 569.482 324314 0.672492
