3 -1.67469 1.26912 0.995673 0.991372 0.0107728 1249.8 1.56206e+06 0.118827
2.99 -1.66477 1.27253 0.995559 0.991146 0.011251 1249.85 1.56219e+06 0.119179
2.98 -1.65387 1.30216 0.995426 0.990881 0.0114259 1249.67 1.56174e+06 0.120137
2.97 -1.6441 1.26795 0.995336 0.990702 0.0116771 1249.72 1.56187e+06 0.118194
2.96 -1.63387 1.2627 0.995224 0.990479 0.0120057 1249.66 1.56171e+06 0.117155
2.95 -1.62349 1.32272 0.995083 0.990198 0.0125443 1249.72 1.56186e+06 0.121375
2.94 -1.61317 1.31288 0.994936 0.989908 0.012959 1249.55 1.56145e+06 0.120649
2.93 -1.60298 1.29931 0.99482 0.989676 0.0131199 1249.64 1.56165e+06 0.11802
2.92 -1.59262 1.31704 0.994704 0.989446 0.013589 1249.46 1.56122e+06 0.12028
2.91 -1.58206 1.30485 0.994549 0.989138 0.0140788 1249.5 1.56131e+06 0.119895
2.9 -1.57172 1.31626 0.994427 0.988894 0.014256 1249.31 1.56082e+06 0.118515
2.89 -1.5617 1.33949 0.994301 0.988646 0.0146468 1249.32 1.56087e+06 0.119843
2.88 -1.5512 1.34092 0.994146 0.988337 0.0151393 1249.26 1.56072e+06 0.121028
2.87 -1.5408 1.32878 0.993986 0.988019 0.0155773 1249.22 1.56062e+06 0.119068
2.86 -1.53019 1.32702 0.993816 0.987681 0.0157724 1249.17 1.56049e+06 0.119404
2.85 -1.52065 1.35227 0.99371 0.987471 0.0158976 1249.19 1.56054e+06 0.119838
2.84 -1.50971 1.34479 0.993468 0.98699 0.0166556 1249.01 1.56009e+06 0.119447
2.83 -1.4994 1.35409 0.993307 0.986671 0.0169816 1249.06 1.56021e+06 0.121095
2.82 -1.48889 1.3572 0.993152 0.986364 0.0177448 1248.9 1.55981e+06 0.120952
2.81 -1.47868 1.36756 0.993004 0.98607 0.018096 1248.86 1.55972e+06 0.122586
2.8 -1.46852 1.37277 0.992847 0.985758 0.0181 1248.94 1.55991e+06 0.120917
2.79 -1.4578 1.33836 0.992629 0.985325 0.0185496 1248.81 1.55959e+06 0.122152
2.78 -1.44699 1.38751 0.992376 0.984824 0.0197189 1248.49 1.55878e+06 0.119059
2.77 -1.43694 1.38742 0.992254 0.984581 0.0198396 1248.58 1.55902e+06 0.122438
2.76 -1.42659 1.36568 0.991996 0.984069 0.0202638 1248.48 1.55876e+06 0.120006
2.75 -1.4162 1.40482 0.991805 0.983691 0.0207698 1248.35 1.55844e+06 0.122119
2.74 -1.40568 1.42131 0.991619 0.983323 0.0211758 1248.26 1.5582e+06 0.120985
2.73 -1.39543 1.41814 0.991392 0.982873 0.0223112 1248.2 1.55807e+06 0.122238
2.72 -1.38448 1.40464 0.991164 0.982422 0.022747 1248.09 1.5578e+06 0.121991
2.71 -1.37444 1.42492 0.990949 0.981995 0.0233646 1248.12 1.55787e+06 0.123033
2.7 -1.36426 1.43811 0.990725 0.981553 0.0235171 1248.11 1.55785e+06 0.122246
2.69 -1.35319 1.45694 0.990425 0.98096 0.0247729 1247.93 1.55738e+06 0.122464
2.68 -1.34317 1.42715 0.990229 0.98057 0.025081 1247.91 1.55733e+06 0.122554
2.67 -1.33248 1.47003 0.989944 0.980006 0.0259442 1247.77 1.55699e+06 0.124948
2.66 -1.32249 1.43787 0.989756 0.979635 0.0264366 1247.72 1.55686e+06 0.12174
2.65 -1.31147 1.46614 0.989422 0.978975 0.0273333 1247.46 1.55622e+06 0.12289
2.64 -1.30078 1.46444 0.989127 0.978392 0.0280524 1247.42 1.55612e+06 0.123856
2.63 -1.29012 1.47162 0.988857 0.977857 0.0291722 1247.32 1.55588e+06 0.125359
2.62 -1.27971 1.466 0.988606 0.977363 0.0298695 1247.25 1.5557e+06 0.125204
2.61 -1.2692 1.46458 0.988301 0.976759 0.0304772 1247.15 1.55546e+06 0.124725
2.6 -1.2587 1.49953 0.987997 0.97616 0.0314706 1247.05 1.5552e+06 0.1246
2.59 -1.24799 1.53091 0.987667 0.975509 0.0317693 1246.9 1.55481e+06 0.123747
2.58 -1.2375 1.49665 0.987342 0.974867 0.0327655 1246.84 1.55466e+06 0.124345
2.57 -1.22684 1.53361 0.986974 0.97414 0.033796 1246.72 1.55436e+06 0.126995
2.56 -1.21655 1.52743 0.986775 0.973748 0.0346767 1246.61 1.55411e+06 0.125737
2.55 -1.20594 1.47251 0.986335 0.97288 0.0349558 1246.61 1.55409e+06 0.125481
2.54 -1.19475 1.55283 0.98592 0.972064 0.0371071 1246.35 1.55345e+06 0.127113
2.53 -1.18384 1.54999 0.985502 0.97124 0.0382586 1246.1 1.55282e+06 0.127126
2.52 -1.17274 1.59025 0.985094 0.970438 0.0395879 1245.91 1.55237e+06 0.1277
2.51 -1.1619 1.60738 0.984659 0.969582 0.0406526 1245.83 1.55216e+06 0.127633
2.5 -1.1519 1.56237 0.984382 0.969037 0.0410069 1245.78 1.55203e+06 0.127648
2.49 -1.14119 1.62395 0.983973 0.968233 0.0427656 1245.56 1.55147e+06 0.127888
2.48 -1.13049 1.605 0.983533 0.967368 0.0433397 1245.41 1.55111e+06 0.131385
2.47 -1.11912 1.61905 0.983056 0.96643 0.04449 1245.2 1.5506e+06 0.126597
2.46 -1.10848 1.63283 0.982577 0.96549 0.0460388 1245.01 1.55012e+06 0.129248
2.45 -1.09698 1.6073 0.982046 0.964447 0.0475421 1244.75 1.54946e+06 0.127793
2.44 -1.08695 1.6467 0.981721 0.963811 0.0490117 1244.67 1.54927e+06 0.13247
2.43 -1.07587 1.6746 0.981118 0.962628 0.0499695 1244.49 1.54882e+06 0.130843
2.42 -1.06517 1.68201 0.98068 0.961769 0.0519073 1244.32 1.54839e+06 0.132651
2.41 -1.05427 1.69425 0.980097 0.960627 0.0548816 1244.12 1.54791e+06 0.132506
2.4 -1.04292 1.72165 0.979589 0.959633 0.0552719 1243.87 1.54729e+06 0.131949
2.39 -1.03193 1.72763 0.979055 0.958587 0.0565991 1243.72 1.54692e+06 0.132345
2.38 -1.02099 1.70479 0.978404 0.957314 0.0576825 1243.42 1.54617e+06 0.133472
2.37 -1.0105 1.74487 0.977862 0.956256 0.059874 1243.3 1.54587e+06 0.132621
2.36 -0.999851 1.7355 0.977413 0.955377 0.0608854 1243.1 1.54537e+06 0.132256
2.35 -0.988246 1.7308 0.976695 0.953977 0.0625072 1242.72 1.54442e+06 0.133504
2.34 -0.976388 1.77669 0.975896 0.95242 0.0669505 1242.46 1.54377e+06 0.133822
2.33 -0.966201 1.7406 0.975356 0.951366 0.0659665 1242.25 1.54324e+06 0.135292
2.32 -0.954618 1.80011 0.974567 0.94983 0.0699212 1242.04 1.54273e+06 0.137444
2.31 -0.943345 1.79428 0.973907 0.948545 0.0713243 1241.75 1.542e+06 0.135681
2.3 -0.932833 1.83326 0.973373 0.947506 0.0746468 1241.59 1.54161e+06 0.138265
2.29 -0.921256 1.83837 0.972456 0.945724 0.0763348 1241.25 1.54076e+06 0.139488
2.28 -0.910174 1.82159 0.971801 0.944451 0.078592 1241.03 1.54022e+06 0.139363
2.27 -0.898556 1.89171 0.97092 0.942742 0.0828977 1240.51 1.53895e+06 0.141378
2.26 -0.887306 1.89119 0.970036 0.941028 0.0839814 1240.27 1.53833e+06 0.142351
2.25 -0.87582 1.89991 0.969145 0.939302 0.0867434 1239.87 1.53735e+06 0.143332
2.24 -0.86467 1.95375 0.96837 0.937804 0.0898847 1239.69 1.5369e+06 0.144434
2.23 -0.852753 1.92746 0.967246 0.935629 0.0913967 1239.07 1.53537e+06 0.143954
2.22 -0.841511 1.99471 0.966569 0.934322 0.0959224 1238.8 1.53469e+06 0.145127
2.21 -0.830438 1.99066 0.965614 0.932478 0.0986325 1238.61 1.53423e+06 0.146299
2.2 -0.818958 2.01705 0.964651 0.930622 0.10097 1238.2 1.53321e+06 0.149958
2.19 -0.807001 1.98338 0.963549 0.928499 0.103615 1237.67 1.53191e+06 0.149246
2.18 -0.795629 2.0517 0.962623 0.926719 0.108972 1237.23 1.5308e+06 0.150482
2.17 -0.783995 2.03876 0.961489 0.924539 0.111891 1236.85 1.52987e+06 0.151207
2.16 -0.771679 2.10506 0.960192 0.922049 0.115856 1236.27 1.52844e+06 0.151632
2.15 -0.760589 2.07938 0.959191 0.920131 0.120131 1236.09 1.52799e+06 0.153981
2.14 -0.74895 2.13767 0.958091 0.918025 0.124642 1235.53 1.52661e+06 0.155354
2.13 -0.736457 2.09013 0.956597 0.915168 0.128235 1234.91 1.52508e+06 0.155596
2.12 -0.724012 2.19389 0.955105 0.912317 0.13362 1234.24 1.52342e+06 0.158093
2.11 -0.712313 2.22775 0.953836 0.909901 0.140885 1233.63 1.52192e+06 0.163558
2.1 -0.700558 2.19398 0.952537 0.907425 0.142509 1233.21 1.52089e+06 0.161624
2.09 -0.688852 2.24877 0.951232 0.904946 0.149083 1232.81 1.5199e+06 0.165563
2.08 -0.675896 2.25838 0.94938 0.901428 0.15192 1231.86 1.51755e+06 0.165753
2.07 -0.664062 2.28968 0.947971 0.898761 0.16088 1231.37 1.51634e+06 0.169355
2.06 -0.65171 2.345 0.94633 0.895655 0.165852 1230.51 1.51423e+06 0.170503
2.05 -0.639356 2.41017 0.944788 0.892745 0.173981 1229.96 1.5129e+06 0.179257
2.04 -0.626338 2.4473 0.942805 0.889009 0.182222 1229.06 1.51068e+06 0.178308
2.03 -0.613617 2.50693 0.940657 0.884971 0.194243 1228.05 1.50819e+06 0.18477
2.02 -0.601777 2.50613 0.939068 0.881985 0.1969 1227.43 1.50669e+06 0.186147
2.01 -0.587667 2.58193 0.936626 0.877418 0.214562 1226.19 1.50364e+06 0.192415
2 -0.57613 2.63914 0.935107 0.874574 0.214508 1225.66 1.50233e+06 0.193113
1.99 -0.562892 2.6629 0.932689 0.87007 0.231299 1224.62 1.4998e+06 0.203247
1.98 -0.549424 2.77753 0.93032 0.865669 0.249871 1223.48 1.49701e+06 0.207062
1.97 -0.53612 2.72656 0.927912 0.861195 0.251124 1222.43 1.49443e+06 0.208212
1.96 -0.523336 2.76957 0.925593 0.856904 0.262966 1221.46 1.49207e+06 0.217791
1.95 -0.508686 2.86365 0.922422 0.851059 0.282073 1219.84 1.48811e+06 0.223925
1.94 -0.495817 2.97799 0.919876 0.846382 0.301629 1218.81 1.48562e+06 0.232265
1.93 -0.480841 3.09444 0.916378 0.83997 0.319423 1217.06 1.48135e+06 0.246684
1.92 -0.467306 3.07753 0.913439 0.834599 0.329436 1215.74 1.47815e+06 0.248289
1.91 -0.451728 3.24716 0.909517 0.827474 0.363079 1213.76 1.47334e+06 0.265854
1.9 -0.436589 3.38621 0.905447 0.820108 0.39378 1211.62 1.46817e+06 0.282708
1.89 -0.421363 3.61556 0.901404 0.812836 0.440588 1209.6 1.46327e+06 0.307755
1.88 -0.404796 3.88658 0.896291 0.803679 0.491178 1206.95 1.4569e+06 0.341148
1.87 -0.389925 3.86379 0.892589 0.797067 0.507416 1205.11 1.45245e+06 0.351314
1.86 -0.373722 4.24918 0.887186 0.787522 0.608937 1202.34 1.44582e+06 0.406141
1.85 -0.357177 4.49325 0.881753 0.77795 0.664633 1199.56 1.43916e+06 0.44036
1.84 -0.332837 5.68193 0.871078 0.759425 0.933005 1193.16 1.42392e+06 0.621193
1.83 0.285235 0.371508 0.0418575 0.00184765 0.137668 442.491 196006 1.17432
1.82 0.286021 0.37021 0.0402154 0.00170756 0.130012 440.619 194351 1.16816
1.81 0.286675 0.36925 0.0388006 0.00158976 0.12135 439.118 193021 1.11968
1.8 0.287172 0.360095 0.0377649 0.00151215 0.123776 437.987 192033 1.14362
1.79 0.288038 0.359278 0.0366865 0.00142517 0.114156 436.773 190960 1.08381
1.78 0.288513 0.353216 0.0352365 0.0013201 0.11303 435.289 189666 1.08829
1.77 0.289253 0.34732 0.0343774 0.00125681 0.108009 434.205 188722 1.08181
1.76 0.289709 0.3504 0.0331749 0.00117006 0.100057 432.968 187638 1.02265
1.75 0.290186 0.343347 0.0323531 0.00111547 0.0989925 432.021 186822 1.04184
1.74 0.290136 0.344605 0.0313372 0.00104867 0.0959654 431.326 186218 1.0206
1.73 0.290979 0.338196 0.0302714 0.000979337 0.090686 429.856 184950 1.01209
1.72 0.291293 0.340485 0.0295161 0.000933918 0.0903166 429.264 184439 1.00249
1.71 0.29166 0.326765 0.0284274 0.000867395 0.0853571 427.831 183207 0.982644
1.7 0.291854 0.33383 0.0277819 0.000828367 0.0814045 427.475 182903 0.980406
1.69 0.292579 0.331938 0.0268204 0.000775968 0.0815536 426.23 181836 0.963086
1.68 0.292687 0.333145 0.0261915 0.000738221 0.0752064 425.754 181430 0.958539
1.67 0.292999 0.335526 0.0251556 0.000684879 0.0749909 424.517 180379 0.964261
1.66 0.29313 0.324312 0.0244627 0.000647964 0.0713395 423.805 179769 0.935315
1.65 0.293538 0.325725 0.0238807 0.000618424 0.0693148 423.207 179262 0.93214
1.64 0.293685 0.328484 0.0232931 0.000588784 0.0665533 422.635 178778 0.93144
1.63 0.293771 0.319343 0.0227116 0.000561157 0.0652873 422.062 178289 0.906298
1.62 0.294084 0.321706 0.0220159 0.000528167 0.0625941 421.265 177618 0.909764
1.61 0.294707 0.32188 0.0210744 0.000485867 0.0601006 419.937 176496 0.883367
1.6 0.294634 0.318088 0.0207219 0.000470853 0.0596983 419.8 176381 0.888063
1.59 0.294867 0.312515 0.0199474 0.000437824 0.057493 418.92 175642 0.879368
1.58 0.29499 0.317187 0.0195729 0.000422518 0.0567636 418.675 175439 0.894075
1.57 0.295096 0.313713 0.0188608 0.000393653 0.0546118 417.779 174684 0.867828
1.56 0.29536 0.3297 0.0183819 0.00037357 0.05137 417.384 174353 0.855881
1.55 0.295421 0.317245 0.0178274 0.000352744 0.0502945 416.663 173748 0.842846
1.54 0.295579 0.321019 0.0175816 0.000343879 0.0500641 416.47 173591 0.859747
1.53 0.295809 0.310161 0.0170324 0.000323822 0.0485573 415.764 173002 0.853794
1.52 0.295905 0.318536 0.0165223 0.000304598 0.0455209 415.466 172751 0.840006
1.51 0.296111 0.311391 0.0161839 0.000292963 0.0447061 414.913 172289 0.816588
1.5 0.295941 0.315438 0.0156639 0.000275031 0.04273 414.609 172038 0.830721
1.49 0.296074 0.307054 0.0151997 0.000259523 0.0410276 413.953 171490 0.802634
1.48 0.296326 0.310339 0.0147017 0.000243697 0.0396801 413.145 170821 0.801718
1.47 0.296385 0.310673 0.0145375 0.000239369 0.0403629 413.14 170820 0.819148
1.46 0.296415 0.314333 0.0139807 0.000221534 0.0375447 412.612 170382 0.804566
1.45 0.296383 0.311806 0.0136794 0.000213399 0.0378324 412.478 170271 0.805999
1.44 0.296472 0.308823 0.0132201 0.0002002 0.0366164 411.864 169764 0.801924
1.43 0.29686 0.314208 0.0128853 0.000190528 0.0352748 411.405 169385 0.798107
1.42 0.296762 0.306691 0.0125753 0.000181713 0.0339485 411.07 169109 0.793156
1.41 0.296825 0.314684 0.01219 0.000171505 0.0329882 410.652 168764 0.78412
1.4 0.296573 0.308514 0.011818 0.000161983 0.0321391 410.309 168480 0.774268
1.39 0.297122 0.308044 0.0114796 0.000153383 0.0311063 409.709 167989 0.779551
1.38 0.296658 0.308934 0.011274 0.000148467 0.0307633 409.954 168189 0.771108
1.37 0.297115 0.302356 0.0110255 0.000141918 0.0293125 409.396 167729 0.754916
1.36 0.296936 0.30963 0.0106655 0.000133232 0.0280486 409.154 167531 0.761742
1.35 0.296955 0.307142 0.0105108 0.000129753 0.0277581 408.919 167338 0.751893
1.34 0.297243 0.310279 0.010058 0.000119822 0.0268681 408.287 166821 0.752869
1.33 0.297107 0.311338 0.00995182 0.000117322 0.026328 408.305 166836 0.754801
1.32 0.296855 0.302711 0.00955017 0.00010876 0.0252782 407.981 166571 0.747214
1.31 0.297306 0.309461 0.00931832 0.000103671 0.02425 407.544 166213 0.741908
1.3 0.297299 0.305841 0.00901944 9.79022e-05 0.0238346 407.123 165870 0.742093
1.29 0.29709 0.301816 0.00883307 9.41917e-05 0.0232827 407.158 165896 0.727144
1.28 0.297072 0.296311 0.00854635 8.85537e-05 0.0223395 406.776 165585 0.727951
1.27 0.296943 0.307821 0.00838125 8.55809e-05 0.0220832 406.679 165508 0.742634
1.26 0.297164 0.303731 0.00820556 8.20903e-05 0.0212532 406.442 165315 0.738013
1.25 0.296993 0.30392 0.00787422 7.64159e-05 0.0207541 406.207 165123 0.731791
1.24 0.297125 0.29489 0.00771936 7.39277e-05 0.0206485 405.942 164907 0.725601
1.23 0.297128 0.306743 0.00745538 6.96193e-05 0.0202126 405.71 164720 0.733682
1.22 0.297327 0.298505 0.00737734 6.75828e-05 0.0189469 405.326 164405 0.714124
1.21 0.297152 0.302631 0.00714158 6.38779e-05 0.018541 405.171 164280 0.715551
1.2 0.296903 0.302375 0.00695521 6.12446e-05 0.0185324 405.211 164313 0.723685
1.19 0.297313 0.305375 0.00683724 5.91946e-05 0.0179233 404.996 164139 0.720659
1.18 0.296893 0.301821 0.00664201 5.64712e-05 0.017791 404.969 164116 0.712524
1.17 0.296988 0.300593 0.00638984 5.23966e-05 0.0166558 404.334 163602 0.713412
1.16 0.297163 0.30263 0.00627552 5.06474e-05 0.016222 404.379 163639 0.717333
1.15 0.297511 0.301174 0.00619401 4.94914e-05 0.0160209 404.108 163419 0.716167
1.14 0.297488 0.30505 0.00592075 4.58477e-05 0.0155411 403.745 163124 0.702987
1.13 0.297127 0.296967 0.00589991 4.5385e-05 0.0152295 404.105 163412 0.68758
1.12 0.297211 0.305315 0.00566528 4.23714e-05 0.0147974 403.523 162944 0.701481
1.11 0.297128 0.306545 0.00559557 4.14769e-05 0.0146398 403.452 162888 0.70898
1.1 0.29713 0.29751 0.00546155 3.95699e-05 0.0140277 403.476 162906 0.703291
1.09 0.297139 0.29716 0.00528125 3.74159e-05 0.013715 403.299 162762 0.690014
1.08 0.296871 0.298223 0.00517474 3.6041e-05 0.0133389 403.154 162644 0.687642
1.07 0.297037 0.294529 0.00498811 3.37169e-05 0.0127233 402.908 162449 0.709125
1.06 0.297148 0.304502 0.0048658 3.24023e-05 0.0125659 402.754 162323 0.695812
1.05 0.296793 0.309062 0.00474531 3.09178e-05 0.0120958 402.753 162321 0.688573
1.04 0.296864 0.306958 0.00466372 3.00459e-05 0.0119457 402.76 162327 0.691867
1.03 0.296914 0.299531 0.00458229 2.91766e-05 0.0117781 402.597 162194 0.683988
1.02 0.296721 0.302449 0.00438385 2.72157e-05 0.0115164 402.359 162005 0.696485
1.01 0.297296 0.2969 0.00430226 2.61888e-05 0.0110582 402.1 161792 0.672338
1 0.2969 0.304359 0.00418733 2.49632e-05 0.0106985 402.098 161791 0.675734
0.99 0.29708 0.298447 0.00409601 2.40207e-05 0.0104306 402.003 161716 0.683738
0.98 0.297144 0.301441 0.0039987 2.30307e-05 0.0101393 401.808 161558 0.67441
0.97 0.296888 0.300085 0.00382266 2.1364e-05 0.00972182 401.697 161468 0.668823
0.96 0.296783 0.302553 0.00375278 2.08544e-05 0.00975037 401.687 161462 0.679908
0.95 0.296813 0.297548 0.00363542 1.97021e-05 0.00933969 401.268 161123 0.66367
0.94 0.296716 0.300753 0.00359158 1.92538e-05 0.00915028 401.442 161263 0.669017
0.93 0.296782 0.295273 0.00348993 1.8398e-05 0.00895441 401.236 161097 0.662932
0.92 0.29697 0.298157 0.00341832 1.7732e-05 0.00870784 401.103 160990 0.667524
0.91 0.296804 0.297454 0.00331007 1.684e-05 0.00847212 401.059 160956 0.668342
0.9 0.296491 0.301819 0.00318073 1.57887e-05 0.00816714 400.971 160883 0.65687
0.89 0.296546 0.305565 0.00311719 1.52226e-05 0.0079283 400.865 160802 0.679702
0.88 0.296646 0.301099 0.00310365 1.5166e-05 0.00796801 400.972 160887 0.678101
0.87 0.296331 0.29814 0.00299826 1.42406e-05 0.00756151 400.981 160896 0.68392
0.86 0.29663 0.306154 0.00289688 1.35757e-05 0.00746473 400.654 160632 0.679611
0.85 0.296463 0.303983 0.00280009 1.28296e-05 0.00718431 400.583 160575 0.673953
0.84 0.296574 0.304278 0.00277413 1.26194e-05 0.00708991 400.566 160560 0.6682
0.83 0.296327 0.294417 0.00268967 1.19706e-05 0.0068202 400.456 160471 0.662215
0.82 0.29646 0.301608 0.0025928 1.13479e-05 0.0066604 400.262 160317 0.673279
0.81 0.296399 0.29465 0.00256858 1.10144e-05 0.00636016 400.376 160408 0.671212
0.8 0.296239 0.300734 0.00247153 1.04531e-05 0.00625635 400.326 160367 0.663219
0.79 0.296476 0.298054 0.00245191 1.03398e-05 0.00623224 400.206 160270 0.65947
0.78 0.296139 0.301575 0.00235061 9.65636e-06 0.00594865 400.022 160126 0.672452
0.77 0.296351 0.303029 0.00230278 9.32677e-06 0.00579454 400.088 160178 0.670333
0.76 0.295979 0.298483 0.00227309 9.2041e-06 0.00581351 400.173 160246 0.670923
0.75 0.296346 0.292779 0.00218177 8.63384e-06 0.00557815 399.851 159988 0.669687
0.74 0.296273 0.301221 0.00214948 8.39994e-06 0.00544274 399.797 159945 0.66896
0.73 0.296501 0.298686 0.00210408 8.08512e-06 0.00526748 399.723 159885 0.661
0.72 0.295866 0.294569 0.00204931 7.76247e-06 0.00513045 399.847 159981 0.645206
0.71 0.296162 0.291599 0.00201068 7.5875e-06 0.00510433 399.758 159912 0.655978
0.7 0.296224 0.298781 0.00193229 7.17382e-06 0.00495369 399.53 159729 0.654568
0.69 0.29613 0.295539 0.00187526 6.83307e-06 0.00477572 399.599 159783 0.648195
0.68 0.296093 0.294664 0.00185026 6.66941e-06 0.00467416 399.407 159631 0.653758
0.67 0.296051 0.300063 0.00178845 6.3888e-06 0.00459393 399.363 159595 0.652257
0.66 0.296125 0.299971 0.00177465 6.20027e-06 0.00439326 399.488 159694 0.643982
0.65 0.296103 0.299772 0.00173047 5.98551e-06 0.00430703 399.351 159586 0.656977
0.64 0.296127 0.297761 0.0016671 5.704e-06 0.00421168 399.279 159529 0.658116
0.63 0.295934 0.292107 0.0016276 5.49075e-06 0.00409199 399.292 159538 0.652714
0.62 0.295924 0.301349 0.0015783 5.25264e-06 0.00397672 399.268 159520 0.654438
0.61 0.295797 0.298253 0.00154748 5.13554e-06 0.00394681 399.423 159643 0.65168
0.6 0.295956 0.296298 0.00149523 4.84348e-06 0.0037552 399.137 159417 0.66804
0.59 0.295928 0.30217 0.00150391 4.87603e-06 0.00376459 399.205 159469 0.649829
0.58 0.295636 0.298362 0.00144106 4.59421e-06 0.00362529 399.218 159477 0.640441
0.57 0.295699 0.294231 0.00138689 4.34616e-06 0.00348867 398.986 159296 0.659954
0.56 0.295903 0.293914 0.00137352 4.31993e-06 0.00350404 398.989 159298 0.658943
0.55 0.295802 0.299632 0.00132873 4.05047e-06 0.00329032 398.974 159286 0.662455
0.54 0.295676 0.295637 0.00128455 3.9385e-06 0.00329535 398.897 159225 0.66293
0.53 0.295807 0.295919 0.00125764 3.75313e-06 0.00312693 398.913 159235 0.648067
0.52 0.295537 0.296791 0.00125356 3.73098e-06 0.00310978 399.029 159329 0.657163
0.51 0.295488 0.295331 0.00119592 3.51879e-06 0.00300753 398.892 159220 0.655481
0.5 0.295663 0.293225 0.0011704 3.41812e-06 0.00294953 398.781 159130 0.651341
0.49 0.29567 0.29252 0.00112769 3.25295e-06 0.00285302 398.653 159028 0.650663
0.48 0.295374 0.290549 0.00111189 3.17036e-06 0.00278504 398.871 159200 0.639863
0.47 0.295655 0.292325 0.0010671 3.0082e-06 0.00269208 398.561 158952 0.635634
0.46 0.295461 0.296121 0.00105391 2.93104e-06 0.00262127 398.661 159034 0.644941
0.45 0.295592 0.289442 0.00104418 2.91838e-06 0.00263241 398.598 158984 0.649671
0.44 0.295827 0.295095 0.00101024 2.782e-06 0.00253643 398.408 158833 0.655887
0.43 0.295633 0.293187 0.000979774 2.69775e-06 0.00250243 398.66 159034 0.653693
0.42 0.295459 0.297801 0.00094783 2.55157e-06 0.00238059 398.508 158913 0.651017
0.41 0.295552 0.293002 0.000930469 2.49611e-06 0.00234769 398.445 158863 0.658568
0.4 0.295411 0.296312 0.000890538 2.3445e-06 0.00223408 398.584 158971 0.643634
0.39 0.295487 0.294633 0.000903646 2.3962e-06 0.00227465 398.437 158856 0.64844
0.38 0.295471 0.292558 0.000845226 2.20375e-06 0.00214465 398.335 158772 0.63388
0.37 0.295518 0.291415 0.000834115 2.16396e-06 0.00211423 398.365 158799 0.651396
0.36 0.295263 0.295419 0.000807552 2.05395e-06 0.0020186 398.44 158859 0.656998
0.35 0.295447 0.291129 0.000809288 2.06389e-06 0.00202888 398.429 158847 0.63691
0.34 0.29508 0.294738 0.000771788 1.9376e-06 0.0019324 398.539 158937 0.651992
0.33 0.295175 0.291912 0.000757292 1.90068e-06 0.00191115 398.423 158844 0.648546
0.32 0.29519 0.293059 0.000750434 1.86737e-06 0.00187808 398.386 158816 0.65655
0.31 0.295378 0.290452 0.000721788 1.76218e-06 0.00178733 398.231 158689 0.63444
0.3 0.295016 0.290105 0.000707031 1.73385e-06 0.0017769 398.49 158895 0.634349
0.29 0.295246 0.290019 0.000675694 1.61947e-06 0.00167458 398.288 158733 0.630692
0.28 0.29522 0.289566 0.000678212 1.63197e-06 0.00168768 398.346 158782 0.643437
0.27 0.295402 0.296454 0.000653125 1.57908e-06 0.00165961 398.078 158570 0.653935
0.26 0.295133 0.291234 0.000645833 1.54562e-06 0.00162507 398.3 158746 0.64533
0.25 0.295139 0.290682 0.00063342 1.50207e-06 0.00158522 398.302 158749 0.65601
0.24 0.295297 0.288981 0.000611892 1.43184e-06 0.0015227 398.165 158638 0.642118
0.23 0.295189 0.285728 0.000595486 1.37261e-06 0.00146593 398.133 158610 0.629591
0.22 0.295226 0.29415 0.000576563 1.32981e-06 0.00143624 398.088 158577 0.64702
0.21 0.295121 0.28813 0.00056684 1.32107e-06 0.00143966 398.185 158653 0.639881
0.2 0.295121 0.294011 0.000559115 1.30223e-06 0.00142506 398.128 158608 0.641565
0.19 0.295079 0.288248 0.000535156 1.21694e-06 0.00133998 398.175 158646 0.64324
0.18 0.295298 0.29179 0.000528819 1.17459e-06 0.00128871 398.157 158632 0.647647
0.17 0.295107 0.284725 0.000511111 1.1568e-06 0.00128962 398.054 158550 0.648669
0.16 0.294964 0.292803 0.000500955 1.1247e-06 0.0012582 398.201 158667 0.646221
0.15 0.295014 0.291618 0.000484201 1.07301e-06 0.00120753 398.102 158588 0.645157
0.14 0.295019 0.286092 0.000475521 1.05463e-06 0.00119305 398.095 158581 0.635696
0.13 0.295069 0.286468 0.000455208 1.01122e-06 0.00115777 398.031 158531 0.642515
0.12 0.295125 0.298797 0.000444271 9.66013e-07 0.00110684 397.98 158492 0.653541
0.11 0.295203 0.288169 0.000439757 9.64506e-07 0.00111041 397.884 158412 0.630535
0.1 0.294998 0.290943 0.000425434 9.15527e-07 0.00105773 397.936 158455 0.644158
0.09 0.2949 0.292663 0.000425 9.36475e-07 0.00108842 398.024 158525 0.637516
0.08 0.294939 0.284731 0.000403299 8.57506e-07 0.00100059 397.985 158494 0.635893
0.07 0.294931 0.286149 0.000397222 8.63233e-07 0.00101584 397.987 158497 0.648163
0.06 0.294996 0.284376 0.000390625 8.38819e-07 0.000988173 397.738 158298 0.640531
0.05 0.295098 0.288971 0.000383854 8.0898e-07 0.000952755 397.932 158451 0.633004
0.04 0.294746 0.295717 0.000377865 8.03102e-07 0.000950861 398.051 158548 0.647124
0.03 0.294882 0.293411 0.000358247 7.58795e-07 0.000907855 397.971 158483 0.641725
0.02 0.29507 0.293801 0.000347656 7.3408e-07 0.000883029 397.863 158396 0.635425
0.01 0.294785 0.296709 0.000349132 7.22475e-07 0.000864838 397.98 158490 0.641802
