3 -1.70684 1.33279 0.995424 0.990876 0.0115968 1205.82 1.45407e+06 0.145261
2.99 -1.69656 1.28953 0.995297 0.990625 0.0118217 1205.81 1.45405e+06 0.1449
2.98 -1.68576 1.31199 0.995142 0.990315 0.0122194 1205.58 1.45349e+06 0.145878
2.97 -1.67577 1.31555 0.995007 0.990049 0.0126975 1205.6 1.45355e+06 0.143994
2.96 -1.66532 1.33251 0.994886 0.989808 0.0129774 1205.49 1.45327e+06 0.146602
2.95 -1.6547 1.32105 0.994726 0.989489 0.0132334 1205.42 1.4531e+06 0.146191
2.94 -1.64486 1.3168 0.994623 0.989284 0.0136676 1205.53 1.45336e+06 0.14693
2.93 -1.63443 1.35244 0.994484 0.989009 0.0142677 1205.39 1.45303e+06 0.145378
2.92 -1.62437 1.34531 0.994361 0.988765 0.0145816 1205.45 1.45317e+06 0.148211
2.91 -1.61362 1.3212 0.994199 0.988443 0.0145028 1205.21 1.45261e+06 0.14473
2.9 -1.60304 1.34186 0.994016 0.988078 0.0152499 1205.18 1.45252e+06 0.145241
2.89 -1.59328 1.37149 0.993953 0.987954 0.0154011 1205.26 1.45271e+06 0.1472
2.88 -1.58242 1.34308 0.993758 0.987567 0.0160336 1205.16 1.45247e+06 0.14442
2.87 -1.57266 1.33415 0.993589 0.98723 0.0163702 1205.02 1.45215e+06 0.146216
2.86 -1.56226 1.38987 0.993438 0.98693 0.0166389 1205.08 1.45229e+06 0.147211
2.85 -1.55135 1.36189 0.993222 0.986501 0.0173409 1204.89 1.45183e+06 0.146693
2.84 -1.54158 1.38899 0.993093 0.986246 0.0177903 1204.98 1.45204e+06 0.145728
2.83 -1.53097 1.38293 0.992906 0.985876 0.0183728 1204.86 1.45176e+06 0.14773
2.82 -1.5205 1.37149 0.992718 0.985503 0.0187333 1204.76 1.45153e+06 0.149199
2.81 -1.50988 1.39944 0.992547 0.985163 0.0192989 1204.64 1.45123e+06 0.147414
2.8 -1.49926 1.40533 0.992246 0.984565 0.0197351 1204.34 1.4505e+06 0.147633
2.79 -1.48957 1.38943 0.99215 0.984377 0.020294 1204.5 1.45088e+06 0.145746
2.78 -1.47899 1.40813 0.991961 0.984 0.0204306 1204.4 1.45065e+06 0.147479
2.77 -1.46874 1.43992 0.991743 0.98357 0.0213969 1204.42 1.4507e+06 0.149319
2.76 -1.45772 1.44981 0.991524 0.983135 0.0216828 1204.14 1.45002e+06 0.148413
2.75 -1.44776 1.42272 0.991257 0.982605 0.0225073 1204.12 1.44999e+06 0.150183
2.74 -1.43694 1.45558 0.991022 0.98214 0.0230014 1203.9 1.44945e+06 0.148689
2.73 -1.42667 1.44549 0.990806 0.981713 0.0232732 1203.86 1.44935e+06 0.146342
2.72 -1.41601 1.47589 0.990581 0.981267 0.0244603 1203.8 1.44921e+06 0.149504
2.71 -1.40601 1.44194 0.99039 0.98089 0.0248848 1203.75 1.44908e+06 0.149136
2.7 -1.39486 1.45632 0.990079 0.980274 0.0255247 1203.57 1.44866e+06 0.150883
2.69 -1.38431 1.46432 0.989859 0.979839 0.0263402 1203.4 1.44825e+06 0.149608
2.68 -1.37448 1.47183 0.989581 0.97929 0.0270883 1203.46 1.44839e+06 0.149414
2.67 -1.3633 1.49298 0.989287 0.978708 0.0274631 1203.23 1.44785e+06 0.149989
2.66 -1.35293 1.4924 0.989041 0.978223 0.0281284 1203.17 1.44768e+06 0.149744
2.65 -1.34245 1.48064 0.988749 0.977644 0.0287697 1203.06 1.44743e+06 0.148492
2.64 -1.33168 1.50747 0.988448 0.977051 0.0302224 1202.86 1.44694e+06 0.150486
2.63 -1.321 1.53508 0.988079 0.976322 0.0308918 1202.95 1.44716e+06 0.150913
2.62 -1.31056 1.52603 0.987787 0.975745 0.0316634 1202.61 1.44635e+06 0.151104
2.61 -1.29997 1.55575 0.987448 0.975077 0.0329314 1202.57 1.44624e+06 0.151766
2.6 -1.28941 1.51766 0.987227 0.974641 0.0332613 1202.49 1.44606e+06 0.153167
2.59 -1.27913 1.55439 0.986893 0.973982 0.0348699 1202.46 1.446e+06 0.15298
2.58 -1.26816 1.54145 0.986509 0.973224 0.0346993 1202.19 1.44534e+06 0.152503
2.57 -1.25724 1.56881 0.986136 0.97249 0.0358561 1201.91 1.44467e+06 0.154149
2.56 -1.24714 1.55523 0.985839 0.971904 0.0374302 1201.94 1.44474e+06 0.153424
2.55 -1.23585 1.57117 0.985342 0.970926 0.0387419 1201.77 1.44431e+06 0.152591
2.54 -1.22525 1.58063 0.984987 0.970227 0.0393426 1201.62 1.44396e+06 0.153157
2.53 -1.21469 1.62029 0.984614 0.969494 0.0406477 1201.36 1.44335e+06 0.155465
2.52 -1.20395 1.59648 0.984226 0.968729 0.0411096 1201.33 1.44326e+06 0.158703
2.51 -1.19307 1.62195 0.983771 0.967834 0.0423733 1201.09 1.44269e+06 0.158393
2.5 -1.18214 1.64323 0.98335 0.967008 0.0439164 1200.85 1.44212e+06 0.158215
2.49 -1.17115 1.63928 0.982848 0.966021 0.0452026 1200.62 1.44155e+06 0.157776
2.48 -1.16074 1.65148 0.982396 0.965134 0.045924 1200.54 1.44138e+06 0.158347
2.47 -1.15033 1.62208 0.982012 0.96438 0.0469767 1200.43 1.4411e+06 0.154884
2.46 -1.13885 1.64846 0.981458 0.963294 0.0479951 1200.1 1.44032e+06 0.157317
2.45 -1.12791 1.66444 0.980922 0.962243 0.0506937 1199.86 1.43975e+06 0.157639
2.44 -1.11664 1.70576 0.980412 0.961244 0.0533604 1199.66 1.43926e+06 0.162247
2.43 -1.10594 1.68401 0.979891 0.960223 0.0536294 1199.5 1.43888e+06 0.158278
2.42 -1.09514 1.69358 0.979414 0.959289 0.0540059 1199.3 1.43841e+06 0.158774
2.41 -1.08435 1.74318 0.978862 0.95821 0.0564538 1198.99 1.43766e+06 0.157813
2.4 -1.07321 1.70022 0.978267 0.957046 0.057384 1198.91 1.43746e+06 0.160955
2.39 -1.06215 1.75205 0.97758 0.955705 0.0611059 1198.49 1.43647e+06 0.161906
2.38 -1.0513 1.78983 0.977074 0.954718 0.0625036 1198.27 1.43593e+06 0.162292
2.37 -1.04086 1.77869 0.976547 0.953688 0.0629797 1198.13 1.43559e+06 0.161818
2.36 -1.0287 1.76302 0.975742 0.952117 0.064388 1197.64 1.43443e+06 0.161821
2.35 -1.01803 1.78902 0.975136 0.950936 0.0664461 1197.5 1.43407e+06 0.165559
2.34 -1.00647 1.81501 0.974322 0.949352 0.0687202 1197.21 1.4334e+06 0.167417
2.33 -0.995555 1.84124 0.973731 0.948202 0.0708465 1196.84 1.4325e+06 0.16714
2.32 -0.984544 1.82698 0.973019 0.946818 0.0736334 1196.59 1.43191e+06 0.167427
2.31 -0.973302 1.89808 0.972286 0.945393 0.0772696 1196.25 1.4311e+06 0.169521
2.3 -0.962409 1.85741 0.971548 0.943959 0.0781908 1195.97 1.43042e+06 0.169985
2.29 -0.950562 1.88293 0.970665 0.942246 0.0808851 1195.57 1.42948e+06 0.166968
2.28 -0.938991 1.91877 0.969735 0.940443 0.0832226 1195.13 1.42841e+06 0.172906
2.27 -0.927933 1.93665 0.969001 0.939023 0.0853688 1194.88 1.42781e+06 0.173625
2.26 -0.917115 1.91713 0.96828 0.937627 0.0886717 1194.56 1.42706e+06 0.171102
2.25 -0.905459 1.8952 0.96732 0.935771 0.0904107 1194.27 1.42636e+06 0.173344
2.24 -0.894336 1.96704 0.966506 0.9342 0.0943524 1193.83 1.42531e+06 0.175697
2.23 -0.882437 1.9978 0.965354 0.931977 0.0994634 1193.33 1.42413e+06 0.179065
2.22 -0.870617 1.99775 0.964338 0.930017 0.0999779 1192.84 1.42295e+06 0.181027
2.21 -0.859245 1.99631 0.96337 0.928154 0.102752 1192.41 1.42193e+06 0.180749
2.2 -0.847258 2.05502 0.962245 0.92599 0.10723 1191.86 1.42063e+06 0.183158
2.19 -0.835765 2.11012 0.961075 0.923744 0.112893 1191.39 1.41949e+06 0.185189
2.18 -0.823867 2.11325 0.960082 0.921836 0.114185 1190.93 1.4184e+06 0.188017
2.17 -0.812584 2.09759 0.958947 0.919662 0.118757 1190.41 1.41717e+06 0.187468
2.16 -0.800258 2.14077 0.957586 0.917056 0.124277 1189.87 1.41588e+06 0.187919
2.15 -0.788731 2.14749 0.956429 0.914844 0.127171 1189.33 1.4146e+06 0.189821
2.14 -0.775927 2.22563 0.954879 0.911886 0.133953 1188.43 1.41246e+06 0.192002
2.13 -0.764881 2.14372 0.953675 0.909589 0.134705 1188.15 1.41179e+06 0.193908
2.12 -0.7529 2.24413 0.952485 0.907327 0.141671 1187.61 1.41052e+06 0.195202
2.11 -0.740669 2.24244 0.950873 0.904261 0.146062 1186.81 1.40861e+06 0.19882
2.1 -0.728654 2.33128 0.949501 0.90166 0.154664 1186.3 1.4074e+06 0.200945
2.09 -0.715852 2.35718 0.947735 0.898316 0.16407 1185.38 1.40522e+06 0.209594
2.08 -0.703742 2.39374 0.946339 0.895673 0.16452 1184.72 1.40366e+06 0.208398
2.07 -0.691897 2.35545 0.944676 0.892529 0.166787 1184.04 1.40206e+06 0.209562
2.06 -0.679349 2.39154 0.942789 0.888975 0.177727 1183.09 1.39981e+06 0.212012
2.05 -0.666639 2.49548 0.940999 0.88561 0.188496 1182.18 1.39765e+06 0.22273
2.04 -0.654434 2.48918 0.939379 0.882567 0.191949 1181.61 1.39632e+06 0.223093
2.03 -0.641163 2.5077 0.937214 0.878511 0.202304 1180.42 1.39349e+06 0.226776
2.02 -0.628843 2.54469 0.935211 0.874764 0.208117 1179.58 1.39153e+06 0.230139
2.01 -0.615706 2.59223 0.932797 0.870263 0.22004 1178.4 1.38875e+06 0.238057
2 -0.602218 2.70745 0.930435 0.865873 0.236161 1177.15 1.38579e+06 0.244043
1.99 -0.589051 2.66294 0.92829 0.86189 0.240494 1176.08 1.38328e+06 0.249006
1.98 -0.576366 2.76362 0.926013 0.857677 0.254239 1175.08 1.38094e+06 0.257536
1.97 -0.562723 2.85376 0.923194 0.852471 0.264745 1173.69 1.37768e+06 0.262398
1.96 -0.548811 2.88823 0.920288 0.847125 0.280153 1172.1 1.37394e+06 0.271281
1.95 -0.534567 2.92357 0.917292 0.84163 0.294904 1170.67 1.3706e+06 0.279443
1.94 -0.521891 3.0267 0.914867 0.837201 0.314754 1169.43 1.3677e+06 0.291036
1.93 -0.507076 3.05059 0.911439 0.830946 0.325687 1167.73 1.36374e+06 0.299927
1.92 -0.492807 3.19114 0.908016 0.824735 0.349031 1166.11 1.35997e+06 0.30881
1.91 -0.478751 3.26602 0.904596 0.818549 0.367671 1164.16 1.35542e+06 0.318906
1.9 -0.464851 3.36268 0.901287 0.812595 0.399924 1162.66 1.35194e+06 0.339729
1.89 -0.449515 3.45864 0.897153 0.805175 0.417837 1160.21 1.34626e+06 0.351561
1.88 -0.432848 3.8091 0.891991 0.795984 0.484444 1157.43 1.33982e+06 0.392841
1.87 -0.418723 3.73594 0.888212 0.789258 0.486385 1155.55 1.33549e+06 0.398869
1.86 -0.399771 4.03313 0.881671 0.777736 0.566407 1151.71 1.32664e+06 0.453469
1.85 -0.382904 4.30534 0.875837 0.767526 0.6271 1148.44 1.31914e+06 0.498665
1.84 -0.368015 4.2957 0.871329 0.759661 0.643834 1146.07 1.31371e+06 0.503454
1.83 -0.347869 4.77858 0.863146 0.745552 0.764547 1141.15 1.30249e+06 0.598392
1.82 -0.326662 5.3692 0.8543 0.730461 0.909686 1135.91 1.2906e+06 0.70273
1.81 -0.303394 6.38062 0.842763 0.71109 1.21044 1128.58 1.27413e+06 0.945375
1.8 -0.150745 195.21 0.661235 0.531715 136.056 976.275 1.02237e+06 177.356
1.79 0.270067 0.526321 0.0972751 0.00977154 0.445099 492.573 243018 1.97935
1.78 0.272776 0.5149 0.0922687 0.00878213 0.386792 487.61 238115 1.80309
1.77 0.274749 0.501611 0.0882425 0.00804725 0.37512 483.602 234222 1.81425
1.76 0.276021 0.482806 0.0855233 0.00755222 0.342713 481.445 232117 1.6994
1.75 0.277851 0.465884 0.0815796 0.00687547 0.31714 477.397 228212 1.59408
1.74 0.279183 0.439039 0.0778897 0.00627544 0.300443 473.632 224629 1.59254
1.73 0.280422 0.452956 0.0761049 0.00599927 0.298516 472.258 223332 1.61493
1.72 0.281876 0.438766 0.0728668 0.00549789 0.271185 469.064 220302 1.49552
1.71 0.282745 0.425636 0.0703568 0.005132 0.261973 466.769 218147 1.46584
1.7 0.284244 0.426755 0.0675727 0.00473426 0.242188 464.093 215643 1.40433
1.69 0.285104 0.410678 0.0650072 0.00438941 0.235394 461.302 213060 1.41416
1.68 0.286225 0.409801 0.0627779 0.00410214 0.231962 459.237 211154 1.38893
1.67 0.286975 0.400352 0.0608664 0.00385841 0.221319 457.527 209578 1.34887
1.66 0.287794 0.398388 0.058465 0.00356234 0.207618 455.046 207313 1.35257
1.65 0.288532 0.389788 0.0568077 0.00336573 0.1996 453.416 205824 1.31245
1.64 0.289306 0.390138 0.0547074 0.00312245 0.18655 451.551 204125 1.25893
1.63 0.290266 0.381452 0.0526325 0.00289263 0.176334 449.486 202257 1.21825
1.62 0.290441 0.378709 0.0510105 0.00271813 0.167119 448.09 200998 1.19031
1.61 0.2914 0.376903 0.0494591 0.00255574 0.157728 446.496 199571 1.19041
1.6 0.291731 0.371124 0.0478965 0.00240414 0.158487 445.061 198290 1.18134
1.59 0.292535 0.368689 0.0461151 0.00222618 0.143391 443.066 196502 1.10255
1.58 0.292995 0.365581 0.0446656 0.00209788 0.148115 441.675 195281 1.15601
1.57 0.293202 0.358399 0.0435974 0.00199633 0.137654 440.712 194420 1.09689
1.56 0.293918 0.361939 0.0422113 0.0018743 0.133211 439.219 193107 1.10021
1.55 0.294214 0.359901 0.0407511 0.00174725 0.124699 437.906 191952 1.08568
1.54 0.29462 0.351518 0.0395612 0.00164996 0.122213 436.708 190895 1.03606
1.53 0.295038 0.346831 0.0382376 0.00154598 0.120771 435.32 189688 1.06294
1.52 0.295376 0.347495 0.0370387 0.00145129 0.114376 434.191 188702 1.03763
1.51 0.295567 0.349241 0.0361227 0.0013829 0.112396 433.366 187986 1.03824
1.5 0.29593 0.345471 0.0351212 0.00130799 0.107275 432.565 187285 0.995702
1.49 0.296262 0.342431 0.0340897 0.00123404 0.103582 431.458 186330 1.00749
1.48 0.29642 0.343806 0.0327919 0.00114304 0.0975345 430.013 185076 0.960305
1.47 0.296735 0.339709 0.0316382 0.00106528 0.0925977 428.923 184139 0.959791
1.46 0.297049 0.332283 0.0310405 0.00102912 0.0944763 428.473 183755 0.968122
1.45 0.297327 0.334171 0.0303181 0.000982557 0.0912563 427.712 183099 0.942631
1.44 0.297311 0.340459 0.0293567 0.000922292 0.087087 426.825 182344 0.964051
1.43 0.29748 0.330972 0.0282684 0.000856643 0.0828582 425.742 181414 0.928724
1.42 0.297816 0.332479 0.0276871 0.00082157 0.0791941 425.194 180945 0.916071
1.41 0.297776 0.333249 0.0267023 0.000766859 0.0775422 424.256 180146 0.900823
1.4 0.298085 0.336478 0.0258541 0.000719525 0.0735715 423.273 179312 0.899038
1.39 0.298349 0.328208 0.025127 0.000681276 0.071871 422.479 178640 0.897027
1.38 0.298415 0.336737 0.0245202 0.000650854 0.0714425 421.869 178127 0.908755
1.37 0.298407 0.327069 0.0237484 0.000610317 0.0667198 421.284 177625 0.861189
1.36 0.298505 0.323208 0.023044 0.000576439 0.0653942 420.426 176903 0.859814
1.35 0.298695 0.326214 0.0225638 0.000554304 0.0650579 420.09 176621 0.866038
1.34 0.298748 0.329534 0.0219901 0.000526891 0.0623899 419.556 176174 0.87301
1.33 0.299092 0.326438 0.0212939 0.000494691 0.0594141 418.684 175440 0.856557
1.32 0.298936 0.326765 0.0207937 0.000472917 0.0583732 418.335 175148 0.859929
1.31 0.29902 0.329432 0.0200449 0.000441252 0.0568151 417.347 174319 0.839863
1.3 0.299121 0.332503 0.0196266 0.000422452 0.0536399 417.173 174172 0.830419
1.29 0.299035 0.328016 0.0191326 0.000403106 0.0533535 416.729 173799 0.811362
1.28 0.299173 0.325878 0.0184009 0.000374242 0.051336 415.963 173161 0.813033
1.27 0.299377 0.321232 0.0179932 0.000357956 0.0492475 415.386 172680 0.812382
1.26 0.299172 0.323488 0.0174422 0.000337139 0.0473885 414.975 172336 0.7933
1.25 0.299231 0.323898 0.0170151 0.00032171 0.0463623 414.613 172037 0.804127
1.24 0.299511 0.328599 0.0164989 0.000303406 0.0449179 413.908 171454 0.812148
1.23 0.299241 0.322777 0.0161405 0.000291586 0.0447433 413.853 171407 0.800922
1.22 0.299325 0.323179 0.0156588 0.0002749 0.0427724 413.108 170788 0.783966
1.21 0.299492 0.314351 0.0152121 0.00026031 0.0416201 412.69 170443 0.78638
1.2 0.2994 0.329877 0.0147565 0.00024606 0.04076 412.227 170064 0.808385
1.19 0.299534 0.316744 0.0143794 0.000233611 0.0386537 411.869 169767 0.791975
1.18 0.299326 0.317323 0.0140911 0.000224608 0.0375088 411.671 169602 0.782421
1.17 0.299373 0.315744 0.0135694 0.00021015 0.0374685 411.082 169119 0.791939
1.16 0.299325 0.322304 0.013326 0.000202592 0.0360161 410.874 168944 0.771425
1.15 0.299345 0.320836 0.012867 0.000189482 0.0344473 410.343 168507 0.76454
1.14 0.299506 0.312817 0.0126192 0.000182832 0.0339665 410.078 168291 0.770434
1.13 0.299599 0.320052 0.0122839 0.000173932 0.0331758 409.782 168044 0.749143
1.12 0.299224 0.316337 0.0119181 0.000163983 0.0315977 409.464 167784 0.75537
1.11 0.299237 0.317282 0.0116174 0.000156179 0.030548 409.232 167594 0.752545
1.1 0.299431 0.320106 0.0114084 0.000151089 0.030149 408.923 167340 0.744205
1.09 0.299456 0.311187 0.0109851 0.000140665 0.02879 408.322 166847 0.735401
1.08 0.299395 0.32686 0.0108647 0.000137846 0.0285189 408.455 166957 0.742958
1.07 0.299124 0.319556 0.0104382 0.000128299 0.0278539 407.975 166565 0.74054
1.06 0.299355 0.318371 0.0101811 0.000122502 0.027141 407.757 166387 0.744507
1.05 0.298894 0.318138 0.00992066 0.000116665 0.0262729 407.725 166361 0.740187
1.04 0.29906 0.311946 0.00958559 0.000109628 0.0255519 407.173 165908 0.7255
1.03 0.299073 0.311856 0.0093691 0.000104924 0.024688 406.989 165760 0.733833
1.02 0.299178 0.319407 0.00916276 0.000100992 0.0245321 406.734 165553 0.740028
1.01 0.299099 0.306256 0.00895547 9.6241e-05 0.0230984 406.445 165314 0.716701
1 0.299203 0.318624 0.00877795 9.28467e-05 0.0227437 406.285 165184 0.714529
0.99 0.29903 0.312923 0.00840625 8.59628e-05 0.0220288 405.805 164794 0.716085
0.98 0.298984 0.311591 0.00823776 8.27072e-05 0.0213789 405.797 164788 0.71889
0.97 0.298975 0.315773 0.00808385 8.00142e-05 0.0211184 405.611 164636 0.717354
0.96 0.298915 0.324386 0.00780573 7.505e-05 0.0203337 405.332 164411 0.719017
0.95 0.299041 0.310454 0.00766007 7.25089e-05 0.0199184 405.137 164251 0.711158
0.94 0.298878 0.317174 0.00742674 6.86629e-05 0.0194493 404.846 164016 0.709995
0.93 0.29883 0.31573 0.00716094 6.40592e-05 0.0184034 404.633 163841 0.700896
0.92 0.298548 0.307325 0.00711406 6.35085e-05 0.018574 404.793 163971 0.701066
0.91 0.298927 0.313044 0.00692309 6.03962e-05 0.0179525 404.341 163604 0.697309
0.9 0.298794 0.309258 0.00664193 5.62321e-05 0.0174483 404.119 163427 0.70923
0.89 0.298436 0.311507 0.0065454 5.46473e-05 0.0169992 404.223 163511 0.706784
0.88 0.298454 0.309849 0.00635017 5.16707e-05 0.0163382 403.915 163260 0.696298
0.87 0.298731 0.317008 0.00620634 4.96201e-05 0.0159861 403.585 162994 0.697598
0.86 0.298639 0.318029 0.00604757 4.72747e-05 0.0154103 403.636 163036 0.704551
0.85 0.298497 0.31295 0.00588134 4.51839e-05 0.0152551 403.383 162833 0.712302
0.84 0.298403 0.311007 0.0056967 4.2626e-05 0.01465 403.151 162641 0.687807
0.83 0.298111 0.311846 0.0055974 4.14093e-05 0.0145129 403.225 162703 0.694364
0.82 0.298402 0.30511 0.00550729 3.99851e-05 0.013903 403.031 162544 0.683249
0.81 0.298482 0.315446 0.00530885 3.75347e-05 0.0134651 402.829 162383 0.69915
0.8 0.298052 0.312229 0.00523125 3.66063e-05 0.0133061 402.981 162503 0.678962
0.79 0.297942 0.305741 0.00500668 3.40086e-05 0.0128761 402.56 162166 0.692672
0.78 0.298096 0.31346 0.00490304 3.27322e-05 0.012517 402.476 162098 0.687021
0.77 0.297856 0.317734 0.00480608 3.15861e-05 0.0122223 402.556 162162 0.685324
0.76 0.298158 0.308455 0.00467283 3.02561e-05 0.0121259 402.018 161729 0.688475
0.75 0.297712 0.308866 0.00456337 2.90039e-05 0.0117786 402.265 161928 0.6846
0.74 0.297861 0.307252 0.00442517 2.74923e-05 0.0113907 401.958 161681 0.690489
0.73 0.297775 0.308228 0.00430165 2.60584e-05 0.0108781 401.792 161546 0.679566
0.72 0.297942 0.307887 0.0042375 2.54979e-05 0.0108598 401.875 161613 0.681171
0.71 0.297769 0.311107 0.00413255 2.43114e-05 0.0104162 401.642 161427 0.688522
0.7 0.297825 0.30924 0.00399766 2.30139e-05 0.010127 401.521 161329 0.688186
0.69 0.297818 0.302536 0.00386771 2.18816e-05 0.00996835 401.204 161072 0.6675
0.68 0.297668 0.307807 0.00382439 2.14224e-05 0.0097869 401.296 161146 0.670109
0.67 0.297553 0.306492 0.00371215 2.02595e-05 0.0093303 401.296 161145 0.664121
0.66 0.297428 0.302443 0.00364444 1.97151e-05 0.00926371 401.274 161130 0.675948
0.65 0.297507 0.31005 0.0035263 1.86784e-05 0.0089908 401.17 161045 0.670287
0.64 0.297356 0.297895 0.00344931 1.80284e-05 0.00882824 401.021 160927 0.679652
0.63 0.297385 0.305774 0.00332682 1.70288e-05 0.00858392 400.865 160800 0.667714
0.62 0.29709 0.301781 0.00323776 1.61695e-05 0.00818842 400.914 160839 0.667503
0.61 0.297179 0.313068 0.00319019 1.57834e-05 0.00807274 400.741 160702 0.67807
0.6 0.297362 0.307428 0.0030829 1.48388e-05 0.00768169 400.539 160538 0.660733
0.59 0.297417 0.303661 0.00307283 1.46878e-05 0.0075535 400.696 160664 0.665531
0.58 0.297279 0.307323 0.00295981 1.4044e-05 0.00760823 400.416 160439 0.65986
0.57 0.297112 0.308792 0.00290842 1.35331e-05 0.0073068 400.574 160568 0.675217
0.56 0.297108 0.300082 0.00280851 1.27306e-05 0.00697373 400.373 160404 0.662067
0.55 0.29702 0.310044 0.0027329 1.2206e-05 0.00682162 400.415 160441 0.675631
0.54 0.297029 0.306467 0.00266111 1.18179e-05 0.00682042 400.25 160306 0.660472
0.53 0.297039 0.302625 0.00260339 1.14145e-05 0.00667708 400.093 160181 0.663804
0.52 0.296763 0.296664 0.0024947 1.06465e-05 0.00636903 400.032 160131 0.659924
0.51 0.296711 0.301451 0.00245182 1.03077e-05 0.00618663 400.166 160239 0.660272
0.5 0.296532 0.29737 0.00239965 1.00149e-05 0.00612944 400.118 160201 0.663984
0.49 0.296905 0.300568 0.00232274 9.50069e-06 0.00591199 399.699 159864 0.653305
0.48 0.296805 0.303689 0.0022783 9.25444e-06 0.00585186 399.76 159913 0.654811
0.47 0.296811 0.305648 0.00223715 8.91776e-06 0.00563459 399.868 159998 0.648678
0.46 0.29669 0.303509 0.00216641 8.41728e-06 0.0053625 399.773 159923 0.650102
0.45 0.296774 0.30153 0.00213134 8.24728e-06 0.00533475 399.598 159784 0.657377
0.44 0.2964 0.303428 0.00206233 7.88514e-06 0.00523001 399.744 159898 0.643756
0.43 0.29637 0.31107 0.00202222 7.62352e-06 0.00508915 399.781 159931 0.659172
0.42 0.296272 0.298497 0.0019599 7.29498e-06 0.00497346 399.578 159768 0.658304
0.41 0.296499 0.301097 0.0019237 7.1179e-06 0.0049209 399.571 159762 0.657298
0.4 0.296296 0.305775 0.00185807 6.69382e-06 0.0046676 399.36 159593 0.658071
0.39 0.29647 0.300458 0.00181467 6.51509e-06 0.00463977 399.227 159486 0.647926
0.38 0.296483 0.304043 0.00178854 6.3148e-06 0.00448693 399.155 159429 0.652989
0.37 0.296476 0.300309 0.00173759 6.0687e-06 0.00439127 399.004 159307 0.648118
0.36 0.296461 0.300494 0.00168273 5.82637e-06 0.00431252 399.151 159425 0.651732
0.35 0.296323 0.308183 0.00164045 5.61101e-06 0.0042047 399.06 159354 0.655018
0.34 0.296309 0.296467 0.00161536 5.41254e-06 0.00403651 399.02 159321 0.64782
0.33 0.296374 0.297648 0.00153741 5.05808e-06 0.00388 398.9 159227 0.661162
0.32 0.296109 0.30019 0.00152622 4.97203e-06 0.00380548 399.072 159364 0.657071
0.31 0.29628 0.300239 0.00147153 4.75773e-06 0.00373296 398.869 159200 0.643776
0.3 0.296311 0.298317 0.00146319 4.70769e-06 0.00369613 398.867 159199 0.652859
0.29 0.296135 0.294705 0.00140712 4.46627e-06 0.00358025 398.885 159212 0.6422
0.28 0.296153 0.298384 0.00138038 4.3237e-06 0.00348227 398.897 159223 0.652278
0.27 0.296408 0.297097 0.00135104 4.14346e-06 0.00333813 398.703 159067 0.644569
0.26 0.295932 0.301458 0.00131875 4.05424e-06 0.0033338 398.928 159248 0.653978
0.25 0.295953 0.291434 0.00126502 3.7994e-06 0.00316675 398.785 159130 0.633497
0.24 0.295798 0.298086 0.00123073 3.62956e-06 0.0030454 398.863 159195 0.644346
0.23 0.295891 0.294375 0.00122309 3.63137e-06 0.003075 398.831 159168 0.636705
0.22 0.295871 0.294958 0.00117908 3.44796e-06 0.00296313 398.597 158981 0.635563
0.21 0.29583 0.300498 0.00113542 3.30735e-06 0.00290618 398.646 159024 0.65919
0.2 0.295617 0.303859 0.00113819 3.2959e-06 0.00288059 398.835 159173 0.649596
0.19 0.295725 0.298736 0.00109583 3.09516e-06 0.00272781 398.772 159124 0.659676
0.18 0.295827 0.296225 0.00107604 3.02071e-06 0.0026825 398.575 158965 0.644586
0.17 0.295977 0.29806 0.0010691 3.00353e-06 0.00267921 398.557 158951 0.650544
0.16 0.295836 0.294878 0.00101563 2.83957e-06 0.00260362 398.554 158949 0.646216
0.15 0.295673 0.304442 0.00100807 2.76346e-06 0.00251604 398.584 158974 0.658067
0.14 0.295486 0.298647 0.000977604 2.65269e-06 0.00244366 398.686 159055 0.653561
0.13 0.295564 0.295612 0.000934635 2.51992e-06 0.00237079 398.421 158843 0.650839
0.12 0.295589 0.297405 0.000913108 2.43402e-06 0.00230437 398.407 158830 0.637479
0.11 0.295523 0.294006 0.000902517 2.42016e-06 0.00231209 398.473 158885 0.649601
0.1 0.295523 0.29756 0.000877691 2.29779e-06 0.00219952 398.485 158892 0.637028
0.09 0.295411 0.291178 0.000856771 2.23012e-06 0.00215433 398.392 158817 0.628785
0.08 0.295623 0.29319 0.000848003 2.20194e-06 0.00213527 398.255 158708 0.634933
0.07 0.295475 0.292393 0.000818403 2.10232e-06 0.00206286 398.467 158878 0.643513
0.06 0.295481 0.295979 0.000789236 2.00527e-06 0.00199062 398.325 158766 0.648639
0.05 0.295459 0.297173 0.000776476 1.97076e-06 0.00196969 398.504 158909 0.647837
0.04 0.295676 0.29617 0.000758767 1.86858e-06 0.00186171 398.204 158669 0.643809
0.03 0.295641 0.296617 0.000744965 1.83045e-06 0.00183669 398.228 158689 0.647577
0.02 0.295296 0.295572 0.000709809 1.72541e-06 0.00175908 398.377 158808 0.652456
0.01 0.295343 0.295533 0.000703646 1.72827e-06 0.00177575 398.279 158728 0.637988
