1.0 0.0 0.5508814 6.914078402229787e-05 0.3338174 0.0012042801202373304 0.21876959999999998 6.43978881809878e-05 0.04819966 2.7670527283854608e-05 0.19557439999999998 0.00076277066540415 455.8302 0.08166340675205226 208006.6 75.30875114259449 0.49478980000000006 0.0029804656871021636 
0.99 0.0 0.5475502 6.53571114118642e-05 0.3326754 0.000919067553554788 0.2171828 7.521776385200859e-05 0.04750834 3.160575390607491e-05 0.19779660000000002 0.0007561536140223737 455.40680000000003 0.06651760671251349 207621.6 60.809604493510946 0.5021232 0.0029697130689692076 
0.9800000000000001 6.664001874625056e-09 0.5440400000000001 7.900936639019965e-05 0.3349072 0.0007059464795555777 0.2160018 6.453860860736313e-05 0.04699552 2.670456740069905e-05 0.1991196 0.0007697619684033873 455.55240000000003 0.06459758506502415 207752.8 58.53299924860845 0.5039688 0.0020234526414027176 
0.97 4.712160915387242e-09 0.540856 0.00011453733016740308 0.3374266 0.0011725323910218393 0.21449880000000002 5.2085621808846594e-05 0.046348520000000004 2.2006969804773165e-05 0.2011168 0.0002635813953970463 455.2166 0.06020538178403682 207447.0 54.97854126283861 0.5089499999999999 0.0018943427778565542 
0.96 0.0 0.5376166 5.506839389782301e-05 0.3362166 0.0014404930989075702 0.21298119999999998 2.405061331667753e-05 0.045695219999999995 9.085258394076466e-06 0.2005516 0.0008790409592285926 454.9504 0.03682347080956328 207204.6 33.9936464544123 0.5145622 0.0025815940873796846 
0.95 4.712160915387242e-09 0.5340244 5.639687943760975e-05 0.34197120000000003 0.0015257576583438883 0.211564 9.59303914306561e-05 0.04509404 4.048687293409353e-05 0.2029172 0.0009395133804266757 454.80499999999995 0.09094393882444386 207070.2 83.13333867288964 0.515088 0.0017151181416984584 
0.9399999999999998 4.712160915387242e-09 0.530693 7.5361528676818e-05 0.34273220000000004 0.001499353204551201 0.21002279999999995 7.408827170256096e-05 0.04444322 3.129695703974885e-05 0.2043742 0.0005810511440500411 454.46999999999997 0.048384295060159274 206763.2 44.137421758771985 0.5157033999999999 0.0028249120708472145 
0.93 0.0 0.5271854 5.359074543942928e-05 0.33938460000000004 0.0017236192062038457 0.20883020000000002 0.00010734855376647333 0.0439409 4.5820580529195006e-05 0.2048848 0.0011102608126019953 454.5688 0.14996516929585516 206852.4 136.71974254104006 0.5197934 0.0033892794349244617 
0.9200000000000002 6.664001874625056e-09 0.5236404 6.413398479895292e-05 0.344591 0.0005673721882520432 0.20715219999999998 8.671673426500107e-05 0.04324054000000001 3.610230574244897e-05 0.20563640000000002 0.0003526299590206726 454.30039999999997 0.08718008950665126 206606.8 79.75031035072902 0.5219995999999999 0.002609095990571978 
0.9099999999999999 6.664001874625056e-09 0.5203134 7.127445540568999e-05 0.3451392 0.0021855294717760512 0.2059056 5.862190717688306e-05 0.042726299999999995 2.538245063257573e-05 0.2083166 0.0009959058831036996 454.26099999999997 0.06879825582496367 206572.8 62.126580471144536 0.5310549999999999 0.0017771393642652844 
0.9 4.712160915387242e-09 0.5168406 5.496733576924494e-05 0.3452048 0.0009249639733541665 0.20424119999999996 7.456723142605713e-05 0.042041199999999994 3.049043128702864e-05 0.20910800000000002 0.0006925655492441194 453.9052 0.07086573219487183 206244.0 63.598742125925725 0.5236088 0.003696699429492072 
0.89 0.0 0.5134584 5.067591151206343e-05 0.34888260000000004 0.0017242569785250103 0.20281119999999997 6.745748292022838e-05 0.0414576 2.733181296595026e-05 0.21041239999999997 0.0014538197027154076 453.78239999999994 0.0685405574250273 206133.0 62.46086775422153 0.5312124 0.0035238475176966773 
0.8800000000000001 6.664001874625056e-09 0.509911 5.21750898426243e-05 0.3517896 0.0016050132610060655 0.2012116 4.2972177059493804e-05 0.0408096 1.769544574099429e-05 0.2117302 0.0007059429665342827 453.57259999999997 0.046940473066437644 205940.8 42.317277818322914 0.5328758 0.0011567056808070757 
0.8699999999999999 6.664001874625056e-09 0.5062946 5.4401911543408656e-05 0.3518076 0.0018477576377875747 0.19981279999999998 0.00014492905851018495 0.04024706 5.837139436408243e-05 0.2130972 0.0007003490215601042 453.44300000000004 0.13954984771050544 205824.2 127.1457116823314 0.5416552 0.0021928927999308083 
0.86 0.0 0.5027102 0.00010588499421813252 0.3554464 0.0010931497463734644 0.198254 7.999249963713703e-05 0.03962706 3.225497915099648e-05 0.21588059999999998 0.0008060510455315324 453.2608 0.11157361695975854 205657.0 101.5807068265901 0.5429652 0.00325862787565391 
0.85 0.0 0.4993732000000001 5.5219851404429917e-05 0.35579360000000004 0.0011279178196984584 0.1966504 0.00012831168302278626 0.03899206 5.087072714211322e-05 0.21721459999999998 0.0014473558401449777 453.1128 0.13464305405078408 205521.4 122.70439275263725 0.5460734 0.0035570987121504327 
0.8400000000000001 6.664001874625056e-09 0.49569720000000006 7.741700060520291e-05 0.35534999999999994 0.000621807044030174 0.19495980000000002 5.579491015132874e-05 0.038324519999999994 2.160002592768814e-05 0.21609760000000003 0.0005868210357492127 452.7876 0.05343452071646263 205225.2 47.93946180643891 0.5479032 0.002666535661115134 
0.8299999999999998 6.664001874625056e-09 0.492126 2.162036072363159e-05 0.3576804 0.0015498923472261814 0.19336419999999999 4.83432725537039e-05 0.037703219999999996 1.7036769649328665e-05 0.21756779999999995 0.001496417786583768 452.508 0.04273733732826202 204971.2 37.85382410684182 0.5539794 0.003680692810871442 
0.82 0.0 0.48866940000000003 4.1789568145192245e-05 0.36126199999999997 0.0011103533491684456 0.1918618 0.00010533238818256412 0.03712434 4.0837380915294826e-05 0.22003080000000003 0.0005610807713655882 452.44780000000003 0.11437880918595356 204916.0 104.59330762821467 0.5579154 0.003771586441804542 
0.8100000000000002 4.712160915387242e-09 0.48499300000000006 3.981657930727425e-05 0.36157779999999995 0.0017270015031849613 0.19024639999999998 5.987159594253569e-05 0.036505899999999994 2.3703653729960383e-05 0.22196559999999996 0.0007683673392351781 452.2518 0.05560028773948346 204736.8 50.74989655582803 0.5599586000000001 0.0026291884770728927 
0.8 0.0 0.48127879999999995 4.720203388983818e-05 0.35999939999999997 0.0014810401912175386 0.1887138 4.294964493302895e-05 0.03592136 1.607055941793771e-05 0.222078 0.0007683828733130259 452.11580000000004 0.06358515547217464 204611.6 57.0134019187774 0.5612839999999999 0.0021359935767742747 
0.79 0.0 0.47766839999999994 4.370409601680911e-05 0.36500879999999997 0.001404350879231258 0.1869472 3.8791132999600647e-05 0.03525874 1.563694599446098e-05 0.22564220000000001 0.0012626266083053852 451.9 0.07211268962077375 204417.0 65.45716155921862 0.5700824 0.0020173738889929715 
0.78 0.0 0.4740564 3.530507054121889e-05 0.3705366 0.0012897908233544299 0.18547560000000002 9.511449941318988e-05 0.034707339999999996 3.488846915674981e-05 0.22608260000000002 0.0012356827618770674 451.79800000000006 0.09530708258995985 204321.2 85.92992493247836 0.5666416 0.005459314276355121 
0.77 0.0 0.4702202 7.728668710369494e-05 0.3706578 0.0020684222857041967 0.18376359999999997 3.910969191164495e-05 0.0340726 1.4073947561351173e-05 0.2270498 0.0010292667836857153 451.6068 0.05270552149378176 204148.2 47.73208563326525 0.5739564 0.0028391156876750793 
0.76 0.0 0.4668138 7.696929251099762e-05 0.367046 0.0015937571207695175 0.18205759999999999 2.616654356479446e-05 0.03344606 8.760529666160321e-06 0.22821480000000002 0.0012801352553525804 451.2598 0.053811076891438 203832.8 47.42438191607847 0.5763697999999999 0.0039950367347523245 
0.75 0.0 0.46282700000000004 6.849525525052888e-05 0.3705282 0.0014558477777591623 0.1804036 7.207584892934734e-05 0.0328472 2.679858205229278e-05 0.23170839999999998 0.0011252588893234492 451.21579999999994 0.08605923547747249 203794.0 78.07329888886244 0.5859973999999999 0.0021593167549089644 
0.74 0.0 0.4593028 5.702869449809424e-05 0.36958080000000004 0.0013231812997423914 0.178761 3.0414470242876313e-05 0.03225316 1.1472178518632383e-05 0.2316938 0.0010767658018341945 451.08059999999995 0.06409031132367475 203670.2 57.86425492993227 0.5883984000000001 0.002198126886234846 
0.73 0.0 0.4554028 6.543051271404914e-05 0.3783756 0.0008314136202898735 0.177213 5.432126654258899e-05 0.03170314 1.925532861347335e-05 0.2357072 0.0002957901147753166 451.05039999999997 0.0798241066727716 203643.4 72.33676796887669 0.598314 0.004170841018306637 
0.72 0.0 0.45170459999999996 6.2564271036967e-05 0.3764528 0.0025420044752133076 0.1756726 8.334919315331991e-05 0.0311527 2.913838705277713e-05 0.2334358 0.0006873778233251303 451.0122 0.09395505309166538 203606.2 84.77046655060087 0.5979756 0.0018800629478754284 
0.71 0.0 0.4479712 7.846548282035019e-05 0.37793899999999997 0.000582478909490075 0.173645 2.8915048003857552e-05 0.030444699999999998 1.0145343760596096e-05 0.236938 0.0008096138832786553 450.58119999999997 0.03764720452519106 203217.2 33.93216762626423 0.6052525999999999 0.0029352844986519832 
0.7 0.0 0.4440328 8.570992944057938e-05 0.3808858 0.0027576076356149947 0.17198699999999997 4.936314416110122e-05 0.0298697 1.6329335564556037e-05 0.23884500000000003 0.0011617149736478881 450.45419999999996 0.0663019759259964 203100.4 59.73313988983529 0.606516 0.0033017237558564186 
0.69 0.0 0.44023520000000005 4.633564497554647e-05 0.382409 0.0014109041640013953 0.170383 0.00011231313369220979 0.0293209 3.718822394256698e-05 0.2424238 0.0011757987718985499 450.4768 0.14174721161908016 203121.2 127.24634375575019 0.6163369999999999 0.00233018672213273 
0.68 3.332000937312528e-09 0.4364224 6.740124628262099e-05 0.3814132 0.001969135107603456 0.168676 3.450681091731036e-05 0.02873714 1.2117181189674908e-05 0.24178899999999998 0.0009375758955960335 450.3098 0.0487929502391635 202967.4 43.47008167807639 0.614836 0.002254206290468591 
0.67 0.0 0.4326656000000001 4.4528283019718275e-05 0.38702939999999997 0.0014964046137352861 0.1669584 6.222192538672391e-05 0.0281577 2.189299431360908e-05 0.24297519999999997 0.0012672050315564742 450.1316 0.060045715924645936 202805.6 54.68352586006394 0.6205672 0.0044510223311051535 
0.66 3.332000937312528e-09 0.42874999999999996 5.30720265730068e-05 0.3888186 0.0011453050109024436 0.1651342 9.284628156352087e-05 0.027549659999999997 2.9976905778168946e-05 0.2445782 0.0008349429872753358 450.0374 0.12256348560266804 202719.0 109.96072026232982 0.6228194 0.002373513742954697 
0.65 0.0 0.42468720000000004 0.00010123453952052483 0.3865218 0.0017545293933120365 0.16345439999999997 5.115200877681188e-05 0.02699542 1.670694226960362e-05 0.24640840000000003 0.001021246634264023 450.0572 0.07825363885919713 202735.8 70.5676413191115 0.629224 0.0025123834261507184 
0.64 0.0 0.42093879999999995 8.154969042231403e-05 0.3937 0.0026119265992748347 0.16166740000000002 7.309971271147603e-05 0.026411840000000002 2.364359701823284e-05 0.24783919999999998 0.0002883315314059765 449.8406 0.11504037549985043 202538.4 103.64964062213932 0.6303554 0.0015715956884632802 
0.63 0.0 0.4170158 6.099140924745368e-05 0.3945996 0.001597220676049389 0.159937 8.02829994449935e-05 0.0258542 2.597159987373444e-05 0.2508326 0.0004854685654030981 449.7764 0.07273161617870648 202480.6 65.31437819705228 0.6412852 0.0010086477045982553 
0.62 0.0 0.41331619999999997 8.284366001781721e-05 0.39412820000000004 0.0009306329630941057 0.15792099999999998 6.330560797559868e-05 0.025210939999999998 2.0157968152478987e-05 0.2525924 0.0015517788656895328 449.351 0.10975609321481927 202098.2 98.8402347138604 0.6523924000000001 0.00541004502458024 
0.61 0.0 0.40911179999999997 5.341565319470407e-05 0.39836039999999995 0.0021149548950278774 0.15622439999999999 7.076078010567173e-05 0.024675959999999997 2.2454302037658084e-05 0.254838 0.0007297756367521808 449.4558 0.08415053178295732 202189.4 76.30549128259335 0.6531862 0.0035531908184033936 
0.6 0.0 0.40523620000000005 5.891037248422372e-05 0.39807279999999995 0.0014506092623485878 0.1546924 2.2030161127796246e-05 0.024196780000000005 6.730670097599618e-06 0.2563984 0.00047831191496803025 449.58639999999997 0.03721569564576934 202304.4 33.70531114784069 0.6541056000000001 0.002803097338299009 
0.59 0.0 0.4011946 7.065555885413378e-05 0.40486199999999994 0.0010429012992668172 0.152727 4.679829056698415e-05 0.023591800000000003 1.3002122902066354e-05 0.2599292 0.001656116648064889 449.42440000000005 0.0316500867056916 202158.6 28.72016712299484 0.6645116000000001 0.004862118695382282 
0.58 0.0 0.3970758 8.266530114347425e-05 0.4026174 0.0012115636376178426 0.1510406 8.325075375388062e-05 0.02307404 2.5097674792363206e-05 0.2589848 0.00041225656089212973 449.39759999999995 0.08006577302000985 202131.2 72.0368794404069 0.6629088 0.0015423864989047202 
0.57 0.0 0.3931058 2.826078546689351e-05 0.40795119999999996 0.0012579355277639414 0.1492502 2.3442525470476498e-05 0.02253772 6.98028079662275e-06 0.26483460000000003 0.0009082738177427727 449.43780000000004 0.041869702629061194 202166.8 38.0098934545632 0.6730604 0.0014893200220204219 
0.56 0.0 0.3889398 3.3338746193765054e-05 0.41144959999999997 0.0020222079536980995 0.147444 4.948777627512833e-05 0.021997499999999996 1.3657906137023527e-05 0.26519360000000003 0.001055826069010148 449.34939999999995 0.05130816706881868 202085.0 45.54294677126582 0.6755596 0.0037758532662155353 
0.55 0.0 0.3849156 7.845844756306422e-05 0.41125739999999994 0.0009184498941190554 0.1457848 4.772789542116695e-05 0.0215094 1.3285661443505825e-05 0.26829580000000003 0.000763478743645306 449.524 0.04242546409169294 202242.6 37.698381918426925 0.6913142000000001 0.0032698566011320055 
0.54 0.0 0.38077 5.5790321778794886e-05 0.409818 0.0009640740220536656 0.14394999999999997 8.110141800043688e-05 0.02097408 2.3952025384257813e-05 0.2692548 0.0021951700872592903 449.4922 0.0815300680351761 202212.2 73.14610036701455 0.6961044000000001 0.004413417184901522 
0.53 0.0 0.3765722 5.611588006027358e-05 0.41881219999999997 0.001371789354094071 0.1421842 0.00010151074819614779 0.020467579999999996 2.83801113466178e-05 0.27300800000000003 0.001255805749308136 449.63719999999995 0.09511567701206647 202341.0 85.18967073715672 0.7022354 0.0033961009714103415 
0.52 0.0 0.3724018 6.680622726108567e-05 0.41838319999999996 0.0007291633232757026 0.14029600000000003 9.138708879092387e-05 0.019930700000000003 2.5150395622947632e-05 0.27433420000000003 0.0010083332941033768 449.6192 0.10982509730962176 202323.4 98.94224578406059 0.7101132 0.0015726347166496368 
0.51 0.0 0.368332 6.242755794117761e-05 0.422338 0.0015068710097417835 0.13867480000000001 6.409954757830137e-05 0.01947504 1.8617767857524158e-05 0.275885 0.0018997791661130184 449.8038 0.06139928338323904 202488.4 55.277192410554434 0.7198646 0.004893006132021133 
0.5 0.0 0.36406599999999995 8.046862748621189e-05 0.4254544 0.001320159220698314 0.1368434 6.344358123332466e-05 0.0189678 1.7314086750653885e-05 0.27837239999999996 0.0011556493101307277 449.8486 0.060661421036752136 202523.4 54.27382427191429 0.7108123999999998 0.0027144494631641657 
0.49000000000000005 3.332000937312528e-09 0.3598476 2.527544256240916e-05 0.4296778 0.0006459360587571535 0.13510300000000003 9.102571064844168e-05 0.018493580000000003 2.552378341818521e-05 0.2829094 0.0012530211682173643 450.0512 0.08615214448242908 202706.6 77.83397714592292 0.7290211999999999 0.003212843430982515 
0.48 0.0 0.35540839999999996 6.641120388351238e-05 0.43179460000000003 0.0014704381279048442 0.13353600000000002 2.8116898822744816e-05 0.018068659999999997 7.91972726895294e-06 0.284117 0.0011796869754294606 450.4298 0.02838929382984027 203044.4 26.576079479266337 0.7282026 0.006781293349206428 
0.4699999999999999 2.356080457693621e-09 0.35118119999999997 0.00010455291487259165 0.4363104 0.0031406771193494333 0.13161799999999999 7.236131563226858e-05 0.01755688 1.93774177844445e-05 0.2862994 0.0013053498718745755 450.51779999999997 0.11818812126361573 203123.4 106.40962362579386 0.7400762000000001 0.00577276411712638 
0.4600000000000001 3.332000937312528e-09 0.3468732 3.3205300755433536e-05 0.4379746 0.0016336291035608736 0.1300076 6.47188380569215e-05 0.017135740000000003 1.5649628749197047e-05 0.29264460000000003 0.00222684139713518 450.8558 0.06362288899339891 203426.2 56.98027727996212 0.7482944 0.0034694565983729962 
0.45 2.356080457693621e-09 0.34233820000000004 5.1025797386102446e-05 0.44240019999999997 0.0015159730182314729 0.12844519999999998 9.269882416289852e-05 0.01672798 2.3060466604070617e-05 0.29412079999999996 0.0013470897638992595 451.29380000000003 0.08430819647014089 203818.8 75.56210691035832 0.7531156 0.0025131006283094426 
0.44000000000000006 3.332000937312528e-09 0.3380208 5.381776658226983e-05 0.4486504 0.0010475983810625605 0.12667820000000002 8.037183585526294e-05 0.016274900000000002 2.058057336387601e-05 0.29776480000000005 0.0008498278602121084 451.5258 0.04534789959121133 204028.4 41.317889597527326 0.7695946000000001 0.004110391111311705 
0.43 0.0 0.33341560000000003 4.3081875491345744e-05 0.4502922 0.001105094978724549 0.124976 5.689006943196683e-05 0.01584456 1.4755083191880566e-05 0.30212960000000005 0.0014935882859719518 451.98699999999997 0.07956582186644107 204442.2 71.55719390254583 0.7701632 0.0035188692092747802 
0.42000000000000004 3.332000937312528e-09 0.3289588 3.4452750280803605e-05 0.4529822 0.0010155382178934872 0.1233042 6.255583105956418e-05 0.015425600000000001 1.6054532070228966e-05 0.3040124 0.0009707986238129895 452.375 0.040711669031424376 204791.0 36.880347078225164 0.7804418 0.002514254583771202 
0.41 0.0 0.32438639999999996 3.7982732950584825e-05 0.4626886 0.0010946480201409346 0.12188999999999998 4.234997049488062e-05 0.015078599999999998 1.065112200717495e-05 0.31110720000000003 0.0011339954991085133 453.01980000000003 0.057482101501978904 205374.8 51.59255761583034 0.7954338 0.005241823617025735 
0.4 0.0 0.3197098 4.572299205313088e-05 0.4657189999999999 0.0017135173883025927 0.12032860000000001 5.0377455272710653e-05 0.014696700000000002 1.26584359219231e-05 0.3134254 0.0009457918417905562 453.64040000000006 0.056206476355200354 205935.4 51.003215598664056 0.8036478 0.002601495453001464 
0.39 0.0 0.3149872 4.853814991714515e-05 0.47627220000000003 0.0015489253151747381 0.1187484 7.840336727290809e-05 0.014316220000000001 1.8882211734695935e-05 0.31755279999999997 0.0011968918547656602 454.2398 0.09132465161425696 206477.4 82.95135924988696 0.8132452000000001 0.0023559994634911653 
0.38 0.0 0.3101584 1.9753683181769354e-05 0.48513199999999995 0.0017858606216627551 0.11729300000000001 8.768124086605642e-05 0.01397186 2.101176051654057e-05 0.32460459999999997 0.0014824400048588323 455.01980000000003 0.08713915303485517 207185.8 80.03119392676066 0.8244355999999999 0.005480828686251757 
0.37 0.0 0.3054324 3.7106980504650115e-05 0.48169140000000005 0.0011157710374419677 0.11572940000000001 5.2434034741670695e-05 0.01360468 1.2587307893493465e-05 0.3290806 0.001535148086667723 455.59219999999993 0.03170791714055625 207704.0 29.338029921840768 0.8293204 0.005075833981528363 
0.36 0.0 0.30042399999999997 4.136955403226993e-05 0.49643180000000003 0.002739670044366751 0.11440399999999999 3.684236692233036e-05 0.013297300000000001 8.845156866448742e-06 0.3344425999999999 0.0009741061379603777 456.5712 0.03909721218002343 208595.6 35.60179771427675 0.8428768 0.0026939787289375337 
0.35 0.0 0.29547739999999995 5.9096260530366206e-05 0.5037457999999999 0.0028726137143730178 0.11303960000000002 7.334008453363354e-05 0.01298416 1.656344408633974e-05 0.3393244 0.0022297299136887824 457.5004 0.10206217707884305 209443.4 93.77743865228514 0.8515649999999999 0.007512121394123146 
0.34 1.666000468656264e-09 0.2904298 1.1215703110542619e-05 0.5116136 0.0016006121478997263 0.11182600000000001 3.319518036840427e-05 0.012712119999999999 7.722610957709859e-06 0.3507934 0.001263549748924063 458.58540000000005 0.05745439925094052 210435.4 52.71174443521869 0.8643148 0.0019805673207448395 
0.33 1.666000468656264e-09 0.28514860000000003 6.828504960371302e-05 0.5268368000000001 0.0009701377799036269 0.11059060000000001 1.8333793917038053e-05 0.01243418 4.3737764003790755e-06 0.3559052 0.001126512544094482 459.79299999999995 0.045533284604560874 211542.8 41.94701420157633 0.8774919999999999 0.00586103289190648 
0.32 0.0 0.2799276 4.9055560329117046e-05 0.5349318000000001 0.0014008099200061176 0.10957639999999999 6.504496906305548e-05 0.01221062 1.4992942339649256e-05 0.366602 0.0019128651808217594 461.1 0.09589535959907042 212745.2 88.78306143449134 0.8924991999999999 0.0060548065561171534 
0.31 0.0 0.2745426 4.5705667043780885e-05 0.5477306000000001 0.0012821374216459439 0.1085138 5.8772374466962896e-05 0.011975860000000001 1.378473358439669e-05 0.3727672 0.0024914070466301556 462.49979999999994 0.062293113706772554 214036.2 58.149737745039694 0.907951 0.008017787974249081 
0.3 0.0 0.26899439999999997 5.7551090391017715e-05 0.5684312 0.001679022463222821 0.10764 3.170110408076582e-05 0.011786959999999999 6.2274617626149824e-06 0.38511059999999997 0.0016645335827199523 464.08779999999996 0.05304066373713123 215506.2 48.46887660351272 0.924212 0.007151958702341344 
0.29 0.0 0.2631904 2.059048329622448e-05 0.5760228000000001 0.0030904238596008065 0.106985 6.808112807836305e-05 0.01164708 1.4926684829439863e-05 0.3998628 0.0010327818511179432 465.9642 0.0626548641254013 217249.6 58.48049246772447 0.9420576 0.002431594186527354 
0.28 0.0 0.25737560000000004 4.2353370545757495e-05 0.595553 0.0030302221832747916 0.1062928 7.165160151480418e-05 0.0114977 1.5308794858001528e-05 0.41048239999999997 0.0018566855759676168 467.895 0.10032427421887517 219051.6 93.47881042761723 0.9594716000000002 0.005474256571254231 
0.27 0.0 0.25115300000000007 2.9707911265435952e-05 0.6145052 0.004377964051019705 0.10589280000000001 7.21456304928694e-05 0.01141202 1.5530470694620313e-05 0.4238824 0.0024279354950239775 470.1798 0.035945959413974514 221192.6 33.68156765313565 0.9736324 0.006077123237846571 
0.26 0.0 0.24510320000000002 4.102038514655304e-05 0.6349618 0.0022449743232387537 0.1056406 4.6122098824449936e-05 0.011362279999999999 9.56445084666886e-06 0.4482838 0.0008184567624485164 472.47299999999996 0.06092027581617099 223354.6 57.3247590477093 1.0055944 0.0023136197371021244 
0.25 0.0 0.238606 7.139355713081342e-05 0.6576356000000001 0.0006082000065577181 0.1056154 7.581588224162534e-05 0.01135564 1.6125745874105845e-05 0.4631982 0.0008892816606670509 475.16319999999996 0.0939201363378176 225901.2 89.46436162026794 1.018778 0.003038406687721708 
0.24 0.0 0.2318734 2.748905236141074e-05 0.6873269999999999 0.0017017433178986407 0.1058858 7.795968188745932e-05 0.01141648 1.6933857209802454e-05 0.4911824 0.001889068650949958 478.111 0.0631677132151157 228711.4 60.647572085599016 1.0540220000000002 0.005924064415576354 
0.23000000000000004 1.666000468656264e-09 0.22477039999999998 3.8573151306244286e-05 0.7212576 0.003044409257638184 0.1065836 7.731680283245766e-05 0.011567939999999999 1.5950964861277827e-05 0.5204626 0.002678374097846547 481.4964 0.059983731099676876 231958.6 57.27100488723291 1.0806859999999998 0.005521724803005875 
0.22000000000000003 1.666000468656264e-09 0.217353 2.8680306819847713e-05 0.7545838 0.006141523292471907 0.1077548 0.00011977191657517787 0.011821960000000001 2.5848274216961228e-05 0.5520428000000001 0.0012788197496054006 485.4014 0.11777830020946595 235733.2 114.07415132058496 1.110378 0.005301341264245017 
0.21000000000000002 1.666000468656264e-09 0.2096838 2.4898835303257567e-05 0.7894979999999999 0.0026605967300632354 0.1090994 8.217960817674308e-05 0.0121195 1.7801999887512717e-05 0.5945933999999999 0.0027914422738115584 489.38599999999997 0.07293394273821338 239617.2 71.64936844946047 1.1513060000000002 0.005833794374155518 
0.2 0.0 0.20163539999999996 4.793128416117571e-05 0.8395952000000001 0.005449964523918393 0.11105380000000001 3.5133345975473745e-05 0.01255612 7.59680985661567e-06 0.642765 0.0025549834911403712 493.9862000000001 0.02731212155517878 244140.6 27.43807572649281 1.194034 0.005767983079031378 
0.19 0.0 0.1928774 1.4457109018889752e-05 0.8925838 0.0024035174457420513 0.11423699999999999 4.2660520400151826e-05 0.01328224 9.502530189069671e-06 0.7037492 0.004351824871478523 499.65240000000006 0.03591835171703829 249771.2 36.14791833732712 1.253164 0.011381490447216104 
0.18 0.0 0.18375979999999997 3.4491042353478505e-05 0.9443328 0.005397830559772039 0.11801919999999999 4.650453741852283e-05 0.01417272 1.284203722175574e-05 0.7813608000000001 0.006458729728976595 505.70919999999995 0.05811808678518341 255859.8 58.49129850441364 1.296878 0.009449704080024494 
0.17 8.33000234328132e-10 0.1739338 6.305324734370763e-05 1.0170477999999998 0.00554098639883408 0.12330300000000001 0.00014641529974426473 0.01546982 3.712707260204512e-05 0.9015226000000001 0.004797713143567844 512.8578 0.09655647054104737 263144.8 99.5386960028768 1.397184 0.007940195765851168 
0.16 0.0 0.1632558 3.800357876855861e-05 1.10293 0.006901950448966049 0.1304606 0.00012364355219540054 0.01730682 3.2704561149893205e-05 1.0326080000000002 0.0037591588420700472 521.2466000000001 0.09561698592633655 271820.4 99.92341065754572 1.4688240000000001 0.010849811648131388 
0.15 0.0 0.15168339999999997 4.891020345314394e-05 1.210646 0.00503623557828599 0.1401186 0.00014864631848570954 0.019953920000000003 4.31549895143418e-05 1.23125 0.007896419948307577 531.1494 0.10391442631518066 282246.8 110.89072099122235 1.5907559999999998 0.007840631913313394 
0.14 0.0 0.138983 3.0001333317198677e-05 1.339438 0.004865724529814785 0.15373579999999998 0.0001822533182185547 0.024010540000000004 5.5098998901771425e-05 1.5452980000000003 0.009827590711863902 543.2 0.0966486419817493 295202.0 104.51220024475612 1.7862299999999998 0.011295196501174165 
0.13 0.0 0.124655 5.81178113828301e-05 1.531766 0.006374947591940867 0.1739388 0.0003425419565526191 0.03072724 0.00011811972773423133 2.090978 0.009504798956329339 558.5799999999999 0.18415580363439413 312161.8 205.513289114265 2.066142 0.008002488812857735 
0.12 0.0 0.1080444 6.522612973453255e-05 1.861252 0.012498406106385388 0.2055726 0.00027289244767878223 0.042897840000000007 0.00011855483659408795 3.0593759999999994 0.04114987762801431 579.0238000000002 0.13238229475675684 335444.0 154.9275959944204 2.5280600000000004 0.029155032498690364 
0.11000000000000001 8.33000234328132e-10 0.08616834 6.14538434945408e-05 2.76494 0.013675999707513584 0.266581 0.00027945761753701257 0.0722194 0.00014980339381938566 6.040828 0.02766231897728999 611.6698 0.1325652744749207 374394.6 162.72838720681062 3.78523 0.01908996972234972 
0.1 0.0 -0.01845076 0.00021771520222529117 8.425880000000001 0.11250655650226285 0.7234204 0.0008589241922496599 0.5255091999999999 0.0012155545697430069 12.49142 0.20537270003580507 785.3194 0.2734278113913685 616941.2 426.7303973316594 2.726114 0.04877703161119812 
0.09 0.0 -0.06511299999999999 5.29493418299468e-05 3.285644 0.03636242792773882 0.8618852 0.00014886165389842664 0.7432529999999999 0.0002536862629264831 2.6013319999999998 0.02730704852598296 823.2916000000001 0.04710125212994995 677845.2 77.25407443366053 0.48714399999999997 0.0048383828703407955 
0.08 0.0 -0.09300652000000001 2.5809632305987242e-05 2.4170680000000004 0.010939456074214284 0.922883 7.703921060469699e-05 0.8518902 0.0001415218427648838 1.275748 0.005541693170857274 837.8216 0.019276099744619243 701964.6 32.26837476932958 0.2891762 0.001226198039469629 
0.07 0.0 -0.1142976 1.0270735138212796e-05 1.90652 0.011812365385477587 0.9597502 2.5594374316379344e-05 0.9212022 4.915884473201382e-05 0.6719714 0.004265669828760177 846.3186 0.008131913913716232 716268.2 13.692041822801437 0.22195660000000003 0.001155463356406204 
0.06 0.0 -0.13133820000000002 9.593330948558415e-06 1.5219980000000002 0.010318482601613988 0.9820376 1.6827597046625857e-05 0.9644315999999999 3.2983147913955666e-05 0.32202000000000003 0.0019861394714351848 851.7575999999999 0.00782611227286529 725500.6 13.286384117949003 0.1894864 0.0003601218238333214 
0.05 0.0 -0.145188 9.389355645600139e-06 1.258616 0.006680171015778197 0.9938819999999999 7.797437507025442e-06 0.9878121999999999 1.5664994095797993e-05 0.12563000000000002 0.00021976751352056307 855.2779999999999 0.002952964027750607 731508.4 5.242898843316548 0.1768994 0.0009011626978511604 
0.04 0.0 -0.156866 4.445222141395013e-06 1.095768 0.0035392760841735926 0.9987503999999999 2.6623417266564157e-06 0.9975048 5.256615621575172e-06 0.03164546 0.00011964013574063012 857.6629999999999 0.009629124093444776 735591.8 16.44238394351907 0.1697842 0.0007454321377562728 
0.03 0.0 -0.1673376 2.7942797615725026e-06 1.013884 0.0027453649666317093 0.999905 1.854718747648835e-06 0.9998094 3.7373823373125727e-06 0.00318932 6.344388210064395e-05 859.4663999999999 0.0065458408855700815 738686.6 11.287515573078958 0.168865 0.0002747374018964131 
0.02 0.0 -0.177446 2.4819347871441104e-06 1.0148899999999998 0.004293318529998406 0.9999993999999999 2.1915348056849172e-07 0.9999986 2.191028151001072e-07 2.950244e-05 4.968211993673378e-06 861.1218000000001 0.002551856270083012 741533.4 4.210460606112471 0.1681644 0.0006359075152885849 
0.01 0.0 -0.187492 8.485275837427707e-07 0.9976034 0.005537331115977614 1.0 0.0 1.0 0.0 0.0 0.0 862.7436000000001 0.0023765484364285955 744328.0 4.089009062986716 0.1674024 0.0004828865373967794 
