3 -2.08583 1.01555 1 1 0 1255.2 1.57554e+06 0.132356
2.99 -2.07583 1.01328 1 1 0 1255.16 1.57544e+06 0.135831
2.98 -2.06579 1.00235 1 1 0 1255.19 1.57551e+06 0.134239
2.97 -2.0558 1.00489 1 1 0 1255.2 1.57553e+06 0.133048
2.96 -2.04578 1.00098 1 1 0 1255.18 1.57548e+06 0.135
2.95 -2.03583 1.01554 1 1 0 1255.23 1.5756e+06 0.134102
2.94 -2.02582 1.00789 1 1 0 1255.17 1.57545e+06 0.134157
2.93 -2.0158 1.01307 1 1 0 1255.18 1.57549e+06 0.133297
2.92 -2.0058 1.01385 1 1 0 1255.17 1.57547e+06 0.131663
2.91 -1.99579 1.0261 1 1 0 1255.15 1.57542e+06 0.134438
2.9 -1.9858 1.02507 1 1 0 1255.21 1.57556e+06 0.13337
2.89 -1.9758 1.01333 1 1 0 1255.19 1.57551e+06 0.132516
2.88 -1.9658 1.00485 1 1 0 1255.18 1.57549e+06 0.132678
2.87 -1.95579 1.00831 1 1 0 1255.21 1.57556e+06 0.135064
2.86 -1.94576 1.01105 1 1 0 1255.19 1.57551e+06 0.135146
2.85 -1.9358 1.01347 1 1 0 1255.2 1.57554e+06 0.135419
2.84 -1.9258 1.01547 1 1 0 1255.17 1.57547e+06 0.134645
2.83 -1.91581 0.992505 1 1 0 1255.18 1.57548e+06 0.131847
2.82 -1.9058 1.02184 1 1 0 1255.19 1.57552e+06 0.1352
2.81 -1.89582 1.02229 1 1 0 1255.2 1.57553e+06 0.134946
2.8 -1.8858 1.00998 1 1 0 1255.17 1.57546e+06 0.135081
2.79 -1.87582 1.00376 1 1 0 1255.18 1.57549e+06 0.136021
2.78 -1.8658 0.99977 1 1 0 1255.18 1.57549e+06 0.134979
2.77 -1.85579 0.986199 1 1 0 1255.21 1.57556e+06 0.132485
2.76 -1.84579 1.01903 1 1 0 1255.19 1.57552e+06 0.13365
2.75 -1.83578 1.00112 1 1 0 1255.2 1.57554e+06 0.13437
2.74 -1.82581 1.01215 1 1 0 1255.18 1.57548e+06 0.132777
2.73 -1.81583 1.00989 1 1 0 1255.22 1.57558e+06 0.131422
2.72 -1.80579 1.01417 1 1 0 1255.19 1.57552e+06 0.133284
2.71 -1.79581 1.01757 1 1 0 1255.16 1.57544e+06 0.135204
2.7 -1.78578 1.01145 1 1 0 1255.22 1.57559e+06 0.135461
2.69 -1.77578 0.996348 1 1 0 1255.14 1.57539e+06 0.134344
2.68 -1.76581 1.00361 1 1 0 1255.19 1.57552e+06 0.135848
2.67 -1.75582 0.972178 1 1 0 1255.2 1.57553e+06 0.133418
2.66 -1.74582 1.01503 1 1 0 1255.2 1.57553e+06 0.134028
2.65 -1.73578 0.999852 1 1 0 1255.21 1.57556e+06 0.136149
2.64 -1.72579 1.00832 1 1 0 1255.17 1.57547e+06 0.134294
2.63 -1.71582 1.01016 1 1 0 1255.21 1.57556e+06 0.134622
2.62 -1.70581 1.00491 1 1 0 1255.24 1.57564e+06 0.133086
2.61 -1.6958 1.02125 1 1 0 1255.19 1.57551e+06 0.133697
2.6 -1.68579 1.01447 1 1 0 1255.19 1.5755e+06 0.134528
2.59 -1.67583 1.01033 1 1 0 1255.23 1.57561e+06 0.131803
2.58 -1.6658 1.00349 1 1 0 1255.15 1.57542e+06 0.133888
2.57 -1.65579 0.994058 1 1 0 1255.19 1.57551e+06 0.13499
2.56 -1.64579 1.00807 1 1 0 1255.18 1.57548e+06 0.135132
2.55 -1.63582 1.00601 1 1 0 1255.21 1.57556e+06 0.134913
2.54 -1.62577 1.00179 1 1 0 1255.2 1.57553e+06 0.133854
2.53 -1.61579 1.00024 1 1 0 1255.19 1.5755e+06 0.135653
2.52 -1.60583 1.00762 1 1 0 1255.22 1.57558e+06 0.13301
2.51 -1.59581 0.992664 1 1 0 1255.22 1.57558e+06 0.133993
2.5 -1.58578 1.00881 1 1 0 1255.16 1.57545e+06 0.132685
2.49 -1.57579 1.01532 1 1 0 1255.21 1.57556e+06 0.133113
2.48 -1.56581 0.996977 1 1 0 1255.18 1.5755e+06 0.135199
2.47 -1.5558 1.00262 1 1 0 1255.18 1.57548e+06 0.134805
2.46 -1.54579 1.02137 1 1 0 1255.21 1.57557e+06 0.134915
2.45 -1.5358 1.01725 1 1 0 1255.21 1.57557e+06 0.132534
2.44 -1.52582 1.00565 1 1 0 1255.2 1.57554e+06 0.132137
2.43 -1.51582 0.982917 1 1 0 1255.19 1.5755e+06 0.134052
2.42 -1.50582 0.998638 1 1 0 1255.22 1.57558e+06 0.133433
2.41 -1.49581 1.01043 1 1 0 1255.17 1.57545e+06 0.133085
2.4 -1.4858 1.01116 1 1 0 1255.18 1.57548e+06 0.13289
2.39 -1.47579 1.01247 1 1 0 1255.17 1.57545e+06 0.13361
2.38 -1.46581 1.02325 1 1 0 1255.18 1.57549e+06 0.134724
2.37 -1.45581 0.999899 1 1 0 1255.21 1.57556e+06 0.133037
2.36 -1.4458 1.02478 1 1 0 1255.2 1.57554e+06 0.134121
2.35 -1.43581 1.00702 1 1 0 1255.2 1.57554e+06 0.134419
2.34 -1.42578 1.00178 1 1 0 1255.18 1.5755e+06 0.134139
2.33 -1.41579 1.00125 1 1 0 1255.21 1.57555e+06 0.135949
2.32 -1.40582 1.01306 1 1 0 1255.14 1.57538e+06 0.134415
2.31 -1.39581 1.01467 1 1 0 1255.21 1.57555e+06 0.131068
2.3 -1.3858 1.01081 1 1 0 1255.18 1.57548e+06 0.132944
2.29 -1.37581 0.99373 1 1 0 1255.19 1.57552e+06 0.134019
2.28 -1.3658 1.03097 1 1 0 1255.2 1.57554e+06 0.134366
2.27 -1.3558 1.02449 1 1 0 1255.18 1.57548e+06 0.134394
2.26 -1.34578 1.0263 1 1 0 1255.17 1.57546e+06 0.135763
2.25 -1.3358 1.00925 1 1 0 1255.2 1.57553e+06 0.133314
2.24 -1.32579 0.999104 1 1 0 1255.17 1.57547e+06 0.135259
2.23 -1.3158 1.01772 1 1 0 1255.18 1.57548e+06 0.136688
2.22 -1.3058 0.997549 1 1 0 1255.18 1.57548e+06 0.134269
2.21 -1.29579 1.01189 1 1 0 1255.2 1.57553e+06 0.134011
2.2 -1.28582 0.994672 1 1 0 1255.19 1.5755e+06 0.131976
2.19 -1.27583 1.0075 1 1 0 1255.19 1.5755e+06 0.135078
2.18 -1.26579 1.0134 1 1 0 1255.23 1.57561e+06 0.135362
2.17 -1.2558 0.997942 1 1 0 1255.21 1.57556e+06 0.133962
2.16 -1.24579 1.00439 1 1 0 1255.16 1.57543e+06 0.133668
2.15 -1.23581 0.997754 1 1 0 1255.22 1.57558e+06 0.135863
2.14 -1.22582 0.997254 1 1 0 1255.17 1.57546e+06 0.13504
2.13 -1.21578 1.01244 1 1 0 1255.22 1.57558e+06 0.134195
2.12 -1.2058 1.01273 1 1 0 1255.2 1.57553e+06 0.134563
2.11 -1.19579 1.00931 1 1 0 1255.19 1.57552e+06 0.134677
2.1 -1.1858 1.00806 1 1 0 1255.17 1.57545e+06 0.133438
2.09 -1.17582 1.00132 1 1 0 1255.15 1.5754e+06 0.136346
2.08 -1.16583 0.997532 1 1 0 1255.19 1.57551e+06 0.133795
2.07 -1.15582 1.00563 1 1 0 1255.16 1.57544e+06 0.134816
2.06 -1.14578 1.00774 1 1 0 1255.18 1.57549e+06 0.136352
2.05 -1.13581 1.00599 1 1 0 1255.21 1.57555e+06 0.132978
2.04 -1.12578 1.02371 1 1 0 1255.21 1.57556e+06 0.135446
2.03 -1.11584 1.01855 1 1 0 1255.2 1.57554e+06 0.133094
2.02 -1.10581 1.00811 1 1 0 1255.17 1.57546e+06 0.132312
2.01 -1.0958 1.02189 1 1 0 1255.2 1.57553e+06 0.135065
2 -1.0858 1.00745 1 1 0 1255.18 1.57548e+06 0.134469
1.99 -1.07579 0.985435 1 1 0 1255.16 1.57543e+06 0.134812
1.98 -1.06581 1.00867 1 1 0 1255.19 1.57552e+06 0.135243
1.97 -1.05582 1.01034 1 1 0 1255.18 1.57549e+06 0.134473
1.96 -1.04578 1.01241 1 1 0 1255.21 1.57556e+06 0.132937
1.95 -1.03581 1.01861 1 1 0 1255.19 1.57551e+06 0.133419
1.94 -1.02578 1.00784 1 1 0 1255.17 1.57546e+06 0.136411
1.93 -1.01581 0.99237 1 1 0 1255.15 1.5754e+06 0.133972
1.92 -1.00581 1.00547 1 1 0 1255.18 1.57548e+06 0.135887
1.91 -0.995801 1.0132 1 1 0 1255.18 1.57549e+06 0.132829
1.9 -0.985827 1.00034 1 1 0 1255.17 1.57546e+06 0.134331
1.89 -0.975793 1.01078 1 1 0 1255.19 1.5755e+06 0.132759
1.88 -0.965783 1.00801 1 1 0 1255.2 1.57552e+06 0.133531
1.87 -0.955789 1.00912 1 1 0 1255.2 1.57552e+06 0.133108
1.86 -0.9458 1.00314 1 1 0 1255.21 1.57556e+06 0.133791
1.85 -0.935816 1.01157 1 1 0 1255.2 1.57555e+06 0.134144
1.84 -0.925804 1.0099 1 1 0 1255.2 1.57552e+06 0.134211
1.83 -0.91578 1.00256 1 1 0 1255.18 1.57549e+06 0.137313
1.82 -0.905797 1.01662 1 1 0 1255.18 1.57548e+06 0.134684
1.81 -0.895771 1.00582 1 1 0 1255.18 1.57548e+06 0.131217
1.8 -0.885832 0.996466 1 1 0 1255.19 1.57552e+06 0.133473
1.79 -0.875802 0.996755 1 1 0 1255.18 1.57548e+06 0.135361
1.78 -0.865813 1.01121 1 1 0 1255.17 1.57547e+06 0.134427
1.77 -0.855776 1.02594 1 1 0 1255.17 1.57546e+06 0.13231
1.76 -0.845789 1.0188 1 1 0 1255.18 1.57549e+06 0.134209
1.75 -0.835783 1.00183 1 1 0 1255.23 1.57561e+06 0.133997
1.74 -0.825799 1.00498 1 1 0 1255.18 1.57548e+06 0.132942
1.73 -0.815804 0.996495 1 1 0 1255.21 1.57555e+06 0.134367
1.72 -0.80579 1.00745 1 1 0 1255.17 1.57547e+06 0.13373
1.71 -0.795826 1.01768 1 1 0 1255.2 1.57552e+06 0.135483
1.7 -0.785816 1.01674 1 1 0 1255.19 1.5755e+06 0.133655
1.69 -0.775785 1.01138 1 1 0 1255.18 1.57549e+06 0.133488
1.68 -0.765817 1.00633 1 1 0 1255.18 1.57549e+06 0.130362
1.67 -0.755794 0.995143 1 1 0 1255.21 1.57555e+06 0.135792
1.66 -0.745789 1.01047 1 1 0 1255.18 1.57549e+06 0.132186
1.65 -0.735806 1.00328 1 1 0 1255.22 1.57558e+06 0.134435
1.64 -0.725831 1.02622 1 1 0 1255.16 1.57543e+06 0.132838
1.63 -0.715791 1.02688 1 1 0 1255.21 1.57557e+06 0.13321
1.62 -0.705782 1.01369 1 1 0 1255.18 1.57549e+06 0.135097
1.61 -0.695795 1.00073 1 1 0 1255.21 1.57556e+06 0.134128
1.6 -0.685788 1.0016 1 1 0 1255.2 1.57553e+06 0.136448
1.59 -0.675775 1.00555 1 1 0 1255.16 1.57544e+06 0.134798
1.58 -0.665819 1.00868 1 1 0 1255.16 1.57545e+06 0.132711
1.57 -0.655794 1.00471 1 1 0 1255.2 1.57553e+06 0.1347
1.56 -0.645813 1.01691 1 1 0 1255.21 1.57555e+06 0.135012
1.55 -0.635807 1.00623 1 1 0 1255.19 1.57552e+06 0.135055
1.54 -0.625793 1.01366 1 1 0 1255.19 1.57551e+06 0.13485
1.53 -0.615814 1.01878 1 1 0 1255.22 1.57558e+06 0.133692
1.52 -0.605816 1.01103 1 1 0 1255.2 1.57554e+06 0.135368
1.51 -0.595779 1.02699 1 1 0 1255.18 1.57549e+06 0.134491
1.5 -0.585781 0.990539 1 1 0 1255.22 1.57559e+06 0.134687
1.49 -0.575799 1.01857 1 1 0 1255.18 1.57549e+06 0.134226
1.48 -0.565807 1.00859 1 1 0 1255.2 1.57555e+06 0.13199
1.47 -0.555805 1.01622 1 1 0 1255.18 1.5755e+06 0.131785
1.46 -0.545824 1.0059 1 1 0 1255.18 1.57549e+06 0.133873
1.45 -0.535803 1.01616 1 1 0 1255.18 1.57549e+06 0.132163
1.44 -0.525788 1.00423 1 1 0 1255.19 1.5755e+06 0.135032
1.43 -0.515835 1.00991 1 1 0 1255.2 1.57552e+06 0.133991
1.42 -0.505783 1.04358 1 1 0 1255.22 1.57559e+06 0.133132
1.41 -0.495813 1.00664 1 1 0 1255.18 1.57549e+06 0.132641
1.4 -0.485828 0.993216 1 1 0 1255.2 1.57554e+06 0.133316
1.39 -0.475809 1.01567 1 1 0 1255.2 1.57553e+06 0.133215
1.38 -0.465775 1.00438 1 1 0 1255.17 1.57545e+06 0.134898
1.37 -0.455784 1.00041 1 1 0 1255.16 1.57543e+06 0.134722
1.36 -0.445793 0.99421 1 1 0 1255.19 1.57552e+06 0.134507
1.35 -0.435817 1.00154 1 1 0 1255.2 1.57554e+06 0.13415
1.34 -0.425797 1.00957 1 1 0 1255.2 1.57553e+06 0.13759
1.33 -0.415797 1.02456 1 1 0 1255.19 1.57551e+06 0.132741
1.32 -0.40579 1.01535 1 1 0 1255.15 1.57542e+06 0.133717
1.31 -0.395776 1.01039 1 1 0 1255.19 1.5755e+06 0.132267
1.3 -0.385822 1.0054 1 1 0 1255.18 1.57549e+06 0.137436
1.29 -0.375781 1.00714 1 1 1.73602e-06 1255.23 1.57561e+06 0.133943
1.28 -0.3658 1.00858 1 1 1.73602e-06 1255.17 1.57547e+06 0.135522
1.27 -0.355832 0.999376 1 1 0 1255.17 1.57546e+06 0.133312
1.26 -0.345808 0.997448 1 1 1.73602e-06 1255.21 1.57555e+06 0.134655
1.25 -0.335829 1.01189 1 1 0 1255.19 1.5755e+06 0.136498
1.24 -0.325813 1.00356 1 1 0 1255.23 1.5756e+06 0.131525
1.23 -0.315814 0.998728 1 1 0 1255.18 1.57548e+06 0.13573
1.22 -0.305796 1.01166 1 1 0 1255.18 1.5755e+06 0.136578
1.21 -0.295799 1.01466 1 1 1.73602e-06 1255.19 1.5755e+06 0.133052
1.2 -0.28579 0.991888 1 1 0 1255.18 1.57549e+06 0.135194
1.19 -0.275831 1.02486 1 1 1.73602e-06 1255.21 1.57556e+06 0.136063
1.18 -0.265802 1.00502 1 1 1.73602e-06 1255.16 1.57543e+06 0.134791
1.17 -0.255823 1.00446 1 1 0 1255.15 1.57542e+06 0.135105
1.16 -0.245813 1.00451 1 0.999999 6.94305e-06 1255.2 1.57554e+06 0.13412
1.15 -0.235802 1.01205 1 1 0 1255.17 1.57545e+06 0.130771
1.14 -0.225801 1.00315 1 0.999999 5.20755e-06 1255.19 1.57551e+06 0.132996
1.13 -0.215766 0.997274 1 0.999999 5.20755e-06 1255.2 1.57553e+06 0.136299
1.12 -0.205804 1.00533 0.999999 0.999999 1.38833e-05 1255.21 1.57555e+06 0.131264
1.11 -0.1958 1.00751 1 0.999999 8.67839e-06 1255.2 1.57554e+06 0.133775
1.1 -0.185793 1.02763 1 0.999999 6.94305e-06 1255.21 1.57557e+06 0.133544
1.09 -0.1758 1.00363 0.999999 0.999998 1.73524e-05 1255.22 1.57558e+06 0.135754
1.08 -0.1658 0.99374 0.999999 0.999998 2.25548e-05 1255.18 1.57549e+06 0.134193
1.07 -0.155806 1.01171 0.999999 0.999998 1.73524e-05 1255.16 1.57544e+06 0.135111
1.06 -0.145803 1.01053 0.999998 0.999997 3.12219e-05 1255.22 1.57559e+06 0.13263
1.05 -0.135847 0.995207 0.999999 0.999997 2.94888e-05 1255.2 1.57554e+06 0.132955
1.04 -0.125772 1.02005 0.999998 0.999996 4.16167e-05 1255.2 1.57553e+06 0.133946
1.03 -0.115769 1.00815 0.999998 0.999996 4.33485e-05 1255.2 1.57555e+06 0.132242
1.02 -0.105796 0.989734 0.999997 0.999994 5.54667e-05 1255.23 1.57562e+06 0.134274
1.01 -0.095809 1.00953 0.999997 0.999994 5.54667e-05 1255.18 1.57548e+06 0.137088
1 -0.0858166 0.994962 0.999996 0.999992 8.31333e-05 1255.15 1.57541e+06 0.13277
0.99 -0.0758081 1.02381 0.999995 0.99999 9.52235e-05 1255.22 1.5756e+06 0.133075
0.98 -0.0658168 1.00187 0.999994 0.999988 0.000122826 1255.18 1.57547e+06 0.133378
0.97 -0.055806 1.01474 0.999992 0.999983 0.000171058 1255.2 1.57555e+06 0.134199
0.96 -0.0457951 1.01364 0.99999 0.99998 0.000201937 1255.22 1.57559e+06 0.13347
0.95 -0.0358035 1.00869 0.999988 0.999976 0.00023793 1255.18 1.57548e+06 0.133861
0.94 -0.0258079 1.01753 0.999988 0.999977 0.000232793 1255.18 1.57549e+06 0.133835
0.93 -0.0157909 1.01724 0.999984 0.999968 0.00031821 1255.17 1.57547e+06 0.13346
0.92 -0.00579159 1.02291 0.999979 0.999958 0.000422 1255.18 1.57548e+06 0.13263
0.91 0.00421551 1.01773 0.999975 0.99995 0.000497958 1255.16 1.57543e+06 0.132259
0.9 0.0142213 1.01847 0.999967 0.999934 0.000652462 1255.16 1.57543e+06 0.133091
0.89 0.024232 1.01644 0.999959 0.999919 0.000809194 1255.17 1.57546e+06 0.133935
0.88 0.0342027 0.998479 0.999953 0.999907 0.000938323 1255.19 1.57551e+06 0.131344
0.87 0.0441986 0.998618 0.999943 0.999887 0.00111403 1255.14 1.57538e+06 0.13672
0.86 0.0542499 1.02049 0.999927 0.999854 0.00147535 1255.18 1.57548e+06 0.135077
0.85 0.0642312 1.01773 0.999914 0.999829 0.00172116 1255.17 1.57547e+06 0.133363
0.84 0.0742361 1.01989 0.999897 0.999794 0.00204027 1255.13 1.57536e+06 0.134871
0.83 0.0842597 1.02175 0.999875 0.999751 0.00249312 1255.12 1.57534e+06 0.133909
0.82 0.0942602 1.02687 0.999845 0.99969 0.00312322 1255.12 1.57534e+06 0.135314
0.81 0.104291 1.00992 0.999798 0.999596 0.00406774 1255.11 1.57531e+06 0.13536
0.8 0.1143 1.03145 0.999771 0.999543 0.00467461 1255.12 1.57534e+06 0.132943
0.79 0.124324 1.04722 0.999709 0.999419 0.00592166 1255.12 1.57533e+06 0.135575
0.78 0.134354 1.04193 0.999657 0.999315 0.00692371 1255.11 1.57531e+06 0.135048
0.77 0.144386 1.04265 0.999578 0.999157 0.00838719 1255.06 1.57518e+06 0.134063
0.76 0.154436 1.05707 0.999462 0.998925 0.0110334 1255.02 1.57508e+06 0.135408
0.75 0.16448 1.04804 0.999365 0.998732 0.0129978 1255.01 1.57506e+06 0.137926
0.74 0.174527 1.06445 0.999222 0.998446 0.016153 1254.93 1.57487e+06 0.13607
0.73 0.184577 1.08287 0.999017 0.998037 0.0211365 1254.86 1.57468e+06 0.139474
0.72 0.194667 1.0877 0.998791 0.997585 0.0258329 1254.84 1.57463e+06 0.137913
0.71 0.204815 1.1267 0.998479 0.996963 0.0331753 1254.65 1.57416e+06 0.139374
0.7 0.214903 1.13596 0.998119 0.996245 0.041871 1254.58 1.57398e+06 0.141735
0.69 0.225031 1.13787 0.997671 0.995351 0.0524638 1254.44 1.57363e+06 0.142161
0.68 0.0531384 1.12088 0 0 0 541.411 293146 0.722479
0.67 0.0531202 1.15396 0 0 0 541.429 293165 0.72079
0.66 0.0531211 1.13796 0 0 0 541.448 293185 0.71257
0.65 0.0530938 1.13898 0 0 0 541.431 293167 0.72138
0.64 0.0531695 1.14981 3.47222e-07 6.02816e-10 6.94306e-06 541.368 293099 0.729611
0.63 0.0530977 1.15499 0 0 0 541.517 293260 0.70761
0.62 0.0531333 1.14375 0 0 0 541.418 293153 0.716952
0.61 0.0531178 1.14356 0 0 0 541.405 293139 0.718519
0.6 0.0531259 1.14813 0 0 0 541.447 293184 0.728811
0.59 0.053134 1.13464 0 0 0 541.411 293145 0.714715
0.58 0.0530931 1.12866 0 0 0 541.43 293166 0.735149
0.57 0.0531379 1.14013 0 0 0 541.376 293107 0.707308
0.56 0.0531079 1.14018 0 0 0 541.463 293202 0.722203
0.55 0.0531262 1.12489 0 0 0 541.434 293170 0.721521
0.54 0.0531432 1.14543 0 0 0 541.39 293123 0.724771
0.53 0.0531235 1.15478 0 0 0 541.473 293212 0.715939
0.52 0.0531127 1.12255 0 0 0 541.407 293141 0.714853
0.51 0.0531268 1.16365 0 0 0 541.422 293157 0.717019
0.5 0.0531316 1.14515 0 0 0 541.429 293166 0.734214
0.49 0.0531086 1.12096 0 0 0 541.45 293188 0.717369
0.48 0.0530886 1.14598 0 0 0 541.515 293258 0.7163
0.47 0.0530887 1.14262 0 0 0 541.421 293156 0.710315
0.46 0.053084 1.12293 0 0 0 541.397 293130 0.724604
0.45 0.0531049 1.11247 0 0 0 541.41 293144 0.716953
0.44 0.0531448 1.14441 0 0 0 541.368 293099 0.721488
0.43 0.05312 1.1303 0 0 0 541.413 293147 0.713835
0.42 0.0530949 1.13497 0 0 0 541.356 293086 0.721912
0.41 0.0531025 1.13611 0 0 0 541.466 293205 0.742003
0.4 0.0531091 1.13256 0 0 0 541.415 293150 0.724826
0.39 0.0531078 1.15272 0 0 0 541.413 293148 0.728512
0.38 0.0531183 1.13665 0 0 0 541.423 293159 0.722143
0.37 0.0531363 1.15087 0 0 0 541.443 293181 0.730107
0.36 0.0531124 1.16649 0 0 0 541.421 293157 0.740445
0.35 0.0530971 1.12341 0 0 0 541.431 293167 0.714928
0.34 0.0531032 1.1444 0 0 0 541.447 293184 0.727709
0.33 0.053107 1.14199 0 0 0 541.38 293112 0.730454
0.32 0.0531107 1.11995 0 0 0 541.447 293185 0.721046
0.31 0.0531423 1.14061 0 0 0 541.389 293122 0.716345
0.3 0.0531266 1.1414 0 0 0 541.465 293204 0.723313
0.29 0.0531099 1.11839 0 0 0 541.416 293151 0.723235
0.28 0.0531192 1.13401 0 0 0 541.441 293178 0.728783
0.27 0.0531087 1.1642 0 0 0 541.468 293207 0.719474
0.26 0.0530655 1.11635 0 0 0 541.51 293253 0.728916
0.25 0.0531239 1.11874 0 0 0 541.406 293140 0.717717
0.24 0.0530865 1.11926 0 0 0 541.425 293161 0.741232
0.23 0.0530998 1.12342 0 0 0 541.488 293228 0.718757
0.22 0.0530982 1.16016 0 0 0 541.458 293196 0.726492
0.21 0.0530959 1.15814 8.68056e-08 1.50704e-10 1.73602e-06 541.429 293165 0.726824
0.2 0.0531492 1.1621 0 0 0 541.41 293145 0.729001
0.19 0.0531273 1.13187 0 0 0 541.429 293165 0.717952
0.18 0.053124 1.15632 0 0 0 541.436 293172 0.721927
0.17 0.0531084 1.15431 0 0 0 541.454 293192 0.725449
0.16 0.053097 1.10736 0 0 0 541.417 293151 0.716842
0.15 0.0531179 1.12798 0 0 0 541.518 293261 0.716749
0.14 0.0531157 1.1384 0 0 0 541.453 293191 0.723305
0.13 0.0531087 1.13894 0 0 0 541.465 293204 0.720091
0.12 0.053107 1.13627 0 0 0 541.422 293157 0.718591
0.11 0.0531427 1.14826 0 0 0 541.408 293143 0.735534
0.1 0.0531172 1.12045 0 0 0 541.404 293138 0.71243
0.09 0.053077 1.12323 0 0 0 541.478 293217 0.714247
0.08 0.0530645 1.12688 0 0 0 541.46 293198 0.721591
0.07 0.0530777 1.14479 0 0 0 541.492 293233 0.719552
0.06 0.0530978 1.12787 0 0 0 541.454 293192 0.733769
0.05 0.0531503 1.13929 0 0 0 541.407 293141 0.716619
0.04 0.0531338 1.13918 0 0 0 541.429 293166 0.740778
0.03 0.0530744 1.14412 0 0 0 541.452 293190 0.728015
0.02 0.0530921 1.13814 0 0 0 541.505 293248 0.728945
0.01 0.053083 1.16766 0 0 0 541.487 293228 0.72899
