1 0.548231 0.359497 0.167825 0.0284674 0.173987 458.862 210831 0.602251
0.99 0.544413 0.363527 0.166014 0.027855 0.171182 458.268 210271 0.577037
0.98 0.540148 0.363731 0.164824 0.0274627 0.17377 458.133 210156 0.601011
0.97 0.536979 0.36706 0.163091 0.0268984 0.177986 457.424 209505 0.605741
0.96 0.533517 0.36799 0.161418 0.0263473 0.174959 456.93 209051 0.60626
0.95 0.529952 0.375482 0.160278 0.0259793 0.175945 457.01 209119 0.601067
0.94 0.52585 0.369131 0.158316 0.0253447 0.171968 456.026 208214 0.592522
0.93 0.522299 0.365463 0.156431 0.0247538 0.175433 455.017 207298 0.607906
0.92 0.518655 0.377619 0.15507 0.0243274 0.17567 454.98 207261 0.608328
0.91 0.514439 0.371239 0.153693 0.0239006 0.176566 454.844 207138 0.61589
0.9 0.511128 0.37729 0.151755 0.0233096 0.179185 453.958 206331 0.619667
0.89 0.507081 0.372851 0.150204 0.0228344 0.176879 453.585 205991 0.623077
0.88 0.503565 0.38101 0.148427 0.022306 0.180185 452.894 205369 0.641074
0.87 0.49999 0.371809 0.146473 0.0217243 0.178812 452.066 204615 0.637615
0.86 0.495919 0.381621 0.145294 0.0213736 0.176287 452.031 204579 0.634429
0.85 0.491958 0.38142 0.143147 0.0207525 0.17717 451.16 203793 0.647114
0.84 0.488602 0.37408 0.141405 0.0202541 0.177463 450.451 203151 0.649341
0.83 0.484682 0.382477 0.139829 0.0198114 0.179898 450.156 202885 0.653062
0.82 0.48094 0.376316 0.138078 0.0193202 0.178917 449.594 202379 0.661173
0.81 0.477065 0.378882 0.136428 0.0188677 0.181309 449.08 201913 0.660504
0.8 0.473578 0.379126 0.134733 0.0184061 0.182181 448.543 201434 0.677408
0.79 0.469772 0.38023 0.133132 0.0179693 0.178777 448.202 201116 0.653659
0.78 0.4656 0.3783 0.131446 0.0175207 0.179179 447.882 200827 0.654313
0.77 0.462188 0.383617 0.1296 0.0170341 0.178027 447.086 200117 0.669004
0.76 0.45814 0.377586 0.12758 0.0165122 0.178543 446.204 199328 0.678827
0.75 0.454465 0.387344 0.126004 0.0161141 0.181966 445.878 199038 0.688737
0.74 0.450669 0.380594 0.124125 0.0156428 0.183454 445.31 198528 0.690171
0.73 0.446651 0.378616 0.122531 0.0152426 0.18042 445.133 198364 0.678737
0.72 0.442738 0.384459 0.120421 0.0147339 0.186194 444.183 197524 0.704125
0.71 0.439114 0.378741 0.118934 0.0143691 0.181626 443.968 197327 0.698486
0.7 0.435311 0.382313 0.117186 0.0139504 0.17913 443.545 196951 0.702642
0.69 0.431496 0.388148 0.115279 0.013507 0.181716 442.737 196227 0.690684
0.68 0.427894 0.385911 0.113733 0.0131499 0.181869 442.521 196040 0.713313
0.67 0.423954 0.383083 0.111664 0.0126797 0.181237 441.701 195315 0.725344
0.66 0.420428 0.387339 0.110314 0.0123775 0.18174 441.539 195170 0.730096
0.65 0.416294 0.387749 0.108448 0.0119729 0.187727 441.071 194757 0.743415
0.64 0.412096 0.384782 0.106513 0.0115451 0.180028 440.705 194426 0.726157
0.63 0.408147 0.384379 0.104778 0.0111802 0.184393 440.328 194096 0.74654
0.62 0.404494 0.394035 0.102953 0.0108002 0.186555 439.769 193599 0.743512
0.61 0.4004 0.381488 0.101404 0.0104758 0.182302 439.803 193629 0.751556
0.6 0.396709 0.389784 0.0996121 0.0101116 0.18145 439.373 193246 0.749603
0.59 0.39279 0.386886 0.0978603 0.00976067 0.179661 439.07 192972 0.734622
0.58 0.38868 0.387701 0.0959479 0.00938744 0.180189 438.53 192498 0.742337
0.57 0.38489 0.386972 0.094178 0.00904892 0.181306 438.061 192089 0.769332
0.56 0.380948 0.393447 0.0926155 0.00875516 0.182613 438.015 192045 0.767294
0.55 0.377198 0.39289 0.0906924 0.00839936 0.182476 437.389 191496 0.777513
0.54 0.372992 0.396048 0.0889078 0.00807221 0.178787 437.27 191386 0.765279
0.53 0.369493 0.388707 0.0872716 0.00778132 0.179306 436.796 190970 0.771482
0.52 0.365584 0.393 0.085535 0.00747737 0.178486 436.59 190788 0.779695
0.51 0.361192 0.403756 0.0841881 0.00724836 0.181526 437.038 191180 0.797584
0.5 0.357563 0.393292 0.0822626 0.00692264 0.179138 436.606 190794 0.772873
0.49 0.353601 0.398675 0.0806543 0.0066585 0.180292 436.519 190719 0.794206
0.48 0.349588 0.396694 0.0792372 0.00642921 0.180822 436.866 191020 0.801815
0.47 0.345415 0.409872 0.0773558 0.00613278 0.182424 436.405 190613 0.796839
0.46 0.341447 0.398302 0.0756167 0.00586245 0.181021 436.414 190621 0.816389
0.45 0.337713 0.41437 0.0740261 0.00562089 0.180506 436.196 190426 0.812178
0.44 0.33325 0.413951 0.0724972 0.00539368 0.180437 436.622 190796 0.814912
0.43 0.329275 0.412072 0.0709527 0.0051706 0.182595 436.738 190895 0.82171
0.42 0.325156 0.418521 0.0693267 0.00493821 0.181045 436.793 190938 0.817313
0.41 0.320817 0.421465 0.0677058 0.00471426 0.182893 436.981 191104 0.844304
0.4 0.316642 0.421505 0.066124 0.00449563 0.17746 437.234 191318 0.825575
0.39 0.312081 0.437696 0.0648518 0.0043282 0.180841 437.98 191969 0.836264
0.38 0.307783 0.436465 0.0633338 0.00413135 0.182174 438.334 192277 0.847492
0.37 0.303716 0.446177 0.0619021 0.00395028 0.18434 438.921 192793 0.871509
0.36 0.29917 0.445297 0.0604124 0.00376345 0.18206 439.255 193079 0.849251
0.35 0.294748 0.453154 0.0591258 0.00360828 0.185019 440.119 193841 0.884253
0.34 0.289797 0.460818 0.0577587 0.00344649 0.187075 441.048 194654 0.873835
0.33 0.285305 0.472452 0.0562355 0.00326777 0.183858 441.474 195029 0.891255
0.32 0.280434 0.480271 0.0552335 0.00315511 0.187866 442.948 196328 0.887401
0.31 0.275634 0.489103 0.054056 0.0030236 0.188694 444 197260 0.900074
0.3 0.270654 0.501133 0.0525349 0.00285998 0.192133 444.849 198009 0.886756
0.29 0.265371 0.527325 0.0515753 0.00275684 0.192311 446.553 199527 0.909935
0.28 0.260339 0.534691 0.0503857 0.00263375 0.195494 447.898 200727 0.911679
0.27 0.254816 0.552496 0.049195 0.00251105 0.193926 449.353 202030 0.921952
0.26 0.249134 0.575432 0.0481752 0.00241199 0.201913 451.278 203764 0.954698
0.25 0.24341 0.59811 0.0472359 0.00231982 0.204098 453.312 205598 0.940667
0.24 0.237408 0.620905 0.0462363 0.00222425 0.207485 455.575 207653 0.957473
0.23 0.231119 0.630226 0.0455339 0.00215941 0.215561 458.013 209880 0.98899
0.22 0.224662 0.655357 0.0444736 0.0020626 0.221752 460.517 212176 0.989016
0.21 0.217815 0.697358 0.0439544 0.00201421 0.225505 463.658 215077 1.01616
0.2 0.210556 0.730243 0.043056 0.00193575 0.235963 466.78 217979 1.0219
0.19 0.203286 0.762149 0.0426791 0.0019053 0.254049 470.359 221332 1.05915
0.18 0.195322 0.818312 0.0422465 0.00186566 0.258848 474.427 225171 1.05963
0.17 0.18692 0.858681 0.0416552 0.00181414 0.267608 478.652 229197 1.09768
0.16 0.178085 0.894348 0.0415497 0.00180498 0.282998 483.661 234013 1.09724
0.15 0.168795 0.976776 0.0415918 0.00181182 0.31468 489.194 239394 1.14528
0.14 0.158816 1.03137 0.041898 0.00183773 0.338568 495.388 245492 1.19502
0.13 0.148279 1.07091 0.04205 0.00185174 0.370145 501.826 251907 1.19444
0.12 0.137126 1.14731 0.0427192 0.0019095 0.405933 509.247 259408 1.24015
0.11 0.125502 1.16682 0.0434482 0.00197461 0.454867 517.008 267369 1.26194
0.1 0.113548 1.19523 0.0442522 0.00205141 0.536595 525.006 275699 1.29155
0.09 0.101259 1.23395 0.0448612 0.00210773 0.609291 533.316 284491 1.34892
0.08 0.0889316 1.20408 0.0456964 0.00218604 0.70472 541.726 293527 1.39057
0.07 0.0768555 1.20162 0.0463751 0.00226152 0.912337 549.826 302366 1.48997
0.06 0.0649916 1.16992 0.0484206 0.00246573 1.16336 558.47 311945 1.66946
0.05 0.0535334 1.12928 0.047798 0.00242051 1.56517 565.378 319706 1.90611
0.04 0.0423625 1.1285 0.0519673 0.00289825 2.84616 574.333 329920 2.68513
0.03 -0.109868 1.00054 0.999965 0.999931 0.00115741 968.571 938134 0.169675
0.02 -0.119955 0.999866 1 1 0 970.2 941291 0.164639
0.01 -0.129988 1.00561 1 1 0 971.827 944449 0.167087
