1 0.548409 0.370397 0.16752 0.0283683 0.175924 458.467 210469 0.604484
0.99 0.544491 0.361781 0.166155 0.0278999 0.170178 458.394 210395 0.593753
0.98 0.541041 0.367417 0.164788 0.0274521 0.174503 458.004 210037 0.600888
0.97 0.537344 0.365699 0.163328 0.0269669 0.172783 457.672 209728 0.596209
0.96 0.533493 0.367148 0.161506 0.0263707 0.171985 456.956 209071 0.596512
0.95 0.529634 0.368193 0.159893 0.0258517 0.173464 456.456 208610 0.595013
0.94 0.525701 0.372853 0.158363 0.0253634 0.174448 456.162 208343 0.603767
0.93 0.522493 0.370462 0.156605 0.0248093 0.17589 455.338 207593 0.615954
0.92 0.518603 0.377373 0.154717 0.0242197 0.176794 454.548 206875 0.625818
0.91 0.5153 0.372699 0.153302 0.0237766 0.174169 454.255 206597 0.604935
0.9 0.510928 0.381728 0.15178 0.0233181 0.179745 454.14 206495 0.615296
0.89 0.507641 0.375618 0.149637 0.0226681 0.179228 452.737 205223 0.623866
0.88 0.503682 0.376577 0.148339 0.0222804 0.180534 452.845 205324 0.641355
0.87 0.500137 0.371736 0.14644 0.021717 0.180284 451.998 204561 0.656652
0.86 0.495987 0.380751 0.145152 0.0213347 0.177798 452.063 204614 0.651951
0.85 0.492564 0.380934 0.143307 0.0208005 0.178656 451.435 204042 0.648231
0.84 0.488557 0.376015 0.141394 0.0202502 0.176855 450.493 203189 0.647183
0.83 0.484837 0.380618 0.139669 0.0197651 0.178802 449.755 202522 0.649537
0.82 0.481202 0.373195 0.138347 0.0193935 0.178157 449.783 202551 0.667694
0.81 0.477187 0.381967 0.136843 0.0189803 0.180833 449.652 202429 0.663108
0.8 0.473732 0.383964 0.134684 0.0183873 0.178193 448.462 201358 0.66853
0.79 0.469634 0.376411 0.132924 0.0179181 0.181719 447.995 200934 0.664153
0.78 0.465772 0.384624 0.131282 0.0174824 0.182759 447.61 200586 0.661595
0.77 0.461998 0.378589 0.129452 0.0169995 0.180865 446.999 200037 0.665296
0.76 0.458341 0.385822 0.127825 0.0165772 0.180399 446.579 199663 0.67894
0.75 0.454685 0.387437 0.125811 0.0160709 0.186205 445.743 198927 0.717843
0.74 0.450323 0.377385 0.124205 0.0156586 0.180379 445.486 198688 0.698944
0.73 0.44677 0.381767 0.122144 0.0151467 0.179593 444.62 197908 0.679132
0.72 0.44237 0.383742 0.120844 0.0148321 0.183104 444.685 197968 0.697326
0.71 0.438659 0.38002 0.119046 0.0143954 0.181338 444.206 197537 0.692074
0.7 0.435252 0.38694 0.117318 0.0139839 0.181406 443.67 197063 0.70623
0.69 0.431559 0.379236 0.115423 0.013538 0.179856 442.869 196345 0.694087
0.68 0.427578 0.384156 0.113842 0.01318 0.186405 442.668 196171 0.71858
0.67 0.42363 0.385489 0.11198 0.0127516 0.182384 442.145 195702 0.71038
0.66 0.41945 0.380404 0.11003 0.0123135 0.180507 441.664 195274 0.712034
0.65 0.415809 0.382348 0.108346 0.0119447 0.182406 441.132 194803 0.718564
0.64 0.412585 0.392468 0.106465 0.011538 0.182898 440.529 194273 0.736041
0.63 0.40833 0.388841 0.104777 0.0111795 0.184042 440.305 194072 0.734989
0.62 0.404448 0.395662 0.102997 0.0108049 0.182494 439.733 193566 0.737666
0.61 0.400358 0.38686 0.101199 0.0104316 0.179654 439.405 193272 0.727468
0.6 0.396797 0.385968 0.0994467 0.0100782 0.180995 438.955 192881 0.758011
0.59 0.392836 0.381418 0.0977429 0.00973976 0.181671 438.706 192656 0.745499
0.58 0.388827 0.389362 0.0958593 0.00937191 0.181642 438.358 192350 0.755998
0.57 0.38517 0.387521 0.0942669 0.00906604 0.181677 437.995 192031 0.765706
0.56 0.381223 0.393473 0.0922304 0.00868185 0.180416 437.421 191522 0.754554
0.55 0.377046 0.385177 0.0910579 0.00846539 0.182067 437.966 192000 0.770498
0.54 0.373407 0.387873 0.0892052 0.00812653 0.180224 437.327 191438 0.771615
0.53 0.369502 0.395128 0.0870954 0.0077512 0.179967 436.613 190808 0.767233
0.52 0.3656 0.391244 0.0855311 0.00747852 0.180501 436.731 190914 0.792235
0.51 0.361285 0.396279 0.084074 0.00722995 0.182401 436.99 191134 0.779109
0.5 0.357162 0.399213 0.0821918 0.00691235 0.180704 436.672 190855 0.791949
0.49 0.353667 0.392835 0.0806187 0.0066521 0.179542 436.415 190625 0.782029
0.48 0.349644 0.39738 0.0788603 0.00636601 0.176473 436.263 190492 0.792692
0.47 0.345383 0.408121 0.0771589 0.0060993 0.178677 436.379 190593 0.809849
0.46 0.341329 0.409091 0.0756595 0.0058688 0.180875 436.491 190687 0.811073
0.45 0.337367 0.413324 0.0740932 0.00563154 0.181415 436.676 190845 0.809737
0.44 0.333454 0.408585 0.0725745 0.00540589 0.181742 436.58 190761 0.823792
0.43 0.329206 0.414675 0.0710023 0.00517664 0.181268 436.892 191026 0.810212
0.42 0.32521 0.415633 0.0694348 0.00495197 0.179357 436.935 191064 0.823052
0.41 0.320499 0.420082 0.0677603 0.00472151 0.182694 437.179 191274 0.827507
0.4 0.316508 0.423143 0.0663561 0.0045278 0.17953 437.689 191719 0.841793
0.39 0.312066 0.429226 0.064919 0.00433648 0.180194 438.041 192021 0.824965
0.38 0.307892 0.431675 0.0634789 0.00414995 0.182474 438.46 192391 0.864277
0.37 0.303555 0.435477 0.0618359 0.00394269 0.185284 438.735 192629 0.865976
0.36 0.299139 0.454138 0.0605013 0.00377334 0.180693 439.438 193242 0.865582
0.35 0.294489 0.462371 0.0593658 0.00363831 0.187623 440.394 194082 0.876775
0.34 0.289895 0.464504 0.0579555 0.00346878 0.186252 441.256 194838 0.875224
0.33 0.285373 0.476172 0.0566944 0.00332302 0.189835 441.954 195454 0.895586
0.32 0.280505 0.488037 0.0550556 0.00313434 0.185793 442.656 196068 0.876349
0.31 0.275556 0.4964 0.0536429 0.00297852 0.18759 443.608 196910 0.888871
0.3 0.270741 0.517486 0.0527915 0.00288702 0.192142 445.256 198373 0.898651
0.29 0.265503 0.522438 0.0514681 0.00274563 0.191989 446.275 199279 0.909701
0.28 0.260279 0.53097 0.0503094 0.00262593 0.195217 447.738 200585 0.926477
0.27 0.254756 0.55123 0.0494306 0.00253597 0.197528 449.737 202377 0.933687
0.26 0.24914 0.573389 0.0481877 0.00241226 0.199849 451.277 203762 0.94981
0.25 0.243456 0.584067 0.0472282 0.00231881 0.203467 453.239 205532 0.933029
0.24 0.237271 0.606734 0.0460609 0.00220854 0.20864 455.28 207384 0.95774
0.23 0.231112 0.636793 0.0453643 0.00214621 0.221094 457.904 209783 1.01513
0.22 0.224772 0.674254 0.0446025 0.00207384 0.221125 460.458 212122 0.995703
0.21 0.217793 0.705965 0.0440928 0.00202736 0.228153 463.816 215222 0.997721
0.2 0.210822 0.728972 0.043294 0.00195581 0.234546 466.732 217934 1.01745
0.19 0.203172 0.767552 0.0426396 0.00189939 0.246341 470.513 221477 1.04966
0.18 0.195288 0.812884 0.0421929 0.00186013 0.255643 474.378 225127 1.08232
0.17 0.186903 0.856255 0.0420277 0.00184638 0.271232 478.978 229508 1.08739
0.16 0.178174 0.912436 0.0418008 0.00182747 0.288585 483.902 234247 1.11808
0.15 0.168838 0.978507 0.0415422 0.00180701 0.312027 489.035 239241 1.16373
0.14 0.158913 1.03204 0.0415405 0.00180716 0.335477 494.96 245067 1.1824
0.13 0.148354 1.10394 0.0417999 0.00182952 0.364576 501.643 251725 1.21569
0.12 0.137244 1.15565 0.0424602 0.0018873 0.405309 508.906 259061 1.22704
0.11 0.125481 1.17172 0.0433532 0.00196751 0.460851 516.956 267314 1.25039
0.1 0.11339 1.19813 0.0441158 0.00203623 0.51854 525.144 275843 1.27611
0.09 0.10133 1.25094 0.04494 0.00211786 0.628837 533.266 284438 1.37329
0.08 0.088908 1.24682 0.0453843 0.00215685 0.699203 541.565 293352 1.37889
0.07 0.076816 1.20574 0.0465579 0.00227627 0.893913 549.92 302469 1.49481
0.06 0.0649511 1.18819 0.0476087 0.00238852 1.17056 558.073 311502 1.6699
0.05 0.0535365 1.13725 0.048397 0.00246755 1.44327 565.678 320042 1.79627
0.04 0.0423651 1.09613 0.0496809 0.00264037 2.47941 573.158 328566 2.46828
0.03 -0.109869 1.02148 0.999964 0.999928 0.00119928 968.593 938178 0.168974
0.02 -0.11994 1.00591 1 1 8.67969e-06 970.2 941290 0.167462
0.01 -0.129992 1.00185 1 1 0 971.833 944462 0.167801
