2.5 0.0 -1.4497499999999999 8.000000330961476e-06 1.0123086 0.00752433927784033 1.0 0.0 1.0 0.0 0.0 0.0 1287.8880000000001 0.0033466389333282253 1658660.0 7.483314773547883 0.1663764 0.0002671869158468123 
2.49 0.0 -1.439754 6.066299142086322e-06 1.01806 0.002582572361035047 1.0 0.0 1.0 0.0 0.0 0.0 1287.902 0.009959920195447482 1658698.0 28.05708466680029 0.1669424 0.0009083272802248852 
2.48 0.0 -1.429738 7.69416086910329e-06 1.0111288 0.005107913816026801 1.0 0.0 1.0 0.0 0.0 0.0 1287.8980000000001 0.00867179146717839 1658690.0 22.80350850198276 0.16790860000000002 0.00046541986205861266 
2.47 0.0 -1.4197520000000001 5.932953047023673e-06 1.0065748 0.005061894170364597 1.0 0.0 1.0 0.0 0.0 0.0 1287.8960000000002 0.015126133878723358 1658686.0 36.066605052319524 0.16845159999999998 0.000542452549079195 
2.46 0.0 -1.40974 8.485281725276226e-06 1.0089270000000001 0.0067188218610066295 1.0 0.0 1.0 0.0 0.0 0.0 1287.9060000000002 0.00606629658444548 1658706.0 14.028542333400145 0.16808800000000002 0.0006634764803664059 
2.45 0.0 -1.3997519999999999 1.1099550799792849e-05 1.0101761999999999 0.004984862240027364 1.0 0.0 1.0 0.0 0.0 0.0 1287.898 0.005215372851672467 1658686.0 14.310835055998654 0.168216 0.00028207332380046 
2.44 0.0 -1.3897560000000002 9.20868614053998e-06 1.0123942 0.0050378499890389354 1.0 0.0 1.0 0.0 0.0 0.0 1287.8880000000001 0.005932957831755947 1658672.0 17.753872816937715 0.1672778 0.0005173576248588503 
2.43 0.0 -1.3797439999999999 6.066310122969333e-06 1.0089683999999999 0.004909700973387327 1.0 0.0 1.0 0.0 0.0 0.0 1287.882 0.004381775888125473 1658654.0 11.171392035015153 0.1664378 0.0004304392547155447 
2.42 0.0 -1.3697519999999999 5.932964274707074e-06 0.9990806000000001 0.002209983015308848 1.0 0.0 1.0 0.0 0.0 0.0 1287.8719999999998 0.005215372851672467 1658632.0 13.682105101189656 0.1684964 0.0007257364039382755 
2.41 0.0 -1.359734 6.066299142086322e-06 1.0130620000000001 0.0044644528444115605 1.0 0.0 1.0 0.0 0.0 0.0 1287.884 0.00963327366822541 1658654.0 25.5499510762741 0.16906200000000002 0.0006040057615614047 
2.4 0.0 -1.34974 8.944274762559045e-06 1.0110465999999998 0.003236051119508779 1.0 0.0 1.0 0.0 0.0 0.0 1287.878 0.011099551943620846 1658644.0 31.189741903388686 0.16778619999999997 0.0006535697300221686 
2.39 0.0 -1.3397540000000001 4.560695072958763e-06 1.0128096 0.004390636414916903 1.0 0.0 1.0 0.0 0.0 0.0 1287.8899999999999 0.006324564673969258 1658672.0 15.073154945133417 0.16828360000000003 0.00042869108691168193 
2.38 0.0 -1.3297459999999999 3.577725048445074e-06 1.01253 0.0034727706518047057 1.0 0.0 1.0 0.0 0.0 0.0 1287.894 0.010807407236821812 1658676.0 26.32109420217936 0.1675146 0.00046640433960151045 
2.37 0.0 -1.31974 2.8284272417587424e-06 1.020034 0.0036435154452702607 1.0 0.0 1.0 0.0 0.0 0.0 1287.886 0.01043072561391058 1658662.0 25.98461083025874 0.1688038 0.00033400220358505676 
2.36 0.0 -1.3097379999999998 8.67179729897818e-06 1.015008 0.003793669885484329 1.0 0.0 1.0 0.0 0.0 0.0 1287.8780000000002 0.006572667374596385 1658636.0 17.572706109191035 0.1683558 0.00044222595129633394 
2.35 0.0 -1.29975 5.656858408747107e-06 1.0152059999999998 0.0027298814626381396 1.0 0.0 1.0 0.0 0.0 0.0 1287.886 0.010807405082459884 1658656.0 27.509998182479038 0.168894 0.00045236472011066556 
2.34 0.0 -1.289752 7.69415221144457e-06 1.0189819999999998 0.003851729377829128 1.0 0.0 1.0 0.0 0.0 0.0 1287.9020000000003 0.010733123770229317 1658702.0 28.48157299026864 0.1669944 0.0005998724264384197 
2.33 0.0 -1.279744 6.6932824796299465e-06 1.0083088 0.002939492124837613 1.0 0.0 1.0 0.0 0.0 0.0 1287.8960000000002 0.00963327366822541 1658686.0 25.075884829851965 0.1672922 0.0008641637530010421 
2.32 0.0 -1.269754 4.5607048102625875e-06 1.011406 0.0031616534914483607 1.0 0.0 1.0 0.0 0.0 0.0 1287.884 0.010430723381748818 1658656.0 26.015380066414558 0.1675782 0.00045877536115173154 
2.31 0.0 -1.259754 8.763562802868083e-06 1.0086300000000001 0.0021328478614131936 1.0 0.0 1.0 0.0 0.0 0.0 1287.916 0.008294580050602716 1658738.0 18.633303518163384 0.1684684 0.0004315744756124568 
2.3 0.0 -1.24974 6.324552071150482e-06 1.010774 0.001435739809284515 1.0 0.0 1.0 0.0 0.0 0.0 1287.8799999999999 0.011313712471983078 1658644.0 29.745587908125128 0.1688194 0.0006966879703273115 
2.29 0.0 -1.239748 9.549868109066702e-06 1.019024 0.005723877427061246 1.0 0.0 1.0 0.0 0.0 0.0 1287.864 0.007266359676625659 1658608.0 17.977764043395386 0.1683944 0.000282215463785745 
2.28 0.0 -1.2297439999999997 3.5777188421325564e-06 1.0142881999999998 0.005598122130866025 1.0 0.0 1.0 0.0 0.0 0.0 1287.8899999999999 0.011661908259308323 1658674.0 29.610808837314792 0.16963259999999997 0.0004173645504852329 
2.27 0.0 -1.219754 3.5777126358092733e-06 1.0027570000000001 0.0042441082926767066 1.0 0.0 1.0 0.0 0.0 0.0 1287.9040000000002 0.008294574436557857 1658710.0 20.97617696340303 0.16763440000000002 0.0006252168007977715 
2.26 0.0 -1.209756 4.560695072958763e-06 1.0128080000000002 0.002770652486319833 1.0 0.0 1.0 0.0 0.0 0.0 1287.9060000000002 0.007266359676625659 1658718.0 19.05780679931455 0.16726000000000002 0.00048566268129069344 
2.25 0.0 -1.199754 3.5777126358092733e-06 1.0109622 0.0060016184777077364 1.0 0.0 1.0 0.0 0.0 0.0 1287.8840000000002 0.004560698643513642 1658656.0 12.198360545581524 0.1678552 0.001275535257058361 
2.24 0.0 -1.189754 9.63327744454913e-06 1.0102039999999999 0.00296006162098346 1.0 0.0 1.0 0.0 0.0 0.0 1287.882 0.01425482411616519 1658648.0 35.93327149036113 0.166269 0.0005051693577404049 
2.23 0.0 -1.1797499999999999 8.944274762559045e-06 1.01181 0.0023591947778841505 1.0 0.0 1.0 0.0 0.0 0.0 1287.902 0.011798302519870709 1658700.0 31.240998703626612 0.1670428 0.0005878319079470363 
2.22 0.0 -1.169754 6.066306462677205e-06 1.013522 0.002477983696474724 1.0 0.0 1.0 0.0 0.0 0.0 1287.8960000000002 0.009208688680648664 1658680.0 24.49489742783178 0.1686318 0.00054046405245863 
2.21 0.0 -1.15975 7.999994779844657e-06 1.0194100000000001 0.0025968842869674162 1.0 0.0 1.0 0.0 0.0 0.0 1287.886 0.011523889678230011 1658660.0 26.076809620810593 0.1654776 0.0005322545706704744 
2.2 0.0 -1.149736 3.577700223130407e-06 1.0051212 0.00327297236651043 1.0 0.0 1.0 0.0 0.0 0.0 1287.886 0.006693284823801434 1658664.0 15.126136320951229 0.1676646 0.0007300738373620557 
2.19 0.0 -1.139732 4.381782668296491e-06 1.010816 0.0009754490248401331 1.0 0.0 1.0 0.0 0.0 0.0 1287.8600000000001 0.0063245462670911195 1658596.0 15.899685531481431 0.168501 0.0005020423089736575 
2.18 0.0 -1.12975 4.000000165480738e-06 1.0079566 0.0037557158103348393 1.0 0.0 1.0 0.0 0.0 0.0 1287.8780000000002 0.009549866458947773 1658642.0 23.220680437919988 0.1677268 0.0006178667429141821 
2.17 0.0 -1.119764 6.6932824796299465e-06 1.0085896 0.004625830101500794 1.0 0.0 1.0 0.0 0.0 0.0 1287.8880000000001 0.005932957831755947 1658666.0 11.523888232710346 0.1678278 0.000815859223150615 
2.16 0.0 -1.1097519999999998 5.932964274707074e-06 1.007843 0.004713962579398108 1.0 0.0 1.0 0.0 0.0 0.0 1287.898 0.009121407497327571 1658696.0 21.835750502329887 0.1660184 0.00021186988459527328 
2.15 0.0 -1.099748 1.245793043024699e-05 1.0026730000000001 0.004698370389820209 1.0 0.0 1.0 0.0 0.0 0.0 1287.904 0.008763562403471892 1658698.0 23.047776465420693 0.16860440000000002 0.0010331692058898004 
2.14 0.0 -1.0897320000000001 5.215359585415516e-06 1.01018 0.0037008312579740583 1.0 0.0 1.0 0.0 0.0 0.0 1287.8840000000002 0.003577696353940649 1658658.0 9.549869109050658 0.1671542 0.0002708790726487843 
2.13 0.0 -1.079742 1.2132600114321333e-05 1.007652 0.002952113005964652 1.0 0.0 1.0 0.0 0.0 0.0 1287.8960000000002 0.01219835545272959 1658688.0 30.77661449867415 0.16853 0.0006606260666971105 
2.12 0.0 -1.069742 5.215363842926635e-06 1.010966 0.0028908788974924505 1.0 0.0 1.0 0.0 0.0 0.0 1287.886 0.013740451013935373 1658664.0 32.323366161339074 0.16826259999999998 0.0005377501724785201 
2.11 0.0 -1.059748 4.381782668296491e-06 1.0080672 0.0028690435814128124 1.0 0.0 1.0 0.0 0.0 0.0 1287.88 0.012328827732180135 1658648.0 31.546790645008564 0.1679686 0.0005726514192778251 
2.1 0.0 -1.049746 7.2663568723399624e-06 1.0128622 0.005509931458012247 1.0 0.0 1.0 0.0 0.0 0.0 1287.8740000000003 0.011523885637394997 1658632.0 28.34078333426936 0.1664146 0.0006603884674950575 
2.09 0.0 -1.0397599999999998 6.324559092817128e-06 1.0136360000000002 0.0036590639239979022 1.0 0.0 1.0 0.0 0.0 0.0 1287.8960000000002 0.00829457724358076 1658690.0 22.80350850198276 0.1659502 0.000711181574564754 
2.08 0.0 -1.0297519999999998 1.7888842461656235e-06 1.019134 0.004260907508973817 1.0 0.0 1.0 0.0 0.0 0.0 1287.894 0.013740452708425816 1658684.0 31.572139617073784 0.1669932 0.0005904261105344092 
2.07 0.0 -1.01974 5.656854483517485e-06 1.0052641999999998 0.0019500631046320315 1.0 0.0 1.0 0.0 0.0 0.0 1287.8920000000003 0.006572663832188209 1658676.0 14.859340496805368 0.168116 0.000591362021100284 
2.06 0.0 -1.009744 1.1865919193016477e-05 1.0089586000000001 0.005223801447985877 1.0 0.0 1.0 0.0 0.0 0.0 1287.864 0.006693281345229846 1658606.0 16.637307474468336 0.1692914 0.00022992183019345254 
2.05 0.0 -0.9997512000000001 5.078581570217798e-06 1.0090062 0.005008967832998844 1.0 0.0 1.0 0.0 0.0 0.0 1287.898 0.007694158709630161 1658698.0 19.879637823662684 0.1677492 0.00035861660865013807 
2.04 0.0 -0.989744 8.690223832637526e-06 1.005151 0.0036511060899500807 1.0 0.0 1.0 0.0 0.0 0.0 1287.8880000000001 0.008671788782258202 1658664.0 20.513410247932935 0.16806000000000001 0.0004640287060071639 
2.03 0.0 -0.9797574000000001 5.9369973809807484e-06 1.011276 0.0043716949573391235 1.0 0.0 1.0 0.0 0.0 0.0 1287.886 0.013145343605207839 1658660.0 32.12475680841802 0.168838 0.0008409008978469373 
2.02 0.0 -0.9697395999999999 4.387254630324961e-06 1.0158262 0.005671533157097249 1.0 0.0 1.0 0.0 0.0 0.0 1287.9100000000003 0.007483309039737213 1658724.0 16.637307474468336 0.16891399999999998 0.0005894032236094224 
2.01 0.0 -0.9597545999999999 6.453527590966697e-06 1.008866 0.00230703550037744 1.0 0.0 1.0 0.0 0.0 0.0 1287.902 0.011099549845962607 1658700.0 26.68332812825267 0.1680266 0.0008449352921969146 
2.0 0.0 -0.9497289999999999 6.299211001258678e-06 1.0191560000000002 0.0050156942490509155 1.0 0.0 1.0 0.0 0.0 0.0 1287.872 0.00867179683701627 1658624.0 24.42949037536395 0.1673944 0.0005661263180589578 
1.9899999999999998 9.424321830774484e-09 -0.9397490000000002 4.799994554940093e-06 1.018422 0.003907449705371865 1.0 0.0 1.0 0.0 3.47204e-07 3.105486984239348e-07 1287.8880000000001 0.011099545650644945 1658668.0 29.58377933936095 0.1668762 0.0006602142318974077 
1.98 0.0 -0.9297489999999999 4.5077724365173286e-06 1.0154140000000003 0.0013966462687117621 1.0 0.0 1.0 0.0 0.0 0.0 1287.882 0.010353742226044267 1658654.0 27.799280566230486 0.16779479999999997 0.00036273223182133713 
1.97 9.424321830774484e-09 -0.9197412 9.795509272084368e-06 1.02218 0.0022790822714377425 1.0 0.0 1.0 0.0 0.0 0.0 1287.902 0.004381781201735946 1658702.0 11.798304963002101 0.167719 0.0006998479834933262 
1.9600000000000002 1.3328003749250112e-08 -0.9097500000000001 7.541880892905872e-06 1.0100390000000001 0.003629735086749296 1.0 0.0 1.0 0.0 0.0 0.0 1287.892 0.016589151680138855 1658680.0 42.5205832509386 0.1690392 0.0007113139616233291 
1.95 0.0 -0.8997386 4.3781275130075105e-06 1.0026776 0.00365280859175544 1.0 0.0 1.0 0.0 0.0 0.0 1287.8939999999998 0.0072663692892996805 1658676.0 19.30802941783547 0.16833579999999998 0.0007144958166436897 
1.94 9.424321830774484e-09 -0.889752 3.0594083509998787e-06 1.005779 0.004719164841366924 1.0 0.0 1.0 0.0 0.0 0.0 1287.9 0.007999998443759827 1658696.0 19.30802941783547 0.1670974 0.0008555619720391568 
1.9300000000000002 1.6323404237781944e-08 -0.8797537999999999 7.644085098083626e-06 1.0053754000000001 0.0026484280862389318 1.0 0.0 1.0 0.0 0.0 0.0 1287.886 0.006066300422546153 1658662.0 14.25482374496437 0.16785480000000003 0.0008518024371867611 
1.92 0.0 -0.869758 8.014985408869234e-06 1.0066218 0.003980074897785814 1.0 0.0 1.0 0.0 0.0 0.0 1287.876 0.0060663080987402125 1658632.0 17.527121840165314 0.16918260000000002 0.0003518984626268024 
1.9099999999999997 1.6323404237781944e-08 -0.8597395999999999 8.711373553809095e-06 1.012772 0.003237724386036274 1.0 0.0 1.0 0.0 0.0 0.0 1287.9 0.009380832487024503 1658692.0 24.066574330386114 0.1685608 0.0007686497459826582 
1.9 9.424321830774484e-09 -0.8497311999999999 5.509269843029997e-06 1.0023782 0.008039658492248176 1.0 0.0 1.0 0.0 0.0 0.0 1287.9 0.009797960629612294 1658696.0 23.765521244020718 0.1670882 0.0006159947662116488 
1.89 0.0 -0.839742 7.520638345717849e-06 1.011485 0.004505587198137604 1.0 0.0 1.0 0.0 0.0 0.0 1287.874 0.009208691209028324 1658624.0 22.73323558141251 0.1678478 0.0005609989946515718 
1.8799999999999997 9.424321830774484e-09 -0.8297512000000001 1.2457673768414877e-06 1.003179 0.0039150619305402526 1.0 0.0 1.0 0.0 0.0 0.0 1287.8880000000001 0.007694152657487385 1658670.0 19.390719429665317 0.1683586 0.0008477940598992358 
1.8700000000000003 0.0 -0.8197494000000001 2.7942756642077745e-06 1.016122 0.003936492245645888 1.0 0.0 1.0 0.0 0.0 0.0 1287.9 0.008000001354142909 1658692.0 21.052315787105226 0.1675556 0.00024134019142945 
1.86 0.0 -0.8097556000000001 5.166039387256825e-06 1.015756 0.0038624930808977874 1.0 0.0 1.0 0.0 0.0 0.0 1287.9 0.0028284296614584973 1658700.0 5.656854249492381 0.1674998 0.0007081863822465475 
1.85 0.0 -0.7997576000000001 6.0372160777207236e-06 1.001884 0.0037033950261849656 1.0 0.0 1.0 0.0 0.0 0.0 1287.894 0.006066300422546153 1658684.0 12.837445228704969 0.16796840000000002 0.0007489406171375536 
1.8400000000000003 1.3328003749250112e-08 -0.7897491999999999 4.869500214358927e-06 1.0120120000000001 0.004722730057914372 1.0 0.0 1.0 0.0 0.0 0.0 1287.8940000000002 0.004560693538357784 1658678.0 11.798304963002101 0.16806959999999999 0.0011257849030790786 
1.83 0.0 -0.7797482 4.457801357179134e-06 1.0158840000000002 0.00543232591068766 1.0 0.0 1.0 0.0 0.0 0.0 1287.892 0.015336229272011141 1658674.0 35.95552808679077 0.1694378 0.0004524528174299524 
1.8199999999999998 1.3328003749250112e-08 -0.7697369999999999 4.766552827849342e-06 1.013818 0.0021921266386736083 1.0 0.0 1.0 0.0 0.0 0.0 1287.8600000000001 0.0113137083560806 1658588.0 29.852973051272464 0.1676208 0.0008570695841072815 
1.81 9.424321830774484e-09 -0.7597486 8.893144832840719e-06 1.0115862 0.004536189100115117 1.0 0.0 1.0 0.0 0.0 0.0 1287.8700000000001 0.011661902269790187 1658620.0 29.257477676655583 0.1676558 0.000658480031588374 
1.8 9.424321830774484e-09 -0.7497534 6.82700403828812e-06 1.0060834 0.002862126839953598 1.0 0.0 1.0 0.0 0.0 0.0 1287.898 0.005215372851672467 1658690.0 12.649110640673516 0.16761379999999998 0.0006187501208083862 
1.7899999999999998 0.0 -0.7397662 8.135845698283778e-06 1.0100582 0.004644797798829049 1.0 0.0 1.0 0.0 0.0 0.0 1287.8600000000001 0.012328823955167682 1658596.0 31.824518849465736 0.16675459999999998 0.00044488790498452936 
1.78 0.0 -0.7297492 2.834081772629921e-06 1.0129456000000001 0.0050763792892144985 1.0 0.0 1.0 0.0 0.0 0.0 1287.8939999999998 0.010039926076178521 1658684.0 28.368997162395427 0.1675204 0.0008902675822470504 
1.77 0.0 -0.719742 3.7202144852220835e-06 1.0165719999999998 0.0028992487302851575 1.0 0.0 1.0 0.0 0.0 0.0 1287.8780000000002 0.006572667374596385 1658642.0 14.25482374496437 0.1669886 0.0009256281153903413 
1.7600000000000002 1.3328003749250112e-08 -0.7097443999999999 7.459758529689358e-06 1.015672 0.004092463707846286 1.0 0.0 1.0 0.0 0.0 0.0 1287.902 0.006572670917002651 1658704.0 15.126136320951229 0.16829520000000003 0.00046449192888303 
1.75 0.0 -0.6997466000000001 2.779923347221882e-06 1.010538 0.0035391867992513875 1.0 0.0 1.0 0.0 0.0 0.0 1287.886 0.007266362880851746 1658656.0 21.090282122342504 0.16713240000000001 0.0004944001294485489 
1.7399999999999998 1.3328003749250112e-08 -0.6897502000000001 1.023484062697496e-05 1.010446 0.003953211959916781 1.0 0.0 1.0 0.0 0.0 0.0 1287.8799999999999 0.005656867554709972 1658648.0 15.849290204927158 0.16784960000000002 0.0005215083201618379 
1.73 0.0 -0.6797481999999999 4.357983371758088e-06 1.0059776 0.00359261061179888 1.0 0.0 1.0 0.0 0.0 0.0 1287.892 0.009121402392178856 1658676.0 25.234896472940008 0.16830819999999996 0.0009042626344173922 
1.72 0.0 -0.6697376 7.523827813434196e-06 1.010508 0.002416823369633142 1.0 0.0 1.0 0.0 0.0 0.0 1287.874 0.009208691209028324 1658626.0 24.26520142096496 0.1677552 0.0007853118310590071 
1.7100000000000002 1.3328003749250112e-08 -0.6597516 8.092465187220014e-06 1.0083622 0.0032977983977173966 1.0 0.0 1.0 0.0 0.0 0.0 1287.8700000000001 0.010198036757974219 1658618.0 27.62607463973121 0.16881300000000002 0.0003876367371650992 
1.7 0.0 -0.6497604000000001 7.0119883626475e-06 1.0054024000000001 0.004218106282202219 1.0 0.0 1.0 0.0 0.0 0.0 1287.886 0.006066300422546153 1658664.0 12.521980673998822 0.1674086 0.00047534868044446727 
1.69 0.0 -0.6397542 7.039317853307346e-06 1.009303 0.004242202163966382 1.0 0.0 1.0 0.0 0.0 0.0 1287.89 0.010954448222092296 1658670.0 28.0 0.168801 0.0005463968521135604 
1.6800000000000002 1.3328003749250112e-08 -0.6297416 8.46923787681296e-06 1.0041860000000002 0.0011418427211754875 1.0 0.0 1.0 0.0 0.0 0.0 1287.884 0.011523887657812681 1658654.0 28.64960732715197 0.16818800000000003 0.00037622238104358173 
1.67 0.0 -0.6197383999999999 2.0899801576006004e-06 1.0080398 0.004060058525697963 1.0 0.0 1.0 0.0 0.0 0.0 1287.882 0.011099547748303974 1658650.0 28.2842712474619 0.16845839999999998 0.0006622358854674089 
1.6599999999999997 1.3328003749250112e-08 -0.6097438000000001 6.575103395295878e-06 1.0150960000000002 0.0043601106407933545 1.0 0.0 1.0 0.0 0.0 0.0 1287.868 0.010353744474802381 1658614.0 27.655017627909768 0.16797939999999997 0.0004485744174623483 
1.65 0.0 -0.5997543999999999 4.804998364431623e-06 1.016408 0.003224762192778744 1.0 0.0 1.0 0.0 0.0 0.0 1287.882 0.009959920195447482 1658656.0 23.25510696599781 0.1678594 0.0006781247436865969 
1.64 0.0 -0.5897471999999999 4.357983371758088e-06 1.009842 0.002851485788143119 1.0 0.0 1.0 0.0 0.0 0.0 1287.902 0.005932961756114982 1658700.0 15.748015748023622 0.1676034 0.0004682488739955819 
1.6299999999999997 1.3328003749250112e-08 -0.5797410000000001 3.046309076813087e-06 1.0121832000000002 0.005189537955534675 1.0 0.0 1.0 0.0 0.0 0.0 1287.9060000000002 0.004560698643513642 1658712.0 11.099549540409287 0.16788240000000001 0.0007206581769462231 
1.6200000000000003 9.424321830774484e-09 -0.5697634 5.625655102786182e-06 1.013384 0.0025737468407009763 1.0 0.0 1.0 0.0 0.0 0.0 1287.91 0.010954452472979128 1658722.0 25.674890457409937 0.1673934 0.0005491820536028975 
1.61 0.0 -0.559753 6.493073911284589e-06 1.0043528 0.0030982304420478176 1.0 0.0 1.0 0.0 0.0 0.0 1287.886 0.011523887657812681 1658664.0 31.317726609701413 0.1680862 0.00034287891740483896 
1.6 0.0 -0.5497436 3.232336310209761e-06 1.0139960000000001 0.002579704789300239 1.0 0.0 1.0 0.0 0.0 0.0 1287.888 0.007694158709630161 1658672.0 18.41738309315414 0.16780980000000004 0.0009853198627842452 
1.59 0.0 -0.5397588 4.625148568757812e-06 1.0132504 0.005334807674883038 1.0 0.0 1.0 0.0 0.0 0.0 1287.894 0.010807407236821812 1658684.0 25.392912396966203 0.16751459999999999 0.0007318965828594627 
1.58 0.0 -0.5297638 4.265207188047857e-06 1.009488 0.0032462537177597424 1.0 0.0 1.0 0.0 0.0 0.0 1287.91 0.004898983879280956 1658724.0 10.807404868885037 0.1689598 0.0006995474765873667 
1.57 0.0 -0.5197520000000001 7.408102209036278e-06 1.014726 0.0038304784035403487 1.0 0.0 1.0 0.0 0.0 0.0 1287.884 0.010807405082459884 1658654.0 28.368997162395427 0.1674212 0.0007916959214242833 
1.56 0.0 -0.5097419999999999 6.517668939106394e-06 1.0031896 0.004070284045127377 1.0 0.0 1.0 0.0 0.0 0.0 1287.888 0.014805407317887943 1658666.0 36.943199644860215 0.16731020000000002 0.00042345818211281326 
1.55 0.0 -0.4997564 8.210237935287835e-06 1.0044016 0.002271392411711966 1.0 0.0 1.0 0.0 0.0 0.0 1287.904 0.01043072561391058 1658718.0 27.04071004984891 0.1676764 0.00043908173270897684 
1.54 0.0 -0.48974140000000005 9.004887110712248e-06 1.019302 0.0026509249706427565 1.0 0.0 1.0 0.0 0.0 0.0 1287.874 0.004560693538357784 1658630.0 9.797958971132712 0.16796619999999998 0.0005904361371065445 
1.53 0.0 -0.47973679999999996 8.687462919249328e-06 1.0081724 0.004404868811662055 1.0 0.0 1.0 0.0 0.0 0.0 1287.8939999999998 0.01080740939118331 1658684.0 27.942798714516766 0.1675922 0.0005836730865819513 
1.52 0.0 -0.46976060000000003 7.3517344490490536e-06 1.0150963999999998 0.005955977901909833 1.0 0.0 1.0 0.0 0.0 0.0 1287.898 0.00954987377309888 1658686.0 27.07027890510181 0.16828520000000002 0.000981129243269716 
1.51 0.0 -0.4597614 4.98477641254778e-06 1.0046664 0.0051230679058506 1.0 0.0 1.0 0.0 0.0 0.0 1287.892 0.005215363923035931 1658682.0 13.682105101189656 0.16832260000000002 0.0005180337131882615 
1.5 0.0 -0.44974359999999997 4.70404134589741e-06 1.0139679999999998 0.005020021035825132 1.0 0.0 1.0 0.0 0.0 0.0 1287.88 0.007999995533375685 1658642.0 18.19890106572372 0.1675724 0.000782296342826656 
1.49 0.0 -0.4397544 5.288478579814868e-06 1.0071521999999997 0.006131257413619841 1.0 0.0 1.0 0.0 0.0 0.0 1287.8980000000001 0.010353739977285666 1658688.0 26.892378102354577 0.1671676 0.0006402023805021063 
1.48 0.0 -0.42974819999999997 7.737700033007102e-06 1.0137999999999998 0.0035098159496016316 1.0 0.0 1.0 0.0 0.0 0.0 1287.876 0.007266362880851746 1658632.0 20.079840636817814 0.16698779999999996 0.0008582447855957579 
1.47 0.0 -0.4197546 3.965855240051384e-06 1.0081099999999998 0.0031526915485145302 1.0 0.0 1.0 0.0 0.0 0.0 1287.888 0.011798308440144026 1658668.0 27.91415411578864 0.16871640000000002 0.000970871880321454 
1.46 0.0 -0.40974640000000007 4.322960154017892e-06 1.0077896 0.0024069622614424193 1.0 0.0 1.0 0.0 0.0 0.0 1287.8920000000003 0.006572660289778126 1658678.0 16.099689437998485 0.1680932 0.0008158829033622193 
1.45 0.0 -0.3997538 7.46940455122075e-06 1.014626 0.002328653860063626 1.0 0.0 1.0 0.0 0.0 0.0 1287.8860000000002 0.002190877316809573 1658658.0 4.381780460041329 0.1687044 0.0007906791308743931 
1.44 0.0 -0.3897478 1.0073331552841224e-05 1.016416 0.0039055832855044896 1.0 0.0 1.0 0.0 0.0 0.0 1287.8799999999999 0.010954454598421925 1658644.0 28.64960732715197 0.16778959999999998 0.0005683706255615904 
1.43 0.0 -0.3797558 4.227529287517432e-06 1.0093398 0.003343962444771152 1.0 0.0 1.0 0.0 0.0 0.0 1287.8880000000001 0.014805402600070816 1658664.0 40.15968127363563 0.16737580000000002 0.0005744939616725376 
1.42 0.0 -0.3697526 1.022389372597029e-05 1.011832 0.005055229688149283 1.0 0.0 1.0 0.0 3.47204e-07 3.105486984239348e-07 1287.886 0.010807407236821812 1658664.0 30.672463220289302 0.16800159999999997 0.0007607641737104672 
1.41 0.0 -0.35974320000000004 5.673798861022507e-06 1.0079749999999998 0.006240050935691103 1.0 0.0 1.0 0.0 0.0 0.0 1287.874 0.009208691209028324 1658632.0 22.163032283512106 0.1675104 0.000582248647914967 
1.4 0.0 -0.3497412 7.084631488746586e-06 1.013706 0.005745089451003623 1.0 0.0 1.0 0.0 6.94408e-07 3.8034292571204734e-07 1287.8780000000002 0.012132598926042425 1658640.0 30.463092423455635 0.1676146 0.0008910885298328759 
1.39 0.0 -0.339753 5.663920392856534e-06 1.0064368 0.003380639021256418 1.0 0.0 1.0 0.0 0.0 0.0 1287.894 0.010807407236821812 1658686.0 25.706030420895406 0.16884719999999998 0.000843117045256452 
1.38 0.0 -0.329738 3.5777091447476952e-06 1.009626 0.002537574590044918 1.0 0.0 1.0 0.0 0.0 0.0 1287.892 0.009549868896998763 1658674.0 27.509998182479038 0.1671424 0.00036208116217238093 
1.37 0.0 -0.3197506 6.9085457863156535e-06 1.006099 0.0025185354474251682 1.0 0.0 1.0 0.0 1.3887819999999999e-06 5.80959033326103e-07 1287.8860000000002 0.006693274388081248 1658664.0 16.14930339054908 0.1662068 0.0009287421773561225 
1.36 6.664001874625056e-09 -0.30975620000000004 4.3762994247712705e-06 1.0088948 0.0049498699005116244 1.0 0.0 1.0 0.0 0.0 0.0 1287.888 0.00867179683701627 1658666.0 20.119642143934865 0.1685944 0.0010140603769003896 
1.35 0.0 -0.2997416 5.561294727910888e-06 1.0124201999999998 0.005799519086278758 1.0 0.0 1.0 0.0 3.47204e-07 3.105486984239348e-07 1287.878 0.011454259805808296 1658640.0 29.664793948382652 0.1685592 0.0005952510327582714 
1.34 0.0 -0.2897514 3.1824520759110114e-06 1.0068194 0.006185741020123688 1.0 0.0 1.0 0.0 6.94408e-07 3.8034292571204734e-07 1287.884 0.01431083585140973 1658652.0 37.459311259018094 0.16757780000000003 0.00013833796296818277 
1.33 6.664001874625056e-09 -0.2797478 3.217452379277536e-06 1.0047388000000002 0.0022721178560844513 1.0 0.0 1.0 0.0 3.47204e-07 3.105486984239348e-07 1287.884 0.005366561885114658 1658658.0 13.0843417870369 0.1673644 0.0007494171388489573 
1.32 6.664001874625056e-09 -0.269755 9.732419971995378e-06 1.0095797999999998 0.0041984695344914925 1.0 0.0 1.0 0.0 0.0 0.0 1287.89 0.014966628969135028 1658672.0 39.63836525387998 0.16786720000000002 0.0005908086255284753 
1.31 0.0 -0.25973100000000005 4.166532610922249e-06 1.0068145999999998 0.003882835063210996 1.0 0.0 0.9999996 2.1905213791309883e-07 3.4716979999999997e-06 1.097792913554829e-06 1287.892 0.009549868896998763 1658674.0 24.26520142096496 0.1662424 0.0006620438414483089 
1.3 0.0 -0.249763 5.734108363442437e-06 1.0058896000000002 0.004029750509384609 1.0 0.0 0.9999996 2.1905213791309883e-07 2.777428e-06 9.315396590565535e-07 1287.8980000000001 0.0076941496314142125 1658688.0 20.27806696901852 0.1679452 0.0004748209262447913 
1.29 0.0 -0.23973640000000002 5.731317173653513e-06 1.012566 0.004495859962226722 1.0 0.0 1.0 0.0 1.3887819999999999e-06 5.80959033326103e-07 1287.894 0.012837446948251056 1658674.0 33.41855771872868 0.1694716 0.0008736286900054506 
1.28 0.0 -0.2297602 7.124043880601759e-06 1.0137444 0.00401187829925024 1.0 0.0 1.0 0.0 1.735952e-06 6.94374000166481e-07 1287.898 0.012132604683191156 1658694.0 32.81463088318989 0.1675662 0.0006967262532732831 
1.27 6.664001874625056e-09 -0.2197362 4.778284229656572e-06 1.0085730000000002 0.006452807389027528 1.0 0.0 0.9999998 1.7887601172235757e-07 2.777462e-06 7.916723875311049e-07 1287.884 0.010807405082459884 1658648.0 28.05708466680029 0.16853620000000002 0.00030928011898461783 
1.26 0.0 -0.20975800000000003 8.602325219607402e-06 1.0140879999999999 0.003925807330989584 1.0 0.0 0.9999996 2.1905213791309883e-07 3.818798e-06 1.2419894124875626e-06 1287.8960000000002 0.00606629658444548 1658684.0 14.587666023048374 0.1692918 0.0008638376884581003 
1.25 0.0 -0.199749 5.283937891911287e-06 1.016974 0.003138349375063846 0.9999998 1.7887601172235757e-07 0.9999991999999999 1.789380675825843e-07 7.637040000000001e-06 1.0527642286020163e-06 1287.886 0.005366570562195457 1658658.0 14.53272169966796 0.16806300000000002 0.0005269519902223418 
1.24 0.0 -0.18975579999999997 3.4802301187403423e-06 1.0049008000000001 0.005242782973948511 0.9999998 1.7887601172235757e-07 0.9999990000000001 4.712160915387242e-09 8.331276e-06 5.807228563891742e-07 1287.8939999999998 0.011865923512229964 1658682.0 32.0499609984162 0.16756680000000002 0.0002723555617192336 
1.23 0.0 -0.17973580000000003 3.570993794565666e-06 1.0093998 0.002555431868003784 0.9999996 2.1905213791309883e-07 0.9999991999999999 1.789380675825843e-07 8.330922e-06 1.6571373579891313e-06 1287.8880000000001 0.0071554122313653755 1658660.0 19.595917942265423 0.16848380000000002 0.00025033519928061455 
1.22 0.0 -0.1697494 7.313549127068572e-06 1.0185036 0.006920056702651655 0.9999996 2.1905213791309883e-07 0.9999990000000001 4.712160915387242e-09 1.0066186e-05 1.5046463748498506e-06 1287.89 0.0048989791266473015 1658674.0 10.807404868885037 0.1671104 0.0003679862606139988 
1.21 0.0 -0.159745 5.871967252224472e-06 1.013616 0.002006502628951186 0.9999991999999999 1.789380675825843e-07 0.9999984 2.1915348056849172e-07 1.4576618000000001e-05 1.9989987098793207e-06 1287.8740000000003 0.008294571629534002 1658624.0 21.651789764358973 0.1676344 0.0006226564124773589 
1.2 0.0 -0.14974440000000003 8.190726362850226e-06 1.0081174000000002 0.006125878389906691 0.9999991999999999 1.789380675825843e-07 0.9999982000000001 3.346297868745299e-07 1.6310838e-05 2.529985681705571e-06 1287.902 0.0033466458904695927 1658704.0 9.633275663033835 0.167848 0.0006524025137911937 
1.19 0.0 -0.139747 9.156418450045007e-06 1.0082499999999999 0.003393085911087602 0.9999990000000001 4.712160915387242e-09 0.999998 2.8280818003373996e-07 1.9779799999999997e-05 1.998398426540616e-06 1287.898 0.0059329696048252625 1658694.0 14.587666023048374 0.16915339999999998 0.000452451332192173 
1.18 0.0 -0.1297422 4.502443709470078e-06 1.0089134000000002 0.0061361183534800155 0.9999988 1.789380675825843e-07 0.999998 2.8284743441383513e-07 2.1166480000000003e-05 2.8343429979309084e-06 1287.884 0.007797435302707524 1658656.0 19.30802941783547 0.166991 0.00044620022411550833 
1.17 0.0 -0.11975280000000002 7.763504266967667e-06 1.0066562000000001 0.004583710849513133 0.9999986 2.191028151001072e-07 0.9999964 3.577830554110696e-07 3.29526e-05 3.889265822748554e-06 1287.8960000000002 0.00726635647239816 1658690.0 17.20465053408525 0.16905979999999998 0.0007008211412341802 
1.16 0.0 -0.1097394 3.584410655524002e-06 1.0145724 0.0070604396327676126 0.999998 2.8280818003373996e-07 0.999996 4.899061271952683e-07 4.126742e-05 4.445897537946647e-06 1287.894 0.007797438288697021 1658678.0 17.753872816937715 0.16633679999999998 0.0002967970889379911 
1.15 0.0 -0.09975472 1.0882734948660722e-05 1.0074628000000003 0.0031468043269118192 0.9999976 2.191028151001072e-07 0.999995 0.0 4.8196500000000005e-05 1.419192922755737e-06 1287.9180000000001 0.006572670917002651 1658746.0 16.395121225535355 0.1668152 0.0004651203199171077 
1.14 0.0 -0.08974546 8.688364632988599e-06 1.012438 0.002329603228027338 0.9999970000000001 2.827296549232345e-07 0.9999942 3.346297868745299e-07 5.92713e-05 3.865394823300717e-06 1287.8819999999998 0.013386564429745824 1658650.0 32.37282811247729 0.16763100000000003 0.0003527562331100661 
1.13 0.0 -0.07974329999999999 3.7374858191642584e-06 1.0183408 0.0067085707950312636 0.9999966 2.1915348056849172e-07 0.9999930000000001 2.827296549232345e-07 6.826708e-05 2.5227350658204616e-06 1287.884 0.005366561885114658 1658652.0 12.77497553813705 0.1667844 0.0007339619935663172 
1.12 0.0 -0.06975467999999999 8.807287900926561e-06 1.0053836 0.003620948490110793 0.999996 2.8284743441383513e-07 0.9999924 3.577830554110696e-07 7.518178000000001e-05 3.6448624634023706e-06 1287.8960000000002 0.015126133878723358 1658684.0 38.6367700513384 0.16712 0.0004980379905203188 
1.11 0.0 -0.05974326 9.628565833491132e-06 1.0085696 0.002732477580519699 0.9999946 2.1915348056849172e-07 0.9999893999999999 5.366900982026318e-07 0.00010833983999999998 6.089224341973306e-06 1287.882 0.005215359458711931 1658654.0 14.587666023048374 0.1684028 0.000503249075508327 
1.1 0.0 -0.04973786 6.858081361551992e-06 1.014758 0.0035522819707895005 0.999994 2.8280818003373996e-07 0.9999880000000001 5.656359882791031e-07 0.00012179700000000001 5.572022806844857e-06 1287.8899999999999 0.008000007174905897 1658672.0 19.05780679931455 0.1686284 0.0004283864236865811 
1.09 0.0 -0.039728959999999994 6.786433536573633e-06 1.019088 0.003812492518022149 0.9999922 3.346961355986625e-07 0.9999848 5.215619287233836e-07 0.00015417200000000003 5.515405464695998e-06 1287.886 0.014587665699133756 1658660.0 34.058772731852805 0.1685718 0.0006670082098444264 
1.08 0.0 -0.029752220000000003 6.082854590001617e-06 1.0150620000000001 0.0038767526616890133 0.999991 2.8284743441383513e-07 0.9999819999999999 4.00034431979886e-07 0.00017859 4.949496919890109e-06 1287.876 0.007266362880851746 1658634.0 16.637307474468336 0.1678474 0.000614382135156659 
1.07 0.0 -0.01974766 7.2049205400962736e-06 1.0128042000000002 0.004708438861437536 0.9999898 3.346629628808449e-07 0.9999790000000001 4.898834647168384e-07 0.0002091538 4.927763033263784e-06 1287.8579999999997 0.0059329696048252625 1658592.0 10.353743284435827 0.1671458 0.000808996533984732 
1.06 0.0 -0.009737166 9.122291641814543e-06 1.0171540000000001 0.003450976209701097 0.9999866000000001 5.366487236430975e-07 0.9999732 1.035368023292716e-06 0.0002670048 1.0555938061205178e-05 1287.8719999999998 0.006572678001809455 1658628.0 15.594870951694343 0.16845879999999996 0.00044915123511132717 
1.05 0.0 0.0002618946 4.6545731542213645e-06 1.019574 0.001324675356455069 0.9999822 4.381549559438784e-07 0.9999638000000001 9.121409620525175e-07 0.0003653512 1.1022249586722267e-05 1287.882 0.006572667374596385 1658648.0 16.589153082662175 0.1664474 0.0004365624445598508 
1.04 0.0 0.01027164 8.497698511958609e-06 1.0122579999999999 0.002989380404031893 0.9999786 9.208507706182376e-07 0.9999572000000001 1.797768129372165e-06 0.0004273364 1.974435383516007e-05 1287.876 0.010039921438082671 1658638.0 28.199290771223303 0.1666348 0.0008981518980665718 
1.03 0.0 0.02026714 7.177999721009446e-06 1.0176784 0.0059180506628448174 0.9999756 2.191028151001072e-07 0.9999511999999999 4.381802938045874e-07 0.0004914072 5.687603568463853e-06 1287.878 0.007694152657487385 1658640.0 20.591260281973998 0.1668028 0.0010047136268607237 
1.02 0.0 0.03027422 7.839101988070833e-06 1.0187320000000002 0.004810888815996486 0.9999694 7.797451745318598e-07 0.999939 1.6733148144042245e-06 0.0006100379999999999 1.5001481785478016e-05 1287.866 0.010039921438082671 1658612.0 25.043961347997644 0.16842800000000002 0.0008373736083717072 
1.01 0.0 0.04027376 6.9537098032781556e-06 1.0181825999999998 0.007925747246035451 0.9999614000000001 7.26605434283454e-07 0.9999229999999999 1.4142293217161516e-06 0.0007738326 1.2380247404959187e-05 1287.8759999999997 0.0072663692892996805 1658634.0 17.572706109191035 0.1681218 0.0003808040335940702 
1.0 0.0 0.0502804 7.228222462626141e-06 1.0074324000000001 0.004936750328704382 0.9999558000000001 8.67165646828281e-07 0.9999123999999998 1.7799061238416113e-06 0.0008794852 1.6703346992504736e-05 1287.8760000000002 0.006693270909504236 1658634.0 19.718012070185978 0.167994 0.0004958499773117979 
0.99 0.0 0.06027572 5.203644887429491e-06 1.0212340000000002 0.004338702663234839 0.9999428000000001 8.67152843839319e-07 0.9998864 1.6876050237392423e-06 0.001132874 1.4667671826163235e-05 1287.866 0.006066300422546153 1658612.0 14.25482374496437 0.1672282 0.00046168278287051325 
0.9800000000000001 6.664001874625056e-09 0.07029052 7.067865335091254e-06 1.0166619999999997 0.002562323008538168 0.9999316 7.797166974515395e-07 0.9998634000000001 1.6875984450364477e-06 0.001366782 1.8328150675939124e-05 1287.87 0.004000009408209585 1658618.0 8.67179335547152 0.1673312 0.00041603282562737776 
0.97 4.712160915387242e-09 0.08029952 6.589531108212895e-06 1.0220139999999998 0.003283986114477571 0.9999184 1.2837417393280821e-06 0.999837 2.5768196796084983e-06 0.001649794 3.2007543935767264e-05 1287.8560000000002 0.003577683338243164 1658586.0 7.797435475847172 0.16819800000000001 0.000976844184094526 
0.96 0.0 0.09029055999999999 3.888609085076158e-06 1.013244 0.003973176663575072 0.999903 1.2961526473850521e-06 0.9998064 2.6321078081654274e-06 0.0019559100000000004 3.080694038686483e-05 1287.848 0.003346631976172395 1658566.0 8.294576541331088 0.1683786 0.0006143874087258895 
0.95 4.712160915387242e-09 0.10033 5.74108000816323e-06 1.0288039999999998 0.004984701876750041 0.9998766 2.0707521309924426e-06 0.9997534 4.133760452548939e-06 0.002467272 4.660078165868053e-05 1287.828 0.00867179146717839 1658514.0 24.26520142096496 0.16655820000000002 0.0004437142684198108 
0.9399999999999998 4.712160915387242e-09 0.1103338 6.263545344876643e-06 1.0279060000000002 0.006113611436782531 0.9998491999999999 1.425489038018508e-06 0.9996986 2.9202778519234586e-06 0.003046084 4.0715455404545616e-05 1287.8319999999999 0.007155425246991835 1658520.0 17.88854381999832 0.1699118 0.0009500500365765808 
0.93 0.0 0.12034579999999999 7.92161602647467e-06 1.0335619999999999 0.0010619657245066001 0.999818 1.32665532693227e-06 0.9996364 2.5075958123172435e-06 0.003689638 1.654898459724208e-05 1287.824 0.011523885637394997 1658496.0 27.799280566230486 0.16872340000000002 0.00034065320782174333 
0.9200000000000002 6.664001874625056e-09 0.13036520000000001 4.89407792313748e-06 1.032066 0.007749472549795217 0.9997706 2.1279254710619433e-06 0.9995412 4.255817028913528e-06 0.0046699459999999995 5.805305970232484e-05 1287.7959999999998 0.008294580050602716 1658430.0 20.396078054371138 0.1690744 0.0004254963783619784 
0.9099999999999999 6.664001874625056e-09 0.14038499999999998 6.267375908607648e-06 1.0378640000000001 0.005326565572667639 0.9997247999999999 4.475717003039635e-06 0.9994501999999998 8.76082468496481e-06 0.005627045999999999 8.751738499750646e-05 1287.768 0.005932953907394318 1658360.0 13.2664991614216 0.1685314 0.001081120589019383 
0.9 4.712160915387242e-09 0.1504114 8.563177016504498e-06 1.0368159999999997 0.003419450950097236 0.9996626 6.472095980502134e-06 0.9993259999999999 1.2712198867551107e-05 0.006912153999999999 0.0001591075870623455 1287.7459999999999 0.014859342228565522 1658300.0 38.0525951808809 0.1694976 0.00043218168401792484 
0.89 0.0 0.1604422 7.4425801987339634e-06 1.0443799999999999 0.002911950549041932 0.9995872 2.086146601547728e-06 0.9991746000000001 4.055607736187228e-06 0.008532216 5.18814677201838e-05 1287.73 0.012328829620685926 1658264.0 31.572139617073784 0.1688752 0.0005801979248498706 
0.8800000000000001 6.664001874625056e-09 0.1704722 6.029261968309235e-06 1.052968 0.0024305215901194045 0.9994854 3.584415398361932e-06 0.9989724000000001 6.966198031907152e-06 0.010711179999999999 0.00011543713579262709 1287.664 0.00829457724358076 1658092.0 21.428952377566194 0.169591 0.0005847928180140798 
0.8699999999999999 6.664001874625056e-09 0.1805138 6.849233481579743e-06 1.0570199999999998 0.0029527126511123313 0.9993791999999999 6.8199735091138136e-06 0.9987604000000001 1.3589994621750482e-05 0.013110720000000001 0.0002076898503056793 1287.6219999999998 0.012132604683191156 1657984.0 32.323366161339074 0.1716062 0.0003683202302353404 
0.86 0.0 0.1905808 5.384422017916201e-06 1.0754920000000001 0.005553522413747358 0.9992202000000001 4.274568927620464e-06 0.9984417999999999 8.358948455490509e-06 0.0165494 0.00011659859690410226 1287.554 0.004560698643513642 1657808.0 11.099549540409287 0.1720196 0.00027348266490063474 
0.85 0.0 0.2006316 3.874016055464663e-06 1.075674 0.0029435918195238656 0.9990530000000002 6.37494769119475e-06 0.9981088 1.2532835977810227e-05 0.020036199999999997 0.00025581934250566875 1287.514 0.006693284823801434 1657704.0 16.637307474468336 0.1719002 0.000637906664018405 
0.8400000000000001 6.664001874625056e-09 0.21072919999999998 9.309779885702896e-06 1.0943919999999998 0.004027053910752267 0.9987862 8.919194561662697e-06 0.9975761999999999 1.756906558941882e-05 0.027162980000000003 0.000369376673221233 1287.3920000000003 0.006572663832188209 1657388.0 16.8285471743701 0.17289300000000002 0.001199073875955193 
0.8299999999999998 6.664001874625056e-09 0.22082259999999998 6.2070929596861465e-06 1.1132620000000002 0.0036707682029694217 0.9984971999999999 1.5741412056821305e-05 0.9970000000000001 3.137514878921747e-05 0.0344271 0.0006864426449456738 1287.2959999999998 0.012198364996251808 1657136.0 28.927495570823268 0.1769 0.00027907862691282134 
0.82 0.0 0.230947 1.23288280094471e-05 1.12386 0.0033884922900798455 0.9981342 1.1500957158548245e-05 0.9962758 2.303284541017569e-05 0.04352068 0.0005257739517320897 1287.1259999999997 0.009208698794163143 1656708.0 24.883729623993265 0.1784674 0.0006330800644462171 
0.8100000000000002 4.712160915387242e-09 0.22076479999999998 0.018215189479991737 406.38232 362.4526839799068 0.8888195999999999 0.09733349008295147 0.8862716 0.09751215231204774 563.3589915199999 503.8332982613069 1205.6438000000003 72.7023517608054 1507340.4 133135.13072111367 620.9080505999999 555.1937540338586 
0.8 0.0 0.13527565999999996 0.04242503559544626 124.76965200000002 110.56111818446402 0.41273864 0.21364403859974113 0.41111652000000004 0.2131274957587789 144.51359688 129.2217886934205 849.988 159.681711844281 857039.4 291976.1364457856 238.08592979999997 212.54366998324912 
0.79 0.0 0.06362403999999999 0.009381416993806433 378.42769799999996 337.45894966244316 0.0496552 0.04441296105453903 0.0491596 0.043969682938679464 424.29799999999994 379.50366828688226 578.562 33.23020713988999 360896.8 60599.947173178334 567.866464 507.27069991453993 
0.78 0.0 0.053102039999999996 8.337270540788894e-06 1.1429559999999999 0.004564108324753928 0.0 0.0 0.0 0.0 0.0 0.0 541.433 0.01710204710541712 293169.4 18.444728125008204 0.7185010000000001 0.0020479422843361268 
0.77 0.0 0.05312018 2.415847670896707e-06 1.1384260000000002 0.006186585229339746 6.94444e-08 6.211295962267454e-08 1.2056319999999998e-10 1.0783500431396106e-10 1.388612e-06 1.2420123305487753e-06 541.4415999999999 0.014922734901731613 293178.8 16.22196048426715 0.7319894 0.0020019087811386214 
0.76 0.0 0.05309406000000001 6.872705411145606e-06 1.141836 0.002550796895083666 0.0 0.0 0.0 0.0 0.0 0.0 541.451 0.020356817054511027 293188.6 22.102669588302845 0.7231738 0.002385522842485694 
0.75 0.0 0.05310958 5.533273890785547e-06 1.142916 0.004407699263785696 1.7361119999999998e-08 1.5528257794212457e-08 3.0140799999999995e-11 2.6958751078490266e-11 3.47204e-07 3.105486984239348e-07 541.4458 0.01014455491023927 293183.4 10.942028917260814 0.721067 0.0024499641303532514 
0.74 0.0 0.053126660000000006 6.27277290268351e-06 1.1320419999999998 0.005771841577877447 0.0 0.0 0.0 0.0 0.0 0.0 541.4266 0.010868670606775618 293162.8 11.735075607413815 0.726294 0.0028704987580576305 
0.73 0.0 0.05311210000000001 9.168773078311988e-06 1.1418380000000001 0.0048210948134190185 1.2152780000000002e-07 1.0869776878239956e-07 2.10986e-10 1.8871161532030821e-10 2.4297000000000002e-06 2.1731897459724956e-06 541.4134 0.015275077518355796 293148.2 16.38145289348192 0.7202734 0.002925229298361465 
0.72 0.0 0.05310404 9.864587166183033e-06 1.13553 0.004082270936630101 8.680560000000001e-08 4.9104676866139745e-08 1.50704e-10 8.525105628154995e-11 1.7358859999999998e-06 9.819577732656328e-07 541.4416 0.022529270054702438 293178.4 24.102447942608897 0.7250746 0.00502617578363738 
0.71 0.0 0.05311038 9.815188235923136e-06 1.146172 0.005184545804600018 0.0 0.0 0.0 0.0 0.0 0.0 541.429 0.015025312234452644 293165.0 16.252999741904617 0.7273102 0.0016460116500140057 
0.7 0.0 0.053124380000000006 4.843750603290315e-06 1.144678 0.003859013760007545 0.0 0.0 0.0 0.0 0.0 0.0 541.4232 0.016478835551990496 293159.0 17.77413855073441 0.731803 0.0017718136019357566 
0.69 0.0 0.05309648 3.5923696832905996e-06 1.1324940000000001 0.00522602763099683 5.2083400000000006e-08 4.658480915972502e-08 9.04224e-11 8.08762532354708e-11 1.04151e-06 9.315548636983223e-07 541.4408 0.009605831897389611 293177.6 10.532236368867132 0.7207342000000001 0.004028735517746985 
0.68 3.332000937312528e-09 0.0531031 1.1875386309400729e-05 1.142084 0.005556045068204895 0.0 0.0 0.0 0.0 0.0 0.0 541.4628 0.015140409558001503 293201.2 16.413165395225125 0.72712 0.003458088963576299 
0.67 0.0 0.053109439999999994 1.2158901263689895e-05 1.144256 0.002887842932029005 0.0 0.0 0.0 0.0 0.0 0.0 541.4287999999999 0.011659846685124516 293165.0 12.592061015193325 0.7306663999999999 0.002049849489114569 
0.66 3.332000937312528e-09 0.053120459999999994 4.618276748730963e-06 1.1466280000000002 0.0053177411745889865 0.0 0.0 0.0 0.0 0.0 0.0 541.4204000000001 0.010046292162017993 293155.6 10.931056835459188 0.7256958 0.0036529458950280416 
0.65 0.0 0.0531111 9.062582416195715e-06 1.1434339999999998 0.005519821446394705 0.0 0.0 0.0 0.0 0.0 0.0 541.4598000000001 0.015636879160389642 293198.4 16.851349981999075 0.7247608 0.003113483674605499 
0.64 0.0 0.05311184 1.5229250802401292e-05 1.141984 0.004338100598184987 0.0 0.0 0.0 0.0 0.0 0.0 541.4326000000001 0.011824042438028107 293169.0 12.645948015894385 0.7277816 0.001748270084390478 
0.63 0.0 0.053103559999999994 1.3261903338333058e-05 1.139446 0.004746260506966176 0.0 0.0 0.0 0.0 0.0 0.0 541.4585999999999 0.010089995846800072 293197.4 10.993088649095622 0.7227264000000001 0.0009857739132223906 
0.62 0.0 0.05309646 1.1263306794881812e-05 1.138186 0.00310631434340128 0.0 0.0 0.0 0.0 0.0 0.0 541.4653999999999 0.020866432817552096 293204.4 22.529269766590755 0.7198376 0.0033981598385007922 
0.61 0.0 0.05311702 1.1554441573121775e-05 1.1350500000000001 0.0026293558146342285 0.0 0.0 0.0 0.0 0.0 0.0 541.4522 0.005757776220794833 293189.6 6.194191014114429 0.724707 0.0017767445061172722 
0.6 0.0 0.05310456 6.725331219441859e-06 1.132034 0.005251499290678545 0.0 0.0 0.0 0.0 0.0 0.0 541.4323999999999 0.015439171607547245 293168.8 16.717416163206206 0.7176634000000001 0.0036885974852219508 
0.59 0.0 0.053109079999999996 9.573688952160629e-06 1.139808 0.006476158985080893 0.0 0.0 0.0 0.0 0.0 0.0 541.4348 0.018494107143236026 293171.2 20.193860410803467 0.7229750000000001 0.004258252533604748 
0.58 0.0 0.053115100000000005 1.0130863726773183e-05 1.138402 0.0043663947599875816 0.0 0.0 0.0 0.0 0.0 0.0 541.4287999999999 0.012268334001497953 293164.6 13.238126797195774 0.7274390000000001 0.0014768459093628824 
0.57 0.0 0.053099320000000005 1.118171363843812e-05 1.1382780000000001 0.006822005804746363 0.0 0.0 0.0 0.0 0.0 0.0 541.4397999999999 0.007010850686608514 293176.8 7.480107081661665 0.7220682 0.002853843168779654 
0.56 0.0 0.05310859999999999 6.381974621898987e-06 1.13912 0.0053605544489417475 0.0 0.0 0.0 0.0 0.0 0.0 541.4206 0.012641518586300098 293155.8 13.589407644267292 0.7287866000000001 0.0030538053323649348 
0.55 0.0 0.053093940000000006 1.0289785218848863e-05 1.142632 0.005767937863741655 0.0 0.0 0.0 0.0 0.0 0.0 541.4612 0.015355520720916735 293200.0 16.807141303008578 0.7239662 0.0023715369767287617 
0.54 0.0 0.05310494 1.4997482452376788e-05 1.1472740000000001 0.006077646649814929 0.0 0.0 0.0 0.0 0.0 0.0 541.4502 0.030339940727668758 293187.4 32.85069252340927 0.7243345999999999 0.003914029009604827 
0.53 0.0 0.05309488 7.3216610149497306e-06 1.1341940000000001 0.004921799345766358 0.0 0.0 0.0 0.0 0.0 0.0 541.4363999999999 0.011639931981367906 293173.2 12.50087997390865 0.7243378 0.0028612349976939785 
0.52 0.0 0.05309115999999999 1.4313534858951384e-05 1.146548 0.0047697827204253975 0.0 0.0 0.0 0.0 0.0 0.0 541.4494 0.018375200884699756 293187.0 19.949937343260004 0.726134 0.0029067156448480975 
0.51 0.0 0.05309899999999999 1.0668383199529576e-05 1.1372719999999998 0.0018894219221841737 0.0 0.0 0.0 0.0 0.0 0.0 541.4621999999999 0.01909848185184709 293201.0 20.521208571151533 0.7280398000000001 0.004903163985832305 
0.5 0.0 0.053100159999999993 1.0789832256060647e-05 1.14689 0.0075288442672186906 0.0 0.0 0.0 0.0 0.0 0.0 541.4688 0.011615162726367801 293208.0 12.509196568097284 0.723674 0.004838740968474086 
0.49000000000000005 3.332000937312528e-09 0.05311242000000001 4.482267270739817e-06 1.1359460000000001 0.005393823578863236 0.0 0.0 0.0 0.0 0.0 0.0 541.4322 0.011884107316810685 293168.8 12.876024283247272 0.7237351999999999 0.0033355294080560345 
0.48 0.0 0.05310204 9.380430687463637e-06 1.14167 0.0031880840641349884 0.0 0.0 0.0 0.0 0.0 0.0 541.452 0.006578753954387711 293190.0 7.116178706978095 0.7292066 0.001727505452373593 
0.4699999999999999 2.356080457693621e-09 0.05310296 1.7032054489601713e-05 1.136082 0.007023866399641288 0.0 0.0 0.0 0.0 0.0 0.0 541.4594000000001 0.011319363222870117 293198.2 12.2160549147695 0.727692 0.0019242852803040094 
0.4600000000000001 3.332000937312528e-09 0.05310456 1.881566581168827e-05 1.133064 0.002510041593272072 1.7361119999999998e-08 1.5528257794212457e-08 3.0140799999999995e-11 2.6958751078490266e-11 3.47204e-07 3.105486984239348e-07 541.471 0.012419339234563759 293210.8 13.324863935566741 0.7291888 0.0031479171831580266 
0.45 2.356080457693621e-09 0.05309182 8.715384098738572e-06 1.1311579999999999 0.0037788584519767862 1.7361119999999998e-08 1.5528257794212457e-08 3.0140799999999995e-11 2.6958751078490266e-11 3.47204e-07 3.105486984239348e-07 541.4523999999999 0.013346460776174617 293190.2 14.5558234762006 0.7223105999999999 0.0009712019192928557 
0.44000000000000006 3.332000937312528e-09 0.0531053 4.641982336916754e-06 1.142478 0.0024139733221250686 0.0 0.0 0.0 0.0 0.0 0.0 541.4408 0.017646302687760417 293178.0 18.891267791741686 0.7330388 0.002734567364682985 
0.43 0.0 0.053097759999999994 8.706990306497138e-06 1.13811 0.006501684704754239 0.0 0.0 0.0 0.0 0.0 0.0 541.4508 0.009339808061731776 293188.6 10.200392203176936 0.7266995999999999 0.00397762558921997 
0.42000000000000004 3.332000937312528e-09 0.05310996 9.373136087212808e-06 1.135576 0.0070046085400972576 0.0 0.0 0.0 0.0 0.0 0.0 541.4399999999999 0.013404477526350496 293176.8 14.62709820685993 0.7213866 0.004605787451457627 
0.41 0.0 0.05311249999999999 7.260468312671577e-06 1.1515920000000002 0.00538416002733334 0.0 0.0 0.0 0.0 0.0 0.0 541.4433999999999 0.010467474244976691 293180.4 11.155626158809607 0.7208462000000001 0.0022146141406482445 
0.4 0.0 0.05309729999999999 1.2997476680593655e-05 1.141994 0.006192610176659 0.0 0.0 0.0 0.0 0.0 0.0 541.4598 0.014177165010672689 293198.2 15.360729113598975 0.725854 0.0030037524664989165 
0.39 0.0 0.05310336 1.2140958772656734e-05 1.141766 0.006682929058428195 0.0 0.0 0.0 0.0 0.0 0.0 541.4196 0.014055888456240255 293155.0 15.367498189697356 0.7309680000000001 0.0029356755542780675 
0.38 0.0 0.05310024 9.656400983526174e-06 1.139318 0.006209313263159591 0.0 0.0 0.0 0.0 0.0 0.0 541.4664 0.020689320854279884 293205.6 22.3366963297997 0.7252563999999999 0.002422806944029811 
0.37 0.0 0.05311136000000001 8.58811270665303e-06 1.14363 0.004907881009157889 0.0 0.0 0.0 0.0 0.0 0.0 541.4513999999999 0.016058892154264103 293189.2 17.441100921179643 0.7233026 0.003153765135201612 
0.36 0.0 0.05311058 9.95949396380445e-06 1.14245 0.003515509635886743 0.0 0.0 0.0 0.0 0.0 0.0 541.4104 0.010996726730991608 293144.6 11.938509242350465 0.7241596 0.0014971254750375793 
0.35 0.0 0.05311294 9.742057285417504e-06 1.14378 0.006421712544174585 0.0 0.0 0.0 0.0 0.0 0.0 541.4220000000001 0.00899777617998543 293157.2 9.819979515287395 0.7197356 0.004074640662437576 
0.34 1.666000468656264e-09 0.05311972 1.4654157091734681e-05 1.142374 0.0049628166196227395 0.0 0.0 0.0 0.0 0.0 0.0 541.4326 0.011941859676717159 293168.8 12.88534065456477 0.7263933999999999 0.002375457271351718 
0.33 1.666000468656264e-09 0.0531077 5.2451882682955006e-06 1.1450019999999999 0.0026114553796813883 0.0 0.0 0.0 0.0 0.0 0.0 541.457 0.019433991150171366 293195.2 21.155424810231704 0.7255366 0.0018754152094969982 
0.32 0.0 0.0531214 3.864815656755869e-06 1.144632 0.005264925754457249 0.0 0.0 0.0 0.0 0.0 0.0 541.4074 0.013400298179154129 293141.6 14.611228680026846 0.7207554 0.0010404064436455624 
0.31 0.0 0.05310648 3.6918721568453397e-06 1.143986 0.004051664941730103 0.0 0.0 0.0 0.0 0.0 0.0 541.4332 0.012990457399094426 293169.6 14.007426662630946 0.7277172 0.003087300301559501 
0.3 0.0 0.05313573999999999 6.968592409566437e-06 1.140504 0.003611969656577524 0.0 0.0 0.0 0.0 0.0 0.0 541.4372000000001 0.018398695483798345 293174.0 19.951942230752795 0.7238184000000001 0.0019278612730182687 
0.29 0.0 0.05313066000000001 8.894159872992345e-06 1.13687 0.003143062201100749 0.0 0.0 0.0 0.0 0.0 0.0 541.4294 0.005923512226187832 293165.8 6.371185238460222 0.7302472000000001 0.002508499717352209 
0.28 0.0 0.053114459999999995 6.047187777383078e-06 1.1414 0.00539292276970503 1.7361119999999998e-08 1.5528257794212457e-08 3.0140799999999995e-11 2.6958751078490266e-11 3.47204e-07 3.105486984239348e-07 541.4436000000002 0.007302599630212043 293180.6 7.785114110209585 0.724052 0.0035098910410412015 
0.27 0.0 0.05309741999999999 1.8544679023734264e-05 1.1412140000000002 0.005405613822676501 0.0 0.0 0.0 0.0 0.0 0.0 541.4568 0.01292872749103956 293195.2 14.055319238685657 0.7329562000000001 0.0030922633186663585 
0.26 0.0 0.05308988 4.373502035434763e-06 1.136388 0.0033025703929023724 0.0 0.0 0.0 0.0 0.0 0.0 541.4332 0.006308089330602229 293169.4 6.960459614628548 0.7246074 0.0022919815112690776 
0.25 0.0 0.05309564 4.927441518261737e-06 1.137796 0.007942187406501657 0.0 0.0 0.0 0.0 0.0 0.0 541.4716000000001 0.021547342543356558 293211.2 23.486847398755366 0.7266128000000001 0.005067587934311183 
0.24 0.0 0.05310898000000001 1.4684070276492581e-05 1.1422219999999998 0.003941195148686672 0.0 0.0 0.0 0.0 0.0 0.0 541.4376 0.01695783001295486 293174.6 18.30977883805899 0.7335816 0.003591217516109465 
0.23000000000000004 1.666000468656264e-09 0.053098200000000005 4.0971209356116615e-06 1.146438 0.005633394997684777 0.0 0.0 0.0 0.0 0.0 0.0 541.4652 0.01140666487344273 293203.8 12.229145593749589 0.7210682 0.001557546337027827 
0.22000000000000003 1.666000468656264e-09 0.05310226 1.6574959427919013e-05 1.151358 0.004595404138914174 0.0 0.0 0.0 0.0 0.0 0.0 541.4442 0.016322744677439268 293181.6 17.85855545473058 0.7272128 0.001585736053698976 
0.21000000000000002 1.666000468656264e-09 0.05310233999999999 6.729196101233147e-06 1.1375920000000002 0.005228582523009753 0.0 0.0 0.0 0.0 0.0 0.0 541.4356 0.0037905147807315905 293172.0 3.9597978205076165 0.7223226 0.0032734615757619152 
0.2 0.0 0.053104479999999996 8.77584868696621e-06 1.14184 0.006440211797764681 0.0 0.0 0.0 0.0 0.0 0.0 541.4590000000001 0.009818349605666991 293197.4 10.532236079113108 0.7184858000000001 0.0029108942048733785 
0.19 0.0 0.05309476 1.2594017629419373e-05 1.144896 0.005228610981895761 0.0 0.0 0.0 0.0 0.0 0.0 541.4458000000001 0.004274574846743348 293183.4 4.695529581088271 0.7270252 0.0018182649619865989 
0.18 0.0 0.05311406 1.0667205819474478e-05 1.130658 0.002953680280606037 0.0 0.0 0.0 0.0 0.0 0.0 541.4286 0.016974333997359696 293164.6 18.338157037718897 0.7265144000000001 0.003111149261602119 
0.17 8.33000234328132e-10 0.05311568 9.006193425521818e-06 1.143156 0.007595348892574027 0.0 0.0 0.0 0.0 0.0 0.0 541.42 0.008323461738044132 293155.4 8.978195565116009 0.717449 0.003100812990166292 
0.16 0.0 0.05311064 5.422147176120769e-06 1.1462199999999998 0.003136794542227959 0.0 0.0 0.0 0.0 0.0 0.0 541.4455999999999 0.0146276453592722 293183.4 15.870979725162636 0.7279226000000001 0.002596138433898139 
0.15 0.0 0.053092360000000005 4.004956917885693e-06 1.14278 0.0011872152290141292 0.0 0.0 0.0 0.0 0.0 0.0 541.4394 0.018864993906744617 293176.2 20.56676927208101 0.7240038 0.002225293569848284 
0.14 0.0 0.05310034 1.0583330288061167e-05 1.139878 0.004487127722722702 1.7361119999999998e-08 1.5528257794212457e-08 3.0140799999999995e-11 2.6958751078490266e-11 3.47204e-07 3.105486984239348e-07 541.432 0.012393546927048906 293168.4 13.433093390834257 0.7260207999999999 0.0015649191007850098 
0.13 0.0 0.053103220000000007 4.7688488973408315e-06 1.1415419999999998 0.0032113329319936328 0.0 0.0 0.0 0.0 0.0 0.0 541.4332 0.008604184096581759 293169.4 9.30634168755203 0.7222154 0.0012257113722335467 
0.12 0.0 0.05309568 6.52333657135225e-06 1.1373159999999998 0.004033478498776348 0.0 0.0 0.0 0.0 0.0 0.0 541.4648 0.01127262186317082 293203.8 12.29113514586135 0.7250334 0.0018788033340377327 
0.11000000000000001 8.33000234328132e-10 0.05311249999999999 1.3338275756618339e-05 1.1441459999999999 0.0048929178206898755 0.0 0.0 0.0 0.0 0.0 0.0 541.4412 0.022230429710986672 293178.6 23.982660451237177 0.728398 0.0024203927284692037 
0.1 0.0 0.05309618000000001 8.831643099764384e-06 1.14394 0.00275367390953109 0.0 0.0 0.0 0.0 0.0 0.0 541.448 0.008657944348824729 293185.6 9.314934370103524 0.7281337999999999 0.003248693736259908 
0.09 0.0 0.05309802 9.096786243466294e-06 1.146624 0.0025219113386414534 0.0 0.0 0.0 0.0 0.0 0.0 541.4518 0.011601378843992373 293189.6 12.593966877397461 0.7210554 0.0034492085422614823 
0.08 0.0 0.0531072 8.782846924236637e-06 1.1440379999999999 0.006520859697928157 0.0 0.0 0.0 0.0 0.0 0.0 541.4222 0.014959679365792171 293157.6 16.234777650805498 0.7281572000000001 0.0038990058774003313 
0.07 0.0 0.0531051 1.1652398890140756e-05 1.1257860000000002 0.0026952619167578645 0.0 0.0 0.0 0.0 0.0 0.0 541.4630000000001 0.0055353399928008955 293201.6 5.855595916731196 0.7202537999999999 0.001600192448434578 
0.06 0.0 0.05310964 7.75755631557262e-06 1.134428 0.0029795951402788513 0.0 0.0 0.0 0.0 0.0 0.0 541.4562 0.010474349599821743 293194.4 11.173540085705827 0.7207674 0.0034710982538677985 
0.05 0.0 0.05311354 1.042683461038834e-05 1.137696 0.008092498056843572 0.0 0.0 0.0 0.0 0.0 0.0 541.4312 0.01755539795802836 293167.4 19.13029009888711 0.7206216000000001 0.00479778688647033 
0.04 0.0 0.05311454 7.814069365903612e-06 1.1400739999999998 0.003706863472004358 0.0 0.0 0.0 0.0 0.0 0.0 541.4262 0.01733066634537689 293161.8 18.728374247465393 0.7267939999999999 0.0021494145435481766 
0.03 0.0 0.053116300000000005 8.79795430557925e-06 1.140014 0.003027023092070474 0.0 0.0 0.0 0.0 0.0 0.0 541.4216 0.015973979095779342 293156.8 17.152026158526386 0.7192218 0.0021313694076850135 
0.02 0.0 0.0530944 6.76343108149686e-06 1.140834 0.005685247998110108 0.0 0.0 0.0 0.0 0.0 0.0 541.4472 0.005421440453045323 293184.8 5.854229250898047 0.7257084 0.0028583152884147115 
0.01 0.0 0.053112179999999995 4.024862744337319e-06 1.140806 0.002823551805797013 0.0 0.0 0.0 0.0 0.0 0.0 541.4322 0.014069541850211274 293168.8 15.108673110959415 0.7226398 0.0034598004497308405 
