1 0.508263 0.286098 0.303102 0.0922635 0.226302 449.341 202093 0.414422
0.99 0.505209 0.288828 0.302463 0.0918822 0.231735 449.824 202525 0.413145
0.98 0.502708 0.294705 0.301589 0.0913562 0.235102 449.968 202652 0.410195
0.97 0.4998 0.287995 0.300628 0.0907724 0.234747 449.985 202668 0.414654
0.96 0.496694 0.291374 0.300157 0.0904903 0.237567 450.573 203197 0.41938
0.95 0.49384 0.296807 0.299016 0.089807 0.240194 450.516 203146 0.422746
0.94 0.490884 0.304318 0.298059 0.0892436 0.247778 450.686 203297 0.422873
0.93 0.487974 0.305902 0.29726 0.0887636 0.247769 450.986 203569 0.429754
0.92 0.484825 0.305526 0.296576 0.0883572 0.250507 451.201 203760 0.427661
0.91 0.481627 0.305212 0.295475 0.0876987 0.248922 451.359 203901 0.42866
0.9 0.478843 0.305916 0.294686 0.0872355 0.25329 451.617 204134 0.432544
0.89 0.475853 0.306945 0.293847 0.0867363 0.252607 451.971 204452 0.434294
0.88 0.472673 0.311027 0.292942 0.0862101 0.258666 452.148 204611 0.43552
0.87 0.469513 0.313574 0.29205 0.0856906 0.263248 452.237 204695 0.450022
0.86 0.466613 0.31661 0.290815 0.0849675 0.264018 452.256 204705 0.43677
0.85 0.463318 0.317287 0.289935 0.0844611 0.270089 452.556 204978 0.446389
0.84 0.460094 0.322363 0.2895 0.0842028 0.269335 453.174 205536 0.444787
0.83 0.456957 0.329701 0.288758 0.0837741 0.27258 453.569 205894 0.451068
0.82 0.45357 0.330617 0.28774 0.0831914 0.27876 453.822 206124 0.456775
0.81 0.450157 0.325596 0.28717 0.0828587 0.2789 454.244 206511 0.470583
0.8 0.446391 0.328844 0.286271 0.0823425 0.281922 454.693 206913 0.458001
0.79 0.443534 0.335332 0.285001 0.0816189 0.286813 454.62 206844 0.458406
0.78 0.439763 0.339471 0.284404 0.0812793 0.290575 455.172 207343 0.453436
0.77 0.436834 0.347479 0.283334 0.080675 0.296632 455.396 207551 0.471649
0.76 0.433408 0.3516 0.282673 0.0802916 0.293554 455.815 207931 0.472221
0.75 0.429924 0.3451 0.281645 0.0797216 0.305253 456.044 208137 0.470915
0.74 0.426172 0.352235 0.281011 0.0793555 0.302242 456.596 208643 0.483581
0.73 0.422651 0.358227 0.280045 0.0788225 0.313536 456.874 208894 0.480396
0.72 0.418578 0.36111 0.27948 0.0785001 0.312726 457.528 209492 0.485539
0.71 0.415511 0.361779 0.27848 0.0779463 0.320689 457.743 209690 0.494172
0.7 0.411963 0.357747 0.277733 0.0775257 0.321057 458.376 210266 0.489764
0.69 0.408248 0.369879 0.27657 0.0768748 0.320614 458.309 210206 0.502046
0.68 0.404608 0.378187 0.275976 0.0765576 0.33467 459.094 210925 0.502699
0.67 0.400609 0.385402 0.275401 0.0762432 0.341568 459.772 211546 0.503058
0.66 0.396638 0.38123 0.274647 0.0758209 0.340163 460.362 212087 0.50669
0.65 0.392768 0.387756 0.274232 0.0756 0.351432 461.082 212756 0.531693
0.64 0.388884 0.393013 0.273402 0.0751389 0.351166 461.557 213188 0.518073
0.63 0.384966 0.39863 0.272829 0.0748284 0.359014 462.092 213681 0.520994
0.62 0.381013 0.401084 0.271888 0.0743195 0.368179 462.599 214152 0.535828
0.61 0.377143 0.403122 0.271005 0.0738406 0.374893 462.926 214452 0.539173
0.6 0.37305 0.41517 0.270697 0.0736726 0.379796 463.985 215432 0.540184
0.59 0.368711 0.41912 0.270297 0.0734573 0.387328 464.67 216069 0.551471
0.58 0.36472 0.426997 0.269542 0.0730499 0.39411 465.247 216606 0.561474
0.57 0.360176 0.427564 0.269595 0.0730748 0.397677 466.402 217676 0.547668
0.56 0.355978 0.438119 0.268741 0.07262 0.409811 466.869 218114 0.564845
0.55 0.351572 0.444525 0.268525 0.0725009 0.413762 468.04 219209 0.570743
0.54 0.347482 0.451986 0.26772 0.072078 0.430756 468.306 219456 0.574683
0.53 0.342847 0.461643 0.267491 0.0719506 0.433658 469.4 220481 0.583409
0.52 0.33795 0.464727 0.267631 0.072015 0.430696 470.508 221518 0.57229
0.51 0.333298 0.476946 0.267408 0.0719083 0.453376 471.484 222442 0.601571
0.5 0.328415 0.479772 0.267626 0.0720228 0.459852 472.784 223666 0.600767
0.49 0.323671 0.497121 0.267498 0.0719528 0.467317 473.752 224582 0.608386
0.48 0.318867 0.500902 0.267731 0.0720831 0.48383 474.906 225678 0.627317
0.47 0.313383 0.515814 0.268496 0.0724996 0.501964 476.741 227424 0.632068
0.46 0.308152 0.528232 0.268895 0.0727134 0.512118 478.006 228627 0.627011
0.45 0.303143 0.539981 0.269217 0.0728835 0.519451 479.203 229768 0.617646
0.44 0.297214 0.555061 0.270562 0.0736212 0.546272 481.192 231684 0.655264
0.43 0.292116 0.572181 0.270899 0.0737993 0.552877 482.523 232967 0.666952
0.42 0.285618 0.59015 0.272949 0.0749202 0.574844 484.975 235339 0.679404
0.41 0.280113 0.611924 0.273504 0.0752348 0.604268 486.304 236632 0.706555
0.4 0.273852 0.639378 0.27553 0.0763445 0.615771 488.664 238929 0.698848
0.39 0.267314 0.656332 0.277833 0.0776305 0.648966 491.196 241411 0.715754
0.38 0.260524 0.673037 0.280254 0.078985 0.671126 493.669 243847 0.735549
0.37 0.253208 0.694539 0.283661 0.0809116 0.697916 496.641 246788 0.736247
0.36 0.246559 0.727359 0.286225 0.082385 0.736492 499.036 249170 0.743755
0.35 0.23896 0.791048 0.290394 0.0848021 0.778935 502.33 252474 0.786887
0.34 0.230527 0.83241 0.295438 0.08777 0.824177 506.208 256384 0.801248
0.33 0.221825 0.870832 0.300934 0.0910498 0.852815 510.238 260481 0.817876
0.32 0.213012 0.953677 0.306972 0.094754 0.940251 514.405 264755 0.863023
0.31 0.202724 0.996094 0.315125 0.0998368 0.990275 519.657 270184 0.870771
0.3 0.192867 1.11079 0.323114 0.104968 1.08554 524.485 275229 0.91713
0.29 0.181266 1.19278 0.33399 0.112125 1.14277 530.964 282065 0.926454
0.28 0.168649 1.36726 0.346645 0.120779 1.2687 538.05 289645 0.975892
0.27 0.154344 1.48535 0.362285 0.131897 1.38011 546.212 298496 1.00417
0.26 0.138682 1.67285 0.380211 0.145245 1.5175 555.371 308583 1.01182
0.25 0.120497 1.86726 0.403331 0.163411 1.69401 566.393 320950 1.05178
0.24 0.0993903 2.32472 0.431514 0.187042 2.01147 579.151 335577 1.15856
0.23 0.074917 2.67517 0.466302 0.218318 2.20573 594.194 353224 1.15092
0.22 0.0455577 3.1169 0.510008 0.261034 2.42332 611.93 374610 1.12551
0.21 0.0129292 3.48683 0.559151 0.313592 2.58568 630.533 397710 1.03929
0.2 -0.022103 3.51828 0.612827 0.376406 2.44569 649.31 421715 0.853411
0.19 -0.0588699 3.59167 0.668628 0.447819 2.289 667.356 445452 0.694988
0.18 -0.0934361 3.47549 0.720049 0.519103 2.0239 682.518 465898 0.551464
0.17 -0.126309 3.07323 0.76752 0.589569 1.63349 695.44 483688 0.426246
0.16 -0.157054 2.91885 0.810427 0.657183 1.40922 706.23 498802 0.365135
0.15 -0.185015 2.67659 0.847793 0.719054 1.15612 715.042 511317 0.294933
0.14 -0.21062 2.46174 0.880409 0.77535 0.949985 722.265 521692 0.259259
0.13 -0.234605 2.28339 0.909374 0.827133 0.757913 728.601 530882 0.233169
0.12 -0.256437 2.08869 0.933702 0.871918 0.575301 733.808 538493 0.213689
0.11 -0.27625 1.88764 0.953918 0.910041 0.427338 738.137 544862 0.200159
0.1 -0.294281 1.6737 0.970268 0.941474 0.306678 741.907 550440 0.19036
0.09 -0.310206 1.51365 0.982319 0.964983 0.201516 745.012 555055 0.177216
0.08 -0.324469 1.35079 0.990802 0.981705 0.11769 747.648 558988 0.176258
0.07 -0.337224 1.18655 0.99599 0.992003 0.0569421 749.875 562322 0.17059
0.06 -0.348696 1.08866 0.998656 0.997316 0.0221614 751.819 565239 0.174007
0.05 -0.359411 1.03034 0.999714 0.999429 0.00569352 753.561 567861 0.169111
0.04 -0.369701 1.0133 0.999971 0.999941 0.000729791 755.218 570359 0.168687
0.03 -0.379852 0.994883 1 0.999999 8.67925e-06 756.896 572895 0.16811
0.02 -0.389942 1.00544 1 1 0 758.533 575375 0.168711
0.01 -0.399987 1.00276 1 1 0 760.14 577814 0.164028
