3 -2.08582 1.02317 1 1 0 1255.19 1.57552e+06 0.134154
2.99 -2.07578 1.0019 1 1 0 1255.24 1.57564e+06 0.134605
2.98 -2.06582 1.02641 1 1 0 1255.2 1.57554e+06 0.134398
2.97 -2.0558 1.00793 1 1 0 1255.21 1.57555e+06 0.135511
2.96 -2.04578 1.02922 1 1 0 1255.21 1.57557e+06 0.132943
2.95 -2.0358 1.00402 1 1 0 1255.19 1.5755e+06 0.135513
2.94 -2.0258 1.00101 1 1 0 1255.18 1.57548e+06 0.136396
2.93 -2.01581 0.991125 1 1 0 1255.17 1.57546e+06 0.133588
2.92 -2.00581 1.00281 1 1 0 1255.17 1.57545e+06 0.133276
2.91 -1.99577 1.0186 1 1 0 1255.2 1.57554e+06 0.13429
2.9 -1.98578 0.999785 1 1 0 1255.17 1.57545e+06 0.13422
2.89 -1.97581 1.00199 1 1 0 1255.2 1.57554e+06 0.133007
2.88 -1.96582 1.00439 1 1 0 1255.19 1.57552e+06 0.132874
2.87 -1.9558 1.01496 1 1 0 1255.22 1.57559e+06 0.134013
2.86 -1.94583 0.998656 1 1 0 1255.16 1.57543e+06 0.135036
2.85 -1.93581 1.01164 1 1 0 1255.19 1.5755e+06 0.136097
2.84 -1.9258 1.00398 1 1 0 1255.17 1.57547e+06 0.135243
2.83 -1.91581 0.989662 1 1 0 1255.19 1.57551e+06 0.135537
2.82 -1.90586 1.00597 1 1 0 1255.19 1.57551e+06 0.132548
2.81 -1.89584 0.992218 1 1 0 1255.21 1.57556e+06 0.132993
2.8 -1.88581 1.00409 1 1 0 1255.17 1.57546e+06 0.134935
2.79 -1.87577 1.02616 1 1 0 1255.18 1.57549e+06 0.133269
2.78 -1.86578 1.00305 1 1 0 1255.21 1.57556e+06 0.134078
2.77 -1.85581 1.00515 1 1 0 1255.2 1.57552e+06 0.133986
2.76 -1.84584 1.00367 1 1 0 1255.22 1.57558e+06 0.13341
2.75 -1.83581 1.01162 1 1 0 1255.18 1.5755e+06 0.131257
2.74 -1.82579 1.01059 1 1 0 1255.17 1.57545e+06 0.13313
2.73 -1.81583 1.0232 1 1 0 1255.2 1.57554e+06 0.131815
2.72 -1.80581 1.02032 1 1 0 1255.2 1.57553e+06 0.133217
2.71 -1.7958 1.01407 1 1 0 1255.19 1.5755e+06 0.130996
2.7 -1.7858 1.00116 1 1 0 1255.19 1.57552e+06 0.135509
2.69 -1.7758 1.01725 1 1 0 1255.18 1.57549e+06 0.134316
2.68 -1.7658 1.00617 1 1 0 1255.18 1.57549e+06 0.132645
2.67 -1.7558 1.01131 1 1 0 1255.16 1.57544e+06 0.132777
2.66 -1.74579 1.00337 1 1 0 1255.2 1.57553e+06 0.133654
2.65 -1.73579 1.00844 1 1 0 1255.24 1.57564e+06 0.136328
2.64 -1.72576 1.02925 1 1 0 1255.16 1.57544e+06 0.133755
2.63 -1.71582 1.0012 1 1 0 1255.24 1.57563e+06 0.134311
2.62 -1.70579 1.00767 1 1 0 1255.24 1.57563e+06 0.132892
2.61 -1.6958 1.01167 1 1 0 1255.17 1.57546e+06 0.132134
2.6 -1.68579 1.00665 1 1 0 1255.19 1.57552e+06 0.133161
2.59 -1.67582 1.01134 1 1 0 1255.17 1.57546e+06 0.133248
2.58 -1.66581 1.0122 1 1 0 1255.22 1.57557e+06 0.134474
2.57 -1.65578 1.00454 1 1 0 1255.17 1.57546e+06 0.134822
2.56 -1.64583 0.996859 1 1 0 1255.16 1.57543e+06 0.136213
2.55 -1.6358 1.0046 1 1 0 1255.19 1.57552e+06 0.130994
2.54 -1.62583 1.00018 1 1 0 1255.19 1.57551e+06 0.131943
2.53 -1.61579 0.998387 1 1 0 1255.17 1.57546e+06 0.133693
2.52 -1.60579 0.996828 1 1 0 1255.19 1.57551e+06 0.136994
2.51 -1.5958 1.01163 1 1 0 1255.22 1.57558e+06 0.132549
2.5 -1.5858 1.01934 1 1 0 1255.17 1.57546e+06 0.13423
2.49 -1.5758 1.0146 1 1 1.73602e-06 1255.21 1.57555e+06 0.132632
2.48 -1.56581 0.999083 1 1 0 1255.2 1.57553e+06 0.134988
2.47 -1.55576 1.01023 1 1 0 1255.24 1.57565e+06 0.136086
2.46 -1.54583 0.985168 1 1 0 1255.16 1.57543e+06 0.134434
2.45 -1.53579 1.00312 1 1 0 1255.19 1.57552e+06 0.134005
2.44 -1.52577 0.99352 1 1 0 1255.15 1.5754e+06 0.135487
2.43 -1.51578 1.01498 1 1 0 1255.21 1.57556e+06 0.133926
2.42 -1.50579 0.990584 1 1 0 1255.17 1.57547e+06 0.133298
2.41 -1.49578 1.0098 1 1 0 1255.17 1.57547e+06 0.134033
2.4 -1.48578 0.991367 1 1 0 1255.24 1.57562e+06 0.134029
2.39 -1.47581 1.01458 1 1 0 1255.16 1.57544e+06 0.132606
2.38 -1.46581 1.00163 1 1 0 1255.2 1.57553e+06 0.135208
2.37 -1.45579 1.00413 1 1 0 1255.18 1.57548e+06 0.134328
2.36 -1.44578 1.00414 1 1 0 1255.2 1.57553e+06 0.133323
2.35 -1.43582 1.00547 1 1 0 1255.23 1.57561e+06 0.135331
2.34 -1.42581 1.01382 1 1 0 1255.2 1.57553e+06 0.133249
2.33 -1.41579 1.023 1 1 0 1255.18 1.57547e+06 0.134577
2.32 -1.4058 0.986728 1 1 0 1255.18 1.5755e+06 0.132436
2.31 -1.39576 1.01785 1 1 0 1255.13 1.57537e+06 0.136286
2.3 -1.3858 1.00918 1 1 0 1255.22 1.57559e+06 0.13367
2.29 -1.37584 1.0175 1 1 0 1255.18 1.57548e+06 0.133631
2.28 -1.36582 1.02658 1 1 0 1255.2 1.57553e+06 0.135076
2.27 -1.3558 1.00408 1 1 0 1255.15 1.57542e+06 0.133079
2.26 -1.34582 1.02421 1 1 0 1255.21 1.57555e+06 0.13454
2.25 -1.33578 1.01734 1 1 0 1255.19 1.5755e+06 0.133401
2.24 -1.32581 1.00464 1 1 0 1255.19 1.57552e+06 0.134136
2.23 -1.31581 1.00501 1 1 0 1255.2 1.57555e+06 0.1334
2.22 -1.30581 1.00148 1 1 0 1255.17 1.57547e+06 0.133513
2.21 -1.29581 1.00959 1 1 0 1255.16 1.57545e+06 0.133416
2.2 -1.2858 1.0045 1 1 0 1255.2 1.57554e+06 0.13324
2.19 -1.27578 1.02143 1 1 0 1255.18 1.57549e+06 0.134214
2.18 -1.26579 0.997167 1 1 0 1255.17 1.57547e+06 0.132258
2.17 -1.2558 1.01159 1 1 0 1255.21 1.57556e+06 0.135715
2.16 -1.2458 1.00244 1 1 0 1255.21 1.57555e+06 0.133399
2.15 -1.23578 1.00954 1 1 0 1255.16 1.57544e+06 0.132797
2.14 -1.2258 1.01567 1 1 0 1255.18 1.57549e+06 0.132135
2.13 -1.21579 1.01867 1 1 0 1255.18 1.57548e+06 0.133034
2.12 -1.20581 1.01596 1 1 0 1255.23 1.57561e+06 0.132471
2.11 -1.19581 1.00243 1 1 0 1255.16 1.57544e+06 0.136637
2.1 -1.18581 1.01134 1 1 0 1255.19 1.57551e+06 0.132608
2.09 -1.1758 0.999921 1 1 0 1255.21 1.57557e+06 0.133134
2.08 -1.1658 0.997136 1 1 0 1255.2 1.57553e+06 0.133846
2.07 -1.15582 1.0138 1 1 0 1255.18 1.57548e+06 0.135145
2.06 -1.14579 1.01906 1 1 0 1255.18 1.57549e+06 0.134835
2.05 -1.13582 1.00055 1 1 0 1255.21 1.57556e+06 0.134361
2.04 -1.12581 1.00523 1 1 0 1255.16 1.57543e+06 0.130747
2.03 -1.11578 1.00418 1 1 0 1255.24 1.57563e+06 0.135613
2.02 -1.10583 0.999518 1 1 0 1255.2 1.57553e+06 0.133706
2.01 -1.09581 1.00912 1 1 0 1255.19 1.57552e+06 0.133747
2 -1.08578 0.997061 1 1 0 1255.19 1.57551e+06 0.133822
1.99 -1.07582 1.00176 1 1 0 1255.24 1.57562e+06 0.132584
1.98 -1.06577 1.00438 1 1 0 1255.16 1.57543e+06 0.135466
1.97 -1.0558 1.02473 1 1 0 1255.22 1.57559e+06 0.13419
1.96 -1.04584 1.01709 1 1 0 1255.2 1.57553e+06 0.135798
1.95 -1.03583 1.01562 1 1 0 1255.2 1.57553e+06 0.134623
1.94 -1.0258 1.01381 1 1 0 1255.18 1.57549e+06 0.134063
1.93 -1.0158 0.995562 1 1 0 1255.18 1.5755e+06 0.133077
1.92 -1.0058 1.00839 1 1 0 1255.17 1.57545e+06 0.135565
1.91 -0.995802 1.0177 1 1 0 1255.21 1.57556e+06 0.133045
1.9 -0.985794 1.00248 1 1 0 1255.19 1.57552e+06 0.134352
1.89 -0.975787 1.00429 1 1 0 1255.22 1.5756e+06 0.13386
1.88 -0.965789 1.0112 1 1 0 1255.24 1.57564e+06 0.13548
1.87 -0.955802 1.00976 1 1 0 1255.23 1.5756e+06 0.133416
1.86 -0.945797 1.02075 1 1 0 1255.18 1.57548e+06 0.134398
1.85 -0.935786 1.02148 1 1 0 1255.17 1.57547e+06 0.134841
1.84 -0.925791 1.01644 1 1 0 1255.17 1.57545e+06 0.13335
1.83 -0.915813 1.00145 1 1 0 1255.16 1.57545e+06 0.134849
1.82 -0.905777 0.995333 1 1 0 1255.21 1.57557e+06 0.13411
1.81 -0.895769 1.01658 1 1 0 1255.21 1.57557e+06 0.135735
1.8 -0.885828 1.01708 1 1 0 1255.19 1.57552e+06 0.133348
1.79 -0.875798 1.02026 1 1 0 1255.17 1.57545e+06 0.13831
1.78 -0.865811 1.01208 1 1 0 1255.19 1.57552e+06 0.130904
1.77 -0.8558 1.00913 1 1 0 1255.22 1.57559e+06 0.134689
1.76 -0.84583 0.993516 1 1 0 1255.18 1.57549e+06 0.13429
1.75 -0.835806 1.01439 1 1 0 1255.2 1.57554e+06 0.134217
1.74 -0.8258 1.00524 1 1 0 1255.19 1.57552e+06 0.134168
1.73 -0.815793 1.00914 1 1 0 1255.22 1.57559e+06 0.135348
1.72 -0.805796 1.01429 1 1 0 1255.14 1.57539e+06 0.133339
1.71 -0.795792 1.0017 1 1 0 1255.18 1.57549e+06 0.134749
1.7 -0.785787 1.0135 1 1 0 1255.21 1.57557e+06 0.133895
1.69 -0.775813 0.994641 1 1 0 1255.2 1.57553e+06 0.133549
1.68 -0.765805 1.00593 1 1 0 1255.2 1.57554e+06 0.132833
1.67 -0.755797 0.999836 1 1 0 1255.17 1.57546e+06 0.134128
1.66 -0.745831 1.01256 1 1 0 1255.21 1.57556e+06 0.135862
1.65 -0.735848 0.994946 1 1 0 1255.21 1.57555e+06 0.13204
1.64 -0.725781 1.01605 1 1 0 1255.2 1.57554e+06 0.138691
1.63 -0.715807 1.01595 1 1 0 1255.18 1.57548e+06 0.132337
1.62 -0.705805 0.989224 1 1 0 1255.16 1.57543e+06 0.134426
1.61 -0.695823 1.0224 1 1 0 1255.22 1.5756e+06 0.135273
1.6 -0.685785 1.00077 1 1 0 1255.21 1.57555e+06 0.136035
1.59 -0.6758 1.00691 1 1 0 1255.18 1.57548e+06 0.134433
1.58 -0.665819 1.02395 1 1 0 1255.18 1.57549e+06 0.133472
1.57 -0.6558 0.999472 1 1 0 1255.17 1.57547e+06 0.133694
1.56 -0.645794 1.0069 1 1 0 1255.19 1.5755e+06 0.135733
1.55 -0.635808 1.01582 1 1 0 1255.19 1.5755e+06 0.131196
1.54 -0.625831 1.01749 1 1 0 1255.17 1.57546e+06 0.135039
1.53 -0.615811 1.00785 1 1 0 1255.17 1.57545e+06 0.133176
1.52 -0.605778 1.00671 1 1 0 1255.18 1.57548e+06 0.134136
1.51 -0.595799 1.00699 1 1 0 1255.2 1.57553e+06 0.13224
1.5 -0.5858 1.00754 1 1 0 1255.18 1.57549e+06 0.136722
1.49 -0.575825 1.00632 1 1 0 1255.21 1.57556e+06 0.134542
1.48 -0.565766 1.00107 1 1 0 1255.18 1.57549e+06 0.136422
1.47 -0.555791 1.00955 1 1 0 1255.23 1.57561e+06 0.137585
1.46 -0.545809 1.00541 1 1 0 1255.2 1.57554e+06 0.133554
1.45 -0.53577 1.01333 1 1 0 1255.16 1.57543e+06 0.132666
1.44 -0.525784 1.00631 1 1 0 1255.2 1.57552e+06 0.135277
1.43 -0.51577 1.00238 1 1 0 1255.22 1.57559e+06 0.131043
1.42 -0.505786 1.01562 1 1 0 1255.17 1.57545e+06 0.131917
1.41 -0.495808 0.992539 1 1 0 1255.17 1.57546e+06 0.133129
1.4 -0.485829 1.02612 1 1 0 1255.2 1.57553e+06 0.134476
1.39 -0.475806 0.999845 1 1 0 1255.2 1.57555e+06 0.132124
1.38 -0.465786 1.00967 1 1 0 1255.19 1.57552e+06 0.132944
1.37 -0.455797 0.999849 1 1 0 1255.23 1.5756e+06 0.130707
1.36 -0.445808 0.997019 1 1 0 1255.16 1.57545e+06 0.133626
1.35 -0.4358 1.00562 1 1 0 1255.16 1.57543e+06 0.135037
1.34 -0.425801 1.02479 1 1 0 1255.16 1.57545e+06 0.133823
1.33 -0.415821 1.01451 1 1 0 1255.2 1.57554e+06 0.134884
1.32 -0.405805 1.00744 1 1 1.73602e-06 1255.17 1.57546e+06 0.133993
1.31 -0.395787 1.03578 1 1 0 1255.21 1.57556e+06 0.133356
1.3 -0.385799 1.02511 1 1 0 1255.19 1.57552e+06 0.133149
1.29 -0.375793 1.01266 1 1 0 1255.2 1.57554e+06 0.134753
1.28 -0.365795 1.01327 1 1 1.73602e-06 1255.19 1.57551e+06 0.132772
1.27 -0.355782 0.998997 1 1 0 1255.19 1.57552e+06 0.133161
1.26 -0.3458 1.00651 1 1 1.73602e-06 1255.18 1.57549e+06 0.134101
1.25 -0.335802 1.01745 1 1 1.73602e-06 1255.22 1.57558e+06 0.131279
1.24 -0.3258 0.994165 1 1 0 1255.21 1.57556e+06 0.135725
1.23 -0.315786 0.996169 1 1 1.73602e-06 1255.19 1.57551e+06 0.131483
1.22 -0.305806 0.992648 1 1 0 1255.19 1.57551e+06 0.135456
1.21 -0.295784 1.01197 1 1 0 1255.23 1.5756e+06 0.134606
1.2 -0.2858 1.00623 1 1 3.47187e-06 1255.19 1.57552e+06 0.133484
1.19 -0.275805 1.03145 1 1 1.73602e-06 1255.2 1.57553e+06 0.135862
1.18 -0.265827 0.996443 1 1 1.73602e-06 1255.16 1.57543e+06 0.134389
1.17 -0.25581 1.00653 1 1 0 1255.2 1.57552e+06 0.132911
1.16 -0.245821 0.995927 1 0.999999 5.20755e-06 1255.19 1.57551e+06 0.133919
1.15 -0.235801 1.00421 1 0.999999 6.94305e-06 1255.18 1.57549e+06 0.135572
1.14 -0.225791 1.00888 0.999999 0.999999 1.21485e-05 1255.19 1.5755e+06 0.13371
1.13 -0.215804 1.03164 1 1 1.73602e-06 1255.21 1.57556e+06 0.134249
1.12 -0.2058 0.999135 1 0.999999 5.20755e-06 1255.16 1.57543e+06 0.134674
1.11 -0.19581 0.997861 1 0.999999 6.94305e-06 1255.18 1.57549e+06 0.135168
1.1 -0.185795 0.996362 0.999999 0.999998 1.73524e-05 1255.21 1.57555e+06 0.135919
1.09 -0.17582 1.02574 0.999999 0.999999 1.04135e-05 1255.21 1.57557e+06 0.132365
1.08 -0.165806 1.00645 0.999999 0.999999 1.38833e-05 1255.2 1.57553e+06 0.134285
1.07 -0.155793 1.01601 0.999999 0.999997 2.77556e-05 1255.18 1.57549e+06 0.134155
1.06 -0.14582 1.00199 0.999998 0.999997 3.12219e-05 1255.18 1.57548e+06 0.133055
1.05 -0.135817 1.00702 0.999998 0.999996 3.81524e-05 1255.16 1.57543e+06 0.134428
1.04 -0.125822 1.01951 0.999998 0.999996 3.64201e-05 1255.2 1.57555e+06 0.135119
1.03 -0.115823 0.995996 0.999997 0.999994 5.89274e-05 1255.2 1.57554e+06 0.13384
1.02 -0.105793 1.00275 0.999998 0.999996 3.98846e-05 1255.18 1.57549e+06 0.133883
1.01 -0.0958128 1.00478 0.999996 0.999992 7.79492e-05 1255.21 1.57556e+06 0.135049
1 -0.0857857 1.01063 0.999995 0.99999 9.52235e-05 1255.2 1.57555e+06 0.135569
0.99 -0.0757935 1.02285 0.999995 0.999989 0.000107305 1255.17 1.57547e+06 0.133596
0.98 -0.0658109 1.01235 0.999995 0.999989 0.00010558 1255.18 1.57549e+06 0.135429
0.97 -0.0558176 0.99907 0.999993 0.999986 0.000134889 1255.22 1.57559e+06 0.134636
0.96 -0.0457948 1.00715 0.99999 0.99998 0.000210597 1255.2 1.57555e+06 0.134929
0.95 -0.0357994 1.01238 0.999988 0.999977 0.000239737 1255.16 1.57544e+06 0.134092
0.94 -0.0258129 1.01578 0.999986 0.999971 0.000289275 1255.17 1.57547e+06 0.132428
0.93 -0.0157967 1.0069 0.999984 0.999969 0.000311392 1255.23 1.57562e+06 0.131485
0.92 -0.00577686 1.02071 0.99998 0.999961 0.000389624 1255.16 1.57544e+06 0.13359
0.91 0.0042197 1.01802 0.999974 0.999949 0.000506386 1255.21 1.57556e+06 0.13424
0.9 0.0141995 1.02125 0.999967 0.999933 0.000657339 1255.13 1.57537e+06 0.133726
0.89 0.0242266 0.998906 0.99996 0.99992 0.000795628 1255.15 1.57541e+06 0.134341
0.88 0.034228 1.00974 0.999957 0.999914 0.000870833 1255.18 1.57548e+06 0.134219
0.87 0.0442224 1.03216 0.999943 0.999887 0.00112814 1255.15 1.57541e+06 0.132258
0.86 0.0542658 1.01114 0.99993 0.99986 0.00142437 1255.17 1.57547e+06 0.135378
0.85 0.064235 1.02219 0.999919 0.999839 0.001614 1255.17 1.57545e+06 0.136051
0.84 0.0742582 1.05099 0.999894 0.999788 0.00217398 1255.12 1.57534e+06 0.132878
0.83 0.0842467 1.01977 0.999871 0.999743 0.00253504 1255.14 1.57539e+06 0.13422
0.82 0.0942779 1.03244 0.999846 0.999691 0.00307423 1255.15 1.57541e+06 0.132669
0.81 0.104315 1.04051 0.999816 0.999632 0.00374044 1255.15 1.57542e+06 0.134246
0.8 0.11428 1.04664 0.999767 0.999535 0.00477016 1255.13 1.57537e+06 0.134647
0.79 0.124324 1.03802 0.999712 0.999424 0.00576774 1255.09 1.57525e+06 0.133746
0.78 0.134345 1.03575 0.999645 0.99929 0.00719335 1255.02 1.57509e+06 0.136919
0.77 0.144431 1.03931 0.99956 0.999121 0.00932423 1255.05 1.57515e+06 0.136003
0.76 0.154449 1.06186 0.999476 0.998954 0.0108464 1255.02 1.5751e+06 0.135867
0.75 0.164452 1.06894 0.999364 0.99873 0.0131001 1254.96 1.57494e+06 0.136602
0.74 0.174554 1.08399 0.999196 0.998395 0.0165946 1254.91 1.57482e+06 0.136429
0.73 0.184572 1.06585 0.999019 0.99804 0.0204945 1254.87 1.57472e+06 0.136881
0.72 0.194685 1.10729 0.998774 0.997552 0.0267466 1254.8 1.57453e+06 0.139343
0.71 0.204756 1.11084 0.998493 0.996991 0.0332093 1254.73 1.57436e+06 0.140805
0.7 0.214888 1.11661 0.99814 0.996287 0.0401494 1254.61 1.57406e+06 0.139964
0.69 0.225063 1.15677 0.997656 0.995321 0.0509684 1254.42 1.57358e+06 0.142881
0.68 0.235204 1.20251 0.997064 0.994143 0.0693355 1254.22 1.57308e+06 0.145142
0.67 0.0580226 216.778 0.0228477 0.0212891 239.237 557.999 322257 390.492
0.66 0.0530988 1.14516 8.68056e-08 1.50704e-10 1.73602e-06 541.455 293193 0.722994
0.65 0.0530899 1.10461 0 0 0 541.446 293184 0.72297
0.64 0.0531245 1.16023 0 0 0 541.439 293176 0.720768
0.63 0.0531243 1.1483 0 0 0 541.394 293127 0.732826
0.62 0.0531037 1.1245 0 0 0 541.487 293228 0.722361
0.61 0.053073 1.14395 0 0 0 541.457 293195 0.731176
0.6 0.0530886 1.13697 0 0 0 541.52 293264 0.727169
0.59 0.0531018 1.14109 8.68056e-08 1.50704e-10 1.73602e-06 541.445 293182 0.7188
0.58 0.0530781 1.13441 0 0 0 541.469 293208 0.723553
0.57 0.0530896 1.13016 0 0 0 541.48 293220 0.724542
0.56 0.0530996 1.12644 0 0 0 541.461 293200 0.719127
0.55 0.0531044 1.13044 0 0 0 541.425 293161 0.729711
0.54 0.0531245 1.14648 0 0 0 541.452 293190 0.722873
0.53 0.0530893 1.13375 0 0 0 541.507 293249 0.711429
0.52 0.0531017 1.13218 0 0 0 541.508 293250 0.724692
0.51 0.0531402 1.13411 0 0 0 541.381 293113 0.715338
0.5 0.0531099 1.12933 0 0 0 541.422 293158 0.737568
0.49 0.0531176 1.12663 0 0 0 541.437 293174 0.726797
0.48 0.0531575 1.17157 0 0 0 541.417 293152 0.729799
0.47 0.053094 1.13675 0 0 0 541.427 293162 0.719162
0.46 0.0531168 1.13542 0 0 0 541.419 293154 0.723051
0.45 0.0531101 1.1358 0 0 0 541.408 293142 0.73011
0.44 0.0530983 1.13508 0 0 0 541.451 293189 0.727805
0.43 0.053105 1.15282 0 0 0 541.49 293231 0.73376
0.42 0.053108 1.13174 0 0 0 541.465 293204 0.728066
0.41 0.0531362 1.15405 0 0 0 541.43 293166 0.71984
0.4 0.05309 1.12036 0 0 0 541.452 293189 0.713773
0.39 0.0531025 1.14036 0 0 0 541.389 293121 0.724656
0.38 0.0531272 1.13992 0 0 0 541.425 293162 0.740624
0.37 0.0531143 1.15672 0 0 0 541.469 293208 0.725846
0.36 0.053102 1.16216 0 0 0 541.427 293163 0.726078
0.35 0.0531164 1.14529 0 0 0 541.441 293178 0.721751
0.34 0.053124 1.14277 0 0 0 541.381 293113 0.725507
0.33 0.0531363 1.1522 0 0 0 541.389 293121 0.717525
0.32 0.0531129 1.1365 0 0 0 541.471 293211 0.733169
0.31 0.0531209 1.12903 0 0 0 541.444 293181 0.716328
0.3 0.0531143 1.13257 0 0 0 541.452 293190 0.732429
0.29 0.0531316 1.13352 0 0 0 541.344 293073 0.726048
0.28 0.0531132 1.14455 0 0 0 541.473 293213 0.72805
0.27 0.0530867 1.15739 0 0 0 541.482 293222 0.728011
0.26 0.0530817 1.14737 0 0 0 541.457 293195 0.727122
0.25 0.0531408 1.12922 0 0 0 541.357 293086 0.715325
0.24 0.0530872 1.11825 0 0 0 541.471 293211 0.726672
0.23 0.0531002 1.14183 0 0 0 541.396 293130 0.718392
0.22 0.0531182 1.13962 0 0 0 541.434 293171 0.726628
0.21 0.0531077 1.14939 0 0 0 541.454 293192 0.736459
0.2 0.0531182 1.13017 0 0 0 541.419 293154 0.72239
0.19 0.0531013 1.11859 0 0 0 541.435 293172 0.73013
0.18 0.0530954 1.10366 0 0 0 541.426 293162 0.721254
0.17 0.0531276 1.13711 0 0 0 541.384 293116 0.733185
0.16 0.0531098 1.14793 0 0 0 541.385 293118 0.73862
0.15 0.0531247 1.12285 0 0 0 541.437 293173 0.727598
0.14 0.0531129 1.14932 0 0 0 541.478 293218 0.729082
0.13 0.0531188 1.13272 0 0 0 541.421 293156 0.718918
0.12 0.0531021 1.13925 0 0 0 541.475 293215 0.734194
0.11 0.0530843 1.12307 0 0 0 541.425 293160 0.719311
0.1 0.0531016 1.17387 0 0 0 541.519 293263 0.730117
0.09 0.0531098 1.14878 0 0 0 541.402 293136 0.721336
0.08 0.0531135 1.14869 0 0 0 541.478 293218 0.729215
0.07 0.0530861 1.12501 0 0 0 541.482 293222 0.741464
0.06 0.0531229 1.14254 0 0 0 541.425 293160 0.717508
0.05 0.0531274 1.15771 0 0 0 541.428 293164 0.73157
0.04 0.0531398 1.12529 0 0 0 541.397 293130 0.725677
0.03 0.053136 1.14875 0 0 0 541.428 293164 0.730301
0.02 0.0531364 1.15243 0 0 0 541.474 293214 0.73572
0.01 0.0530962 1.14906 0 0 0 541.432 293168 0.736823
