1.0 0.0 0.5483052 5.2225970400479585e-05 0.3635846 0.0019011781105431203 0.16786979999999999 8.635248694324671e-05 0.028479519999999998 2.716873791782341e-05 0.1723942 0.0010981845892204048 458.95439999999996 0.12652165035040142 210910.8 114.31164420982284 0.5917702 0.004749809018475584 
0.99 0.0 0.5444493999999999 7.684613215106285e-05 0.36645 0.0014174609977007464 0.1662506 6.508984560148536e-05 0.027933620000000003 2.1763959198072456e-05 0.17120359999999998 0.0006240710600574406 458.4952 0.08377226270553684 210484.4 77.26712108124066 0.5866558 0.002946710849745519 
0.9800000000000001 6.664001874625056e-09 0.5408128 0.0001594448869979665 0.36641160000000006 0.0006889105370000042 0.16476960000000002 4.289951047468472e-05 0.027442880000000003 1.455385584557364e-05 0.1726566 0.0005954747081113227 458.0344 0.07402194270578613 210062.4 67.3929373280983 0.5940472 0.0028707006587235647 
0.97 4.712160915387242e-09 0.5371694 5.722419065284737e-05 0.3660972 0.0009388024030664201 0.16313660000000002 5.621145789509186e-05 0.0269065 1.8220120746876234e-05 0.1739792 0.0009183433519118448 457.47619999999995 0.06992876376716424 209548.6 63.75365087489445 0.595083 0.002708762256083565 
0.96 0.0 0.533525 7.677499593895891e-05 0.3674842 0.000422937007127585 0.1614896 2.3201034450876746e-05 0.026368720000000002 7.335197337028735e-06 0.1738886 0.0005133876975549031 456.91720000000004 0.07182055412621613 209036.2 65.8035865246851 0.5994387999999999 0.001749862312303775 
0.95 4.712160915387242e-09 0.5298502 4.970263564074142e-05 0.3716328 0.0013750696680526451 0.1600524 6.750205922307372e-05 0.02590444 2.2318648704585717e-05 0.17442680000000002 0.0005339580058374356 456.6106 0.09431122945329398 208754.4 85.88578461694098 0.602451 0.003445172796829399 
0.9399999999999998 4.712160915387242e-09 0.52588 8.45718629006849e-05 0.3711676 0.0006777517303592943 0.15834779999999998 5.728343566747089e-05 0.025357800000000003 1.7945227777050014e-05 0.17387599999999998 0.0005786026615930513 456.0434 0.09698313251797158 208234.2 88.59137655103088 0.6033878 0.002714541219434591 
0.93 0.0 0.522348 6.943658963828579e-05 0.3718932 0.0017397786617849393 0.1565406 3.5111935283929246e-05 0.0247895 1.1300017699413965e-05 0.1762302 0.0002580634650607472 455.25600000000003 0.06073351624513855 207518.6 55.92752453388475 0.6158303999999999 0.002247183438890067 
0.9200000000000002 6.664001874625056e-09 0.5185641999999999 3.115560977640068e-05 0.3734412 0.002009976604838873 0.1549182 6.495623141613795e-05 0.024280160000000002 2.007323790505422e-05 0.1755872 0.0003966989185760668 454.90740000000005 0.10011017927476466 207197.6 90.46263316398877 0.6143914 0.003812365287847444 
0.9099999999999999 6.664001874625056e-09 0.5148431999999998 0.00018276704310003287 0.37298059999999994 0.0014986769792080107 0.15335680000000002 7.566420553872871e-05 0.023793039999999998 2.4253141652491982e-05 0.1738524 0.00093833625529446 454.3612 0.11568833991163283 206696.2 105.31605765562091 0.609847 0.004568960336881258 
0.9 4.712160915387242e-09 0.5112546 8.798799916663564e-05 0.3749224 0.0019206956573074245 0.1518118 6.746104060803322e-05 0.02332508 2.169385903827264e-05 0.1780428 0.001133741748371267 453.99760000000003 0.06300768202296947 206369.2 56.44282060892258 0.625381 0.0032184737128029394 
0.89 0.0 0.5074948 9.418976583083922e-05 0.37424359999999995 0.00109850453253834 0.1500552 0.00012527965517113463 0.02279168 3.7404089616201846e-05 0.178012 0.00044726394891729824 453.2902 0.16495754604878168 205725.0 149.64892248192098 0.6260441999999999 0.0009623022144924904 
0.8800000000000001 6.664001874625056e-09 0.5036343999999999 8.523126197724531e-05 0.3767614 0.0012422304649292385 0.1484244 8.00302942633611e-05 0.022302340000000004 2.387329218949554e-05 0.1783148 0.0008351665414763157 452.879 0.11483100625577057 205352.8 103.92320241761423 0.6350924 0.0022481203277408576 
0.8699999999999999 6.664001874625056e-09 0.5001258 3.652111731823e-05 0.374062 0.0010338357316319647 0.146679 8.32187478796739e-05 0.02178322 2.347484440823483e-05 0.1777432 0.0007064367714104412 452.2434 0.08120275855449646 204775.6 72.08972187405031 0.6381158 0.004274294060073936 
0.86 0.0 0.4961192 0.00011200799973782952 0.3789122 0.0022182016932647134 0.1450358 8.935251535531747e-05 0.021302739999999997 2.4767439916477515e-05 0.17904099999999998 0.0008566899555865032 451.78959999999995 0.13408791149912094 204364.0 121.21749048839929 0.6436236 0.0026551916631401 
0.85 0.0 0.4923312 0.00013142614653290086 0.3792874 0.0007138448907122172 0.1432524 5.2062731385054066e-05 0.02078602 1.4713514876538287e-05 0.1794134 0.000809693354301161 451.1554 0.08564232599927328 203790.4 76.62981144048187 0.6501824 0.0019972173562188738 
0.8400000000000001 6.664001874625056e-09 0.4885826 4.1262670836767686e-05 0.3791736 0.0019649185754126927 0.14152320000000002 6.271420891654914e-05 0.0202881 1.7511481947426865e-05 0.1777818 0.0005597320358896155 450.6058 0.08044645425325801 203291.4 72.86678256100963 0.6499029999999999 0.0020570313950021525 
0.8299999999999998 6.664001874625056e-09 0.4848072 2.924024622710329e-05 0.3780138 0.0022951804181799602 0.1398628 5.6239772394430406e-05 0.01981946 1.61110297622791e-05 0.1789304 0.0008362590316409313 450.1588 0.09576863788374458 202886.2 86.35295014767325 0.6501766 0.0008241323485982023 
0.82 0.0 0.4810124 5.438426246890725e-05 0.3799032 0.002594176607711975 0.1381286 5.7990757884006026e-05 0.01933422 1.5775611557282256e-05 0.17892699999999997 0.0002634784241668515 449.6018 0.049828024204929884 202383.0 46.27655993799478 0.6546468 0.00445768793344838 
0.8100000000000002 4.712160915387242e-09 0.47727240000000004 7.611549117997979e-05 0.3797192 0.001582641574079948 0.1365016 0.00010935029949234117 0.01888784 2.9270238809994067e-05 0.1813456 0.0004814342405774796 449.13980000000004 0.15104870735689785 201967.6 135.7304976756056 0.662005 0.00335827515251902 
0.8 0.0 0.4735664 5.641886208296939e-05 0.381915 0.001162308805782431 0.1347744 4.3597798108855734e-05 0.018415499999999998 1.275639447526724e-05 0.18098779999999998 0.0009870438044997324 448.5982 0.053603283435466685 201479.4 48.1161926929758 0.6657603999999999 0.0034478390867338457 
0.79 0.0 0.469634 5.5152878457110774e-05 0.3810736 0.001145898899555099 0.13303979999999999 2.9775694806394635e-05 0.01794746 7.410619407367639e-06 0.1807442 0.0005435970125018496 448.1348 0.03227432407198199 201059.8 28.910067473853697 0.6642488 0.003472252276548459 
0.78 0.0 0.4658892 8.48520594508266e-05 0.382047 0.0018245110687505818 0.1313306 2.9637273849838074e-05 0.017491020000000003 7.744128096884314e-06 0.1796704 0.0007530478656757113 447.64679999999987 0.05694024962530341 200619.4 50.67275401907745 0.6625486 0.0034217727873124665 
0.77 0.0 0.46205479999999993 4.838958579484074e-05 0.382599 0.000948296114087541 0.12957040000000003 3.90994628902301e-05 0.01703 1.0327284251099463e-05 0.1807114 0.0007326369687635466 447.0948 0.046725924189828134 200125.6 42.25030177984864 0.6728782000000001 0.0021622476712819636 
0.76 0.0 0.45813499999999996 4.819958510811829e-05 0.3806274 0.0016367510158855323 0.1276048 7.189403313705206e-05 0.01652002 1.859856768705477e-05 0.17967919999999998 0.0005623284734046469 446.3044 0.08159882351417837 199419.0 72.7417349298898 0.681811 0.0020924262472096938 
0.75 0.0 0.4546678 7.535271723423523e-05 0.386185 0.001338660076343017 0.1259634 7.805515998351608e-05 0.01610474 1.9055552471768166e-05 0.18271260000000003 0.0008528098779907171 445.8598 0.0722348392483206 199024.2 63.888277469234055 0.696121 0.004900592005055134 
0.74 0.0 0.45047560000000003 6.776524174662283e-05 0.3786682 0.0007488983055120318 0.12409720000000002 6.732928039466273e-05 0.01563248 1.689897985061568e-05 0.18086 0.000822186499524632 445.2514 0.13619767985671324 198474.6 121.91524925077228 0.6854319999999999 0.004822600866754389 
0.73 0.0 0.4466468 4.288813355492365e-05 0.3813148 0.00160691703332846 0.1224758 0.00011306967763338122 0.01522962 2.783927297907522e-05 0.1808806 0.0003694402901681767 444.96400000000006 0.1347854591239986 198217.2 120.54058237459509 0.6895438 0.004650603697586331 
0.72 0.0 0.44282380000000005 0.00012292514791032864 0.3832456000000001 0.0013429902933373324 0.12073419999999999 7.947095067416425e-05 0.0148054 1.865469377936527e-05 0.1829186 0.0009111836521801006 444.5018 0.09093707715629312 197804.6 80.74334646868682 0.6954802 0.0027001407578103593 
0.71 0.0 0.4390346 8.801481693166648e-05 0.38519180000000003 0.0021608290890295337 0.1189838 4.621895714617378e-05 0.014382879999999997 1.1720593842184729e-05 0.18315740000000003 0.0009078986991946499 444.03600000000006 0.06584102055654441 197389.4 58.590511173506194 0.7027713999999999 0.003333180506363633 
0.7 0.0 0.4352952 1.894286138493908e-05 0.3831582 0.0015063612953055304 0.11726319999999998 2.355487212508646e-05 0.013972519999999999 6.208278344517158e-06 0.18252620000000003 0.0009454222506363332 443.5942 0.02606361437834755 196995.4 22.368907009361386 0.70637 0.004553757542949759 
0.69 0.0 0.4314116 5.422663551128427e-05 0.3828704 0.0014843591371381628 0.11542919999999998 4.210501158998754e-05 0.01354108 9.797771174959121e-06 0.18124679999999999 0.00042326024145969513 442.93100000000004 0.054176009423921485 196401.6 48.70121147011875 0.6994505999999999 0.002655060264478843 
0.68 3.332000937312528e-09 0.4274712 0.00010849420262546229 0.3827292 0.001342720563633564 0.1137302 5.319503736379236e-05 0.01314998 1.1972615420053148e-05 0.1824868 0.0011710918119422942 442.61800000000005 0.05972269240446916 196126.2 52.72752601646406 0.7158958 0.004411626760276989 
0.67 0.0 0.42380119999999993 7.540790417111635e-05 0.3845828 0.0013937943435117606 0.11189339999999999 5.9646693122061094e-05 0.012731419999999999 1.3538844854975553e-05 0.181617 0.0003763171003300748 442.0368 0.10170246799075904 195608.2 89.58544524029206 0.7150966000000001 0.0029101321701889096 
0.66 3.332000937312528e-09 0.4199524 0.00013886989593246116 0.3836786 0.0015000079093146588 0.1101526 8.854901467512698e-05 0.012341439999999999 1.915711042940041e-05 0.18137340000000002 0.00048062689063305396 441.6282 0.07147329571434434 195245.0 62.86620714350717 0.7193348 0.0026951277134844133 
0.65 0.0 0.41606740000000003 8.73167108763788e-05 0.3861372 0.0014622739387671372 0.1084238 1.7786286856774075e-05 0.01196414 4.4727262380931584e-06 0.1846836 0.001032274017884769 441.2106 0.043853027281885566 194876.2 38.594714649824354 0.7312996 0.0050840792015859546 
0.64 0.0 0.412273 7.914695192452588e-05 0.386833 0.0014346856659201905 0.1064972 5.734833911973889e-05 0.01154348 1.2863293512789974e-05 0.18163240000000003 0.000820547846258142 440.5536 0.0731243324179264 194293.2 65.02762488582076 0.7295692 0.006330302516625082 
0.63 0.0 0.4082739999999999 7.883907671967852e-05 0.3831854 0.001652192933043866 0.1047626 4.585245903683331e-05 0.01117374 9.057973283227065e-06 0.1814746 0.0012200269046203152 440.31080000000003 0.045829597359770685 194076.6 40.23590434365867 0.7324200000000001 0.003630346837420608 
0.62 0.0 0.4044658 5.682140443508812e-05 0.390864 0.0018495605748403343 0.1029488 3.827207860298905e-05 0.01079484 8.171540858145778e-06 0.18243059999999997 0.0009661348394517976 439.80060000000003 0.05240198468221432 193626.2 45.516063093282995 0.7399318 0.0024367487748978484 
0.61 0.0 0.4004046 1.2275503650109035e-05 0.3852312 0.0010706545063637381 0.1013148 3.902553010814688e-05 0.01045716 7.765698938109979e-06 0.181702 0.000868396407176918 439.66859999999997 0.07481529254663995 193507.8 65.88377645613576 0.7420974 0.0063605050843461184 
0.6 0.0 0.3966854000000001 4.688931637496447e-05 0.3902974 0.0013444743091623795 0.09946876 6.753693863320127e-05 0.01008396 1.3518893446044778e-05 0.18229440000000002 0.0004488539717981978 439.1447999999999 0.10124007115990717 193046.4 88.77008505052774 0.7526180000000001 0.001331122834290064 
0.59 0.0 0.392772 4.9345313807351214e-05 0.38644140000000005 0.0013173560065477524 0.09767268 6.104683710285535e-05 0.009724726 1.1791484249360249e-05 0.18036500000000003 0.0004332260379972044 438.7308 0.09127821209666884 192675.4 79.77749056656666 0.7379844 0.0037253524783577787 
0.58 0.0 0.388746 8.167496560651226e-05 0.3890604 0.0007876359869896934 0.09592672 4.1276069583836024e-05 0.009384716 8.2004690599896e-06 0.18150999999999998 0.0004424856155867136 438.48099999999994 0.05186135376296873 192456.6 45.45028050905792 0.7502428 0.002770505764657497 
0.57 0.0 0.3850346 5.876910753711079e-05 0.3886672 0.0014717070741166996 0.09421663999999999 3.6774106109994764e-05 0.009055359999999998 6.915286834748454e-06 0.1804542 0.0006696159735242101 438.09499999999997 0.03412447813109013 192116.8 29.424343659916943 0.760201 0.002963190145769996 
0.56 0.0 0.3811222 7.051320439712135e-05 0.39214400000000005 0.0005042389909529573 0.09246836 6.445131247828563e-05 0.008727984 1.2263118233104216e-05 0.1826418 0.0005435239387544371 437.7866 0.09288168812516295 191845.2 81.74663295519711 0.7675556 0.003571275633162389 
0.55 0.0 0.3771968 3.8644430374277426e-05 0.3883818 0.001556338148346851 0.09083026 8.557545722925479e-05 0.008422962 1.6150620891910232e-05 0.18095500000000003 0.000871294714777046 437.6064 0.11368679780480101 191683.8 99.69168471207828 0.7651936 0.004086671472969475 
0.54 0.0 0.3732516 7.03957953318069e-05 0.39059200000000005 0.0014944043361799708 0.08902837999999999 5.157106475705447e-05 0.008095326 9.486771674337992e-06 0.18054779999999998 0.0005971071193688261 437.32919999999996 0.03590699096490245 191439.2 31.748259777527448 0.7710532000000001 0.0014070812456907394 
0.53 0.0 0.3694298 3.4093283847943224e-05 0.3957332 0.002414208663723347 0.08720612000000001 5.615090666870224e-05 0.007771134000000001 1.0247860108151106e-05 0.18063639999999997 0.0006540933633677914 436.84880000000004 0.10027498192595309 191015.4 88.52868462483676 0.7710952 0.004880949181463174 
0.52 0.0 0.36547199999999996 5.437278733507243e-05 0.3936908 0.0012039807108080345 0.08563544 4.623202007443805e-05 0.007496121999999999 8.33869409464493e-06 0.18020200000000003 0.0005995856569330301 436.8616 0.09127435561836218 191024.6 79.27854690244014 0.7775642 0.0043664124074567715 
0.51 0.0 0.3613436 4.9018037508968334e-05 0.39478460000000004 0.002564883039827915 0.08402844 4.160631298231479e-05 0.0072222499999999995 6.844808251732242e-06 0.18235700000000002 0.0003365264922685471 436.8266 0.07377782861377126 190993.2 64.56835136966245 0.7879064 0.0026920599190923917 
0.5 0.0 0.35749240000000004 0.00010368668187307879 0.39549500000000004 0.002048038183235889 0.08221238 1.6876904926346123e-05 0.006915532 2.5792439200328686e-06 0.1804634 0.0006299482899414702 436.541 0.04074506103288303 190740.2 35.14700555540569 0.7881172000000001 0.004059139893128821 
0.49000000000000005 3.332000937312528e-09 0.3536034 0.00010221099742538289 0.39801079999999994 0.0013502660004652315 0.0806084 2.8134917808129555e-05 0.006652218 4.265247847591228e-06 0.1816154 0.000667844928107689 436.44780000000003 0.060134781849711605 190657.0 52.74466797696237 0.7962308 0.0035755239213268006 
0.48 0.0 0.3495474 6.173336213784602e-05 0.39847740000000004 0.0008010288184532706 0.07894108 6.773937938925163e-05 0.006381344 1.095187859692146e-05 0.17955459999999998 0.0007047289180971912 436.3938 0.1102576618752305 190606.2 96.5021865043589 0.7944568 0.002465471515151061 
0.4699999999999999 2.356080457693621e-09 0.34547440000000007 3.510168074753545e-05 0.403763 0.0027725554277594085 0.07727866 3.339028122499674e-05 0.006119112 5.671508018014219e-06 0.18029060000000002 0.0008103254950940596 436.35360000000003 0.017811456760068567 190569.6 15.629715255320628 0.8046764 0.0025027785934853097 
0.4600000000000001 3.332000937312528e-09 0.34134719999999996 3.796461518119879e-05 0.4019828 0.00307801148016072 0.0756233 2.2647277982599184e-05 0.00586328 3.473846283434214e-06 0.1808104 0.00024129676334235295 436.38419999999996 0.04301943756029406 190593.4 37.2565162233217 0.8075606000000001 0.003823646935579506 
0.45 2.356080457693621e-09 0.3375216 6.23939740624083e-05 0.4110164 0.0011772844210323986 0.07404842 5.029770094058768e-05 0.005624448000000001 7.212676840063666e-06 0.1808228 0.00038054733214034947 436.4054 0.08203491939983258 190609.2 71.10521780362792 0.8114480000000001 0.004996816962826201 
0.44000000000000006 3.332000937312528e-09 0.333326 3.103675241081411e-05 0.41213619999999995 0.00255784367622627 0.07252398 2.2718933074130003e-05 0.0053970979999999995 3.016532313919542e-06 0.1798222 0.000881949721924061 436.64160000000004 0.022758910238765508 190811.8 19.43893001484573 0.8098648 0.003836166152813747 
0.43 0.0 0.32923 1.056409005483703e-05 0.41127840000000004 0.0015102393876448982 0.07095848 2.6444483733320503e-05 0.005170476 3.965544199586437e-06 0.1813276 0.00041509908214658504 436.77660000000003 0.029588646360915603 190928.4 25.43163386008569 0.8237439999999999 0.0038164920542362066 
0.42000000000000004 3.332000937312528e-09 0.3251302 2.463720771276717e-05 0.41545419999999994 0.0018828456208643618 0.06936814 2.3292034693585888e-05 0.004944006 2.9838949045343296e-06 0.181117 0.0007861039117061774 436.8911999999999 0.034629929351807635 191025.8 30.758933678487583 0.8261226 0.006379408891738084 
0.41 0.0 0.32070380000000004 7.385575126313756e-05 0.4225770000000001 0.0019970920259172855 0.06775023999999999 3.8251270308587054e-05 0.004718918 5.621952258764403e-06 0.180971 0.0011919048619752739 437.1773999999999 0.06750561470614518 191272.2 58.66951507820495 0.8264087999999999 0.004827859164477418 
0.4 0.0 0.3166064 3.293824520889354e-05 0.42308 0.0011736661876352603 0.06626372 4.3571416321059116e-05 0.004516248 6.0331036126011535e-06 0.1805128 0.000848151561926937 437.49219999999997 0.07579783642632065 191545.0 66.65253183946092 0.8320830000000001 0.004107898820558827 
0.39 0.0 0.312221 7.74565684770752e-05 0.432527 0.001852438047546836 0.06485312000000001 2.902599386251347e-05 0.004329262 3.7802945916149514e-06 0.18215319999999996 0.0006742842368048065 437.9058 0.07314172542491043 191904.8 63.89140788116659 0.8382488 0.003948600647317252 
0.38 0.0 0.3078958 2.6683927747383117e-05 0.4347294 0.0011438928131596627 0.06342892 4.3126951201071895e-05 0.004143372000000001 5.890280400728858e-06 0.1820996 0.0007476182234272572 438.41819999999996 0.03569694675833906 192352.6 32.450084748473394 0.854711 0.006319680580535842 
0.37 0.0 0.30364019999999997 3.2460930420466445e-05 0.444438 0.0022749092641251396 0.06187646 1.2581020628878658e-05 0.003946066 1.4725721714444209e-06 0.1827208 0.0007881278779489204 438.8224 0.038382912853150736 192704.2 33.9498453353033 0.8561678 0.004839712135237529 
0.36 0.0 0.29919980000000007 3.231272181835994e-05 0.4464746 0.0027309163385213263 0.06047304 2.8652491686971895e-05 0.003770904 3.7007735408837073e-06 0.18225600000000003 0.0006788082498009481 439.3531999999999 0.054175566600875885 193167.2 48.111869625918374 0.8600218 0.0036659757926116475 
0.35 0.0 0.294582 4.113684480980062e-05 0.4551482 0.002349685245302398 0.05920436 3.9254682270393896e-05 0.0036177880000000003 4.917345137360238e-06 0.1853492 0.0007623813953661219 440.213 0.043444677402498 193921.8 38.28775261656455 0.8722378000000001 0.004429309701519409 
0.34 1.666000468656264e-09 0.28996380000000005 8.207576982753233e-05 0.45813040000000005 0.001984716132849196 0.05780138 5.2852423974693334e-05 0.003450118 6.046681999249274e-06 0.184836 0.0008089218998143417 440.98420000000004 0.11146242415678925 194597.8 98.32208297596436 0.8739876000000001 0.0019248621270036583 
0.33 1.666000468656264e-09 0.28533040000000004 4.5347193907990974e-05 0.4761906000000001 0.0012701256504730628 0.05651617999999999 7.435482176799171e-05 0.00330134 8.793558096715618e-06 0.1871622 0.0009715313849785263 441.8415999999999 0.08665637897741253 195353.4 76.42230041547727 0.8874998 0.0029251155382327087 
0.32 0.0 0.28054419999999997 4.495455487943245e-05 0.48249580000000003 0.0013652286372631266 0.055137320000000004 4.3229761969172866e-05 0.0031441499999999996 5.072298887125279e-06 0.187231 0.0006238805654920311 442.7268 0.06980739208190904 196132.4 61.965538821217464 0.8860856 0.003157430253860498 
0.31 0.0 0.27564959999999994 7.50128522594549e-05 0.494712 0.0017199096255336125 0.05390684 7.202652067184288e-05 0.0030079880000000005 8.006124355722391e-06 0.189551 0.0007632410890400537 443.858 0.10019181602820627 197134.0 89.05773408472267 0.9009942000000001 0.0030191797747011885 
0.3 0.0 0.27069160000000003 2.6869462206623232e-05 0.5091372000000001 0.0023139620809325616 0.05265949999999999 5.003762584503555e-05 0.00287304 5.403374501223328e-06 0.1920106 0.0006704525397059778 445.02379999999994 0.07628336653800688 198166.2 68.17354324961072 0.8979672000000001 0.0033116028674926145 
0.29 0.0 0.2655414 6.335840908677995e-05 0.5243576000000001 0.0011119823595666539 0.05143872000000001 4.519741939398354e-05 0.0027423960000000002 4.686191289293524e-06 0.1915556 0.00033896826990209496 446.2978 0.06731264367141926 199298.6 60.20139533418727 0.9052942000000002 0.0024898301210997415 
0.28 0.0 0.26027300000000003 2.4146221170974556e-05 0.5324471999999999 0.0023428391220969946 0.050330379999999994 2.8745913101478936e-05 0.002628014 2.9756029304531632e-06 0.1951506 0.00020999192365376968 447.8138 0.04535054574271475 200653.0 40.5354166093655 0.9221582000000001 0.002445850026462994 
0.27 0.0 0.25479339999999995 1.7416314316775224e-05 0.5584466 0.0024640446359611963 0.049213480000000004 6.660091530795906e-05 0.0025146879999999997 6.2611886411559016e-06 0.197761 0.0012416368873391197 449.45500000000004 0.08428143328223801 202122.6 75.62676774914492 0.9310886 0.004457754112552722 
0.26 0.0 0.2491912 5.580494601833033e-05 0.5717896 0.0026291856473098377 0.04822206 5.516371706224332e-05 0.002416172 5.8224471831174726e-06 0.20114020000000005 0.0014488291935199037 451.30699999999996 0.05962080178965353 203788.6 54.002666605347194 0.9430078000000002 0.005618585198422175 
0.25 0.0 0.24346419999999996 1.830497213503723e-05 0.5946836 0.0023989315054837052 0.04724728 6.463646021662964e-06 0.002321322 7.990664554744478e-07 0.2050948 0.0005917919499296647 453.28599999999994 0.01906620054328435 205576.4 17.564965126009493 0.9549048000000001 0.007196675201226222 
0.24 0.0 0.2374118 3.90910731603255e-05 0.6127697999999999 0.002659487535599221 0.046221200000000004 4.1840544929367146e-05 0.00222352 3.7888425673228517e-06 0.20906980000000003 0.0008175195361573369 455.4688 0.0491197720258821 207558.0 44.963095982207186 0.9708103999999999 0.005025927461479644 
0.23000000000000004 1.666000468656264e-09 0.2311162 2.421635814011408e-05 0.6322849999999999 0.002154951266278883 0.045469539999999996 3.78717160964356e-05 0.002153676 3.318848716030643e-06 0.2158454 0.0014684227892538375 457.95340000000004 0.06018145886644981 209825.6 55.08146693097033 0.9905742 0.006641858091831073 
0.22000000000000003 1.666000468656264e-09 0.224663 4.910071282378184e-05 0.6625012 0.004615693138846693 0.04460092 4.777985684300412e-05 0.002074148 4.266736832724773e-06 0.222268 0.0009568722798796104 460.5864 0.06556010974480103 212241.2 60.43800128148983 0.9988604000000001 0.004446649314704451 
0.21000000000000002 1.666000468656264e-09 0.21787680000000004 4.5045221683707456e-05 0.6979982 0.0021023372022580954 0.0439084 5.6311299043722595e-05 0.0020112460000000004 4.648118414956568e-06 0.2284312 0.001180124956095847 463.5696 0.06834301718773356 214994.6 63.16935965535489 1.0058441999999999 0.002691273845608568 
0.2 0.0 0.21070760000000002 4.5058717219262064e-05 0.7273434 0.002891529070920718 0.04322864 4.28829159459332e-05 0.0019508120000000001 3.599391504114772e-06 0.236415 0.0010276820519998268 466.843 0.03540621405419864 218038.0 33.210841612496836 1.024844 0.004435345848967683 
0.19 0.0 0.2031978 3.1200512797775007e-05 0.7673246 0.0017696342356510837 0.04277806 5.1389964778953375e-05 0.0019121840000000001 4.310361098552009e-06 0.24922560000000002 0.001177086899085067 470.52739999999994 0.05667352127029657 221490.0 53.12325291532114 1.050374 0.0037767569156697592 
0.18 0.0 0.195311 2.3049511907214113e-05 0.812104 0.0028054099593452704 0.042256499999999995 2.421574694440382e-05 0.001866452 2.0771083746569144e-06 0.2586788 0.0008566762468990157 474.4026 0.02415715227055124 225149.6 22.946197939482907 1.07321 0.00527265473931367 
0.17 8.33000234328132e-10 0.18692540000000002 4.1819230023394904e-05 0.8512508000000001 0.0032985962881128955 0.04185258000000001 5.52565898324294e-05 0.0018322739999999996 4.799516308987884e-06 0.273162 0.0015139072891025146 478.8688 0.05351216686171703 229404.8 51.35866042876895 1.100028 0.007081056644315659 
0.16 0.0 0.1781052 3.4729123213285114e-05 0.9035808 0.004172932584171119 0.041673680000000005 4.889271029421831e-05 0.0018170120000000002 4.230418797218563e-06 0.28910080000000005 0.001455067679523662 483.7804 0.06458024467636857 234130.0 62.25624466179797 1.115432 0.006422107691404966 
0.15 0.0 0.16876419999999998 3.148383713346672e-05 0.9738166000000001 0.0032447350166000225 0.04162096 2.8377041424882167e-05 0.0018135620000000001 2.384438550264758e-06 0.312019 0.0007861117986649381 489.20739999999995 0.05065696401231852 239408.4 49.616610123859786 1.149874 0.007459426036900593 
0.14 0.0 0.1587844 4.590302822917016e-05 1.028162 0.002305965134174507 0.04172826 7.62703538730682e-05 0.0018230619999999999 6.5283268300572585e-06 0.336478 0.0007800996346630924 495.2188 0.08880828789309536 245323.0 88.02590528140198 1.175452 0.006249859774424577 
0.13 0.0 0.1483086 2.741474056407816e-05 1.0821919999999998 0.005234830579884321 0.041957560000000005 7.941426874283847e-05 0.001844042 7.515075195899024e-06 0.370292 0.004413694244054882 501.7488 0.07980847071318696 251831.0 80.38756123064283 1.215986 0.0077581609160925925 
0.12 0.0 0.13720759999999999 2.0547700596702812e-05 1.149856 0.0038087379537077976 0.042562279999999994 4.8041210643020926e-05 0.0018962360000000001 3.911172305061465e-06 0.40645039999999993 0.0025115936231818272 509.0268 0.05376199408874843 259183.8 54.65484425398398 1.234 0.007475780093074677 
0.11000000000000001 8.33000234328132e-10 0.125529 2.2408926801330447e-05 1.179624 0.004700065191040415 0.04331623999999999 5.184051388785986e-05 0.001963418 4.673292115820857e-06 0.45612779999999997 0.0015914641158373056 516.8520000000001 0.055884881548454154 267207.2 57.87669648882839 1.261022 0.004329843784699899 
0.1 0.0 0.1134846 3.76612267475901e-05 1.21753 0.008273088903182868 0.04406681999999999 8.964459783016101e-05 0.002033768 8.4833250085024e-06 0.5290182000000001 0.004857832013562566 524.9979999999999 0.08196975057417902 275691.6 86.20793469722344 1.30917 0.012499885759477037 
0.09 0.0 0.1012732 2.1606295382132764e-05 1.2381 0.0045881961597179196 0.044892720000000004 5.7945763605711115e-05 0.0021108200000000002 5.419814018938762e-06 0.610864 0.004968170431859749 533.2826 0.022736050902040502 284455.0 23.99499949177644 1.348784 0.007155813636472457 
0.08 0.0 0.08893806 2.9616152340360442e-05 1.2174520000000002 0.00943965482419315 0.04570292 8.07811780056476e-05 0.002189088 8.449924212671514e-06 0.7221398000000001 0.008889168795335469 541.708 0.04929340730367431 293508.0 53.554458253065135 1.397918 0.008925149365695786 
0.07 0.0 0.07684737999999999 1.3285944464375134e-05 1.203604 0.001584168172895428 0.04661965999999999 7.010675630818711e-05 0.002281394 6.367303102583047e-06 0.8885057999999999 0.010659704901732625 549.9456 0.044882602473283 302497.0 49.50555524383097 1.4800119999999999 0.010295219240016801 
0.06 0.0 0.06499753999999999 1.192652842478233e-05 1.173284 0.003933129644446725 0.04788482 0.00017005674676397135 0.0024122839999999998 1.5853543351575686e-05 1.14418 0.013172193742883873 558.1895999999999 0.09487575047616928 311630.8 105.85552418906995 1.641066 0.013100512234259055 
0.05 0.0 0.05353680000000001 7.69909084375491e-06 1.131886 0.0029642626064638857 0.047967800000000005 0.000257683460082329 0.0024293400000000003 2.6693257725495727e-05 1.475694 0.037332545436923825 565.4446 0.1410431423162813 319778.8 160.26637826619614 1.8128039999999999 0.035134521439748524 
0.04 0.0 0.04236179999999999 2.3092856320312594e-06 1.110102 0.006917977392271949 0.05070356 0.0004052695237491971 0.002759402 4.412166836374019e-05 2.703342 0.058546141215281636 573.708 0.19910680553921867 329201.0 229.03903597155508 2.6201060000000003 0.037303816062163896 
0.03 0.0 -0.1098754 2.5706030922898977e-06 1.011214 0.0038673728550465904 0.9999661999999999 6.572746635480032e-07 0.9999328000000001 1.3084288702227889e-06 0.001123456 2.216091561285299e-05 968.5716 0.005303582813820446 938135.4 10.49799901878627 0.167181 0.0010252047990524822 
0.02 0.0 -0.1199488 2.8481574139321272e-06 1.0042072 0.0011766460266334077 1.0 0.0 1.0 0.0 4.339888e-06 1.7359380004260514e-06 970.2048000000001 0.0047446786866693165 941300.2 9.127541384115986 0.1668574 0.0006864665818528033 
0.01 0.0 -0.12999139999999998 1.003992689864307e-06 1.0016978 0.0012101365344396142 1.0 0.0 1.0 0.0 0.0 0.0 971.8282000000002 0.002066864795682695 944451.6 4.005998310151603 0.1666156 0.0004402339014658048 
