1 0.41163 0.201851 0.44985 0.202804 0.252868 307.697 94770.5 0.302063
0.99 0.409011 0.202356 0.449903 0.20286 0.26004 308.109 95023 0.302064
0.98 0.407665 0.205693 0.449777 0.202742 0.260373 308.329 95159.1 0.304764
0.97 0.405715 0.207355 0.449787 0.202751 0.262862 308.635 95344.8 0.297111
0.96 0.403208 0.209462 0.449857 0.202816 0.266922 309.292 95752.7 0.307698
0.95 0.40119 0.209988 0.449831 0.202806 0.277523 309.634 95963.7 0.307958
0.94 0.398698 0.214923 0.449836 0.202819 0.285637 310.078 96237.8 0.307632
0.93 0.397697 0.215199 0.449501 0.202506 0.281916 310.249 96342.7 0.305413
0.92 0.394826 0.224049 0.449794 0.202775 0.287882 310.834 96706.3 0.30928
0.91 0.392474 0.223416 0.449868 0.202833 0.28604 311.333 97015 0.305723
0.9 0.390338 0.229496 0.449868 0.202835 0.290291 311.661 97219.1 0.308907
0.89 0.387998 0.22836 0.450032 0.202977 0.290283 312.11 97497.1 0.303975
0.88 0.385633 0.231698 0.450043 0.202997 0.300188 312.537 97765.1 0.312049
0.87 0.383439 0.237553 0.449856 0.202817 0.295436 313.303 98244.1 0.313121
0.86 0.380869 0.243044 0.450319 0.20325 0.31033 313.471 98348 0.311732
0.85 0.378159 0.241388 0.450392 0.203307 0.308188 314.105 98745.1 0.311323
0.84 0.375996 0.245557 0.450397 0.203301 0.303848 314.445 98960.4 0.321539
0.83 0.373246 0.254458 0.450617 0.203507 0.313371 315.137 99393.1 0.312911
0.82 0.370629 0.253301 0.450474 0.203377 0.31578 315.782 99799.7 0.315187
0.81 0.368485 0.259018 0.450702 0.203595 0.328964 316.034 99958.1 0.314405
0.8 0.365775 0.267775 0.450812 0.203694 0.333078 316.548 100284 0.319991
0.79 0.363105 0.263609 0.451193 0.204028 0.330363 317.062 100612 0.331136
0.78 0.360854 0.265412 0.451148 0.203996 0.340544 317.632 100970 0.322617
0.77 0.357573 0.272718 0.451635 0.204434 0.343401 318.2 101329 0.317472
0.76 0.354585 0.279834 0.452029 0.204792 0.350064 318.797 101710 0.322335
0.75 0.352183 0.284371 0.452073 0.204832 0.354567 319.327 102047 0.323705
0.74 0.349078 0.28984 0.452408 0.205128 0.353858 319.867 102392 0.326606
0.73 0.346098 0.297039 0.452792 0.205489 0.369854 320.574 102844 0.326896
0.72 0.343002 0.302066 0.453291 0.205931 0.367043 320.997 103115 0.329241
0.71 0.340253 0.311458 0.453564 0.206195 0.385548 321.589 103493 0.32214
0.7 0.336992 0.318292 0.454049 0.206614 0.373585 322.24 103913 0.32883
0.69 0.3339 0.316856 0.454289 0.206836 0.381536 323.032 104425 0.339116
0.68 0.33064 0.326581 0.454956 0.207464 0.405738 323.632 104810 0.33122
0.67 0.327527 0.334569 0.455311 0.207773 0.399609 324.271 105224 0.333146
0.66 0.32446 0.330903 0.455762 0.208179 0.401156 324.856 105602 0.328599
0.65 0.320251 0.344366 0.456807 0.209133 0.407804 325.67 106133 0.338748
0.64 0.317501 0.355475 0.457145 0.209446 0.417833 326.249 106508 0.332681
0.63 0.313463 0.353038 0.457972 0.210206 0.42762 327.169 107109 0.33759
0.62 0.310504 0.363935 0.458237 0.210449 0.434733 327.72 107470 0.345277
0.61 0.306395 0.374137 0.459422 0.211542 0.446934 328.542 108008 0.341457
0.6 0.302578 0.375678 0.460304 0.212344 0.44507 329.34 108532 0.339005
0.59 0.298487 0.391294 0.461364 0.213324 0.456673 330.163 109076 0.347717
0.58 0.294725 0.400022 0.461992 0.213897 0.457776 330.993 109624 0.348825
0.57 0.290805 0.408746 0.463348 0.215159 0.472002 331.661 110065 0.348097
0.56 0.286757 0.427281 0.464317 0.21606 0.483551 332.409 110561 0.349786
0.55 0.282331 0.437394 0.465697 0.217341 0.490291 333.362 111194 0.346805
0.54 0.277802 0.443142 0.46698 0.218544 0.505012 334.459 111926 0.347915
0.53 0.273201 0.458941 0.468662 0.220122 0.519181 335.219 112435 0.355031
0.52 0.268575 0.473808 0.4702 0.221564 0.526532 336.175 113075 0.350989
0.51 0.263529 0.485764 0.472069 0.223329 0.541978 337.198 113763 0.352923
0.5 0.258657 0.49771 0.473889 0.225041 0.542247 338.13 114391 0.353043
0.49 0.253582 0.519404 0.475718 0.226778 0.553525 339.215 115127 0.364558
0.48 0.248513 0.54136 0.477966 0.228928 0.572115 340.053 115695 0.361841
0.47 0.243157 0.559693 0.480235 0.231108 0.591609 341.249 116509 0.364789
0.46 0.237446 0.579171 0.482606 0.2334 0.615338 342.312 117235 0.362624
0.45 0.231554 0.597837 0.485527 0.236227 0.62787 343.529 118068 0.360215
0.44 0.226181 0.597779 0.487974 0.238613 0.646584 344.54 118764 0.366318
0.43 0.21929 0.633871 0.491589 0.242151 0.65711 345.867 119677 0.354294
0.42 0.213024 0.6739 0.495036 0.24556 0.684431 346.882 120381 0.366838
0.41 0.206341 0.701736 0.498541 0.249039 0.696657 348.27 121344 0.367063
0.4 0.199402 0.716403 0.502676 0.253181 0.717327 349.529 122223 0.370953
0.39 0.191867 0.749892 0.507171 0.257713 0.725748 350.915 123192 0.365846
0.38 0.184125 0.790238 0.512316 0.262971 0.761876 352.289 124158 0.371925
0.37 0.175817 0.831391 0.517684 0.268494 0.773512 353.791 125216 0.368054
0.36 0.167574 0.87641 0.523313 0.274365 0.812547 355.157 126183 0.366759
0.35 0.158402 0.916997 0.530063 0.281459 0.809158 356.622 127226 0.368965
0.34 0.149017 0.99173 0.537031 0.288908 0.856198 358.202 128354 0.369004
0.33 0.138866 1.0319 0.54483 0.29734 0.873091 359.973 129625 0.372074
0.32 0.128248 1.123 0.5536 0.306983 0.917522 361.578 130782 0.374895
0.31 0.116085 1.18302 0.563824 0.318407 0.947666 363.524 132191 0.364406
0.3 0.104189 1.26798 0.573987 0.329971 0.97881 365.277 133467 0.361654
0.29 0.0911962 1.36118 0.585641 0.343485 1.01223 367.132 134825 0.362399
0.28 0.0776763 1.44909 0.598126 0.358267 1.05315 369.009 136205 0.361073
0.27 0.0627867 1.54814 0.612316 0.37544 1.08795 371.019 137690 0.341529
0.26 0.0461735 1.66621 0.628642 0.395703 1.13458 373.101 139238 0.343073
0.25 0.0290262 1.81919 0.645713 0.417452 1.16544 375.215 140818 0.3319
0.24 0.00964526 1.96653 0.665637 0.443567 1.18522 377.392 142454 0.32226
0.23 -0.0106401 2.08429 0.68666 0.471986 1.21257 379.645 144158 0.32244
0.22 -0.0320153 2.213 0.709642 0.504044 1.18209 381.733 145746 0.313228
0.21 -0.0549487 2.26852 0.734492 0.539903 1.16346 383.828 147348 0.29732
0.2 -0.0782727 2.39696 0.759679 0.577512 1.15263 385.88 148925 0.281307
0.19 -0.10248 2.43794 0.786093 0.618305 1.10015 387.774 150389 0.269613
0.18 -0.126915 2.50317 0.812827 0.661018 1.0532 389.49 151720 0.256015
0.17 -0.151329 2.36622 0.83925 0.704619 0.942845 391.125 152995 0.243831
0.16 -0.175397 2.34435 0.865135 0.748694 0.848569 392.622 154166 0.23123
0.15 -0.198026 2.24368 0.888878 0.790301 0.753996 393.962 155219 0.219939
0.14 -0.220125 2.11234 0.911347 0.830708 0.636701 395.286 156262 0.211714
0.13 -0.24096 2.01602 0.931547 0.8679 0.534004 396.514 157234 0.200474
0.12 -0.260552 1.87123 0.949477 0.901595 0.425806 397.767 158228 0.190524
0.11 -0.278722 1.75123 0.964676 0.930663 0.328197 398.998 159208 0.188298
0.1 -0.295374 1.59123 0.976934 0.95444 0.234311 400.312 160257 0.184337
0.09 -0.310411 1.46474 0.98622 0.972653 0.153198 401.694 161365 0.177351
0.08 -0.324201 1.32545 0.992789 0.985642 0.0917407 403.175 162556 0.175362
0.07 -0.336684 1.16388 0.996846 0.993707 0.0449935 404.691 163780 0.172466
0.06 -0.348165 1.12331 0.998948 0.997898 0.0178192 406.285 165072 0.170959
0.05 -0.358979 1.05532 0.999776 0.999553 0.00451554 407.933 166413 0.16919
0.04 -0.369402 1.01535 0.999977 0.999954 0.000576032 409.602 167776 0.167082
0.03 -0.379692 1.03566 1 0.999999 1.4464e-05 411.259 169136 0.167908
0.02 -0.389868 1.00415 1 1 0 412.894 170483 0.169887
0.01 -0.399973 1.00581 1 1 0 414.54 171844 0.164521
