1.2 -0.475001 1.00075 1 1 0 1127.88 1.27211e+06 0.222183
1.19 -0.465001 1.00898 1 1 0 1127.88 1.27212e+06 0.222216
1.18 -0.454999 0.994587 1 1 0 1127.89 1.27214e+06 0.225191
1.17 -0.444998 1.01103 1 1 0 1127.87 1.27209e+06 0.223737
1.16 -0.434998 1.01479 1 1 0 1127.89 1.27214e+06 0.223963
1.15 -0.425001 0.986546 1 1 0 1127.89 1.27213e+06 0.221817
1.14 -0.414999 0.984428 1 1 0 1127.89 1.27213e+06 0.223955
1.13 -0.404998 1.02752 1 1 0 1127.88 1.27211e+06 0.225203
1.12 -0.394999 0.994085 1 1 0 1127.88 1.27211e+06 0.218303
1.11 -0.384998 0.994504 1 1 0 1127.89 1.27214e+06 0.22199
1.1 -0.374997 1.00992 1 1 0 1127.88 1.27212e+06 0.221325
1.09 -0.364999 0.998123 1 1 0 1127.9 1.27215e+06 0.221272
1.08 -0.354999 1.00468 1 1 0 1127.88 1.27212e+06 0.222913
1.07 -0.345 0.982725 1 1 0 1127.88 1.27212e+06 0.219865
1.06 -0.334999 1.00643 1 1 0 1127.88 1.27212e+06 0.221998
1.05 -0.324998 1.0066 1 1 0 1127.89 1.27214e+06 0.225902
1.04 -0.315 1.0066 1 1 0 1127.89 1.27213e+06 0.222693
1.03 -0.305 0.989035 1 1 0 1127.89 1.27214e+06 0.225333
1.02 -0.294999 1.00485 1 1 0 1127.87 1.2721e+06 0.219839
1.01 -0.284998 1.00842 1 1 0 1127.88 1.27213e+06 0.227002
1 -0.275002 0.984146 1 1 0 1127.89 1.27214e+06 0.222887
0.99 -0.264998 1.00912 1 1 0 1127.89 1.27213e+06 0.22126
0.98 -0.255002 0.993205 1 1 0 1127.9 1.27216e+06 0.22379
0.97 -0.245003 0.99752 1 1 0 1127.88 1.2721e+06 0.221474
0.96 -0.234999 0.998104 1 1 0 1127.89 1.27213e+06 0.220773
0.95 -0.224999 0.9892 1 1 0 1127.89 1.27213e+06 0.225801
0.94 -0.215002 0.995178 1 1 0 1127.9 1.27217e+06 0.222066
0.93 -0.204999 1.00446 1 1 0 1127.88 1.27212e+06 0.223894
0.92 -0.194999 1.00078 1 1 0 1127.88 1.27212e+06 0.227368
0.91 -0.184999 0.995613 1 1 0 1127.88 1.27211e+06 0.226639
0.9 -0.175 1.00994 1 1 0 1127.89 1.27213e+06 0.225928
0.89 -0.165 0.990533 1 1 0 1127.88 1.27212e+06 0.221818
0.88 -0.155001 0.990767 1 1 0 1127.9 1.27216e+06 0.222887
0.87 -0.145001 0.98838 1 1 0 1127.88 1.27212e+06 0.224975
0.86 -0.135 1.01322 1 1 0 1127.87 1.2721e+06 0.221814
0.85 -0.125001 0.995149 1 1 0 1127.89 1.27213e+06 0.219838
0.84 -0.115 0.994288 1 1 0 1127.89 1.27214e+06 0.223553
0.83 -0.105001 0.998039 1 1 0 1127.87 1.2721e+06 0.224628
0.82 -0.0949985 1.01066 1 1 0 1127.9 1.27215e+06 0.225769
0.81 -0.0850001 0.996246 1 1 0 1127.87 1.2721e+06 0.222644
0.8 -0.0749994 0.990738 1 1 0 1127.87 1.27209e+06 0.222172
0.79 -0.0649999 1.01592 1 1 0 1127.88 1.27212e+06 0.217648
0.78 -0.0549991 1.01182 1 1 0 1127.89 1.27214e+06 0.224567
0.77 -0.0450008 1.00497 1 1 0 1127.88 1.27211e+06 0.223428
0.76 -0.0349985 0.989452 1 1 0 1127.88 1.27211e+06 0.224173
0.75 -0.0249984 1.01371 1 1 0 1127.89 1.27213e+06 0.221908
0.74 -0.0149975 0.999688 1 1 0 1127.89 1.27215e+06 0.226842
0.73 -0.0049999 1.00126 1 1 0 1127.89 1.27215e+06 0.223364
0.72 0.00500038 1.00164 1 1 0 1127.89 1.27213e+06 0.220978
0.71 0.0150006 0.990463 1 1 0 1127.88 1.27211e+06 0.225874
0.7 0.0250001 0.981789 1 1 0 1127.88 1.27212e+06 0.218553
0.69 0.0350009 0.996038 1 1 0 1127.88 1.27212e+06 0.223102
0.68 0.0450014 1.00492 1 1 0 1127.87 1.27209e+06 0.223628
0.67 0.0550003 0.994861 1 1 0 1127.89 1.27213e+06 0.22333
0.66 0.0649981 1.00501 1 1 0 1127.89 1.27213e+06 0.220265
0.65 0.0750017 1.00371 1 1 0 1127.88 1.27212e+06 0.22473
0.64 0.0849993 0.992773 1 1 0 1127.89 1.27213e+06 0.223651
0.63 0.094997 1.00055 1 1 0 1127.9 1.27216e+06 0.220136
0.62 0.105003 1.01643 1 1 0 1127.88 1.27211e+06 0.224104
0.61 0.115003 1.00237 1 1 0 1127.88 1.27212e+06 0.225426
0.6 0.124999 0.995285 1 1 0 1127.9 1.27216e+06 0.225082
0.59 0.135 0.98763 1 1 0 1127.87 1.2721e+06 0.223446
0.58 0.145 0.996713 1 1 0 1127.89 1.27213e+06 0.221151
0.57 0.155 1.0002 1 1 0 1127.89 1.27214e+06 0.224187
0.56 0.165 0.994471 1 1 0 1127.89 1.27214e+06 0.222478
0.55 0.175001 1.0021 1 1 0 1127.89 1.27214e+06 0.222497
0.54 0.184999 0.998416 1 1 0 1127.87 1.2721e+06 0.222302
0.53 0.195001 0.993798 1 1 0 1127.88 1.27212e+06 0.223774
0.52 0.205001 1.01314 1 1 0 1127.89 1.27214e+06 0.21667
0.51 0.215 0.997643 1 1 0 1127.87 1.2721e+06 0.222329
0.5 0.225003 1.00436 1 1 0 1127.88 1.2721e+06 0.22659
0.49 0.234998 0.987685 1 1 0 1127.87 1.27209e+06 0.220319
0.48 0.245 0.999143 1 1 0 1127.87 1.2721e+06 0.222559
0.47 0.255 0.995604 1 1 0 1127.87 1.27209e+06 0.217669
0.46 0.264998 1.00205 1 1 0 1127.89 1.27215e+06 0.223006
0.45 0.274999 1.01692 1 1 0 1127.87 1.2721e+06 0.218602
0.44 0.282363 194.831 0.980002 0.960797 45.389 1117.13 1.24811e+06 21.7647
0.43 0.0050203 1.00532 0 0 0 572.758 328053 0.661428
0.42 0.00502313 1.00821 0 0 0 572.748 328043 0.670618
0.41 0.00502332 1.01726 0 0 0 572.763 328059 0.681903
0.4 0.00502003 0.999695 0 0 0 572.766 328062 0.685693
0.39 0.00502121 1.00919 0 0 0 572.758 328054 0.667681
0.38 0.00502279 1.0093 0 0 0 572.752 328046 0.66707
0.37 0.0050229 1.00749 0 0 0 572.771 328068 0.659675
0.36 0.00502258 1.00888 0 0 0 572.76 328055 0.659467
0.35 0.00502126 1.01205 0 0 0 572.764 328061 0.658306
0.34 0.00502321 0.996084 0 0 0 572.77 328068 0.667727
0.33 0.00502383 1.01754 0 0 0 572.768 328065 0.675506
0.32 0.00502214 1.01098 0 0 0 572.743 328036 0.663408
0.31 0.00502092 1.01098 0 0 0 572.76 328056 0.665853
0.3 0.00502242 1.0111 0 0 0 572.757 328053 0.669645
0.29 0.00502403 1.00038 0 0 0 572.771 328068 0.676548
0.28 0.00502227 1.01141 0 0 0 572.768 328065 0.676152
0.27 0.00502305 1.01769 0 0 0 572.762 328058 0.666115
0.26 0.00502258 0.996535 0 0 0 572.769 328066 0.663379
0.25 0.00502272 1.00254 0 0 0 572.748 328042 0.66895
0.24 0.00502093 1.01873 0 0 0 572.754 328049 0.664613
0.23 0.00502307 1.01492 0 0 0 572.764 328060 0.660362
0.22 0.00502319 1.00848 0 0 0 572.776 328075 0.664989
0.21 0.00502345 1.02483 0 0 0 572.751 328045 0.678291
0.2 0.0050211 1.01066 0 0 0 572.745 328038 0.67402
0.19 0.0050207 1.01102 0 0 0 572.756 328052 0.670649
0.18 0.00502336 1.00925 0 0 0 572.765 328061 0.653598
0.17 0.00502304 1.00082 0 0 0 572.76 328056 0.676526
0.16 0.0050215 1.01706 0 0 0 572.749 328043 0.66442
0.15 0.00501927 0.989865 0 0 0 572.754 328050 0.674504
0.14 0.00502354 1.01691 0 0 0 572.76 328055 0.660892
0.13 0.00502335 1.00109 0 0 0 572.756 328051 0.667482
0.12 0.00502101 1.0057 0 0 0 572.771 328068 0.679707
0.11 0.00502064 0.999734 0 0 0 572.755 328050 0.665633
0.1 0.00502151 1.00098 0 0 0 572.767 328064 0.676972
0.09 0.00502038 1.01871 0 0 0 572.749 328043 0.666799
0.08 0.00502277 1.00754 0 0 0 572.758 328053 0.669632
0.07 0.00502116 1.0224 0 0 0 572.74 328033 0.667103
0.06 0.00501926 0.990881 0 0 0 572.762 328058 0.668833
0.05 0.00502071 1.00879 0 0 0 572.749 328044 0.67326
0.04 0.00502187 1.00614 0 0 0 572.773 328071 0.665308
0.03 0.00502235 0.986275 0 0 0 572.755 328050 0.668317
0.02 0.00502217 1.00507 0 0 0 572.743 328037 0.664529
0.01 0.00502343 1.01076 0 0 0 572.753 328048 0.673399
