1 0.439797 0.181258 0.459848 0.211926 0.268055 269.22 72564 0.31335
0.99 0.438372 0.180284 0.459794 0.211866 0.264694 269.591 72762.2 0.309874
0.98 0.436363 0.184442 0.459776 0.211854 0.270162 269.889 72921.7 0.308966
0.97 0.43463 0.190349 0.459783 0.211866 0.276787 270.129 73052.2 0.315832
0.96 0.432761 0.192077 0.459509 0.211626 0.286577 270.727 73374.7 0.314447
0.95 0.430818 0.192135 0.459426 0.211557 0.293869 271.022 73533.8 0.313636
0.94 0.428853 0.194664 0.459303 0.211443 0.29653 271.473 73778.7 0.31674
0.93 0.426844 0.19425 0.459457 0.211572 0.291828 271.804 73957.9 0.317501
0.92 0.424998 0.198109 0.459305 0.211433 0.295064 272.156 74149.8 0.322603
0.91 0.422962 0.20142 0.459099 0.211262 0.310147 272.683 74435.9 0.321035
0.9 0.420962 0.203456 0.459274 0.211398 0.297993 272.962 74587.2 0.320415
0.89 0.418902 0.210491 0.458977 0.211144 0.313367 273.584 74927.8 0.327672
0.88 0.416671 0.212263 0.458915 0.211091 0.319574 273.989 75147.7 0.321509
0.87 0.414697 0.210494 0.4588 0.210975 0.316047 274.414 75379.8 0.322283
0.86 0.412401 0.214809 0.458813 0.210987 0.319354 274.85 75619.3 0.324676
0.85 0.410554 0.220232 0.45877 0.210956 0.329402 275.341 75889.8 0.328929
0.84 0.407845 0.221109 0.458752 0.210928 0.325189 275.903 76199.7 0.332476
0.83 0.405422 0.226024 0.45883 0.210994 0.325646 276.344 76441.7 0.330626
0.82 0.40343 0.227354 0.458682 0.210863 0.33282 276.89 76742.1 0.326776
0.81 0.401371 0.236832 0.458761 0.210937 0.338688 277.223 76926.3 0.327954
0.8 0.398614 0.234808 0.458771 0.210949 0.344292 277.747 77216.2 0.328099
0.79 0.396645 0.23955 0.458645 0.210839 0.352797 278.253 77498.4 0.334869
0.78 0.394615 0.24097 0.458711 0.210899 0.356283 278.671 77729.3 0.329285
0.77 0.391783 0.246779 0.458731 0.210924 0.36624 279.27 78063.1 0.332295
0.76 0.389096 0.254771 0.458849 0.211029 0.369305 279.802 78361.1 0.339682
0.75 0.386424 0.253934 0.458965 0.211133 0.371781 280.339 78661.4 0.341018
0.74 0.383785 0.258576 0.459339 0.211479 0.378787 280.647 78834 0.344493
0.73 0.381555 0.257493 0.459291 0.211444 0.391157 281.224 79156.9 0.339953
0.72 0.378954 0.272583 0.459243 0.211383 0.382793 282.025 79607.9 0.343696
0.71 0.376112 0.277086 0.459122 0.211283 0.397741 282.649 79960.2 0.347964
0.7 0.373104 0.27971 0.459578 0.2117 0.401211 283.095 80212.3 0.350277
0.69 0.370506 0.285677 0.460028 0.212112 0.40641 283.658 80532 0.357764
0.68 0.367921 0.285348 0.459719 0.211835 0.417745 284.219 80848.8 0.354449
0.67 0.364877 0.294422 0.459982 0.212076 0.423597 284.977 81277.9 0.346799
0.66 0.361853 0.297868 0.460306 0.212376 0.431553 285.559 81612.3 0.362579
0.65 0.35877 0.302804 0.460255 0.212334 0.44275 286.323 82047.9 0.358813
0.64 0.355626 0.314012 0.46078 0.212808 0.441311 286.973 82420.2 0.361774
0.63 0.352768 0.31902 0.460952 0.212982 0.461755 287.478 82710 0.365148
0.62 0.349426 0.323349 0.461126 0.213135 0.462587 288.284 83173.3 0.365901
0.61 0.345993 0.327612 0.461662 0.213626 0.466825 289.05 83613.4 0.361671
0.6 0.342828 0.335806 0.462062 0.214017 0.494771 289.601 83932.3 0.366966
0.59 0.339514 0.341917 0.462427 0.214336 0.485488 290.419 84406.8 0.37263
0.58 0.336143 0.349095 0.463255 0.215109 0.499966 290.915 84694.3 0.373715
0.57 0.332237 0.35833 0.46378 0.215599 0.51171 291.809 85213.5 0.36856
0.56 0.329015 0.37148 0.464304 0.216095 0.531698 292.487 85610.1 0.375154
0.55 0.325014 0.367471 0.464887 0.216626 0.530185 293.515 86211.8 0.374762
0.54 0.321341 0.376779 0.465659 0.217349 0.544804 294.17 86597.7 0.387177
0.53 0.317578 0.387018 0.466075 0.217734 0.552803 295.038 87108 0.386999
0.52 0.313318 0.405643 0.467305 0.218888 0.569612 295.814 87566 0.390043
0.51 0.309129 0.418955 0.468151 0.21968 0.581287 296.776 88136.6 0.398372
0.5 0.305203 0.427442 0.469112 0.220575 0.586008 297.62 88635.9 0.390197
0.49 0.300313 0.436034 0.470615 0.221998 0.611012 298.553 89191.3 0.390691
0.48 0.29613 0.457477 0.47173 0.223046 0.620824 299.483 89747.1 0.396574
0.47 0.291649 0.461534 0.472985 0.224236 0.638842 300.35 90267 0.402216
0.46 0.287237 0.478528 0.47428 0.225452 0.639985 301.248 90805.7 0.398594
0.45 0.282158 0.488169 0.476147 0.227249 0.682873 302.199 91380.2 0.40927
0.44 0.277209 0.507953 0.477657 0.228685 0.693221 303.233 92004.3 0.406461
0.43 0.272179 0.52508 0.479738 0.230672 0.70149 304.061 92506.6 0.410682
0.42 0.266928 0.544474 0.48198 0.232832 0.722012 305.126 93154.9 0.412887
0.41 0.261095 0.561374 0.484245 0.235028 0.752145 306.339 93896 0.417392
0.4 0.255317 0.572972 0.48688 0.237598 0.785767 307.465 94585.5 0.414872
0.39 0.249629 0.593642 0.489566 0.240224 0.811872 308.402 95162.9 0.423264
0.38 0.243364 0.621717 0.492541 0.243138 0.820623 309.711 95970.6 0.422225
0.37 0.236962 0.661886 0.496304 0.246869 0.858503 310.722 96597.9 0.429786
0.36 0.230218 0.685081 0.500362 0.250907 0.871465 311.726 97221.2 0.429515
0.35 0.223013 0.720906 0.504639 0.25521 0.904935 312.994 98013.1 0.437909
0.34 0.215953 0.74206 0.509258 0.259902 0.945299 314.054 98676.4 0.43274
0.33 0.208279 0.797904 0.514507 0.265287 0.99323 315.326 99476.4 0.43875
0.32 0.200204 0.834209 0.5203 0.27127 1.00318 316.435 100176 0.438112
0.31 0.19196 0.871124 0.52668 0.277968 1.0707 317.589 100906 0.441819
0.3 0.182475 0.929125 0.534214 0.285951 1.08765 318.913 101747 0.438244
0.29 0.172983 0.984848 0.542681 0.295073 1.13433 319.981 102428 0.427299
0.28 0.1632 1.05655 0.551119 0.304319 1.20748 321.226 103225 0.436028
0.27 0.152119 1.14611 0.562073 0.316516 1.2567 322.289 103908 0.432793
0.26 0.14004 1.21837 0.574385 0.330502 1.29408 323.41 104631 0.435152
0.25 0.127532 1.32336 0.587542 0.345794 1.35581 324.544 105364 0.427759
0.24 0.113611 1.41715 0.602913 0.36409 1.40662 325.568 106026 0.410618
0.23 0.0990076 1.57551 0.619869 0.384827 1.47639 326.569 106679 0.423129
0.22 0.0825042 1.66819 0.639863 0.410002 1.50963 327.389 107214 0.416706
0.21 0.0647967 1.82876 0.662237 0.439125 1.55605 328.01 107618 0.392842
0.2 0.0455379 2.00211 0.686618 0.471991 1.57449 328.719 108081 0.371535
0.19 0.0247035 2.18169 0.714256 0.510683 1.5795 329.105 108332 0.356322
0.18 0.00233808 2.33873 0.744059 0.554117 1.58078 329.422 108540 0.344625
0.17 -0.0215574 2.40576 0.77635 0.603161 1.49917 329.514 108598 0.323943
0.16 -0.0458386 2.39664 0.808713 0.654392 1.34996 329.592 108646 0.29642
0.15 -0.0702408 2.45647 0.840643 0.707002 1.23406 329.682 108703 0.273134
0.14 -0.0941663 2.31031 0.870851 0.758633 1.03629 329.863 108822 0.256462
0.13 -0.117139 2.21602 0.899229 0.808808 0.864214 329.941 108871 0.233716
0.12 -0.138802 2.12656 0.92427 0.854421 0.701804 330.236 109065 0.223496
0.11 -0.159 1.93786 0.945734 0.894514 0.528819 330.782 109424 0.210345
0.1 -0.177515 1.77817 0.963562 0.928518 0.386674 331.412 109841 0.198937
0.09 -0.194183 1.60148 0.977375 0.955303 0.261232 332.292 110423 0.187061
0.08 -0.209255 1.42656 0.987454 0.975087 0.161858 333.416 111171 0.181694
0.07 -0.222753 1.28522 0.994087 0.98822 0.0834823 334.678 112014 0.178031
0.06 -0.234935 1.15581 0.997808 0.995625 0.0364415 336.126 112984 0.174218
0.05 -0.246161 1.06852 0.999455 0.998911 0.0109307 337.755 114082 0.173677
0.04 -0.256767 1.03197 0.999933 0.999866 0.00170583 339.397 115192 0.170578
0.03 -0.267126 1.04542 0.999997 0.999994 9.24445e-05 341.055 116320 0.168045
0.02 -0.277338 1.03893 1 1 0 342.694 117441 0.167496
0.01 -0.287461 1.01243 1 1 0 344.351 118578 0.166654
