1 0.510331 0.306971 0.283501 0.0807815 0.235275 479.105 229769 0.473868
0.99 0.507534 0.306836 0.282241 0.0800662 0.236312 478.812 229484 0.469733
0.98 0.504061 0.316894 0.281559 0.0796859 0.241419 479.226 229882 0.478764
0.97 0.501299 0.316967 0.280616 0.0791609 0.246574 479.13 229788 0.478263
0.96 0.497783 0.318105 0.280156 0.0788983 0.246622 479.655 230291 0.48262
0.95 0.494623 0.325741 0.279108 0.0783126 0.249374 479.574 230214 0.490051
0.94 0.49151 0.315853 0.277889 0.0776236 0.246034 479.488 230126 0.482088
0.93 0.488655 0.323489 0.277351 0.0773346 0.254507 479.982 230603 0.495175
0.92 0.485212 0.321713 0.276195 0.0766876 0.252909 479.698 230325 0.48873
0.91 0.482418 0.323647 0.275712 0.0764221 0.256325 480.072 230681 0.486093
0.9 0.479133 0.327708 0.274222 0.0756011 0.258017 479.835 230459 0.502971
0.89 0.475449 0.328298 0.273465 0.0751781 0.255728 479.955 230573 0.505341
0.88 0.472268 0.334274 0.273048 0.0749622 0.266455 480.581 231176 0.514886
0.87 0.469042 0.334564 0.271689 0.0742115 0.262476 480.512 231107 0.513312
0.86 0.465175 0.341745 0.27104 0.0738728 0.274723 480.671 231261 0.523904
0.85 0.46185 0.336044 0.269935 0.0732681 0.273219 480.713 231299 0.523832
0.84 0.458809 0.339711 0.269178 0.0728537 0.272251 480.94 231516 0.525246
0.83 0.455294 0.34708 0.267952 0.0721955 0.275807 480.9 231473 0.522144
0.82 0.45178 0.342929 0.26783 0.072131 0.27958 481.896 232429 0.520681
0.81 0.448321 0.345774 0.26652 0.0714286 0.281287 481.504 232053 0.530196
0.8 0.444419 0.348234 0.26584 0.071069 0.286577 482.065 232594 0.538583
0.79 0.441212 0.357656 0.265201 0.0707351 0.294219 482.29 232814 0.551328
0.78 0.437317 0.356074 0.264446 0.0703344 0.29722 482.772 233274 0.545086
0.77 0.433812 0.365384 0.263253 0.0697053 0.30143 482.582 233091 0.552918
0.76 0.4305 0.363288 0.262043 0.0690575 0.296506 482.554 233062 0.555541
0.75 0.426548 0.362874 0.261633 0.0688521 0.307333 483.166 233650 0.553049
0.74 0.422645 0.362923 0.260704 0.0683814 0.322714 483.291 233774 0.570253
0.73 0.419383 0.374437 0.259149 0.0675602 0.317118 482.981 233473 0.574006
0.72 0.415709 0.37811 0.259232 0.0675956 0.315504 484.084 234534 0.562524
0.71 0.411796 0.376965 0.258373 0.0671566 0.324629 484.428 234871 0.58433
0.7 0.40771 0.378393 0.257789 0.0668521 0.326538 484.852 235280 0.585084
0.69 0.404401 0.387404 0.256555 0.0662184 0.332015 484.814 235242 0.589557
0.68 0.400193 0.393461 0.255909 0.065889 0.338263 485.27 235683 0.593111
0.67 0.396165 0.39219 0.255332 0.0655948 0.344317 485.87 236267 0.605404
0.66 0.392389 0.400411 0.254615 0.0652347 0.354247 486.381 236763 0.611934
0.65 0.388583 0.402013 0.253518 0.0646799 0.362046 486.25 236640 0.636985
0.64 0.384179 0.413176 0.25351 0.0646746 0.36643 487.291 237651 0.635613
0.63 0.380457 0.408146 0.252681 0.0642512 0.369042 487.626 237972 0.629692
0.62 0.376745 0.416477 0.251486 0.0636464 0.372581 487.718 238061 0.636471
0.61 0.372245 0.424837 0.251018 0.0634286 0.395196 488.235 238570 0.657644
0.6 0.367987 0.42276 0.251118 0.0634638 0.387575 489.424 239724 0.640314
0.59 0.363587 0.429737 0.250339 0.0630811 0.401754 489.787 240088 0.68106
0.58 0.359077 0.439886 0.250469 0.0631491 0.411497 490.892 241168 0.676986
0.57 0.35487 0.437468 0.249809 0.0628142 0.414123 491.145 241412 0.675101
0.56 0.350264 0.456231 0.249645 0.0627457 0.435018 492.174 242428 0.698804
0.55 0.345554 0.447398 0.249632 0.0627314 0.435132 493.192 243429 0.704731
0.54 0.34121 0.463336 0.249354 0.0625951 0.445598 493.988 244213 0.707857
0.53 0.336437 0.472789 0.249329 0.0625808 0.452164 494.979 245190 0.708649
0.52 0.331533 0.484204 0.249173 0.0625027 0.460217 495.904 246109 0.73101
0.51 0.326519 0.482971 0.249995 0.0629211 0.47863 497.553 247748 0.743327
0.5 0.321439 0.497209 0.250157 0.0630114 0.498461 498.55 248744 0.769833
0.49 0.316716 0.508123 0.250449 0.0631501 0.500115 499.716 249907 0.780436
0.48 0.311808 0.525353 0.250579 0.0632142 0.509293 500.797 250984 0.772792
0.47 0.306025 0.540685 0.252092 0.0639878 0.536116 502.795 252993 0.806366
0.46 0.30074 0.544815 0.252765 0.0643209 0.539143 504.194 254394 0.788449
0.45 0.295057 0.568911 0.253598 0.0647645 0.579458 505.781 256005 0.836338
0.44 0.289273 0.581183 0.255651 0.0658015 0.58102 508.067 258317 0.830282
0.43 0.283574 0.604713 0.256844 0.0664287 0.615641 509.91 260200 0.87468
0.42 0.277092 0.629823 0.259429 0.0677586 0.624315 512.643 262990 0.871734
0.41 0.270894 0.633979 0.260929 0.0685463 0.649699 514.515 264913 0.885493
0.4 0.26442 0.675826 0.26396 0.0701566 0.693968 517.508 268006 0.925689
0.39 0.257479 0.720679 0.267094 0.0718355 0.733313 520.266 270870 0.953861
0.38 0.249699 0.736745 0.271409 0.074167 0.763845 524.174 274951 0.968632
0.37 0.24184 0.789531 0.2762 0.076816 0.82465 528.079 279068 1.02654
0.36 0.234583 0.826077 0.280251 0.0790701 0.847581 531.425 282612 1.04204
0.35 0.225888 0.903459 0.286187 0.0824564 0.91087 535.895 287386 1.08358
0.34 0.21631 0.951609 0.293747 0.0868542 0.960084 541.435 293355 1.1036
0.33 0.206609 1.06201 0.301791 0.0916952 1.07819 547.086 299519 1.19721
0.32 0.195451 1.15497 0.31258 0.098348 1.15509 554.177 307333 1.24631
0.31 0.183299 1.25136 0.324717 0.106111 1.24473 562.033 316104 1.28142
0.3 0.169691 1.45837 0.339612 0.116081 1.4306 571.236 326551 1.39949
0.29 0.153811 1.63397 0.358315 0.129177 1.56421 582.418 339452 1.43245
0.28 0.134908 2.05241 0.382155 0.146967 1.9019 595.956 355431 1.60708
0.27 0.112722 2.47721 0.412394 0.171088 2.17493 612.516 375464 1.73906
0.26 0.0851816 3.291 0.451911 0.205457 2.73233 633.08 401118 1.99272
0.25 0.0478209 4.03541 0.506964 0.258353 3.08712 660.648 436780 1.96704
0.24 0.00412515 5.13075 0.571731 0.328327 3.48155 691.242 478136 1.92827
0.23 -0.0476311 5.03754 0.64674 0.419476 3.01367 724.332 524891 1.39891
0.22 -0.0955047 4.5235 0.711777 0.507509 2.31086 750.838 563913 0.941997
0.21 -0.136971 4.02404 0.764668 0.585365 1.7786 770.747 594157 0.661233
0.2 -0.174077 3.51927 0.808796 0.654632 1.3835 786.356 618435 0.498421
0.19 -0.206874 3.14704 0.845712 0.715585 1.08296 798.622 637856 0.384768
0.18 -0.23591 2.79837 0.876038 0.76771 0.853436 808.239 653298 0.322264
0.17 -0.262613 2.45369 0.902431 0.814579 0.667924 816.471 666662 0.270743
0.16 -0.286688 2.31912 0.924528 0.854902 0.539942 823.166 677635 0.248236
0.15 -0.308537 2.10696 0.942975 0.889312 0.428028 828.812 686958 0.221768
0.14 -0.328462 1.91264 0.958425 0.918657 0.321158 833.609 694928 0.20768
0.13 -0.34659 1.73568 0.9708 0.942505 0.234846 837.714 701787 0.196801
0.12 -0.362992 1.57577 0.98063 0.96167 0.16971 841.139 707533 0.187982
0.11 -0.377979 1.39817 0.987989 0.976143 0.112989 844.208 712704 0.177816
0.1 -0.391657 1.27794 0.993195 0.986449 0.0686112 846.782 717054 0.173272
0.09 -0.404002 1.17153 0.996561 0.99314 0.0375748 849.063 720922 0.175786
0.08 -0.415539 1.11836 0.998535 0.997075 0.018541 851.061 724316 0.172732
0.07 -0.426381 1.05444 0.999516 0.999033 0.00697154 852.828 727325 0.168087
0.06 -0.436868 1.05176 0.999889 0.999779 0.00184818 854.584 730322 0.171737
0.05 -0.447106 1.02404 0.999985 0.99997 0.000301161 856.226 733130 0.170193
0.04 -0.457238 1.02531 0.999999 0.999999 1.30169e-05 857.844 735901 0.166225
0.03 -0.467366 1.01315 1 1 0 859.502 738748 0.167857
0.02 -0.477447 1.00972 1 1 0 861.13 741548 0.169852
0.01 -0.48749 0.99528 1 1 0 862.739 744320 0.164346
