1 0.338446 0.198412 0.514262 0.264942 0.274747 263.862 69696.7 0.279556
0.99 0.33684 0.199911 0.514704 0.265396 0.276973 264.071 69808.1 0.285098
0.98 0.334488 0.20103 0.515202 0.265905 0.276871 264.428 69996.7 0.288578
0.97 0.332419 0.20516 0.515878 0.266607 0.28359 264.702 70139.5 0.281615
0.96 0.330847 0.211868 0.516271 0.267004 0.280615 264.874 70231.7 0.288808
0.95 0.328568 0.211576 0.516715 0.267469 0.287564 265.383 70500.3 0.286337
0.94 0.325967 0.214645 0.517464 0.268246 0.292694 265.732 70685.8 0.290222
0.93 0.324137 0.217816 0.518176 0.268981 0.293762 265.94 70796.9 0.293514
0.92 0.322335 0.226801 0.518441 0.269256 0.297254 266.316 70995.9 0.293413
0.91 0.319464 0.226323 0.519397 0.270252 0.303401 266.567 71130.1 0.296688
0.9 0.317155 0.227881 0.519901 0.27077 0.302975 267.158 71444.6 0.295718
0.89 0.314996 0.232135 0.5207 0.271597 0.302692 267.379 71560.9 0.292481
0.88 0.312714 0.239241 0.521356 0.272293 0.314697 267.763 71766.6 0.296054
0.87 0.310671 0.237166 0.522095 0.273057 0.313665 267.927 71851.7 0.286305
0.86 0.308152 0.243655 0.523023 0.274024 0.315722 268.302 72053.1 0.291711
0.85 0.305238 0.250064 0.523723 0.274757 0.319021 268.737 72286.9 0.294682
0.84 0.302941 0.249962 0.524629 0.275715 0.329018 269.073 72466.9 0.294622
0.83 0.30022 0.25687 0.525614 0.27675 0.33356 269.36 72623.2 0.305603
0.82 0.297898 0.259663 0.526065 0.277225 0.337629 269.941 72934.8 0.302043
0.81 0.295352 0.263421 0.527036 0.278252 0.344921 270.265 73108.6 0.297923
0.8 0.292768 0.27056 0.527981 0.279242 0.344242 270.521 73246.8 0.302157
0.79 0.289231 0.272483 0.529188 0.280519 0.349458 271.187 73607.7 0.304207
0.78 0.287127 0.287102 0.53006 0.281445 0.355697 271.431 73739.2 0.303567
0.77 0.283573 0.290364 0.53133 0.282793 0.359981 271.978 74035.5 0.302185
0.76 0.281025 0.297769 0.532142 0.28365 0.359812 272.38 74254.4 0.306249
0.75 0.277976 0.29954 0.533321 0.284904 0.36361 272.84 74505.1 0.309888
0.74 0.275085 0.303544 0.534621 0.286304 0.376746 273.104 74647.2 0.303853
0.73 0.272239 0.319748 0.535841 0.287603 0.376425 273.463 74842.6 0.303004
0.72 0.269153 0.316219 0.5368 0.288627 0.378195 274.068 75174.3 0.309956
0.71 0.265593 0.329727 0.538425 0.29038 0.387752 274.413 75362.8 0.309539
0.7 0.262542 0.330245 0.539621 0.291669 0.393287 274.902 75631.8 0.313969
0.69 0.258993 0.339939 0.540936 0.293109 0.415077 275.433 75921.8 0.308322
0.68 0.255452 0.350254 0.542809 0.295126 0.410035 275.78 76112.4 0.30863
0.67 0.251904 0.355727 0.544202 0.296639 0.415128 276.492 76505.6 0.311241
0.66 0.248731 0.367731 0.545732 0.298312 0.426098 276.701 76620 0.311171
0.65 0.244585 0.374886 0.547532 0.30028 0.433335 277.284 76942.6 0.312685
0.64 0.241105 0.374089 0.549201 0.302104 0.434771 277.839 77250.1 0.312555
0.63 0.236881 0.394304 0.551323 0.30445 0.451457 278.347 77532.6 0.316835
0.62 0.233553 0.397807 0.552913 0.306194 0.447373 278.678 77715.8 0.313959
0.61 0.228549 0.421403 0.555571 0.309136 0.449462 279.301 78062.5 0.315124
0.6 0.224773 0.425664 0.557333 0.311103 0.463581 279.921 78408.8 0.315299
0.59 0.220312 0.436918 0.559968 0.314039 0.463345 280.253 78593.8 0.316352
0.58 0.215973 0.454971 0.561959 0.316288 0.486923 280.974 78998.1 0.318587
0.57 0.211239 0.464327 0.564555 0.319206 0.488104 281.533 79312.7 0.322912
0.56 0.206781 0.484398 0.567182 0.322185 0.503382 281.963 79554.1 0.321057
0.55 0.201946 0.487153 0.569757 0.325113 0.513767 282.686 79961.6 0.32303
0.54 0.196896 0.503003 0.572741 0.328522 0.522394 283.27 80292.3 0.327753
0.53 0.191875 0.518417 0.575486 0.331672 0.530619 283.882 80637.2 0.320729
0.52 0.186571 0.549004 0.578888 0.33561 0.551815 284.444 80955.5 0.31812
0.51 0.180973 0.56703 0.582134 0.339366 0.548399 285.185 81378.8 0.332395
0.5 0.175193 0.581197 0.585805 0.343654 0.5606 285.782 81717.1 0.319874
0.49 0.16949 0.606477 0.589289 0.34775 0.573886 286.484 82120 0.333335
0.48 0.16326 0.620079 0.593373 0.35258 0.585973 287.166 82509.6 0.329749
0.47 0.156925 0.645432 0.597717 0.357751 0.594888 287.737 82837.7 0.331622
0.46 0.150491 0.674612 0.602121 0.363036 0.608812 288.374 83203.7 0.331332
0.45 0.143384 0.70337 0.607014 0.368949 0.617786 289.06 83598.4 0.329471
0.44 0.136179 0.723816 0.611788 0.374763 0.627043 289.826 84040.6 0.32475
0.43 0.128823 0.753259 0.61696 0.381122 0.646366 290.643 84514.5 0.327086
0.42 0.120928 0.815838 0.622852 0.388429 0.664394 291.216 84846.9 0.325963
0.41 0.112952 0.832278 0.628991 0.396105 0.667732 291.919 85255.5 0.326035
0.4 0.104576 0.88404 0.635057 0.403776 0.689591 292.843 85796 0.333887
0.39 0.0954966 0.89911 0.64182 0.412409 0.70299 293.635 86258.5 0.324939
0.38 0.0860059 0.968122 0.649171 0.421892 0.710037 294.454 86738.8 0.32068
0.37 0.076157 1.00927 0.657191 0.432364 0.721334 295.201 87178.7 0.320813
0.36 0.0660292 1.07113 0.665045 0.442751 0.745287 296.138 87732.6 0.326246
0.35 0.0545876 1.11375 0.674346 0.455205 0.760528 297.036 88263.4 0.320322
0.34 0.0427565 1.1943 0.684235 0.468628 0.763443 297.902 88778.5 0.322369
0.33 0.0309035 1.26475 0.693785 0.48178 0.771662 298.882 89361.3 0.313067
0.32 0.0179628 1.33981 0.704551 0.496835 0.796905 299.889 89963.6 0.31626
0.31 0.00410741 1.4361 0.716347 0.513586 0.804318 300.803 90511.3 0.310082
0.3 -0.0101061 1.50856 0.728341 0.530893 0.79113 301.778 91098.2 0.310897
0.29 -0.025964 1.56266 0.74175 0.550594 0.796029 302.847 91742.4 0.298427
0.28 -0.0424 1.7036 0.755772 0.571583 0.80519 303.925 92396.2 0.302375
0.27 -0.0598857 1.77904 0.770793 0.594495 0.795611 305.04 93073.4 0.289136
0.26 -0.0783937 1.90553 0.786383 0.618754 0.787045 306.292 93837.8 0.285714
0.25 -0.0978992 2.01827 0.802836 0.644885 0.783946 307.498 94576.8 0.280809
0.24 -0.118232 2.07315 0.819542 0.671963 0.75303 308.868 95419.8 0.2738
0.23 -0.139522 2.18435 0.837265 0.7013 0.720107 310.15 96211.7 0.265124
0.22 -0.161634 2.18035 0.855185 0.731604 0.686914 311.478 97035.9 0.255028
0.21 -0.183827 2.29489 0.87272 0.761871 0.631076 312.891 97917.1 0.244724
0.2 -0.206736 2.26256 0.890359 0.79294 0.577905 314.335 98822 0.241697
0.19 -0.228767 2.19739 0.906789 0.822435 0.507427 315.751 99712.3 0.229828
0.18 -0.250637 2.17043 0.92252 0.851186 0.454278 317.212 100636 0.222185
0.17 -0.272048 2.08991 0.937125 0.878319 0.391919 318.711 101589 0.214922
0.16 -0.292267 1.98831 0.950357 0.903266 0.31835 320.086 102466 0.207581
0.15 -0.311589 1.88245 0.961975 0.925464 0.261593 321.578 103422 0.202639
0.14 -0.329444 1.77327 0.971909 0.944658 0.204101 322.984 104328 0.196316
0.13 -0.346201 1.6155 0.980112 0.960655 0.160485 324.515 105318 0.192223
0.12 -0.361908 1.47985 0.986724 0.973647 0.112038 326.07 106329 0.19048
0.11 -0.376235 1.38974 0.991733 0.98355 0.0760589 327.604 107331 0.187897
0.1 -0.389602 1.28868 0.995306 0.990642 0.0471807 329.253 108413 0.177121
0.09 -0.402122 1.21093 0.997632 0.995275 0.0268796 330.883 109489 0.178048
0.08 -0.413823 1.15799 0.998987 0.997977 0.0127205 332.588 110619 0.175871
0.07 -0.424991 1.10497 0.999659 0.999318 0.00489628 334.27 111741 0.174443
0.06 -0.435808 1.06119 0.999923 0.999846 0.00127819 335.997 112897 0.1728
0.05 -0.446359 1.04893 0.999989 0.999978 0.000222514 337.689 114037 0.170384
0.04 -0.456779 1.03656 0.999999 0.999998 1.95225e-05 339.379 115180 0.174637
0.03 -0.467106 1.0197 1 1 0 341.041 116311 0.167712
0.02 -0.477339 1.01815 1 1 0 342.715 117455 0.165518
0.01 -0.487467 1.01955 1 1 0 344.337 118569 0.167759
