1 179330000 0 0
1 179330000 0 0
1 179330000 0 0
1 179330000 0 0
1 179330000 0 0
1 179330000 0 0
1 179330000 0 0
1 179330000 0 0
1 179330000 0 0
1 179330000 0 0
1 179330000 0 0
1 179330000 0 0
1 179330000 0 0
1 179330000 0 0
1 179330000 0 0
1 179330000 0 0
1 179330000 0 0
1 179330000 0 0
1 179330000 0 0
1 179330000 0 0
1 179330000 0 0
1 179330000 0 0
1 179330000 0 0
1 179330000 0 0
1 179330000 0 0
1 179330000 0 0
1 179330000 0 0
1 179330000 0 0
1 179330000 0 0
1 179330000 0 0
1 179330000 0 0
1 179330000 0 0
1 179330000 0 0
1 179330000 0 0
1 179330000 0 0
1 179330000 0 0
1 179330000 0 0
1 179330000 0 0
1 179330000 0 0
1 179330000 0 0
1 179330000 0 0
1 179330000 0 0
1 179330000 0 0
1 179330000 0 0
1 179330000 0 0
1 179330000 0 0
1 179330000 0 0
1 179330000 0 0
1 179330000 0 0
1 179330000 0 0
1 179330000 0 0
1 179330000 0 0
1 179330000 0 0
1 179330000 0 0
1 179330000 0 0
1 179330000 0 0
1 179330000 0 0
1 179330000 0 0
1 179330000 0 0
1 179330000 0 0
1 179330000 0 0
1 179330000 0 0
1 179330000 0 0
1 179330000 0 0
1 179330000 0 0
1 179330000 0 0
1 179330000 0 0
1 179330000 0 0
1 179330000 0 0
1 179330000 0 0
1 179330000 0 0
1 179330000 0 0
1 179330000 0 0
1 179330000 0 0
1 179330000 0 0
1 179330000 0 0
1 179330000 0 0
1 179330000 0 0
1 179330000 0 0
1 179330000 0 0
1 179330000 0 0
1 179330000 0 0
1 179330000 0 0
1 179330000 0 0
1 179330000 0 0
1 179330000 0 0
1 179330000 0 0
1 179330000 0 0
1 179330000 0 0
1 179330000 0 0
1 179330000 0 0
1 179330000 0 0
1 179330000 0 0
1 179330000 0 0
1 179330000 0 0
1 179330000 0 0
1 179330000 0 0
1 179330000 0 0
1 179330000 0 0
1 179330000 0 0
1 179330000 0 0
1 179330000 0 0
1 179330000 0 0
1 179330000 0 0
1 179330000 0 0
1 179330000 1040193149 1.04019e+09
1 179330000 1581017475 1.58102e+09
1 179330000 1993311378 1.99331e+09
1 179330000 -2099169700 2.1958e+09
1 179330000 -1924914822 2.37005e+09
1 179330000 -1786539278 2.50843e+09
1 179330000 -1731983546 2.56298e+09
1 179330000 -1709532983 2.58543e+09
1 179330000 -1668925906 2.62604e+09
1 179330000 -1645026809 2.64994e+09
1 179330000 -1628768679 2.6662e+09
1 179330000 -1622831944 2.67214e+09
1 179330000 -1608442611 2.68652e+09
1 179330000 -1596129186 2.69884e+09
1 179330000 -1576907393 2.71806e+09
1 179330000 -1576343545 2.71862e+09
1 179330000 -1575143788 2.71982e+09
1 179330000 -1574875787 2.72009e+09
1 179330000 -1574460634 2.72051e+09
1 179330000 -1574290888 2.72068e+09
1 179330000 -1573934538 2.72103e+09
1 179330000 -1571162211 2.72381e+09
1 179330000 -1569903839 2.72506e+09
1 179330000 -1569599842 2.72537e+09
1 179330000 -1569022072 2.72595e+09
1 179330000 -1568052677 2.72691e+09
1 179330000 -1567672715 2.72729e+09
1 179330000 -1567428763 2.72754e+09
1 179330000 -1566932250 2.72804e+09
1 179330000 -1566439310 2.72853e+09
1 179330000 -1566329932 2.72864e+09
1 179330000 -1565940500 2.72903e+09
1 179330000 -1565873125 2.72909e+09
1 179330000 -1565361005 2.72961e+09
1 179330000 -1565312604 2.72965e+09
1 179330000 -1565064434 2.7299e+09
1 179330000 -1564822724 2.73014e+09
1 179330000 -1564778216 2.73019e+09
1 179330000 -1564688353 2.73028e+09
1 179330000 -1564687867 2.73028e+09
1 179330000 -1564640171 2.73033e+09
1 179330000 -1564458699 2.73051e+09
1 179330000 -1564276899 2.73069e+09
1 179330000 -1564259499 2.73071e+09
1 179330000 -1564253480 2.73071e+09
1 179330000 -1564119080 2.73085e+09
1 179330000 -1564070282 2.7309e+09
1 179330000 -1564066118 2.7309e+09
1 179330000 -1564065801 2.7309e+09
1 179330000 -1564026205 2.73094e+09
1 179330000 -1563999036 2.73097e+09
1 179330000 -1563982690 2.73098e+09
1 179330000 -1563953446 2.73101e+09
1 179330000 -1563941831 2.73103e+09
1 179330000 -1563933184 2.73103e+09
1 179330000 -1563906685 2.73106e+09
1 179330000 -1563898752 2.73107e+09
1 179330000 -1563897945 2.73107e+09
1 179330000 -1563897002 2.73107e+09
1 179330000 -1563887145 2.73108e+09
1 179330000 -1563868769 2.7311e+09
1 179330000 -1563836284 2.73113e+09
1 179330000 -1563832842 2.73113e+09
1 179330000 -1563831752 2.73114e+09
1 179330000 -1563810478 2.73116e+09
1 179330000 -1563804538 2.73116e+09
1 179330000 -1563784519 2.73118e+09
1 179330000 -1563770534 2.7312e+09
1 179330000 -1563761371 2.73121e+09
1 179330000 -1563745603 2.73122e+09
1 179330000 -1563725764 2.73124e+09
1 179330000 -1563719031 2.73125e+09
1 179330000 -1563704369 2.73126e+09
1 179330000 -1563701162 2.73127e+09
1 179330000 -1563692606 2.73127e+09
1 179330000 -1563673549 2.73129e+09
1 179330000 -1563671435 2.7313e+09
1 179330000 -1563667634 2.7313e+09
1 179330000 -1563665940 2.7313e+09
1 179330000 -1563654513 2.73131e+09
1 179330000 -1563650482 2.73132e+09
1 179330000 -1563647004 2.73132e+09
1 179330000 -1563644908 2.73132e+09
1 179330000 -1563643129 2.73132e+09
1 179330000 -1563638956 2.73133e+09
1 179330000 -1563637622 2.73133e+09
1 179330000 -1563636555 2.73133e+09
1 179330000 -1563631996 2.73134e+09
1 179330000 -1563619893 2.73135e+09
1 179330000 -1563619156 2.73135e+09
1 179330000 -1563615636 2.73135e+09
1 179330000 -1563613166 2.73135e+09
1 179330000 -1563606739 2.73136e+09
1 179330000 -1563605963 2.73136e+09
1 179330000 -1563604585 2.73136e+09
1 179330000 -1563603925 2.73136e+09
1 179330000 -1563603786 2.73136e+09
1 179330000 -1563602204 2.73137e+09
1 179330000 -1563602044 2.73137e+09
1 179330000 -1563600769 2.73137e+09
1 179330000 -1563597062 2.73137e+09
1 179330000 -1563596806 2.73137e+09
1 179330000 -1563594691 2.73137e+09
1 179330000 -1563590889 2.73138e+09
1 179330000 -1563586123 2.73138e+09
1 179330000 -1563585982 2.73138e+09
1 179330000 -1563584211 2.73138e+09
1 179330000 -1563578549 2.73139e+09
1 179330000 -1563578010 2.73139e+09
1 179330000 -1563573681 2.73139e+09
1 179330000 -1563568242 2.7314e+09
1 179330000 -1563564535 2.7314e+09
1 179330000 -1563563744 2.7314e+09
1 179330000 -1563561099 2.73141e+09
1 179330000 -1563560358 2.73141e+09
1 179330000 -1563558511 2.73141e+09
1 179330000 -1563552648 2.73141e+09
1 179330000 -1563552338 2.73141e+09
1 179330000 -1563552058 2.73142e+09
1 179330000 -1563551839 2.73142e+09
1 179330000 -1563545088 2.73142e+09
1 179330000 -1563541350 2.73143e+09
1 179330000 -1563540252 2.73143e+09
1 179330000 -1563538424 2.73143e+09
1 179330000 -1563532921 2.73143e+09
1 179330000 -1563528242 2.73144e+09
1 179330000 -1563527268 2.73144e+09
1 179330000 -1563527236 2.73144e+09
1 179330000 -1563526626 2.73144e+09
1 179330000 -1563525809 2.73144e+09
1 179330000 -1563524142 2.73144e+09
1 179330000 -1563523690 2.73144e+09
1 179330000 -1563523345 2.73144e+09
1 179330000 -1563520399 2.73145e+09
1 179330000 -1563519224 2.73145e+09
1 179330000 -1563518105 2.73145e+09
1 179330000 -1563515803 2.73145e+09
1 179330000 -1563515496 2.73145e+09
1 179330000 -1563514191 2.73145e+09
1 179330000 -1563514131 2.73145e+09
1 179330000 -1563514107 2.73145e+09
1 179330000 -1563514054 2.73145e+09
1 179330000 -1563512390 2.73145e+09
1 179330000 -1563512198 2.73146e+09
1 179330000 -1563511896 2.73146e+09
1 179330000 -1563511167 2.73146e+09
1 179330000 -1563511007 2.73146e+09
1 179330000 -1563510812 2.73146e+09
1 179330000 -1563508529 2.73146e+09
1 179330000 -1563508170 2.73146e+09
1 179330000 -1563507785 2.73146e+09
1 179330000 -1563507645 2.73146e+09
1 179330000 -1563507384 2.73146e+09
1 179330000 -1563507061 2.73146e+09
1 179330000 -1563506733 2.73146e+09
1 179330000 -1563506467 2.73146e+09
1 179330000 -1563506381 2.73146e+09
1 179330000 -1563505722 2.73146e+09
1 179330000 -1563505466 2.73146e+09
1 179330000 -1563504597 2.73146e+09
1 179330000 -1563502918 2.73146e+09
1 179330000 -1563502847 2.73146e+09
1 179330000 -1563502700 2.73146e+09
1 179330000 -1563502252 2.73147e+09
1 179330000 -1563502135 2.73147e+09
1 179330000 -1563501566 2.73147e+09
1 179330000 -1563500927 2.73147e+09
1 179330000 -1563500550 2.73147e+09
1 179330000 -1563499869 2.73147e+09
1 179330000 -1563498917 2.73147e+09
1 179330000 -1563498282 2.73147e+09
1 179330000 -1563498163 2.73147e+09
1 179330000 -1563497452 2.73147e+09
1 179330000 -1563497446 2.73147e+09
1 179330000 -1563497257 2.73147e+09
1 179330000 -1563494292 2.73147e+09
1 179330000 -1563494029 2.73147e+09
1 179330000 -1563493482 2.73147e+09
1 179330000 -1563492827 2.73147e+09
1 179330000 -1563492671 2.73147e+09
1 179330000 -1563491833 2.73148e+09
1 179330000 -1563491857 2.73148e+09
1 179330000 -1563490285 2.73148e+09
1 179330000 -1563490274 2.73148e+09
1 179330000 -1563490184 2.73148e+09
1 179330000 -1563490133 2.73148e+09
1 179330000 -1563489964 2.73148e+09
1 179330000 -1563489656 2.73148e+09
1 179330000 -1563489614 2.73148e+09
1 179330000 -1563489101 2.73148e+09
1 179330000 -1563489059 2.73148e+09
1 179330000 -1563488988 2.73148e+09
1 179330000 -1563489060 2.73148e+09
1 179330000 -1563489029 2.73148e+09
1 179330000 -1563488558 2.73148e+09
1 179330000 -1563487178 2.73148e+09
1 179330000 -1563487151 2.73148e+09
1 179330000 -1563486880 2.73148e+09
1 179330000 -1563486871 2.73148e+09
1 179330000 -1563486536 2.73148e+09
1 179330000 -1563484984 2.73148e+09
1 179330000 -1563484401 2.73148e+09
1 179330000 -1563483799 2.73148e+09
1 179330000 -1563483531 2.73148e+09
1 179330000 -1563483412 2.73148e+09
1 179330000 -1563483096 2.73148e+09
1 179330000 -1563482726 2.73148e+09
1 179330000 -1563482715 2.73148e+09
1 179330000 -1563482747 2.73148e+09
1 179330000 -1563482662 2.73148e+09
1 179330000 -1563482578 2.73148e+09
1 179330000 -1563482705 2.73148e+09
1 179330000 -1563482762 2.73148e+09
1 179330000 -1563482703 2.73148e+09
1 179330000 -1563482682 2.73148e+09
1 179330000 -1563482492 2.73148e+09
1 179330000 -1563482323 2.73148e+09
1 179330000 -1563482120 2.73149e+09
1 179330000 -1563481634 2.73149e+09
1 179330000 -1563481577 2.73149e+09
1 179330000 -1563480754 2.73149e+09
1 179330000 -1563480517 2.73149e+09
1 179330000 -1563480341 2.73149e+09
1 179330000 -1563479897 2.73149e+09
1 179330000 -1563479784 2.73149e+09
1 179330000 -1563479764 2.73149e+09
1 179330000 -1563479017 2.73149e+09
1 179330000 -1563478992 2.73149e+09
1 179330000 -1563478972 2.73149e+09
1 179330000 -1563478800 2.73149e+09
1 179330000 -1563478632 2.73149e+09
1 179330000 -1563478609 2.73149e+09
1 179330000 -1563478652 2.73149e+09
1 179330000 -1563478641 2.73149e+09
1 179330000 -1563478305 2.73149e+09
1 179330000 -1563478323 2.73149e+09
1 179330000 -1563478174 2.73149e+09
1 179330000 -1563478145 2.73149e+09
1 179330000 -1563478010 2.73149e+09
1 179330000 -1563477673 2.73149e+09
1 179330000 -1563477669 2.73149e+09
1 179330000 -1563477451 2.73149e+09
1 179330000 -1563476992 2.73149e+09
1 179330000 -1563476878 2.73149e+09
1 179330000 -1563476590 2.73149e+09
1 179330000 -1563476419 2.73149e+09
1 179330000 -1563475416 2.73149e+09
1 179330000 -1563475389 2.73149e+09
1 179330000 -1563475354 2.73149e+09
1 179330000 -1563475150 2.73149e+09
1 179330000 -1563475174 2.73149e+09
1 179330000 -1563475260 2.73149e+09
1 179330000 -1563474933 2.73149e+09
1 179330000 -1563474904 2.73149e+09
1 179330000 -1563474785 2.73149e+09
1 179330000 -1563474770 2.73149e+09
1 179330000 -1563474536 2.73149e+09
1 179330000 -1563474463 2.73149e+09
1 179330000 -1563474529 2.73149e+09
1 179330000 -1563474499 2.73149e+09
1 179330000 -1563474213 2.73149e+09
1 179330000 -1563474206 2.73149e+09
1 179330000 -1563474166 2.73149e+09
1 179330000 -1563474168 2.73149e+09
1 179330000 -1563474172 2.73149e+09
1 179330000 -1563473996 2.73149e+09
1 179330000 -1563473990 2.73149e+09
1 179330000 -1563474055 2.73149e+09
1 179330000 -1563474008 2.73149e+09
1 179330000 -1563473989 2.73149e+09
1 179330000 -1563473667 2.73149e+09
1 179330000 -1563473561 2.73149e+09
1 179330000 -1563473491 2.73149e+09
1 179330000 -1563473168 2.73149e+09
1 179330000 -1563473108 2.73149e+09
1 179330000 -1563472800 2.73149e+09
1 179330000 -1563472811 2.73149e+09
1 179330000 -1563472625 2.73149e+09
1 179330000 -1563472347 2.73149e+09
1 179330000 -1563472252 2.7315e+09
1 179330000 -1563471779 2.7315e+09
1 179330000 -1563471771 2.7315e+09
1 179330000 -1563471765 2.7315e+09
1 179330000 -1563471709 2.7315e+09
1 179330000 -1563471689 2.7315e+09
1 179330000 -1563471738 2.7315e+09
1 179330000 -1563471908 2.7315e+09
1 179330000 -1563471903 2.7315e+09
1 179330000 -1563471842 2.7315e+09
1 179330000 -1563471757 2.7315e+09
1 179330000 -1563471735 2.7315e+09
1 179330000 -1563471767 2.7315e+09
1 179330000 -1563471648 2.7315e+09
1 179330000 -1563471424 2.7315e+09
1 179330000 -1563471379 2.7315e+09
1 179330000 -1563471128 2.7315e+09
1 179330000 -1563471111 2.7315e+09
1 179330000 -1563470994 2.7315e+09
1 179330000 -1563470963 2.7315e+09
1 179330000 -1563470927 2.7315e+09
1 179330000 -1563470888 2.7315e+09
1 179330000 -1563470883 2.7315e+09
1 179330000 -1563470845 2.7315e+09
1 179330000 -1563470736 2.7315e+09
1 179330000 -1563470580 2.7315e+09
1 179330000 -1563470579 2.7315e+09
1 179330000 -1563470571 2.7315e+09
1 179330000 -1563470538 2.7315e+09
1 179330000 -1563470629 2.7315e+09
1 179330000 -1563470391 2.7315e+09
1 179330000 -1563470245 2.7315e+09
1 179330000 -1563470173 2.7315e+09
1 179330000 -1563470146 2.7315e+09
1 179330000 -1563469601 2.7315e+09
1 179330000 -1563469438 2.7315e+09
1 179330000 -1563469431 2.7315e+09
1 179330000 -1563469273 2.7315e+09
1 179330000 -1563469086 2.7315e+09
1 179330000 -1563469032 2.7315e+09
1 179330000 -1563469042 2.7315e+09
1 179330000 -1563468976 2.7315e+09
1 179330000 -1563469220 2.7315e+09
1 179330000 -1563469196 2.7315e+09
1 179330000 -1563469176 2.7315e+09
1 179330000 -1563469153 2.7315e+09
1 179330000 -1563469130 2.7315e+09
1 179330000 -1563468909 2.7315e+09
1 179330000 -1563468644 2.7315e+09
1 179330000 -1563468548 2.7315e+09
1 179330000 -1563468569 2.7315e+09
1 179330000 -1563468559 2.7315e+09
1 179330000 -1563468567 2.7315e+09
1 179330000 -1563468555 2.7315e+09
1 179330000 -1563468498 2.7315e+09
1 179330000 -1563468398 2.7315e+09
1 179330000 -1563468305 2.7315e+09
1 179330000 -1563468313 2.7315e+09
1 179330000 -1563468282 2.7315e+09
1 179330000 -1563468198 2.7315e+09
1 179330000 -1563468192 2.7315e+09
1 179330000 -1563468173 2.7315e+09
1 179330000 -1563468185 2.7315e+09
1 179330000 -1563468155 2.7315e+09
1 179330000 -1563468056 2.7315e+09
1 179330000 -1563468036 2.7315e+09
1 179330000 -1563468039 2.7315e+09
1 179330000 -1563468119 2.7315e+09
1 179330000 -1563467912 2.7315e+09
1 179330000 -1563467914 2.7315e+09
1 179330000 -1563467968 2.7315e+09
1 179330000 -1563467965 2.7315e+09
1 179330000 -1563468009 2.7315e+09
1 179330000 -1563468028 2.7315e+09
1 179330000 -1563467951 2.7315e+09
1 179330000 -1563467987 2.7315e+09
1 179330000 -1563467891 2.7315e+09
1 179330000 -1563467727 2.7315e+09
1 179330000 -1563467713 2.7315e+09
1 179330000 -1563467720 2.7315e+09
1 179330000 -1563467774 2.7315e+09
1 179330000 -1563467774 2.7315e+09
1 179330000 -1563467753 2.7315e+09
1 179330000 -1563467686 2.7315e+09
1 179330000 -1563467518 2.7315e+09
1 179330000 -1563467544 2.7315e+09
1 179330000 -1563467556 2.7315e+09
1 179330000 -1563467520 2.7315e+09
1 179330000 -1563467495 2.7315e+09
1 179330000 -1563467426 2.7315e+09
1 179330000 -1563467235 2.7315e+09
1 179330000 -1563467270 2.7315e+09
1 179330000 -1563467287 2.7315e+09
1 179330000 -1563467267 2.7315e+09
1 179330000 -1563467325 2.7315e+09
1 179330000 -1563467246 2.7315e+09
1 179330000 -1563467146 2.7315e+09
1 179330000 -1563467063 2.7315e+09
1 179330000 -1563467060 2.7315e+09
1 179330000 -1563467030 2.7315e+09
1 179330000 -1563466971 2.7315e+09
1 179330000 -1563467064 2.7315e+09
1 179330000 -1563467040 2.7315e+09
1 179330000 -1563467020 2.7315e+09
1 179330000 -1563467017 2.7315e+09
1 179330000 -1563466984 2.7315e+09
1 179330000 -1563466866 2.7315e+09
1 179330000 -1563466874 2.7315e+09
1 179330000 -1563466853 2.7315e+09
1 179330000 -1563466818 2.7315e+09
1 179330000 -1563466788 2.7315e+09
1 179330000 -1563466811 2.7315e+09
1 179330000 -1563466692 2.7315e+09
1 179330000 -1563466693 2.7315e+09
1 179330000 -1563466753 2.7315e+09
1 179330000 -1563466774 2.7315e+09
1 179330000 -1563466788 2.7315e+09
1 179330000 -1563466735 2.7315e+09
1 179330000 -1563466736 2.7315e+09
1 179330000 -1563466707 2.7315e+09
1 179330000 -1563466719 2.7315e+09
1 179330000 -1563466677 2.7315e+09
1 179330000 -1563466682 2.7315e+09
1 179330000 -1563466720 2.7315e+09
1 179330000 -1563466746 2.7315e+09
1 179330000 -1563466743 2.7315e+09
1 179330000 -1563466729 2.7315e+09
1 179330000 -1563466714 2.7315e+09
1 179330000 -1563466685 2.7315e+09
1 179330000 -1563466694 2.7315e+09
1 179330000 -1563466623 2.7315e+09
1 179330000 -1563466623 2.7315e+09
1 179330000 -1563466638 2.7315e+09
1 179330000 -1563466668 2.7315e+09
1 179330000 -1563466735 2.7315e+09
1 179330000 -1563466746 2.7315e+09
1 179330000 -1563466731 2.7315e+09
1 179330000 -1563466706 2.7315e+09
1 179330000 -1563466709 2.7315e+09
1 179330000 -1563466724 2.7315e+09
1 179330000 -1563466678 2.7315e+09
1 179330000 -1563466619 2.7315e+09
1 179330000 -1563466611 2.7315e+09
1 179330000 -1563466605 2.7315e+09
1 179330000 -1563466459 2.7315e+09
1 179330000 -1563466522 2.7315e+09
1 179330000 -1563466648 2.7315e+09
1 179330000 -1563466641 2.7315e+09
1 179330000 -1563466609 2.7315e+09
1 179330000 -1563466613 2.7315e+09
1 179330000 -1563466541 2.7315e+09
1 179330000 -1563466550 2.7315e+09
1 179330000 -1563466524 2.7315e+09
1 179330000 -1563466543 2.7315e+09
1 179330000 -1563466529 2.7315e+09
1 179330000 -1563466546 2.7315e+09
1 179330000 -1563466563 2.7315e+09
1 179330000 -1563466565 2.7315e+09
1 179330000 -1563466564 2.7315e+09
1 179330000 -1563466507 2.7315e+09
1 179330000 -1563466527 2.7315e+09
1 179330000 -1563466553 2.7315e+09
1 179330000 -1563466546 2.7315e+09
1 179330000 -1563466537 2.7315e+09
1 179330000 -1563466538 2.7315e+09
1 179330000 -1563466534 2.7315e+09
1 179330000 -1563466524 2.7315e+09
1 179330000 -1563466472 2.7315e+09
1 179330000 -1563466385 2.7315e+09
1 179330000 -1563466300 2.7315e+09
1 179330000 -1563466276 2.7315e+09
1 179330000 -1563466278 2.7315e+09
1 179330000 -1563466210 2.7315e+09
1 179330000 -1563466224 2.7315e+09
1 179330000 -1563466102 2.7315e+09
1 179330000 -1563466103 2.7315e+09
1 179330000 -1563466055 2.7315e+09
1 179330000 -1563466057 2.7315e+09
1 179330000 -1563466015 2.7315e+09
1 179330000 -1563466007 2.7315e+09
1 179330000 -1563465974 2.7315e+09
1 179330000 -1563465920 2.7315e+09
1 179330000 -1563465856 2.7315e+09
1 179330000 -1563465895 2.7315e+09
1 179330000 -1563465913 2.7315e+09
1 179330000 -1563465865 2.7315e+09
1 179330000 -1563465868 2.7315e+09
1 179330000 -1563465856 2.7315e+09
1 179330000 -1563465855 2.7315e+09
1 179330000 -1563465779 2.7315e+09
1 179330000 -1563465762 2.7315e+09
1 179330000 -1563465760 2.7315e+09
1 179330000 -1563465798 2.7315e+09
1 179330000 -1563465827 2.7315e+09
1 179330000 -1563465818 2.7315e+09
1 179330000 -1563465740 2.7315e+09
1 179330000 -1563465735 2.7315e+09
1 179330000 -1563465699 2.7315e+09
1 179330000 -1563465678 2.7315e+09
1 179330000 -1563465672 2.7315e+09
1 179330000 -1563465716 2.7315e+09
1 179330000 -1563465702 2.7315e+09
1 179330000 -1563465685 2.7315e+09
1 179330000 -1563465714 2.7315e+09
1 179330000 -1563465704 2.7315e+09
1 179330000 -1563465761 2.7315e+09
1 179330000 -1563465762 2.7315e+09
1 179330000 -1563465691 2.7315e+09
1 179330000 -1563465684 2.7315e+09
1 179330000 -1563465589 2.7315e+09
1 179330000 -1563465581 2.7315e+09
1 179330000 -1563465579 2.7315e+09
1 179330000 -1563465564 2.7315e+09
1 179330000 -1563465547 2.7315e+09
1 179330000 -1563465582 2.7315e+09
1 179330000 -1563465566 2.7315e+09
1 179330000 -1563465562 2.7315e+09
1 179330000 -1563465569 2.7315e+09
1 179330000 -1563465553 2.7315e+09
1 179330000 -1563465519 2.7315e+09
1 179330000 -1563465529 2.7315e+09
1 179330000 -1563465452 2.7315e+09
1 179330000 -1563465432 2.7315e+09
1 179330000 -1563465432 2.7315e+09
1 179330000 -1563465427 2.7315e+09
1 179330000 -1563465438 2.7315e+09
1 179330000 -1563465443 2.7315e+09
1 179330000 -1563465440 2.7315e+09
1 179330000 -1563465352 2.7315e+09
1 179330000 -1563465326 2.7315e+09
1 179330000 -1563465311 2.7315e+09
1 179330000 -1563465319 2.7315e+09
1 179330000 -1563465312 2.7315e+09
1 179330000 -1563465327 2.7315e+09
1 179330000 -1563465310 2.7315e+09
1 179330000 -1563465306 2.7315e+09
1 179330000 -1563465319 2.7315e+09
1 179330000 -1563465282 2.7315e+09
1 179330000 -1563465253 2.7315e+09
1 179330000 -1563465245 2.7315e+09
1 179330000 -1563465248 2.7315e+09
1 179330000 -1563465268 2.7315e+09
1 179330000 -1563465283 2.7315e+09
1 179330000 -1563465242 2.7315e+09
1 179330000 -1563465277 2.7315e+09
1 179330000 -1563465261 2.7315e+09
1 179330000 -1563465248 2.7315e+09
1 179330000 -1563465255 2.7315e+09
1 179330000 -1563465250 2.7315e+09
1 179330000 -1563465326 2.7315e+09
1 179330000 -1563465252 2.7315e+09
1 179330000 -1563465159 2.7315e+09
1 179330000 -1563465174 2.7315e+09
1 179330000 -1563465172 2.7315e+09
1 179330000 -1563465113 2.7315e+09
1 179330000 -1563465115 2.7315e+09
1 179330000 -1563465156 2.7315e+09
1 179330000 -1563465179 2.7315e+09
1 179330000 -1563465116 2.7315e+09
1 179330000 -1563465108 2.7315e+09
1 179330000 -1563465074 2.7315e+09
1 179330000 -1563465127 2.7315e+09
1 179330000 -1563465079 2.7315e+09
1 179330000 -1563465095 2.7315e+09
1 179330000 -1563465106 2.7315e+09
1 179330000 -1563465084 2.7315e+09
1 179330000 -1563465080 2.7315e+09
1 179330000 -1563465072 2.7315e+09
1 179330000 -1563465006 2.7315e+09
1 179330000 -1563464939 2.7315e+09
1 179330000 -1563464878 2.7315e+09
1 179330000 -1563464850 2.7315e+09
1 179330000 -1563464824 2.7315e+09
1 179330000 -1563464777 2.7315e+09
1 179330000 -1563464757 2.7315e+09
1 179330000 -1563464808 2.7315e+09
1 179330000 -1563464806 2.7315e+09
1 179330000 -1563464801 2.7315e+09
1 179330000 -1563464818 2.7315e+09
1 179330000 -1563464835 2.7315e+09
1 179330000 -1563464814 2.7315e+09
1 179330000 -1563464742 2.7315e+09
1 179330000 -1563464735 2.7315e+09
1 179330000 -1563464768 2.7315e+09
1 179330000 -1563464770 2.7315e+09
1 179330000 -1563464760 2.7315e+09
1 179330000 -1563464752 2.7315e+09
1 179330000 -1563464749 2.7315e+09
1 179330000 -1563464730 2.7315e+09
1 179330000 -1563464688 2.7315e+09
1 179330000 -1563464657 2.7315e+09
1 179330000 -1563464691 2.7315e+09
1 179330000 -1563464741 2.7315e+09
1 179330000 -1563464771 2.7315e+09
1 179330000 -1563464771 2.7315e+09
1 179330000 -1563464749 2.7315e+09
1 179330000 -1563464754 2.7315e+09
1 179330000 -1563464794 2.7315e+09
1 179330000 -1563464811 2.7315e+09
1 179330000 -1563464678 2.7315e+09
1 179330000 -1563464666 2.7315e+09
1 179330000 -1563464681 2.7315e+09
1 179330000 -1563464676 2.7315e+09
1 179330000 -1563464673 2.7315e+09
1 179330000 -1563464689 2.7315e+09
1 179330000 -1563464656 2.7315e+09
1 179330000 -1563464685 2.7315e+09
1 179330000 -1563464657 2.7315e+09
1 179330000 -1563464664 2.7315e+09
1 179330000 -1563464676 2.7315e+09
1 179330000 -1563464618 2.7315e+09
1 179330000 -1563464533 2.7315e+09
1 179330000 -1563464528 2.7315e+09
1 179330000 -1563464492 2.7315e+09
1 179330000 -1563464516 2.7315e+09
1 179330000 -1563464530 2.7315e+09
1 179330000 -1563464458 2.7315e+09
1 179330000 -1563464449 2.7315e+09
1 179330000 -1563464481 2.7315e+09
1 179330000 -1563464407 2.7315e+09
1 179330000 -1563464400 2.7315e+09
1 179330000 -1563464368 2.7315e+09
1 179330000 -1563464355 2.7315e+09
1 179330000 -1563464428 2.7315e+09
1 179330000 -1563464366 2.7315e+09
1 179330000 -1563464365 2.7315e+09
1 179330000 -1563464331 2.7315e+09
1 179330000 -1563464306 2.7315e+09
1 179330000 -1563464306 2.7315e+09
1 179330000 -1563464314 2.7315e+09
1 179330000 -1563464303 2.7315e+09
1 179330000 -1563464209 2.7315e+09
1 179330000 -1563464182 2.7315e+09
1 179330000 -1563464120 2.7315e+09
1 179330000 -1563464198 2.7315e+09
1 179330000 -1563464236 2.7315e+09
1 179330000 -1563464201 2.7315e+09
1 179330000 -1563464157 2.7315e+09
1 179330000 -1563464148 2.7315e+09
1 179330000 -1563464082 2.7315e+09
1 179330000 -1563464067 2.7315e+09
1 179330000 -1563464061 2.7315e+09
1 179330000 -1563464003 2.7315e+09
1 179330000 -1563463983 2.7315e+09
1 179330000 -1563463989 2.7315e+09
1 179330000 -1563464008 2.7315e+09
1 179330000 -1563464001 2.7315e+09
1 179330000 -1563463996 2.7315e+09
1 179330000 -1563463996 2.7315e+09
1 179330000 -1563464018 2.7315e+09
1 179330000 -1563464001 2.7315e+09
1 179330000 -1563464003 2.7315e+09
1 179330000 -1563464062 2.7315e+09
1 179330000 -1563464058 2.7315e+09
1 179330000 -1563464106 2.7315e+09
1 179330000 -1563464123 2.7315e+09
1 179330000 -1563464158 2.7315e+09
1 179330000 -1563464173 2.7315e+09
1 179330000 -1563464162 2.7315e+09
1 179330000 -1563464161 2.7315e+09
1 179330000 -1563464164 2.7315e+09
1 179330000 -1563464028 2.7315e+09
1 179330000 -1563464023 2.7315e+09
1 179330000 -1563464017 2.7315e+09
1 179330000 -1563464009 2.7315e+09
1 179330000 -1563464005 2.7315e+09
1 179330000 -1563464015 2.7315e+09
1 179330000 -1563464020 2.7315e+09
1 179330000 -1563463976 2.7315e+09
1 179330000 -1563463972 2.7315e+09
1 179330000 -1563463957 2.7315e+09
1 179330000 -1563463989 2.7315e+09
1 179330000 -1563463993 2.7315e+09
1 179330000 -1563463994 2.7315e+09
1 179330000 -1563463899 2.7315e+09
1 179330000 -1563463880 2.7315e+09
1 179330000 -1563463918 2.7315e+09
1 179330000 -1563463919 2.7315e+09
1 179330000 -1563463908 2.7315e+09
1 179330000 -1563463896 2.7315e+09
1 179330000 -1563463908 2.7315e+09
1 179330000 -1563463882 2.7315e+09
1 179330000 -1563463901 2.7315e+09
1 179330000 -1563463884 2.7315e+09
1 179330000 -1563463873 2.7315e+09
1 179330000 -1563463862 2.7315e+09
1 179330000 -1563463822 2.7315e+09
1 179330000 -1563463821 2.7315e+09
1 179330000 -1563463848 2.7315e+09
1 179330000 -1563463821 2.7315e+09
1 179330000 -1563463819 2.7315e+09
1 179330000 -1563463801 2.7315e+09
1 179330000 -1563463801 2.7315e+09
1 179330000 -1563463798 2.7315e+09
1 179330000 -1563463801 2.7315e+09
1 179330000 -1563463804 2.7315e+09
1 179330000 -1563463792 2.7315e+09
1 179330000 -1563463789 2.7315e+09
1 179330000 -1563463773 2.7315e+09
1 179330000 -1563463796 2.7315e+09
1 179330000 -1563463797 2.7315e+09
1 179330000 -1563463798 2.7315e+09
1 179330000 -1563463795 2.7315e+09
1 179330000 -1563463781 2.7315e+09
1 179330000 -1563463791 2.7315e+09
1 179330000 -1563463769 2.7315e+09
1 179330000 -1563463772 2.7315e+09
1 179330000 -1563463737 2.7315e+09
1 179330000 -1563463750 2.7315e+09
1 179330000 -1563463729 2.7315e+09
1 179330000 -1563463739 2.7315e+09
1 179330000 -1563463718 2.7315e+09
1 179330000 -1563463670 2.7315e+09
1 179330000 -1563463669 2.7315e+09
1 179330000 -1563463651 2.7315e+09
1 179330000 -1563463634 2.7315e+09
1 179330000 -1563463659 2.7315e+09
1 179330000 -1563463641 2.7315e+09
1 179330000 -1563463546 2.7315e+09
1 179330000 -1563463520 2.7315e+09
1 179330000 -1563463514 2.7315e+09
1 179330000 -1563463509 2.7315e+09
1 179330000 -1563463539 2.7315e+09
1 179330000 -1563463506 2.7315e+09
1 179330000 -1563463497 2.7315e+09
1 179330000 -1563463505 2.7315e+09
1 179330000 -1563463519 2.7315e+09
1 179330000 -1563463565 2.7315e+09
1 179330000 -1563463496 2.7315e+09
1 179330000 -1563463476 2.7315e+09
1 179330000 -1563463470 2.7315e+09
1 179330000 -1563463426 2.7315e+09
1 179330000 -1563463385 2.7315e+09
1 179330000 -1563463369 2.7315e+09
1 179330000 -1563463291 2.7315e+09
1 179330000 -1563463295 2.7315e+09
1 179330000 -1563463286 2.7315e+09
1 179330000 -1563463267 2.7315e+09
1 179330000 -1563463236 2.7315e+09
1 179330000 -1563463216 2.7315e+09
1 179330000 -1563463197 2.7315e+09
1 179330000 -1563463161 2.7315e+09
1 179330000 -1563463146 2.7315e+09
1 179330000 -1563463154 2.7315e+09
1 179330000 -1563463135 2.7315e+09
1 179330000 -1563463118 2.7315e+09
1 179330000 -1563463116 2.7315e+09
1 179330000 -1563463080 2.7315e+09
1 179330000 -1563463095 2.7315e+09
1 179330000 -1563463088 2.7315e+09
1 179330000 -1563463108 2.7315e+09
1 179330000 -1563463101 2.7315e+09
1 179330000 -1563463061 2.7315e+09
1 179330000 -1563463067 2.7315e+09
1 179330000 -1563463079 2.7315e+09
1 179330000 -1563463076 2.7315e+09
1 179330000 -1563463047 2.7315e+09
1 179330000 -1563463028 2.7315e+09
1 179330000 -1563463015 2.7315e+09
1 179330000 -1563462998 2.7315e+09
1 179330000 -1563462990 2.7315e+09
1 179330000 -1563462990 2.7315e+09
1 179330000 -1563462977 2.7315e+09
1 179330000 -1563462920 2.7315e+09
1 179330000 -1563462887 2.7315e+09
1 179330000 -1563462891 2.7315e+09
1 179330000 -1563462891 2.7315e+09
1 179330000 -1563462942 2.7315e+09
1 179330000 -1563462950 2.7315e+09
1 179330000 -1563462931 2.7315e+09
1 179330000 -1563462926 2.7315e+09
1 179330000 -1563462943 2.7315e+09
1 179330000 -1563462949 2.7315e+09
1 179330000 -1563462989 2.7315e+09
1 179330000 -1563462969 2.7315e+09
1 179330000 -1563462975 2.7315e+09
1 179330000 -1563462977 2.7315e+09
1 179330000 -1563462989 2.7315e+09
1 179330000 -1563463007 2.7315e+09
1 179330000 -1563463005 2.7315e+09
1 179330000 -1563463002 2.7315e+09
1 179330000 -1563463023 2.7315e+09
1 179330000 -1563463020 2.7315e+09
1 179330000 -1563463024 2.7315e+09
1 179330000 -1563463031 2.7315e+09
1 179330000 -1563463090 2.7315e+09
1 179330000 -1563463042 2.7315e+09
1 179330000 -1563463051 2.7315e+09
1 179330000 -1563463090 2.7315e+09
1 179330000 -1563463129 2.7315e+09
1 179330000 -1563463161 2.7315e+09
1 179330000 -1563463169 2.7315e+09
1 179330000 -1563463162 2.7315e+09
1 179330000 -1563463143 2.7315e+09
1 179330000 -1563463141 2.7315e+09
1 179330000 -1563463156 2.7315e+09
1 179330000 -1563463126 2.7315e+09
1 179330000 -1563463130 2.7315e+09
1 179330000 -1563463144 2.7315e+09
1 179330000 -1563463096 2.7315e+09
1 179330000 -1563463082 2.7315e+09
1 179330000 -1563463077 2.7315e+09
1 179330000 -1563463110 2.7315e+09
1 179330000 -1563463112 2.7315e+09
1 179330000 -1563463131 2.7315e+09
1 179330000 -1563463178 2.7315e+09
1 179330000 -1563463162 2.7315e+09
1 179330000 -1563463155 2.7315e+09
1 179330000 -1563463148 2.7315e+09
1 179330000 -1563463171 2.7315e+09
1 179330000 -1563463188 2.7315e+09
1 179330000 -1563463198 2.7315e+09
1 179330000 -1563463185 2.7315e+09
1 179330000 -1563463195 2.7315e+09
1 179330000 -1563463190 2.7315e+09
1 179330000 -1563463189 2.7315e+09
1 179330000 -1563463201 2.7315e+09
1 179330000 -1563463212 2.7315e+09
1 179330000 -1563463221 2.7315e+09
1 179330000 -1563463230 2.7315e+09
1 179330000 -1563463241 2.7315e+09
1 179330000 -1563463265 2.7315e+09
1 179330000 -1563463276 2.7315e+09
1 179330000 -1563463287 2.7315e+09
1 179330000 -1563463278 2.7315e+09
1 179330000 -1563463283 2.7315e+09
1 179330000 -1563463298 2.7315e+09
1 179330000 -1563463255 2.7315e+09
1 179330000 -1563463261 2.7315e+09
1 179330000 -1563463259 2.7315e+09
1 179330000 -1563463259 2.7315e+09
1 179330000 -1563463269 2.7315e+09
1 179330000 -1563463273 2.7315e+09
1 179330000 -1563463263 2.7315e+09
1 179330000 -1563463256 2.7315e+09
1 179330000 -1563463250 2.7315e+09
1 179330000 -1563463241 2.7315e+09
1 179330000 -1563463234 2.7315e+09
1 179330000 -1563463248 2.7315e+09
1 179330000 -1563463246 2.7315e+09
1 179330000 -1563463249 2.7315e+09
1 179330000 -1563463245 2.7315e+09
1 179330000 -1563463246 2.7315e+09
1 179330000 -1563463245 2.7315e+09
1 179330000 -1563463207 2.7315e+09
1 179330000 -1563463146 2.7315e+09
1 179330000 -1563463084 2.7315e+09
1 179330000 -1563463085 2.7315e+09
1 179330000 -1563463098 2.7315e+09
1 179330000 -1563463072 2.7315e+09
1 179330000 -1563463083 2.7315e+09
1 179330000 -1563463099 2.7315e+09
1 179330000 -1563463068 2.7315e+09
1 179330000 -1563463080 2.7315e+09
1 179330000 -1563463089 2.7315e+09
1 179330000 -1563463039 2.7315e+09
1 179330000 -1563463008 2.7315e+09
1 179330000 -1563463040 2.7315e+09
1 179330000 -1563463072 2.7315e+09
1 179330000 -1563463071 2.7315e+09
1 179330000 -1563463072 2.7315e+09
1 179330000 -1563463083 2.7315e+09
1 179330000 -1563463084 2.7315e+09
1 179330000 -1563463086 2.7315e+09
1 179330000 -1563463080 2.7315e+09
1 179330000 -1563463084 2.7315e+09
1 179330000 -1563463079 2.7315e+09
1 179330000 -1563463077 2.7315e+09
1 179330000 -1563463075 2.7315e+09
1 179330000 -1563463081 2.7315e+09
1 179330000 -1563463080 2.7315e+09
1 179330000 -1563463075 2.7315e+09
1 179330000 -1563463072 2.7315e+09
1 179330000 -1563463071 2.7315e+09
1 179330000 -1563463057 2.7315e+09
1 179330000 -1563463051 2.7315e+09
1 179330000 -1563463049 2.7315e+09
1 179330000 -1563463052 2.7315e+09
1 179330000 -1563463048 2.7315e+09
1 179330000 -1563463048 2.7315e+09
1 179330000 -1563463047 2.7315e+09
1 179330000 -1563463041 2.7315e+09
1 179330000 -1563463047 2.7315e+09
1 179330000 -1563463048 2.7315e+09
1 179330000 -1563463026 2.7315e+09
1 179330000 -1563463032 2.7315e+09
1 179330000 -1563463042 2.7315e+09
1 179330000 -1563463045 2.7315e+09
1 179330000 -1563463019 2.7315e+09
1 179330000 -1563462991 2.7315e+09
1 179330000 -1563462949 2.7315e+09
1 179330000 -1563462944 2.7315e+09
1 179330000 -1563462915 2.7315e+09
1 179330000 -1563462940 2.7315e+09
1 179330000 -1563462964 2.7315e+09
1 179330000 -1563462965 2.7315e+09
1 179330000 -1563462962 2.7315e+09
1 179330000 -1563462961 2.7315e+09
1 179330000 -1563462956 2.7315e+09
1 179330000 -1563462949 2.7315e+09
1 179330000 -1563462944 2.7315e+09
1 179330000 -1563462950 2.7315e+09
1 179330000 -1563462942 2.7315e+09
1 179330000 -1563462931 2.7315e+09
1 179330000 -1563462915 2.7315e+09
1 179330000 -1563462926 2.7315e+09
1 179330000 -1563462929 2.7315e+09
1 179330000 -1563462939 2.7315e+09
1 179330000 -1563462919 2.7315e+09
1 179330000 -1563462915 2.7315e+09
1 179330000 -1563462913 2.7315e+09
1 179330000 -1563462909 2.7315e+09
1 179330000 -1563462845 2.7315e+09
1 179330000 -1563462834 2.7315e+09
1 179330000 -1563462833 2.7315e+09
1 179330000 -1563462829 2.7315e+09
