1.0 0.0 0.532498 0.00010220919723864327 0.335993 0.0014632517486760728 0.226587 0.00013472460799431358 0.05172308000000001 6.238308360283661e-05 0.2196758 0.0009573369479973267 488.3528 0.1647202233983311 238766.6 162.33880620160542 0.5689955999999999 0.005599956618404772 
0.99 0.0 0.5291522000000001 7.424683154178819e-05 0.33770459999999997 0.0010519972851690913 0.22522380000000003 5.116514435587158e-05 0.05110294 2.380802553547157e-05 0.2194452 0.0009587112349394689 487.95500000000004 0.10113397052413338 238375.6 99.22402934865679 0.5708842 0.002153288785095038 
0.9800000000000001 6.664001874625056e-09 0.5259305999999999 6.45975853556371e-05 0.3409844 0.0013414984338401836 0.22403660000000003 7.746720596507936e-05 0.05056682 3.414249434481042e-05 0.2200406 0.000910943405485987 487.7496 0.07486339560343744 238173.0 72.63773123790176 0.5712917999999999 0.0032790838281480986 
0.97 4.712160915387242e-09 0.5223112 6.625067544869404e-05 0.3441304 0.0007958594147222676 0.22268020000000002 6.494453015926121e-05 0.04996556 2.8777082549991747e-05 0.22512439999999997 0.0013682476559462836 487.4513999999999 0.07110420531869799 237887.2 68.73624952378614 0.588656 0.006257353485300452 
0.96 0.0 0.5188986 3.493720085468191e-05 0.341371 0.0013254487240177567 0.22146159999999998 0.00011572297957370981 0.04942354 5.022509810873216e-05 0.2269304 0.0010431875229314248 487.2796 0.10712669133045664 237716.6 103.56393194043186 0.5878585999999999 0.003714859207027394 
0.95 4.712160915387242e-09 0.5156034 0.00013583419299082773 0.34389280000000005 0.0015439621601560398 0.22013359999999998 8.142658043031956e-05 0.048836019999999994 3.556505476071378e-05 0.22865760000000002 0.0015799803948141197 486.84979999999996 0.10684807906622218 237297.0 103.9492183683439 0.592727 0.0032605557685767383 
0.9399999999999998 4.712160915387242e-09 0.5121296 8.88597096795278e-05 0.34456640000000005 0.0010346485238923414 0.21886519999999998 7.280186812204858e-05 0.048276620000000006 3.1238340543625405e-05 0.2295732 0.0008203268324266862 486.709 0.0993502894147446 237157.2 95.91554618421819 0.5936585999999999 0.003566539640606994 
0.93 0.0 0.5085358 7.092610243735244e-05 0.3501572 0.0020183889694506585 0.217611 0.00014281484516649243 0.047729060000000004 6.288991397693117e-05 0.23187600000000003 0.0012490071577043213 486.3558 0.175988954196819 236813.6 171.43572556553988 0.6001308 0.004648402154718543 
0.9200000000000002 6.664001874625056e-09 0.505261 6.941988190030497e-05 0.3453468 0.000768687161334484 0.216373 0.00013436785329169057 0.04718998 5.773913335046199e-05 0.23329740000000002 0.0014481519699255767 486.2456 0.18362431209982732 236706.2 179.38459242422837 0.6062748000000001 0.003080182116689836 
0.9099999999999999 6.664001874625056e-09 0.5015456 3.140267506883614e-05 0.3482948 0.0014879993387087432 0.21499520000000003 6.039562896301738e-05 0.04659338 2.5730408469741066e-05 0.23451959999999997 0.0007950557011958485 485.89940000000007 0.06909274919480374 236366.2 67.24902972687816 0.6055952 0.0013429533245815524 
0.9 4.712160915387242e-09 0.4982234 2.5797054165016294e-05 0.3502348 0.0015209715947384472 0.2136272 0.00010299685432578491 0.04600588 4.437057944289613e-05 0.23622320000000002 0.001018331592359403 485.61320000000006 0.09625690618572225 236086.6 94.91790136037157 0.6106124000000002 0.0048053451622092356 
0.89 0.0 0.4946892 6.146569778266053e-05 0.35054240000000003 0.0016299758673037489 0.21211799999999997 9.120000001104567e-05 0.04536296000000001 3.8817363122503845e-05 0.238634 0.0007027629472299053 485.1924 0.09561782260047318 235677.8 92.77387564041277 0.6169426 0.0021611064684537583 
0.8800000000000001 6.664001874625056e-09 0.4910748 8.184346034256227e-05 0.35556600000000005 0.0008454058433647168 0.21106819999999998 0.00010810565203607347 0.04491730000000001 4.586655426117013e-05 0.2405464 0.0007432319476446773 485.2048 0.10117485859997802 235688.4 97.83071093015032 0.6199652 0.0017850206362915273 
0.8699999999999999 6.664001874625056e-09 0.4875024 5.724166311384484e-05 0.3542136 0.0008554831430238229 0.20950699999999997 4.7348917647835575e-05 0.04426084 2.0117307969335574e-05 0.2433862 0.0008848164284201331 484.7838 0.08051702922543728 235280.6 79.14573898557492 0.6281198 0.0030878985915992548 
0.86 0.0 0.484126 2.1804586638638088e-05 0.35659080000000004 0.002458675666288085 0.208075 4.769402476698797e-05 0.04365960000000001 1.8838450038032636e-05 0.2440478 0.0018962064739895116 484.3442 0.06749542206247815 234851.4 64.95881771994279 0.6284462 0.006115098543114897 
0.85 0.0 0.48063220000000006 1.5593331683275258e-05 0.3576858 0.000542262401431453 0.2067406 8.72938027544106e-05 0.04310586000000001 3.65880264545211e-05 0.2468254 0.0007304255526744586 484.0404 0.08240514549873003 234556.6 79.75291843156619 0.6359242 0.0018684806961734991 
0.8400000000000001 6.664001874625056e-09 0.47678139999999997 8.031069666488058e-05 0.358084 0.002341958496642263 0.20549720000000002 9.947638915165244e-05 0.0425909 4.050348133190216e-05 0.24804820000000002 0.0009171642557336268 483.97260000000006 0.1228998290707638 234492.0 118.62141459024019 0.64542 0.0030939801162892396 
0.8299999999999998 6.664001874625056e-09 0.47328840000000005 4.970118710112586e-05 0.36082359999999997 0.0017479459396688509 0.20430739999999997 5.657745135403883e-05 0.04210293999999999 2.2922069716658697e-05 0.250731 0.0007090401963213704 483.96400000000006 0.06031848792431215 234480.0 58.42670622502329 0.6447736 0.002345476627043978 
0.82 0.0 0.4695402000000001 4.686866739305877e-05 0.36444580000000004 0.002252496027075418 0.2027016 0.00010741493378053022 0.0414465 4.4548283918062516e-05 0.2518228 0.0012317719074556698 483.50280000000004 0.14742466546785118 234032.2 143.53630899042997 0.6483665999999999 0.003256529423792997 
0.8100000000000002 4.712160915387242e-09 0.46617620000000004 9.571683234734468e-05 0.36608499999999994 0.00102644851795295 0.2012238 7.074992578013214e-05 0.0408515 2.977565448481899e-05 0.2563458 0.0011844371963097584 483.0678 0.07632215935679218 233612.4 74.30994550390585 0.6594466000000001 0.002817898502071642 
0.8 0.0 0.462357 0.00010950470308044761 0.3646578 0.00025909278648136364 0.20011460000000003 0.0001374142932810639 0.040406199999999996 5.4299502760897086e-05 0.259428 0.001372030815980241 483.03459999999995 0.14930093101805622 233579.4 143.2917583110694 0.6647618 0.00376937841454218 
0.79 0.0 0.4585818 6.663656657891278e-05 0.36700699999999997 0.0011658295930374696 0.1986134 9.607522053981207e-05 0.0398043 3.702065369372409e-05 0.26031039999999994 0.0014637110807819065 482.73639999999995 0.1291995665874614 233292.8 123.84454772060847 0.6776556000000001 0.004761991160003848 
0.78 0.0 0.4549638 6.964619157055765e-05 0.3654354 0.0009419951846997514 0.1972702 5.322660989211657e-05 0.03926762 2.064661521727839e-05 0.25997900000000007 0.0010485830820644523 482.49219999999997 0.05451267746572967 233050.4 51.546949478007726 0.6680178 0.005011304791369143 
0.77 0.0 0.45142040000000005 3.172078166047488e-05 0.36932299999999996 0.0004734205741309869 0.1958414 5.488868736228293e-05 0.03870796 2.212689946608213e-05 0.2648526 0.00090641754616701 482.27479999999997 0.059168505143283964 232842.0 57.08379805698243 0.6815513999999999 0.0036011670286211083 
0.76 0.0 0.4476736 3.0618425888567574e-05 0.37348719999999996 0.001124960635755365 0.19440159999999998 0.00012631725139869142 0.038147200000000006 4.88943105060792e-05 0.269213 0.0006826452665926446 481.9518 0.13694682182136214 232530.2 132.7338389356542 0.6895098000000001 0.002599206454281209 
0.75 0.0 0.44394999999999996 6.664052824889615e-05 0.36948159999999997 0.0006732981865433424 0.193287 7.424984849078161e-05 0.037709179999999995 2.911856315218982e-05 0.2682326 0.0013827834132660209 482.05519999999996 0.07219052576831408 232627.0 69.97313769861724 0.6911866 0.006690280368414606 
0.74 0.0 0.4402304 0.00010877006937958479 0.372346 0.0013885850063996331 0.1918522 9.700861818099697e-05 0.03715838 3.847413052982731e-05 0.2732342 0.002408218584764649 481.7728 0.10259684200669986 232353.4 99.48370720968889 0.6965304000000001 0.0060401724518419 
0.73 0.0 0.4364668 2.633841309773547e-05 0.3755634 0.0015102019891400874 0.19017979999999998 6.320215187575466e-05 0.036518919999999996 2.3127860256717082e-05 0.276508 0.0013452523926767708 481.24660000000006 0.08411639546417123 231847.8 81.74125030076566 0.7110156 0.005664577856117805 
0.72 0.0 0.43270759999999997 6.386398051237905e-05 0.37745520000000005 0.001968978890691536 0.1888106 9.049402190565251e-05 0.03599744 3.4801087340100505e-05 0.2784228 0.0012666998192143446 481.1594000000001 0.07192140139404776 231762.2 69.62149092702171 0.7154954 0.0029276995966125955 
0.71 0.0 0.42874540000000005 9.137246846504534e-05 0.37993920000000003 0.0015396258090828827 0.187642 3.517840245058876e-05 0.0355569 1.3117408279600554e-05 0.2817664 0.0007441755491826567 481.20500000000004 0.06061154995195055 231807.2 57.34624660618073 0.7281633999999999 0.0037923847336483415 
0.7 0.0 0.42513579999999995 6.27639387700155e-05 0.38171780000000005 0.001792146208319127 0.186058 0.00010037051359417387 0.03496398 3.7482704277962275e-05 0.2850124 0.000857176042595687 480.754 0.1151079493069849 231369.8 109.90373970312575 0.7278988 0.003752495525915158 
0.69 0.0 0.4213956 5.833462098999683e-05 0.3827256 0.0007161333171951384 0.1847466 7.757246934031739e-05 0.034470100000000004 2.927331890970222e-05 0.2827818 0.0007208323744108979 480.6612000000001 0.053356461467238124 231276.4 52.20007662420385 0.7265995999999999 0.003048463410969505 
0.68 3.332000937312528e-09 0.41730800000000007 8.099580228164735e-05 0.3856354 0.0020989744657799337 0.18349500000000002 6.002732710504198e-05 0.0340126 2.205447800450905e-05 0.28986959999999995 0.0005366811045730542 480.6790000000001 0.04856912580990957 231293.0 46.94507428250219 0.7365878 0.0023766110897679793 
0.67 0.0 0.41351440000000006 5.327783770419139e-05 0.38614960000000004 0.0011969769788897917 0.181972 6.479012270950404e-05 0.03345421999999999 2.5728542907031978e-05 0.29262540000000004 0.0021076013778691563 480.39459999999997 0.07595977888951948 231021.8 74.03912479099745 0.7549111999999999 0.00578281553155722 
0.66 3.332000937312528e-09 0.4098326 7.806540843293457e-05 0.3893044 0.0021199898226171936 0.18066179999999998 5.3838573542988014e-05 0.03297786 2.1184401809586975e-05 0.2959674 0.002283081682287966 480.2697999999999 0.06760556200300905 230900.4 65.6741044894278 0.7616122 0.005391974631990847 
0.65 0.0 0.4058292 9.507529649949181e-05 0.39031479999999996 0.0008590502849112179 0.17928360000000002 9.053998011661616e-05 0.032477400000000003 3.289617606889618e-05 0.29662979999999994 0.00141296520551932 480.19980000000004 0.08313237633235364 230830.8 80.73284338695605 0.7651066 0.006007130753362482 
0.64 0.0 0.40178499999999995 7.941687482472091e-05 0.394412 0.0015796515565151307 0.1779368 0.00010005614424082021 0.03200104 3.5212720428828845e-05 0.3055072 0.0007469057986116944 480.10060000000004 0.11431626303215904 230734.8 109.43103765364341 0.7755454 0.00317988670993003 
0.63 0.0 0.39803859999999996 7.21440781039818e-05 0.393004 0.000996155931567966 0.17679240000000002 4.632286690129696e-05 0.03158876000000001 1.6410694072267793e-05 0.3045856 0.0010666460181329408 480.26900000000006 0.05612058430719128 230894.2 53.684560156590116 0.7801014000000001 0.002172717572066018 
0.62 0.0 0.393982 7.625378677331557e-05 0.39691899999999997 0.0006931753025021879 0.1752266 9.39295906491493e-05 0.03103772 3.33091987293787e-05 0.30964280000000005 0.0017613085907908883 479.99660000000006 0.06859889205780721 230630.8 66.85231486088048 0.7868869999999999 0.005033310052047393 
0.61 0.0 0.3901138 6.290589797882355e-05 0.39958219999999994 0.0008376839690545277 0.173908 0.00010282217658910345 0.030574880000000006 3.4975058541148745e-05 0.3124016 0.0011187804646132192 479.9282 0.10350976772201458 230565.8 99.34602157237248 0.8017698 0.0026284564048107205 
0.6 0.0 0.38606779999999996 8.289530748060006e-05 0.4019498 0.0016503149856910485 0.1726378 7.418592858182215e-05 0.030135279999999997 2.7376302161571937e-05 0.31820459999999995 0.0017184667724473217 479.9572 0.082284093185734 230592.0 80.36865060267482 0.8101367999999999 0.006292131921062526 
0.59 0.0 0.38214139999999996 7.06663144881136e-05 0.4025466 0.0009270139847926538 0.1713838 0.00013213035987263706 0.02970272 4.590863448216012e-05 0.3223544 0.0011300553827150775 480.00820000000004 0.13006441477064015 230640.2 125.62783130700524 0.8198779999999999 0.004221713557318989 
0.58 0.0 0.3780766 5.18409876334281e-05 0.407231 0.0016739109892686575 0.17011400000000002 5.9408416901139795e-05 0.02926622 2.1659425662128633e-05 0.32517359999999995 0.001471827832324787 480.0222 0.05020788782950631 230649.6 48.79803274285505 0.8198976 0.004297578393467357 
0.57 0.0 0.37396619999999997 4.763393747994275e-05 0.41049880000000005 0.0011965200340954185 0.16876999999999998 0.00010360656350647278 0.02880838 3.526790495567517e-05 0.32838500000000004 0.0016926055890239746 479.9202 0.0944857237914101 230550.6 91.12435459070618 0.8300099999999999 0.0027341498422777635 
0.56 0.0 0.36972 2.5495097534037595e-05 0.40775740000000005 0.001471365694853155 0.167763 7.933170866862368e-05 0.02846762 2.6980280206505242e-05 0.3324474 0.0007526815847352914 480.3214 0.08833056093777762 230934.8 85.63709477228659 0.8411674000000001 0.004778554254999304 
0.55 0.0 0.36571159999999997 3.6173581556424146e-05 0.41479 0.0021506645112613606 0.16637720000000003 3.329552519575788e-05 0.028003560000000004 1.0971548658417902e-05 0.33739919999999995 0.0008615388743436227 480.23280000000005 0.04086210949210264 230848.4 39.46096806710977 0.8499816000000001 0.003922074793775476 
0.54 0.0 0.361388 4.579606975734833e-05 0.41793199999999997 0.001545495415716876 0.1654418 5.889882851547087e-05 0.02769566 1.9577713860171478e-05 0.34622980000000003 0.0014819664341657204 480.617 0.05615834753448251 231218.0 53.35091376625918 0.8684972 0.005614329782974183 
0.53 0.0 0.3572518 6.968351308790462e-05 0.41906040000000006 0.001299830992088019 0.1642776 0.00010082087085579809 0.027305839999999998 3.269162094535045e-05 0.34632840000000004 0.002381932939441162 480.7388000000001 0.1173846326689263 231331.4 112.52647688514514 0.8699109999999999 0.002899028568339202 
0.52 0.0 0.3530196 6.654778733934293e-05 0.42512040000000006 0.002165011050315058 0.163071 9.477552427487873e-05 0.026914539999999997 3.108711115626764e-05 0.35705659999999995 0.0009083769525946235 480.89799999999997 0.11086243730552753 231485.2 106.79677897250163 0.8889990000000001 0.0061719208484856515 
0.51 0.0 0.34888779999999997 3.223091693588611e-05 0.4264682000000001 0.001711521180700453 0.16209220000000002 7.967303181309322e-05 0.0265918 2.5969397374547145e-05 0.3590006 0.0006938394396414687 481.18580000000003 0.07935308440427938 231759.2 76.03493932387819 0.8951330000000001 0.0031814967672422765 
0.5 0.0 0.34455880000000005 6.710075998841201e-05 0.4335984 0.0012420661367257982 0.1610282 2.3858583370030394e-05 0.02624804 7.7704877567561e-06 0.366252 0.000600820439065291 481.5298000000001 0.04299897660156303 232087.6 41.28592980517611 0.9001006 0.005637280029234048 
0.49000000000000005 3.332000937312528e-09 0.340077 4.073622465695562e-05 0.43904719999999997 0.0009522258303616409 0.16018819999999998 8.632746956829057e-05 0.025980020000000003 2.7965112550673765e-05 0.3757854 0.001196760313515459 482.0044 0.08416298476668416 232545.6 81.13524511504188 0.9207995999999999 0.0047884421065723885 
0.48 0.0 0.33560500000000004 5.944274553005298e-05 0.44557820000000004 0.0020041950883071488 0.1595404 8.584944962115847e-05 0.02577332 2.8780902000988968e-05 0.38412640000000003 0.0033057122028388977 482.73459999999994 0.049410606169633185 233252.0 48.63990130941518 0.9467380000000001 0.008093267211700237 
0.4699999999999999 2.356080457693621e-09 0.3311826 4.8142787634169977e-05 0.44677999999999995 0.0011570970918645053 0.1584294 9.134050579906676e-05 0.02541864 3.0099881727519073e-05 0.39061879999999993 0.00206156925472102 482.9942 0.10248215458586385 233500.2 99.42209009521659 0.9550712000000001 0.004709350217595968 
0.4600000000000001 3.332000937312528e-09 0.3268312 5.605811271011628e-05 0.4544988 0.0018942556406169213 0.1576492 7.724009322278556e-05 0.025168839999999998 2.438603862935744e-05 0.395104 0.000885580894101469 483.5218 0.10831709002420994 234006.8 105.10314933493702 0.9599093999999999 0.0044490241770552335 
0.45 2.356080457693621e-09 0.322124 8.138697683733328e-05 0.4620882 0.003482184583276411 0.15705660000000002 9.708824851123513e-05 0.024984440000000004 3.084908556094184e-05 0.4065692 0.002598147361486587 484.358 0.08923317763096408 234816.8 86.48347818986522 0.9826566 0.004714522776268733 
0.44000000000000006 3.332000937312528e-09 0.3173694 9.622124503999602e-05 0.46689499999999995 0.0012333157260046466 0.15668379999999998 0.0001230093980201817 0.024869159999999998 3.918915768458159e-05 0.4180178 0.0018206767401170636 485.26980000000003 0.14038900239795665 235702.2 136.58855002966587 1.0083232 0.0046652722312856484 
0.43 0.0 0.312716 4.2974410979547214e-05 0.4783818 0.0012795133887501405 0.1561894 1.650842207702124e-05 0.024715900000000002 5.5119506501958554e-06 0.4296922 0.0013229520747165566 486.1504 0.040816271333200406 236556.6 40.51330643568914 1.02556 0.0056663321469837165 
0.42000000000000004 3.332000937312528e-09 0.3079906 3.453415698215461e-05 0.4873642 0.0027601852604481865 0.15566339999999998 6.848334105064481e-05 0.0245514 2.169005301960145e-05 0.43921479999999996 0.0009612365952279527 486.909 0.06346337529896852 237292.0 62.43524646071601 1.033682 0.003144284211068654 
0.41 0.0 0.3031334 4.3329989596155304e-05 0.49304800000000004 0.0009408106717030584 0.155594 6.000199995983207e-05 0.024531740000000003 1.8583381822908616e-05 0.45260059999999996 0.004257944561405456 488.1482 0.058438617362053594 238500.0 57.15802655261681 1.0549880000000003 0.011275037348049034 
0.4 0.0 0.2980876 4.731477572221384e-05 0.5055258 0.0014524022693481464 0.1555166 9.265272796613524e-05 0.024506640000000003 2.8464133220104928e-05 0.4624752 0.0019077348956280974 489.4326 0.10866962779231445 239754.4 105.9424749577954 1.0731519999999999 0.007250442965781265 
0.39 0.0 0.29291799999999996 5.8053079217398986e-05 0.5163477999999999 0.00235822868102734 0.15585880000000002 0.00016362234565800085 0.02461644 5.156963912985802e-05 0.47888539999999996 0.0015219544171901516 491.04040000000003 0.1641366747302383 241330.8 161.24178118911237 1.097748 0.007143660350269636 
0.38 0.0 0.2878108 2.6806566355898384e-05 0.5293254000000001 0.003241093168667181 0.1560396 0.00012240901927716865 0.024674099999999997 3.8650050452923155e-05 0.4935892 0.0013989801256613043 492.4476000000001 0.12983269226360905 242714.0 127.72877514244647 1.118124 0.006851630229371224 
0.37 0.0 0.28238420000000003 3.84992467418652e-05 0.5439927999999999 0.0018645624344614676 0.15663180000000002 4.192316779994764e-05 0.024867339999999998 1.1575857635814692e-05 0.5197012 0.0031383134247584096 494.2022 0.02753528658280257 244449.0 27.116046915160325 1.1653179999999999 0.005723019762335986 
0.36 0.0 0.27689479999999994 3.329552528953932e-05 0.5544073999999999 0.0021076557707608435 0.15747779999999997 0.00010116299719664843 0.02513312 3.291007626905494e-05 0.534042 0.0018061591292030585 496.2354 0.12746281026180606 246458.2 127.19666661627187 1.168388 0.005156068579839821 
0.35 0.0 0.2712856 5.575661291890253e-06 0.5784958 0.0017299915236794723 0.15843559999999998 0.00014160468919044195 0.02544606 4.527413919701139e-05 0.5665124 0.002201010069945284 498.27160000000003 0.08028479302766624 248486.0 80.63349180464871 1.211408 0.005157318217830616 
0.34 1.666000468656264e-09 0.26529780000000003 5.022063318027327e-05 0.6018898 0.0025982621946196655 0.1599498 7.895588641982732e-05 0.0259348 2.5534807615738503e-05 0.5943042000000001 0.002363789151340132 500.9072 0.09012142919766132 251122.6 90.49225380977508 1.2605220000000001 0.004613860335985423 
0.33 1.666000468656264e-09 0.2590484 9.139172827520356e-05 0.6239315999999999 0.0037374626644309183 0.16204420000000003 0.00011305552617515765 0.026613740000000004 3.50523790914122e-05 0.6203991999999999 0.004337189204084462 503.9064 0.11449038387628944 254136.2 114.26124451976943 1.288182 0.011968447652056945 
0.32 0.0 0.2526734 7.889669193559137e-05 0.6600344 0.0027720739903498368 0.1643822 0.00013880040345599763 0.027390780000000003 4.680763527406402e-05 0.6646116 0.003998076063310931 507.04800000000006 0.13419150489317488 257316.0 137.1527615482283 1.344482 0.011283678620024502 
0.31 0.0 0.24613020000000002 4.178076110691449e-05 0.6855518 0.002721378671187266 0.1671754 0.00017909005555625517 0.02832568 5.91463432515342e-05 0.7021748 0.003983087399492353 510.55999999999995 0.13272738983821794 260888.0 134.67679829647588 1.366554 0.008340471737254315 
0.3 0.0 0.23902600000000002 4.091650031628949e-05 0.7282485999999999 0.0007133545878542072 0.170939 0.00012778888840641667 0.0296234 4.345744585191978e-05 0.7740068000000001 0.0024444311141791904 514.7882000000001 0.09930293036074025 265235.6 102.07158273343752 1.479786 0.007669039887753821 
0.29 0.0 0.2315064 3.5421575375833e-05 0.7696910000000001 0.004277858052807735 0.1754478 0.0001252860407247587 0.031198399999999998 4.3575112163031604e-05 0.827237 0.003456582879088804 519.5344 0.09175428057947908 270146.6 95.23595961368814 1.5284900000000001 0.00692406354678536 
0.28 0.0 0.22366860000000002 5.8239917555418664e-05 0.8393856 0.005081056540527799 0.18069059999999998 8.433295916728858e-05 0.033088280000000005 3.139372421256198e-05 0.9033382 0.0060478799287030025 524.7528 0.07099543647251974 275604.4 75.15030270209043 1.624022 0.011602426091121172 
0.27 0.0 0.2146912 6.223400999947908e-05 0.9184889999999999 0.0056173049765894404 0.18834959999999998 0.000124878372835957 0.03595286 4.7268345432736426e-05 1.0180498 0.012953535815060304 531.723 0.06748273858781079 282979.6 71.24863509092182 1.743438 0.024352213763844378 
0.26 0.0 0.2051326 9.739839834797389e-05 1.019218 0.004398212727918961 0.197482 0.00023636801814460852 0.039524159999999996 9.71161885583014e-05 1.162658 0.00841414684920652 539.631 0.16852845453880327 291467.4 183.7249248143726 1.8936699999999997 0.014368536181538088 
0.25 0.0 0.1943332 0.00010162023420294318 1.159046 0.006222623626730019 0.2094912 0.0002546205647660292 0.04447596 0.000104983940104968 1.3571339999999998 0.013618148949109088 549.3158 0.17415174994224025 302032.6 190.6629696752127 2.074402 0.022352893933444095 
0.24 0.0 0.18136539999999998 6.491446680853757e-05 1.365648 0.014486786641625542 0.2265048 0.00013331208497915952 0.051991300000000004 6.019746838472464e-05 1.6483940000000001 0.022290378480406586 562.2474 0.10562370945721195 316437.4 117.51786246374154 2.336732 0.0276857071284099 
0.23000000000000004 1.666000468656264e-09 0.166048 0.000100064779021999 1.7479 0.009127616556361313 0.2491292 0.00028357452635815057 0.06293034 0.00014297569471844243 2.165126 0.021241249417113327 578.5758 0.19087093022586601 335127.8 221.3763130963249 2.8365340000000003 0.023521167079883328 
0.22000000000000003 1.666000468656264e-09 0.1443794 0.0002676322252653442 2.7201459999999997 0.004123438953108216 0.2877534 0.0006498376166404121 0.08412556 0.0003765262207069488 3.4597499999999997 0.01756136281728274 604.465 0.4115724966638242 365913.6 498.8066238575329 4.019856 0.02763484910035572 
0.21000000000000002 1.666000468656264e-09 0.09608956 0.0008857276437367386 11.606394 0.7056711127067657 0.39137760000000005 0.0020826680887723525 0.15817560000000003 0.0018521572848973814 13.653200000000002 0.8019442085332262 667.918 1.2004818032757958 447799.4 1670.4649077414363 11.958079999999999 0.6620641862538754 
0.2 0.0 -0.09103536 0.0004394541911054751 6.706472 0.09743584500173041 0.7649426 0.0007092052227590897 0.586415 0.0010623817016498676 3.672878 0.07110155482969796 863.1872 0.3339657947045529 745365.6 571.4004970271986 1.579342 0.03339479712769624 
0.19 0.0 -0.14102980000000004 8.972509124318836e-05 4.039372 0.012446114060210256 0.8335779999999999 0.0001534574860814716 0.695397 0.0002558066456828759 1.650104 0.008882801630115728 892.1222 0.07714422869368252 795992.2 137.74074201817973 0.648261 0.0027047423537166905 
0.18 0.0 -0.17694139999999997 9.470822563073254e-05 3.19231 0.005240635839293522 0.875754 0.00011320318008813153 0.7672758000000001 0.00019801159555225538 1.0579420000000002 0.0018304827778143913 908.619 0.04404452304254379 825658.0 79.73907445611083 0.4257074 0.0017765686161808274 
0.17 8.33000234328132e-10 -0.20633859999999998 6.446369522612329e-05 2.69491 0.00521058998577542 0.9064986000000002 7.61328310129213e-05 0.821959 0.00013777575975910592 0.7414504 0.0015493633169811143 920.2056 0.03272503615783777 846829.2 60.16736666764426 0.3262676 0.0011157167597569335 
0.16 0.0 -0.2316148 5.762527222049138e-05 2.3637740000000003 0.014004188116412467 0.9302828 6.389140790417761e-05 0.8655771999999999 0.00011838358003916092 0.5442904 0.0028859353644894864 928.9860000000001 0.03662567332561411 863055.0 67.8368630630454 0.2702992 0.0013353464089902415 
0.15 0.0 -0.25394400000000006 3.097224550387882e-05 2.0759920000000003 0.010387943550082967 0.94909 4.8006666330447335e-05 0.9008748000000001 9.09441145696344e-05 0.3962726 0.002739109557503453 935.9218000000001 0.009149426182472066 875982.8 17.10765830428729 0.2362144 0.0017756650945487697 
0.14 0.0 -0.2738788 4.4443582247156814e-05 1.8813099999999998 0.007610787607083684 0.9639944 3.8255561073472485e-05 0.9293556000000001 7.352746407195997e-05 0.2900572 0.001319113835875138 941.6466 0.02735046619290049 886726.6 51.53763676120285 0.2150134 0.0009179910500650506 
0.13 0.0 -0.29155800000000004 2.6762660411766146e-05 1.675978 0.007372177100418683 0.9754150000000001 2.5217453061905737e-05 0.9514809999999999 4.907789770326725e-05 0.2057638 0.0006782694685728303 946.1937999999998 0.01397540903236027 895307.4 26.453884550524897 0.198719 0.0007104089526448822 
0.12 0.0 -0.3076142 8.914706861501714e-06 1.513072 0.004807505299007493 0.9841940000000001 1.5011992896238209e-05 0.9686672 2.948138462197787e-05 0.13885640000000002 0.0006787186515778118 950.0613999999999 0.01386391104017105 902638.2 26.075889752167374 0.1884862 0.0007283035301300763 
0.11000000000000001 8.33000234328132e-10 -0.32201119999999994 2.314026805430269e-05 1.369628 0.004940069149314408 0.9904878 7.0676711786113295e-06 0.9810831999999999 1.39036689705729e-05 0.08983171999999999 6.7579845518101e-05 953.2121999999999 0.012352815804241614 908632.2 23.418625212337666 0.180972 0.0005516160258745387 
0.1 0.0 -0.335101 1.3899640398869132e-05 1.2511700000000001 0.007304028477484175 0.9947634000000001 1.1202140570527988e-05 0.989564 2.2317705465895855e-05 0.05369638 0.00023673026067629798 955.8522 0.009012878595907181 913670.0 16.963490494754463 0.174939 0.0008325201258818111 
0.09 0.0 -0.34714120000000004 1.9639551819638716e-05 1.165362 0.005120372173972406 0.9974654 6.200646945560707e-06 0.9949412000000001 1.2281366745472131e-05 0.028486479999999998 6.660146785194278e-05 958.1594000000001 0.011773187637841895 918084.6 22.688499676667142 0.1723904 0.0006237054817778813 
0.08 0.0 -0.3583844 1.1790165609807559e-05 1.0878 0.004285144571651541 0.9989779999999999 1.6248143077646296e-06 0.9979592 3.3514099576818063e-06 0.01275542 4.661664423788599e-05 960.1258000000001 0.008613473572173336 921855.0 16.811900256496138 0.1690586 0.0004682974781053036 
0.07 0.0 -0.36907419999999996 6.483209517961023e-06 1.048892 0.0044607563484281975 0.9996704 1.564614829546869e-06 0.9993418000000001 3.2174467720026658e-06 0.004717054 6.166000713604173e-06 961.9345999999999 0.008729721118397295 925329.6 16.71310944569412 0.170093 0.0005500634872462589 
0.06 0.0 -0.37942960000000003 2.721763479529787e-06 1.028906 0.004670484857053501 0.9999278 9.95972925355948e-07 0.9998562 1.9473086939487036e-06 0.0012088000000000001 1.8778774613906278e-05 963.6418 0.005023146081008996 928615.2 9.77507168092324 0.17040319999999998 0.00019389943785971757 
0.05 0.0 -0.3896468 8.833572498220561e-06 1.018964 0.0021287171723869017 0.9999916000000001 2.190014489993314e-07 0.9999837999999999 3.3476247117271566e-07 0.00016208839999999998 3.1295660223105382e-06 965.2972 0.004761509955681392 931807.2 9.096812735960052 0.1686616 0.0008049748120289499 
0.04 0.0 -0.39977619999999997 5.659682396245985e-06 1.0070728 0.002869522864875396 0.9999998 1.7887601172235757e-07 0.9999991999999999 1.789380675825843e-07 8.244764e-06 1.2870100552135572e-06 966.9582 0.006231531408325248 935014.6 12.028633035192007 0.1680564 0.0006922158391722324 
0.03 0.0 -0.4098872 2.94482536906148e-06 1.0016919999999998 0.0049197625389932045 1.0 0.0 1.0 0.0 5.78674e-07 5.175817603246853e-07 968.5658 0.001706462088702514 938124.8 3.116406152074453 0.1678234 0.00040049515352782615 
0.02 0.0 -0.4199572 2.322068799659396e-06 1.0053999999999998 0.0021357771419408048 1.0 0.0 1.0 0.0 0.0 0.0 970.2066000000001 0.003131767485120007 941304.6 6.05045517399311 0.16799979999999998 0.0008098910247687969 
0.01 0.0 -0.4299962 1.4805411630074378e-06 1.0121460000000002 0.0029563891489296505 1.0 0.0 1.0 0.0 0.0 0.0 971.8236 0.0028649570120212737 944442.6 5.611415889171822 0.1670776 0.0010973558985121702 
