1 0.680944 0.1777 0.495337 0.246085 0.417884 136.225 18608.2 0.373624
0.99 0.679245 0.184976 0.494623 0.245383 0.425513 136.643 18723.4 0.38438
0.98 0.677722 0.183672 0.494499 0.245263 0.431189 136.84 18777.1 0.387571
0.97 0.675569 0.188171 0.493981 0.244766 0.444791 137.256 18892.5 0.399407
0.96 0.673778 0.187977 0.493617 0.244412 0.452824 137.582 18982.3 0.405466
0.95 0.671513 0.196023 0.492791 0.243598 0.457705 138.135 19135.2 0.410997
0.94 0.669885 0.199641 0.491591 0.242423 0.466097 138.608 19266.2 0.415175
0.93 0.667454 0.202619 0.491148 0.242007 0.483382 139.076 19398.8 0.436793
0.92 0.665683 0.204471 0.490742 0.241623 0.497918 139.388 19484.9 0.435717
0.91 0.6639 0.207291 0.490677 0.241568 0.508552 139.645 19557 0.442925
0.9 0.661314 0.215433 0.489126 0.240056 0.519328 140.373 19762 0.45506
0.89 0.659353 0.2216 0.48814 0.239091 0.524248 140.868 19901.6 0.460532
0.88 0.657413 0.222651 0.488185 0.239169 0.552539 141.086 19964.7 0.478533
0.87 0.654635 0.230889 0.486561 0.237595 0.564926 141.911 20199.5 0.49307
0.86 0.652464 0.230118 0.485894 0.236941 0.56807 142.304 20310 0.485897
0.85 0.649877 0.24124 0.484909 0.235997 0.582532 142.94 20492.3 0.49749
0.84 0.647422 0.24701 0.483669 0.234833 0.615163 143.553 20672 0.535819
0.83 0.645052 0.252493 0.481946 0.233183 0.632456 144.334 20897.9 0.547041
0.82 0.642839 0.26358 0.481243 0.232517 0.647407 144.746 21017.4 0.556745
0.81 0.639979 0.265799 0.479795 0.231143 0.668111 145.489 21234.9 0.574869
0.8 0.637449 0.272242 0.478628 0.230039 0.686672 146.101 21414.1 0.585595
0.79 0.635149 0.278162 0.477728 0.229238 0.739127 146.671 21586.3 0.638217
0.78 0.632118 0.292808 0.475972 0.227568 0.752491 147.48 21823.8 0.639006
0.77 0.629235 0.298011 0.474004 0.225708 0.769246 148.337 22078.8 0.657347
0.76 0.62604 0.303296 0.471927 0.223769 0.798858 149.254 22353.6 0.677565
0.75 0.622471 0.323367 0.468265 0.220383 0.853107 150.62 22769.8 0.73867
0.74 0.619954 0.330098 0.467378 0.219576 0.882809 151.22 22952.7 0.760982
0.73 0.615987 0.356332 0.463393 0.215936 0.949229 152.727 23418.6 0.833382
0.72 0.612652 0.358464 0.46068 0.213426 0.959711 153.777 23739.1 0.828503
0.71 0.609094 0.369831 0.458654 0.211614 1.01449 154.78 24053.2 0.877869
0.7 0.605681 0.381665 0.455934 0.209191 1.08213 155.916 24412.4 0.941211
0.69 0.601363 0.404481 0.450532 0.204333 1.13036 157.892 25039.2 1.00259
0.68 0.598031 0.432353 0.448512 0.202615 1.2294 158.773 25326.7 1.09085
0.67 0.593047 0.457173 0.442613 0.197411 1.29353 160.968 26037.4 1.17473
0.66 0.587907 0.48183 0.436019 0.191725 1.40703 163.343 26818.9 1.28069
0.65 0.582819 0.524011 0.429742 0.186371 1.49975 165.617 27579.2 1.39622
0.64 0.578186 0.570658 0.425348 0.182736 1.63383 167.406 28190.4 1.54481
0.63 0.571051 0.648742 0.413876 0.173346 1.87658 171.446 29591 1.82803
0.62 0.562765 0.78146 0.400678 0.162897 2.18709 176.195 31289.7 2.24245
0.61 0.555741 0.82101 0.390745 0.155055 2.24142 179.904 32622.1 2.3381
0.6 0.547913 0.943044 0.378211 0.145622 2.47555 184.568 34363.5 2.69256
0.59 0.537228 1.10159 0.359997 0.132422 2.7577 191.346 36968.5 3.14741
0.58 0.524907 1.23249 0.339251 0.118078 2.96632 199.478 40206.7 3.58758
0.57 0.510292 1.35436 0.314332 0.101698 2.92355 209.581 44379.1 3.80606
0.56 0.498488 1.5093 0.296273 0.0907693 3.07687 217.521 47824.1 4.1771
0.55 0.482136 1.41589 0.268645 0.0745965 2.54103 229.648 53215.8 3.78307
0.54 0.470069 1.35298 0.250927 0.0650826 2.25957 238.011 57102.4 3.52578
0.53 0.457208 1.28494 0.232192 0.0557446 1.99019 247.56 61718.6 3.29756
0.52 0.444494 1.22166 0.214332 0.0474943 1.72358 256.919 66418.6 3.07945
0.51 0.433658 1.0491 0.199744 0.0410956 1.35293 265.087 70620.8 2.58628
0.5 0.42249 0.973504 0.185001 0.0352383 1.1667 273.573 75171.1 2.40332
0.49 0.413223 0.919491 0.174217 0.0312595 1.06747 280.382 78925.8 2.2713
0.48 0.405726 0.834661 0.165714 0.0282197 0.910181 285.738 81922 2.01189
0.47 0.396365 0.828391 0.154145 0.0244506 0.845622 293.224 86252.5 1.97301
0.46 0.388247 0.748341 0.145237 0.0216695 0.72093 299.247 89792.2 1.76784
0.45 0.380982 0.724349 0.137833 0.0195214 0.670062 304.638 93036.3 1.69043
0.44 0.373917 0.701777 0.130667 0.0175564 0.631713 309.947 96290.1 1.63684
0.43 0.367103 0.687167 0.124309 0.0158876 0.582472 314.941 99401.2 1.57744
0.42 0.360071 0.655953 0.117372 0.0141693 0.539004 320.224 102742 1.47916
0.41 0.352899 0.666122 0.110518 0.0125722 0.50284 325.704 106278 1.4612
0.4 0.346927 0.649938 0.104982 0.0113516 0.475558 330.097 109154 1.43566
0.39 0.341123 0.615955 0.100114 0.0103177 0.435522 334.442 112025 1.33434
0.38 0.334707 0.635552 0.0947617 0.00926579 0.433521 339.122 115180 1.36784
0.37 0.328653 0.615565 0.0895543 0.00827222 0.392698 343.942 118462 1.30397
0.36 0.322368 0.620368 0.0846679 0.00740863 0.383974 348.426 121563 1.29132
0.35 0.316666 0.595439 0.0805657 0.00670074 0.345446 352.513 124418 1.23626
0.34 0.31055 0.605851 0.0759627 0.00596956 0.337523 357.03 127617 1.20549
0.33 0.304568 0.594533 0.0711932 0.00524831 0.313901 361.55 130858 1.16573
0.32 0.298267 0.591173 0.0672264 0.00468812 0.303726 366.15 134202 1.1676
0.31 0.292285 0.605871 0.0629333 0.00411531 0.28746 370.616 137491 1.17103
0.3 0.286269 0.608046 0.0589493 0.0036154 0.26952 375.077 140808 1.11489
0.29 0.280264 0.613273 0.0557306 0.0032347 0.255812 379.274 143970 1.10203
0.28 0.27418 0.61321 0.0518151 0.00280091 0.238852 383.759 147385 1.05597
0.27 0.267667 0.640251 0.0483503 0.00244897 0.237264 388.452 151009 1.08338
0.26 0.261469 0.644308 0.0450087 0.00212371 0.216948 392.827 154420 1.05011
0.25 0.254632 0.654374 0.0411391 0.00178037 0.202634 398.034 158536 1.04647
0.24 0.248078 0.684271 0.0381747 0.00153873 0.195409 402.539 162138 1.03452
0.23 0.241104 0.717196 0.0348128 0.00128497 0.182923 407.61 166243 1.03359
0.22 0.23401 0.748533 0.0315836 0.00106562 0.178288 412.752 170459 1.04477
0.21 0.226482 0.762426 0.0285161 0.000872632 0.163109 418.192 174973 1.00715
0.2 0.218775 0.783266 0.0257024 0.00071299 0.150841 423.607 179529 1.00949
0.19 0.210616 0.826865 0.0225695 0.000555637 0.14022 429.626 184661 1.00917
0.18 0.202093 0.881734 0.0197537 0.000429083 0.124393 435.671 189887 0.998892
0.17 0.19315 0.927859 0.0169678 0.00032105 0.112301 442.057 195488 0.979112
0.16 0.183716 0.955471 0.0142249 0.000228674 0.0947731 449.134 201790 0.963904
0.15 0.173688 1.04711 0.0116786 0.000158511 0.0849435 456.404 208371 0.96906
0.14 0.163002 1.08422 0.00937396 0.000105596 0.0729239 464.186 215531 0.960181
0.13 0.151939 1.17284 0.00708359 6.32702e-05 0.0580118 472.142 222977 0.955043
0.12 0.140071 1.24006 0.00518464 3.66369e-05 0.0468311 480.835 231256 0.939582
0.11 0.1277 1.25217 0.00342318 1.78749e-05 0.0322388 489.914 240064 0.88752
0.1 0.114987 1.25045 0.00214193 8.21533e-06 0.0208943 498.926 248970 0.859473
0.09 0.102038 1.29577 0.00119644 3.48503e-06 0.0131428 508.142 258247 0.843189
0.08 0.0892845 1.26424 0.000548785 1.20684e-06 0.00652085 517.107 267433 0.799927
0.07 0.0767559 1.23308 0.000192274 3.78117e-07 0.00280715 525.622 276307 0.779878
0.06 0.0647158 1.19366 3.28993e-05 5.86239e-08 0.000552399 533.732 284893 0.739822
0.05 0.0530983 1.16312 5.20833e-07 9.04225e-10 1.04135e-05 541.396 293129 0.726258
0.04 0.0419079 1.10983 2.95139e-06 5.12394e-09 7.36593e-05 548.808 301206 0.696525
0.03 0.0310141 1.07998 0 0 0 555.904 309041 0.696571
0.02 0.020417 1.02503 0 0 0 562.819 316773 0.682628
0.01 0.010103 1.00389 0 0 0 569.47 324300 0.682865
