0 -0.4 inf 1 1 -nan 1024 1.04858e+06 inf
0.01 -0.389996 1.00343 1 1 0 1022.92 1.04637e+06 0.109608
0.02 -0.379991 1.01119 1 1 0 1021.84 1.04417e+06 0.112713
0.03 -0.369942 1.00956 1 1 0 1020.76 1.04196e+06 0.111273
0.04 -0.359862 1.00335 1 1 4.33984e-06 1019.68 1.03974e+06 0.111348
0.05 -0.34979 1.01238 0.999996 0.999991 8.65885e-05 1018.59 1.03753e+06 0.111289
0.06 -0.33967 1.00221 0.99995 0.9999 0.000813757 1017.54 1.03539e+06 0.112757
0.07 -0.329412 1.0207 0.999766 0.999532 0.00340102 1016.35 1.03298e+06 0.110529
0.08 -0.318902 1.06844 0.999222 0.998447 0.00977182 1015.15 1.03053e+06 0.113509
0.09 -0.307895 1.14477 0.998011 0.996029 0.0222815 1013.87 1.02794e+06 0.113302
0.1 -0.296272 1.19304 0.995825 0.991675 0.0428097 1012.35 1.02486e+06 0.114979
0.11 -0.283576 1.34212 0.992111 0.984299 0.0751922 1010.61 1.02134e+06 0.116713
0.12 -0.26968 1.46883 0.986633 0.973469 0.118278 1008.37 1.01683e+06 0.123543
0.13 -0.254103 1.65335 0.978742 0.957977 0.180994 1005.69 1.01143e+06 0.128645
0.14 -0.236874 1.84019 0.968089 0.93726 0.262805 1002.29 1.0046e+06 0.139702
0.15 -0.217178 2.08859 0.953867 0.909959 0.37168 998.047 996122 0.155965
0.16 -0.194381 2.46387 0.934743 0.873898 0.552797 992.31 984709 0.185589
0.17 -0.16718 3.02272 0.90831 0.825284 0.867444 984.284 968857 0.252816
0.18 0.182959 0.938171 0.0571795 0.00339645 0.406252 488.73 238980 1.40383
0.19 0.191935 0.83623 0.0529371 0.00291581 0.344027 481.517 231977 1.30102
0.2 0.200123 0.785099 0.0498333 0.00258497 0.292623 475.569 226283 1.22489
0.21 0.207378 0.734651 0.0476878 0.00237363 0.272925 470.769 221741 1.19732
0.22 0.214368 0.705516 0.0457 0.00218106 0.242358 466.087 217356 1.16144
0.23 0.221181 0.648932 0.044212 0.00204188 0.218322 461.896 213463 1.0835
0.24 0.227805 0.604719 0.0430175 0.00193461 0.201844 457.829 209722 1.03993
0.25 0.233385 0.580939 0.0422928 0.00187126 0.19026 455.09 207224 1.03228
0.26 0.239273 0.546458 0.0415497 0.00180843 0.181797 451.917 204348 1.01588
0.27 0.244696 0.526387 0.041263 0.00178172 0.168701 449.378 202060 0.98546
0.28 0.24963 0.505833 0.0406648 0.00173179 0.160788 446.788 199741 0.974327
0.29 0.255054 0.497034 0.0404073 0.00170949 0.15243 444.445 197653 0.942683
0.3 0.259715 0.472087 0.0402974 0.00170115 0.148359 442.34 195788 0.931379
0.31 0.264366 0.451587 0.0403339 0.00170542 0.146035 440.641 194292 0.931338
0.32 0.268886 0.438958 0.0403051 0.00170335 0.14193 438.809 192685 0.936463
0.33 0.273188 0.424957 0.0401352 0.00168786 0.134439 437.05 191141 0.885808
0.34 0.277326 0.421146 0.0403872 0.00170849 0.131079 435.747 190007 0.888442
0.35 0.281338 0.402075 0.0405934 0.00172489 0.126831 434.326 188775 0.891765
0.36 0.285481 0.398091 0.0408339 0.00174716 0.127614 432.932 187568 0.887962
0.37 0.289412 0.384774 0.0411404 0.0017719 0.123565 431.959 186730 0.886527
0.38 0.292787 0.372746 0.0413977 0.0017937 0.121149 430.845 185768 0.857319
0.39 0.296886 0.371069 0.041588 0.0018078 0.115543 429.492 184605 0.844812
0.4 0.300471 0.360012 0.0420046 0.00184566 0.117027 428.766 183985 0.842887
0.41 0.304068 0.352683 0.0426586 0.00190326 0.117316 428.051 183375 0.843686
0.42 0.307374 0.347107 0.043074 0.00193819 0.11358 427.357 182783 0.826628
0.43 0.311014 0.339874 0.0436298 0.00198884 0.114242 426.532 182085 0.850648
0.44 0.31432 0.338994 0.0441709 0.00203674 0.11215 425.987 181618 0.814101
0.45 0.317703 0.331352 0.0446629 0.00208125 0.11068 425.362 181093 0.833346
0.46 0.320781 0.329064 0.0451137 0.00212058 0.106851 424.708 180534 0.80492
0.47 0.324059 0.321951 0.045758 0.00218123 0.107154 424.406 180281 0.80652
0.48 0.327232 0.319229 0.0465203 0.00225331 0.10701 424.187 180099 0.806401
0.49 0.330472 0.309509 0.0469237 0.00229242 0.10649 423.4 179438 0.820335
0.5 0.333596 0.311389 0.047744 0.00237268 0.107359 423.22 179287 0.812309
0.51 0.336674 0.30777 0.0484081 0.00243768 0.106547 423.109 179193 0.796923
0.52 0.340079 0.304327 0.048907 0.00248491 0.103026 422.464 178648 0.781421
0.53 0.343114 0.300634 0.0497417 0.00257037 0.104483 422.421 178613 0.77503
0.54 0.346153 0.298756 0.0505766 0.00265616 0.104702 422.403 178603 0.782844
0.55 0.348598 0.303308 0.0512988 0.00273173 0.104901 422.431 178624 0.759406
0.56 0.351978 0.3 0.0522036 0.0028291 0.106842 422.456 178655 0.786109
0.57 0.355089 0.30162 0.0528134 0.00289342 0.105263 422.098 178354 0.777235
0.58 0.358325 0.301388 0.0533653 0.00295215 0.103578 421.587 177927 0.781642
0.59 0.360771 0.295547 0.0544453 0.00307193 0.10508 422.069 178334 0.771704
0.6 0.363929 0.298197 0.0550477 0.00313904 0.104445 421.895 178190 0.769358
0.61 0.366671 0.296986 0.0559652 0.00324155 0.103349 422.15 178410 0.77299
0.62 0.369592 0.29432 0.0568529 0.00334401 0.103829 422.18 178435 0.761227
0.63 0.372858 0.293414 0.057678 0.00344127 0.104701 421.961 178252 0.755693
0.64 0.37574 0.298726 0.0586816 0.00356173 0.106377 422.318 178559 0.764045
0.65 0.378418 0.287097 0.0594817 0.00365396 0.102696 422.541 178743 0.73766
0.66 0.381542 0.293688 0.0605504 0.00378623 0.104618 423.136 179252 0.744091
0.67 0.384458 0.294502 0.0611701 0.00386349 0.104632 422.852 179019 0.758464
0.68 0.387422 0.29146 0.0622178 0.00399435 0.104443 423.309 179410 0.761613
0.69 0.390702 0.301193 0.0630966 0.00410736 0.105329 423.309 179408 0.74533
0.7 0.393235 0.291735 0.0644616 0.00428415 0.10602 424.193 180163 0.751838
0.71 0.396347 0.298916 0.0650725 0.00436637 0.107037 424.127 180109 0.747191
0.72 0.39941 0.29398 0.066139 0.00450635 0.105586 424.388 180334 0.750068
0.73 0.402135 0.292552 0.0669187 0.00461079 0.104685 424.443 180379 0.732233
0.74 0.404965 0.297094 0.068144 0.00478131 0.107187 425.128 180965 0.733792
0.75 0.408428 0.300272 0.0688777 0.00488494 0.10814 425.118 180962 0.741814
0.76 0.411337 0.29539 0.0701251 0.00505485 0.104078 425.836 181569 0.719853
0.77 0.414279 0.29953 0.0709141 0.00517015 0.105734 425.821 181557 0.713313
0.78 0.416871 0.301054 0.0720185 0.00533326 0.108259 426.61 182239 0.729488
0.79 0.420119 0.29863 0.0730793 0.00548646 0.106355 426.997 182570 0.722871
0.8 0.423245 0.299828 0.0740774 0.00563168 0.103833 427.365 182880 0.700767
0.81 0.426427 0.311537 0.0748591 0.00575704 0.108906 427.295 182834 0.730171
0.82 0.429285 0.306737 0.0762143 0.00596048 0.106673 428.27 183666 0.712
0.83 0.432041 0.304517 0.0772456 0.00612526 0.109913 428.711 184051 0.722845
0.84 0.435167 0.299584 0.0780123 0.00624438 0.108656 428.623 183974 0.710817
0.85 0.438199 0.306761 0.0791036 0.0064187 0.109313 429.479 184715 0.720121
0.86 0.441733 0.307386 0.0805158 0.00664649 0.109635 430.165 185300 0.69822
0.87 0.444786 0.311937 0.0815442 0.00681564 0.110029 430.712 185785 0.725391
0.88 0.447623 0.313489 0.0823824 0.00695677 0.111219 431.094 186108 0.6995
0.89 0.450651 0.312036 0.0837869 0.00718842 0.108845 431.895 186802 0.700504
0.9 0.453734 0.313317 0.0849028 0.00738238 0.111292 432.216 187081 0.693226
0.91 0.457091 0.313317 0.0859808 0.00756648 0.109993 432.753 187553 0.704908
0.92 0.460041 0.3139 0.0868195 0.00771557 0.111403 432.922 187699 0.697664
0.93 0.463315 0.314317 0.088 0.00792399 0.111479 433.513 188214 0.69616
0.94 0.466596 0.320507 0.08949 0.00819031 0.111429 434.869 189395 0.695689
0.95 0.469493 0.314883 0.0904551 0.00836279 0.109535 435.151 189633 0.669417
0.96 0.472719 0.318421 0.0914592 0.00854928 0.110696 435.58 190013 0.676679
0.97 0.47595 0.315179 0.0926598 0.00877275 0.110991 436.123 190492 0.681635
0.98 0.478951 0.32204 0.0938799 0.00900426 0.112152 436.967 191232 0.680099
0.99 0.482253 0.321875 0.0948864 0.00919381 0.11077 437.324 191537 0.659443
