0 0.87169 0.00161645
1 0.867063 0.00152319
2 0.864766 0.00143929
3 0.861895 0.00142277
4 0.858709 0.00139164
5 0.857896 0.00132168
6 0.85599 0.0013394
7 0.855049 0.00143345
8 0.853284 0.00131609
9 0.851988 0.00137017
10 0.851111 0.00136962
11 0.850515 0.00137927
12 0.848782 0.00140927
13 0.846513 0.00153293
14 0.846319 0.00148926
15 0.844349 0.00150107
16 0.845038 0.00156176
17 0.844881 0.00160269
18 0.843423 0.00156155
19 0.841762 0.00152772
20 0.840671 0.001504
21 0.841395 0.00150574
22 0.840148 0.0015666
23 0.840937 0.00156547
24 0.839499 0.00162265
25 0.838105 0.00170831
26 0.836968 0.00171762
27 0.837303 0.00169512
28 0.836571 0.00178372
29 0.836262 0.00183843
30 0.834253 0.00193016
31 0.833614 0.00200801
32 0.834392 0.00204055
33 0.833886 0.00203555
34 0.833409 0.00201375
35 0.833478 0.00212161
36 0.832731 0.00208439
37 0.832512 0.00214925
38 0.831797 0.00217655
39 0.831403 0.00214157
40 0.830315 0.00209174
41 0.829959 0.00220175
42 0.82943 0.00217915
43 0.828605 0.00228373
44 0.828591 0.00229518
45 0.827786 0.00238336
46 0.826826 0.00247545
47 0.826701 0.00251434
48 0.826036 0.00249073
49 0.825249 0.00253104
50 0.825014 0.00266127
51 0.823244 0.00271962
52 0.821881 0.00278743
53 0.820842 0.00292432
54 0.818892 0.00301992
55 0.818082 0.00327625
56 0.81673 0.00344182
57 0.816791 0.003549
58 0.814719 0.00385851
59 0.813602 0.0040649
60 0.813322 0.00428496
61 0.811803 0.00463762
62 0.809644 0.00492051
63 0.807182 0.00540697
64 0.805616 0.00577339
65 0.804887 0.00613708
66 0.803663 0.00650846
67 0.803009 0.00692386
68 0.800518 0.00732927
69 0.79827 0.00767964
70 0.795969 0.00794664
71 0.794575 0.00812184
72 0.790888 0.00841594
73 0.789621 0.008695
74 0.788426 0.00889916
75 0.78678 0.00926641
76 0.783912 0.00963111
77 0.781918 0.00994452
78 0.780637 0.0103351
79 0.77638 0.010788
80 0.773588 0.0112937
81 0.76974 0.0117703
82 0.766583 0.0124374
83 0.763605 0.0129479
84 0.760457 0.013435
85 0.757199 0.0139197
86 0.752691 0.0144359
87 0.749786 0.0149312
88 0.744806 0.0153533
89 0.741131 0.0158143
90 0.736586 0.0161917
91 0.7339 0.0166689
92 0.729236 0.0170747
93 0.72581 0.0174252
94 0.722205 0.0178132
95 0.718753 0.018248
96 0.714144 0.0186623
97 0.709769 0.0190369
98 0.706293 0.0194284
99 0.701591 0.0198336
100 0.698032 0.0201845
101 0.692755 0.0205617
102 0.68958 0.0208758
103 0.684974 0.0212462
104 0.680914 0.0215913
105 0.675949 0.0218788
106 0.671534 0.0222504
107 0.6666 0.0225647
108 0.662876 0.0228834
109 0.658947 0.0231434
110 0.654358 0.0234466
111 0.650153 0.0237039
112 0.644745 0.0240155
113 0.638889 0.0243123
114 0.634589 0.0246281
115 0.630692 0.0249317
116 0.627037 0.025222
117 0.622807 0.0254765
118 0.618218 0.0257419
119 0.614314 0.0259928
120 0.610367 0.0262241
121 0.607297 0.0265043
122 0.603122 0.0266764
123 0.599207 0.0268445
124 0.596623 0.0269973
125 0.592925 0.0271627
126 0.590153 0.0273052
127 0.586794 0.0274491
128 0.584196 0.0275851
129 0.58127 0.0276983
130 0.578293 0.0278167
131 0.576143 0.027932
132 0.573105 0.0279913
133 0.569644 0.028057
134 0.567616 0.0281632
135 0.564531 0.028182
136 0.561363 0.0282383
137 0.557665 0.0282839
138 0.55476 0.028406
139 0.551473 0.0284794
140 0.549659 0.028634
141 0.545298 0.0286889
142 0.542491 0.0287836
143 0.538501 0.0288434
144 0.536638 0.0289459
145 0.5336 0.0290628
146 0.530868 0.0291435
147 0.527682 0.0291366
148 0.52474 0.0292114
149 0.522031 0.0292515
150 0.52002 0.0292926
151 0.516942 0.0292834
152 0.512972 0.0292475
153 0.510049 0.0292885
154 0.506363 0.0292827
155 0.503547 0.0292484
156 0.499974 0.0292076
157 0.496285 0.0292641
158 0.491571 0.0292567
159 0.488683 0.0293047
160 0.484994 0.0293599
161 0.481745 0.0294418
162 0.47691 0.0294421
163 0.471262 0.0294446
164 0.466704 0.0294668
165 0.461626 0.0295434
166 0.457312 0.0296348
167 0.452726 0.0297616
168 0.447665 0.0298051
169 0.443247 0.0298711
170 0.43934 0.0300625
171 0.434653 0.0300371
172 0.430003 0.0301292
173 0.425194 0.0301794
174 0.422005 0.0302654
175 0.418278 0.0303058
176 0.415069 0.0303605
177 0.410495 0.0303378
178 0.408206 0.0304054
179 0.404462 0.0303744
180 0.401661 0.0303912
181 0.399494 0.0304343
182 0.396525 0.030436
183 0.393521 0.0303616
184 0.390211 0.0303109
185 0.388171 0.0303504
186 0.38377 0.0302571
187 0.380859 0.0302341
188 0.377963 0.0302529
189 0.374864 0.0302155
190 0.370101 0.0300917
191 0.36656 0.0300958
192 0.363122 0.0300584
193 0.360391 0.0301211
194 0.356924 0.0301232
195 0.353125 0.0300733
196 0.348139 0.0298923
197 0.344022 0.0298308
198 0.340078 0.029779
199 0.335859 0.0297104
200 0.331493 0.0296214
201 0.327922 0.0296147
202 0.324358 0.0295781
203 0.321655 0.0296492
204 0.318177 0.0296664
205 0.314416 0.0295848
206 0.311123 0.0295347
207 0.308507 0.0295584
208 0.305223 0.0295398
209 0.302413 0.0294774
210 0.301094 0.0294709
211 0.298562 0.0294058
212 0.29667 0.0294178
213 0.29395 0.0293158
214 0.291606 0.0292875
215 0.290046 0.0292531
216 0.288403 0.029278
217 0.286681 0.0291861
218 0.284965 0.029177
219 0.282514 0.0290652
220 0.280761 0.0289578
221 0.279167 0.0290254
222 0.27651 0.0288787
223 0.273831 0.0287879
224 0.272109 0.0287351
225 0.269959 0.02865
226 0.268863 0.0286748
227 0.266704 0.0286137
228 0.264667 0.0285083
229 0.26399 0.0285069
230 0.262248 0.0284575
231 0.260498 0.0283827
232 0.258313 0.0282588
233 0.257147 0.0281491
234 0.256201 0.0280973
235 0.254687 0.0279912
236 0.253744 0.0279448
237 0.252373 0.0278614
238 0.25158 0.0278069
239 0.250347 0.0277451
240 0.248634 0.0276189
241 0.246513 0.0274708
242 0.245315 0.0274277
243 0.243481 0.0273032
244 0.242425 0.0272847
245 0.240205 0.0270315
246 0.238186 0.0269032
247 0.23634 0.0268574
248 0.234644 0.0267791
249 0.23167 0.0265692
250 0.22923 0.0264118
251 0.227153 0.0262748
252 0.225035 0.0262381
253 0.222523 0.0260879
254 0.219601 0.0259241
255 0.217242 0.0258663
256 0.214514 0.0257002
257 0.21182 0.0256215
258 0.209812 0.0255562
259 0.206771 0.0253459
260 0.204679 0.0251931
261 0.201994 0.0250054
262 0.199983 0.0249252
263 0.198096 0.0248001
264 0.195749 0.024651
265 0.192998 0.0245024
266 0.190448 0.024323
267 0.188325 0.0242041
268 0.186016 0.0241092
269 0.183892 0.0239874
270 0.181577 0.0238666
271 0.179236 0.0237934
272 0.176869 0.0236851
273 0.174172 0.0234912
274 0.171149 0.0233104
275 0.168866 0.0231698
276 0.166377 0.0229955
277 0.164071 0.0228287
278 0.161681 0.0227371
279 0.160249 0.0226756
280 0.158843 0.0225839
281 0.15695 0.0224313
282 0.155035 0.0222941
283 0.152836 0.0221589
284 0.150538 0.0219943
285 0.14842 0.0218698
286 0.146771 0.0217201
287 0.145255 0.0216837
288 0.14362 0.0215869
289 0.14228 0.0214627
290 0.141082 0.0213623
291 0.139789 0.0212438
292 0.137821 0.0211172
293 0.136114 0.0210062
294 0.1343 0.0208436
295 0.133275 0.0207098
296 0.132245 0.0206234
297 0.130333 0.0205028
298 0.128869 0.0202856
299 0.127529 0.0201439
300 0.126589 0.0200956
301 0.125689 0.0199289
302 0.124676 0.0197735
303 0.123929 0.0197323
304 0.122529 0.0196132
305 0.121227 0.0194618
306 0.119638 0.0193994
307 0.117908 0.0192152
308 0.116435 0.0190728
309 0.115987 0.0189951
310 0.114766 0.0189815
311 0.113655 0.0188714
312 0.112795 0.0187903
313 0.111409 0.0186506
314 0.110434 0.0184975
315 0.109271 0.0184296
316 0.107645 0.018305
317 0.106473 0.0182649
318 0.104818 0.0181249
319 0.1039 0.0180442
320 0.103096 0.0180133
321 0.102046 0.0179734
322 0.100819 0.0178497
323 0.100159 0.0178239
324 0.099728 0.0177872
325 0.0989265 0.017641
326 0.0985793 0.0176189
327 0.0981076 0.0174531
328 0.097202 0.0173175
329 0.0964988 0.0172005
330 0.09557 0.017081
331 0.0945428 0.0169417
332 0.0937818 0.0168885
333 0.093287 0.0168371
334 0.0930556 0.0167289
335 0.0920949 0.0165791
336 0.0917101 0.0165051
337 0.0907494 0.0163519
338 0.0893866 0.0162139
339 0.0883073 0.016118
340 0.0872743 0.0159491
341 0.0861979 0.0157796
342 0.0847251 0.0156328
343 0.0836661 0.015522
344 0.0825579 0.0153316
345 0.0811603 0.015188
346 0.0803472 0.0150863
347 0.0796123 0.0150308
348 0.0787269 0.0149418
349 0.078099 0.0148294
350 0.0772193 0.0146954
351 0.0766059 0.0146985
352 0.0756453 0.0145964
353 0.0749971 0.014518
354 0.0737211 0.0144052
355 0.0730064 0.0142346
356 0.0730758 0.0142539
357 0.0724566 0.0142049
358 0.0714005 0.0139851
359 0.0709433 0.0139581
360 0.0702488 0.0138344
361 0.0701157 0.0138349
362 0.0690741 0.0137055
363 0.0695602 0.0136893
364 0.0688252 0.0135766
365 0.0684404 0.013484
366 0.0673409 0.0133925
367 0.0666319 0.013301
368 0.0663194 0.013203
369 0.0656771 0.0130596
370 0.0654253 0.0129966
371 0.0647656 0.0128572
372 0.0638773 0.0128071
373 0.0632002 0.0126687
374 0.0629977 0.012691
375 0.0625347 0.0127107
376 0.0615104 0.0125599
377 0.0612992 0.0125357
378 0.0610735 0.0125539
379 0.0610041 0.0125182
380 0.0602315 0.0124737
381 0.0596412 0.0124563
382 0.0595312 0.0124184
383 0.0594039 0.0123795
384 0.0592303 0.0123121
385 0.0590133 0.012479
386 0.0587731 0.0124161
387 0.0587037 0.0124125
388 0.0587066 0.012324
389 0.0587587 0.0123499
390 0.0587384 0.0122831
391 0.0585561 0.0122493
392 0.058452 0.012211
393 0.0585301 0.0121835
394 0.0582205 0.0121094
395 0.0580498 0.0120554
396 0.0580961 0.0119887
397 0.0581568 0.0120489
398 0.0580295 0.0119995
399 0.0580382 0.0119027
400 0.0581105 0.0119726
401 0.0581944 0.0119846
402 0.0575289 0.0118875
403 0.0577865 0.0118716
404 0.0578154 0.0118962
405 0.0575 0.0117545
406 0.057147 0.0116719
407 0.0563426 0.0114937
408 0.0561748 0.0114153
409 0.0553096 0.0112794
410 0.0551794 0.0112566
411 0.054864 0.0110971
412 0.0548495 0.0110996
413 0.0543374 0.0109491
414 0.0539439 0.010835
415 0.0537645 0.0107868
416 0.05318 0.0106595
417 0.0521152 0.0104202
418 0.0515278 0.0102916
419 0.0512413 0.0101726
420 0.0510359 0.0101355
421 0.0506076 0.0101061
422 0.0496209 0.00997445
423 0.0494502 0.00995
424 0.0490104 0.0098959
425 0.0483796 0.00981197
426 0.0479051 0.0097573
427 0.0474913 0.00956487
428 0.0475145 0.00954565
429 0.0466348 0.00951328
430 0.0465075 0.00943601
431 0.0464497 0.00932379
432 0.0459317 0.00924257
433 0.0458565 0.00914598
434 0.0453819 0.00916316
435 0.0449363 0.00918275
436 0.0449392 0.00912612
437 0.0446094 0.00915228
438 0.0445747 0.00926067
439 0.044511 0.0092518
440 0.0446528 0.0091817
441 0.0440625 0.00918187
442 0.0443461 0.00922097
443 0.044103 0.00917854
444 0.0440828 0.00918284
445 0.0444126 0.00915059
446 0.0444705 0.0091138
447 0.0442911 0.00914871
448 0.04432 0.00917128
449 0.0445573 0.0092328
450 0.0443605 0.00913624
451 0.0443895 0.00914541
452 0.0439959 0.00919497
453 0.0441435 0.00928636
454 0.0442477 0.00930104
455 0.0443461 0.00939226
456 0.0443258 0.00933968
457 0.0445023 0.00933436
458 0.0440336 0.00929209
459 0.0442303 0.00924139
460 0.0442477 0.0092399
461 0.0442969 0.00935799
462 0.0439525 0.00932974
463 0.044077 0.00933449
464 0.0439352 0.0093762
465 0.0438223 0.00927056
466 0.0433941 0.00915366
467 0.0433623 0.00914722
468 0.0436198 0.00923034
469 0.043478 0.00918497
470 0.0434115 0.00922258
471 0.0437847 0.00910664
472 0.0438773 0.00904463
473 0.043886 0.00904165
474 0.0441262 0.00903712
475 0.0437876 0.00898736
476 0.0433247 0.00896518
477 0.0433767 0.00896259
478 0.0438715 0.00909271
479 0.0434433 0.0089913
480 0.0436372 0.00901881
481 0.0435098 0.00897393
482 0.0436429 0.00894855
483 0.0436632 0.00901403
484 0.0430353 0.00888223
485 0.0431134 0.0089131
486 0.0432841 0.00879998
487 0.0435388 0.00882439
488 0.0435446 0.0087046
489 0.0435041 0.008626
490 0.0434838 0.00858483
491 0.0435388 0.0086051
492 0.0437211 0.00865045
493 0.0435851 0.0086285
494 0.043287 0.00853867
495 0.0430556 0.00858237
496 0.0426562 0.00856796
497 0.0424045 0.00856596
498 0.0424421 0.00858453
499 0.042662 0.00851527
500 0.0426591 0.00860563
501 0.042989 0.00852752
502 0.0434635 0.00851371
503 0.0436314 0.00843926
504 0.0436834 0.00834116
505 0.042908 0.00832174
506 0.0427922 0.00816792
507 0.0426765 0.00815787
508 0.0426939 0.00796854
509 0.0427373 0.00798544
510 0.0426997 0.00796351
511 0.042147 0.00791644
512 0.0426534 0.00781733
513 0.0421875 0.00771539
514 0.0417361 0.0076788
515 0.0414815 0.00752345
516 0.0413831 0.00748678
517 0.0406366 0.00744118
518 0.0408565 0.00737961
519 0.0403704 0.00728735
520 0.0400868 0.00715995
521 0.0397396 0.00709089
522 0.0392998 0.00690431
523 0.0385909 0.00681308
524 0.038235 0.00674691
525 0.0383044 0.00665872
526 0.0380382 0.00651965
527 0.0377662 0.00643506
528 0.0377286 0.00638431
529 0.0376534 0.00629762
530 0.0377344 0.00631232
531 0.0374682 0.00620676
532 0.0367593 0.00610444
533 0.0367303 0.00607437
534 0.0364612 0.0060551
535 0.0361227 0.00597734
536 0.0356453 0.00585754
537 0.0357841 0.00579428
538 0.0358275 0.00566101
539 0.0353212 0.00554038
540 0.0351244 0.00541784
541 0.0346383 0.00537986
542 0.0345255 0.00521462
543 0.0342708 0.00514429
544 0.0341782 0.00516736
545 0.0337211 0.00506964
546 0.0339873 0.00501893
547 0.0341262 0.00497799
548 0.0340567 0.00496917
549 0.0341377 0.00491911
550 0.0339294 0.00497276
551 0.0336979 0.00497861
552 0.0337326 0.00502133
553 0.0333073 0.00504479
554 0.0334491 0.00502512
555 0.0335359 0.00506144
556 0.0335301 0.00514311
557 0.0333912 0.00520735
558 0.0332205 0.0051753
559 0.0333594 0.00513872
560 0.0331192 0.00527027
561 0.0330266 0.00528739
562 0.0331597 0.00522563
563 0.0334115 0.00526802
564 0.0336516 0.00527222
565 0.0332755 0.00523493
566 0.0328935 0.00519807
567 0.0331539 0.00515222
568 0.0333102 0.00501855
569 0.0335214 0.00502049
570 0.0333883 0.00504013
571 0.0329485 0.0050734
572 0.0331221 0.00501569
573 0.0333478 0.00502201
574 0.033316 0.00506012
575 0.0330729 0.00505144
576 0.0330006 0.00497786
577 0.0330874 0.00498336
578 0.0331742 0.00491821
579 0.0332465 0.00490573
580 0.0330787 0.00484482
581 0.0329659 0.0048523
582 0.0329832 0.00486951
583 0.0332899 0.00495365
584 0.0329572 0.00482508
585 0.0326302 0.00468968
586 0.0330353 0.00473499
587 0.0329369 0.00475325
588 0.0328472 0.00473873
589 0.0328385 0.00470308
590 0.0324624 0.00462866
591 0.0325029 0.00451619
592 0.0325579 0.00444948
593 0.0328704 0.00443834
594 0.0327054 0.0043733
595 0.0321325 0.00432167
596 0.0324884 0.00434381
597 0.0325868 0.00430247
598 0.0323119 0.00413009
599 0.0325926 0.00415656
600 0.0326128 0.00418061
601 0.0318084 0.00409213
602 0.0316117 0.0038918
603 0.0316696 0.0038748
604 0.0314236 0.00377772
605 0.0318779 0.00367326
606 0.0313223 0.00353228
607 0.0315596 0.00339742
608 0.0311516 0.00316669
609 0.0310677 0.00289313
610 0.0312529 0.00278188
611 0.0310388 0.00249608
612 0.0305758 0.00227808
613 0.0304687 0.00199929
614 0.0302199 0.00171942
615 0.0299508 0.0014763
616 0.0295689 0.00118571
617 0.0291088 0.00096356
618 0.029077 0.000794433
619 0.0289988 0.000692469
620 0.0283189 0.000602741
621 0.0285503 0.000533018
622 0.0284722 0.000447365
623 0.0284201 0.000401224
624 0.0283594 0.000360143
625 0.0280179 0.000338295
626 0.0283333 0.000327163
627 0.0280787 0.000332464
628 0.0283854 0.00028694
629 0.0286256 0.000289737
630 0.0280295 0.000314031
631 0.0278964 0.00030134
632 0.0278704 0.000313505
633 0.0276215 0.000311138
634 0.0278906 0.000302353
635 0.0277488 0.000281659
636 0.0276968 0.000290921
637 0.0275781 0.000295384
638 0.0276157 0.000322275
639 0.027934 0.000315467
640 0.0280729 0.000315734
641 0.0281713 0.000312188
642 0.0285938 0.000278498
643 0.0287297 0.000274768
644 0.0288513 0.000285234
645 0.0288079 0.000306455
646 0.0286198 0.000300515
647 0.0284346 0.000308013
648 0.0281192 0.00029302
649 0.0280006 0.000316222
650 0.0280642 0.000277531
651 0.0279687 0.000300131
652 0.0279282 0.000290016
653 0.0278733 0.000312228
654 0.0275521 0.000316512
655 0.0273524 0.000300271
656 0.0274537 0.000305925
657 0.0278906 0.000317482
658 0.0277749 0.000318011
659 0.0280845 0.000327532
660 0.0280382 0.000310052
661 0.0283594 0.000290905
662 0.0280642 0.000263861
663 0.028099 0.000281027
664 0.0283391 0.000294842
665 0.0283796 0.000315268
666 0.028261 0.000295523
667 0.0284838 0.0003123
668 0.0283623 0.000323375
669 0.0285735 0.00032558
670 0.0287153 0.000329253
671 0.0287789 0.000316465
672 0.0286082 0.000300144
673 0.0288773 0.000317092
674 0.0289062 0.000334248
675 0.0284925 0.000290049
676 0.0285069 0.000308627
677 0.0283362 0.000328471
678 0.02864 0.000329988
679 0.0283044 0.000297078
680 0.0280671 0.000306595
681 0.0281424 0.000309081
682 0.0285909 0.00030329
683 0.0283275 0.00032556
684 0.0286487 0.000318747
685 0.0285417 0.000308799
686 0.0287731 0.000327532
687 0.0286777 0.000312663
688 0.0286314 0.000323361
689 0.0287008 0.000353893
690 0.028478 0.000339265
691 0.0281366 0.000335941
692 0.0282147 0.000322196
693 0.0282147 0.00031956
694 0.0280527 0.000300715
695 0.0281973 0.000352711
696 0.0279861 0.000345257
697 0.0280527 0.000315922
698 0.0282205 0.000302382
699 0.0278877 0.000304499
700 0.0275984 0.000327676
701 0.0276968 0.000327297
702 0.0278241 0.000312611
703 0.0282089 0.000341864
704 0.028342 0.000300947
705 0.0279485 0.0003133
706 0.0283073 0.000323993
707 0.0284693 0.000300232
708 0.0281626 0.000324191
709 0.0282784 0.000325922
710 0.0280816 0.000296716
711 0.0282465 0.000315951
712 0.0281134 0.000309245
713 0.0283738 0.000312675
714 0.0284867 0.000313875
715 0.0281597 0.000309293
716 0.0284867 0.000299962
717 0.0283738 0.000296089
718 0.0279948 0.000280798
719 0.0276013 0.000266647
720 0.0278704 0.000296768
721 0.0277199 0.000284969
722 0.0279138 0.000319446
723 0.028151 0.000317788
724 0.0278328 0.000307185
725 0.0282928 0.00031454
726 0.0286256 0.000311436
727 0.0278183 0.000320785
728 0.028397 0.000328012
729 0.0283391 0.000289801
730 0.0280642 0.000297704
731 0.0279774 0.000326073
732 0.0280093 0.00029385
733 0.0279543 0.000309947
734 0.0278877 0.000325728
735 0.0280903 0.000290337
736 0.0283275 0.00028885
737 0.0280584 0.000309299
738 0.0280411 0.000292027
739 0.0282726 0.000310107
740 0.0285706 0.000310962
741 0.0285764 0.000292405
742 0.0282841 0.000309415
743 0.0283102 0.000313654
744 0.0281337 0.000286796
745 0.0278762 0.000271687
746 0.0279514 0.000289149
747 0.0280874 0.000270953
748 0.0280613 0.000281401
749 0.0280208 0.000293531
750 0.028044 0.000282316
751 0.0279514 0.000299392
752 0.0279688 0.000304204
753 0.0281597 0.000282764
754 0.0283073 0.000303609
755 0.0284346 0.00030991
756 0.028206 0.000326621
757 0.0276765 0.000317033
758 0.0280006 0.000306323
759 0.0279861 0.000318385
760 0.0279803 0.000324375
761 0.0279745 0.00032427
762 0.0274971 0.000321978
763 0.027853 0.00031407
764 0.0281424 0.000333297
765 0.0281771 0.000304536
766 0.0285764 0.000313305
767 0.0280961 0.000300025
768 0.028235 0.000309479
769 0.0279688 0.000314036
770 0.0279572 0.000301015
771 0.0279919 0.000298124
772 0.0281221 0.000330021
773 0.0279861 0.000311285
774 0.0278935 0.000334315
775 0.0281192 0.00033326
776 0.0276765 0.000321829
777 0.0281047 0.000307665
778 0.0283652 0.000308757
779 0.028099 0.000302326
780 0.0280527 0.000318587
781 0.0281366 0.000290989
782 0.0279803 0.000308202
783 0.0279774 0.000325971
784 0.0275868 0.000301467
785 0.0276215 0.000304089
786 0.0278704 0.00029736
787 0.0275868 0.000298565
788 0.0275463 0.00027195
789 0.0277431 0.000295154
790 0.0280006 0.000284383
791 0.0277951 0.000288537
792 0.0283796 0.000289114
793 0.0283941 0.000313256
794 0.0280816 0.000301503
795 0.0280035 0.000287165
796 0.0282118 0.000278861
797 0.0278559 0.000290163
798 0.0279688 0.000294073
799 0.0280816 0.000285441
800 0.0282292 0.000287636
801 0.0282813 0.000281968
802 0.0282841 0.000314913
803 0.0284057 0.000320163
804 0.028669 0.000326
805 0.0283796 0.000317729
806 0.0280556 0.000305545
807 0.0283102 0.000296473
808 0.0284664 0.000314242
809 0.0284259 0.000305749
810 0.0286198 0.000284485
811 0.0289815 0.00028084
812 0.028724 0.000291946
813 0.0287558 0.000274051
814 0.0283594 0.000284856
815 0.0283941 0.000307293
816 0.0281047 0.000298858
817 0.0281047 0.000308019
818 0.0282205 0.000315154
819 0.0278733 0.000343266
820 0.0274913 0.000309967
821 0.0277141 0.000309225
822 0.0280179 0.000325042
823 0.0276707 0.000318049
824 0.0277633 0.000280072
825 0.0275781 0.000290756
826 0.0283652 0.000327137
827 0.0283594 0.000314525
828 0.0279369 0.000302602
829 0.0280671 0.000330588
830 0.0279311 0.000320832
831 0.0278877 0.000348142
832 0.0281047 0.000328639
833 0.0284751 0.000311289
834 0.0285417 0.00033296
835 0.0282552 0.000319593
836 0.0280874 0.000323798
837 0.0281279 0.000340839
838 0.028206 0.000350534
839 0.0280671 0.000336934
840 0.0281655 0.000357397
841 0.0282957 0.000328352
842 0.0283883 0.000317499
843 0.0286921 0.000322004
844 0.0287529 0.000337512
845 0.0288947 0.000308003
846 0.028533 0.000314035
847 0.0285475 0.000321406
848 0.0287905 0.00032194
849 0.0287963 0.000325672
850 0.0286053 0.000309305
851 0.0284606 0.000301158
852 0.0283218 0.000305103
853 0.0283912 0.000316736
854 0.0282407 0.000309422
855 0.0285069 0.000282213
856 0.0286256 0.000306148
857 0.0287587 0.000292071
858 0.0284954 0.000295932
859 0.0283825 0.00030045
860 0.0285301 0.000297981
861 0.0287645 0.000334646
862 0.028452 0.000309039
863 0.0284144 0.000320088
864 0.0282899 0.000308294
865 0.0281944 0.000297199
866 0.0279687 0.000305495
867 0.0281163 0.000327131
868 0.0277575 0.000344641
869 0.0277894 0.000311828
870 0.0279485 0.000325772
871 0.0280758 0.000310919
872 0.0278385 0.000287786
873 0.0279659 0.000290807
874 0.027526 0.000306884
875 0.0278675 0.000317399
876 0.0279051 0.000353449
877 0.0277662 0.000323297
878 0.0276678 0.000330854
879 0.027717 0.00031175
880 0.0278154 0.000307393
881 0.027934 0.000313096
882 0.0280006 0.000310908
883 0.0279167 0.000328598
884 0.0280787 0.000295421
885 0.0281858 0.000272736
886 0.0279803 0.000273668
887 0.0281047 0.000288016
888 0.0281337 0.000256205
889 0.0280324 0.000306418
890 0.0278414 0.000310387
891 0.0279774 0.000305499
892 0.0279919 0.000321708
893 0.0278848 0.000314501
894 0.0281742 0.000327823
895 0.0282668 0.000343399
896 0.0281192 0.000318381
897 0.0283015 0.000313818
898 0.0281973 0.000303404
899 0.0280845 0.000318827
900 0.0282031 0.000332477
901 0.0285156 0.000337458
902 0.0278675 0.000338042
903 0.0282321 0.000307322
904 0.0285388 0.000332791
905 0.0286024 0.000347337
906 0.0285098 0.000318764
907 0.0281771 0.000306181
908 0.0281221 0.000282775
909 0.0280845 0.000279237
910 0.0281076 0.00030793
911 0.028151 0.000284803
912 0.0277431 0.000291902
913 0.0279456 0.000279574
914 0.027772 0.000300034
915 0.0281105 0.000307733
916 0.0282407 0.000296177
917 0.0282813 0.000293377
918 0.0281713 0.000295177
919 0.0279427 0.000284145
920 0.0282321 0.000270612
921 0.0277112 0.00029073
922 0.0277691 0.000304342
923 0.0277865 0.000300131
924 0.0278675 0.000284664
925 0.0279543 0.000285539
926 0.0282668 0.000313364
927 0.0285619 0.00030319
928 0.0286863 0.000316688
929 0.0284693 0.000285861
930 0.0283709 0.000295633
931 0.0279774 0.000321757
932 0.0280006 0.000307197
933 0.0281395 0.00033129
934 0.0284722 0.00034616
935 0.0285127 0.000329885
936 0.0286256 0.000326348
937 0.0287269 0.000340462
938 0.028478 0.00033892
939 0.0283478 0.000344709
940 0.0283478 0.000303064
941 0.0285764 0.000330396
942 0.028151 0.000326058
943 0.0282118 0.000319992
944 0.0283941 0.000311568
945 0.0282031 0.000281088
946 0.0277778 0.00029226
947 0.0278819 0.000305089
948 0.0277836 0.000286911
949 0.0281134 0.000331106
950 0.0280411 0.000352936
951 0.0278733 0.000312818
952 0.0277662 0.000302893
953 0.0279311 0.000309678
954 0.0278906 0.000315657
955 0.0282089 0.000308251
956 0.028099 0.000308331
957 0.0276968 0.000295688
958 0.0282552 0.000290356
959 0.0279803 0.000278851
960 0.0282205 0.000269842
961 0.0281742 0.000298914
962 0.0280787 0.000290332
963 0.0282465 0.000298454
964 0.0281568 0.000296929
965 0.0281105 0.000322609
966 0.0283912 0.000323381
967 0.0285503 0.000327003
968 0.0284751 0.00031999
969 0.0286545 0.000307353
970 0.0284606 0.000299765
971 0.0282523 0.000286395
972 0.0282726 0.000350296
973 0.0283999 0.000335434
974 0.0278935 0.000302305
975 0.0280729 0.000318506
976 0.0278964 0.000325695
977 0.0278443 0.000288184
978 0.0279977 0.000291679
979 0.0287674 0.00031151
980 0.0285475 0.000323664
981 0.0285532 0.000292133
982 0.0282899 0.000262787
983 0.027908 0.000279393
984 0.0281105 0.000291066
985 0.0276534 0.00030138
986 0.0275955 0.000296844
987 0.0276331 0.000321159
988 0.027691 0.000322079
989 0.0278299 0.000321556
990 0.0279919 0.000320273
991 0.0284491 0.000283464
992 0.028342 0.000286056
993 0.0286834 0.000311102
994 0.0286632 0.000326414
995 0.0288715 0.000359722
996 0.0288252 0.000323795
997 0.0293056 0.000308094
998 0.0286487 0.000312487
999 0.0283478 0.000294034
1000 0.0280064 0.00031577
1001 0.0278356 0.000321445
1002 0.0280469 0.00032142
1003 0.0279051 0.000348271
1004 0.0278414 0.0003238
1005 0.0278559 0.000320961
1006 0.0279427 0.000305829
1007 0.0280064 0.000297644
1008 0.0283565 0.000304622
1009 0.0279688 0.000273785
1010 0.0284115 0.000303271
1011 0.0281134 0.000309435
1012 0.0282697 0.000297052
1013 0.0277922 0.000298395
1014 0.0281192 0.000280107
1015 0.0280584 0.000331283
1016 0.0278906 0.000312163
1017 0.0282523 0.000341517
1018 0.0280758 0.000330878
1019 0.0277778 0.000334098
1020 0.0278299 0.000329351
1021 0.0283825 0.000341849
1022 0.0283275 0.000304897
1023 0.0281973 0.000308059
1024 0.0281858 0.000306282
1025 0.0284404 0.000337804
1026 0.0281916 0.000301658
1027 0.0274479 0.000308283
1028 0.0272135 0.000296773
1029 0.0275868 0.000293788
1030 0.0276389 0.000287765
1031 0.0275231 0.000301404
1032 0.0272078 0.000319656
1033 0.0277431 0.0003223
1034 0.0279456 0.000299162
1035 0.0277778 0.000328386
1036 0.0282639 0.000307392
1037 0.0283362 0.000304173
1038 0.027798 0.00031283
1039 0.0275868 0.000311762
1040 0.0275521 0.000283232
1041 0.0275666 0.000298404
1042 0.0276215 0.000302239
1043 0.0278877 0.00031795
1044 0.027691 0.000302923
1045 0.0279109 0.000287871
1046 0.0278848 0.00030059
1047 0.0275463 0.000304072
1048 0.0276505 0.000335936
1049 0.0274277 0.000331348
1050 0.0277836 0.000294627
1051 0.0281597 0.000299026
1052 0.0284578 0.000277489
1053 0.0281395 0.000292672
1054 0.0278964 0.000318468
1055 0.0281944 0.000293799
1056 0.0279774 0.000312999
1057 0.027798 0.000299625
1058 0.0281829 0.000340371
1059 0.0283362 0.000307703
1060 0.0285619 0.000308284
1061 0.0287326 0.000307993
1062 0.0285475 0.00030425
1063 0.0286863 0.000320028
1064 0.0287471 0.000306861
1065 0.028533 0.000302575
1066 0.0281019 0.000302596
1067 0.0279369 0.000270893
1068 0.0282176 0.000282618
1069 0.0280093 0.000302996
1070 0.0279138 0.000313814
1071 0.0280903 0.000315357
1072 0.0281887 0.000291996
1073 0.0280527 0.00029803
1074 0.0281308 0.000304092
1075 0.0282089 0.000318247
1076 0.0287587 0.000304561
1077 0.0282407 0.000280049
1078 0.0280498 0.000300691
1079 0.0279543 0.000327954
1080 0.0278877 0.000332646
1081 0.0278964 0.000325206
1082 0.02807 0.000304232
1083 0.0277199 0.000263887
1084 0.0277459 0.000293492
1085 0.0276273 0.00028729
1086 0.027581 0.000309609
1087 0.02807 0.000316321
1088 0.0280064 0.00032998
1089 0.028125 0.000335349
1090 0.0282031 0.000333357
1091 0.0280179 0.000340171
1092 0.028151 0.000329176
1093 0.0277807 0.000316083
1094 0.0278212 0.000286524
1095 0.0277488 0.000266727
1096 0.0277257 0.000286266
1097 0.0275955 0.000301295
1098 0.0274219 0.000291659
1099 0.0273524 0.000311949
1100 0.0277025 0.000330489
1101 0.0280556 0.000325319
1102 0.0278819 0.000283142
1103 0.0281626 0.000296484
1104 0.0283999 0.000324188
1105 0.028423 0.000328583
1106 0.0284722 0.000345385
1107 0.0283883 0.000325752
1108 0.0286053 0.000325115
1109 0.0282581 0.000298668
1110 0.0278762 0.000307426
1111 0.0280932 0.000301812
1112 0.0281655 0.00031549
1113 0.0283073 0.00032608
1114 0.0281395 0.000336879
1115 0.0280382 0.000321246
1116 0.0284433 0.000286142
1117 0.0284578 0.000306779
1118 0.0288021 0.000291177
1119 0.02875 0.000285908
1120 0.0281713 0.000303015
1121 0.0284404 0.000301057
1122 0.0283218 0.000304086
1123 0.0277662 0.000310617
1124 0.0283275 0.000321081
1125 0.028261 0.000319352
1126 0.0282176 0.000300981
1127 0.0281684 0.000283557
1128 0.0280266 0.000286074
1129 0.0289641 0.000312384
1130 0.0286227 0.000313751
1131 0.02864 0.00030802
1132 0.0283478 0.000299032
1133 0.0280179 0.000307818
1134 0.0280932 0.000327898
1135 0.0286285 0.000313326
1136 0.0283333 0.000311134
1137 0.0283391 0.000301608
1138 0.028206 0.000290045
1139 0.0281337 0.000295113
1140 0.0283854 0.000284007
1141 0.0282378 0.000277091
1142 0.0284028 0.000263786
1143 0.0283015 0.000288433
1144 0.028151 0.000293147
1145 0.0279138 0.000287148
1146 0.0279282 0.000300647
1147 0.0282928 0.000302158
1148 0.0283565 0.000305199
1149 0.0281076 0.000331347
1150 0.0282378 0.000317635
1151 0.028316 0.00030812
1152 0.028886 0.0003067
1153 0.0285561 0.000312642
1154 0.0283681 0.000307075
1155 0.0283594 0.000299107
1156 0.0280527 0.0003131
1157 0.0283015 0.000326116
1158 0.0282813 0.000320491
1159 0.0280874 0.000303484
1160 0.0281713 0.000304558
1161 0.028206 0.000315566
1162 0.0286487 0.000332905
1163 0.0285012 0.000345352
1164 0.0284404 0.000332609
1165 0.0285185 0.000330408
1166 0.0283131 0.000325683
1167 0.0283738 0.000301913
1168 0.0282147 0.000305605
1169 0.0280758 0.000286155
1170 0.0285735 0.000335733
1171 0.0287269 0.00031898
1172 0.0284028 0.000330862
1173 0.0285475 0.000331839
1174 0.0284491 0.000341278
1175 0.0280613 0.000317286
1176 0.0279601 0.000312802
1177 0.0282813 0.000340504
1178 0.0281134 0.000308187
1179 0.0282292 0.000302781
1180 0.0280932 0.000269358
1181 0.0281771 0.000300244
1182 0.0282292 0.000303333
1183 0.0283681 0.000291263
1184 0.0281308 0.000292242
1185 0.0284201 0.000274006
1186 0.0282523 0.000295347
1187 0.0281453 0.000315559
1188 0.0280584 0.000320989
1189 0.0282581 0.000326369
1190 0.0279167 0.000297521
1191 0.0276997 0.00030726
1192 0.0277054 0.000323024
1193 0.0284867 0.000312565
1194 0.0283189 0.000307856
1195 0.028478 0.000311206
1196 0.0284172 0.000282491
1197 0.0283623 0.000278109
1198 0.0284404 0.00030823
1199 0.0283218 0.000266084
1200 0.0282378 0.000269431
1201 0.0279514 0.000292689
1202 0.028235 0.000292139
1203 0.0281829 0.00029646
1204 0.0280642 0.000282258
1205 0.0278125 0.000274061
1206 0.0276823 0.000278165
1207 0.0278559 0.000301317
1208 0.0281337 0.000300232
1209 0.0283304 0.000291884
1210 0.0284317 0.000293624
1211 0.0286343 0.000306466
1212 0.0285561 0.000314697
1213 0.0281366 0.000332358
1214 0.0281337 0.000299478
1215 0.0278877 0.000291376
1216 0.0280093 0.000302637
1217 0.0279861 0.00029208
1218 0.0280671 0.000343017
1219 0.0279282 0.000323867
1220 0.0278704 0.000340172
1221 0.0277604 0.000325437
1222 0.0279832 0.000301418
1223 0.0278212 0.000304212
1224 0.0278414 0.000315098
1225 0.0279745 0.000306592
1226 0.0275839 0.000320137
1227 0.0276939 0.000308528
1228 0.0276476 0.000299161
1229 0.0280642 0.000296267
1230 0.0281858 0.000313763
1231 0.0283304 0.000308615
1232 0.0280584 0.00030658
1233 0.0280874 0.00028968
1234 0.027934 0.000299679
1235 0.0282089 0.000283255
1236 0.0278906 0.00029682
1237 0.0282639 0.000283769
1238 0.0283594 0.000277743
1239 0.0283623 0.000267239
1240 0.0283883 0.00027545
1241 0.0287616 0.000274341
1242 0.0286314 0.000285871
1243 0.0279572 0.000280692
1244 0.0279311 0.000290684
1245 0.0279774 0.000292077
1246 0.0280816 0.000307606
1247 0.0283623 0.000312366
1248 0.0282697 0.000300583
1249 0.0280729 0.000291925
1250 0.0283449 0.000309564
1251 0.0281308 0.000297889
1252 0.0282986 0.000297484
1253 0.0285619 0.000349498
1254 0.0285475 0.000332947
1255 0.0283333 0.0003408
1256 0.0281308 0.000317138
1257 0.0282841 0.000317429
1258 0.028452 0.000310957
1259 0.028452 0.00033611
1260 0.0285243 0.000325701
1261 0.0283594 0.000321215
1262 0.0280324 0.000304334
1263 0.0282812 0.000295141
1264 0.0282378 0.000299482
1265 0.0282784 0.000303247
1266 0.0281597 0.000315564
1267 0.0285995 0.000321926
1268 0.0282523 0.000298982
1269 0.0280932 0.000287957
1270 0.0283507 0.000301546
1271 0.0284578 0.000296848
1272 0.028099 0.000310253
1273 0.0282755 0.000296254
1274 0.0282407 0.000278189
1275 0.0283767 0.000305363
1276 0.0280961 0.000348394
1277 0.0279659 0.00034906
1278 0.0280845 0.00032566
1279 0.0280237 0.000318377
1280 0.0280006 0.000283941
1281 0.0279774 0.000307385
1282 0.028015 0.000307737
1283 0.0277228 0.000305792
1284 0.0274277 0.000308039
1285 0.027963 0.00034379
1286 0.0281916 0.000324418
1287 0.0280035 0.000348515
1288 0.0284664 0.000314401
1289 0.0280353 0.000315277
1290 0.0281742 0.000326979
1291 0.0281713 0.000301519
1292 0.0279167 0.000281916
1293 0.0279716 0.000295778
1294 0.02807 0.000316533
1295 0.0279688 0.000314036
1296 0.0281134 0.000290655
1297 0.0284346 0.000305201
1298 0.0281395 0.000344035
1299 0.0280584 0.000333248
1300 0.027934 0.000346166
1301 0.0279745 0.000315873
1302 0.0282957 0.000340593
1303 0.0284115 0.000316854
1304 0.0285764 0.000302704
1305 0.0284751 0.0002981
1306 0.0283796 0.000310748
1307 0.028015 0.000317301
1308 0.0279716 0.000323493
1309 0.0277749 0.000291068
1310 0.0278154 0.000305973
1311 0.0278385 0.000306031
1312 0.0281047 0.00029939
1313 0.0282089 0.000288932
1314 0.028261 0.000259306
1315 0.028423 0.000320848
1316 0.0281829 0.000303051
1317 0.0282031 0.000316453
1318 0.0285098 0.000316312
1319 0.0280556 0.00028135
1320 0.0280584 0.000281911
1321 0.0282928 0.000289594
1322 0.0284983 0.000311664
1323 0.0285619 0.000310287
1324 0.028099 0.000298788
1325 0.0277604 0.000295985
1326 0.027908 0.000294621
1327 0.0278443 0.000280469
1328 0.0277894 0.000278108
1329 0.0279138 0.000329534
1330 0.0280093 0.000320846
1331 0.0278559 0.000326572
1332 0.0280035 0.000336662
1333 0.0279948 0.000347915
1334 0.0282031 0.000343256
1335 0.0283796 0.000320562
1336 0.0282176 0.000321818
1337 0.0282176 0.00032148
1338 0.0282841 0.000301937
1339 0.0284722 0.00032062
1340 0.0280874 0.00030508
1341 0.0283247 0.000310307
1342 0.0280006 0.000302556
1343 0.0276476 0.000307796
1344 0.0280237 0.000290231
1345 0.0278038 0.00030268
1346 0.0277894 0.000305206
1347 0.0281192 0.000305306
1348 0.0279977 0.000328583
1349 0.028287 0.000342384
1350 0.0280584 0.000332191
1351 0.0282697 0.000349593
1352 0.0281916 0.000340928
1353 0.027827 0.000343551
1354 0.0280874 0.000331288
1355 0.0278935 0.000307848
1356 0.028099 0.000286018
1357 0.02807 0.000297864
1358 0.0282147 0.000280134
1359 0.0291117 0.000344003
1360 0.0287529 0.000331
1361 0.0285938 0.000337015
1362 0.028831 0.000340904
1363 0.0288657 0.00036375
1364 0.0287529 0.000359797
1365 0.0287442 0.000334853
1366 0.028724 0.000322833
1367 0.0285503 0.000326208
1368 0.0286372 0.000326018
1369 0.0287616 0.000322901
1370 0.0287442 0.000308269
1371 0.0282957 0.000293794
1372 0.028342 0.000298432
1373 0.028151 0.000290767
1374 0.0282784 0.000271243
1375 0.028261 0.000257849
1376 0.0284433 0.000312759
1377 0.0284896 0.000316289
1378 0.0285648 0.000329693
1379 0.0277141 0.000328192
1380 0.0277575 0.000327194
1381 0.0277778 0.000320959
1382 0.0279138 0.00033375
1383 0.0280208 0.000331317
1384 0.0279948 0.000317279
1385 0.0281019 0.000350562
1386 0.028261 0.000308904
1387 0.0277459 0.000292434
1388 0.0274161 0.000313367
1389 0.0276881 0.000335181
1390 0.027853 0.000346299
1391 0.0277691 0.000342744
1392 0.0281105 0.000321621
1393 0.028044 0.000318466
1394 0.0281684 0.000330514
1395 0.0281626 0.000343843
1396 0.0278733 0.000312336
1397 0.0280498 0.00030349
1398 0.0282465 0.000303186
1399 0.0278675 0.000298924
1400 0.0279311 0.000310515
1401 0.0278356 0.000308011
1402 0.0275463 0.00030714
1403 0.0275839 0.000303352
1404 0.0276331 0.000302166
1405 0.0278906 0.000306014
1406 0.0280382 0.000311346
1407 0.0280469 0.000303328
1408 0.0279543 0.000315622
1409 0.027853 0.000313777
1410 0.027636 0.000323078
1411 0.0278241 0.0003361
1412 0.027798 0.000313151
1413 0.0276765 0.00030456
1414 0.0279485 0.000302034
1415 0.0278125 0.000309255
1416 0.0279109 0.000329809
1417 0.0278414 0.000329236
1418 0.028151 0.000316811
1419 0.0279948 0.000343629
1420 0.0281019 0.000341611
1421 0.0281279 0.000327919
1422 0.0280642 0.00033467
1423 0.0282205 0.000340489
1424 0.027989 0.000320587
1425 0.0280122 0.000318435
1426 0.0284115 0.000315238
1427 0.0282292 0.00032205
1428 0.0278791 0.000314966
1429 0.0280758 0.000329585
1430 0.0278299 0.000309645
1431 0.0276042 0.000307966
1432 0.0279282 0.00030306
1433 0.0278877 0.000283245
1434 0.0281192 0.000279208
1435 0.0278328 0.000293554
1436 0.0277662 0.000308508
1437 0.0277749 0.000306672
1438 0.0278212 0.000304734
1439 0.0279688 0.000290002
1440 0.0277604 0.000310966
1441 0.0279282 0.000313356
1442 0.0277459 0.000317763
1443 0.0283594 0.000323035
1444 0.0284346 0.000314469
1445 0.02864 0.000290449
1446 0.028397 0.00031711
1447 0.0286372 0.000330887
1448 0.0282697 0.000314414
1449 0.0283623 0.000307612
1450 0.0284028 0.000316082
1451 0.0282378 0.000295542
1452 0.0282668 0.000309249
1453 0.0282697 0.000288008
1454 0.0279051 0.000293619
1455 0.0282986 0.000310808
1456 0.0283333 0.000283184
1457 0.0281134 0.000306034
1458 0.0279659 0.000296961
1459 0.0278414 0.000315258
1460 0.0277575 0.000320419
1461 0.0277865 0.000290405
1462 0.0274884 0.000270654
1463 0.027636 0.000284787
1464 0.027963 0.000290517
1465 0.0278356 0.000314201
1466 0.0277691 0.000274121
1467 0.027772 0.000315406
1468 0.027798 0.00030634
1469 0.0279398 0.000296541
1470 0.027717 0.000312447
1471 0.0275318 0.000316266
1472 0.0277778 0.000284066
1473 0.0279369 0.000303459
1474 0.027963 0.000314619
1475 0.0280613 0.000328028
1476 0.0280382 0.000314396
1477 0.0275984 0.000318081
1478 0.0278328 0.000305079
1479 0.0279572 0.000313975
1480 0.0279109 0.000309754
1481 0.0281771 0.000297133
1482 0.0284028 0.000299908
1483 0.0283883 0.00032498
1484 0.0286256 0.000327271
1485 0.0286719 0.000309545
1486 0.0285764 0.000302621
1487 0.0282841 0.000320787
1488 0.0281221 0.000310519
1489 0.0280498 0.000282249
1490 0.028044 0.000310478
1491 0.027934 0.000321956
1492 0.0280411 0.000332513
1493 0.0280787 0.000320461
1494 0.0280671 0.000318961
1495 0.0282176 0.000305043
1496 0.0284809 0.000315928
1497 0.0285937 0.00032327
1498 0.0284635 0.000329716
1499 0.0282697 0.000301056
1500 0.028015 0.000295156
1501 0.0284028 0.000293588
1502 0.0282899 0.000316839
1503 0.0283015 0.000321123
1504 0.0281337 0.000314585
1505 0.0282407 0.000309124
1506 0.0278762 0.000306662
1507 0.0277662 0.000298718
1508 0.0277691 0.000319926
1509 0.0281944 0.000315404
1510 0.0281916 0.000330478
1511 0.0281887 0.000328915
1512 0.027963 0.000332474
1513 0.0281887 0.000322411
1514 0.0285648 0.000311813
1515 0.0283015 0.000310977
1516 0.0283449 0.000329352
1517 0.0281105 0.000327605
1518 0.0281742 0.00032067
1519 0.0279225 0.00030744
1520 0.0280671 0.000309692
1521 0.027963 0.000290747
1522 0.0281047 0.000330037
1523 0.028261 0.000323157
1524 0.0279138 0.000342565
1525 0.0282523 0.000337795
1526 0.0282031 0.000340046
1527 0.0281047 0.000334697
1528 0.02818 0.000325623
1529 0.0280208 0.000327377
1530 0.0278385 0.00030935
1531 0.0276794 0.000312102
1532 0.0278762 0.000319944
1533 0.0276997 0.000327468
1534 0.0278993 0.000299842
1535 0.0278877 0.000315757
1536 0.0280324 0.000335877
1537 0.0281771 0.000312675
1538 0.0281076 0.0003041
1539 0.0281337 0.000300092
1540 0.0284751 0.00030731
1541 0.0283767 0.000308988
1542 0.0283044 0.000295467
1543 0.0280961 0.000338917
1544 0.0283825 0.000304409
1545 0.0285764 0.000303008
1546 0.0287674 0.000320231
1547 0.0284664 0.000307045
1548 0.0284259 0.000312279
1549 0.028316 0.00028385
1550 0.0285648 0.000287534
1551 0.0283275 0.00029829
1552 0.0284664 0.000320546
1553 0.0280411 0.00031247
1554 0.0283102 0.000316973
1555 0.0284433 0.000328581
1556 0.0281597 0.000310104
1557 0.02818 0.000301401
1558 0.0277286 0.000313904
1559 0.0281192 0.000292334
1560 0.0278848 0.000295591
1561 0.0279774 0.000292764
1562 0.0282002 0.000314448
1563 0.027772 0.000301676
1564 0.0277141 0.000310899
1565 0.0275231 0.000323458
1566 0.0278154 0.000318022
1567 0.0277749 0.000281327
1568 0.0277807 0.00028204
1569 0.0273987 0.000306721
1570 0.0279167 0.000333303
1571 0.0273872 0.000302058
1572 0.0275203 0.000305348
1573 0.0278704 0.000296655
1574 0.0278067 0.000335265
1575 0.0280035 0.000337656
1576 0.0281134 0.000348573
1577 0.0280527 0.000355242
1578 0.0279456 0.000334468
1579 0.0280266 0.00032791
1580 0.0281568 0.000339475
1581 0.028015 0.000332732
1582 0.0279745 0.000307547
1583 0.0280845 0.000328604
1584 0.0279225 0.000318725
1585 0.0278096 0.000316364
1586 0.0276765 0.000350329
1587 0.0277373 0.000322815
1588 0.0279977 0.000306214
1589 0.0277344 0.000321057
1590 0.0277286 0.000323519
1591 0.0278762 0.00032078
1592 0.0279196 0.000303571
1593 0.0283275 0.000301
1594 0.0285503 0.000288972
1595 0.028614 0.00032057
1596 0.0284057 0.000325223
1597 0.0285764 0.000321065
1598 0.028695 0.000343892
1599 0.0286285 0.000342778
1600 0.0284867 0.000343523
1601 0.0286603 0.000323749
1602 0.0283883 0.000340922
1603 0.0278993 0.000311026
1604 0.0278009 0.000310856
1605 0.0274219 0.000288862
1606 0.0275376 0.000292103
1607 0.0279311 0.000296586
1608 0.0278588 0.000308031
1609 0.0282784 0.000303743
1610 0.0283362 0.000300601
1611 0.0283131 0.000311733
1612 0.0280961 0.000306103
1613 0.0282436 0.000310756
1614 0.0284201 0.000327613
1615 0.0286256 0.00034829
1616 0.0287963 0.000331835
1617 0.0285359 0.000333551
1618 0.0285012 0.000339238
1619 0.0287326 0.000341362
1620 0.0286458 0.000311803
1621 0.0283999 0.000311545
1622 0.0283189 0.000327593
1623 0.0282668 0.000333303
1624 0.0287008 0.000305106
1625 0.0284751 0.000313113
1626 0.0282494 0.000316042
1627 0.0283391 0.000336633
1628 0.0281163 0.00031649
1629 0.0282494 0.000321166
1630 0.0279688 0.000284728
1631 0.0278819 0.000282164
1632 0.0282784 0.000295302
1633 0.0280093 0.000295243
1634 0.0280237 0.000306451
1635 0.0277459 0.000328516
1636 0.0278588 0.000324729
1637 0.0279138 0.000321067
1638 0.0277141 0.000308601
1639 0.0279601 0.000313123
1640 0.0279485 0.000343754
1641 0.0282176 0.000304438
1642 0.0279601 0.0002969
1643 0.0277373 0.000305382
1644 0.0276678 0.000316392
1645 0.0276881 0.000321045
1646 0.0278877 0.000368516
1647 0.0278646 0.000323013
1648 0.0282176 0.000299224
1649 0.0278848 0.000298634
1650 0.0276997 0.000295113
1651 0.027908 0.000299385
1652 0.0278791 0.000295179
1653 0.0280237 0.000329973
1654 0.0282494 0.000302948
1655 0.0279369 0.000286806
1656 0.0278154 0.000290015
1657 0.0273929 0.000313451
1658 0.0275203 0.000296952
1659 0.0272049 0.000292727
1660 0.0276591 0.000293971
1661 0.0279745 0.000284143
1662 0.0280932 0.000302034
1663 0.0278964 0.0003063
1664 0.028125 0.000301009
1665 0.0284144 0.000315371
1666 0.0287992 0.000336125
1667 0.0285909 0.000314111
1668 0.0280064 0.000321915
1669 0.0283623 0.000322234
1670 0.0281829 0.000314015
1671 0.0281944 0.000292371
1672 0.0277604 0.000337932
1673 0.0281019 0.000305761
1674 0.0281019 0.000316604
1675 0.0281337 0.000314452
1676 0.028044 0.000304763
1677 0.0283044 0.000328477
1678 0.0282436 0.000318658
1679 0.0278501 0.00031219
1680 0.0280208 0.00032118
1681 0.0280527 0.000293501
1682 0.0277575 0.000317927
1683 0.0278009 0.000322333
1684 0.0280787 0.000309781
1685 0.0281395 0.000322687
1686 0.0282494 0.000314528
1687 0.0279774 0.000286579
1688 0.028342 0.000307034
1689 0.02807 0.000309471
1690 0.0282523 0.000325732
1691 0.0286343 0.000304657
1692 0.0283189 0.000323011
1693 0.0282234 0.000317496
1694 0.0284259 0.000301308
1695 0.0288108 0.00027662
1696 0.0286748 0.000296403
1697 0.0283825 0.000275262
1698 0.0281453 0.000287049
1699 0.027908 0.000289836
1700 0.0279774 0.000315477
1701 0.0279803 0.000324556
1702 0.0280237 0.000286719
1703 0.027798 0.000297887
1704 0.0280584 0.000338261
1705 0.0285561 0.000308816
1706 0.028044 0.000311448
1707 0.0281453 0.000307251
1708 0.0281539 0.000314121
1709 0.0282176 0.000299922
1710 0.0283478 0.000289472
1711 0.0286748 0.000303521
1712 0.0285706 0.000294137
1713 0.0284954 0.000308563
1714 0.0285243 0.000300734
1715 0.0286256 0.000269061
1716 0.0286024 0.000308774
1717 0.0283623 0.000317866
1718 0.0281626 0.000309147
1719 0.0282928 0.000304229
1720 0.0286603 0.000306642
1721 0.0287124 0.000336165
1722 0.0288976 0.000331615
1723 0.0287992 0.000331763
1724 0.0284028 0.000304342
1725 0.0286661 0.000300127
1726 0.0287124 0.000301502
1727 0.0287471 0.000291008
1728 0.028724 0.000292462
1729 0.0287413 0.000311638
1730 0.028695 0.00031788
1731 0.0291117 0.000313866
1732 0.028912 0.000321266
1733 0.0286545 0.000329009
1734 0.0286892 0.000330514
1735 0.0284838 0.000324037
1736 0.0283304 0.000314154
1737 0.0280903 0.00032312
1738 0.0283073 0.000318993
1739 0.0284693 0.000313466
1740 0.0286661 0.000309683
1741 0.0285822 0.000335184
1742 0.0284838 0.000309121
1743 0.0285648 0.000318797
1744 0.0281858 0.000327728
1745 0.0278154 0.000321505
1746 0.0282002 0.000313408
1747 0.0279398 0.000303517
1748 0.0279369 0.000300046
1749 0.0281626 0.000290407
1750 0.0278993 0.000311779
1751 0.0277402 0.000313568
1752 0.0280237 0.000317613
1753 0.0281916 0.00033265
1754 0.0284375 0.000316248
1755 0.0283854 0.000314556
1756 0.0282205 0.000293787
1757 0.0284896 0.000285016
1758 0.0284201 0.00030594
1759 0.0278964 0.000304051
1760 0.028151 0.000290191
1761 0.0281597 0.000285446
1762 0.0286227 0.000301198
1763 0.0283854 0.000311453
1764 0.0284983 0.000315349
1765 0.0283391 0.000317406
1766 0.0282031 0.000311869
1767 0.0282928 0.000316979
1768 0.0279485 0.000318652
1769 0.0281105 0.000338564
1770 0.0286777 0.000318053
1771 0.0285069 0.00030271
1772 0.0284896 0.000292983
1773 0.0282407 0.000304127
1774 0.0282899 0.000309946
1775 0.0284201 0.000317964
1776 0.0284404 0.000275042
1777 0.0284144 0.000280049
1778 0.0285475 0.000306061
1779 0.0285909 0.000296308
1780 0.0289641 0.000290843
1781 0.0291146 0.000316057
1782 0.0291291 0.000327224
1783 0.0286169 0.000317541
1784 0.0287674 0.000315649
1785 0.0285359 0.000309219
1786 0.0287703 0.000302683
1787 0.0284693 0.000295085
1788 0.0285851 0.000309242
1789 0.0283536 0.000291643
1790 0.0279919 0.000291191
1791 0.0280411 0.000329655
1792 0.0281134 0.000331409
1793 0.0277749 0.000283018
1794 0.0279138 0.000305074
1795 0.028287 0.000308475
1796 0.028316 0.000308039
1797 0.0279282 0.000280208
1798 0.0282176 0.000301259
1799 0.0280787 0.000334973
1800 0.0283652 0.000310083
1801 0.0281076 0.000291849
1802 0.0279253 0.000278164
1803 0.0279977 0.000278162
1804 0.0279398 0.000279806
1805 0.0276939 0.000280289
1806 0.0277749 0.000314356
1807 0.0275781 0.00032574
1808 0.0279253 0.00032782
1809 0.0279803 0.000319171
1810 0.0282552 0.000342042
1811 0.0281626 0.000336757
1812 0.027989 0.000306733
1813 0.0274855 0.000306153
1814 0.0275087 0.00030695
1815 0.027636 0.000299741
1816 0.0276331 0.000313588
1817 0.0276852 0.000319484
1818 0.0274537 0.000331284
1819 0.0276273 0.000301176
1820 0.02761 0.000304268
1821 0.0275376 0.000314783
1822 0.0274537 0.000321979
1823 0.0274392 0.000313353
1824 0.0278877 0.000327011
1825 0.0276157 0.000293105
1826 0.0276042 0.000296045
1827 0.0278038 0.000314855
1828 0.0277691 0.000315499
1829 0.0283391 0.000284965
1830 0.0279514 0.000289641
1831 0.0283449 0.000310671
1832 0.028261 0.000323907
1833 0.0285938 0.000315352
1834 0.0285388 0.000319362
1835 0.0282031 0.000329441
1836 0.0283507 0.000300266
1837 0.0279601 0.000327422
1838 0.0280642 0.000318756
1839 0.027853 0.000329931
1840 0.0279369 0.000317033
1841 0.0275289 0.000311543
1842 0.0273987 0.000322164
1843 0.0279572 0.000343786
1844 0.0275752 0.00032168
1845 0.0274769 0.000310644
1846 0.0278877 0.000311405
1847 0.028099 0.000322064
1848 0.0281134 0.000310434
1849 0.0283073 0.000313993
1850 0.0279601 0.000312882
1851 0.0280411 0.000326003
1852 0.0285041 0.000321753
1853 0.0284664 0.000291088
1854 0.0283189 0.000336568
1855 0.0281829 0.000315796
1856 0.0281568 0.000300266
1857 0.0281829 0.000317251
1858 0.0284317 0.000297111
1859 0.0284664 0.000318791
1860 0.0285127 0.000330316
1861 0.0287992 0.00032565
1862 0.0286082 0.000295619
1863 0.0286169 0.000307549
1864 0.0287008 0.000322917
1865 0.0286285 0.000285855
1866 0.0286285 0.000277684
1867 0.0286661 0.000297127
1868 0.0280122 0.000271517
1869 0.0281539 0.00028326
1870 0.0280874 0.000287154
1871 0.0281019 0.000307154
1872 0.0285677 0.000313465
1873 0.0287095 0.000296932
1874 0.0285127 0.0002814
1875 0.0282552 0.000305283
1876 0.0287847 0.000341517
1877 0.0286227 0.000333038
1878 0.0288802 0.00033509
1879 0.0285735 0.000324214
1880 0.0286169 0.000318278
1881 0.0283738 0.000325043
1882 0.0284925 0.000300233
1883 0.0281626 0.000303407
1884 0.0277373 0.000323178
1885 0.0278906 0.000323076
1886 0.0276563 0.000314533
1887 0.0278617 0.00028995
1888 0.027989 0.000304569
1889 0.0275405 0.000302081
1890 0.0273727 0.000322823
1891 0.0269676 0.000277526
1892 0.0275405 0.000302025
1893 0.0277025 0.000287341
1894 0.0279688 0.000283933
1895 0.0279398 0.000306946
1896 0.0281047 0.000276295
1897 0.028099 0.000290375
1898 0.0279745 0.000280346
1899 0.0277749 0.000287858
1900 0.027908 0.00031391
1901 0.0278964 0.00033377
1902 0.0276447 0.000360959
1903 0.0280498 0.000300245
1904 0.0274132 0.000307261
1905 0.0275116 0.000308558
1906 0.0279225 0.000316828
1907 0.0281944 0.000320982
1908 0.0281047 0.000324176
1909 0.0282494 0.000307937
1910 0.0283073 0.000303995
1911 0.0279253 0.000288129
1912 0.0283941 0.000303896
1913 0.0278328 0.000313765
1914 0.0279427 0.000307304
1915 0.0283536 0.000323078
1916 0.0283391 0.000322431
1917 0.0283247 0.000314062
1918 0.0284115 0.000299437
1919 0.0284549 0.000300772
1920 0.0281539 0.000276892
1921 0.0280295 0.00031033
1922 0.0277575 0.000302766
1923 0.0276939 0.000342749
1924 0.0276968 0.000331719
1925 0.0280932 0.000330948
1926 0.0281279 0.000294704
1927 0.0277431 0.000315022
1928 0.0278414 0.000310333
1929 0.0277402 0.000301869
1930 0.0281395 0.000328014
1931 0.0281742 0.000292
1932 0.0280266 0.000293556
1933 0.0283478 0.000285511
1934 0.0282002 0.000323788
1935 0.0284172 0.000301446
1936 0.0283189 0.000281697
1937 0.0283275 0.000285937
1938 0.0280903 0.000283125
1939 0.0283536 0.000304067
1940 0.028125 0.000305537
1941 0.0280353 0.000329914
1942 0.0280353 0.000308973
1943 0.0280932 0.000334421
1944 0.028423 0.000318438
1945 0.0284983 0.000298995
1946 0.0283218 0.000297743
1947 0.028099 0.000304808
1948 0.0281076 0.000306103
1949 0.0282118 0.0002963
1950 0.0280613 0.000289612
1951 0.0281019 0.000308921
1952 0.0278299 0.00030245
1953 0.0275203 0.000326214
1954 0.0281655 0.000339027
1955 0.0283102 0.00033989
1956 0.0283825 0.00033689
1957 0.0285012 0.000319329
1958 0.0284578 0.000311599
1959 0.028533 0.000328626
1960 0.0282668 0.000315441
1961 0.02818 0.000298077
1962 0.0280295 0.000327933
1963 0.0281568 0.000310087
1964 0.0282957 0.000315691
1965 0.0283362 0.000310115
1966 0.0283681 0.000345585
1967 0.0279659 0.000321413
1968 0.027963 0.000283043
1969 0.0278964 0.000305589
1970 0.02807 0.000334661
1971 0.0277604 0.000306573
1972 0.0283565 0.000343529
1973 0.0281366 0.000336016
1974 0.0281887 0.000315162
1975 0.0286314 0.000329135
1976 0.0283362 0.000322295
1977 0.028831 0.000309169
1978 0.0288802 0.00029222
1979 0.0285156 0.000291018
1980 0.027908 0.000312279
1981 0.0281366 0.000311796
1982 0.0279659 0.000292472
1983 0.027963 0.000284959
1984 0.0276302 0.000290992
1985 0.027908 0.000307306
1986 0.0278154 0.000350413
1987 0.0278183 0.000334107
1988 0.0279745 0.000318039
1989 0.0277257 0.000327975
1990 0.0280816 0.000314283
1991 0.0279745 0.000304317
1992 0.0279022 0.000312857
1993 0.0281019 0.000303425
1994 0.0285301 0.00031324
1995 0.0284346 0.000302915
1996 0.027989 0.000309288
1997 0.0276939 0.000321029
1998 0.0276302 0.000344385
1999 0.0281019 0.000307291
