1 0.440049 0.252826 0.0522375 0.00276041 0.0729139 1703.86 2.90461e+06 0.864158
0.99 0.437639 0.251621 0.0516261 0.00269674 0.0732755 1702.47 2.89987e+06 0.864171
0.98 0.435259 0.251712 0.0508188 0.00261348 0.0727164 1698.88 2.88764e+06 0.875348
0.97 0.432734 0.247157 0.050019 0.00253236 0.0723504 1696.04 2.87799e+06 0.881009
0.96 0.430016 0.24592 0.0494177 0.0024714 0.0702851 1695.05 2.87461e+06 0.875207
0.95 0.427654 0.246712 0.0485293 0.002384 0.0701137 1690.39 2.85883e+06 0.880647
0.94 0.425116 0.245016 0.0478192 0.00231552 0.0706998 1688.54 2.85256e+06 0.88565
0.93 0.422744 0.239401 0.0471409 0.00225054 0.0700487 1686.13 2.84441e+06 0.87731
0.92 0.420193 0.245319 0.0463637 0.00217752 0.0699462 1683.41 2.83527e+06 0.894132
0.91 0.417731 0.238878 0.0457019 0.00211571 0.0684745 1681.24 2.82788e+06 0.862602
0.9 0.415484 0.238925 0.0451864 0.00206827 0.0677264 1680.34 2.82486e+06 0.878619
0.89 0.413042 0.233654 0.0443513 0.00199286 0.0668479 1676.89 2.81328e+06 0.875801
0.88 0.410738 0.235704 0.0437381 0.00193849 0.0666879 1675.01 2.80693e+06 0.855171
0.87 0.408411 0.236468 0.0430941 0.00188243 0.0670684 1672.94 2.79998e+06 0.872216
0.86 0.406008 0.233381 0.0424991 0.00183111 0.0668204 1671.29 2.79448e+06 0.880733
0.85 0.403721 0.226775 0.0418941 0.00177956 0.0662695 1669.98 2.7901e+06 0.88681
0.84 0.401285 0.234185 0.0411752 0.001719 0.0647448 1667.54 2.78193e+06 0.877498
0.83 0.399127 0.230522 0.0406076 0.00167208 0.0641504 1666.14 2.77721e+06 0.855055
0.82 0.396731 0.228137 0.0401071 0.00163138 0.0640817 1664.96 2.77328e+06 0.875193
0.81 0.394571 0.230265 0.0394577 0.00157976 0.0649913 1662.98 2.76668e+06 0.877018
0.8 0.392183 0.227958 0.0389814 0.00154181 0.0641231 1662.71 2.76578e+06 0.880109
0.79 0.389888 0.226702 0.0384157 0.00149718 0.0624467 1661.03 2.76013e+06 0.85062
0.78 0.387793 0.222686 0.0378945 0.00145714 0.0624693 1659.56 2.75528e+06 0.871354
0.77 0.385386 0.226676 0.0372787 0.00141072 0.0629063 1658.13 2.75052e+06 0.872774
0.76 0.383196 0.228014 0.0367441 0.00137104 0.0633968 1657.3 2.74774e+06 0.871772
0.75 0.381067 0.230822 0.0363746 0.0013438 0.063551 1657.27 2.74764e+06 0.87801
0.74 0.378643 0.225113 0.035653 0.00129104 0.0619796 1655.02 2.74014e+06 0.869081
0.73 0.37647 0.220793 0.0353242 0.0012675 0.0621554 1655.19 2.74072e+06 0.879117
0.72 0.374104 0.226121 0.0346945 0.00122377 0.0641826 1653.47 2.73503e+06 0.900736
0.71 0.371783 0.224816 0.0343048 0.00119626 0.0630908 1654.18 2.73739e+06 0.90757
0.7 0.36971 0.227204 0.0339336 0.00117028 0.0618492 1653.47 2.73498e+06 0.882103
0.69 0.367412 0.226185 0.0334845 0.00113928 0.0603574 1653.48 2.73499e+06 0.868966
0.68 0.365136 0.228232 0.0329305 0.00110239 0.0609079 1652.4 2.73142e+06 0.876134
0.67 0.362948 0.226967 0.0326134 0.00108171 0.0621688 1652.42 2.73148e+06 0.883198
0.66 0.360686 0.2311 0.0321517 0.00105122 0.0610294 1652.51 2.73174e+06 0.880962
0.65 0.35844 0.22548 0.0318168 0.00102939 0.0605404 1652.54 2.73182e+06 0.869913
0.64 0.355995 0.230952 0.0314179 0.00100375 0.0599745 1652.96 2.73321e+06 0.876938
0.63 0.353591 0.230189 0.0310314 0.000979752 0.0614567 1653.21 2.73402e+06 0.871442
0.62 0.351236 0.235427 0.0305787 0.000951997 0.0629499 1652.99 2.73331e+06 0.907505
0.61 0.349033 0.235099 0.0303492 0.000937207 0.0609351 1654.48 2.7382e+06 0.876891
0.6 0.346702 0.238648 0.0299383 0.000912224 0.0611463 1654.4 2.73792e+06 0.887339
0.59 0.344189 0.240314 0.0296994 0.000898122 0.0627404 1655.95 2.74306e+06 0.902509
0.58 0.341852 0.24141 0.0293356 0.000876003 0.0612832 1656.53 2.74493e+06 0.88875
0.57 0.339511 0.241069 0.0291109 0.000863136 0.0634287 1657.68 2.74876e+06 0.907411
0.56 0.337089 0.24729 0.0288472 0.000847456 0.0629374 1659.07 2.75335e+06 0.887334
0.55 0.334628 0.248065 0.0285972 0.000832826 0.0629388 1660.73 2.75883e+06 0.886727
0.54 0.332048 0.253319 0.0282828 0.00081461 0.0626989 1662.02 2.76311e+06 0.888981
0.53 0.329566 0.253537 0.0281994 0.000810204 0.0651888 1664.3 2.77068e+06 0.893294
0.52 0.326864 0.259051 0.0279651 0.000796628 0.0646062 1666.52 2.77805e+06 0.902291
0.51 0.324325 0.270462 0.0277156 0.000782651 0.0654823 1668.14 2.78348e+06 0.914766
0.5 0.321792 0.270786 0.0276102 0.000776511 0.0653831 1670.64 2.79179e+06 0.911622
0.49 0.319067 0.27518 0.0274693 0.000768875 0.0672939 1673.14 2.80015e+06 0.910747
0.48 0.316215 0.279175 0.027349 0.000762139 0.0680149 1675.85 2.80922e+06 0.916823
0.47 0.313448 0.283397 0.0271843 0.000752852 0.0679715 1678.4 2.81776e+06 0.926311
0.46 0.310554 0.294885 0.027139 0.000751132 0.0731602 1681.93 2.8296e+06 0.936881
0.45 0.307688 0.295781 0.0271028 0.000748757 0.0726916 1685.26 2.84081e+06 0.930336
0.44 0.304638 0.299934 0.0271769 0.000752697 0.0739123 1689.41 2.85481e+06 0.940659
0.43 0.301674 0.307702 0.0271764 0.000752449 0.0744406 1692.99 2.8669e+06 0.943101
0.42 0.298576 0.319267 0.0272375 0.000755963 0.077233 1697.67 2.88279e+06 0.985185
0.41 0.295232 0.325702 0.0273056 0.000760006 0.0809671 1702.22 2.89825e+06 0.985841
0.4 0.292018 0.342151 0.0274931 0.000770036 0.0816007 1707.72 2.91698e+06 0.975358
0.39 0.288689 0.345419 0.0277527 0.000785299 0.0891233 1713.4 2.93642e+06 1.02056
0.38 0.285083 0.352861 0.0279056 0.000793172 0.0875977 1718.72 2.95464e+06 1.00039
0.37 0.28144 0.363601 0.0281634 0.000807535 0.0894101 1725.07 2.9765e+06 1.0145
0.36 0.277724 0.386263 0.0286016 0.000833226 0.0971054 1731.98 3.00039e+06 1.04529
0.35 0.273867 0.385421 0.028824 0.000845534 0.0968565 1738.42 3.02273e+06 1.05013
0.34 0.269815 0.416161 0.0295717 0.000890392 0.107798 1747.58 3.05468e+06 1.08588
0.33 0.26572 0.430627 0.0301657 0.000925625 0.109316 1755.94 3.08395e+06 1.07647
0.32 0.261397 0.451505 0.0308729 0.000969692 0.119225 1764.85 3.11532e+06 1.13344
0.31 0.256762 0.471679 0.0317851 0.00102706 0.124635 1775.78 3.15402e+06 1.13618
0.3 0.251954 0.480766 0.032955 0.00110387 0.137007 1787.34 3.19521e+06 1.17483
0.29 0.246945 0.517635 0.0342226 0.00119043 0.152884 1800.18 3.2413e+06 1.26449
0.28 0.24162 0.546483 0.0355661 0.00128413 0.157808 1813.43 3.28917e+06 1.24773
0.27 0.235822 0.588993 0.0378744 0.00145552 0.17965 1830.99 3.35317e+06 1.34106
0.26 0.229905 0.627363 0.0399224 0.00161635 0.199815 1847.56 3.41415e+06 1.39991
0.25 0.223406 0.681522 0.0426796 0.00184651 0.230095 1867.87 3.48964e+06 1.49914
0.24 0.216189 0.74506 0.0464995 0.00219001 0.266969 1892.76 3.58329e+06 1.61923
0.23 0.208451 0.828479 0.0509336 0.00262702 0.328494 1920.41 3.68879e+06 1.79935
0.22 0.199446 0.956265 0.0574362 0.00334106 0.441414 1956.7 3.82959e+06 2.13702
0.21 0.188569 1.18346 0.0672832 0.00457927 0.573175 2006.67 4.02778e+06 2.52047
0.2 0.174518 1.75265 0.0831992 0.00700901 1.00123 2079.55 4.32608e+06 3.69461
0.19 -0.60406 1.14134 0.997826 0.995658 0.0116053 5098.1 2.59908e+07 0.114753
0.18 -0.615431 1.11257 0.998568 0.997139 0.00814091 5103.54 2.60462e+07 0.116326
0.17 -0.626447 1.09917 0.999097 0.998195 0.00543446 5108.52 2.60971e+07 0.115708
0.16 -0.637208 1.0648 0.99947 0.99894 0.0033297 5113.44 2.61474e+07 0.112163
0.15 -0.647787 1.05638 0.999707 0.999414 0.00195547 5118.3 2.61971e+07 0.112336
0.14 -0.658222 1.03836 0.999851 0.999703 0.00106113 5122.81 2.62433e+07 0.112502
0.13 -0.668545 1.01569 0.99993 0.99986 0.000546272 5127.24 2.62886e+07 0.113251
0.12 -0.678879 1.01272 0.999972 0.999944 0.000235289 5131.76 2.6335e+07 0.11165
0.11 -0.689031 1.01963 0.99999 0.999981 8.6886e-05 5136.17 2.63803e+07 0.112235
0.1 -0.699207 1.03486 0.999997 0.999995 2.50276e-05 5140.58 2.64257e+07 0.111785
0.09 -0.709361 1.00655 0.999999 0.999999 6.7421e-06 5144.92 2.64702e+07 0.114319
0.08 -0.719512 1.0074 1 1 5.42488e-07 5149.33 2.65156e+07 0.113571
0.07 -0.729626 0.997355 1 1 3.10008e-07 5153.67 2.65604e+07 0.111362
0.06 -0.739714 1.01784 1 1 0 5158.02 2.66052e+07 0.112121
0.05 -0.74981 1.00531 1 1 0 5162.36 2.665e+07 0.111163
0.04 -0.759879 1.00931 1 1 0 5166.71 2.66949e+07 0.111294
0.03 -0.769939 1.00522 1 1 0 5171.05 2.67398e+07 0.11255
0.02 -0.779973 1.01155 1 1 0 5175.38 2.67846e+07 0.11051
0.01 -0.789994 0.982002 1 1 0 5179.68 2.68291e+07 0.111657
