1 0.502595 0.356966 0.230353 0.0531873 0.287456 2212.04 4.89498e+06 0.850948
0.99 0.498851 0.362104 0.229155 0.0526367 0.289869 2209.53 4.88391e+06 0.866536
0.98 0.495396 0.368942 0.228093 0.052153 0.297934 2207.64 4.87558e+06 0.876218
0.97 0.491563 0.36547 0.227195 0.0517444 0.300912 2206.83 4.87201e+06 0.887291
0.96 0.487995 0.364271 0.226256 0.0513146 0.29502 2205.53 4.86622e+06 0.876471
0.95 0.484506 0.362991 0.225036 0.0507669 0.305394 2203.01 4.85514e+06 0.909858
0.94 0.480788 0.37448 0.223953 0.0502805 0.30814 2201.24 4.84732e+06 0.910401
0.93 0.476906 0.371695 0.223179 0.0499357 0.314097 2200.79 4.84535e+06 0.919307
0.92 0.473114 0.373965 0.222164 0.0494825 0.314996 2199.3 4.83878e+06 0.923191
0.91 0.469475 0.381149 0.22124 0.0490744 0.321595 2197.96 4.83296e+06 0.956487
0.9 0.466045 0.374238 0.219956 0.0485036 0.314434 2195.38 4.82154e+06 0.933116
0.89 0.46218 0.374451 0.219283 0.0482137 0.333027 2194.96 4.81979e+06 0.98521
0.88 0.458428 0.370994 0.218067 0.0476806 0.333191 2192.58 4.80931e+06 0.991305
0.87 0.454526 0.377892 0.216955 0.0471944 0.331316 2190.87 4.80176e+06 0.974659
0.86 0.45095 0.375545 0.216039 0.0468016 0.344791 2189.86 4.79741e+06 1.01486
0.85 0.446912 0.381699 0.215388 0.046519 0.344066 2189.98 4.7979e+06 1.0161
0.84 0.443201 0.377137 0.214615 0.0461878 0.351762 2189.61 4.79631e+06 1.03412
0.83 0.439276 0.388835 0.213605 0.0457559 0.358203 2188.05 4.78947e+06 1.05137
0.82 0.435365 0.387872 0.212582 0.0453196 0.361571 2186.43 4.7824e+06 1.06278
0.81 0.431496 0.389311 0.211587 0.0448974 0.365696 2185.16 4.77679e+06 1.0649
0.8 0.427794 0.393086 0.210535 0.0444532 0.369333 2183.12 4.76789e+06 1.077
0.79 0.42364 0.398073 0.210034 0.0442435 0.376542 2184.24 4.77276e+06 1.08175
0.78 0.419789 0.393472 0.209174 0.0438818 0.377802 2183.49 4.7695e+06 1.10025
0.77 0.415873 0.404317 0.208773 0.0437149 0.385274 2184.26 4.77288e+06 1.12151
0.76 0.411761 0.402811 0.207971 0.0433811 0.39112 2183.68 4.77033e+06 1.14094
0.75 0.407974 0.403401 0.20685 0.0429199 0.408542 2181.59 4.76128e+06 1.19322
0.74 0.403709 0.40365 0.206358 0.0427127 0.402375 2182.72 4.76616e+06 1.16124
0.73 0.399849 0.4027 0.205616 0.0424095 0.414617 2182.14 4.76364e+06 1.19917
0.72 0.395887 0.404486 0.204741 0.0420531 0.429683 2181.13 4.75927e+06 1.23964
0.71 0.391725 0.402537 0.204386 0.0419063 0.430442 2182.41 4.76481e+06 1.23499
0.7 0.387557 0.415482 0.203811 0.0416717 0.436751 2182.66 4.7659e+06 1.24911
0.69 0.383299 0.420265 0.203429 0.0415187 0.451926 2183.7 4.77051e+06 1.30331
0.68 0.379066 0.417903 0.20309 0.0413808 0.457735 2185.12 4.7767e+06 1.31211
0.67 0.375027 0.420309 0.202894 0.0413024 0.469296 2186.68 4.78351e+06 1.33066
0.66 0.370593 0.428985 0.202687 0.0412193 0.479033 2188.56 4.79177e+06 1.3598
0.65 0.366254 0.436243 0.202825 0.0412761 0.489763 2191.51 4.80472e+06 1.39732
0.64 0.361984 0.437981 0.202372 0.0410947 0.50499 2192.19 4.80769e+06 1.41479
0.63 0.357611 0.443036 0.202264 0.0410496 0.508154 2194.32 4.81703e+06 1.42683
0.62 0.352987 0.457216 0.202747 0.0412501 0.534957 2198.87 4.83704e+06 1.48046
0.61 0.348433 0.459832 0.203033 0.0413642 0.53576 2202.01 4.85088e+06 1.50719
0.6 0.343766 0.462706 0.203458 0.0415423 0.56425 2206.14 4.8691e+06 1.54195
0.59 0.338941 0.474764 0.204091 0.0418037 0.58836 2211.16 4.8913e+06 1.59744
0.58 0.334281 0.488967 0.204481 0.0419674 0.615641 2214.96 4.90821e+06 1.6811
0.57 0.329287 0.501665 0.206043 0.0426066 0.6183 2223.1 4.94426e+06 1.65924
0.56 0.324163 0.50803 0.20673 0.042894 0.644168 2228.44 4.96808e+06 1.72196
0.55 0.319008 0.531922 0.208839 0.0437736 0.669665 2238.29 5.01212e+06 1.7709
0.54 0.313575 0.55016 0.210414 0.0444435 0.723593 2246.32 5.04825e+06 1.88913
0.53 0.30813 0.556845 0.212166 0.0451808 0.722913 2255.03 5.08739e+06 1.86784
0.52 0.302369 0.581669 0.214673 0.0462551 0.755788 2266.49 5.13921e+06 1.91219
0.51 0.296569 0.610379 0.21734 0.0474115 0.790436 2278.48 5.19376e+06 1.95657
0.5 0.290102 0.644388 0.221217 0.0491286 0.882569 2294.74 5.26835e+06 2.19237
0.49 0.283215 0.694271 0.22531 0.0509592 0.914986 2311.77 5.34681e+06 2.23793
0.48 0.276205 0.737846 0.230399 0.0532959 1.01794 2331.98 5.44082e+06 2.4132
0.47 0.268816 0.797362 0.23586 0.0558572 1.11464 2353.36 5.54119e+06 2.59947
0.46 0.260226 0.867532 0.243606 0.0595858 1.21049 2382.74 5.68046e+06 2.74208
0.45 0.250771 0.999882 0.252652 0.0640993 1.36244 2416.25 5.8415e+06 2.99392
0.44 0.240593 1.12514 0.263139 0.0695335 1.52478 2454.58 6.02847e+06 3.23861
0.43 0.227685 1.37636 0.278682 0.0780137 1.87509 2509.73 6.30285e+06 3.81309
0.42 0.211451 1.93026 0.29994 0.0904174 2.4884 2583.59 6.68017e+06 4.82774
0.41 0.188893 3.02062 0.331198 0.110339 3.63937 2689.8 7.24226e+06 6.56625
0.4 0.115567 38.2764 0.438856 0.197838 30.2067 3041.07 9.30151e+06 43.8895
0.39 -0.181771 9.2075 0.76636 0.587726 2.47147 4047.69 1.63874e+07 2.29688
0.38 -0.250627 5.78177 0.816133 0.66628 1.24966 4188.64 1.75464e+07 1.10532
0.37 -0.301892 4.65325 0.848878 0.72073 0.849762 4279.47 1.83151e+07 0.747756
0.36 -0.344303 3.87461 0.873765 0.763563 0.626941 4347.13 1.88985e+07 0.561798
0.35 -0.380234 3.42783 0.893054 0.797619 0.486024 4398.82 1.93503e+07 0.445989
0.34 -0.412246 3.12596 0.909177 0.826661 0.396799 4441.63 1.97287e+07 0.378015
0.33 -0.441245 2.76082 0.922829 0.851659 0.321873 4478.02 2.00532e+07 0.337097
0.32 -0.467599 2.52831 0.934462 0.873256 0.264429 4509.06 2.0332e+07 0.295442
0.31 -0.492197 2.32579 0.944647 0.892387 0.2179 4536.63 2.05814e+07 0.269579
0.3 -0.514613 2.20854 0.953358 0.908915 0.18576 4560.21 2.07958e+07 0.252148
0.29 -0.535825 2.02758 0.961096 0.923725 0.152461 4581.97 2.09947e+07 0.231177
0.28 -0.555631 1.89218 0.96776 0.936575 0.127016 4601.35 2.11727e+07 0.220009
0.27 -0.57436 1.8048 0.973627 0.947962 0.108902 4618.78 2.13334e+07 0.216532
0.26 -0.591736 1.68978 0.978558 0.957586 0.089294 4634.54 2.14792e+07 0.206131
0.25 -0.608256 1.64054 0.982867 0.966035 0.0744066 4648.79 2.16115e+07 0.201841
0.24 -0.623823 1.52505 0.986506 0.9732 0.0594213 4661.85 2.17331e+07 0.189116
0.23 -0.638742 1.45661 0.989572 0.979258 0.0484081 4673.94 2.1846e+07 0.186966
0.22 -0.652758 1.3761 0.992067 0.9842 0.0378556 4684.91 2.19485e+07 0.18137
0.21 -0.666097 1.32131 0.994136 0.988309 0.0292702 4695.08 2.20439e+07 0.180503
0.2 -0.678942 1.24257 0.995804 0.991627 0.0216455 4704.64 2.21338e+07 0.176772
0.19 -0.691263 1.21066 0.997061 0.994131 0.0153811 4713.43 2.22166e+07 0.176478
0.18 -0.703 1.17422 0.998027 0.996059 0.0110631 4721.82 2.22957e+07 0.174916
0.17 -0.71447 1.11103 0.998733 0.997468 0.00751165 4729.61 2.23694e+07 0.173779
0.16 -0.72565 1.08201 0.999236 0.998472 0.0047516 4737.12 2.24405e+07 0.173292
0.15 -0.736464 1.08934 0.999566 0.999132 0.00292216 4744.53 2.25107e+07 0.170914
0.14 -0.747123 1.08197 0.999769 0.999537 0.00165146 4751.44 2.25763e+07 0.170825
0.13 -0.757661 1.05738 0.999892 0.999785 0.000823722 4758.42 2.26426e+07 0.167856
0.12 -0.768096 1.03956 0.999954 0.999908 0.000385913 4765.29 2.27081e+07 0.170793
0.11 -0.778434 1.03266 0.999984 0.999968 0.000144131 4771.89 2.2771e+07 0.167283
0.1 -0.788699 1.03551 0.999995 0.999991 4.67934e-05 4778.69 2.28359e+07 0.169813
0.09 -0.798972 1.01393 0.999999 0.999998 1.08263e-05 4785.2 2.28982e+07 0.169837
0.08 -0.809225 1.03273 1 1 1.8982e-06 4791.86 2.2962e+07 0.169995
0.07 -0.819393 1.0236 1 1 3.10008e-07 4798.5 2.30257e+07 0.167705
0.06 -0.829563 1.02113 1 1 0 4805.06 2.30887e+07 0.16688
0.05 -0.839681 1.00278 1 1 0 4811.66 2.31521e+07 0.169435
0.04 -0.849813 1.00752 1 1 0 4818.22 2.32153e+07 0.165887
0.03 -0.859891 1.0096 1 1 0 4824.71 2.32779e+07 0.165383
0.02 -0.869953 1.00898 1 1 0 4831.23 2.33408e+07 0.166316
0.01 -0.879987 0.996434 1 1 0 4837.7 2.34034e+07 0.168922
