0.0 0.0 -0.8 0.0 inf nan 1.0 0.0 1.0 0.0 nan nan 5184.0 0.0 26873900.0 0.0 nan nan 
0.01 0.0 -0.7899934 4.560826524806324e-07 1.0103382 0.0044919572785172305 1.0 0.0 1.0 0.0 0.0 0.0 5179.686 0.0021909835870215968 26829160.0 21.908902300206645 0.111206 0.000261120202204887 
0.02 0.0 -0.7799712 9.549772779224062e-07 0.998184 0.004031693728449192 1.0 0.0 1.0 0.0 2.17006e-07 1.9409606701012773e-07 5175.374000000001 0.006066231336362509 26784500.0 48.98979485566356 0.11115140000000001 0.00035895811454705586 
0.03 0.0 -0.769939 1.414205770395613e-06 1.0069304000000001 0.004498760910294492 1.0 0.0 1.0 0.0 0.0 0.0 5171.04 0.005656875786490971 26739640.0 60.663003552412405 0.1106792 0.0004974433354662783 
0.04 0.0 -0.7598874 2.2378547806949305e-06 0.9987237999999999 0.0030589865040597086 1.0 0.0 1.0 0.0 0.0 0.0 5166.724 0.014028555910898516 26695040.0 140.28542333400145 0.11205340000000001 0.000621778198394842 
0.05 0.0 -0.7498151999999999 4.616494212753704e-06 1.0047662 0.0033358541263099175 1.0 0.0 1.0 0.0 8.68022e-08 7.763824791861289e-08 5162.415999999999 0.01186596275574243 26650560.0 118.65917579353061 0.111432 0.00045739322251149713 
0.06 0.0 -0.7397342 3.933446511368205e-06 1.0073827999999998 0.0031358096677076355 1.0 0.0 1.0 0.0 0.0 0.0 5158.026 0.01991982168947982 26605260.0 199.1983935678197 0.1118278 0.0005144487068693824 
0.07 0.0 -0.7296212000000001 2.198176348966362e-06 1.0155480000000001 0.002084818265445171 1.0 0.0 1.0 0.0 0.0 0.0 5153.686 0.019099732917895546 26560520.0 190.5780679931455 0.1120814 0.0008679126038951146 
0.08 0.0 -0.7195047999999999 5.141207264309793e-06 1.005037 0.003702010156661805 1.0 0.0 1.0 0.0 9.763614e-07 1.6451225006049845e-07 5149.298 0.01729738912533355 26515300.0 183.30302779823361 0.1120276 0.0002996394633545447 
0.09 0.0 -0.709363 4.409082122300115e-06 1.0127960000000003 0.003465459969456736 0.9999993999999999 2.1915348056849172e-07 0.9999990000000001 4.712160915387242e-09 5.924377999999999e-06 1.9949594725507955e-07 5144.904 0.02070745746697066 26470080.0 228.73565528793273 0.1117404 0.0003499968685574193 
0.1 0.0 -0.6992274 4.583446764291568e-06 1.0173340000000002 0.001410709325102527 0.9999970000000001 4.712160915387242e-09 0.9999946 2.1915348056849172e-07 2.674372e-05 4.814667410320254e-07 5140.592 0.015073162902880546 26425760.0 163.95121225535357 0.11231379999999999 0.0005884472720641193 
0.11000000000000001 8.33000234328132e-10 -0.6890446000000001 5.970591458119954e-06 1.0051885999999999 0.0023922514851125436 0.9999902 1.7881393432617188e-07 0.9999799999999999 4.899514490074005e-07 9.103034e-05 1.609139585642023e-06 5136.186 0.02165182918437476 26380460.0 216.51789764358972 0.11216999999999999 0.000308516450129111 
0.12 0.0 -0.6788418 7.135263536714438e-06 1.02675 0.007579094932774512 0.9999722 3.346297868745299e-07 0.9999448 7.155661108221392e-07 0.00022943119999999998 2.680840157860838e-06 5131.7519999999995 0.0460782041034815 26334960.0 477.1582546702928 0.112532 0.0004922265332142885 
0.13 0.0 -0.6685838000000001 6.808228683846774e-06 1.0270420000000002 0.002568483443571631 0.9999316 6.06607219938703e-07 0.9998632000000001 1.0353573002575361e-06 0.0005242152 4.8471985096542e-06 5127.276 0.024754824043007627 26289020.0 253.61387974635772 0.1134994 0.00030836246204733064 
0.14 0.0 -0.6582632 6.389990785580871e-06 1.039694 0.005263756529328438 0.9998507999999999 3.347293050289603e-07 0.9997022 7.694108923004833e-07 0.001070928 5.552165271316333e-06 5122.802000000001 0.03167332972313019 26243180.0 325.4535297089279 0.11275460000000001 0.0003761574776605334 
0.15 0.0 -0.6478035999999999 1.2726665143474946e-05 1.0519020000000001 0.003312904948819775 0.999703 5.656752426591273e-07 0.9994059999999999 1.232903383049656e-06 0.001986934 6.1925100564970724e-06 5118.183999999999 0.030013363961046414 26195860.0 313.1772660970141 0.11287200000000001 0.0005107541874514375 
0.16 0.0 -0.6372242 8.82904237774029e-06 1.066118 0.0027548406850576466 0.9994674 2.0119713166461317e-06 0.998935 4.137634168887854e-06 0.0033531999999999998 2.6202241736161234e-05 5113.464 0.012198361178843818 26147580.0 139.71399357258383 0.112683 0.00027055173257595276 
0.17 8.33000234328132e-10 -0.6264258 4.727789973152949e-06 1.097318 0.005464637883707729 0.9991008000000001 9.121166184940977e-07 0.9982028 1.8417437384761906e-06 0.005322387999999999 2.246362239714446e-05 5108.488 0.03038420562806788 26096760.0 313.1772660970141 0.1136468 0.00023483515920816848 
0.18 0.0 -0.615397 1.4232357963709874e-05 1.118822 0.0053312935766099915 0.9985631999999999 2.0668882834965074e-06 0.9971292 3.993992122651302e-06 0.00806869 4.675355858118547e-05 5103.4580000000005 0.030252252364835176 26045420.0 320.4996099841621 0.114828 0.0004418891263656616 
0.19 0.0 -0.6040288000000001 4.3945391387478525e-06 1.160738 0.002164684549775697 0.9978239999999999 2.000011184939341e-06 0.9956536 4.104630272028728e-06 0.01164586 6.870779635527519e-05 5098.09 0.0560713806284473 25990640.0 551.7970641458687 0.11506179999999999 0.00021904655213036037 
0.2 0.0 -0.5922848000000001 8.19463141168935e-06 1.20164 0.0018771829958671763 0.9968194 3.7373734255322294e-06 0.9936502 7.617875270111195e-06 0.016249800000000002 3.697381776324828e-05 5092.324 0.02947544355212406 25931860.0 311.8974190338868 0.11545559999999999 0.00038900175835163907 
0.21000000000000002 1.666000468656264e-09 -0.580098 1.541946823261148e-05 1.246508 0.0061947121967069725 0.9955164 3.2814677983150926e-06 0.9910544 6.588475583880211e-06 0.0219043 0.0001476678949534606 5086.15 0.02172556653529666 25869040.0 221.99099080818573 0.1173208 0.0005151883073205015 
0.22000000000000003 1.666000468656264e-09 -0.5673764 1.5508965069252036e-05 1.2899500000000002 0.006984774871102074 0.9938528000000002 6.3017396518092605e-06 0.9877464 1.2501520097975512e-05 0.02906878 0.00012230167096171453 5079.5160000000005 0.03080258757834612 25801660.0 308.0259729308553 0.11938520000000001 0.0003588483133576318 
0.23000000000000004 1.666000468656264e-09 -0.554083 1.4119489905051042e-05 1.3639899999999998 0.006615161373706457 0.9917849999999999 5.824091736136983e-06 0.9836408000000001 1.1353939747206455e-05 0.037351039999999995 0.00013440831105277897 5072.152 0.05023146637227654 25726880.0 510.9990215254819 0.12176899999999999 0.0005474691589495776 
0.24 0.0 -0.5400838 1.2202950665685461e-05 1.42052 0.004021807553826136 0.9892516 6.1031161618549406e-06 0.9786241999999999 1.1977981226109126e-05 0.047360179999999995 0.0001732817022075941 5064.255999999999 0.02409981472411107 25646840.0 240.99792530227307 0.1236448 0.0005108660411497986 
0.25 0.0 -0.525428 1.603246672515374e-05 1.507606 0.0033289308794305582 0.9862106 5.7661063244803696e-06 0.9726175999999999 1.124846998061156e-05 0.05923779999999999 0.000250187345803652 5055.582 0.028481557169955693 25559100.0 296.6479394838265 0.1265356 0.0005605492021226455 
0.26 0.0 -0.5098202 4.073956323120886e-05 1.5913300000000001 0.009268752666892456 0.9825644 1.4382211422125775e-05 0.965441 2.811120784962779e-05 0.07291222 0.00026900589495421084 5045.886 0.030802575484261425 25461160.0 308.0259729308553 0.12933999999999998 0.0007110207310633141 
0.27 0.0 -0.4934056 6.9719430473432695e-06 1.6870660000000002 0.006716137937825352 0.9783016 8.702183728653115e-06 0.9570846 1.7185110668797123e-05 0.08871032 0.0003606624265433858 5035.302000000001 0.03154676904608593 25354440.0 308.0259729308553 0.1343676 0.0007255922050299961 
0.28 0.0 -0.47587799999999997 5.048484928438566e-05 1.814778 0.007468040921149518 0.9732808000000001 1.8558879115860116e-05 0.9472887999999999 3.624185453363216e-05 0.10880480000000001 0.0003655772859454697 5023.317999999999 0.054140571274944024 25233920.0 539.1845695121476 0.14053639999999998 0.0008607444498814599 
0.29 0.0 -0.45722680000000004 2.721088005735215e-05 1.9314740000000001 0.007715524920561191 0.9674328000000001 1.179965834635714e-05 0.9359426000000001 2.2876362930986817e-05 0.1319384 0.0007615727200992013 5009.972 0.03141975786084844 25100040.0 300.1333037168651 0.14829580000000003 0.0005887078324582701 
0.3 0.0 -0.43726819999999994 6.07693344958965e-05 2.076874 0.010900143705474699 0.9606384 2.6051640921311468e-05 0.9228463999999998 5.017457585729046e-05 0.15882239999999997 0.0008064644617100218 4994.776000000001 0.12282018821859979 24948020.0 1244.3150726403662 0.1561744 0.0006484912088846652 
0.31 0.0 -0.41571600000000003 6.797470114481703e-05 2.2164519999999994 0.007366395808027547 0.9526655999999999 3.594952033903178e-05 0.9075975999999999 6.82762625159876e-05 0.1938352 0.001188720603001036 4977.32 0.06431173943050399 24773940.0 644.1117915393258 0.1703558 0.0002762395192579014 
0.32 0.0 -0.3924814 7.886018010312066e-05 2.433242 0.015414177474001601 0.9434473999999999 3.531186808282003e-05 0.8901266000000001 6.672726555573737e-05 0.2371218 0.0018456078326667042 4957.505999999999 0.08861602671328003 24577200.0 867.1793355471519 0.1874498 0.0009171704051040559 
0.33 1.666000468656264e-09 -0.3667226 7.710439675965506e-05 2.71868 0.014793469640345095 0.9323492 4.76901668882392e-05 0.8693177999999999 8.882585224879186e-05 0.2982382 0.0018300842909546669 4933.452 0.11724845254747218 24339300.0 1156.5465835840769 0.2139392 0.0008210749734347562 
0.34 1.666000468656264e-09 -0.33801380000000003 9.740036959761224e-05 3.0973040000000003 0.021561170394937292 0.9189212000000001 7.00007998728714e-05 0.8444734 0.00012817787638656235 0.3856942 0.0033023088335281197 4904.366 0.1653021481811709 24053220.0 1639.3657310069648 0.2537166 0.0016582947530513947 
0.35 0.0 -0.3040876 0.0001403665487132735 3.724698 0.016772607525361423 0.9014196 9.853105093525941e-05 0.8126394000000001 0.00017694170781597238 0.5407038 0.004772067907312333 4865.512 0.23051941363269096 23673800.0 2235.5312567709716 0.3342514 0.0024588249811654255 
0.36 0.0 -0.260257 0.0002613211051526448 5.553909999999999 0.07010444636398877 0.8758844 0.00020301873803488536 0.7673286 0.00035386829191312927 0.9929575999999999 0.01421634657034167 4806.64 0.5476860408326026 23104820.0 5263.033345894742 0.6039714 0.008931617222428516 
0.37 0.0 0.2814932 1.6995058104751007e-05 0.371288 0.000891304571958901 0.02813778 3.4757703031266496e-05 0.0008064897999999999 1.991429544829747e-06 0.091847 0.0007845895349799586 1724.864 0.14657694212423317 2975810.0 506.55700567655754 1.025768 0.006028416972972644 
0.38 0.0 0.2851236 3.4375107296837467e-05 0.35146920000000004 0.0013904675012375548 0.0278927 2.918229600294715e-05 0.0007926691999999999 1.6180673014471551e-06 0.0888907 0.00034850414976002705 1718.736 0.16974333530994298 2954716.0 581.8838372046433 1.0066194000000002 0.002853108811084398 
0.39 0.0 0.2886186 2.5776888915741306e-05 0.343875 0.001800817503247159 0.027597240000000002 2.4835049425700547e-05 0.0007758142000000001 1.5152241391896144e-06 0.08390790000000001 0.000945318374728725 1712.684 0.19856686524175712 2933952.0 685.8594608226965 0.9896073999999999 0.008144072880813097 
0.4 0.0 0.2919798 2.6336894256161854e-05 0.337711 0.0012946002626303657 0.02739972 1.538369006367643e-05 0.0007650532 8.311522315420211e-07 0.08241038 0.00018551799783238555 1707.3319999999999 0.12081059567881651 2915652.0 413.9990338152977 0.9844940000000001 0.0037860609926396362 
0.41 0.0 0.2952628 2.6647926691998407e-05 0.3269408 0.0008564637715654834 0.027247880000000002 2.0531486062797942e-05 0.0007564816 1.112194249231567e-06 0.07885582 0.00048757695302394365 1702.0579999999998 0.1317391368676997 2897678.0 448.07499372314896 0.9671894 0.002993695997928727 
0.42000000000000004 3.332000937312528e-09 0.2984818 1.5723612777040442e-05 0.31743 0.0020224964969074192 0.02719496 2.5965432405293483e-05 0.000753749 1.492813692331103e-06 0.07779362000000001 0.0005289467068805007 1697.568 0.135923507397781 2882418.0 467.9264899532832 0.9639344 0.007258628567990425 
0.43 0.0 0.30162079999999997 1.9025036254355117e-05 0.3092164 0.0018332544089675626 0.027099819999999997 2.9343188647924515e-05 0.0007485812 1.5762908970149842e-06 0.07596112000000001 0.0004268786182510367 1693.118 0.09513779481589779 2867346.0 322.00124223362866 0.9575316 0.0031763535017338817 
0.44000000000000006 3.332000937312528e-09 0.3047222 2.358202707346104e-05 0.29938000000000003 0.0013665508406183438 0.02707918 2.5043408713287678e-05 0.0007472596000000001 1.3662219321811095e-06 0.07317370000000001 0.0002530416392608879 1688.834 0.12229799628191503 2852858.0 414.858048011606 0.9388304 0.0038498206981658384 
0.45 2.356080457693621e-09 0.30768 1.3084341628315564e-05 0.294381 0.0015829261511507424 0.027108359999999998 2.8548885792730156e-05 0.0007489366 1.5893498192641982e-06 0.07203227999999999 0.0005493012684494992 1685.416 0.1615574201333109 2841342.0 542.4640080226521 0.9398418 0.004619659029841729 
0.4600000000000001 3.332000937312528e-09 0.31057799999999997 1.9189580568101835e-05 0.28840220000000005 0.0006442414081650301 0.0271644 1.3783091091035554e-05 0.0007519924000000001 7.638603851287926e-07 0.07056108000000001 0.0005223654570506892 1681.896 0.1291077072770345 2829484.0 434.92160213077483 0.9262734 0.004598954573377447 
0.4699999999999999 2.356080457693621e-09 0.3134418 3.113120616909975e-05 0.284805 0.0015232708754532795 0.027204739999999998 2.0662480006720843e-05 0.0007542194 1.1567997095450807e-06 0.0692199 0.000419446942532553 1678.602 0.14052473076411737 2818426.0 468.32125725830554 0.917743 0.0028695947170296887 
0.48 0.0 0.316288 2.3633874016533653e-05 0.2792862 0.0008737043618984883 0.02732556 2.562800967746108e-05 0.0007610326 1.398151711365477e-06 0.06885028 0.000232633814222956 1675.836 0.13370415088326415 2809172.0 447.34237447395924 0.9222744 0.002039773665875814 
0.49000000000000005 3.332000937312528e-09 0.31901499999999994 1.831938880307745e-05 0.2712634 0.0014827578521120375 0.02738472 2.4300426333461052e-05 0.0007642174 1.32788621802094e-06 0.06719800000000001 0.00012020267218257388 1672.708 0.18020876760834714 2798698.0 605.008429693339 0.9111777999999999 0.0046034460431304235 
0.5 0.0 0.32166200000000006 2.484994962266154e-05 0.2650834 0.0012928526783803007 0.0275684 1.5297581507573417e-05 0.0007744024 8.504838434679781e-07 0.0662806 0.00011399457180128874 1670.434 0.05896439545503008 2791112.0 200.28779293806198 0.9081322000000001 0.0030673136050928637 
0.51 0.0 0.32436240000000005 1.4933452133648705e-05 0.26105720000000004 0.000811831430774798 0.027721219999999998 2.8420519348260515e-05 0.0007829816 1.5490961906966142e-06 0.06555928 0.0004330811391876893 1667.908 0.19568137383032314 2782688.0 650.8296244025773 0.9044360000000001 0.003929333368391055 
0.52 0.0 0.3269824 1.6362395854656593e-05 0.25873539999999995 0.0015176353870425354 0.027891779999999998 2.5596802925496486e-05 0.0007925342 1.4901384472626759e-06 0.06459774 0.00041005879246790167 1665.854 0.21575170889479608 2775858.0 718.6175617113736 0.8993556 0.004110331067929854 
0.53 0.0 0.3295092 2.7110735891801495e-05 0.255218 0.001483026311298588 0.02812128 2.933016740507838e-05 0.0008056796000000001 1.6175289944815894e-06 0.06464006000000001 0.0002871012331562277 1663.964 0.21953769598861012 2769580.0 727.2688636261007 0.9002867999999999 0.0036768340881807426 
0.54 0.0 0.332015 1.9247857153654814e-05 0.2508316 0.0005983245005846946 0.028343599999999997 7.932616217231233e-06 0.0008183788000000001 5.256979664673723e-07 0.06408326 0.0003728204292683603 1662.264 0.07197777472402397 2763926.0 239.12507187662274 0.9044106000000001 0.005445935002181812 
0.55 0.0 0.3346192 3.387199434576806e-05 0.2467854 0.0012026365901629738 0.02851922 3.457751176668124e-05 0.0008284918 1.9913009295435882e-06 0.06342434 0.0004371123586448243 1660.1600000000003 0.22305156307003607 2756944.0 739.851877067295 0.8944846 0.00553958017615177 
0.56 0.0 0.3369978 6.999428501404284e-06 0.24663179999999998 0.0011283408137620736 0.028798400000000002 2.5890198917325446e-05 0.0008445201999999999 1.5082468339160936e-06 0.06240787999999999 0.00011107344021028294 1659.122 0.18000888874331053 2753510.0 601.178841943061 0.8860554 0.004599194073746132 
0.57 0.0 0.33952540000000003 2.8949058666291792e-05 0.24508999999999997 0.0010783039274719283 0.029070500000000006 1.077682698745631e-05 0.0008605854 6.519554954197633e-07 0.06261854 0.0003153369519733786 1657.632 0.04727790156841211 2748594.0 159.51426268519063 0.8924949999999999 0.0028473937697496886 
0.58 0.0 0.34189959999999997 2.39392565058692e-05 0.24135399999999999 0.0011652049090185809 0.02937764 3.999570576948729e-05 0.0008788552000000002 2.444171686264806e-06 0.06277626 0.00048754291593643313 1656.6680000000001 0.24117047901077007 2745408.0 801.0862625210846 0.8895006000000001 0.004728674660831595 
0.59 0.0 0.34432460000000004 2.931839008771718e-05 0.23838299999999996 0.0007274139399299061 0.02968526 3.5839196440748068e-06 0.0008972280000000001 2.411185599347419e-07 0.06253394 0.00035648384041929643 1655.69 0.058923679348457714 2742182.0 196.29365756437468 0.8883842000000002 0.0037179510206464296 
0.6 0.0 0.3466844 5.389293087942966e-05 0.23627099999999998 0.0005977374005374193 0.03002686 1.660825336966353e-05 0.0009177284 9.811330837314617e-07 0.061887740000000004 0.00014152464548613608 1655.0559999999998 0.1376836957833465 2740096.0 454.7051792095621 0.8858058 0.0033219985960261525 
0.61 0.0 0.3490318 3.570927047534757e-05 0.23556780000000002 0.0008061020481283721 0.030292180000000002 2.207680049236559e-05 0.0009339728 1.3120045243805342e-06 0.061772879999999995 0.0002559070993936139 1654.0639999999999 0.12981833492390565 2736812.0 425.94271915364396 0.8878101999999999 0.004299977854830863 
0.62 0.0 0.35137799999999997 3.104319579616886e-05 0.23305120000000001 0.0009196882689258494 0.030641039999999998 2.2229378759004944e-05 0.0009553762 1.3633592747132005e-06 0.06132356 0.00022999064259204827 1653.4740000000002 0.19921044117299366 2734874.0 664.6117663719173 0.8765468000000001 0.002301173533648867 
0.63 0.0 0.3537032 1.5404934204030303e-05 0.23094319999999996 0.0005078897045645613 0.030997019999999997 1.8068190834417943e-05 0.0009774578 1.1755160704919735e-06 0.06086245999999999 0.00027568290567275 1652.8480000000004 0.06659729488045865 2732818.0 226.0336258170452 0.8744108 0.004660112448425078 
0.64 0.0 0.35604139999999995 1.7849594019029767e-05 0.230026 0.0007389187776726474 0.0313868 2.0161210281515073e-05 0.001002201 1.256533644586854e-06 0.061447619999999994 0.0005169673207468283 1652.744 0.13021827842562017 2732490.0 429.1666343042059 0.8774234 0.007010377727913693 
0.65 0.0 0.35830019999999996 3.032279677224041e-05 0.22846759999999997 0.0008004209692423831 0.03176412 1.2354833871020017e-05 0.001026232 7.985907587713029e-07 0.061225459999999995 0.0004748510356733117 1652.55 0.0970772885592455 2731856.0 317.09430773825 0.8731944 0.006174445429996464 
0.66 3.332000937312528e-09 0.36057 1.883401172929789e-05 0.2292392 0.0011567833124656582 0.032147760000000004 2.343581191080577e-05 0.001051086 1.5800445563447278e-06 0.061461379999999996 0.00026922615237045687 1652.44 0.1741723285291678 2731514.0 580.2661458330995 0.8763415999999999 0.0066954855931461365 
0.67 0.0 0.36285560000000006 3.0284781517360822e-05 0.2281864 0.0007754562321635248 0.03254459999999999 3.616866046822088e-05 0.0010768919999999999 2.4226174275066592e-06 0.06098726 0.0004508058594117634 1652.282 0.1908800670436645 2731000.0 630.5362796857925 0.8641401999999999 0.004366438057734608 
0.68 3.332000937312528e-09 0.3651038 4.42903149828426e-05 0.225996 0.0005306846144350236 0.0329721 1.567714259768799e-05 0.001105286 1.080002222222066e-06 0.061418459999999994 0.00022133104183580895 1652.538 0.08779065963967263 2731872.0 290.1916608036833 0.8780844 0.004421391116833236 
0.69 0.0 0.36736879999999994 3.4718755859475144e-05 0.2269508 0.001319676154212878 0.03339086 4.765593353214312e-06 0.0011331520000000001 3.8109736282861247e-07 0.0607796 0.0002926630895755762 1652.7779999999998 0.1727749983621944 2732654.0 573.9449450949106 0.8655338 0.0034233984915563037 
0.7 0.0 0.369705 3.14960314771833e-05 0.2244966 0.0007241000262403688 0.03390238 3.115051717018281e-05 0.001168078 2.045184392679149e-06 0.061559960000000004 0.00023497943501484434 1653.3200000000002 0.18750999940593682 2734476.0 613.5835721399327 0.8688243999999999 0.005705701012848456 
0.71 0.0 0.37189320000000003 2.064441795760674e-05 0.2250986 0.000936783458435704 0.03429702 2.481849955260358e-05 0.001195252 1.718653891874062e-06 0.06154539999999999 0.00025066380193442884 1653.6339999999996 0.09297741851544003 2735534.0 305.2290942882084 0.8752791999999999 0.0038460216265707435 
0.72 0.0 0.3741946 3.347667841882619e-05 0.22234760000000003 0.0007115535454186258 0.03478804 1.9290486775512612e-05 0.001229558 1.3599952941387222e-06 0.06191106 0.00027752791946036685 1654.1200000000001 0.14014278425321905 2737154.0 460.8045138667806 0.8752724000000001 0.004986697260509736 
0.73 0.0 0.3764398 1.8230523742454164e-05 0.2273168 0.0011329130028379145 0.035289079999999994 2.14297998149503e-05 0.00126516 1.4820364368060185e-06 0.06261156000000001 0.00037721053495315925 1655.0220000000002 0.14643496792771998 2740160.0 480.94906175186577 0.8758522000000001 0.00914589709279311 
0.74 0.0 0.37870860000000006 7.169936856623167e-06 0.2255206 0.0007817873675107762 0.03574378 1.769685621496374e-05 0.0012975100000000002 1.2525717544005868e-06 0.06193434 0.00029499000606817154 1655.416 0.08042885048084744 2741466.0 275.29765709137445 0.8724243999999999 0.004528512114154187 
0.75 0.0 0.380875 1.2332071950582575e-05 0.2235868 0.001565784209909042 0.03623234 2.1728996295340352e-05 0.001333104 1.5856698268943075e-06 0.06241688000000001 0.00021027291865537037 1656.3939999999998 0.1852479421452878 2744730.0 611.5423125181119 0.8759754000000001 0.0016220269936124028 
0.76 0.0 0.3831476 4.8487194236639324e-05 0.2249092 0.0011800502497775077 0.036714960000000005 3.508315379101816e-05 0.001368812 2.595334891676212e-06 0.0631159 0.00016943585688921142 1657.114 0.265670472523342 2747132.0 881.9043031984819 0.8747389999999999 0.00268525817009184 
0.77 0.0 0.3853416 3.869118756698455e-05 0.2264446 0.0007430019434710285 0.037241540000000004 2.656128912490323e-05 0.001408262 1.974556962978872e-06 0.0638189 4.1542672037808076e-05 1658.286 0.17921160647324244 2751026.0 593.8255636127499 0.8767414 0.00353764904534004 
0.78 0.0 0.3875972 4.524192743834953e-05 0.22571599999999997 0.0012320017207790178 0.03782262 1.619741707810708e-05 0.0014520500000000003 1.2560095540434459e-06 0.06349976 0.0001514256189679365 1659.6739999999998 0.17222311139731758 2755652.0 576.4539877561781 0.8754555999999999 0.003605715380899716 
0.79 0.0 0.3899364 2.6274854825544652e-05 0.2261912 0.0010495229926020247 0.03835594 3.1385966291568704e-05 0.00149297 2.4361280754675615e-06 0.0635432 0.00014324311082939458 1660.666 0.22272135071455704 2758954.0 735.976086568035 0.8704919999999999 0.0021525930595482695 
0.8 0.0 0.392198 3.560561756987751e-05 0.22545580000000004 0.00029123714048507167 0.03893658 2.4499965714578008e-05 0.001538208 1.9069103807000713e-06 0.06378644 0.0003175379720282686 1662.034 0.16457460270633342 2763522.0 548.5209202938389 0.8731684 0.005243979668919695 
0.8100000000000002 4.712160915387242e-09 0.3945414 2.2102669678947417e-05 0.2291738 0.0011059209881356055 0.03948968 3.878740414084173e-05 0.0015819739999999999 3.135610434996399e-06 0.06408704 0.00025651719100313995 1663.35 0.2307726156040664 2767908.0 768.179145772651 0.8694865999999999 0.0019944984853441363 
0.82 0.0 0.39678880000000005 5.216466224440546e-05 0.22977920000000002 0.000558170253594831 0.040073859999999996 1.7795810745055748e-05 0.001629196 1.472314096884668e-06 0.06541628 0.00039647273742346147 1664.8080000000002 0.12841806665569097 2772788.0 426.26189132973167 0.8803644 0.004590572745091456 
0.8299999999999998 6.664001874625056e-09 0.3990596 2.8395210917163046e-05 0.23073740000000004 0.0006105131349919272 0.040651040000000006 1.9439148126958946e-05 0.001676118 1.556407144644089e-06 0.06553574 0.00013438994486245388 1666.372 0.13366824598029178 2777998.0 445.9991031381117 0.8690648 0.004906437733427917 
0.8400000000000001 6.664001874625056e-09 0.4013134 1.5845756717258243e-05 0.229685 0.0010852029119016672 0.041245659999999996 1.1193483821359672e-05 0.001725186 9.128268181308714e-07 0.06577886 0.00033794164182601163 1667.946 0.09527224155596627 2783272.0 313.8840550266929 0.8717284 0.006293759694176156 
0.85 0.0 0.4036484000000001 3.3227217553786406e-05 0.2343172 0.0006615526222454183 0.04186244 2.040479551398955e-05 0.0017769679999999999 1.6890338066711979e-06 0.06641768 0.00020333231597556686 1669.666 0.16903490766833557 2789024.0 560.6539039371794 0.8740982 0.003216261573931335 
0.86 0.0 0.4061082 5.246438799041844e-05 0.23147020000000001 0.001573059195325549 0.04251364 4.129879998242624e-05 0.00183212 3.564823698300083e-06 0.06618589999999999 0.0003528955924919381 1671.514 0.20862598125528128 2795212.0 698.6008874887006 0.8705928 0.0021218878085322887 
0.8699999999999999 6.664001874625056e-09 0.4083488 4.8417682649969966e-05 0.2341676 0.001319785394675589 0.04315406 1.187493494593574e-05 0.001887452 1.103193183430579e-06 0.06667912 0.0002473290721288224 1673.6440000000002 0.15133010256149151 2802362.0 508.5146998858538 0.8746393999999998 0.0029270547190071035 
0.8800000000000001 6.664001874625056e-09 0.41070799999999996 4.866374421919631e-05 0.2352734 0.0007979831877939957 0.04374106 2.9222561148433268e-05 0.0019391439999999999 2.6170847903952065e-06 0.06770136 0.0004012425417129338 1675.078 0.19115229541243575 2807178.0 643.6359219310245 0.8772548 0.007346144226190909 
0.89 0.0 0.4130498 3.163972183062821e-05 0.236103 0.00120948276548256 0.04440608 1.637484411988746e-05 0.00199805 1.520757705826572e-06 0.06769134000000002 0.00032735056266888746 1677.3700000000001 0.0703135828093758 2814870.0 239.11503507726152 0.8684636000000001 0.0056602695808557904 
0.9 4.712160915387242e-09 0.4154318 4.4610671340146955e-05 0.239434 0.0010373023859989964 0.04513874 2.5532702167813662e-05 0.0020642 2.3286579825975454e-06 0.06833468 0.00017445674168705953 1679.9720000000002 0.19741124571168556 2823610.0 662.691481762064 0.8698347999999999 0.0038699457091835553 
0.9099999999999999 6.664001874625056e-09 0.4178222 2.513229003208862e-05 0.239863 0.0011982998956856093 0.04571752 2.5116295906232495e-05 0.002117144 2.2904699954292492e-06 0.06848636 9.789782673960661e-05 1681.3859999999997 0.24590404669232327 2828382.0 828.5669556529514 0.8717302 0.003832412977747087 
0.9200000000000002 6.664001874625056e-09 0.42027780000000003 2.153583033337309e-05 0.24365199999999998 0.0002809257553210426 0.04644988 2.148773417650812e-05 0.00218545 1.9956412503246325e-06 0.0697589 0.0002199958054148683 1684.068 0.22809471711582058 2837438.0 764.3841965922634 0.8786158000000001 0.002688418663817575 
0.93 0.0 0.42261239999999994 3.074748800370233e-05 0.244045 0.0004821162515380731 0.047170899999999995 1.0640488712554108e-05 0.002253502 9.696283823823414e-07 0.07037442000000001 0.000451271138363662 1686.514 0.10137455312616277 2845722.0 341.5423838998609 0.8883842 0.007726308336585939 
0.9399999999999998 4.712160915387242e-09 0.425174 4.271486857678424e-05 0.24594140000000003 0.0005235942398428356 0.047942780000000004 3.7222696300875245e-05 0.002327218 3.629732111345044e-06 0.07035591999999999 0.0003401564691729559 1689.286 0.3045206068306621 2855084.0 1028.3835860222584 0.8761802 0.005570402279193043 
0.95 4.712160915387242e-09 0.42763540000000005 4.3080946953439925e-05 0.24800880000000003 0.0014673265866872768 0.04858912 3.281380685061952e-05 0.0023901279999999996 3.2023234066047915e-06 0.07087108 0.0003994686785219381 1691.256 0.2769635354575223 2861746.0 938.7463981289088 0.8730036 0.005357751652328974 
0.96 0.0 0.43006120000000003 5.094184910885945e-05 0.24824980000000002 0.000880937110126106 0.04935646 1.3594634232861654e-05 0.002465912 1.3480872376208009e-06 0.07163632 0.00040928635198352514 1694.266 0.183119632936049 2871972.0 611.9830063000115 0.8825618000000001 0.0082258300123452 
0.97 4.712160915387242e-09 0.4325546 4.7465861383030165e-05 0.2496998 0.00077679203909521 0.05004804 3.1493194183501084e-05 0.002535072 3.3058631550121925e-06 0.07187402 0.0003649355816031561 1696.152 0.2579209181011052 2878376.0 884.8846252478342 0.8768934000000002 0.006589767659632819 
0.9800000000000001 6.664001874625056e-09 0.43499499999999997 6.379028147203575e-05 0.2509542 0.0005254755864898813 0.05082646 3.499682957189208e-05 0.00261404 3.5594123109967885e-06 0.07218050000000001 0.0002320827817824195 1699.2540000000001 0.21433805034312844 2888906.0 723.3897981033462 0.8671502 0.004766479509239691 
0.99 0.0 0.43758939999999996 4.655886605370278e-05 0.2541112 0.000934394708889567 0.05156886000000001 2.4587339829090297e-05 0.0026910480000000006 2.6384319584046858e-06 0.0737674 0.0004894964784348666 1701.946 0.22564751271850575 2898116.0 768.6382764343706 0.8875702000000001 0.004274769677066492 
