1 0.502667 0.364016 0.230171 0.0530103 0.292007 8844.16 7.82268e+07 0.865509
0.99 0.499043 0.356024 0.229096 0.0525165 0.294247 8836.93 7.80989e+07 0.872344
0.98 0.495332 0.366887 0.228145 0.0520814 0.291745 8830.92 7.79926e+07 0.870294
0.97 0.491767 0.358454 0.227005 0.0515625 0.297136 8823.09 7.78543e+07 0.865098
0.96 0.48804 0.362639 0.226116 0.0511601 0.301997 8819.13 7.77846e+07 0.878707
0.95 0.484408 0.368633 0.225061 0.0506833 0.300483 8811.46 7.76492e+07 0.885413
0.94 0.480718 0.37107 0.224116 0.0502597 0.309343 8807.01 7.7571e+07 0.912429
0.93 0.477098 0.364828 0.222903 0.0497173 0.311539 8797.47 7.7403e+07 0.928515
0.92 0.473342 0.373149 0.222065 0.0493449 0.320344 8794.81 7.73564e+07 0.947904
0.91 0.469608 0.37538 0.220953 0.0488516 0.318867 8786.62 7.72121e+07 0.938487
0.9 0.465845 0.376581 0.220159 0.048502 0.326374 8784.69 7.71783e+07 0.956435
0.89 0.462123 0.371485 0.218947 0.0479695 0.329596 8775.04 7.70089e+07 0.979217
0.88 0.458361 0.371539 0.218092 0.0475961 0.336323 8771.77 7.69516e+07 0.986642
0.87 0.454578 0.380262 0.21701 0.0471245 0.330897 8764.47 7.68233e+07 0.971848
0.86 0.450806 0.38868 0.216195 0.0467731 0.353036 8761.81 7.67773e+07 1.04499
0.85 0.447036 0.378474 0.215229 0.0463558 0.347991 8756.73 7.6688e+07 1.02676
0.84 0.443204 0.382974 0.214452 0.0460213 0.345114 8754.51 7.6649e+07 1.01644
0.83 0.439392 0.379669 0.213226 0.0454971 0.352783 8745.7 7.64947e+07 1.03551
0.82 0.435438 0.38491 0.2125 0.0451886 0.365477 8744.77 7.64787e+07 1.07931
0.81 0.43166 0.384271 0.211568 0.0447936 0.369274 8739.71 7.63902e+07 1.07996
0.8 0.427742 0.391135 0.210601 0.0443851 0.373136 8734.76 7.63037e+07 1.08551
0.79 0.423756 0.390896 0.209854 0.0440707 0.370889 8733.19 7.62761e+07 1.08
0.78 0.419871 0.394321 0.209056 0.0437363 0.378919 8731.28 7.62428e+07 1.10193
0.77 0.415961 0.400416 0.208292 0.0434179 0.387869 8729.05 7.62041e+07 1.15132
0.76 0.412022 0.397385 0.207722 0.0431819 0.403972 8730.67 7.62326e+07 1.19181
0.75 0.40802 0.399188 0.206743 0.0427759 0.406346 8725.02 7.61337e+07 1.17553
0.74 0.404041 0.405061 0.206112 0.0425153 0.411887 8725.89 7.61488e+07 1.19307
0.73 0.399945 0.40814 0.205661 0.0423297 0.417474 8729.53 7.62123e+07 1.20631
0.72 0.39592 0.41022 0.204914 0.0420219 0.410938 8727.52 7.6177e+07 1.18156
0.71 0.391752 0.416403 0.204434 0.0418282 0.453014 8730.67 7.62326e+07 1.30933
0.7 0.387612 0.415975 0.203857 0.0415903 0.429016 8731.87 7.6253e+07 1.22805
0.69 0.383392 0.426116 0.203505 0.0414478 0.450297 8736.27 7.63302e+07 1.28728
0.68 0.379272 0.422586 0.202944 0.0412195 0.450443 8737.89 7.63583e+07 1.28303
0.67 0.375059 0.42753 0.202736 0.041136 0.468989 8744.39 7.64722e+07 1.33747
0.66 0.370695 0.419647 0.202502 0.0410416 0.483603 8751.32 7.65936e+07 1.37039
0.65 0.366388 0.445229 0.202307 0.0409631 0.49525 8757.79 7.67069e+07 1.40253
0.64 0.362067 0.432512 0.202243 0.0409373 0.506534 8767.2 7.68718e+07 1.43413
0.63 0.357576 0.444692 0.202176 0.0409092 0.501744 8776.41 7.70331e+07 1.40437
0.62 0.353063 0.459798 0.202527 0.041052 0.516201 8791.35 7.72957e+07 1.4506
0.61 0.348499 0.464847 0.202782 0.0411553 0.525866 8805 7.75359e+07 1.45939
0.6 0.343867 0.473284 0.203146 0.0413047 0.559615 8820.29 7.78056e+07 1.52841
0.59 0.339177 0.479911 0.203639 0.0415055 0.571735 8837.39 7.81075e+07 1.55329
0.58 0.334337 0.485032 0.204427 0.0418277 0.594157 8859.05 7.84911e+07 1.61393
0.57 0.329338 0.502805 0.205667 0.0423372 0.618091 8886.99 7.8987e+07 1.66531
0.56 0.324302 0.522379 0.206702 0.0427651 0.644788 8912.11 7.94343e+07 1.71364
0.55 0.319168 0.527517 0.208039 0.0433207 0.676947 8941.68 7.99625e+07 1.81165
0.54 0.31382 0.538874 0.209764 0.0440417 0.698622 8975.8 8.05739e+07 1.83033
0.53 0.308311 0.56247 0.211739 0.0448749 0.723809 9013.67 8.12552e+07 1.86749
0.52 0.302577 0.573124 0.214342 0.0459846 0.747367 9061.19 8.21141e+07 1.91747
0.51 0.296537 0.619295 0.217197 0.0472209 0.835826 9112.06 8.30395e+07 2.10127
0.5 0.290249 0.634372 0.220662 0.0487384 0.85678 9170.85 8.41142e+07 2.09887
0.49 0.283653 0.693739 0.224695 0.050537 0.925576 9238.13 8.53532e+07 2.23226
0.48 0.276554 0.745277 0.22948 0.0527146 1.02388 9315.13 8.67825e+07 2.43957
0.47 0.26902 0.805167 0.235428 0.0554835 1.12427 9407.54 8.85134e+07 2.62688
0.46 0.260577 0.874795 0.242746 0.058983 1.15386 9519.23 9.06271e+07 2.61622
0.45 0.251213 1.00433 0.251862 0.0635014 1.37395 9655.03 9.32328e+07 3.04131
0.44 0.240641 1.16781 0.263076 0.0692857 1.60689 9817.83 9.64045e+07 3.40433
0.43 0.228002 1.38758 0.278165 0.077464 1.89078 10032.8 1.00674e+08 3.84554
0.42 0.212058 1.91881 0.298814 0.0894059 2.54212 10320.4 1.06532e+08 4.92411
0.41 0.18952 3.01509 0.330665 0.109504 3.70366 10753.3 1.15663e+08 6.68002
0.4 0.136053 15.4108 0.411448 0.169936 14.9027 11817.8 1.39769e+08 22.9162
0.39 -0.181545 8.75464 0.766637 0.587831 2.35115 16192.8 2.6222e+08 2.16333
0.38 -0.251768 5.83499 0.817122 0.66774 1.22618 16766.4 2.81119e+08 1.09175
0.37 -0.302577 4.53128 0.849496 0.721676 0.816877 17124.7 2.93258e+08 0.719141
0.36 -0.344254 3.83184 0.873707 0.763389 0.609286 17387.2 3.02317e+08 0.541866
0.35 -0.380346 3.35614 0.893171 0.797772 0.476306 17595.9 3.09619e+08 0.438399
0.34 -0.412344 3.00102 0.90927 0.826786 0.386859 17767.5 3.15688e+08 0.376186
0.33 -0.441222 2.77647 0.922856 0.851674 0.324195 17912.1 3.20846e+08 0.333633
0.32 -0.467499 2.5877 0.934479 0.87326 0.27093 18035.8 3.25291e+08 0.302204
0.31 -0.491979 2.37291 0.944634 0.892341 0.223919 18145.6 3.29264e+08 0.269465
0.3 -0.514667 2.19345 0.953459 0.909091 0.185014 18241.9 3.32769e+08 0.251996
0.29 -0.535799 2.07803 0.961128 0.923771 0.156379 18327.7 3.35906e+08 0.235564
0.28 -0.555547 1.91229 0.967755 0.936554 0.131934 18404.6 3.38729e+08 0.220949
0.27 -0.574255 1.78458 0.973598 0.947897 0.108744 18474.9 3.41323e+08 0.211217
0.26 -0.591777 1.69579 0.978609 0.957677 0.0899388 18537.7 3.43647e+08 0.207281
0.25 -0.608201 1.60348 0.982859 0.966013 0.072067 18594.8 3.45768e+08 0.19712
0.24 -0.623885 1.52474 0.986524 0.973232 0.0588974 18647.7 3.47736e+08 0.193151
0.23 -0.638684 1.42224 0.989574 0.979257 0.0475452 18695.4 3.4952e+08 0.185471
0.22 -0.652715 1.38007 0.992089 0.984241 0.0375281 18739.2 3.51159e+08 0.186758
0.21 -0.666135 1.29747 0.994144 0.988322 0.0284992 18780.5 3.52708e+08 0.181591
0.2 -0.678925 1.27116 0.995794 0.991607 0.0215353 18818.1 3.5412e+08 0.182224
0.19 -0.69119 1.20676 0.997069 0.994147 0.0157575 18853.6 3.5546e+08 0.177215
0.18 -0.703033 1.16515 0.998034 0.996073 0.0112277 18887.1 3.56724e+08 0.179249
0.17 -0.714489 1.1326 0.998744 0.997489 0.00741484 18918.7 3.57916e+08 0.173558
0.16 -0.725587 1.09485 0.999242 0.998486 0.00468269 18948.8 3.59059e+08 0.172505
0.15 -0.736441 1.06581 0.999565 0.999131 0.00285524 18977.9 3.6016e+08 0.17346
0.14 -0.747123 1.0743 0.999772 0.999544 0.00165022 19006.2 3.61235e+08 0.171603
0.13 -0.757656 1.05693 0.999891 0.999783 0.000832997 19033.6 3.6228e+08 0.171703
0.12 -0.768051 1.04725 0.999953 0.999907 0.000393042 19061.1 3.63324e+08 0.172858
0.11 -0.778424 1.03158 0.999983 0.999967 0.000149431 19087.7 3.64342e+08 0.172773
0.1 -0.788719 1.03016 0.999995 0.99999 5.00929e-05 19114.5 3.65366e+08 0.16728
0.09 -0.798956 1.01613 0.999999 0.999998 1.09306e-05 19140.8 3.6637e+08 0.165082
0.08 -0.809177 1.04879 1 1 1.35499e-06 19167.6 3.67398e+08 0.167206
0.07 -0.819374 1.01934 1 1 7.75178e-08 19193.8 3.68402e+08 0.167812
0.06 -0.829554 1.02201 1 1 0 19220 3.6941e+08 0.167248
0.05 -0.839692 1.01275 1 1 0 19246.6 3.70432e+08 0.170525
0.04 -0.849802 1.00044 1 1 0 19272.8 3.71442e+08 0.171176
0.03 -0.859887 1.00952 1 1 0 19298.9 3.72448e+08 0.168433
0.02 -0.86995 0.99931 1 1 0 19324.8 3.73448e+08 0.166644
0.01 -0.879989 0.992573 1 1 0 19350.7 3.74451e+08 0.167896
