0 0.0788549 0.000291654
1 0.0795117 0.000296211
2 0.0801584 0.000301168
3 0.0806626 0.000310487
4 0.0813426 0.000306503
5 0.0817737 0.000314949
6 0.0823437 0.000306581
7 0.0829876 0.000312072
8 0.0833898 0.000312295
9 0.0839988 0.00031702
10 0.0844047 0.000327189
11 0.0848734 0.000330933
12 0.085306 0.000334536
13 0.0858001 0.000348248
14 0.086297 0.000356609
15 0.0868179 0.000360379
16 0.0872772 0.00037218
17 0.0877047 0.000364287
18 0.0881076 0.000382153
19 0.0885192 0.000378904
20 0.0888093 0.000392599
21 0.0892426 0.000405509
22 0.0896955 0.000401972
23 0.0901584 0.000392293
24 0.0905339 0.000401033
25 0.0908782 0.000396724
26 0.0911784 0.000401072
27 0.0916725 0.00041715
28 0.0920124 0.000421462
29 0.0922034 0.000426334
30 0.0925911 0.000432596
31 0.0928964 0.000436936
32 0.0931489 0.000435213
33 0.0933261 0.000434574
34 0.0936147 0.000429689
35 0.0938665 0.000437754
36 0.0940871 0.000437349
37 0.0943511 0.000438111
38 0.0945609 0.000440712
39 0.0948047 0.00044456
40 0.0951519 0.00044039
41 0.0954905 0.000450902
42 0.0958073 0.000450262
43 0.0961321 0.000456283
44 0.096441 0.000457375
45 0.0968287 0.000457887
46 0.0971564 0.0004654
47 0.0973618 0.000482473
48 0.0976707 0.000500524
49 0.0977734 0.000510213
50 0.0981474 0.000514697
51 0.0984375 0.000509059
52 0.0986466 0.000511149
53 0.0990647 0.000502424
54 0.0993511 0.000494383
55 0.0995638 0.000489359
56 0.0997772 0.000480314
57 0.0999957 0.000488205
58 0.100318 0.000492634
59 0.100608 0.000503203
60 0.100922 0.000504533
61 0.101102 0.000511436
62 0.101209 0.000510806
63 0.1014 0.000505202
64 0.101549 0.000491819
65 0.101607 0.000484885
66 0.10175 0.000497949
67 0.102062 0.000502293
68 0.1023 0.000502854
69 0.102695 0.000493741
70 0.103114 0.000484635
71 0.103231 0.000479893
72 0.103564 0.000479793
73 0.103872 0.000480896
74 0.104182 0.000488122
75 0.104264 0.000499674
76 0.10455 0.000506949
77 0.104807 0.000517134
78 0.105114 0.000511108
79 0.105326 0.000526835
80 0.105549 0.000525334
81 0.106001 0.000523613
82 0.106103 0.000522832
83 0.106301 0.000523389
84 0.106598 0.000504935
85 0.10689 0.000498942
86 0.107125 0.000490421
87 0.107231 0.000486702
88 0.107347 0.000500086
89 0.10747 0.000501303
90 0.107647 0.000511273
91 0.107756 0.000532161
92 0.108001 0.000533897
93 0.108246 0.000545282
94 0.108636 0.000540336
95 0.108725 0.000535913
96 0.108946 0.00055664
97 0.109308 0.000558462
98 0.109644 0.000566249
99 0.109844 0.000579156
100 0.109934 0.000587212
101 0.110226 0.000600221
102 0.11038 0.000594622
103 0.110558 0.000602242
104 0.110841 0.000606199
105 0.111021 0.000602103
106 0.111091 0.000604997
107 0.111424 0.000586554
108 0.111518 0.000598338
109 0.111728 0.000594905
110 0.112023 0.000613894
111 0.112167 0.00060253
112 0.112322 0.00060373
113 0.112302 0.000602135
114 0.112573 0.000609814
115 0.112591 0.000615123
116 0.112697 0.00061634
117 0.112705 0.000616988
118 0.112854 0.000629553
119 0.113241 0.000634045
120 0.113473 0.000640216
121 0.113558 0.000646301
122 0.113749 0.000650826
123 0.113991 0.000644651
124 0.114036 0.00065041
125 0.114226 0.000640649
126 0.114466 0.000643577
127 0.114525 0.000649919
128 0.114574 0.00065449
129 0.114669 0.000662535
130 0.114706 0.00065812
131 0.114891 0.000660963
132 0.115041 0.000660898
133 0.115178 0.000653244
134 0.115294 0.000654003
135 0.115273 0.00064728
136 0.115328 0.000653396
137 0.115694 0.000650128
138 0.115966 0.000647557
139 0.116024 0.000652291
140 0.116285 0.000653027
141 0.116239 0.00065729
142 0.116398 0.000668718
143 0.116549 0.00066845
144 0.116665 0.00066502
145 0.116795 0.000673832
146 0.116782 0.000676556
147 0.117088 0.000680739
148 0.117199 0.000691699
149 0.117374 0.000702459
150 0.117585 0.000712933
151 0.117734 0.000717051
152 0.117762 0.000715931
153 0.117996 0.000721755
154 0.118287 0.000709894
155 0.118422 0.000716438
156 0.118563 0.000719371
157 0.118648 0.000740771
158 0.118634 0.00073506
159 0.118628 0.000743432
160 0.118668 0.000752964
161 0.119128 0.000771572
162 0.119278 0.000779813
163 0.11947 0.000779955
164 0.11957 0.000776
165 0.119819 0.000789909
166 0.119857 0.000794664
167 0.119881 0.000803909
168 0.120027 0.000816677
169 0.120015 0.000828359
170 0.120129 0.00083085
171 0.120272 0.000827748
172 0.120291 0.000841758
173 0.120423 0.000841864
174 0.120522 0.000854964
175 0.120801 0.000864251
176 0.121106 0.000871772
177 0.121298 0.000849378
178 0.121372 0.000846097
179 0.121346 0.00085239
180 0.121488 0.000855083
181 0.121667 0.000860889
182 0.121963 0.000851377
183 0.122055 0.000857809
184 0.122069 0.000866257
185 0.122263 0.000870157
186 0.122398 0.00088227
187 0.122721 0.000894364
188 0.122894 0.000895261
189 0.123033 0.000918123
190 0.123207 0.000928863
191 0.123274 0.00093783
192 0.123405 0.000921455
193 0.123588 0.000919914
194 0.123665 0.000926376
195 0.123889 0.000934378
196 0.124077 0.000934142
197 0.124082 0.00094675
198 0.124219 0.000955656
199 0.12452 0.000965108
200 0.124563 0.000955166
201 0.124647 0.00094606
202 0.124851 0.0009538
203 0.124952 0.000957634
204 0.125119 0.000965103
205 0.12525 0.000977499
206 0.125401 0.000985644
207 0.125542 0.00100546
208 0.125662 0.00101205
209 0.125715 0.00101391
210 0.125856 0.00101162
211 0.125995 0.00101859
212 0.126264 0.00102318
213 0.126382 0.00104055
214 0.12656 0.00103547
215 0.126776 0.00102436
216 0.126957 0.0010501
217 0.127134 0.00105206
218 0.127213 0.00106417
219 0.127494 0.00106955
220 0.127619 0.00108112
221 0.127857 0.00107366
222 0.128081 0.00108642
223 0.128159 0.00109017
224 0.128398 0.00111011
225 0.12865 0.00110698
226 0.128746 0.00111331
227 0.128799 0.00113086
228 0.129021 0.00114831
229 0.129058 0.00116536
230 0.129167 0.00118474
231 0.129429 0.00119307
232 0.129515 0.00119598
233 0.129593 0.00118878
234 0.129737 0.0011875
235 0.129665 0.00119062
236 0.129863 0.00120533
237 0.130148 0.00122171
238 0.130208 0.00123006
239 0.130329 0.00123969
240 0.130556 0.001251
241 0.130765 0.00127237
242 0.13106 0.0012895
243 0.13106 0.00130793
244 0.131257 0.00132391
245 0.131569 0.0013414
246 0.131816 0.00135183
247 0.132059 0.00135175
248 0.132322 0.00136419
249 0.13243 0.00137078
250 0.132585 0.00137606
251 0.132787 0.00139104
252 0.132979 0.00140117
253 0.133165 0.00142695
254 0.133263 0.00143288
255 0.133263 0.00144325
256 0.133257 0.00145994
257 0.133328 0.00146842
258 0.133588 0.00145867
259 0.133758 0.00147318
260 0.133914 0.00147995
261 0.134112 0.00147408
262 0.134264 0.00149339
263 0.13429 0.0015061
264 0.134397 0.00152394
265 0.134557 0.00154264
266 0.134743 0.00156533
267 0.135109 0.00157489
268 0.135109 0.00160158
269 0.135318 0.00162887
270 0.135637 0.00163689
271 0.135624 0.00165765
272 0.13593 0.00168136
273 0.136089 0.00169321
274 0.136403 0.00171932
275 0.13652 0.00174422
276 0.13663 0.00175764
277 0.136806 0.00178057
278 0.136863 0.00180558
279 0.137085 0.0018438
280 0.137269 0.00187162
281 0.137288 0.0018927
282 0.137362 0.00190536
283 0.137669 0.00193808
284 0.137708 0.00197227
285 0.137946 0.00200024
286 0.138144 0.00202486
287 0.138377 0.00204446
288 0.138766 0.00208214
289 0.139052 0.00212078
290 0.139152 0.00215457
291 0.139255 0.00218993
292 0.139554 0.00222939
293 0.139969 0.00228441
294 0.14021 0.00232705
295 0.14047 0.00235794
296 0.140676 0.00240007
297 0.14098 0.00244945
298 0.141341 0.00250018
299 0.14167 0.00254606
300 0.141896 0.00261284
301 0.142187 0.0026847
302 0.142466 0.00275582
303 0.142724 0.00282133
304 0.143021 0.00290147
305 0.143401 0.00295946
306 0.143716 0.00303769
307 0.143942 0.0031179
308 0.144503 0.00320536
309 0.144727 0.0033044
310 0.145013 0.00341255
311 0.145412 0.00353737
312 0.145877 0.00366622
313 0.146326 0.00379806
314 0.146623 0.0039332
315 0.147209 0.00407916
316 0.147755 0.00422882
317 0.148296 0.0044053
318 0.148796 0.00457
319 0.149318 0.00474387
320 0.149947 0.00494558
321 0.15049 0.00513492
322 0.151198 0.00536822
323 0.151868 0.0055609
324 0.152553 0.00578357
325 0.153388 0.00596678
326 0.153965 0.00617732
327 0.15447 0.00639969
328 0.155105 0.00657177
329 0.155753 0.00674618
330 0.156366 0.00692231
331 0.156807 0.00708062
332 0.157411 0.00723089
333 0.158019 0.00738399
334 0.158445 0.00754784
335 0.159049 0.00770071
336 0.159547 0.00782917
337 0.160163 0.00798438
338 0.160801 0.00812522
339 0.161461 0.00825139
340 0.162024 0.0083664
341 0.162728 0.00847792
342 0.163288 0.00858772
343 0.16412 0.0086801
344 0.164769 0.00877712
345 0.165448 0.00885927
346 0.166229 0.00893861
347 0.166889 0.00901636
348 0.167411 0.00910328
349 0.168168 0.00919019
350 0.168767 0.00927999
351 0.169367 0.0093775
352 0.170103 0.00948453
353 0.170916 0.00960133
354 0.171751 0.00972271
355 0.172525 0.00985062
356 0.173245 0.00998178
357 0.17397 0.0101252
358 0.174691 0.0102599
359 0.175545 0.0104077
360 0.176434 0.0105373
361 0.177378 0.0106559
362 0.178145 0.0107748
363 0.179208 0.0109007
364 0.180145 0.0110236
365 0.181008 0.0111484
366 0.181885 0.0112856
367 0.182875 0.0114177
368 0.183916 0.0115481
369 0.185102 0.0116979
370 0.186139 0.0118684
371 0.187264 0.012044
372 0.188592 0.0122548
373 0.189999 0.0124515
374 0.191343 0.012653
375 0.192634 0.0128748
376 0.193932 0.0131059
377 0.195218 0.0133058
378 0.196369 0.0135179
379 0.197663 0.0137574
380 0.199094 0.0139606
381 0.200527 0.0141708
382 0.201805 0.0143712
383 0.203171 0.0145638
384 0.204474 0.0147529
385 0.20591 0.0149336
386 0.207273 0.0151272
387 0.208575 0.0153266
388 0.210025 0.0155224
389 0.211604 0.015723
390 0.213019 0.0159516
391 0.214707 0.0161756
392 0.216296 0.0163955
393 0.217822 0.0166273
394 0.219232 0.0168602
395 0.220815 0.0170688
396 0.222341 0.0172607
397 0.223631 0.0174451
398 0.225153 0.0176507
399 0.226522 0.0178144
400 0.228171 0.0179994
401 0.229541 0.0181809
402 0.231079 0.0183704
403 0.232649 0.0185484
404 0.234151 0.0187371
405 0.235783 0.0189068
406 0.237511 0.0190872
407 0.239143 0.0192608
408 0.240535 0.01942
409 0.241915 0.0195635
410 0.243431 0.0197118
411 0.24486 0.0198637
412 0.246189 0.0200153
413 0.247671 0.0201627
414 0.24932 0.0203201
415 0.250751 0.0204663
416 0.252199 0.0206236
417 0.25366 0.0207741
418 0.255132 0.0209253
419 0.256372 0.0210785
420 0.257719 0.0212197
421 0.259054 0.0213532
422 0.260573 0.0214722
423 0.26195 0.0215962
424 0.263148 0.0217108
425 0.264315 0.0218385
426 0.265703 0.0219531
427 0.266843 0.0220584
428 0.268154 0.0221604
429 0.269546 0.0222455
430 0.270754 0.0223139
431 0.271863 0.0223902
432 0.272931 0.0224488
433 0.273796 0.0225072
434 0.274912 0.022556
435 0.275963 0.022607
436 0.277 0.0226582
437 0.277936 0.0227107
438 0.279192 0.0227714
439 0.280498 0.0228396
440 0.281764 0.0229061
441 0.283038 0.0229791
442 0.284314 0.0230657
443 0.285715 0.0231589
444 0.287103 0.0232494
445 0.288432 0.0233409
446 0.289852 0.0234338
447 0.291282 0.0235216
448 0.292671 0.023599
449 0.294138 0.0236808
450 0.295624 0.0237615
451 0.297099 0.0238396
452 0.298735 0.0239129
453 0.300064 0.0239749
454 0.301586 0.0240444
455 0.303238 0.0241096
456 0.304618 0.0241701
457 0.30594 0.0242238
458 0.307221 0.0242854
459 0.30897 0.024339
460 0.310487 0.0243942
461 0.311981 0.0244531
462 0.313586 0.024506
463 0.315123 0.024567
464 0.316889 0.0246258
465 0.318814 0.024685
466 0.320569 0.0247501
467 0.322376 0.0248265
468 0.324169 0.0249158
469 0.326151 0.0249999
470 0.327993 0.025093
471 0.330215 0.0251732
472 0.332235 0.0252746
473 0.334336 0.0253827
474 0.336251 0.0254803
475 0.338271 0.0255836
476 0.340318 0.0256809
477 0.342296 0.025776
478 0.34426 0.0258642
479 0.346222 0.025939
480 0.348232 0.0260085
481 0.350352 0.0260777
482 0.352581 0.0261306
483 0.354834 0.0261909
484 0.356921 0.0262494
485 0.358946 0.02632
486 0.361002 0.0263857
487 0.363263 0.0264714
488 0.365701 0.0265462
489 0.36813 0.0266262
490 0.370763 0.0267259
491 0.373356 0.0268364
492 0.375962 0.0269364
493 0.378701 0.0270506
494 0.381374 0.0271825
495 0.384192 0.0273149
496 0.386989 0.0274409
497 0.389953 0.0275779
498 0.392833 0.0277185
499 0.395683 0.0278546
500 0.398568 0.0279802
501 0.401449 0.02811
502 0.404335 0.0282126
503 0.407133 0.0282979
504 0.409912 0.0283682
505 0.412623 0.0284286
506 0.41521 0.0284771
507 0.417814 0.0285289
508 0.420608 0.0285691
509 0.423358 0.0286222
510 0.426159 0.0286708
511 0.429189 0.02872
512 0.432154 0.028782
513 0.435188 0.0288486
514 0.438265 0.0289264
515 0.441677 0.0290219
516 0.445253 0.0291182
517 0.448839 0.029229
518 0.452561 0.0293487
519 0.456419 0.0294907
520 0.460407 0.0296387
521 0.464445 0.0297887
522 0.468579 0.0299389
523 0.47259 0.0300983
524 0.4767 0.0302675
525 0.480739 0.0304198
526 0.484625 0.0305685
527 0.488134 0.0307048
528 0.491833 0.0308295
529 0.495249 0.0309346
530 0.498294 0.0310412
531 0.501551 0.0311385
532 0.504687 0.0312117
533 0.507708 0.0312882
534 0.510714 0.0313606
535 0.513561 0.0314172
536 0.516505 0.0314617
537 0.519372 0.0314971
538 0.522106 0.0315473
539 0.525152 0.0315996
540 0.527894 0.0316288
541 0.530814 0.0316648
542 0.533503 0.0317066
543 0.536379 0.0317469
544 0.539199 0.0317805
545 0.542117 0.0318213
546 0.545162 0.0318478
547 0.547982 0.0318841
548 0.550921 0.0319114
549 0.553688 0.0319519
550 0.5565 0.0319985
551 0.559461 0.032043
552 0.562413 0.0320733
553 0.565151 0.0321196
554 0.567951 0.0321708
555 0.570689 0.0322124
556 0.573395 0.0322377
557 0.576149 0.032286
558 0.578706 0.032322
559 0.581177 0.0323568
560 0.583478 0.0323834
561 0.585498 0.0324084
562 0.58781 0.0324122
563 0.589876 0.0324067
564 0.59202 0.0323885
565 0.593889 0.03238
566 0.595757 0.032369
567 0.597564 0.0323507
568 0.599617 0.0323228
569 0.60157 0.0322838
570 0.603546 0.0322384
571 0.605571 0.0322017
572 0.607666 0.0321598
573 0.609753 0.032112
574 0.611908 0.032076
575 0.614189 0.0320379
576 0.616511 0.0320019
577 0.618987 0.0319773
578 0.621538 0.0319558
579 0.624091 0.0319451
580 0.626806 0.0319282
581 0.629371 0.0319239
582 0.631958 0.0319135
583 0.634789 0.0319112
584 0.637561 0.0319088
585 0.640556 0.0318999
586 0.643414 0.031909
587 0.646291 0.0319229
588 0.649196 0.0319336
589 0.652115 0.0319377
590 0.654679 0.0319633
591 0.657576 0.0319831
592 0.660318 0.0319819
593 0.663102 0.031999
594 0.665609 0.0320038
595 0.668113 0.0320294
596 0.67055 0.0320551
597 0.672904 0.0320697
598 0.67524 0.032085
599 0.677361 0.0321017
600 0.679493 0.0321113
601 0.681573 0.032119
602 0.683589 0.0321266
603 0.685414 0.0321322
604 0.687208 0.0321413
605 0.688856 0.0321559
606 0.690387 0.0321716
607 0.691926 0.0321773
608 0.693515 0.0321747
609 0.694918 0.0321677
610 0.696231 0.0321692
611 0.697436 0.0321725
612 0.698675 0.0321647
613 0.699868 0.0321485
614 0.700916 0.032131
615 0.702086 0.0321101
616 0.702922 0.0320914
617 0.703933 0.0320744
618 0.704921 0.0320553
619 0.705911 0.032027
620 0.706925 0.0320084
621 0.707851 0.0320027
622 0.708819 0.0319965
623 0.7098 0.0319804
624 0.710798 0.0319719
625 0.711699 0.0319622
626 0.712635 0.0319455
627 0.713529 0.0319393
628 0.714427 0.0319224
629 0.715144 0.0319088
630 0.715787 0.0319041
631 0.716476 0.0318945
632 0.717287 0.0318775
633 0.717899 0.0318515
634 0.718508 0.0318403
635 0.719158 0.0318085
636 0.719672 0.0317716
637 0.72032 0.031745
638 0.721003 0.03172
639 0.721654 0.0316765
640 0.722151 0.0316517
641 0.722641 0.0316235
642 0.723389 0.0315824
643 0.723895 0.0315506
644 0.724541 0.0315226
645 0.725106 0.0314982
646 0.725864 0.0314479
647 0.726555 0.0314184
648 0.727367 0.0313801
649 0.72809 0.0313338
650 0.728938 0.031285
651 0.729706 0.0312382
652 0.730594 0.0311993
653 0.731233 0.0311538
654 0.732211 0.0310896
655 0.732908 0.0310454
656 0.73367 0.0310068
657 0.73448 0.0309556
658 0.735383 0.030915
659 0.736283 0.0308684
660 0.737201 0.0308219
661 0.738101 0.0307802
662 0.739152 0.0307345
663 0.740229 0.030677
664 0.741335 0.0306264
665 0.742195 0.0305849
666 0.743451 0.0305322
667 0.744644 0.030465
668 0.745842 0.0304098
669 0.746976 0.0303618
670 0.748298 0.0303173
671 0.7495 0.0302668
672 0.750661 0.0302248
673 0.751825 0.0301836
674 0.752952 0.0301431
675 0.754085 0.0301101
676 0.755196 0.0300653
677 0.756429 0.0300174
678 0.757641 0.0299751
679 0.758696 0.0299405
680 0.760095 0.0298824
681 0.761081 0.029846
682 0.762391 0.029811
683 0.763581 0.0297681
684 0.764955 0.0297246
685 0.766162 0.0296657
686 0.767493 0.0296302
687 0.768617 0.0295955
688 0.769938 0.029564
689 0.771168 0.0295246
690 0.772382 0.029495
691 0.77365 0.0294615
692 0.774766 0.0294235
693 0.77587 0.0293936
694 0.776949 0.0293552
695 0.777923 0.0293265
696 0.778783 0.0292929
697 0.779865 0.0292506
698 0.780807 0.0292082
699 0.781728 0.0291566
700 0.782696 0.0291139
701 0.783526 0.0290662
702 0.78428 0.0290237
703 0.785111 0.0289877
704 0.786044 0.0289495
705 0.787075 0.0288982
706 0.787922 0.0288434
707 0.789054 0.028774
708 0.789967 0.0287305
709 0.790845 0.0286901
710 0.791955 0.0286302
711 0.793072 0.028578
712 0.794116 0.0285185
713 0.795132 0.0284829
714 0.796102 0.0284421
715 0.797297 0.028392
716 0.798302 0.0283532
717 0.799287 0.028312
718 0.800356 0.0282771
719 0.801324 0.0282444
720 0.802319 0.0281976
721 0.803387 0.0281552
722 0.804353 0.0281105
723 0.805416 0.0280654
724 0.806345 0.0280167
725 0.807337 0.0279648
726 0.808338 0.0279252
727 0.809207 0.0278801
728 0.81011 0.0278307
729 0.811107 0.0277803
730 0.811998 0.0277312
731 0.812996 0.0276743
732 0.813925 0.0276082
733 0.814813 0.0275615
734 0.815683 0.0275053
735 0.816544 0.027453
736 0.817463 0.0273962
737 0.818386 0.0273361
738 0.819344 0.0272756
739 0.82038 0.0272249
740 0.821348 0.0271751
741 0.822285 0.0271338
742 0.823283 0.0270948
743 0.824296 0.0270503
744 0.825488 0.0270066
745 0.826395 0.0269695
746 0.827382 0.0269442
747 0.828437 0.0269054
748 0.829452 0.0268562
749 0.830522 0.0268104
750 0.831336 0.0267867
751 0.832238 0.026758
752 0.833009 0.0267235
753 0.833864 0.026699
754 0.834545 0.0266622
755 0.835383 0.0266345
756 0.836144 0.0266079
757 0.83677 0.0265813
758 0.837409 0.0265526
759 0.83814 0.0265299
760 0.838772 0.0265107
761 0.839397 0.0264854
762 0.839956 0.026468
763 0.840374 0.0264632
764 0.841 0.0264297
765 0.841571 0.0264012
766 0.842258 0.0263613
767 0.84279 0.0263343
768 0.843351 0.0263102
769 0.843712 0.0262977
770 0.844059 0.0262807
771 0.844563 0.0262522
772 0.844917 0.0262305
773 0.845244 0.0262073
774 0.845582 0.0261842
775 0.845906 0.0261636
776 0.846183 0.0261511
777 0.846598 0.02613
778 0.846907 0.0261056
779 0.847216 0.0260888
780 0.847693 0.0260438
781 0.848031 0.0260217
782 0.848307 0.0260079
783 0.84849 0.0259884
784 0.848749 0.0259757
785 0.848917 0.02597
786 0.849132 0.0259469
787 0.84937 0.0258981
788 0.849651 0.0258793
789 0.849878 0.0258425
790 0.850231 0.0257997
791 0.85042 0.0257664
792 0.850613 0.0257389
793 0.85077 0.025723
794 0.850976 0.025682
795 0.851265 0.0256518
796 0.851508 0.0256079
797 0.851703 0.0255881
798 0.851954 0.0255581
799 0.8522 0.0255196
800 0.852463 0.0254758
801 0.85276 0.0254593
802 0.853095 0.0254223
803 0.853482 0.0253695
804 0.853811 0.0253219
805 0.854235 0.0252784
806 0.854557 0.025234
807 0.855015 0.0251892
808 0.855396 0.025132
809 0.85579 0.0250833
810 0.856237 0.0250383
811 0.856711 0.0249909
812 0.857172 0.0249499
813 0.857809 0.0248887
814 0.858357 0.0248325
815 0.858882 0.0247853
816 0.85946 0.0247349
817 0.860095 0.0246743
818 0.860634 0.0246218
819 0.861193 0.0245667
820 0.86184 0.0245302
821 0.86238 0.0244813
822 0.862886 0.0244332
823 0.863531 0.02438
824 0.864196 0.0243213
825 0.864847 0.0242704
826 0.865475 0.0242149
827 0.866136 0.024163
828 0.86684 0.0241191
829 0.867604 0.024067
830 0.868334 0.0240014
831 0.869076 0.0239505
832 0.869784 0.0239004
833 0.870552 0.0238486
834 0.87122 0.0238039
835 0.871915 0.0237431
836 0.872743 0.0236918
837 0.873517 0.0236399
838 0.874277 0.0235941
839 0.875192 0.0235361
840 0.875908 0.0235002
841 0.876697 0.0234697
842 0.877628 0.0234441
843 0.878371 0.0234177
844 0.879096 0.0234059
845 0.879926 0.0233904
846 0.880663 0.0233596
847 0.881171 0.0233572
848 0.881688 0.0233444
849 0.882163 0.0233304
850 0.88252 0.0233049
851 0.882875 0.0232929
852 0.883174 0.0232643
853 0.883479 0.0232339
854 0.883805 0.0232062
855 0.883988 0.0231873
856 0.884162 0.0231692
857 0.884458 0.0231348
858 0.884674 0.0231105
859 0.884808 0.0230962
860 0.885135 0.0230694
861 0.88543 0.0230411
862 0.885758 0.0230153
863 0.885994 0.0229841
864 0.88626 0.0229553
865 0.886563 0.0229214
866 0.886913 0.0228919
867 0.887117 0.0228686
868 0.887425 0.0228412
869 0.887675 0.0228097
870 0.887923 0.0227841
871 0.888202 0.0227638
872 0.888429 0.0227406
873 0.888639 0.0227224
874 0.888814 0.0227109
875 0.888979 0.0226885
876 0.889089 0.0226524
877 0.889247 0.0226464
878 0.889454 0.0226068
879 0.889656 0.0225747
880 0.889812 0.0225564
881 0.889974 0.0225244
882 0.890114 0.0224916
883 0.890307 0.0224547
884 0.890593 0.0224289
885 0.890717 0.0223981
886 0.890857 0.0223686
887 0.891146 0.0223263
888 0.891379 0.0222779
889 0.891601 0.0222551
890 0.891757 0.0222265
891 0.892042 0.0221875
892 0.892401 0.0221321
893 0.892556 0.0220822
894 0.892935 0.0220363
895 0.893155 0.0220045
896 0.893474 0.0219514
897 0.893806 0.0219107
898 0.894183 0.0218722
899 0.894445 0.0218271
900 0.89483 0.0217765
901 0.895324 0.0217182
902 0.89581 0.0216536
903 0.896253 0.0216009
904 0.896797 0.0215389
905 0.897375 0.021485
906 0.897781 0.0214363
907 0.898414 0.0213803
908 0.899026 0.0213146
909 0.899662 0.0212533
910 0.900284 0.0212091
911 0.900954 0.0211501
912 0.901481 0.021096
913 0.901999 0.0210577
914 0.902529 0.0210148
915 0.903173 0.0209742
916 0.903628 0.0209336
917 0.904044 0.0208833
918 0.904517 0.0208445
919 0.904914 0.0207871
920 0.905477 0.0207342
921 0.905913 0.0206798
922 0.906362 0.0206153
923 0.906832 0.0205683
924 0.907311 0.020521
925 0.907813 0.0204955
926 0.908189 0.0204407
927 0.90871 0.0203914
928 0.909256 0.0203573
929 0.909651 0.0203177
930 0.910085 0.0203014
931 0.910634 0.0202635
932 0.911084 0.0202233
933 0.91146 0.0201945
934 0.911812 0.0201716
935 0.912261 0.0201403
936 0.912486 0.020119
937 0.912758 0.0200897
938 0.913046 0.0200537
939 0.913173 0.0200116
940 0.91349 0.0199719
941 0.913687 0.0199198
942 0.913911 0.0198715
943 0.914148 0.0198385
944 0.914329 0.0197934
945 0.914562 0.0197444
946 0.914813 0.0197006
947 0.915036 0.0196639
948 0.915242 0.0196129
949 0.91547 0.0195611
950 0.915653 0.0195328
951 0.915817 0.0194879
952 0.916221 0.0194264
953 0.916434 0.0193817
954 0.916593 0.0193349
955 0.916989 0.0192741
956 0.917312 0.0192058
957 0.917603 0.0191453
958 0.91799 0.0190752
959 0.918408 0.0190101
960 0.918769 0.0189293
961 0.919278 0.0188506
962 0.919782 0.0187653
963 0.920234 0.0186794
964 0.920707 0.0186034
965 0.921248 0.0185095
966 0.921693 0.018433
967 0.922269 0.0183383
968 0.922933 0.0182499
969 0.923553 0.0181669
970 0.924147 0.018085
971 0.924811 0.0179827
972 0.925459 0.0179088
973 0.92614 0.0178291
974 0.926827 0.0177193
975 0.927472 0.0176122
976 0.928161 0.0175148
977 0.928775 0.0174125
978 0.929409 0.0173007
979 0.930156 0.0172041
980 0.930856 0.0170931
981 0.931575 0.0170008
982 0.932193 0.0169028
983 0.932896 0.016774
984 0.93362 0.0166581
985 0.934493 0.0165378
986 0.935265 0.0164045
987 0.935943 0.0162918
988 0.936858 0.0161588
989 0.937677 0.0160315
990 0.938681 0.0158927
991 0.939688 0.0157501
992 0.94064 0.01562
993 0.941618 0.0155067
994 0.942674 0.0153712
995 0.943698 0.0152601
996 0.944745 0.0151436
997 0.94587 0.0150445
998 0.947022 0.0149432
999 0.94809 0.0148543
1000 0.94905 0.0147695
1001 0.949932 0.0146846
1002 0.950839 0.0146064
1003 0.951573 0.0145342
1004 0.952333 0.0144665
1005 0.952814 0.0144176
1006 0.953437 0.0143508
1007 0.953963 0.0142862
1008 0.954462 0.0142103
1009 0.95495 0.0141419
1010 0.955394 0.0140633
1011 0.955896 0.0139991
1012 0.95634 0.0139374
1013 0.956795 0.0138544
1014 0.957123 0.0137947
1015 0.957611 0.0137213
1016 0.957945 0.0136603
1017 0.958378 0.0136042
1018 0.9587 0.0135426
1019 0.959055 0.0134775
1020 0.959423 0.0134075
1021 0.959613 0.0133702
1022 0.959967 0.0132972
1023 0.960295 0.0132227
1024 0.960645 0.0131551
1025 0.960988 0.0130884
1026 0.96132 0.0130304
1027 0.961631 0.0129699
1028 0.961966 0.012895
1029 0.962458 0.0128126
1030 0.96287 0.0127315
1031 0.963331 0.0126433
1032 0.963626 0.0125714
1033 0.96411 0.0125068
1034 0.964453 0.0124424
1035 0.96479 0.0123859
1036 0.965115 0.0123052
1037 0.965446 0.0122296
1038 0.965909 0.0121459
1039 0.966425 0.0120507
1040 0.966686 0.0119749
1041 0.967138 0.0118838
1042 0.967656 0.0117839
1043 0.968081 0.0117012
1044 0.968505 0.011617
1045 0.96901 0.011552
1046 0.969497 0.0114685
1047 0.969981 0.0114051
1048 0.970419 0.0113314
1049 0.970895 0.0112631
1050 0.971328 0.0111929
1051 0.971782 0.0111496
1052 0.972137 0.0111073
1053 0.97246 0.0110638
1054 0.972788 0.0110259
1055 0.973121 0.0109664
1056 0.973381 0.0109155
1057 0.973743 0.0108755
1058 0.973854 0.0108371
1059 0.974123 0.0107894
1060 0.974387 0.0107464
1061 0.974685 0.0107047
1062 0.974813 0.0106723
1063 0.975053 0.0106402
1064 0.975265 0.0105958
1065 0.97554 0.0105631
1066 0.975739 0.010534
1067 0.975856 0.0105111
1068 0.976124 0.010486
1069 0.976351 0.0104634
1070 0.976476 0.0104371
1071 0.976601 0.0103928
1072 0.976756 0.0103664
1073 0.976902 0.0103411
1074 0.976954 0.0103113
1075 0.976985 0.0102865
1076 0.977106 0.0102661
1077 0.977268 0.0102434
1078 0.97731 0.0102095
1079 0.977349 0.010194
1080 0.977386 0.0101642
1081 0.977443 0.0101392
1082 0.977605 0.0101079
1083 0.977652 0.0100895
1084 0.977707 0.0100504
1085 0.97786 0.0100132
1086 0.977923 0.00998818
1087 0.978057 0.00994458
1088 0.978153 0.00991147
1089 0.978307 0.00986866
1090 0.978443 0.00984538
1091 0.978519 0.00980821
1092 0.978633 0.009787
1093 0.978785 0.00974109
1094 0.978886 0.00970953
1095 0.979016 0.00967479
1096 0.979259 0.00964797
1097 0.979465 0.00960618
1098 0.979643 0.00956205
1099 0.979829 0.00953649
1100 0.980017 0.00951735
1101 0.980195 0.00948757
1102 0.980335 0.00947989
1103 0.980558 0.00945635
1104 0.980736 0.00943915
1105 0.980912 0.00942626
1106 0.981011 0.00940825
1107 0.981221 0.00938525
1108 0.981263 0.00938253
1109 0.981309 0.00937258
1110 0.981318 0.00936963
1111 0.981449 0.00934736
1112 0.98143 0.00933936
1113 0.981433 0.00932716
1114 0.981487 0.00932628
1115 0.981481 0.00932524
1116 0.981453 0.00932242
1117 0.981489 0.00931318
1118 0.981532 0.0093051
1119 0.981544 0.00929263
1120 0.981571 0.00929267
1121 0.981572 0.00927658
1122 0.981601 0.00927169
1123 0.981611 0.00926771
1124 0.981656 0.00926049
1125 0.981689 0.00923496
1126 0.98167 0.00922068
1127 0.981806 0.00920052
1128 0.981736 0.00919068
1129 0.981737 0.00918782
1130 0.981731 0.00917169
1131 0.981793 0.00916859
1132 0.981855 0.00915026
1133 0.981882 0.00913965
1134 0.981823 0.0091304
1135 0.981856 0.00913501
1136 0.981838 0.00912761
1137 0.981891 0.00911461
1138 0.981951 0.00910694
1139 0.98191 0.00908439
1140 0.981895 0.00907655
1141 0.981983 0.00906309
1142 0.982028 0.00904912
1143 0.982075 0.00904334
1144 0.982048 0.00903567
1145 0.982009 0.00902717
1146 0.982042 0.00902752
1147 0.982127 0.00900908
1148 0.982106 0.00900126
1149 0.982142 0.00898245
1150 0.982106 0.00896694
1151 0.982148 0.00893385
1152 0.982292 0.00892068
1153 0.98229 0.00889809
1154 0.982334 0.00889328
1155 0.982339 0.00886895
1156 0.982353 0.00883533
1157 0.982441 0.00880851
1158 0.982496 0.00876455
1159 0.982557 0.00874883
1160 0.982571 0.00870716
1161 0.982722 0.00866818
1162 0.982712 0.00863383
1163 0.982829 0.00860753
1164 0.982829 0.00858706
1165 0.982946 0.00857896
1166 0.982909 0.00852797
1167 0.983016 0.00851589
1168 0.983052 0.00848567
1169 0.983147 0.00844775
1170 0.983205 0.00840374
1171 0.98327 0.00836164
1172 0.98336 0.00831502
1173 0.983426 0.00826867
1174 0.983547 0.00823876
1175 0.983619 0.00822076
1176 0.983687 0.00818823
1177 0.983808 0.00813617
1178 0.983976 0.00809089
1179 0.98406 0.00801939
1180 0.984236 0.00793974
1181 0.984324 0.00787692
1182 0.984479 0.0078199
1183 0.984704 0.00775561
1184 0.984874 0.0076848
1185 0.985035 0.00761359
1186 0.9852 0.00757845
1187 0.985328 0.0075309
1188 0.985497 0.0074599
1189 0.985741 0.00738828
1190 0.985939 0.00733064
1191 0.986225 0.00727516
1192 0.986322 0.00723643
1193 0.986702 0.00718393
1194 0.98691 0.00713616
1195 0.987064 0.00710074
1196 0.987295 0.0070745
1197 0.987399 0.0070345
1198 0.987574 0.00699834
1199 0.98765 0.00697126
1200 0.987732 0.00693343
1201 0.987922 0.00691361
1202 0.987918 0.00688225
1203 0.987988 0.00683589
1204 0.988174 0.00680592
1205 0.988181 0.00678189
1206 0.988176 0.0067468
1207 0.988317 0.00670879
1208 0.988418 0.00666195
1209 0.988417 0.00663529
1210 0.988502 0.00659444
1211 0.988626 0.00654874
1212 0.988641 0.00651393
1213 0.988678 0.00646866
1214 0.988802 0.00641934
1215 0.988832 0.0063779
1216 0.989002 0.00632356
1217 0.988974 0.00626751
1218 0.989127 0.00621068
1219 0.989206 0.00614309
1220 0.989361 0.00607248
1221 0.98947 0.00601037
1222 0.98964 0.00592802
1223 0.989708 0.00587334
1224 0.989836 0.00579257
1225 0.990027 0.00571618
1226 0.990132 0.00564343
1227 0.990313 0.005557
1228 0.990464 0.00549618
1229 0.990611 0.00542792
1230 0.990814 0.00534865
1231 0.99094 0.00527109
1232 0.991124 0.00518944
1233 0.991395 0.00510644
1234 0.991574 0.00503808
1235 0.991854 0.00497777
1236 0.992014 0.00492932
1237 0.992172 0.0048858
1238 0.99226 0.00484958
1239 0.992402 0.00482753
1240 0.992637 0.00478222
1241 0.992779 0.00474799
1242 0.992816 0.004741
1243 0.993003 0.00470883
1244 0.993135 0.00466424
1245 0.992996 0.00464123
1246 0.993173 0.00458121
1247 0.993203 0.00453705
1248 0.993252 0.00449809
1249 0.99331 0.00446928
1250 0.993427 0.00441705
1251 0.993426 0.00437708
1252 0.993479 0.00432736
1253 0.993505 0.00428834
1254 0.99356 0.00423795
1255 0.993624 0.00418536
1256 0.993701 0.00412343
1257 0.993768 0.00405205
1258 0.993754 0.00398224
1259 0.993937 0.00392398
1260 0.993902 0.00383887
1261 0.993994 0.00378862
1262 0.994083 0.00370655
1263 0.994161 0.00361486
1264 0.994298 0.0035178
1265 0.994388 0.00342914
1266 0.994457 0.00333891
1267 0.994606 0.00324621
1268 0.994719 0.00313374
1269 0.994808 0.00298558
1270 0.994985 0.00288292
1271 0.995093 0.00274655
1272 0.995183 0.00263028
1273 0.995231 0.00251239
1274 0.995424 0.00235254
1275 0.995543 0.00221769
1276 0.995774 0.0020675
1277 0.995867 0.00191277
1278 0.996043 0.00174926
1279 0.99617 0.00155212
1280 0.996439 0.00134852
1281 0.996684 0.00115345
1282 0.996858 0.000982876
1283 0.996983 0.000816705
1284 0.997158 0.000666016
1285 0.99733 0.000530885
1286 0.997426 0.000390898
1287 0.997593 0.000283333
1288 0.997651 0.000221515
1289 0.997708 0.000155716
1290 0.997669 0.000116069
1291 0.997662 8.8054e-05
1292 0.997742 7.04075e-05
1293 0.997782 5.89142e-05
1294 0.997799 5.61478e-05
1295 0.997788 5.07067e-05
1296 0.997807 4.60276e-05
1297 0.997748 4.30145e-05
1298 0.997835 4.38387e-05
1299 0.997759 3.75041e-05
1300 0.997816 3.72284e-05
1301 0.997967 3.84232e-05
1302 0.997779 3.9445e-05
1303 0.997736 4.06854e-05
1304 0.997839 3.85492e-05
1305 0.997792 4.12661e-05
1306 0.997794 4.05695e-05
1307 0.99782 3.9936e-05
1308 0.997823 3.84989e-05
1309 0.997812 4.26497e-05
1310 0.997856 3.80951e-05
1311 0.99787 3.9719e-05
1312 0.997873 3.94623e-05
1313 0.997804 4.02719e-05
1314 0.997878 3.85973e-05
1315 0.997875 3.5707e-05
1316 0.997853 4.1221e-05
1317 0.997838 3.97279e-05
1318 0.997898 4.30948e-05
1319 0.997868 3.7701e-05
1320 0.997798 3.94298e-05
1321 0.997843 3.73213e-05
1322 0.997826 4.15535e-05
1323 0.997795 3.76897e-05
1324 0.997835 4.00459e-05
1325 0.997792 4.12895e-05
1326 0.997874 4.01602e-05
1327 0.997844 4.31646e-05
1328 0.997813 4.15139e-05
1329 0.997818 3.8457e-05
1330 0.997853 3.72605e-05
1331 0.99786 3.65735e-05
1332 0.997847 3.55573e-05
1333 0.997792 4.53368e-05
1334 0.997874 3.93175e-05
1335 0.997825 4.40174e-05
1336 0.997764 3.87112e-05
1337 0.997741 4.37997e-05
1338 0.99781 4.07677e-05
1339 0.997899 3.61171e-05
1340 0.997911 4.03434e-05
1341 0.997851 3.71073e-05
1342 0.997836 3.75075e-05
1343 0.99784 3.73974e-05
1344 0.997844 4.16891e-05
1345 0.997878 3.95224e-05
1346 0.997853 3.5373e-05
1347 0.997867 4.17162e-05
1348 0.997819 4.01296e-05
1349 0.997828 4.20491e-05
1350 0.997737 4.1125e-05
1351 0.997795 4.00196e-05
1352 0.997807 3.85037e-05
1353 0.997834 4.08934e-05
1354 0.99782 4.01374e-05
1355 0.997857 4.08077e-05
1356 0.997759 3.93426e-05
1357 0.997822 3.93042e-05
1358 0.997789 4.70313e-05
1359 0.997859 3.91517e-05
1360 0.997807 4.001e-05
1361 0.997814 4.03071e-05
1362 0.997835 4.36593e-05
1363 0.997837 4.20888e-05
1364 0.997857 3.80574e-05
1365 0.997852 4.02371e-05
1366 0.997867 3.4945e-05
1367 0.997832 4.2728e-05
1368 0.997822 4.16945e-05
1369 0.997824 3.85336e-05
1370 0.997805 3.88091e-05
1371 0.997805 3.76317e-05
1372 0.997851 3.86002e-05
1373 0.997745 4.16791e-05
1374 0.997823 3.91859e-05
1375 0.997844 4.28238e-05
1376 0.997789 4.37351e-05
1377 0.997849 3.95649e-05
1378 0.997784 4.36824e-05
1379 0.997765 4.36204e-05
1380 0.997833 3.86036e-05
1381 0.997846 3.77925e-05
1382 0.997891 3.91216e-05
1383 0.997822 4.06137e-05
1384 0.997763 3.79849e-05
1385 0.997826 3.83789e-05
1386 0.997759 3.97133e-05
1387 0.997855 3.88262e-05
1388 0.997753 4.04258e-05
1389 0.997818 3.96678e-05
1390 0.997825 4.41005e-05
1391 0.997727 3.79176e-05
1392 0.997768 4.09259e-05
1393 0.997808 4.327e-05
1394 0.997834 3.8819e-05
1395 0.99783 4.18186e-05
1396 0.997824 3.87503e-05
1397 0.997766 3.94383e-05
1398 0.997776 3.90457e-05
1399 0.997834 3.66559e-05
1400 0.997786 3.832e-05
1401 0.997844 3.86896e-05
1402 0.997819 4.47415e-05
1403 0.99786 3.9794e-05
1404 0.997798 4.15115e-05
1405 0.997833 3.89876e-05
1406 0.99781 3.94277e-05
1407 0.997805 3.65492e-05
1408 0.997854 3.77289e-05
1409 0.997746 3.93581e-05
1410 0.997853 4.04522e-05
1411 0.997801 4.27182e-05
1412 0.997807 4.27417e-05
1413 0.997826 4.07336e-05
1414 0.99786 3.92912e-05
1415 0.997812 3.78987e-05
1416 0.99782 3.96071e-05
1417 0.997872 3.83703e-05
1418 0.997793 4.00132e-05
1419 0.997852 3.75879e-05
1420 0.997892 3.91742e-05
1421 0.997807 4.42456e-05
1422 0.997816 3.88111e-05
1423 0.99789 3.72458e-05
1424 0.997885 3.96574e-05
1425 0.997861 3.78285e-05
1426 0.997842 4.26676e-05
1427 0.997829 3.76782e-05
1428 0.99782 4.26848e-05
1429 0.997816 3.98226e-05
1430 0.997717 4.30503e-05
1431 0.997814 3.82693e-05
1432 0.9978 4.41664e-05
1433 0.997786 4.0095e-05
1434 0.997812 3.7538e-05
1435 0.997864 3.79638e-05
1436 0.997844 4.14625e-05
1437 0.997815 4.17518e-05
1438 0.997867 4.09459e-05
1439 0.997821 3.98387e-05
1440 0.997792 3.96493e-05
1441 0.997829 3.90155e-05
1442 0.99783 4.08309e-05
1443 0.997805 4.3166e-05
1444 0.997831 3.91227e-05
1445 0.99779 3.81327e-05
1446 0.997727 4.00518e-05
1447 0.997768 4.13954e-05
1448 0.997878 3.63931e-05
1449 0.997819 3.94458e-05
1450 0.99789 4.17376e-05
1451 0.997878 3.98513e-05
1452 0.997836 3.85804e-05
1453 0.997847 3.7728e-05
1454 0.997771 4.00236e-05
1455 0.997812 3.72534e-05
1456 0.997828 3.99037e-05
1457 0.997849 4.20317e-05
1458 0.997807 4.13188e-05
1459 0.997846 3.81597e-05
1460 0.997766 3.90248e-05
1461 0.997831 4.19434e-05
1462 0.997813 3.88621e-05
1463 0.997865 3.71749e-05
1464 0.997783 4.09259e-05
1465 0.997808 3.85094e-05
1466 0.997887 3.90584e-05
1467 0.997784 4.18845e-05
1468 0.997787 3.91147e-05
1469 0.997818 4.01739e-05
1470 0.997803 3.99622e-05
1471 0.997811 3.62809e-05
1472 0.9979 3.85655e-05
1473 0.997806 3.80152e-05
1474 0.99782 4.27215e-05
1475 0.997816 4.43603e-05
1476 0.997857 3.99098e-05
1477 0.99783 3.98319e-05
1478 0.997833 4.09514e-05
1479 0.997809 3.92456e-05
1480 0.997835 3.82686e-05
1481 0.997772 3.7625e-05
1482 0.997838 3.94504e-05
1483 0.997848 4.21603e-05
1484 0.997771 3.99445e-05
1485 0.997813 3.80272e-05
1486 0.997918 3.96262e-05
1487 0.997817 3.83721e-05
1488 0.997874 4.29677e-05
1489 0.997819 4.02468e-05
1490 0.997741 4.56254e-05
1491 0.997852 3.91695e-05
1492 0.997727 4.08282e-05
1493 0.99782 3.72712e-05
1494 0.997736 4.10057e-05
1495 0.997752 4.0717e-05
1496 0.997828 3.90623e-05
1497 0.997894 4.05621e-05
1498 0.997852 4.38621e-05
1499 0.997811 4.26947e-05
1500 0.997881 3.60632e-05
1501 0.997789 3.82595e-05
1502 0.997857 3.73916e-05
1503 0.99782 3.72233e-05
1504 0.997926 4.16498e-05
1505 0.997754 3.6511e-05
1506 0.997826 3.81802e-05
1507 0.997844 4.23446e-05
1508 0.997846 4.13326e-05
1509 0.997859 4.11077e-05
1510 0.997806 4.48947e-05
1511 0.997876 3.69185e-05
1512 0.99781 3.93703e-05
1513 0.997786 4.30407e-05
1514 0.997833 4.06307e-05
1515 0.997779 3.6222e-05
1516 0.997792 3.79086e-05
1517 0.997841 4.26825e-05
1518 0.997842 4.28023e-05
1519 0.997827 4.28562e-05
1520 0.997834 4.3111e-05
1521 0.997904 3.59824e-05
1522 0.997824 3.91667e-05
1523 0.997841 3.93448e-05
1524 0.997799 4.19825e-05
1525 0.997764 4.05596e-05
1526 0.997891 4.455e-05
1527 0.997835 3.9174e-05
1528 0.997768 4.01374e-05
1529 0.997788 3.95919e-05
1530 0.997849 3.73469e-05
1531 0.997853 3.99183e-05
1532 0.997811 4.45539e-05
1533 0.997777 4.28292e-05
1534 0.997851 4.18148e-05
1535 0.997815 3.60337e-05
1536 0.997802 3.8488e-05
1537 0.99786 3.58624e-05
1538 0.997842 3.85981e-05
1539 0.997705 4.06992e-05
1540 0.997822 3.88893e-05
1541 0.997779 4.1425e-05
1542 0.99776 4.20325e-05
1543 0.99788 3.50024e-05
1544 0.997789 3.77084e-05
1545 0.997833 4.15669e-05
1546 0.997879 3.64513e-05
1547 0.997841 4.06401e-05
1548 0.997752 4.12024e-05
1549 0.997813 4.25226e-05
1550 0.997826 3.65415e-05
1551 0.997754 3.78204e-05
1552 0.997673 4.01138e-05
1553 0.997772 4.21882e-05
1554 0.997795 4.10395e-05
1555 0.997891 3.88675e-05
1556 0.997967 3.804e-05
1557 0.997892 3.54876e-05
1558 0.997759 3.70973e-05
1559 0.997746 4.10373e-05
1560 0.997711 4.16148e-05
1561 0.997765 4.21066e-05
1562 0.99782 4.20673e-05
1563 0.99775 4.509e-05
1564 0.997784 4.42537e-05
1565 0.997805 3.94643e-05
1566 0.99789 4.05162e-05
1567 0.997892 3.94139e-05
1568 0.997826 3.62761e-05
1569 0.997789 3.83278e-05
1570 0.997888 3.88291e-05
1571 0.997813 3.85601e-05
1572 0.997799 3.67163e-05
1573 0.997861 3.90536e-05
1574 0.997803 3.91954e-05
1575 0.997811 4.13372e-05
1576 0.997747 3.78609e-05
1577 0.997771 4.44585e-05
1578 0.997833 3.81327e-05
1579 0.997846 4.22095e-05
1580 0.997803 3.99753e-05
1581 0.99786 3.93813e-05
1582 0.997807 3.71016e-05
1583 0.997794 4.26569e-05
1584 0.997844 4.14957e-05
1585 0.997773 3.6753e-05
1586 0.997819 3.96574e-05
1587 0.997773 4.10191e-05
1588 0.99777 3.92301e-05
1589 0.997853 4.19259e-05
1590 0.997752 4.21566e-05
1591 0.997822 3.75335e-05
1592 0.997773 3.9723e-05
1593 0.997773 4.08142e-05
1594 0.997734 4.47552e-05
1595 0.997847 3.91706e-05
1596 0.997849 4.14803e-05
1597 0.99778 4.08774e-05
1598 0.997785 3.65888e-05
1599 0.997859 3.68095e-05
1600 0.997852 4.08603e-05
1601 0.997828 4.00477e-05
1602 0.997752 3.79114e-05
1603 0.997805 4.82136e-05
1604 0.997836 3.934e-05
1605 0.997831 4.17873e-05
1606 0.997818 4.00616e-05
1607 0.997802 4.13964e-05
1608 0.997812 4.1392e-05
1609 0.997745 3.81938e-05
1610 0.997845 3.81274e-05
1611 0.997823 4.47003e-05
1612 0.997816 3.61009e-05
1613 0.997829 4.07089e-05
1614 0.997852 3.76296e-05
1615 0.99784 3.64478e-05
1616 0.997862 4.07096e-05
1617 0.997833 3.96996e-05
1618 0.997799 3.77593e-05
1619 0.99782 3.87173e-05
1620 0.997841 4.25277e-05
1621 0.997883 3.84787e-05
1622 0.997835 3.94668e-05
1623 0.997806 4.07266e-05
1624 0.997763 4.13615e-05
1625 0.997827 3.96864e-05
1626 0.997805 3.99685e-05
1627 0.997827 3.55554e-05
1628 0.997865 4.07709e-05
1629 0.997851 3.37857e-05
1630 0.997831 4.05931e-05
1631 0.997852 3.89592e-05
1632 0.997886 4.13244e-05
1633 0.997828 3.95083e-05
1634 0.997795 3.7383e-05
1635 0.997786 3.80445e-05
1636 0.997834 3.85077e-05
1637 0.997811 3.89652e-05
1638 0.997792 4.08455e-05
1639 0.997863 4.09071e-05
1640 0.997847 3.74914e-05
1641 0.9979 3.70429e-05
1642 0.99781 4.00032e-05
1643 0.997755 4.01086e-05
1644 0.99784 4.12053e-05
1645 0.997773 4.05699e-05
1646 0.997785 3.88366e-05
1647 0.997938 3.91628e-05
1648 0.997875 4.02666e-05
1649 0.997836 4.34537e-05
1650 0.997862 4.07636e-05
1651 0.997802 4.08492e-05
1652 0.997828 3.9943e-05
1653 0.997848 3.87993e-05
1654 0.997837 3.72336e-05
1655 0.997822 4.0095e-05
1656 0.99781 4.09255e-05
1657 0.997793 4.10843e-05
1658 0.997847 4.0147e-05
1659 0.997799 3.69012e-05
1660 0.997762 4.32282e-05
1661 0.997734 4.08939e-05
1662 0.997812 3.82833e-05
1663 0.997833 4.11621e-05
1664 0.997769 4.16365e-05
1665 0.997778 3.84511e-05
1666 0.997801 4.15256e-05
1667 0.997815 3.41452e-05
1668 0.997789 3.74578e-05
1669 0.997849 3.95956e-05
1670 0.997818 3.82112e-05
1671 0.997789 3.609e-05
1672 0.997832 3.5929e-05
1673 0.997722 4.11055e-05
1674 0.997812 4.12907e-05
1675 0.997858 3.85695e-05
1676 0.997841 4.07173e-05
1677 0.99786 3.88866e-05
1678 0.997789 3.85185e-05
1679 0.997797 3.43121e-05
1680 0.997851 4.22753e-05
1681 0.997781 3.90831e-05
1682 0.997855 3.96794e-05
1683 0.997818 4.07608e-05
1684 0.99783 4.05609e-05
1685 0.997841 4.13422e-05
1686 0.997803 4.24758e-05
1687 0.997815 3.72527e-05
1688 0.997812 4.17361e-05
1689 0.997865 4.45724e-05
1690 0.997773 3.56692e-05
1691 0.997825 3.94137e-05
1692 0.997807 3.8268e-05
1693 0.997791 3.98093e-05
1694 0.997834 4.34375e-05
1695 0.997792 3.93559e-05
1696 0.997823 4.76139e-05
1697 0.997763 4.23012e-05
1698 0.997803 4.03012e-05
1699 0.997805 4.04336e-05
1700 0.997838 3.82243e-05
1701 0.997807 4.31767e-05
1702 0.997834 3.85756e-05
1703 0.997836 3.73615e-05
1704 0.997777 3.74448e-05
1705 0.997771 4.09025e-05
1706 0.99781 4.44792e-05
1707 0.997818 4.19502e-05
1708 0.997859 4.2999e-05
1709 0.997891 3.51934e-05
1710 0.99782 3.90671e-05
1711 0.997777 3.81782e-05
1712 0.997768 3.64919e-05
1713 0.997779 4.3471e-05
1714 0.997812 3.74263e-05
1715 0.997747 4.13616e-05
1716 0.997737 4.03154e-05
1717 0.997745 3.93772e-05
1718 0.997816 4.7173e-05
1719 0.997792 3.81817e-05
1720 0.997826 3.79878e-05
1721 0.997818 4.55803e-05
1722 0.997823 3.42859e-05
1723 0.997794 3.4672e-05
1724 0.997868 3.98468e-05
1725 0.997846 4.16397e-05
1726 0.997781 4.29974e-05
1727 0.997844 3.97964e-05
1728 0.997795 4.44901e-05
1729 0.99782 3.99622e-05
1730 0.997759 4.00675e-05
1731 0.997836 4.17714e-05
1732 0.997836 3.70866e-05
1733 0.997799 3.97809e-05
1734 0.997834 4.20791e-05
1735 0.997849 4.35081e-05
1736 0.997871 4.13868e-05
1737 0.997871 3.98276e-05
1738 0.997805 3.89168e-05
1739 0.997813 4.05962e-05
1740 0.997755 4.00956e-05
1741 0.997762 3.635e-05
1742 0.997786 4.3763e-05
1743 0.997803 3.94482e-05
1744 0.997849 4.16062e-05
1745 0.997799 4.63541e-05
1746 0.997791 4.21462e-05
1747 0.997831 3.85704e-05
1748 0.997812 4.08106e-05
1749 0.997855 3.9903e-05
1750 0.997824 4.16529e-05
1751 0.997908 3.81698e-05
1752 0.997811 3.9126e-05
1753 0.997836 4.27931e-05
1754 0.997805 4.33201e-05
1755 0.997844 4.00193e-05
1756 0.997782 3.69063e-05
1757 0.997803 4.22163e-05
1758 0.99781 4.25513e-05
1759 0.997798 3.552e-05
1760 0.997841 3.55525e-05
1761 0.99785 3.70747e-05
1762 0.997754 3.81921e-05
1763 0.997849 3.99378e-05
1764 0.997865 4.09502e-05
1765 0.997849 3.83059e-05
1766 0.99775 3.91218e-05
1767 0.997828 3.86313e-05
1768 0.997833 3.80576e-05
1769 0.997837 3.74018e-05
1770 0.997874 4.23668e-05
1771 0.997873 3.77947e-05
1772 0.997856 3.94979e-05
1773 0.997802 4.01124e-05
1774 0.997789 4.16248e-05
1775 0.997753 4.35057e-05
1776 0.997783 4.0605e-05
1777 0.997871 4.4057e-05
1778 0.997833 3.96266e-05
1779 0.997786 3.6371e-05
1780 0.997813 3.88844e-05
1781 0.997763 4.04015e-05
1782 0.997891 4.11426e-05
1783 0.997771 4.09536e-05
1784 0.99774 4.12485e-05
1785 0.997836 4.24123e-05
1786 0.997831 3.77683e-05
1787 0.99783 4.16682e-05
1788 0.997846 3.88393e-05
1789 0.997781 3.77211e-05
1790 0.997868 3.98468e-05
1791 0.99773 4.20497e-05
1792 0.997867 3.91693e-05
1793 0.997789 4.17268e-05
1794 0.997755 4.09582e-05
1795 0.99779 4.26047e-05
1796 0.997792 4.21673e-05
1797 0.997849 3.9126e-05
1798 0.997887 3.83964e-05
1799 0.997806 3.77528e-05
1800 0.997883 4.10705e-05
1801 0.997802 4.39918e-05
1802 0.997863 3.35409e-05
1803 0.997765 4.11259e-05
1804 0.997768 3.769e-05
1805 0.997827 4.27951e-05
1806 0.997849 3.74309e-05
1807 0.997906 4.01166e-05
1808 0.997811 4.05705e-05
1809 0.997782 3.98776e-05
1810 0.99784 4.37791e-05
1811 0.997773 3.91788e-05
1812 0.997801 4.04274e-05
1813 0.997821 3.8353e-05
1814 0.997832 3.68919e-05
1815 0.997805 3.6944e-05
1816 0.997856 4.02849e-05
1817 0.997772 4.08779e-05
1818 0.997841 3.86334e-05
1819 0.997793 4.38923e-05
1820 0.997862 3.76512e-05
1821 0.997841 3.9776e-05
1822 0.997843 4.20422e-05
1823 0.997814 3.64053e-05
1824 0.997853 4.08e-05
1825 0.997826 4.16357e-05
1826 0.997813 3.65108e-05
1827 0.997905 4.00408e-05
1828 0.997775 4.04543e-05
1829 0.997841 4.17328e-05
1830 0.997795 3.93071e-05
1831 0.997839 4.0106e-05
1832 0.997796 3.41622e-05
1833 0.997765 3.99774e-05
1834 0.997878 3.84479e-05
1835 0.99783 4.32337e-05
1836 0.997768 3.74123e-05
1837 0.997826 3.79401e-05
1838 0.997805 3.55623e-05
1839 0.997816 3.92402e-05
1840 0.997824 4.33881e-05
1841 0.997857 3.85764e-05
1842 0.997818 3.49647e-05
1843 0.997836 3.97633e-05
1844 0.997879 3.5697e-05
1845 0.997795 3.7383e-05
1846 0.997791 4.16214e-05
1847 0.997802 4.04858e-05
1848 0.997784 3.79381e-05
1849 0.997777 3.68531e-05
1850 0.997867 3.76968e-05
1851 0.997869 4.22949e-05
1852 0.997809 3.74442e-05
1853 0.997851 3.64528e-05
1854 0.997844 4.27305e-05
1855 0.997878 3.89616e-05
1856 0.997831 3.92962e-05
1857 0.997799 3.84294e-05
1858 0.997869 3.89052e-05
1859 0.997731 4.11545e-05
1860 0.997745 4.23146e-05
1861 0.997831 4.19309e-05
1862 0.997865 3.77753e-05
1863 0.997861 3.59417e-05
1864 0.997821 4.1775e-05
1865 0.997881 3.77365e-05
1866 0.997781 3.98914e-05
1867 0.997875 3.80609e-05
1868 0.997801 4.26692e-05
1869 0.997809 3.84508e-05
1870 0.997823 3.79099e-05
1871 0.997708 4.18598e-05
1872 0.997827 3.56876e-05
1873 0.997777 3.71501e-05
1874 0.997831 4.02955e-05
1875 0.997892 3.63328e-05
1876 0.997754 4.19404e-05
1877 0.997823 3.99791e-05
1878 0.997783 4.4597e-05
1879 0.9979 3.85791e-05
1880 0.997838 4.16317e-05
1881 0.997827 4.45798e-05
1882 0.997815 3.92367e-05
1883 0.997805 3.83925e-05
1884 0.997779 4.0337e-05
1885 0.997763 4.26447e-05
1886 0.997838 4.11894e-05
1887 0.997873 3.8127e-05
1888 0.9979 3.71135e-05
1889 0.997897 3.89508e-05
1890 0.997796 3.81426e-05
1891 0.997778 4.07118e-05
1892 0.997847 4.0896e-05
1893 0.997815 3.73878e-05
1894 0.997836 4.26147e-05
1895 0.997862 4.06608e-05
1896 0.997854 4.19079e-05
1897 0.99785 3.53996e-05
1898 0.997832 3.61758e-05
1899 0.997732 3.88442e-05
1900 0.997848 4.28253e-05
1901 0.99782 3.69185e-05
1902 0.997846 4.02681e-05
1903 0.997841 3.72066e-05
1904 0.997825 4.06168e-05
1905 0.997752 3.71586e-05
1906 0.99781 3.92947e-05
1907 0.997774 3.89919e-05
1908 0.997812 4.33957e-05
1909 0.997842 3.593e-05
1910 0.99794 3.90087e-05
1911 0.9979 3.70994e-05
1912 0.997799 4.17575e-05
1913 0.997772 4.19144e-05
1914 0.997853 4.11066e-05
1915 0.997846 3.87719e-05
1916 0.997884 3.98155e-05
1917 0.997789 3.85711e-05
1918 0.997849 4.20774e-05
1919 0.997834 3.99877e-05
1920 0.997825 3.96784e-05
1921 0.997837 4.10185e-05
1922 0.997784 4.11036e-05
1923 0.997773 4.06214e-05
1924 0.997837 3.98406e-05
1925 0.997826 4.30016e-05
1926 0.997845 3.85776e-05
1927 0.997838 3.92375e-05
1928 0.997794 3.77638e-05
1929 0.997854 4.57834e-05
1930 0.9979 3.71417e-05
1931 0.997811 3.88846e-05
1932 0.99787 3.85014e-05
1933 0.997822 4.22802e-05
1934 0.997855 3.91484e-05
1935 0.997851 4.05312e-05
1936 0.99779 3.93616e-05
1937 0.997807 3.92841e-05
1938 0.997794 4.30456e-05
1939 0.997747 3.97882e-05
1940 0.997798 4.30341e-05
1941 0.997821 4.14985e-05
1942 0.997829 3.93627e-05
1943 0.997797 4.26726e-05
1944 0.997829 3.70762e-05
1945 0.997859 4.25955e-05
1946 0.997871 3.92585e-05
1947 0.997865 3.75088e-05
1948 0.997883 4.11849e-05
1949 0.997857 4.09836e-05
1950 0.997841 4.18705e-05
1951 0.997768 3.64622e-05
1952 0.997861 3.82823e-05
1953 0.99784 3.67196e-05
1954 0.997841 3.79171e-05
1955 0.997726 3.88729e-05
1956 0.99783 3.83186e-05
1957 0.997797 4.15014e-05
1958 0.997883 3.70091e-05
1959 0.997833 3.86849e-05
1960 0.99789 3.79004e-05
1961 0.9979 3.85384e-05
1962 0.997847 3.96882e-05
1963 0.997716 4.27387e-05
1964 0.997748 3.93154e-05
1965 0.997853 4.0928e-05
1966 0.997851 3.56692e-05
1967 0.997816 4.14579e-05
1968 0.997778 4.01293e-05
1969 0.997765 4.09218e-05
1970 0.997773 4.25713e-05
1971 0.997802 4.30175e-05
1972 0.99781 4.30807e-05
1973 0.997823 4.08723e-05
1974 0.997816 3.94663e-05
1975 0.997819 4.06092e-05
1976 0.997818 4.47929e-05
1977 0.997742 4.30564e-05
1978 0.997818 3.66795e-05
1979 0.99782 4.30388e-05
1980 0.997789 4.29138e-05
1981 0.997797 4.33756e-05
1982 0.997821 4.33487e-05
1983 0.997846 3.73328e-05
1984 0.997839 4.05343e-05
1985 0.99777 4.4174e-05
1986 0.997794 4.28772e-05
1987 0.997799 3.93606e-05
1988 0.997841 3.90323e-05
1989 0.997741 4.029e-05
1990 0.997835 4.14205e-05
1991 0.997894 3.78955e-05
1992 0.997834 4.16038e-05
1993 0.99787 3.88549e-05
1994 0.997824 3.75013e-05
1995 0.997806 3.87379e-05
1996 0.997793 3.98559e-05
1997 0.997826 3.86298e-05
1998 0.997786 4.12909e-05
1999 0.997812 3.97935e-05
