1 0.477486 0.339237 0.108199 0.0117245 0.160181 7603.91 5.78268e+07 0.968176
0.99 0.474008 0.330062 0.106921 0.0114492 0.159979 7588.49 5.75924e+07 0.959485
0.98 0.470695 0.33444 0.10561 0.0111702 0.157454 7571.02 5.73274e+07 0.950927
0.97 0.467305 0.327784 0.104349 0.0109054 0.158893 7555.12 5.7087e+07 0.972203
0.96 0.464043 0.334256 0.103067 0.0106393 0.158263 7538.89 5.68419e+07 0.973356
0.95 0.460662 0.332771 0.101858 0.0103917 0.160983 7524.83 5.66302e+07 0.994961
0.94 0.457346 0.321721 0.100631 0.0101427 0.158336 7509.63 5.64015e+07 0.970975
0.93 0.453978 0.324926 0.0994177 0.00990019 0.161537 7494.41 5.61731e+07 1.00409
0.92 0.450702 0.329305 0.0981492 0.00964917 0.159363 7478.05 5.59281e+07 0.988411
0.91 0.447484 0.329652 0.0968534 0.00939626 0.158769 7461.05 5.56742e+07 1.00742
0.9 0.444271 0.32179 0.0958082 0.00919429 0.154413 7450.24 5.55126e+07 0.9703
0.89 0.440956 0.321263 0.0946018 0.00896459 0.156305 7436.23 5.53042e+07 0.995742
0.88 0.437846 0.3225 0.093298 0.00871979 0.159935 7418.45 5.50401e+07 1.0385
0.87 0.43464 0.316459 0.0922495 0.00852454 0.154357 7407.5 5.48776e+07 1.00012
0.86 0.431527 0.317063 0.0910991 0.00831383 0.158313 7393.58 5.46715e+07 1.02517
0.85 0.428262 0.316331 0.0899917 0.00811304 0.157554 7381.47 5.44925e+07 1.02526
0.84 0.425132 0.313595 0.0888163 0.00790256 0.156081 7366.78 5.42757e+07 1.01273
0.83 0.421901 0.308581 0.0876076 0.00768926 0.157251 7353 5.4073e+07 1.03556
0.82 0.418771 0.312881 0.0865893 0.00751187 0.159272 7341.64 5.39061e+07 1.05579
0.81 0.415748 0.309469 0.0855295 0.00732926 0.158891 7330.15 5.37373e+07 1.04743
0.8 0.412588 0.306037 0.0843616 0.00713043 0.156043 7315.44 5.35218e+07 1.05237
0.79 0.409545 0.30619 0.0833858 0.00696654 0.155623 7305.78 5.33804e+07 1.03432
0.78 0.406501 0.307264 0.0823886 0.00680084 0.152998 7295.72 5.32334e+07 1.03699
0.77 0.403502 0.309026 0.0814382 0.00664527 0.15673 7286.52 5.30993e+07 1.06337
0.76 0.400414 0.30327 0.0804141 0.00647925 0.155563 7275.25 5.29351e+07 1.05132
0.75 0.397336 0.309592 0.0793617 0.00631077 0.153472 7263.9 5.27699e+07 1.05594
0.74 0.394267 0.304027 0.0783969 0.00615864 0.1565 7254.73 5.26369e+07 1.06773
0.73 0.391208 0.296708 0.0775242 0.00602232 0.155585 7247.53 5.25324e+07 1.07134
0.72 0.388315 0.305006 0.0766261 0.00588359 0.154112 7238.87 5.24068e+07 1.06038
0.71 0.385259 0.300573 0.0756158 0.00572971 0.155174 7228.59 5.2258e+07 1.07571
0.7 0.382262 0.300339 0.0748106 0.00560863 0.15803 7222.9 5.21758e+07 1.09013
0.69 0.379255 0.301253 0.0739307 0.00547748 0.156663 7215.18 5.20642e+07 1.08285
0.68 0.376301 0.302118 0.0731562 0.00536334 0.155991 7209.36 5.19801e+07 1.0825
0.67 0.373325 0.296818 0.0723147 0.00524093 0.158396 7202.74 5.18847e+07 1.09946
0.66 0.370325 0.298019 0.0714766 0.00512031 0.159244 7195.9 5.17863e+07 1.11659
0.65 0.367316 0.300261 0.070746 0.00501593 0.155035 7191.69 5.17255e+07 1.09933
0.64 0.364371 0.301471 0.0700499 0.00491815 0.160713 7187.91 5.16712e+07 1.11816
0.63 0.361325 0.297679 0.0693703 0.00482324 0.16107 7185.72 5.16397e+07 1.13818
0.62 0.358393 0.302507 0.0687373 0.00473532 0.156223 7183.86 5.16127e+07 1.08881
0.61 0.355349 0.303565 0.0679699 0.00463073 0.163555 7179.18 5.15456e+07 1.13427
0.6 0.352325 0.303328 0.0675041 0.00456729 0.161099 7180.56 5.15654e+07 1.14213
0.59 0.349321 0.30567 0.0668544 0.00447996 0.163207 7178.3 5.15328e+07 1.14376
0.58 0.346209 0.308246 0.0663379 0.00441077 0.159699 7179.29 5.1547e+07 1.12876
0.57 0.343126 0.312231 0.0658351 0.00434426 0.161734 7180.97 5.15709e+07 1.12259
0.56 0.340125 0.31178 0.0653703 0.00428343 0.167208 7182.12 5.15876e+07 1.16718
0.55 0.336981 0.318299 0.0650062 0.00423587 0.168674 7186.11 5.16447e+07 1.15354
0.54 0.333879 0.313655 0.0645835 0.00418088 0.168189 7189.95 5.16998e+07 1.15682
0.53 0.330663 0.317486 0.064379 0.00415474 0.175199 7196.92 5.18002e+07 1.19063
0.52 0.327507 0.321008 0.0640103 0.00410712 0.173703 7201.3 5.18632e+07 1.19401
0.51 0.324224 0.324062 0.0638087 0.00408163 0.182191 7210.07 5.19896e+07 1.21895
0.5 0.320907 0.329967 0.0635179 0.00404432 0.180524 7217.21 5.20925e+07 1.22052
0.49 0.317617 0.336953 0.0635115 0.00404344 0.182995 7228.49 5.22554e+07 1.21489
0.48 0.314254 0.346406 0.0634182 0.00403145 0.183905 7239.06 5.24083e+07 1.23099
0.47 0.310754 0.347531 0.0634897 0.00404054 0.18835 7253.63 5.26194e+07 1.23277
0.46 0.307234 0.351975 0.0636693 0.00406364 0.197577 7269.75 5.28536e+07 1.26813
0.45 0.303678 0.363001 0.0638533 0.00408692 0.198323 7285.87 5.3088e+07 1.25793
0.44 0.300002 0.376807 0.0642422 0.0041368 0.204076 7306.16 5.33841e+07 1.29464
0.43 0.296202 0.37879 0.064613 0.0041851 0.219758 7326.78 5.36859e+07 1.34421
0.42 0.292378 0.39582 0.0651796 0.00425849 0.221746 7350.43 5.4033e+07 1.35364
0.41 0.288376 0.40596 0.0658844 0.00435072 0.223901 7377.52 5.44318e+07 1.33417
0.4 0.284251 0.413213 0.0666185 0.00444859 0.243367 7405.83 5.48505e+07 1.41259
0.39 0.27999 0.431201 0.0676873 0.00459275 0.264172 7439.33 5.53479e+07 1.4847
0.38 0.275502 0.456215 0.0690577 0.00478019 0.272184 7479.1 5.59412e+07 1.52486
0.37 0.270923 0.474581 0.0704747 0.0049784 0.291972 7519.26 5.65436e+07 1.56402
0.36 0.266098 0.498084 0.0721904 0.00522316 0.299616 7564.64 5.72281e+07 1.58708
0.35 0.260949 0.522157 0.0744237 0.00555132 0.327464 7619.63 5.80633e+07 1.67696
0.34 0.255515 0.558666 0.0770556 0.00595131 0.372497 7680.84 5.9e+07 1.81874
0.33 0.249765 0.610787 0.0801729 0.00644144 0.383763 7750.22 6.00705e+07 1.83447
0.32 0.243474 0.659318 0.0840539 0.00708094 0.457579 7832.29 6.135e+07 2.05514
0.31 0.236557 0.731026 0.0889067 0.00792202 0.523564 7930.07 6.28915e+07 2.22257
0.3 0.22891 0.803022 0.0951711 0.00907672 0.589505 8050.29 6.48128e+07 2.34492
0.29 0.220125 0.942813 0.103387 0.010712 0.731898 8199.95 6.72458e+07 2.74975
0.28 0.209383 1.17703 0.115163 0.0132913 0.948491 8404.25 7.06392e+07 3.29553
0.27 0.194722 1.80244 0.134655 0.0181792 1.61582 8722.61 7.60957e+07 5.01226
0.26 -0.542207 1.63334 0.980624 0.961625 0.0819756 19517.9 3.80949e+08 0.160121
0.25 -0.558266 1.57496 0.984616 0.96947 0.0680154 19564.7 3.8278e+08 0.151098
0.24 -0.573399 1.4949 0.987957 0.97606 0.0532709 19607 3.84436e+08 0.1518
0.23 -0.587788 1.39444 0.990738 0.981563 0.0415548 19645.6 3.85952e+08 0.148061
0.22 -0.601407 1.31472 0.993031 0.98611 0.0332193 19680.7 3.87329e+08 0.143806
0.21 -0.614429 1.28026 0.994887 0.9898 0.0252899 19713.5 3.88624e+08 0.142342
0.2 -0.626859 1.237 0.996345 0.992705 0.0190365 19743.6 3.8981e+08 0.14138
0.19 -0.638853 1.1831 0.997476 0.994959 0.0136741 19771.5 3.90912e+08 0.139269
0.18 -0.650432 1.12829 0.998323 0.996649 0.00942754 19797.6 3.91944e+08 0.138117
0.17 -0.66164 1.11156 0.998945 0.997891 0.00619608 19822.8 3.92946e+08 0.136446
0.16 -0.672574 1.06736 0.999365 0.99873 0.00398408 19846.7 3.93893e+08 0.136059
0.15 -0.68329 1.05642 0.999643 0.999286 0.00238612 19869.7 3.94806e+08 0.137146
0.14 -0.693814 1.05143 0.999817 0.999634 0.00129457 19892.1 3.95697e+08 0.13551
0.13 -0.704223 1.0302 0.999913 0.999826 0.000674811 19913.7 3.96554e+08 0.134985
0.12 -0.714526 1.02426 0.999965 0.99993 0.000290525 19935.3 3.97416e+08 0.1382
0.11 -0.7248 1.02612 0.999988 0.999976 0.000106334 19956.5 3.98262e+08 0.135871
0.1 -0.73502 1.02968 0.999996 0.999993 3.55444e-05 19977.7 3.99107e+08 0.135549
0.09 -0.745214 1.01253 0.999999 0.999999 8.32256e-06 19998.9 3.99955e+08 0.135324
0.08 -0.755383 1.01128 1 1 1.6933e-06 20020 4.008e+08 0.137219
0.07 -0.765531 1.01139 1 1 1.54989e-07 20041 4.0164e+08 0.132408
0.06 -0.775661 1.01504 1 1 0 20061.9 4.02479e+08 0.135345
0.05 -0.785761 1.0233 1 1 0 20082.9 4.03321e+08 0.13418
0.04 -0.795849 1.02278 1 1 0 20103.6 4.04155e+08 0.132856
0.03 -0.805916 1.01109 1 1 0 20124.5 4.04996e+08 0.135314
0.02 -0.815963 1.01142 1 1 0 20145.4 4.05835e+08 0.136879
0.01 -0.825991 1.0103 1 1 0 20166 4.06668e+08 0.134183
