50 -0.7091 0
51 -0.7073 0
52 -0.7055 0
53 -0.7037 0
54 -0.7019 0
55 -0.7001 0
56 -0.6983 0
57 -0.6965 3.86079e-124
58 -0.6947 8.36768e-121
59 -0.6929 7.06289e-118
60 -0.6911 2.41998e-115
61 -0.6893 1.18484e-112
62 -0.6875 4.46874e-110
63 -0.6857 1.32174e-107
64 -0.6839 4.26255e-105
65 -0.6821 9.16759e-103
66 -0.6803 1.56301e-100
67 -0.6785 2.97069e-98
68 -0.6767 5.04246e-96
69 -0.6749 6.95883e-94
70 -0.6731 8.42774e-92
71 -0.6713 1.11175e-89
72 -0.6695 9.33842e-88
73 -0.6677 8.12095e-86
74 -0.6659 5.52673e-84
75 -0.6641 3.3592e-82
76 -0.6623 1.88971e-80
77 -0.6605 9.96007e-79
78 -0.6587 4.70133e-77
79 -0.6569 2.10664e-75
80 -0.6551 8.05994e-74
81 -0.6533 3.54633e-72
82 -0.6515 1.30913e-70
83 -0.6497 3.97155e-69
84 -0.6479 1.1072e-67
85 -0.6461 2.99656e-66
86 -0.6443 8.44176e-65
87 -0.6425 1.87102e-63
88 -0.6407 4.45734e-62
89 -0.6389 8.59482e-61
90 -0.6371 1.64405e-59
91 -0.6353 2.9376e-58
92 -0.6335 4.71585e-57
93 -0.6317 6.9622e-56
94 -0.6299 1.00358e-54
95 -0.6281 1.38717e-53
96 -0.6263 1.78392e-52
97 -0.6245 2.14203e-51
98 -0.6227 2.37582e-50
99 -0.6209 2.54327e-49
100 -0.6191 2.62799e-48
101 -0.6173 2.67212e-47
102 -0.6155 2.46671e-46
103 -0.6137 2.28914e-45
104 -0.6119 1.88661e-44
105 -0.6101 1.57428e-43
106 -0.6083 1.25383e-42
107 -0.6065 9.04105e-42
108 -0.6047 6.25293e-41
109 -0.6029 4.16132e-40
110 -0.6011 2.68045e-39
111 -0.5993 1.6776e-38
112 -0.5975 1.00987e-37
113 -0.5957 5.7891e-37
114 -0.5939 3.0702e-36
115 -0.5921 1.55579e-35
116 -0.5903 7.83226e-35
117 -0.5885 3.72426e-34
118 -0.5867 1.73702e-33
119 -0.5849 7.98979e-33
120 -0.5831 3.52965e-32
121 -0.5813 1.47342e-31
122 -0.5795 6.25825e-31
123 -0.5777 2.47654e-30
124 -0.5759 9.40951e-30
125 -0.5741 3.47884e-29
126 -0.5723 1.26394e-28
127 -0.5705 4.47291e-28
128 -0.5687 1.49415e-27
129 -0.5669 4.84621e-27
130 -0.5651 1.55445e-26
131 -0.5633 4.65067e-26
132 -0.5615 1.38461e-25
133 -0.5597 4.1248e-25
134 -0.5579 1.1456e-24
135 -0.5561 3.19044e-24
136 -0.5543 8.66641e-24
137 -0.5525 2.26671e-23
138 -0.5507 5.96287e-23
139 -0.5489 1.4892e-22
140 -0.5471 3.60025e-22
141 -0.5453 8.65852e-22
142 -0.5435 1.9811e-21
143 -0.5417 4.34621e-21
144 -0.5399 9.6992e-21
145 -0.5381 2.02375e-20
146 -0.5363 4.31599e-20
147 -0.5345 9.02461e-20
148 -0.5327 1.81848e-19
149 -0.5309 3.48229e-19
150 -0.5291 6.68996e-19
151 -0.5273 1.25894e-18
152 -0.5255 2.29894e-18
153 -0.5237 4.19908e-18
154 -0.5219 7.68691e-18
155 -0.5201 1.33223e-17
156 -0.5183 2.31471e-17
157 -0.5165 3.95882e-17
158 -0.5147 6.29827e-17
159 -0.5129 1.01325e-16
160 -0.5111 1.62909e-16
161 -0.5093 2.58758e-16
162 -0.5075 4.01212e-16
163 -0.5057 6.10678e-16
164 -0.5039 8.96192e-16
165 -0.5021 1.34072e-15
166 -0.5003 1.92097e-15
167 -0.4985 2.81563e-15
168 -0.4967 4.05721e-15
169 -0.4949 5.6437e-15
170 -0.4931 7.64661e-15
171 -0.4913 1.03594e-14
172 -0.4895 1.36936e-14
173 -0.4877 1.8638e-14
174 -0.4859 2.39205e-14
175 -0.4841 3.03796e-14
176 -0.4823 3.84039e-14
177 -0.4805 4.86163e-14
178 -0.4787 6.00921e-14
179 -0.4769 7.14178e-14
180 -0.4751 8.29972e-14
181 -0.4733 9.90793e-14
182 -0.4715 1.12578e-13
183 -0.4697 1.284e-13
184 -0.4679 1.45362e-13
185 -0.4661 1.67041e-13
186 -0.4643 1.81798e-13
187 -0.4625 1.97468e-13
188 -0.4607 2.18952e-13
189 -0.4589 2.37748e-13
190 -0.4571 2.47221e-13
191 -0.4553 2.61966e-13
192 -0.4535 2.64599e-13
193 -0.4517 2.7028e-13
194 -0.4499 2.66591e-13
195 -0.4481 2.65608e-13
196 -0.4463 2.59398e-13
197 -0.4445 2.52271e-13
198 -0.4427 2.47849e-13
199 -0.4409 2.36264e-13
200 -0.4391 2.26237e-13
201 -0.4373 2.09989e-13
202 -0.4355 1.95797e-13
203 -0.4337 1.8197e-13
204 -0.4319 1.71191e-13
205 -0.4301 1.5301e-13
206 -0.4283 1.39047e-13
207 -0.4265 1.23223e-13
208 -0.4247 1.08531e-13
209 -0.4229 9.53958e-14
210 -0.4211 8.20938e-14
211 -0.4193 7.14282e-14
212 -0.4175 5.95784e-14
213 -0.4157 4.93992e-14
214 -0.4139 4.09219e-14
215 -0.4121 3.39175e-14
216 -0.4103 2.75319e-14
217 -0.4085 2.19258e-14
218 -0.4067 1.76508e-14
219 -0.4049 1.43426e-14
220 -0.4031 1.10394e-14
221 -0.4013 8.66212e-15
222 -0.3995 6.92987e-15
223 -0.3977 5.39579e-15
224 -0.3959 4.18824e-15
225 -0.3941 3.18789e-15
226 -0.3923 2.40778e-15
227 -0.3905 1.83412e-15
228 -0.3887 1.37354e-15
229 -0.3869 1.00665e-15
230 -0.3851 7.40845e-16
231 -0.3833 5.26454e-16
232 -0.3815 3.89965e-16
233 -0.3797 2.83122e-16
234 -0.3779 2.01594e-16
235 -0.3761 1.42032e-16
236 -0.3743 1.00673e-16
237 -0.3725 7.04087e-17
238 -0.3707 4.90967e-17
239 -0.3689 3.44352e-17
240 -0.3671 2.38522e-17
241 -0.3653 1.61315e-17
242 -0.3635 1.08636e-17
243 -0.3617 7.31669e-18
244 -0.3599 4.9155e-18
245 -0.3581 3.29812e-18
246 -0.3563 2.18261e-18
247 -0.3545 1.43215e-18
248 -0.3527 9.23314e-19
249 -0.3509 6.07488e-19
250 -0.3491 3.98542e-19
251 -0.3473 2.5491e-19
252 -0.3455 1.62051e-19
253 -0.3437 1.02976e-19
254 -0.3419 6.42833e-20
255 -0.3401 4.00683e-20
256 -0.3383 2.52998e-20
257 -0.3365 1.59556e-20
258 -0.3347 1.00551e-20
259 -0.3329 6.24687e-21
260 -0.3311 3.80559e-21
261 -0.3293 2.31913e-21
262 -0.3275 1.3951e-21
263 -0.3257 8.35191e-22
264 -0.3239 5.07506e-22
265 -0.3221 3.0127e-22
266 -0.3203 1.78952e-22
267 -0.3185 1.07505e-22
268 -0.3167 6.1946e-23
269 -0.3149 3.66464e-23
270 -0.3131 2.14128e-23
271 -0.3113 1.23948e-23
272 -0.3095 7.18778e-24
273 -0.3077 4.09142e-24
274 -0.3059 2.32555e-24
275 -0.3041 1.31487e-24
276 -0.3023 7.54523e-25
277 -0.3005 4.29343e-25
278 -0.2987 2.43009e-25
279 -0.2969 1.39595e-25
280 -0.2951 7.90012e-26
281 -0.2933 4.41897e-26
282 -0.2915 2.4669e-26
283 -0.2897 1.35166e-26
284 -0.2879 7.6502e-27
285 -0.2861 4.21853e-27
286 -0.2843 2.3157e-27
287 -0.2825 1.27153e-27
288 -0.2807 6.81321e-28
289 -0.2789 3.6683e-28
290 -0.2771 1.99506e-28
291 -0.2753 1.08282e-28
292 -0.2735 5.87933e-29
293 -0.2717 3.13317e-29
294 -0.2699 1.70688e-29
295 -0.2681 8.81827e-30
296 -0.2663 4.70028e-30
297 -0.2645 2.49647e-30
298 -0.2627 1.31617e-30
299 -0.2609 7.07593e-31
300 -0.2591 3.66718e-31
301 -0.2573 1.92705e-31
302 -0.2555 1.00321e-31
303 -0.2537 5.18169e-32
304 -0.2519 2.72664e-32
305 -0.2501 1.4395e-32
306 -0.2483 7.5799e-33
307 -0.2465 3.9257e-33
308 -0.2447 1.99893e-33
309 -0.2429 1.00498e-33
310 -0.2411 5.13234e-34
311 -0.2393 2.59789e-34
312 -0.2375 1.3183e-34
313 -0.2357 6.77562e-35
314 -0.2339 3.49454e-35
315 -0.2321 1.75761e-35
316 -0.2303 8.99903e-36
317 -0.2285 4.4554e-36
318 -0.2267 2.28274e-36
319 -0.2249 1.12831e-36
320 -0.2231 5.72694e-37
321 -0.2213 2.94757e-37
322 -0.2195 1.51679e-37
323 -0.2177 7.57579e-38
324 -0.2159 3.75714e-38
325 -0.2141 1.90372e-38
326 -0.2123 9.61231e-39
327 -0.2105 4.82181e-39
328 -0.2087 2.38958e-39
329 -0.2069 1.20754e-39
330 -0.2051 5.8791e-40
331 -0.2033 2.90387e-40
332 -0.2015 1.47693e-40
333 -0.1997 7.48442e-41
334 -0.1979 3.60158e-41
335 -0.1961 1.78277e-41
336 -0.1943 9.00878e-42
337 -0.1925 4.48193e-42
338 -0.1907 2.20718e-42
339 -0.1889 1.06599e-42
340 -0.1871 5.32731e-43
341 -0.1853 2.68027e-43
342 -0.1835 1.36316e-43
343 -0.1817 6.77872e-44
344 -0.1799 3.28985e-44
345 -0.1781 1.64201e-44
346 -0.1763 8.1302e-45
347 -0.1745 4.02929e-45
348 -0.1727 2.01157e-45
349 -0.1709 1.023e-45
350 -0.1691 5.08813e-46
351 -0.1673 2.5421e-46
352 -0.1655 1.28359e-46
353 -0.1637 6.34056e-47
354 -0.1619 3.1434e-47
355 -0.1601 1.59748e-47
356 -0.1583 8.24034e-48
357 -0.1565 4.18545e-48
358 -0.1547 2.14458e-48
359 -0.1529 1.06633e-48
360 -0.1511 5.51991e-49
361 -0.1493 2.82967e-49
362 -0.1475 1.48001e-49
363 -0.1457 7.79932e-50
364 -0.1439 3.9701e-50
365 -0.1421 2.01595e-50
366 -0.1403 1.05096e-50
367 -0.1385 5.38408e-51
368 -0.1367 2.82817e-51
369 -0.1349 1.51895e-51
370 -0.1331 7.97213e-52
371 -0.1313 4.3661e-52
372 -0.1295 2.35633e-52
373 -0.1277 1.25762e-52
374 -0.1259 6.86721e-53
375 -0.1241 3.73011e-53
376 -0.1223 2.01928e-53
377 -0.1205 1.09942e-53
378 -0.1187 6.05392e-54
379 -0.1169 3.30312e-54
380 -0.1151 1.79626e-54
381 -0.1133 9.83581e-55
382 -0.1115 5.42521e-55
383 -0.1097 3.07667e-55
384 -0.1079 1.71021e-55
385 -0.1061 9.59263e-56
386 -0.1043 5.45284e-56
387 -0.1025 3.06355e-56
388 -0.1007 1.71997e-56
389 -0.0989 9.93066e-57
390 -0.0971 5.76171e-57
391 -0.0953 3.32029e-57
392 -0.0935 1.94801e-57
393 -0.0917 1.13969e-57
394 -0.0899 6.76457e-58
395 -0.0881 4.0629e-58
396 -0.0863 2.39323e-58
397 -0.0845 1.44274e-58
398 -0.0827 8.80242e-59
399 -0.0809 5.34519e-59
400 -0.0791 3.3152e-59
401 -0.0773 2.09848e-59
402 -0.0755 1.34576e-59
403 -0.0737 8.50523e-60
404 -0.0719 5.53741e-60
405 -0.0701 3.48916e-60
406 -0.0683 2.28488e-60
407 -0.0665 1.49456e-60
408 -0.0647 9.84423e-61
409 -0.0629 6.83357e-61
410 -0.0611 4.73878e-61
411 -0.0593 3.32627e-61
412 -0.0575 2.32238e-61
413 -0.0557 1.61363e-61
414 -0.0539 1.16644e-61
415 -0.0521 8.45043e-62
416 -0.0503 6.11261e-62
417 -0.0485 4.64033e-62
418 -0.0467 3.4689e-62
419 -0.0449 2.59093e-62
420 -0.0431 1.98226e-62
421 -0.0413 1.52041e-62
422 -0.0395 1.15766e-62
423 -0.0377 8.94816e-63
424 -0.0359 7.02611e-63
425 -0.0341 5.60801e-63
426 -0.0323 4.72115e-63
427 -0.0305 3.89511e-63
428 -0.0287 3.24644e-63
429 -0.0269 2.80982e-63
430 -0.0251 2.42656e-63
431 -0.0233 2.16822e-63
432 -0.0215 1.89692e-63
433 -0.0197 1.71467e-63
434 -0.0179 1.55822e-63
435 -0.0161 1.40178e-63
436 -0.0143 1.34125e-63
437 -0.0125 1.26598e-63
438 -0.0107 1.2158e-63
439 -0.0089 1.18548e-63
440 -0.0071 1.18445e-63
441 -0.0053 1.18269e-63
442 -0.0035 1.22587e-63
443 -0.0017 1.30293e-63
444 0.0001 1.38358e-63
445 0.0019 1.48342e-63
446 0.0037 1.60103e-63
447 0.0055 1.76662e-63
448 0.0073 1.96329e-63
449 0.0091 2.22755e-63
450 0.0109 2.67346e-63
451 0.0127 3.20144e-63
452 0.0145 3.97592e-63
453 0.0163 5.0018e-63
454 0.0181 6.64388e-63
455 0.0199 8.61527e-63
456 0.0217 1.137e-62
457 0.0235 1.55623e-62
458 0.0253 2.22508e-62
459 0.0271 3.20947e-62
460 0.0289 4.80664e-62
461 0.0307 7.27385e-62
462 0.0325 1.14503e-61
463 0.0343 1.82449e-61
464 0.0361 3.10801e-61
465 0.0379 5.43348e-61
466 0.0397 9.33367e-61
467 0.0415 1.66128e-60
468 0.0433 3.02871e-60
469 0.0451 5.73729e-60
470 0.0469 1.11016e-59
471 0.0487 2.24815e-59
472 0.0505 4.505e-59
473 0.0523 9.37545e-59
474 0.0541 1.98698e-58
475 0.0559 4.13239e-58
476 0.0577 8.99554e-58
477 0.0595 2.00602e-57
478 0.0613 4.51075e-57
479 0.0631 1.07332e-56
480 0.0649 2.54005e-56
481 0.0667 6.19426e-56
482 0.0685 1.60821e-55
483 0.0703 4.28945e-55
484 0.0721 1.19608e-54
485 0.0739 3.25326e-54
486 0.0757 9.34172e-54
487 0.0775 2.67415e-53
488 0.0793 8.20019e-53
489 0.0811 2.50618e-52
490 0.0829 8.23998e-52
491 0.0847 2.68942e-51
492 0.0865 9.31005e-51
493 0.0883 3.16139e-50
494 0.0901 1.09223e-49
495 0.0919 4.00661e-49
496 0.0937 1.47242e-48
497 0.0955 5.76308e-48
498 0.0973 2.36963e-47
499 0.0991 9.96376e-47
500 0.1009 4.20164e-46
501 0.1027 1.82186e-45
502 0.1045 8.82306e-45
503 0.1063 4.23577e-44
504 0.1081 2.04683e-43
505 0.1099 9.16618e-43
506 0.1117 4.45001e-42
507 0.1135 2.15547e-41
508 0.1153 1.07508e-40
509 0.1171 5.25641e-40
510 0.1189 2.76171e-39
511 0.1207 1.49023e-38
512 0.1225 8.3915e-38
513 0.1243 4.80483e-37
514 0.1261 2.92196e-36
515 0.1279 1.84875e-35
516 0.1297 1.18778e-34
517 0.1315 7.80859e-34
518 0.1333 4.75385e-33
519 0.1351 2.97077e-32
520 0.1369 1.82881e-31
521 0.1387 1.11046e-30
522 0.1405 7.17792e-30
523 0.1423 4.79376e-29
524 0.1441 3.11794e-28
525 0.1459 2.02912e-27
526 0.1477 1.21105e-26
527 0.1495 7.95347e-26
528 0.1513 5.21597e-25
529 0.1531 3.48911e-24
530 0.1549 2.29962e-23
531 0.1567 1.49734e-22
532 0.1585 9.9724e-22
533 0.1603 6.34808e-21
534 0.1621 3.86418e-20
535 0.1639 2.31758e-19
536 0.1657 1.35635e-18
537 0.1675 7.97453e-18
538 0.1693 4.80052e-17
539 0.1711 2.64594e-16
540 0.1729 1.46758e-15
541 0.1747 7.87867e-15
542 0.1765 4.08356e-14
543 0.1783 2.10878e-13
544 0.1801 1.0735e-12
545 0.1819 5.26254e-12
546 0.1837 2.55987e-11
547 0.1855 1.16905e-10
548 0.1873 5.20771e-10
549 0.1891 2.18685e-09
550 0.1909 8.96484e-09
551 0.1927 3.52982e-08
552 0.1945 1.31741e-07
553 0.1963 4.74402e-07
554 0.1981 1.63283e-06
555 0.1999 5.48002e-06
556 0.2017 1.74565e-05
557 0.2035 5.19668e-05
558 0.2053 0.000153206
559 0.2071 0.000420523
560 0.2089 0.00111317
561 0.2107 0.00292391
562 0.2125 0.00706869
563 0.2143 0.0167
564 0.2161 0.0367238
565 0.2179 0.0788798
566 0.2197 0.162105
567 0.2215 0.327711
568 0.2233 0.601144
569 0.2251 1.12314
570 0.2269 1.91093
571 0.2287 3.18857
572 0.2305 5.16003
573 0.2323 7.77874
574 0.2341 11.3074
575 0.2359 15.7414
576 0.2377 20.9672
577 0.2395 26.664
578 0.2413 32.4028
579 0.2431 37.4792
580 0.2449 41.3817
581 0.2467 44.2681
582 0.2485 45.401
583 0.2503 44.6847
584 0.2521 42.0364
585 0.2539 38.0909
586 0.2557 33.0885
587 0.2575 27.338
588 0.2593 21.7074
589 0.2611 16.5673
590 0.2629 12.2311
591 0.2647 8.58359
592 0.2665 5.75977
593 0.2683 3.81089
594 0.2701 2.40424
595 0.2719 1.44464
596 0.2737 0.839653
597 0.2755 0.466583
598 0.2773 0.248008
599 0.2791 0.127477
600 0.2809 0.0628292
601 0.2827 0.0298477
602 0.2845 0.0137849
603 0.2863 0.00615133
604 0.2881 0.00267814
605 0.2899 0.00110521
606 0.2917 0.000443155
607 0.2935 0.000172024
608 0.2953 6.48115e-05
609 0.2971 2.3315e-05
610 0.2989 8.1943e-06
611 0.3007 2.78034e-06
612 0.3025 9.17616e-07
613 0.3043 2.92057e-07
614 0.3061 8.92917e-08
615 0.3079 2.65393e-08
616 0.3097 7.6215e-09
617 0.3115 2.13371e-09
618 0.3133 5.78075e-10
619 0.3151 1.5118e-10
620 0.3169 3.83895e-11
621 0.3187 9.53576e-12
622 0.3205 2.31433e-12
623 0.3223 5.4588e-13
624 0.3241 1.24695e-13
625 0.3259 2.78768e-14
626 0.3277 6.03029e-15
627 0.3295 1.27135e-15
628 0.3313 2.61431e-16
629 0.3331 5.21088e-17
630 0.3349 1.01828e-17
631 0.3367 1.93097e-18
632 0.3385 3.62456e-19
633 0.3403 6.6064e-20
634 0.3421 1.17423e-20
635 0.3439 2.03818e-21
636 0.3457 3.42782e-22
637 0.3475 5.70226e-23
638 0.3493 9.27876e-24
639 0.3511 1.48673e-24
640 0.3529 2.33553e-25
641 0.3547 3.54352e-26
642 0.3565 5.28018e-27
643 0.3583 7.72845e-28
644 0.3601 1.11005e-28
645 0.3619 1.56406e-29
646 0.3637 2.15068e-30
647 0.3655 2.94273e-31
648 0.3673 3.90764e-32
649 0.3691 5.12028e-33
650 0.3709 6.63363e-34
651 0.3727 8.47679e-35
652 0.3745 1.06364e-35
653 0.3763 1.30769e-36
654 0.3781 1.57223e-37
655 0.3799 1.87106e-38
656 0.3817 2.21068e-39
657 0.3835 2.5604e-40
658 0.3853 2.91519e-41
659 0.3871 3.28637e-42
660 0.3889 3.66434e-43
661 0.3907 4.00309e-44
662 0.3925 4.37069e-45
663 0.3943 4.69373e-46
664 0.3961 4.93959e-47
665 0.3979 5.1431e-48
666 0.3997 5.2864e-49
667 0.4015 5.37418e-50
668 0.4033 5.39752e-51
669 0.4051 5.38672e-52
670 0.4069 5.29931e-53
671 0.4087 5.1592e-54
672 0.4105 4.99659e-55
673 0.4123 4.76418e-56
674 0.4141 4.4799e-57
675 0.4159 4.18095e-58
676 0.4177 3.86905e-59
677 0.4195 3.55759e-60
678 0.4213 3.21505e-61
679 0.4231 2.89886e-62
680 0.4249 2.58801e-63
681 0.4267 2.29945e-64
682 0.4285 2.0206e-65
683 0.4303 1.75287e-66
684 0.4321 1.50896e-67
685 0.4339 1.29627e-68
686 0.4357 1.10392e-69
687 0.4375 9.32336e-71
688 0.4393 7.82528e-72
689 0.4411 6.52235e-73
690 0.4429 5.40212e-74
691 0.4447 4.4164e-75
692 0.4465 3.58168e-76
693 0.4483 2.89243e-77
694 0.4501 2.32404e-78
695 0.4519 1.86753e-79
696 0.4537 1.4826e-80
697 0.4555 1.17501e-81
698 0.4573 9.21186e-83
699 0.4591 7.17675e-84
700 0.4609 5.55997e-85
701 0.4627 4.26899e-86
702 0.4645 3.26862e-87
703 0.4663 2.49011e-88
704 0.4681 1.88645e-89
705 0.4699 1.41286e-90
706 0.4717 1.05941e-91
707 0.4735 7.88296e-93
708 0.4753 5.83566e-94
709 0.4771 4.31571e-95
710 0.4789 3.17478e-96
711 0.4807 2.32791e-97
712 0.4825 1.69285e-98
713 0.4843 1.22506e-99
714 0.4861 8.80495e-101
715 0.4879 6.34014e-102
716 0.4897 4.54149e-103
717 0.4915 3.22249e-104
718 0.4933 2.27508e-105
719 0.4951 1.59966e-106
720 0.4969 1.12097e-107
721 0.4987 7.81151e-109
722 0.5005 5.43812e-110
723 0.5023 3.7714e-111
724 0.5041 2.5953e-112
725 0.5059 1.78462e-113
726 0.5077 1.21973e-114
727 0.5095 8.27182e-116
728 0.5113 5.62067e-117
729 0.5131 3.81206e-118
730 0.5149 2.56807e-119
731 0.5167 1.72932e-120
732 0.5185 1.15536e-121
733 0.5203 7.69814e-123
734 0.5221 5.11257e-124
735 0.5239 3.3912e-125
736 0.5257 2.23402e-126
737 0.5275 1.46686e-127
738 0.5293 9.59521e-129
739 0.5311 6.25234e-130
740 0.5329 4.06452e-131
741 0.5347 2.64573e-132
742 0.5365 1.70755e-133
743 0.5383 1.09811e-134
744 0.5401 7.05543e-136
745 0.5419 4.5279e-137
746 0.5437 2.90116e-138
747 0.5455 1.84134e-139
748 0.5473 1.16807e-140
749 0.5491 7.41072e-142
750 0.5509 4.68217e-143
751 0.5527 2.94884e-144
752 0.5545 1.85665e-145
753 0.5563 1.16225e-146
754 0.5581 7.25684e-148
755 0.5599 4.52154e-149
756 0.5617 2.80821e-150
757 0.5635 1.73505e-151
758 0.5653 1.07038e-152
759 0.5671 6.58206e-154
760 0.5689 4.0393e-155
761 0.5707 2.46804e-156
762 0.5725 1.50677e-157
763 0.5743 9.17237e-159
764 0.5761 5.56933e-160
765 0.5779 3.38121e-161
766 0.5797 2.04788e-162
767 0.5815 1.23632e-163
768 0.5833 7.43022e-165
769 0.5851 4.45944e-166
770 0.5869 2.67151e-167
771 0.5887 1.59365e-168
772 0.5905 9.51763e-170
773 0.5923 5.65623e-171
774 0.5941 3.33878e-172
775 0.5959 1.9795e-173
776 0.5977 1.16709e-174
777 0.5995 6.87755e-176
778 0.6013 4.03448e-177
779 0.6031 2.36263e-178
780 0.6049 1.38194e-179
781 0.6067 8.0434e-181
782 0.6085 4.68603e-182
783 0.6103 2.72598e-183
784 0.6121 1.57686e-184
785 0.6139 9.11461e-186
786 0.6157 5.27631e-187
787 0.6175 3.04559e-188
788 0.6193 1.74521e-189
789 0.6211 1.00082e-190
790 0.6229 5.72941e-192
791 0.6247 3.26559e-193
792 0.6265 1.85915e-194
793 0.6283 1.05927e-195
794 0.6301 6.03434e-197
795 0.6319 3.42657e-198
796 0.6337 1.94143e-199
797 0.6355 1.09614e-200
798 0.6373 6.1847e-202
799 0.6391 3.47023e-203
800 0.6409 1.94272e-204
801 0.6427 1.08891e-205
802 0.6445 6.09612e-207
803 0.6463 3.41632e-208
804 0.6481 1.90212e-209
805 0.6499 1.05574e-210
806 0.6517 5.86114e-212
807 0.6535 3.26669e-213
808 0.6553 1.81224e-214
809 0.6571 9.99681e-216
810 0.6589 5.50465e-217
811 0.6607 3.03454e-218
812 0.6625 1.6666e-219
813 0.6643 9.13373e-221
814 0.6661 4.99912e-222
815 0.6679 2.73084e-223
816 0.6697 1.49071e-224
817 0.6715 8.13838e-226
818 0.6733 4.42543e-227
819 0.6751 2.40074e-228
820 0.6769 1.30414e-229
821 0.6787 7.08477e-231
822 0.6805 3.82124e-232
823 0.6823 2.06244e-233
824 0.6841 1.10962e-234
825 0.6859 5.97275e-236
826 0.6877 3.21156e-237
827 0.6895 1.71848e-238
828 0.6913 9.21971e-240
829 0.6931 4.92228e-241
830 0.6949 2.62626e-242
831 0.6967 1.39648e-243
832 0.6985 7.42813e-245
833 0.7003 3.94114e-246
834 0.7021 2.08599e-247
835 0.7039 1.10402e-248
836 0.7057 5.84284e-250
837 0.7075 3.08428e-251
838 0.7093 1.62366e-252
839 0.7111 8.55485e-254
840 0.7129 4.50032e-255
841 0.7147 2.35975e-256
842 0.7165 1.237e-257
843 0.7183 6.47643e-259
844 0.7201 3.38732e-260
845 0.7219 1.76691e-261
846 0.7237 9.21206e-263
847 0.7255 4.80111e-264
848 0.7273 2.49246e-265
849 0.7291 1.28985e-266
850 0.7309 6.67076e-268
851 0.7327 3.45154e-269
852 0.7345 1.78437e-270
853 0.7363 9.21921e-272
854 0.7381 4.74618e-273
855 0.7399 2.44354e-274
856 0.7417 1.25486e-275
857 0.7435 6.43053e-277
858 0.7453 3.29762e-278
859 0.7471 1.68861e-279
860 0.7489 8.65015e-281
861 0.7507 4.41332e-282
862 0.7525 2.24626e-283
863 0.7543 1.14098e-284
864 0.7561 5.78241e-286
865 0.7579 2.92639e-287
866 0.7597 1.4853e-288
867 0.7615 7.50104e-290
868 0.7633 3.7867e-291
869 0.7651 1.90711e-292
870 0.7669 9.63073e-294
871 0.7687 4.85822e-295
872 0.7705 2.43907e-296
873 0.7723 1.22567e-297
874 0.7741 6.14753e-299
875 0.7759 3.0784e-300
876 0.7777 1.53868e-301
877 0.7795 7.67595e-303
878 0.7813 3.82764e-304
879 0.7831 1.90933e-305
880 0.7849 9.4996e-307
881 0.7867 4.72493e-308
882 0.7885 2.34648e-309
883 0.7903 1.16393e-310
884 0.7921 5.76348e-312
885 0.7939 2.8515e-313
886 0.7957 1.40915e-314
887 0.7975 6.96106e-316
888 0.7993 3.43183e-317
889 0.8011 1.69355e-318
890 0.8029 8.23459e-320
891 0.8047 5.48907e-321
892 0.8065 0
893 0.8083 0
894 0.8101 0
895 0.8119 0
896 0.8137 0
897 0.8155 0
898 0.8173 0
899 0.8191 0
900 0.8209 0
901 0.8227 0
902 0.8245 0
903 0.8263 0
904 0.8281 0
905 0.8299 0
906 0.8317 0
907 0.8335 0
908 0.8353 0
909 0.8371 0
910 0.8389 0
911 0.8407 0
912 0.8425 0
913 0.8443 0
914 0.8461 0
915 0.8479 0
916 0.8497 0
917 0.8515 0
918 0.8533 0
919 0.8551 0
920 0.8569 0
921 0.8587 0
922 0.8605 0
923 0.8623 0
924 0.8641 0
925 0.8659 0
926 0.8677 0
927 0.8695 0
928 0.8713 0
929 0.8731 0
930 0.8749 0
931 0.8767 0
932 0.8785 0
933 0.8803 0
934 0.8821 0
935 0.8839 0
936 0.8857 0
937 0.8875 0
938 0.8893 0
939 0.8911 0
940 0.8929 0
941 0.8947 0
942 0.8965 0
943 0.8983 0
944 0.9001 0
945 0.9019 0
946 0.9037 0
947 0.9055 0
948 0.9073 0
949 0.9091 0
950 0.9109 0
951 0.9127 0
952 0.9145 0
953 0.9163 0
954 0.9181 0
955 0.9199 0
956 0.9217 0
957 0.9235 0
958 0.9253 0
959 0.9271 0
960 0.9289 0
961 0.9307 0
962 0.9325 0
963 0.9343 0
964 0.9361 0
965 0.9379 0
966 0.9397 0
967 0.9415 0
968 0.9433 0
969 0.9451 0
970 0.9469 0
971 0.9487 0
972 0.9505 0
973 0.9523 0
974 0.9541 0
975 0.9559 0
976 0.9577 0
977 0.9595 0
978 0.9613 0
979 0.9631 0
980 0.9649 0
981 0.9667 0
982 0.9685 0
983 0.9703 0
984 0.9721 0
985 0.9739 0
986 0.9757 0
987 0.9775 0
988 0.9793 0
989 0.9811 0
990 0.9829 0
991 0.9847 0
992 0.9865 0
993 0.9883 0
994 0.9901 0
995 0.9919 0
996 0.9937 0
997 0.9955 0
998 0.9973 0
999 0.9991 0
