50.0 0.0 -0.7091 0.0 1.8816759999999997e-125 5.025651001858368e-126 
51.0 0.0 -0.7073 0.0 4.0700900000000005e-122 1.0430693552089425e-122 
52.0 0.0 -0.7055 0.0 6.201954000000001e-119 1.5014057208645495e-119 
53.0 0.0 -0.7037 0.0 8.385294000000001e-116 2.0440274622061206e-116 
54.0 0.0 -0.7019 0.0 8.801122e-113 2.0645064376327816e-113 
55.0 0.0 -0.7001 0.0 8.527314e-110 1.966677311446085e-110 
56.0 0.0 -0.6983 0.0 6.609480000000001e-107 1.536560429270518e-107 
57.0 0.0 -0.6965 3.332000937312528e-09 4.4494308e-104 8.806904427071475e-105 
58.0 0.0 -0.6947 0.0 2.7104699999999998e-101 3.2543257924184548e-102 
59.0 0.0 -0.6929 3.332000937312528e-09 1.3239160000000001e-98 7.194914729724001e-100 
60.0 0.0 -0.6911 3.332000937312528e-09 4.94621e-96 3.980954783666854e-97 
61.0 0.0 -0.6893 0.0 1.789488e-93 9.171153983659825e-95 
62.0 0.0 -0.6875 0.0 5.392616e-91 1.7160682892239646e-92 
63.0 0.0 -0.6857 0.0 1.3938059999999999e-88 5.010574758248895e-90 
64.0 0.0 -0.6839 0.0 3.3148019999999996e-86 2.033582671916748e-87 
65.0 0.0 -0.6821 0.0 6.371966e-84 4.3993137692690094e-85 
66.0 0.0 -0.6803 3.332000937312528e-09 1.0335736000000001e-81 5.520084244473032e-83 
67.0 0.0 -0.6785 3.332000937312528e-09 1.572426e-79 1.3065257598991327e-80 
68.0 0.0 -0.6767 0.0 2.1730179999999997e-77 2.4903665750085896e-78 
69.0 0.0 -0.6749 3.332000937312528e-09 2.5986599999999997e-75 3.4061837692056513e-76 
70.0 0.0 -0.6731 0.0 2.7572539999999997e-73 3.989863474817156e-74 
71.0 0.0 -0.6713 0.0 2.804956e-71 5.882613657251338e-72 
72.0 0.0 -0.6695 3.332000937312528e-09 2.2544180000000002e-69 4.2615849295209407e-70 
73.0 0.0 -0.6677 3.332000937312528e-09 1.761688e-67 3.439819707880051e-68 
74.0 0.0 -0.6659 0.0 1.1459208000000001e-65 2.0257488856132183e-66 
75.0 0.0 -0.6641 0.0 6.813974000000001e-64 1.017974671537951e-64 
76.0 0.0 -0.6623 3.332000937312528e-09 3.677446e-62 4.8279962558063357e-63 
77.0 0.0 -0.6605 0.0 1.8108580000000003e-60 2.2345759979736595e-61 
78.0 0.0 -0.6587 3.332000937312528e-09 8.075822e-59 9.00743909423319e-60 
79.0 0.0 -0.6569 0.0 3.34965e-57 3.584593862294583e-58 
80.0 0.0 -0.6551 3.332000937312528e-09 1.2486540000000002e-55 1.0805106135897047e-56 
81.0 0.0 -0.6533 0.0 4.506928e-54 5.4453169795265306e-55 
82.0 0.0 -0.6515 0.0 1.4676220000000001e-52 1.9417555113659378e-53 
83.0 0.0 -0.6497 0.0 4.251762e-51 4.933415834198444e-52 
84.0 0.0 -0.6479 0.0 1.1286926e-49 1.154017565972374e-50 
85.0 0.0 -0.6461 0.0 2.823682e-48 2.7597613724958108e-49 
86.0 0.0 -0.6443 3.332000937312528e-09 6.699330000000001e-47 8.342300975438365e-48 
87.0 0.0 -0.6425 0.0 1.4238840000000002e-45 1.5293457311151037e-46 
88.0 0.0 -0.6407 0.0 2.944484e-44 3.652952910356218e-45 
89.0 0.0 -0.6389 0.0 5.395054e-43 5.965992276133104e-44 
90.0 0.0 -0.6371 0.0 9.407334e-42 1.0464136989875462e-42 
91.0 0.0 -0.6353 0.0 1.5405119999999998e-40 1.6889870131886773e-41 
92.0 0.0 -0.6335 0.0 2.3240459999999996e-39 2.3270622791150314e-40 
93.0 0.0 -0.6317 0.0 3.269846e-38 2.8345141716491692e-39 
94.0 0.0 -0.6299 0.0 4.36503e-37 3.5696942695978957e-38 
95.0 0.0 -0.6281 0.0 5.52567e-36 4.483489192135985e-37 
96.0 0.0 -0.6263 0.0 6.568368000000001e-35 5.029158699695181e-36 
97.0 0.0 -0.6245 0.0 7.378048e-34 5.085279733458134e-35 
98.0 0.0 -0.6227 0.0 7.751584e-33 4.540622698934588e-34 
99.0 0.0 -0.6209 0.0 7.745432000000001e-32 4.0418844379719136e-33 
100.0 0.0 -0.6191 0.0 7.422167999999999e-31 3.5443680748364944e-32 
101.0 0.0 -0.6173 0.0 6.746056e-30 3.62314870316971e-31 
102.0 0.0 -0.6155 0.0 5.779799999999999e-29 2.8538753991020975e-30 
103.0 0.0 -0.6137 0.0 4.760879999999999e-28 2.6891795050535483e-29 
104.0 0.0 -0.6119 0.0 3.691587999999999e-27 1.79391908165338e-28 
105.0 0.0 -0.6101 0.0 2.758096e-26 1.4780099484374311e-27 
106.0 0.0 -0.6083 0.0 1.9595359999999997e-25 1.1488121881665566e-26 
107.0 0.0 -0.6065 0.0 1.3098219999999997e-24 7.115277216806194e-26 
108.0 0.0 -0.6047 0.0 8.346916e-24 4.325800255268416e-25 
109.0 0.0 -0.6029 0.0 5.1398980000000007e-23 2.4749388435918613e-24 
110.0 0.0 -0.6011 0.0 3.027142e-22 1.42466412080883e-23 
111.0 0.0 -0.5993 0.0 1.7150380000000003e-21 8.481564805623892e-23 
112.0 0.0 -0.5975 0.0 9.272272000000002e-21 4.95072131386119e-22 
113.0 0.0 -0.5957 0.0 4.8288499999999995e-20 2.62424628082047e-21 
114.0 0.0 -0.5939 0.0 2.3975019999999997e-19 1.13791448515257e-20 
115.0 0.0 -0.5921 0.0 1.1432940000000002e-18 4.4918285862217625e-20 
116.0 0.0 -0.5903 0.0 5.2884280000000005e-18 1.9805305130494467e-19 
117.0 0.0 -0.5885 0.0 2.320536e-17 7.944005360521946e-19 
118.0 0.0 -0.5867 0.0 9.916282e-17 3.288495628265295e-18 
119.0 0.0 -0.5849 0.0 4.0986200000000005e-16 1.51949789206828e-17 
120.0 0.0 -0.5831 0.0 1.63693e-15 6.471963961580738e-17 
121.0 0.0 -0.5813 0.0 6.264236e-15 2.3971946628674004e-16 
122.0 0.0 -0.5795 0.0 2.350018e-14 1.1049739592949729e-15 
123.0 0.0 -0.5777 0.0 8.467676e-14 4.027175302029945e-15 
124.0 0.0 -0.5759 0.0 2.9471839999999997e-13 1.3718676780506402e-14 
125.0 0.0 -0.5741 0.0 9.92205e-13 4.6635230505702424e-14 
126.0 0.0 -0.5723 0.0 3.2589740000000005e-12 1.6114516081098956e-13 
127.0 0.0 -0.5705 0.0 1.0357738000000002e-11 5.56374581133243e-13 
128.0 0.0 -0.5687 0.0 3.181854e-11 1.6421060985453998e-12 
129.0 0.0 -0.5669 0.0 9.475981999999999e-11 4.7274500652593045e-12 
130.0 0.0 -0.5651 0.0 2.7547600000000003e-10 1.4243256866320883e-11 
131.0 0.0 -0.5633 0.0 7.686708e-10 3.514749907620742e-11 
132.0 0.0 -0.5615 0.0 2.101778e-09 9.23490272996967e-11 
133.0 0.0 -0.5597 0.0 5.574752000000001e-09 2.8190880731754166e-10 
134.0 0.0 -0.5579 0.0 1.4425540000000002e-08 6.478988542048665e-10 
135.0 0.0 -0.5561 0.0 3.649078e-08 1.6868818710034041e-09 
136.0 0.0 -0.5543 0.0 9.005054e-08 4.265199634211722e-09 
137.0 0.0 -0.5525 0.0 2.165646e-07 9.801210131815268e-09 
138.0 0.0 -0.5507 0.0 5.076902e-07 2.6267233333413487e-08 
139.0 0.0 -0.5489 0.0 1.1581e-06 5.97253382074977e-08 
140.0 0.0 -0.5471 0.0 2.56695e-06 1.290965515263678e-07 
141.0 0.0 -0.5453 0.0 5.5896e-06 2.916902357776168e-07 
142.0 0.0 -0.5435 0.0 1.1787479999999999e-05 5.828259633201043e-07 
143.0 0.0 -0.5417 0.0 2.4175680000000005e-05 1.0343427143456618e-06 
144.0 0.0 -0.5399 0.0 4.9108539999999995e-05 2.1275276232472636e-06 
145.0 0.0 -0.5381 0.0 9.600124000000001e-05 3.4950659347828694e-06 
146.0 0.0 -0.5363 0.0 0.0001861016 6.946018799859395e-06 
147.0 0.0 -0.5345 0.0 0.0003521592 1.3887021346278636e-05 
148.0 0.0 -0.5327 0.0 0.0006527928 2.4332070866903657e-05 
149.0 0.0 -0.5309 0.0 0.00117317 3.52895496145813e-05 
150.0 0.0 -0.5291 0.0 0.0020780459999999996 5.713840618008497e-05 
151.0 0.0 -0.5273 0.0 0.0036069660000000005 9.004398776597727e-05 
152.0 0.0 -0.5255 0.0 0.006148774 0.00011768808057232437 
153.0 0.0 -0.5237 0.0 0.010302120000000001 0.00018421754834974918 
154.0 0.0 -0.5219 0.0 0.01709406 0.00033556680717853937 
155.0 0.0 -0.5201 0.0 0.027345020000000005 0.00045445978251103003 
156.0 0.0 -0.5183 0.0 0.04348751999999999 0.0006933482382758595 
157.0 0.0 -0.5165 0.0 0.06754286000000001 0.0011432785496455662 
158.0 0.0 -0.5147 0.0 0.10176327999999998 0.0008972283983026932 
159.0 0.0 -0.5129 0.0 0.15171320000000002 0.0009500233849746207 
160.0 0.0 -0.5111 0.0 0.22349000000000002 0.0012919314842504274 
161.0 0.0 -0.5093 0.0 0.3225632 0.0025013177231205095 
162.0 0.0 -0.5075 0.0 0.4581482 0.0033426198515537444 
163.0 0.0 -0.5057 0.0 0.6401636 0.003168970199922063 
164.0 0.0 -0.5039 0.0 0.8766849999999999 0.004601156132975184 
165.0 0.0 -0.5021 0.0 1.189988 0.0054049439590076916 
166.0 0.0 -0.5003 0.0 1.573428 0.009660208859027259 
167.0 0.0 -0.49850000000000005 4.080851059445486e-09 2.0710680000000004 0.005005048970768125 
168.0 0.0 -0.4967 0.0 2.694314 0.014366015898644625 
169.0 0.0 -0.4949 0.0 3.4242280000000003 0.016838200711455444 
170.0 0.0 -0.4931 0.0 4.273414 0.021241231150762676 
171.0 0.0 -0.4913 0.0 5.288452 0.025130858703970547 
172.0 0.0 -0.48949999999999994 3.332000937312528e-09 6.411533999999999 0.028787743864409156 
173.0 0.0 -0.4877000000000001 4.080851059445486e-09 7.747096000000001 0.046155836259352136 
174.0 0.0 -0.4859 2.356080457693621e-09 9.131128 0.04479713914078812 
175.0 0.0 -0.4840999999999999 2.356080457693621e-09 10.647960000000001 0.031221026248287466 
176.0 0.0 -0.48230000000000006 2.356080457693621e-09 12.213159999999998 0.05432753703235261 
177.0 0.0 -0.4805 2.356080457693621e-09 13.916999999999998 0.09608782649228993 
178.0 0.0 -0.4787 0.0 15.59376 0.12106742782431235 
179.0 0.0 -0.4769 0.0 17.15462 0.06570125965302784 
180.0 0.0 -0.4751 0.0 18.548000000000002 0.06394010322158379 
181.0 0.0 -0.47329999999999994 2.356080457693621e-09 20.04184 0.04245941685877806 
182.0 0.0 -0.4715 2.356080457693621e-09 21.12648 0.06328504657500501 
183.0 0.0 -0.4697 0.0 22.138440000000003 0.10672826279851222 
184.0 0.0 -0.46790000000000004 4.080851059445486e-09 22.904899999999998 0.10711880880599255 
185.0 0.0 -0.46610000000000007 2.356080457693621e-09 23.62018 0.031699733752759876 
186.0 0.0 -0.4643 0.0 23.73046 0.09544748755198057 
187.0 0.0 -0.4625 0.0 23.726760000000002 0.13813136819701635 
188.0 0.0 -0.4607 0.0 23.49778 0.07075591508853661 
189.0 0.0 -0.4589 0.0 23.02584 0.05747492392343319 
190.0 0.0 -0.45709999999999995 2.356080457693621e-09 22.091179999999998 0.027603744673819642 
191.0 0.0 -0.4553 2.356080457693621e-09 21.052 0.06895253439873525 
192.0 0.0 -0.4535 2.356080457693621e-09 19.77872 0.05437139983479725 
193.0 0.0 -0.45169999999999993 3.332000937312528e-09 18.437720000000002 0.03637361021356638 
194.0 0.0 -0.4499000000000001 3.332000937312528e-09 16.8555 0.0981394884845042 
195.0 0.0 -0.4481 0.0 15.414000000000001 0.11056600200780747 
196.0 0.0 -0.44630000000000003 3.332000937312528e-09 13.829239999999999 0.11296270393366492 
197.0 0.0 -0.4445 0.0 12.35706 0.12351324009996252 
198.0 0.0 -0.4427 0.0 10.93082 0.08156177241821577 
199.0 0.0 -0.44089999999999996 2.356080457693621e-09 9.552215999999998 0.0828133847443099 
200.0 0.0 -0.4391 0.0 8.2784 0.06181515251133293 
201.0 0.0 -0.4373 0.0 7.101162 0.0729979099645837 
202.0 0.0 -0.43550000000000005 3.332000937312528e-09 6.014368 0.05504632779031551 
203.0 0.0 -0.4337 0.0 5.065876 0.04687957334276007 
204.0 0.0 -0.4319 0.0 4.246308 0.027421178297077187 
205.0 0.0 -0.43010000000000004 3.332000937312528e-09 3.487428 0.020772046100461693 
206.0 0.0 -0.4283 0.0 2.8554399999999993 0.015479688885786684 
207.0 0.0 -0.4265 0.0 2.305422 0.009273645410502511 
208.0 0.0 -0.42469999999999997 2.356080457693621e-09 1.84531 0.005788388376732544 
209.0 0.0 -0.4229 0.0 1.4710839999999998 0.007884878489868848 
210.0 0.0 -0.4210999999999999 3.332000937312528e-09 1.154644 0.0079609067825259 
211.0 0.0 -0.41929999999999995 3.332000937312528e-09 0.9057762 0.007215999065408823 
212.0 0.0 -0.4175 0.0 0.6981458 0.003801722161333587 
213.0 0.0 -0.4157 0.0 0.5330712 0.0017543554577112814 
214.0 0.0 -0.41390000000000005 3.332000937312528e-09 0.4061394 0.0011826134651751708 
215.0 0.0 -0.4121 0.0 0.306163 0.0010184554973068636 
216.0 0.0 -0.4103 0.0 0.2284796 0.0006461430553680444 
217.0 0.0 -0.4085 0.0 0.16789420000000002 0.0008724486185438318 
218.0 0.0 -0.4067 0.0 0.12339639999999999 0.0006224846086454235 
219.0 0.0 -0.4048999999999999 2.356080457693621e-09 0.09038728 0.00022473147247326132 
220.0 0.0 -0.40310000000000007 3.332000937312528e-09 0.06483984000000001 0.00047013885659437675 
221.0 0.0 -0.4013 0.0 0.046634459999999996 0.00040053898247245515 
222.0 0.0 -0.3995 0.0 0.033240040000000005 0.00013758176216328773 
223.0 0.0 -0.3977 0.0 0.02347234 0.00011042812178057654 
224.0 0.0 -0.3959 0.0 0.016459400000000003 6.955037311185772e-05 
225.0 0.0 -0.3941 0.0 0.01142304 4.9642696139509566e-05 
226.0 0.0 -0.3923 0.0 0.007905874 2.6961136266807274e-05 
227.0 0.0 -0.3905 0.0 0.0054272719999999995 2.2787950043822895e-05 
228.0 0.0 -0.3887 0.0 0.003689858 2.195742360114646e-05 
229.0 0.0 -0.3869 0.0 0.002485208 1.7605563529745347e-05 
230.0 0.0 -0.3851 0.0 0.001669174 1.0232451358303446e-05 
231.0 0.0 -0.3833 0.0 0.001102376 5.905754210938787e-06 
232.0 0.0 -0.3815 0.0 0.0007309608000000001 3.3482455991116587e-06 
233.0 0.0 -0.3797 0.0 0.00048196100000000004 2.770016043274133e-06 
234.0 0.0 -0.3779 0.0 0.00031416379999999995 1.4015703021978477e-06 
235.0 0.0 -0.3761 0.0 0.00020333080000000002 5.617476586493788e-07 
236.0 0.0 -0.3743 0.0 0.0001308836 5.204003535746988e-07 
237.0 0.0 -0.3725 0.0 8.37713e-05 2.745914856654647e-07 
238.0 0.0 -0.3707 0.0 5.30252e-05 2.0271643840570898e-07 
239.0 0.0 -0.3689 0.0 3.35303e-05 1.867484318541235e-07 
240.0 0.0 -0.3671 0.0 2.106656e-05 1.4633879758969688e-07 
241.0 0.0 -0.3653 0.0 1.309076e-05 8.82268240389311e-08 
242.0 0.0 -0.3635 0.0 8.094261999999999e-06 3.8779335981962044e-08 
243.0 0.0 -0.3617 0.0 4.98395e-06 2.108597201932242e-08 
244.0 0.0 -0.3599 0.0 3.044048e-06 1.8770348830004237e-08 
245.0 0.0 -0.3581 0.0 1.851928e-06 1.312492937885837e-08 
246.0 0.0 -0.3563 0.0 1.1209360000000003e-06 7.060625241424699e-09 
247.0 0.0 -0.3545 0.0 6.74205e-07 3.6802076789230543e-09 
248.0 0.0 -0.3527 1.666000468656264e-09 4.0152959999999995e-07 1.560360794179151e-09 
249.0 0.0 -0.3509 0.0 2.390014e-07 1.0806612642270442e-09 
250.0 0.0 -0.3491 1.666000468656264e-09 1.4115740000000002e-07 1.012272437636613e-09 
251.0 0.0 -0.3473 1.666000468656264e-09 8.310066000000001e-08 5.720769623744358e-10 
252.0 0.0 -0.3455 0.0 4.838886e-08 2.713969529675564e-10 
253.0 0.0 -0.3437 1.666000468656264e-09 2.8078460000000003e-08 2.0233989146976437e-10 
254.0 0.0 -0.3419 1.666000468656264e-09 1.619366e-08 1.0648813868220524e-10 
255.0 0.0 -0.3401 0.0 9.256654e-09 6.942400349157166e-11 
256.0 0.0 -0.3383 0.0 5.301878e-09 4.6603901158585325e-11 
257.0 0.0 -0.3365 1.666000468656264e-09 3.016536e-09 2.6073551135203025e-11 
258.0 0.0 -0.3347 0.0 1.7152459999999998e-09 1.7011298974507623e-11 
259.0 0.0 -0.3329 1.666000468656264e-09 9.664832e-10 1.0725636348115907e-11 
260.0 0.0 -0.3311 0.0 5.411786e-10 6.1381595977963835e-12 
261.0 0.0 -0.3293 0.0 3.0060059999999996e-10 3.3740145773252656e-12 
262.0 0.0 -0.3275 0.0 1.6634980000000001e-10 1.847883273369618e-12 
263.0 0.0 -0.3257 0.0 9.144256e-11 1.0314173469937194e-12 
264.0 0.0 -0.3239 1.666000468656264e-09 5.0186579999999994e-11 5.756922479242654e-13 
265.0 0.0 -0.3221 1.666000468656264e-09 2.7427240000000002e-11 3.072493835306639e-13 
266.0 0.0 -0.3203 0.0 1.49031e-11 1.5417383695031072e-13 
267.0 0.0 -0.3185 0.0 8.083724e-12 8.58398972785932e-14 
268.0 0.0 -0.3167 0.0 4.340858000000001e-12 4.589979297555596e-14 
269.0 0.0 -0.3149 0.0 2.326626e-12 2.4247715372792435e-14 
270.0 0.0 -0.3131 0.0 1.2417900000000001e-12 1.363572337648081e-14 
271.0 0.0 -0.3113 0.0 6.590607999999999e-13 9.053560401965306e-15 
272.0 0.0 -0.3095 0.0 3.4884559999999996e-13 4.16337102454293e-15 
273.0 0.0 -0.3077 0.0 1.837564e-13 2.5467623147830798e-15 
274.0 0.0 -0.3059 0.0 9.608508e-14 1.4205005800491632e-15 
275.0 0.0 -0.3041 0.0 5.008702e-14 7.257431498264771e-16 
276.0 0.0 -0.3023 0.0 2.6174440000000003e-14 4.1112347011566696e-16 
277.0 0.0 -0.3005 0.0 1.35582e-14 2.0341700027284794e-16 
278.0 0.0 -0.2987 0.0 7.0079160000000004e-15 1.0903358677397838e-16 
279.0 0.0 -0.2969 0.0 3.610284e-15 5.1997776998637615e-17 
280.0 0.0 -0.2951 0.0 1.8526779999999995e-15 2.6024269042575605e-17 
281.0 0.0 -0.2933 0.0 9.45973e-16 1.3978888376405827e-17 
282.0 0.0 -0.2915 0.0 4.805322e-16 7.547791790450611e-18 
283.0 0.0 -0.2897 0.0 2.4306099999999997e-16 3.7211773298249535e-18 
284.0 0.0 -0.2879 0.0 1.232332e-16 1.736655461512063e-18 
285.0 0.0 -0.2861 0.0 6.21396e-17 8.860912029808855e-19 
286.0 0.0 -0.2843 0.0 3.110162e-17 4.206128722709402e-19 
287.0 0.0 -0.2825 0.0 1.5557060000000003e-17 2.3559928454894937e-19 
288.0 0.0 -0.2807 0.0 7.677576e-18 1.0526590918621562e-19 
289.0 0.0 -0.2789 0.0 3.805442e-18 5.1383767195486744e-20 
290.0 0.0 -0.2771 0.0 1.88439e-18 2.7245212863911167e-20 
291.0 0.0 -0.2753 0.0 9.281446e-19 1.2157576862517625e-20 
292.0 0.0 -0.2735 0.0 4.576532e-19 6.052549752956619e-21 
293.0 0.0 -0.2717 0.0 2.237554e-19 3.015991891235709e-21 
294.0 0.0 -0.2699 0.0 1.09643e-19 1.476891519374545e-21 
295.0 0.0 -0.2681 0.0 5.295418e-20 6.268243769349509e-22 
296.0 0.0 -0.2663 0.0 2.572402e-20 3.6071820181410107e-22 
297.0 0.0 -0.2645 0.0 1.244754e-20 1.7101217406955674e-22 
298.0 0.0 -0.2627 0.0 5.9980459999999996e-21 9.583692843993744e-23 
299.0 0.0 -0.2609 0.0 2.8927039999999998e-21 4.7509943515016296e-23 
300.0 0.0 -0.2591 0.0 1.38481e-21 2.321102479426507e-23 
301.0 0.0 -0.2573 0.0 6.620444000000001e-22 1.1754966948825953e-23 
302.0 0.0 -0.2555 0.0 3.1597359999999995e-22 5.250151301439646e-24 
303.0 0.0 -0.2537 0.0 1.5050900000000003e-22 2.731809876254004e-24 
304.0 0.0 -0.2519 0.0 7.136016e-23 1.2503498830647645e-24 
305.0 0.0 -0.2501 0.0 3.3810079999999997e-23 6.10047723641417e-25 
306.0 0.0 -0.24830000000000002 1.666000468656264e-09 1.604932e-23 3.1052887582317936e-25 
307.0 0.0 -0.2465 0.0 7.591886e-24 1.328259446523901e-25 
308.0 0.0 -0.2447 1.1780402288468105e-09 3.564808e-24 6.721181315215339e-26 
309.0 0.0 -0.24290000000000003 1.666000468656264e-09 1.6703079999999996e-24 3.130607179446581e-26 
310.0 0.0 -0.2411 0.0 7.807633999999999e-25 1.5335969041701534e-26 
311.0 0.0 -0.2393 1.1780402288468105e-09 3.6450000000000002e-25 6.971266725639078e-27 
312.0 0.0 -0.2375 1.1780402288468105e-09 1.696362e-25 3.6020967938131304e-27 
313.0 0.0 -0.23569999999999997 1.666000468656264e-09 7.91686e-26 1.5873392118888448e-27 
314.0 0.0 -0.2339 1.1780402288468105e-09 3.6869740000000005e-26 7.257683986506563e-28 
315.0 0.0 -0.23210000000000003 1.666000468656264e-09 1.705588e-26 3.6116544065011774e-28 
316.0 0.0 -0.2303 0.0 7.905716e-27 1.822136204700432e-28 
317.0 0.0 -0.2285 0.0 3.6550279999999995e-27 8.78327163829101e-29 
318.0 0.0 -0.22670000000000004 1.666000468656264e-09 1.692198e-27 3.9658000393365254e-29 
319.0 0.0 -0.22489999999999996 1.666000468656264e-09 7.783117999999999e-28 1.9091023581569178e-29 
320.0 0.0 -0.2231 0.0 3.5834980000000004e-28 8.69430606040507e-30 
321.0 0.0 -0.2213 0.0 1.657698e-28 3.6764591160518915e-30 
322.0 0.0 -0.21949999999999997 1.666000468656264e-09 7.649872e-29 1.6096779601895194e-30 
323.0 0.0 -0.2177 0.0 3.507014e-29 7.723286945853843e-31 
324.0 0.0 -0.21590000000000004 1.666000468656264e-09 1.603198e-29 3.7099009841233483e-31 
325.0 0.0 -0.2141 0.0 7.357704e-30 1.6315440210058228e-31 
326.0 0.0 -0.2123 0.0 3.372408e-30 8.116710848120489e-32 
327.0 0.0 -0.2105 0.0 1.5430719999999999e-30 3.632337433664634e-32 
328.0 0.0 -0.20869999999999997 1.666000468656264e-09 7.022814e-31 1.710409516016629e-32 
329.0 0.0 -0.2069 0.0 3.20796e-31 7.744451334988157e-33 
330.0 0.0 -0.2051 0.0 1.4543140000000002e-31 3.941510863615379e-33 
331.0 0.0 -0.20329999999999998 1.1780402288468105e-09 6.609562000000001e-32 1.9434258449242614e-33 
332.0 0.0 -0.2015 0.0 3.021962e-32 8.677792052820606e-34 
333.0 0.0 -0.1997 0.0 1.3784180000000002e-32 3.864988811367985e-34 
334.0 0.0 -0.1979 0.0 6.241848e-33 1.8766567279926487e-34 
335.0 0.0 -0.1961 0.0 2.836224e-33 8.884365722323652e-35 
336.0 0.0 -0.1943 0.0 1.290862e-33 3.959662322976469e-35 
337.0 0.0 -0.1925 0.0 5.852316e-34 1.8058373334495594e-35 
338.0 0.0 -0.1907 0.0 2.65222e-34 8.654742519566865e-36 
339.0 0.0 -0.1889 0.0 1.194868e-34 4.14326257338348e-36 
340.0 0.0 -0.1871 0.0 5.432501999999999e-35 1.871634856140514e-36 
341.0 0.0 -0.1853 0.0 2.480474e-35 8.289683403363398e-37 
342.0 0.0 -0.1835 0.0 1.1342239999999999e-35 3.6376762758662805e-37 
343.0 0.0 -0.1817 0.0 5.1706959999999995e-36 1.71660130784061e-37 
344.0 0.0 -0.1799 0.0 2.3424020000000003e-36 8.196537890597408e-38 
345.0 0.0 -0.1781 0.0 1.0643286000000002e-36 3.6112448787197625e-38 
346.0 0.0 -0.1763 0.0 4.847888e-37 1.7033253174658046e-38 
347.0 0.0 -0.1745 0.0 2.203102e-37 7.892630503957543e-39 
348.0 0.0 -0.1727 0.0 1.0014612e-37 3.448879124399652e-39 
349.0 0.0 -0.1709 0.0 4.603426e-38 1.568917876907523e-39 
350.0 0.0 -0.1691 8.33000234328132e-10 2.0956239999999998e-38 7.21027058909731e-40 
351.0 0.0 -0.1673 0.0 9.610227999999999e-39 3.257757681522741e-40 
352.0 0.0 -0.1655 8.33000234328132e-10 4.413042e-39 1.4903979638740688e-40 
353.0 0.0 -0.1637 0.0 2.0147819999999998e-39 6.763138723403694e-41 
354.0 0.0 -0.1619 0.0 9.22977e-40 3.2352901572502205e-41 
355.0 0.0 -0.1601 8.33000234328132e-10 4.26259e-40 1.4911564792469144e-41 
356.0 0.0 -0.1583 0.0 1.976892e-40 6.535835245169365e-42 
357.0 0.0 -0.1565 0.0 9.13326e-41 2.872917455131659e-42 
358.0 0.0 -0.1547 0.0 4.2438679999999997e-41 1.2729146696931488e-42 
359.0 0.0 -0.1529 0.0 1.958574e-41 6.319250016259845e-43 
360.0 0.0 -0.1511 0.0 9.169675999999999e-42 2.8732758258963716e-43 
361.0 0.0 -0.1493 0.0 4.288858e-42 1.2607699651879176e-43 
362.0 0.0 -0.1475 0.0 2.01287e-42 5.268657863251299e-44 
363.0 0.0 -0.1457 0.0 9.47771e-43 2.198741877710925e-44 
364.0 0.0 -0.1439 0.0 4.4286999999999995e-43 1.0707918068420487e-44 
365.0 0.0 -0.1421 0.0 2.082402e-43 5.181247906826979e-45 
366.0 0.0 -0.1403 0.0 9.866314e-44 2.504652600198384e-45 
367.0 0.0 -0.1385 0.0 4.660965999999999e-44 1.2301944147492076e-45 
368.0 0.0 -0.1367 0.0 2.2199420000000001e-44 5.477176698993592e-46 
369.0 0.0 -0.1349 0.0 1.067368e-44 2.455428620831811e-46 
370.0 0.0 -0.1331 0.0 5.0994120000000005e-45 1.1843200778167607e-46 
371.0 0.0 -0.1313 0.0 2.471232e-45 4.852143752198409e-47 
372.0 0.0 -0.1295 0.0 1.20072e-45 2.423735662154672e-47 
373.0 0.0 -0.1277 0.0 5.803249999999999e-46 1.1924459129035253e-47 
374.0 0.0 -0.1259 0.0 2.8405420000000003e-46 5.378136230330931e-48 
375.0 0.0 -0.12410000000000002 8.33000234328132e-10 1.388258e-46 3.1545855562974044e-48 
376.0 0.0 -0.1223 0.0 6.828947999999999e-47 1.5296354018916147e-48 
377.0 0.0 -0.12050000000000001 8.33000234328132e-10 3.3577059999999996e-47 8.0901743496668e-49 
378.0 0.0 -0.1187 5.890201144234053e-10 1.6614860000000002e-47 4.432615684671764e-49 
379.0 0.0 -0.1169 5.890201144234053e-10 8.27724e-48 2.152412337262485e-49 
380.0 0.0 -0.11510000000000001 5.890201144234053e-10 4.12109e-48 1.1428985337290432e-49 
381.0 0.0 -0.1133 0.0 2.0605300000000002e-48 5.633452206240719e-50 
382.0 0.0 -0.1115 0.0 1.0385640000000001e-48 2.9183039951313075e-50 
383.0 0.0 -0.10969999999999999 5.890201144234053e-10 5.2933180000000005e-49 1.5490080354600808e-50 
384.0 0.0 -0.1079 0.0 2.696708e-49 7.311061796483311e-51 
385.0 0.0 -0.1061 0.0 1.378412e-49 3.7817074810196155e-51 
386.0 0.0 -0.10430000000000002 8.33000234328132e-10 7.128766000000001e-50 1.8878401575557e-51 
387.0 0.0 -0.1025 0.0 3.688102e-50 9.429419322100533e-52 
388.0 0.0 -0.10069999999999998 8.33000234328132e-10 1.9157099999999999e-50 5.022138604220382e-52 
389.0 0.0 -0.0989 0.0 1.0063045999999999e-50 2.703261282170125e-52 
390.0 0.0 -0.0971 0.0 5.3199799999999995e-51 1.3445735520231263e-52 
391.0 0.0 -0.0953 0.0 2.8166139999999997e-51 7.162781658546008e-53 
392.0 0.0 -0.0935 0.0 1.51086e-51 3.6154632787514953e-53 
393.0 0.0 -0.0917 0.0 8.094139999999999e-52 1.856093478896025e-53 
394.0 0.0 -0.0899 0.0 4.380614e-52 1.006729521013418e-53 
395.0 0.0 -0.0881 0.0 2.393684e-52 6.087540341385956e-54 
396.0 0.0 -0.0863 0.0 1.3139799999999999e-52 3.2491147840604717e-54 
397.0 0.0 -0.0845 0.0 7.241438e-53 1.7829630639808544e-54 
398.0 0.0 -0.0827 0.0 4.0423299999999997e-53 1.0659369696187464e-54 
399.0 0.0 -0.0809 0.0 2.257468e-53 6.325441014822375e-55 
400.0 0.0 -0.0791 4.16500117164066e-10 1.278376e-53 3.521341069535807e-55 
401.0 0.0 -0.0773 0.0 7.292254000000001e-54 2.1084530569304743e-55 
402.0 0.0 -0.0755 0.0 4.194804e-54 1.3360299351736022e-55 
403.0 0.0 -0.0737 0.0 2.439022e-54 8.266738691406671e-56 
404.0 0.0 -0.0719 0.0 1.431698e-54 5.16460635014914e-56 
405.0 0.0 -0.0701 0.0 8.397951999999999e-55 3.0220115440415377e-56 
406.0 0.0 -0.0683 0.0 5.0020939999999995e-55 1.8653801308258891e-56 
407.0 0.0 -0.0665 0.0 2.987004e-55 1.1798075017900474e-56 
408.0 0.0 -0.0647 0.0 1.80813e-55 7.708152032750726e-57 
409.0 0.0 -0.0629 0.0 1.118607e-55 5.191740162219183e-57 
410.0 0.0 -0.0611 2.9451005721170263e-10 6.947648e-56 3.4000781391491683e-57 
411.0 0.0 -0.0593 0.0 4.357872e-56 2.2390010167751054e-57 
412.0 0.0 -0.05750000000000001 4.16500117164066e-10 2.7492900000000003e-56 1.4707043648537807e-57 
413.0 0.0 -0.05569999999999999 4.16500117164066e-10 1.7466640000000003e-56 9.611691995065065e-58 
414.0 0.0 -0.0539 0.0 1.1320549999999998e-56 6.683162682443164e-58 
415.0 0.0 -0.0521 0.0 7.39038e-57 4.629000356448486e-58 
416.0 0.0 -0.0503 0.0 4.8560740000000006e-57 3.113030286598575e-58 
417.0 0.0 -0.0485 0.0 3.2561479999999997e-57 2.25647809586533e-58 
418.0 0.0 -0.0467 0.0 2.19629e-57 1.589248015635066e-58 
419.0 0.0 -0.0449 0.0 1.490506e-57 1.0920518510034184e-58 
420.0 0.0 -0.0431 2.08250058582033e-10 1.028752e-57 7.844087038578787e-59 
421.0 0.0 -0.0413 0.0 7.188306000000001e-58 5.501536859140352e-59 
422.0 0.0 -0.0395 0.0 5.047964e-58 3.804692881229698e-59 
423.0 0.0 -0.0377 0.0 3.578156e-58 2.7492791918755606e-59 
424.0 0.0 -0.0359 0.0 2.5736e-58 1.9605909050079739e-59 
425.0 0.0 -0.0341 0.0 1.882696e-58 1.420725673337396e-59 
426.0 0.0 -0.0323 0.0 1.4036085999999997e-58 1.1062307288792957e-59 
427.0 0.0 -0.0305 0.0 1.0469643999999998e-58 8.368168104124136e-60 
428.0 0.0 -0.028699999999999996 2.08250058582033e-10 7.972302e-59 6.382772296699916e-60 
429.0 0.0 -0.0269 0.0 6.151599999999999e-59 5.22384603984459e-60 
430.0 0.0 -0.0251 0.0 4.803194e-59 4.10908953697532e-60 
431.0 0.0 -0.0233 0.0 3.821882e-59 3.4719556627814234e-60 
432.0 0.0 -0.0215 1.041250292910165e-10 3.068586e-59 2.764103238100924e-60 
433.0 0.0 -0.0197 0.0 2.5009100000000006e-59 2.3006852394884337e-60 
434.0 0.0 -0.0179 0.0 2.072202e-59 1.9027806417766537e-60 
435.0 0.0 -0.0161 0.0 1.7311099999999998e-59 1.5521816592138993e-60 
436.0 0.0 -0.014300000000000002 7.362751430292566e-11 1.480864e-59 1.3925164153000145e-60 
437.0 0.0 -0.0125 0.0 1.2793835999999999e-59 1.2077279846376026e-60 
438.0 0.0 -0.0107 5.206251464550825e-11 1.1235078e-59 1.0331773071390986e-60 
439.0 0.0 -0.0089 0.0 1.0049888e-59 9.275473528242102e-61 
440.0 0.0 -0.0071 0.0 9.123637999999999e-60 8.323339425322054e-61 
441.0 0.0 -0.0053 0.0 8.429446000000001e-60 7.576838542590147e-61 
442.0 0.0 -0.0035000000000000005 0.0 7.896304e-60 7.17518334709851e-61 
443.0 0.0 -0.0016999999999999997 1.3015628661377062e-11 7.579962e-60 7.009212699606156e-61 
444.0 0.0 0.0001 0.0 7.377250000000001e-60 6.719061857313095e-61 
445.0 0.0 0.0019 0.0 7.248967999999999e-60 6.473034466857118e-61 
446.0 0.0 0.0037000000000000006 1.8406878575731415e-11 7.270924e-60 6.034694013890012e-61 
447.0 0.0 0.0055 0.0 7.455871999999999e-60 6.0168055238241166e-61 
448.0 0.0 0.007299999999999999 5.206251464550825e-11 7.733939999999999e-60 5.8261797597396636e-61 
449.0 0.0 0.0091 0.0 8.194998e-60 5.691915485064763e-61 
450.0 0.0 0.0109 5.206251464550825e-11 8.938672e-60 6.106148581710059e-61 
451.0 0.0 0.0127 0.0 9.906676000000002e-60 6.524685608769188e-61 
452.0 0.0 0.014500000000000002 1.041250292910165e-10 1.1225006e-59 7.191767869646544e-61 
453.0 0.0 0.0163 0.0 1.2939039999999998e-59 7.807636377803579e-61 
454.0 0.0 0.0181 0.0 1.5315839999999998e-59 9.690263189821019e-61 
455.0 0.0 0.0199 0.0 1.8383040000000001e-59 1.0933568232192054e-60 
456.0 0.0 0.0217 0.0 2.247126e-59 1.2510971081734585e-60 
457.0 0.0 0.0235 0.0 2.8231339999999996e-59 1.4859384511075936e-60 
458.0 0.0 0.0253 0.0 3.6373320000000007e-59 1.9478393484884566e-60 
459.0 0.0 0.027100000000000003 2.08250058582033e-10 4.780356e-59 2.4974784494125436e-60 
460.0 0.0 0.0289 0.0 6.429908000000001e-59 3.374882772174425e-60 
461.0 0.0 0.030699999999999998 2.08250058582033e-10 8.80477e-59 4.727523455510312e-60 
462.0 0.0 0.0325 0.0 1.236888e-58 7.138211335621871e-60 
463.0 0.0 0.0343 0.0 1.770084e-58 1.0828350332714598e-59 
464.0 0.0 0.0361 0.0 2.6441380000000003e-58 1.8625702302785734e-59 
465.0 0.0 0.0379 0.0 4.024028e-58 3.3292845919086e-59 
466.0 0.0 0.0397 0.0 6.187876e-58 5.440006595995999e-59 
467.0 0.0 0.0415 0.0 9.784886e-58 9.392192479739758e-59 
468.0 0.0 0.0433 0.0 1.588706e-57 1.6467993333979703e-58 
469.0 0.0 0.0451 0.0 2.6543500000000003e-57 3.0414306884754064e-58 
470.0 0.0 0.0469 0.0 4.5577100000000005e-57 5.640113941473158e-58 
471.0 0.0 0.0487 0.0 8.046361999999999e-57 1.1233499732083508e-57 
472.0 0.0 0.0505 0.0 1.4398280000000003e-56 2.1225306366505018e-57 
473.0 0.0 0.0523 0.0 2.66738e-56 4.1751953605070995e-57 
474.0 0.0 0.0541 0.0 5.041654e-56 8.326451295076434e-57 
475.0 0.0 0.05589999999999999 4.16500117164066e-10 9.649158e-56 1.5623872467282886e-56 
476.0 0.0 0.057699999999999994 2.9451005721170263e-10 1.901722e-55 3.1451984295303202e-56 
477.0 0.0 0.0595 0.0 3.8485079999999994e-55 6.4612270311079505e-56 
478.0 0.0 0.0613 0.0 7.966543999999999e-55 1.3112500715900072e-55 
479.0 0.0 0.0631 0.0 1.7100279999999997e-54 2.8974705457553858e-55 
480.0 0.0 0.0649 0.0 3.750432e-54 6.146505475432365e-55 
481.0 0.0 0.0667 0.0 8.409757999999999e-54 1.358512707015729e-54 
482.0 0.0 0.0685 0.0 1.9650900000000004e-53 3.278984218931218e-54 
483.0 0.0 0.0703 0.0 4.751756000000001e-53 8.029884702016581e-54 
484.0 0.0 0.0721 0.0 1.1808626e-52 2.098189244787227e-53 
485.0 0.0 0.0739 0.0 2.9511240000000002e-52 5.170077734549058e-53 
486.0 0.0 0.0757 0.0 7.672664e-52 1.3689247558126783e-52 
487.0 0.0 0.0775 0.0 2.0236780000000003e-51 3.5455370718016725e-52 
488.0 0.0 0.0793 0.0 5.573748e-51 1.0093360731546261e-51 
489.0 0.0 0.0811 4.16500117164066e-10 1.5638924e-50 2.800222326341393e-51 
490.0 0.0 0.0829 0.0 4.583367999999999e-50 8.648601931059161e-51 
491.0 0.0 0.0847 0.0 1.371289e-49 2.5719719935644705e-50 
492.0 0.0 0.0865 4.16500117164066e-10 4.287118e-49 8.214017044170287e-50 
493.0 0.0 0.0883 0.0 1.3521734e-48 2.504277333516557e-49 
494.0 0.0 0.0901 0.0 4.373874e-48 7.681030678683687e-49 
495.0 0.0 0.0919 0.0 1.4668811999999998e-47 2.5800514161921673e-48 
496.0 0.0 0.0937 0.0 5.030348e-47 8.476974815411452e-48 
497.0 0.0 0.0955 0.0 1.795538e-46 3.041619813244254e-47 
498.0 0.0 0.0973 0.0 6.6744260000000005e-46 1.157982571345872e-46 
499.0 0.0 0.0991 0.0 2.534576e-45 4.491731707624579e-46 
500.0 0.0 0.10090000000000002 8.33000234328132e-10 9.849305999999998e-45 1.716807620853543e-45 
501.0 0.0 0.10269999999999999 5.890201144234053e-10 3.9377340000000007e-44 6.74133886723401e-45 
502.0 0.0 0.1045 0.0 1.6635528000000001e-43 3.1194403212094303e-44 
503.0 0.0 0.10630000000000002 8.33000234328132e-10 7.116284e-43 1.3978960023852988e-43 
504.0 0.0 0.1081 0.0 3.098796e-42 6.2114055529227875e-43 
505.0 0.0 0.1099 0.0 1.3315901999999998e-41 2.4227498813247724e-42 
506.0 0.0 0.1117 0.0 5.994014e-41 1.0645349927911252e-41 
507.0 0.0 0.1135 0.0 2.755722e-40 4.510816239165594e-41 
508.0 0.0 0.1153 0.0 1.3067345999999999e-39 1.971526187958153e-40 
509.0 0.0 0.11710000000000001 8.33000234328132e-10 6.325612e-39 8.14649238194698e-40 
510.0 0.0 0.1189 0.0 3.16239e-38 3.699217909991245e-39 
511.0 0.0 0.1207 0.0 1.618504e-37 1.732821382739721e-38 
512.0 0.0 0.12250000000000001 8.33000234328132e-10 8.536444e-37 8.749531297737034e-38 
513.0 0.0 0.1243 5.890201144234053e-10 4.574398e-36 4.369759407052048e-37 
514.0 0.0 0.1261 0.0 2.5344559999999997e-35 2.3315341101686732e-36 
515.0 0.0 0.1279 0.0 1.438892e-34 1.3402869896854193e-35 
516.0 0.0 0.1297 0.0 8.245318e-34 8.128281836324326e-35 
517.0 0.0 0.1315 0.0 4.7623520000000006e-33 5.138716043168754e-34 
518.0 0.0 0.1333 0.0 2.7342079999999996e-32 2.808927657366786e-33 
519.0 0.0 0.1351 0.0 1.6023320000000003e-31 1.540859389405785e-32 
520.0 0.0 0.1369 0.0 9.36693e-31 8.093418639561393e-32 
521.0 0.0 0.1387 0.0 5.486626e-30 4.394648279951414e-31 
522.0 0.0 0.1405 0.0 3.308834e-29 2.7159682075606116e-30 
523.0 0.0 0.1423 0.0 2.015038e-28 1.6470464064864677e-29 
524.0 0.0 0.1441 0.0 1.2179288000000002e-27 1.0063577708405658e-28 
525.0 0.0 0.1459 0.0 7.37862e-27 5.8836644158551545e-28 
526.0 0.0 0.1477 0.0 4.36901e-26 3.3766884809825e-27 
527.0 0.0 0.1495 0.0 2.658968e-25 2.138466846018426e-26 
528.0 0.0 0.1513 0.0 1.6153839999999998e-24 1.4032001070695602e-25 
529.0 0.0 0.1531 0.0 9.687714e-24 8.915508380237217e-25 
530.0 0.0 0.1549 0.0 5.844114e-23 5.114247554399384e-24 
531.0 0.0 0.1567 0.0 3.409902e-22 2.9048332778870384e-23 
532.0 0.0 0.1585 0.0 2.022488e-21 1.6919903144876445e-22 
533.0 0.0 0.1603 0.0 1.1471972000000002e-20 1.0417404392626743e-21 
534.0 0.0 0.1621 8.33000234328132e-10 6.46838e-20 5.9203901188350956e-21 
535.0 0.0 0.1639 0.0 3.5315e-19 3.274029277694385e-20 
536.0 0.0 0.1657 8.33000234328132e-10 1.8922419999999997e-18 1.643852460143555e-19 
537.0 0.0 0.1675 0.0 1.006022e-17 8.520749914227038e-19 
538.0 0.0 0.1693 0.0 5.3281839999999995e-17 4.360767293639988e-18 
539.0 0.0 0.1711 8.33000234328132e-10 2.7103660000000003e-16 2.1520219390331456e-17 
540.0 0.0 0.1729 0.0 1.355676e-15 1.1064373321973552e-16 
541.0 0.0 0.1747 8.33000234328132e-10 6.48917e-15 5.680231334936995e-16 
542.0 0.0 0.1765 8.33000234328132e-10 3.0614300000000004e-14 2.6846945315994398e-15 
543.0 0.0 0.1783 0.0 1.407802e-13 1.2507345596568435e-14 
544.0 0.0 0.1801 0.0 6.433178e-13 5.5448046806646056e-14 
545.0 0.0 0.1819 0.0 2.7834580000000004e-12 2.609620339650955e-13 
546.0 0.0 0.1837 0.0 1.1684785999999999e-11 1.2154447260146408e-12 
547.0 0.0 0.1855 0.0 4.722658e-11 5.1218972914653385e-12 
548.0 0.0 0.1873 0.0 1.841728e-10 2.1218731681983257e-11 
549.0 0.0 0.1891 0.0 6.97343e-10 8.363240658979016e-11 
550.0 0.0 0.1909 0.0 2.568308e-09 3.123015137766709e-10 
551.0 0.0 0.1927 0.0 9.071419999999999e-09 1.1521282526489844e-09 
552.0 0.0 0.1945 0.0 3.0814939999999996e-08 3.857243065050478e-09 
553.0 0.0 0.1963 0.0 1.010903e-07 1.2770166023478328e-08 
554.0 0.0 0.1981 0.0 3.1589059999999996e-07 4.034524924359752e-08 
555.0 0.0 0.1999 0.0 9.511536e-07 1.2459961891229044e-07 
556.0 0.0 0.2017 0.0 2.7610500000000004e-06 3.593118332034163e-07 
557.0 0.0 0.20349999999999996 1.666000468656264e-09 7.6172879999999996e-06 9.478065968894707e-07 
558.0 0.0 0.20529999999999998 1.666000468656264e-09 2.029952e-05 2.5727812445522857e-06 
559.0 0.0 0.2071 0.0 5.141994e-05 6.441291786876292e-06 
560.0 0.0 0.2089 0.0 0.00012527178000000001 1.5405233290499673e-05 
561.0 0.0 0.21070000000000003 1.1780402288468105e-09 0.0002972584 3.75047289547332e-05 
562.0 0.0 0.2125 0.0 0.0006652492 8.181028062311e-05 
563.0 0.0 0.2143 0.0 0.0014093209999999998 0.00017801032976993243 
564.0 0.0 0.21610000000000001 1.666000468656264e-09 0.0029061459999999996 0.0003386232713397005 
565.0 0.0 0.21790000000000004 1.1780402288468105e-09 0.00570628 0.0006598934629953531 
566.0 0.0 0.2197 0.0 0.010749424 0.0012105539750101178 
567.0 0.0 0.22149999999999997 1.666000468656264e-09 0.01944876 0.00229480071267202 
568.0 0.0 0.2233 0.0 0.03328346 0.0038046627148907697 
569.0 0.0 0.2251 1.1780402288468105e-09 0.05559003999999999 0.006704762695672396 
570.0 0.0 0.22690000000000002 1.1780402288468105e-09 0.08836105999999999 0.010375389028642754 
571.0 0.0 0.2287 0.0 0.1337599 0.01597613137552395 
572.0 0.0 0.2305 0.0 0.1938472 0.024424523393343837 
573.0 0.0 0.2323 1.1780402288468105e-09 0.2691844 0.032615386108522514 
574.0 0.0 0.23410000000000003 1.666000468656264e-09 0.35849079999999994 0.043729418747932215 
575.0 0.0 0.2359 1.1780402288468105e-09 0.4513304000000001 0.05665589288368853 
576.0 0.0 0.23769999999999997 1.666000468656264e-09 0.5485478 0.06907122745942766 
577.0 0.0 0.2395 1.1780402288468105e-09 0.6368962 0.07988625679321817 
578.0 0.0 0.2413 0.0 0.7008332000000002 0.08901976756042428 
579.0 0.0 0.2431 0.0 0.7403674 0.09276165803287471 
580.0 0.0 0.24489999999999998 1.666000468656264e-09 0.7482279999999999 0.0950953701821494 
581.0 0.0 0.2467 0.0 0.730795 0.09358740790084956 
582.0 0.0 0.2485 1.1780402288468105e-09 0.6746372 0.08784554321644311 
583.0 0.0 0.2503 0.0 0.6017996 0.07988404302417348 
584.0 0.0 0.2521 0.0 0.5183190000000001 0.06758198326122121 
585.0 0.0 0.2539 0.0 0.4296080000000001 0.056490221998501566 
586.0 0.0 0.2557 0.0 0.34209579999999995 0.044683627673142344 
587.0 0.0 0.2575 0.0 0.2605146 0.03319502805011623 
588.0 0.0 0.2593 0.0 0.1881148 0.02427674734292056 
589.0 0.0 0.2611 0.0 0.13142936 0.01691840355044413 
590.0 0.0 0.2629 0.0 0.08845164 0.01124452978839401 
591.0 0.0 0.2647 0.0 0.0567689 0.007224077438067788 
592.0 0.0 0.2665 0.0 0.03533638 0.004329445776484566 
593.0 0.0 0.2683 0.0 0.0212049 0.0026069175738408002 
594.0 0.0 0.2701 0.0 0.012219932 0.0015162945675887636 
595.0 0.0 0.2719 0.0 0.0067404000000000006 0.0008227030590340603 
596.0 0.0 0.2737 0.0 0.0035848399999999997 0.0004358976206679735 
597.0 0.0 0.2755 0.0 0.0018303739999999998 0.00021996011101288357 
598.0 0.0 0.2773 0.0 0.0008984886000000001 0.00010534945290170218 
599.0 0.0 0.2791 0.0 0.00042366899999999994 4.9524236756561996e-05 
600.0 0.0 0.2809 0.0 0.00019209579999999998 2.202482428606418e-05 
601.0 0.0 0.2827 0.0 8.429869999999999e-05 9.44992128678329e-06 
602.0 0.0 0.2845 0.0 3.5438540000000006e-05 3.972759278848884e-06 
603.0 0.0 0.2863 0.0 1.4504080000000001e-05 1.6293144605999144e-06 
604.0 0.0 0.2881 0.0 5.727736e-06 6.499725421929748e-07 
605.0 0.0 0.2899 0.0 2.165834e-06 2.4397791461687646e-07 
606.0 0.0 0.2917 0.0 7.910652000000001e-07 9.029964188252334e-08 
607.0 0.0 0.2935 0.0 2.796818e-07 3.196429903426641e-08 
608.0 0.0 0.2953 0.0 9.588026000000001e-08 1.08944343806771e-08 
609.0 0.0 0.2971 0.0 3.155428e-08 3.5101323509406236e-09 
610.0 0.0 0.2989 0.0 1.0071985999999998e-08 1.1200349035261378e-09 
611.0 0.0 0.3007 0.0 3.107192e-09 3.467531612360587e-10 
612.0 0.0 0.3025 0.0 9.330026e-10 1.0539122625630659e-10 
613.0 0.0 0.3043 0.0 2.7070380000000003e-10 3.0309390226000904e-11 
614.0 0.0 0.3061 0.0 7.57008e-11 8.334290351121668e-12 
615.0 0.0 0.3079 0.0 2.0530859999999998e-11 2.2629621961667917e-12 
616.0 0.0 0.3097 0.0 5.385534000000001e-12 5.863766201246431e-13 
617.0 0.0 0.3115 0.0 1.3746928e-12 1.49427090084335e-13 
618.0 0.0 0.3133 0.0 3.414144e-13 3.6477279860866775e-14 
619.0 0.0 0.3151 0.0 8.184876e-14 8.545817943045586e-15 
620.0 0.0 0.3169 0.0 1.916728e-14 1.954635405675442e-15 
621.0 0.0 0.3187 1.666000468656264e-09 4.369256e-15 4.356310353645614e-16 
622.0 0.0 0.3205 0.0 9.653433999999998e-16 9.634543384866821e-17 
623.0 0.0 0.3223 0.0 2.0643120000000001e-16 2.0979180936156666e-17 
624.0 0.0 0.3241 1.666000468656264e-09 4.312814e-17 4.378788582117212e-18 
625.0 0.0 0.3259 0.0 8.795986e-18 9.005980992322803e-19 
626.0 0.0 0.3277 0.0 1.7389659999999998e-18 1.7944478826870403e-19 
627.0 0.0 0.3295 0.0 3.358952e-19 3.414942209338247e-20 
628.0 0.0 0.3313 0.0 6.270775999999999e-20 6.3672006136197855e-21 
629.0 0.0 0.3331 0.0 1.1475518000000001e-20 1.1454199257299456e-21 
630.0 0.0 0.3349 0.0 2.055408e-21 2.0215871058947692e-22 
631.0 0.0 0.3367 0.0 3.5732500000000005e-22 3.4999912636462344e-23 
632.0 0.0 0.3385 1.666000468656264e-09 6.081183999999999e-23 6.002446012725159e-24 
633.0 0.0 0.3403 0.0 1.0108522000000001e-23 9.97765722315213e-25 
634.0 0.0 0.3421 0.0 1.6400040000000001e-24 1.6297064912676732e-25 
635.0 0.0 0.3439 0.0 2.600524e-25 2.58265060998967e-26 
636.0 0.0 0.3457 0.0 4.032158e-26 3.9423232731372965e-27 
637.0 0.0 0.3475 0.0 6.110126e-27 6.111576961707994e-28 
638.0 0.0 0.3493 0.0 9.041222e-28 9.199434657908061e-29 
639.0 0.0 0.3511 1.666000468656264e-09 1.3081628e-28 1.375854184245993e-29 
640.0 0.0 0.3529 0.0 1.858302e-29 1.991309133489824e-30 
641.0 0.0 0.3547 0.0 2.585986e-30 2.798863388963456e-31 
642.0 0.0 0.3565 0.0 3.522452e-31 3.7997411908076034e-32 
643.0 0.0 0.3583 0.0 4.7019199999999996e-32 5.015810042655133e-33 
644.0 0.0 0.3601 0.0 6.182248e-33 6.5831312269709565e-34 
645.0 0.0 0.3619 0.0 7.923868e-34 8.436815521813883e-35 
646.0 0.0 0.3637 0.0 9.994438e-35 1.0475168504091949e-35 
647.0 0.0 0.3655 0.0 1.2416416e-35 1.3123895512098526e-36 
648.0 0.0 0.3673 0.0 1.5093688e-36 1.5841465262895345e-37 
649.0 0.0 0.3691 0.0 1.8062979999999999e-37 1.897500314076394e-38 
650.0 0.0 0.3709 0.0 2.132986e-38 2.242953222980807e-39 
651.0 0.0 0.3727 0.0 2.4820440000000002e-39 2.6284759585128324e-40 
652.0 0.0 0.3745 0.0 2.835874e-40 2.99976249694538e-41 
653.0 0.0 0.3763 0.0 3.1919300000000003e-41 3.3733504741725194e-42 
654.0 0.0 0.3781 0.0 3.524888e-42 3.691728031412922e-43 
655.0 0.0 0.3799 0.0 3.824864e-43 4.039883297086689e-44 
656.0 0.0 0.3817 0.0 4.102868e-44 4.3668661292418796e-45 
657.0 0.0 0.3835 0.0 4.331322e-45 4.61171802029569e-46 
658.0 0.0 0.3853 0.0 4.4904380000000005e-46 4.735900587672831e-47 
659.0 0.0 0.3871 0.0 4.616427999999999e-47 4.811717001936012e-48 
660.0 0.0 0.3889 0.0 4.679284e-48 4.916686220583947e-49 
661.0 0.0 0.3907 0.0 4.669124e-49 4.892304565384296e-50 
662.0 0.0 0.3925 0.0 4.640044e-50 4.853209293372778e-51 
663.0 0.0 0.3943 0.0 4.538662e-51 4.78381581162151e-52 
664.0 0.0 0.3961 0.0 4.354382e-52 4.594138503301785e-53 
665.0 0.0 0.3979 0.0 4.133964e-53 4.400922995336319e-54 
666.0 0.0 0.3997 0.0 3.87353e-54 4.139032415432377e-55 
667.0 0.0 0.4015000000000001 3.332000937312528e-09 3.588584e-55 3.885561106002579e-56 
668.0 0.0 0.40329999999999994 3.332000937312528e-09 3.303046e-56 3.572657461285651e-57 
669.0 0.0 0.4051 0.0 2.995974e-57 3.3106079313141295e-58 
670.0 0.0 0.4069 0.0 2.686332e-58 2.9707392552561714e-59 
671.0 0.0 0.40869999999999995 3.332000937312528e-09 2.3878140000000003e-59 2.6310853273278606e-60 
672.0 0.0 0.4105 0.0 2.107158e-60 2.322277034188646e-61 
673.0 0.0 0.4123 0.0 1.8323e-61 2.0272326536438786e-62 
674.0 0.0 0.4141 0.0 1.5803296e-62 1.7184948365860172e-63 
675.0 0.0 0.4159 0.0 1.3444247999999996e-63 1.4515520810233495e-64 
676.0 0.0 0.41770000000000007 3.332000937312528e-09 1.1315148e-64 1.2276270011706322e-65 
677.0 0.0 0.41950000000000004 3.332000937312528e-09 9.464872e-66 1.0373582515115982e-66 
678.0 0.0 0.4213 0.0 7.83048e-67 8.471710092584594e-68 
679.0 0.0 0.4231 0.0 6.4410200000000005e-68 6.997204233463515e-69 
680.0 0.0 0.42489999999999994 3.332000937312528e-09 5.248824e-69 5.676214505784654e-70 
681.0 0.0 0.4267 0.0 4.2410079999999995e-70 4.612606201478739e-71 
682.0 0.0 0.4285 0.0 3.395294e-71 3.696525848263469e-72 
683.0 0.0 0.4303 0.0 2.698256e-72 2.919887355306708e-73 
684.0 0.0 0.4321 0.0 2.118682e-73 2.3168602066417392e-74 
685.0 0.0 0.43390000000000006 2.356080457693621e-09 1.656762e-74 1.8126165664916507e-75 
686.0 0.0 0.4356999999999999 2.356080457693621e-09 1.2888452e-75 1.4076550639710006e-76 
687.0 0.0 0.4375 0.0 9.925083999999999e-77 1.0838077654588027e-77 
688.0 0.0 0.4393000000000001 3.332000937312528e-09 7.597390000000001e-78 8.371645517578955e-79 
689.0 0.0 0.44109999999999994 3.332000937312528e-09 5.780653999999999e-79 6.364961714360913e-80 
690.0 0.0 0.4429 0.0 4.35648e-80 4.814010543818947e-81 
691.0 0.0 0.4447 0.0 3.25683e-81 3.5857380996386187e-82 
692.0 0.0 0.4465 0.0 2.4172199999999998e-82 2.661685990796059e-83 
693.0 0.0 0.4483 0.0 1.777632e-83 1.962375545791375e-84 
694.0 0.0 0.45010000000000006 3.332000937312528e-09 1.3060216e-84 1.4516245372563802e-85 
695.0 0.0 0.4519 2.356080457693621e-09 9.535204e-86 1.0679838874462483e-86 
696.0 0.0 0.4537 2.356080457693621e-09 6.922888e-87 7.734258220225129e-88 
697.0 0.0 0.45549999999999996 2.356080457693621e-09 4.99786e-88 5.5782696744420725e-89 
698.0 0.0 0.45729999999999993 4.080851059445486e-09 3.571224e-89 4.013344026579334e-90 
699.0 0.0 0.4591 0.0 2.536596e-90 2.854967256078433e-91 
700.0 0.0 0.4609 0.0 1.787586e-91 2.004557606775119e-92 
701.0 0.0 0.4627 0.0 1.2560148000000002e-92 1.3973985546017967e-93 
702.0 0.0 0.4645 2.356080457693621e-09 8.781355999999999e-94 9.741621223291353e-95 
703.0 0.0 0.46630000000000005 3.332000937312528e-09 6.092188000000001e-95 6.760825864901403e-96 
704.0 0.0 0.4681 0.0 4.216858e-96 4.684550315528692e-97 
705.0 0.0 0.4699 0.0 2.896222e-97 3.191516109237117e-98 
706.0 0.0 0.47170000000000006 3.332000937312528e-09 1.9765659999999998e-98 2.193881047021466e-99 
707.0 0.0 0.4734999999999999 2.356080457693621e-09 1.3436565999999997e-99 1.488650140350247e-100 
708.0 0.0 0.4753 0.0 9.103852000000001e-101 1.0028164030664838e-101 
709.0 0.0 0.47709999999999997 4.080851059445486e-09 6.130432e-102 6.749663973230072e-103 
710.0 0.0 0.4789 2.356080457693621e-09 4.109034e-103 4.541892381516765e-104 
711.0 0.0 0.4807 0.0 2.7348200000000003e-104 3.021126390338542e-105 
712.0 0.0 0.48250000000000004 4.080851059445486e-09 1.8134580000000004e-105 2.0264924628332485e-106 
713.0 0.0 0.4843 0.0 1.1972624e-106 1.3286930295823799e-107 
714.0 0.0 0.4861 0.0 7.866465999999999e-108 8.70506737856065e-109 
715.0 0.0 0.48789999999999994 3.332000937312528e-09 5.1377480000000005e-109 5.722594851806304e-110 
716.0 0.0 0.4897 0.0 3.3462619999999995e-110 3.7587393191228476e-111 
717.0 0.0 0.4915 0.0 2.1705200000000003e-111 2.4305459817909163e-112 
718.0 0.0 0.49329999999999996 3.332000937312528e-09 1.4007748e-112 1.5617000588087317e-113 
719.0 0.0 0.4951 0.0 8.982998e-114 1.0063247535757018e-114 
720.0 0.0 0.4969 2.356080457693621e-09 5.733668e-115 6.45181511963261e-116 
721.0 0.0 0.49870000000000003 4.080851059445486e-09 3.643538e-116 4.129283259588757e-117 
722.0 0.0 0.5005 0.0 2.30899e-117 2.638751345769432e-118 
723.0 0.0 0.5023 0.0 1.460472e-118 1.6716350739081768e-119 
724.0 0.0 0.5041 0.0 9.179155999999999e-120 1.0514366901439197e-120 
725.0 0.0 0.5059 0.0 5.747076e-121 6.629966130990413e-122 
726.0 0.0 0.5077 0.0 3.5858819999999993e-122 4.1342757191459865e-123 
727.0 0.0 0.5095 0.0 2.2284840000000002e-123 2.552854231106819e-124 
728.0 0.0 0.5113 0.0 1.381456e-124 1.5832469024381507e-125 
729.0 0.0 0.5131 0.0 8.528414e-126 9.852620982159017e-127 
730.0 0.0 0.5149 0.0 5.251755999999999e-127 6.025522840690265e-128 
731.0 0.0 0.5167 0.0 3.221106e-128 3.706050442462981e-129 
732.0 0.0 0.5185 0.0 1.9656259999999998e-129 2.2653671046609657e-130 
733.0 0.0 0.5203 0.0 1.1953724000000001e-130 1.3810504766954738e-131 
734.0 0.0 0.5221 0.0 7.236448e-132 8.397054406559483e-133 
735.0 0.0 0.5239 0.0 4.374802e-133 5.092156841606495e-134 
736.0 0.0 0.5257 0.0 2.63125e-134 3.055616198674172e-135 
737.0 0.0 0.5275 0.0 1.576024e-135 1.8210508115041734e-136 
738.0 0.0 0.5293 0.0 9.395145999999998e-137 1.0883626943095773e-137 
739.0 0.0 0.5311 0.0 5.592328e-138 6.452851472978432e-139 
740.0 0.0 0.5329 0.0 3.322936e-139 3.8212533559134796e-140 
741.0 0.0 0.5347 0.0 1.9687800000000003e-140 2.2650037237938437e-141 
742.0 0.0 0.5365 0.0 1.1593619999999997e-141 1.325611390234716e-142 
743.0 0.0 0.5383 0.0 6.802786000000002e-143 7.801712542184549e-144 
744.0 0.0 0.5401 0.0 3.9892639999999995e-144 4.549528766771351e-145 
745.0 0.0 0.5419 0.0 2.337478e-145 2.6441774293568156e-146 
746.0 0.0 0.5437 0.0 1.3628588e-146 1.546513610400895e-147 
747.0 0.0 0.5455 0.0 7.903774e-148 8.991408183754088e-149 
748.0 0.0 0.5473 0.0 4.571548000000001e-149 5.198933410644905e-150 
749.0 0.0 0.5491 0.0 2.638804e-150 3.0164656775239543e-151 
750.0 0.0 0.5509 0.0 1.5199962000000001e-151 1.750746173662874e-152 
751.0 0.0 0.5527 0.0 8.717568e-153 1.0065522962167436e-153 
752.0 0.0 0.5545 0.0 4.988974e-154 5.80839589102533e-155 
753.0 0.0 0.5563 0.0 2.854306e-155 3.313905827702461e-156 
754.0 0.0 0.5581 0.0 1.6243004e-156 1.898262470621269e-157 
755.0 0.0 0.5599 0.0 9.225592e-158 1.0824398901914507e-158 
756.0 0.0 0.5617 0.0 5.219114e-159 6.135297337974166e-160 
757.0 0.0 0.5635 0.0 2.9473580000000005e-160 3.4520810213103142e-161 
758.0 0.0 0.5653 0.0 1.6625322000000002e-161 1.9880958645724235e-162 
759.0 0.0 0.5671 0.0 9.342028000000001e-163 0.0 
760.0 0.0 0.5689 0.0 5.222776e-164 0.0 
761.0 0.0 0.5707 0.0 2.910026e-165 0.0 
762.0 0.0 0.5725 0.0 1.6243622e-166 0.0 
763.0 0.0 0.5743 0.0 9.019682e-168 0.0 
764.0 0.0 0.5761 0.0 5.004478e-169 0.0 
765.0 0.0 0.5779 0.0 2.77059e-170 0.0 
766.0 0.0 0.5797 0.0 1.5304568000000002e-171 0.0 
767.0 0.0 0.5815 0.0 8.42814e-173 0.0 
768.0 0.0 0.5833 0.0 4.621148e-174 0.0 
769.0 0.0 0.5851 0.0 2.525776e-175 0.0 
770.0 0.0 0.5869 0.0 1.3800064000000002e-176 0.0 
771.0 0.0 0.5887 0.0 7.513298e-178 0.0 
772.0 0.0 0.5905 0.0 4.085427999999999e-179 0.0 
773.0 0.0 0.5923 0.0 2.211564e-180 0.0 
774.0 0.0 0.5941 0.0 1.1950865999999999e-181 0.0 
775.0 0.0 0.5959 0.0 6.451348e-183 0.0 
776.0 0.0 0.5977 0.0 3.468934e-184 0.0 
777.0 0.0 0.5995 0.0 1.8670039999999996e-185 0.0 
778.0 0.0 0.6013 0.0 1.0014398e-186 0.0 
779.0 0.0 0.6031 0.0 5.356242e-188 0.0 
780.0 0.0 0.6049 0.0 2.861462e-189 0.0 
781.0 0.0 0.6067 0.0 1.5233972000000002e-190 0.0 
782.0 0.0 0.6085 0.0 8.102006e-192 0.0 
783.0 0.0 0.6103 0.0 4.2943299999999997e-193 0.0 
784.0 0.0 0.6121 0.0 2.270878e-194 0.0 
785.0 0.0 0.6139 0.0 1.1978416000000002e-195 0.0 
786.0 0.0 0.6157 0.0 6.321714e-197 0.0 
787.0 0.0 0.6175 0.0 3.3207640000000003e-198 0.0 
788.0 0.0 0.6193 0.0 1.741068e-199 0.0 
789.0 0.0 0.6211 0.0 9.108812000000001e-201 0.0 
790.0 0.0 0.6229 0.0 4.759488e-202 0.0 
791.0 0.0 0.6247 0.0 2.4829199999999997e-203 0.0 
792.0 0.0 0.6265 0.0 1.2913236e-204 0.0 
793.0 0.0 0.6283 0.0 6.710866e-206 0.0 
794.0 0.0 0.6301 0.0 3.4826680000000004e-207 0.0 
795.0 0.0 0.6319 0.0 1.802752e-208 0.0 
796.0 0.0 0.6337 0.0 9.30174e-210 0.0 
797.0 0.0 0.6355 3.332000937312528e-09 4.7938679999999995e-211 0.0 
798.0 0.0 0.6373 3.332000937312528e-09 2.466916e-212 0.0 
799.0 0.0 0.6391 0.0 1.2646777999999998e-213 0.0 
800.0 0.0 0.6409 3.332000937312528e-09 6.479288000000001e-215 0.0 
801.0 0.0 0.6427 0.0 3.3127660000000004e-216 0.0 
802.0 0.0 0.6445 0.0 1.6904902e-217 0.0 
803.0 0.0 0.6463 3.332000937312528e-09 8.626108000000001e-219 0.0 
804.0 0.0 0.6481 3.332000937312528e-09 4.378254e-220 0.0 
805.0 0.0 0.6499 0.0 2.219462e-221 0.0 
806.0 0.0 0.6517 3.332000937312528e-09 1.1239846e-222 0.0 
807.0 0.0 0.6535 0.0 5.687960000000001e-224 0.0 
808.0 0.0 0.6553 0.0 2.875244e-225 0.0 
809.0 0.0 0.6571 0.0 1.4493582e-226 0.0 
810.0 0.0 0.6589 0.0 7.287647999999999e-228 0.0 
811.0 0.0 0.6607 0.0 3.659332e-229 0.0 
812.0 0.0 0.6625 3.332000937312528e-09 1.834964e-230 0.0 
813.0 0.0 0.6643 3.332000937312528e-09 9.180934000000001e-232 0.0 
814.0 0.0 0.6661 0.0 4.5865039999999995e-233 0.0 
815.0 0.0 0.6679 0.0 2.2883839999999998e-234 0.0 
816.0 0.0 0.6697 3.332000937312528e-09 1.1388044000000001e-235 0.0 
817.0 0.0 0.6715 3.332000937312528e-09 5.663373999999999e-237 0.0 
818.0 0.0 0.6733 0.0 2.812292e-238 0.0 
819.0 0.0 0.6751 3.332000937312528e-09 1.3940096e-239 0.0 
820.0 0.0 0.6769 0.0 6.898163999999999e-241 0.0 
821.0 0.0 0.6787 0.0 3.4074360000000003e-242 0.0 
822.0 0.0 0.6805 0.0 1.6776496e-243 0.0 
823.0 0.0 0.6823 0.0 8.265444e-245 0.0 
824.0 0.0 0.6841 0.0 4.061682e-246 0.0 
825.0 0.0 0.6859 0.0 1.9944059999999996e-247 0.0 
826.0 0.0 0.6877 3.332000937312528e-09 9.775774e-249 0.0 
827.0 0.0 0.6895 3.332000937312528e-09 4.77416e-250 0.0 
828.0 0.0 0.6913 3.332000937312528e-09 2.3383839999999997e-251 0.0 
829.0 0.0 0.6931 0.0 1.140726e-252 0.0 
830.0 0.0 0.6949 0.0 5.557108000000001e-254 0.0 
831.0 0.0 0.6967 0.0 2.70001e-255 0.0 
832.0 0.0 0.6985 0.0 1.3091063999999999e-256 0.0 
833.0 0.0 0.7003 0.0 6.33243e-258 0.0 
834.0 0.0 0.7021 0.0 3.0593040000000004e-259 0.0 
835.0 0.0 0.7039 0.0 1.4788193999999999e-260 0.0 
836.0 0.0 0.7057 0.0 7.134204e-262 0.0 
837.0 0.0 0.7075 0.0 3.43858e-263 0.0 
838.0 0.0 0.7093 0.0 1.6540950000000002e-264 0.0 
839.0 0.0 0.7111 0.0 7.943088e-266 0.0 
840.0 0.0 0.7129 0.0 3.809878e-267 0.0 
841.0 0.0 0.7147 0.0 1.823504e-268 0.0 
842.0 0.0 0.7165 0.0 8.704621999999999e-270 0.0 
843.0 0.0 0.7183 0.0 4.1565440000000004e-271 0.0 
844.0 0.0 0.7201 0.0 1.978292e-272 0.0 
845.0 0.0 0.7219 0.0 9.410642e-274 0.0 
846.0 0.0 0.7237 0.0 4.470488e-275 0.0 
847.0 0.0 0.7255 0.0 2.122046e-276 0.0 
848.0 0.0 0.7273 0.0 1.0047444000000001e-277 0.0 
849.0 0.0 0.7291 0.0 4.759786e-279 0.0 
850.0 0.0 0.7309 0.0 2.248604e-280 0.0 
851.0 0.0 0.7327 0.0 1.06155e-281 0.0 
852.0 0.0 0.7345 0.0 5.007163999999999e-283 0.0 
853.0 0.0 0.7363 0.0 2.35714e-284 0.0 
854.0 0.0 0.7381 0.0 1.1067522e-285 0.0 
855.0 0.0 0.7399 0.0 5.197546e-287 0.0 
856.0 0.0 0.7417 0.0 2.4351820000000003e-288 0.0 
857.0 0.0 0.7435 0.0 1.1377414e-289 0.0 
858.0 0.0 0.7453 0.0 5.31698e-291 0.0 
859.0 0.0 0.7471 0.0 2.4830540000000004e-292 0.0 
860.0 0.0 0.7489 0.0 1.1586085999999998e-293 0.0 
861.0 0.0 0.7507 0.0 5.396142e-295 0.0 
862.0 0.0 0.7525 0.0 2.507406e-296 0.0 
863.0 0.0 0.7543 0.0 1.1639582e-297 0.0 
864.0 0.0 0.7561 0.0 5.393156000000001e-299 0.0 
865.0 0.0 0.7579 0.0 2.4923600000000003e-300 0.0 
866.0 0.0 0.7597 0.0 1.1528996000000002e-301 0.0 
867.0 0.0 0.7615 0.0 5.321342e-303 0.0 
868.0 0.0 0.7633 0.0 2.4495600000000005e-304 0.0 
869.0 0.0 0.7651 0.0 1.1287769999999999e-305 0.0 
870.0 0.0 0.7669 0.0 5.189522e-307 0.0 
871.0 0.0 0.7687 0.0 2.3848959999999997e-308 0.0 
872.0 0.0 0.7705 0.0 1.0937344e-309 0.0 
873.0 0.0 0.7723 0.0 5.0173840000003e-311 0.0 
874.0 0.0 0.7741 0.0 2.299457999997e-312 0.0 
875.0 0.0 0.7759 0.0 1.0503392e-313 0.0 
876.0 0.0 0.7777 0.0 4.793826e-315 0.0 
877.0 0.0 0.7795 0.0 2.18232e-316 0.0 
878.0 0.0 0.7813 0.0 9.927963e-318 0.0 
879.0 0.0 0.7831 0.0 4.52347e-319 0.0 
880.0 0.0 0.7849 0.0 2.086e-320 0.0 
881.0 0.0 0.7867 0.0 0.0 0.0 
882.0 0.0 0.7885 0.0 0.0 0.0 
883.0 0.0 0.7903 0.0 0.0 0.0 
884.0 0.0 0.7921 0.0 0.0 0.0 
885.0 0.0 0.7939 0.0 0.0 0.0 
886.0 0.0 0.7957 0.0 0.0 0.0 
887.0 0.0 0.7975 0.0 0.0 0.0 
888.0 0.0 0.7993 0.0 0.0 0.0 
889.0 0.0 0.8011000000000001 4.712160915387242e-09 0.0 0.0 
890.0 0.0 0.8029 0.0 0.0 0.0 
891.0 0.0 0.8047000000000001 6.664001874625056e-09 0.0 0.0 
892.0 0.0 0.8065 0.0 0.0 0.0 
893.0 0.0 0.8083 0.0 0.0 0.0 
894.0 0.0 0.8101 0.0 0.0 0.0 
895.0 0.0 0.8119 0.0 0.0 0.0 
896.0 0.0 0.8137000000000001 6.664001874625056e-09 0.0 0.0 
897.0 0.0 0.8154999999999999 6.664001874625056e-09 0.0 0.0 
898.0 0.0 0.8173 0.0 0.0 0.0 
899.0 0.0 0.8191 0.0 0.0 0.0 
900.0 0.0 0.8209 0.0 0.0 0.0 
901.0 0.0 0.8227 0.0 0.0 0.0 
902.0 0.0 0.8245000000000001 6.664001874625056e-09 0.0 0.0 
903.0 0.0 0.8263 0.0 0.0 0.0 
904.0 0.0 0.8280999999999998 6.664001874625056e-09 0.0 0.0 
905.0 0.0 0.8299 0.0 0.0 0.0 
906.0 0.0 0.8317 0.0 0.0 0.0 
907.0 0.0 0.8335000000000001 6.664001874625056e-09 0.0 0.0 
908.0 0.0 0.8352999999999999 6.664001874625056e-09 0.0 0.0 
909.0 0.0 0.8370999999999998 6.664001874625056e-09 0.0 0.0 
910.0 0.0 0.8389 0.0 0.0 0.0 
911.0 0.0 0.8407 0.0 0.0 0.0 
912.0 0.0 0.8425 0.0 0.0 0.0 
913.0 0.0 0.8443000000000002 4.712160915387242e-09 0.0 0.0 
914.0 0.0 0.8461000000000001 6.664001874625056e-09 0.0 0.0 
915.0 0.0 0.8478999999999999 6.664001874625056e-09 0.0 0.0 
916.0 0.0 0.8497 0.0 0.0 0.0 
917.0 0.0 0.8515 0.0 0.0 0.0 
918.0 0.0 0.8533 0.0 0.0 0.0 
919.0 0.0 0.8551 0.0 0.0 0.0 
920.0 0.0 0.8568999999999999 6.664001874625056e-09 0.0 0.0 
921.0 0.0 0.8587 0.0 0.0 0.0 
922.0 0.0 0.8605 0.0 0.0 0.0 
923.0 0.0 0.8623 0.0 0.0 0.0 
924.0 0.0 0.8641 0.0 0.0 0.0 
925.0 0.0 0.8659000000000001 6.664001874625056e-09 0.0 0.0 
926.0 0.0 0.8676999999999999 4.712160915387242e-09 0.0 0.0 
927.0 0.0 0.8695 0.0 0.0 0.0 
928.0 0.0 0.8713 0.0 0.0 0.0 
929.0 0.0 0.8731 0.0 0.0 0.0 
930.0 0.0 0.8749 0.0 0.0 0.0 
931.0 0.0 0.8766999999999999 6.664001874625056e-09 0.0 0.0 
932.0 0.0 0.8785000000000001 6.664001874625056e-09 0.0 0.0 
933.0 0.0 0.8802999999999999 6.664001874625056e-09 0.0 0.0 
934.0 0.0 0.8821 0.0 0.0 0.0 
935.0 0.0 0.8839 0.0 0.0 0.0 
936.0 0.0 0.8857000000000002 6.664001874625056e-09 0.0 0.0 
937.0 0.0 0.8875 0.0 0.0 0.0 
938.0 0.0 0.8893000000000001 6.664001874625056e-09 0.0 0.0 
939.0 0.0 0.8911 0.0 0.0 0.0 
940.0 0.0 0.8929 0.0 0.0 0.0 
941.0 0.0 0.8947 4.712160915387242e-09 0.0 0.0 
942.0 0.0 0.8965 0.0 0.0 0.0 
943.0 0.0 0.8983000000000001 6.664001874625056e-09 0.0 0.0 
944.0 0.0 0.9000999999999999 6.664001874625056e-09 0.0 0.0 
945.0 0.0 0.9019 0.0 0.0 0.0 
946.0 0.0 0.9037 4.712160915387242e-09 0.0 0.0 
947.0 0.0 0.9055 0.0 0.0 0.0 
948.0 0.0 0.9073 4.712160915387242e-09 0.0 0.0 
949.0 0.0 0.9091000000000001 6.664001874625056e-09 0.0 0.0 
950.0 0.0 0.9109 0.0 0.0 0.0 
951.0 0.0 0.9126999999999998 6.664001874625056e-09 0.0 0.0 
952.0 0.0 0.9145 4.712160915387242e-09 0.0 0.0 
953.0 0.0 0.9163 0.0 0.0 0.0 
954.0 0.0 0.9181000000000001 8.161702118890972e-09 0.0 0.0 
955.0 0.0 0.9198999999999999 8.161702118890972e-09 0.0 0.0 
956.0 0.0 0.9216999999999999 6.664001874625056e-09 0.0 0.0 
957.0 0.0 0.9235 0.0 0.0 0.0 
958.0 0.0 0.9253 4.712160915387242e-09 0.0 0.0 
959.0 0.0 0.9271 0.0 0.0 0.0 
960.0 0.0 0.9289 0.0 0.0 0.0 
961.0 0.0 0.9307000000000001 8.161702118890972e-09 0.0 0.0 
962.0 0.0 0.9324999999999999 8.161702118890972e-09 0.0 0.0 
963.0 0.0 0.9343 0.0 0.0 0.0 
964.0 0.0 0.9361 0.0 0.0 0.0 
965.0 0.0 0.9379 0.0 0.0 0.0 
966.0 0.0 0.9397 4.712160915387242e-09 0.0 0.0 
967.0 0.0 0.9414999999999999 8.161702118890972e-09 0.0 0.0 
968.0 0.0 0.9433 0.0 0.0 0.0 
969.0 0.0 0.9451 0.0 0.0 0.0 
970.0 0.0 0.9469 0.0 0.0 0.0 
971.0 0.0 0.9487 0.0 0.0 0.0 
972.0 0.0 0.9505000000000001 6.664001874625056e-09 0.0 0.0 
973.0 0.0 0.9522999999999999 6.664001874625056e-09 0.0 0.0 
974.0 0.0 0.9541000000000001 4.712160915387242e-09 0.0 0.0 
975.0 0.0 0.9559 4.712160915387242e-09 0.0 0.0 
976.0 0.0 0.9577 4.712160915387242e-09 0.0 0.0 
977.0 0.0 0.9595 4.712160915387242e-09 0.0 0.0 
978.0 0.0 0.9612999999999999 8.161702118890972e-09 0.0 0.0 
979.0 0.0 0.9631000000000001 6.664001874625056e-09 0.0 0.0 
980.0 0.0 0.9648999999999999 0.0 0.0 0.0 
981.0 0.0 0.9667 0.0 0.0 0.0 
982.0 0.0 0.9685 0.0 0.0 0.0 
983.0 0.0 0.9703000000000002 6.664001874625056e-09 0.0 0.0 
984.0 0.0 0.9721 4.712160915387242e-09 0.0 0.0 
985.0 0.0 0.9739000000000001 6.664001874625056e-09 0.0 0.0 
986.0 0.0 0.9757 0.0 0.0 0.0 
987.0 0.0 0.9775 4.712160915387242e-09 0.0 0.0 
988.0 0.0 0.9793 0.0 0.0 0.0 
989.0 0.0 0.9811 0.0 0.0 0.0 
990.0 0.0 0.9829000000000001 4.712160915387242e-09 0.0 0.0 
991.0 0.0 0.9846999999999999 4.712160915387242e-09 0.0 0.0 
992.0 0.0 0.9865 0.0 0.0 0.0 
993.0 0.0 0.9883 0.0 0.0 0.0 
994.0 0.0 0.9901 0.0 0.0 0.0 
995.0 0.0 0.9919 4.712160915387242e-09 0.0 0.0 
996.0 0.0 0.9937000000000001 6.664001874625056e-09 0.0 0.0 
997.0 0.0 0.9955 4.712160915387242e-09 0.0 0.0 
998.0 0.0 0.9972999999999999 6.664001874625056e-09 0.0 0.0 
999.0 0.0 0.9991 0.0 0.0 0.0 
