50 -0.7091 3.11638e-158
51 -0.7073 7.89606e-155
52 -0.7055 1.43475e-151
53 -0.7037 2.37423e-148
54 -0.7019 2.65799e-145
55 -0.7001 2.62304e-142
56 -0.6983 2.37865e-139
57 -0.6965 1.67778e-136
58 -0.6947 1.14308e-133
59 -0.6929 6.10877e-131
60 -0.6911 2.71821e-128
61 -0.6893 1.18128e-125
62 -0.6875 4.05452e-123
63 -0.6857 1.22563e-120
64 -0.6839 3.30461e-118
65 -0.6821 7.1197e-116
66 -0.6803 1.34332e-113
67 -0.6785 2.19557e-111
68 -0.6767 3.38946e-109
69 -0.6749 4.61143e-107
70 -0.6731 5.55551e-105
71 -0.6713 5.94368e-103
72 -0.6695 5.62178e-101
73 -0.6677 5.00009e-99
74 -0.6659 3.84144e-97
75 -0.6641 2.67775e-95
76 -0.6623 1.72165e-93
77 -0.6605 1.00783e-91
78 -0.6587 5.33959e-90
79 -0.6569 2.59516e-88
80 -0.6551 1.14638e-86
81 -0.6533 4.66545e-85
82 -0.6515 1.76439e-83
83 -0.6497 5.92797e-82
84 -0.6479 1.84629e-80
85 -0.6461 5.44446e-79
86 -0.6443 1.43969e-77
87 -0.6425 3.62566e-76
88 -0.6407 8.58749e-75
89 -0.6389 1.87425e-73
90 -0.6371 3.81069e-72
91 -0.6353 7.2227e-71
92 -0.6335 1.27328e-69
93 -0.6317 2.13275e-68
94 -0.6299 3.31357e-67
95 -0.6281 4.90192e-66
96 -0.6263 6.85483e-65
97 -0.6245 8.95567e-64
98 -0.6227 1.1141e-62
99 -0.6209 1.2856e-61
100 -0.6191 1.43993e-60
101 -0.6173 1.51426e-59
102 -0.6155 1.51778e-58
103 -0.6137 1.44096e-57
104 -0.6119 1.30248e-56
105 -0.6101 1.13022e-55
106 -0.6083 9.19975e-55
107 -0.6065 7.23821e-54
108 -0.6047 5.41492e-53
109 -0.6029 3.88528e-52
110 -0.6011 2.6258e-51
111 -0.5993 1.74052e-50
112 -0.5975 1.07012e-49
113 -0.5957 6.39484e-49
114 -0.5939 3.75784e-48
115 -0.5921 2.10012e-47
116 -0.5903 1.12976e-46
117 -0.5885 5.74552e-46
118 -0.5867 2.86456e-45
119 -0.5849 1.36599e-44
120 -0.5831 6.34164e-44
121 -0.5813 2.80148e-43
122 -0.5795 1.19991e-42
123 -0.5777 5.0541e-42
124 -0.5759 2.05418e-41
125 -0.5741 7.95477e-41
126 -0.5723 3.04764e-40
127 -0.5705 1.12117e-39
128 -0.5687 4.03709e-39
129 -0.5669 1.40185e-38
130 -0.5651 4.69034e-38
131 -0.5633 1.54281e-37
132 -0.5615 4.9413e-37
133 -0.5597 1.51371e-36
134 -0.5579 4.57983e-36
135 -0.5561 1.33472e-35
136 -0.5543 3.83191e-35
137 -0.5525 1.07888e-34
138 -0.5507 2.89721e-34
139 -0.5489 7.65262e-34
140 -0.5471 1.96732e-33
141 -0.5453 4.97356e-33
142 -0.5435 1.22259e-32
143 -0.5417 2.93206e-32
144 -0.5399 6.92728e-32
145 -0.5381 1.58107e-31
146 -0.5363 3.57749e-31
147 -0.5345 7.85381e-31
148 -0.5327 1.70599e-30
149 -0.5309 3.57848e-30
150 -0.5291 7.32623e-30
151 -0.5273 1.48203e-29
152 -0.5255 2.95832e-29
153 -0.5237 5.77995e-29
154 -0.5219 1.10225e-28
155 -0.5201 2.06834e-28
156 -0.5183 3.82023e-28
157 -0.5165 6.91126e-28
158 -0.5147 1.21347e-27
159 -0.5129 2.10482e-27
160 -0.5111 3.59604e-27
161 -0.5093 6.02792e-27
162 -0.5075 9.94399e-27
163 -0.5057 1.6207e-26
164 -0.5039 2.59518e-26
165 -0.5021 4.08621e-26
166 -0.5003 6.31672e-26
167 -0.4985 9.67623e-26
168 -0.4967 1.45509e-25
169 -0.4949 2.14741e-25
170 -0.4931 3.12494e-25
171 -0.4913 4.50184e-25
172 -0.4895 6.39279e-25
173 -0.4877 8.82465e-25
174 -0.4859 1.21702e-24
175 -0.4841 1.65251e-24
176 -0.4823 2.20045e-24
177 -0.4805 2.91639e-24
178 -0.4787 3.79031e-24
179 -0.4769 4.87738e-24
180 -0.4751 6.15152e-24
181 -0.4733 7.69616e-24
182 -0.4715 9.46049e-24
183 -0.4697 1.16807e-23
184 -0.4679 1.39736e-23
185 -0.4661 1.66743e-23
186 -0.4643 1.96033e-23
187 -0.4625 2.25792e-23
188 -0.4607 2.57253e-23
189 -0.4589 2.94796e-23
190 -0.4571 3.29412e-23
191 -0.4553 3.61569e-23
192 -0.4535 3.98792e-23
193 -0.4517 4.3328e-23
194 -0.4499 4.61292e-23
195 -0.4481 4.90246e-23
196 -0.4463 5.13669e-23
197 -0.4445 5.31528e-23
198 -0.4427 5.45216e-23
199 -0.4409 5.54635e-23
200 -0.4391 5.52281e-23
201 -0.4373 5.56827e-23
202 -0.4355 5.45908e-23
203 -0.4337 5.33324e-23
204 -0.4319 5.14545e-23
205 -0.4301 4.94253e-23
206 -0.4283 4.70801e-23
207 -0.4265 4.41397e-23
208 -0.4247 4.08816e-23
209 -0.4229 3.7993e-23
210 -0.4211 3.46065e-23
211 -0.4193 3.13531e-23
212 -0.4175 2.83591e-23
213 -0.4157 2.53914e-23
214 -0.4139 2.23337e-23
215 -0.4121 1.96722e-23
216 -0.4103 1.70727e-23
217 -0.4085 1.45725e-23
218 -0.4067 1.24362e-23
219 -0.4049 1.05445e-23
220 -0.4031 8.85605e-24
221 -0.4013 7.40628e-24
222 -0.3995 6.08762e-24
223 -0.3977 4.93982e-24
224 -0.3959 4.01236e-24
225 -0.3941 3.24864e-24
226 -0.3923 2.62065e-24
227 -0.3905 2.09178e-24
228 -0.3887 1.64928e-24
229 -0.3869 1.29117e-24
230 -0.3851 1.01451e-24
231 -0.3833 7.82688e-25
232 -0.3815 5.99417e-25
233 -0.3797 4.60101e-25
234 -0.3779 3.47952e-25
235 -0.3761 2.63017e-25
236 -0.3743 1.9529e-25
237 -0.3725 1.46492e-25
238 -0.3707 1.07691e-25
239 -0.3689 7.81442e-26
240 -0.3671 5.7053e-26
241 -0.3653 4.11975e-26
242 -0.3635 2.97144e-26
243 -0.3617 2.1241e-26
244 -0.3599 1.51271e-26
245 -0.3581 1.06886e-26
246 -0.3563 7.5236e-27
247 -0.3545 5.2605e-27
248 -0.3527 3.63653e-27
249 -0.3509 2.51391e-27
250 -0.3491 1.70604e-27
251 -0.3473 1.17079e-27
252 -0.3455 7.94421e-28
253 -0.3437 5.34205e-28
254 -0.3419 3.5922e-28
255 -0.3401 2.374e-28
256 -0.3383 1.5727e-28
257 -0.3365 1.03707e-28
258 -0.3347 6.81327e-29
259 -0.3329 4.45016e-29
260 -0.3311 2.8899e-29
261 -0.3293 1.86991e-29
262 -0.3275 1.20092e-29
263 -0.3257 7.70199e-30
264 -0.3239 4.89254e-30
265 -0.3221 3.10649e-30
266 -0.3203 1.97133e-30
267 -0.3185 1.23685e-30
268 -0.3167 7.75629e-31
269 -0.3149 4.82887e-31
270 -0.3131 3.01445e-31
271 -0.3113 1.8469e-31
272 -0.3095 1.14168e-31
273 -0.3077 6.99318e-32
274 -0.3059 4.2334e-32
275 -0.3041 2.5769e-32
276 -0.3023 1.55631e-32
277 -0.3005 9.37522e-33
278 -0.2987 5.63768e-33
279 -0.2969 3.35205e-33
280 -0.2951 2.00229e-33
281 -0.2933 1.18799e-33
282 -0.2915 6.97006e-34
283 -0.2897 4.10874e-34
284 -0.2879 2.40887e-34
285 -0.2861 1.41596e-34
286 -0.2843 8.26273e-35
287 -0.2825 4.75576e-35
288 -0.2807 2.74097e-35
289 -0.2789 1.58996e-35
290 -0.2771 9.13484e-36
291 -0.2753 5.21944e-36
292 -0.2735 2.98927e-36
293 -0.2717 1.69813e-36
294 -0.2699 9.67021e-37
295 -0.2681 5.52088e-37
296 -0.2663 3.12095e-37
297 -0.2645 1.748e-37
298 -0.2627 9.73907e-38
299 -0.2609 5.4164e-38
300 -0.2591 3.01218e-38
301 -0.2573 1.68924e-38
302 -0.2555 9.43367e-39
303 -0.2537 5.21073e-39
304 -0.2519 2.8654e-39
305 -0.2501 1.5657e-39
306 -0.2483 8.6218e-40
307 -0.2465 4.76268e-40
308 -0.2447 2.57978e-40
309 -0.2429 1.422e-40
310 -0.2411 7.69087e-41
311 -0.2393 4.20651e-41
312 -0.2375 2.28149e-41
313 -0.2357 1.25404e-41
314 -0.2339 6.72005e-42
315 -0.2321 3.63121e-42
316 -0.2303 1.94731e-42
317 -0.2285 1.05601e-42
318 -0.2267 5.6509e-43
319 -0.2249 3.03719e-43
320 -0.2231 1.61903e-43
321 -0.2213 8.65287e-44
322 -0.2195 4.61238e-44
323 -0.2177 2.45037e-44
324 -0.2159 1.30744e-44
325 -0.2141 7.00283e-45
326 -0.2123 3.7047e-45
327 -0.2105 1.96951e-45
328 -0.2087 1.04442e-45
329 -0.2069 5.51528e-46
330 -0.2051 2.91558e-46
331 -0.2033 1.53544e-46
332 -0.2015 8.10191e-47
333 -0.1997 4.27923e-47
334 -0.1979 2.26642e-47
335 -0.1961 1.19289e-47
336 -0.1943 6.30159e-48
337 -0.1925 3.32663e-48
338 -0.1907 1.75443e-48
339 -0.1889 9.18593e-49
340 -0.1871 4.8412e-49
341 -0.1853 2.56556e-49
342 -0.1835 1.36015e-49
343 -0.1817 7.20736e-50
344 -0.1799 3.80676e-50
345 -0.1781 2.00418e-50
346 -0.1763 1.06479e-50
347 -0.1745 5.62925e-51
348 -0.1727 2.98245e-51
349 -0.1709 1.5881e-51
350 -0.1691 8.36645e-52
351 -0.1673 4.48552e-52
352 -0.1655 2.38551e-52
353 -0.1637 1.27666e-52
354 -0.1619 6.80873e-53
355 -0.1601 3.64985e-53
356 -0.1583 1.94669e-53
357 -0.1565 1.05473e-53
358 -0.1547 5.69075e-54
359 -0.1529 3.0557e-54
360 -0.1511 1.66776e-54
361 -0.1493 9.04313e-55
362 -0.1475 4.95697e-55
363 -0.1457 2.70903e-55
364 -0.1439 1.47619e-55
365 -0.1421 8.10412e-56
366 -0.1403 4.48677e-56
367 -0.1385 2.48014e-56
368 -0.1367 1.38265e-56
369 -0.1349 7.70059e-57
370 -0.1331 4.28565e-57
371 -0.1313 2.40121e-57
372 -0.1295 1.3513e-57
373 -0.1277 7.54613e-58
374 -0.1259 4.25013e-58
375 -0.1241 2.40784e-58
376 -0.1223 1.37122e-58
377 -0.1205 7.82467e-59
378 -0.1187 4.45857e-59
379 -0.1169 2.59789e-59
380 -0.1151 1.49942e-59
381 -0.1133 8.69758e-60
382 -0.1115 5.07724e-60
383 -0.1097 3.01263e-60
384 -0.1079 1.77552e-60
385 -0.1061 1.05726e-60
386 -0.1043 6.3149e-61
387 -0.1025 3.82671e-61
388 -0.1007 2.29662e-61
389 -0.0989 1.40465e-61
390 -0.0971 8.67939e-62
391 -0.0953 5.34914e-62
392 -0.0935 3.31904e-62
393 -0.0917 2.0832e-62
394 -0.0899 1.31271e-62
395 -0.0881 8.31519e-63
396 -0.0863 5.31644e-63
397 -0.0845 3.43132e-63
398 -0.0827 2.21891e-63
399 -0.0809 1.45033e-63
400 -0.0791 9.62826e-64
401 -0.0773 6.37853e-64
402 -0.0755 4.25887e-64
403 -0.0737 2.89399e-64
404 -0.0719 1.97457e-64
405 -0.0701 1.35755e-64
406 -0.0683 9.42847e-65
407 -0.0665 6.54401e-65
408 -0.0647 4.6266e-65
409 -0.0629 3.32953e-65
410 -0.0611 2.39929e-65
411 -0.0593 1.74113e-65
412 -0.0575 1.27087e-65
413 -0.0557 9.4386e-66
414 -0.0539 7.1245e-66
415 -0.0521 5.36567e-66
416 -0.0503 4.10881e-66
417 -0.0485 3.16436e-66
418 -0.0467 2.48941e-66
419 -0.0449 1.95262e-66
420 -0.0431 1.56585e-66
421 -0.0413 1.26955e-66
422 -0.0395 1.03931e-66
423 -0.0377 8.55821e-67
424 -0.0359 7.17898e-67
425 -0.0341 6.11578e-67
426 -0.0323 5.20176e-67
427 -0.0305 4.49441e-67
428 -0.0287 3.95667e-67
429 -0.0269 3.53878e-67
430 -0.0251 3.18863e-67
431 -0.0233 2.87518e-67
432 -0.0215 2.68393e-67
433 -0.0197 2.52373e-67
434 -0.0179 2.43054e-67
435 -0.0161 2.35595e-67
436 -0.0143 2.31471e-67
437 -0.0125 2.31592e-67
438 -0.0107 2.38745e-67
439 -0.0089 2.47715e-67
440 -0.0071 2.64211e-67
441 -0.0053 2.82134e-67
442 -0.0035 3.0702e-67
443 -0.0017 3.42379e-67
444 0.0001 3.87892e-67
445 0.0019 4.42961e-67
446 0.0037 5.21289e-67
447 0.0055 6.23742e-67
448 0.0073 7.52113e-67
449 0.0091 9.32365e-67
450 0.0109 1.18091e-66
451 0.0127 1.50695e-66
452 0.0145 1.98203e-66
453 0.0163 2.64963e-66
454 0.0181 3.61978e-66
455 0.0199 5.03813e-66
456 0.0217 7.17316e-66
457 0.0235 1.05016e-65
458 0.0253 1.57231e-65
459 0.0271 2.41433e-65
460 0.0289 3.81706e-65
461 0.0307 6.12428e-65
462 0.0325 1.00011e-64
463 0.0343 1.67997e-64
464 0.0361 2.87829e-64
465 0.0379 5.05201e-64
466 0.0397 9.01828e-64
467 0.0415 1.65861e-63
468 0.0433 3.12603e-63
469 0.0451 6.02644e-63
470 0.0469 1.19156e-62
471 0.0487 2.40786e-62
472 0.0505 4.96826e-62
473 0.0523 1.05583e-61
474 0.0541 2.29007e-61
475 0.0559 5.07371e-61
476 0.0577 1.16114e-60
477 0.0595 2.74314e-60
478 0.0613 6.62592e-60
479 0.0631 1.64785e-59
480 0.0649 4.20073e-59
481 0.0667 1.09745e-58
482 0.0685 2.96018e-58
483 0.0703 8.22649e-58
484 0.0721 2.34047e-57
485 0.0739 6.78733e-57
486 0.0757 2.072e-56
487 0.0775 6.42761e-56
488 0.0793 2.04666e-55
489 0.0811 6.63672e-55
490 0.0829 2.25405e-54
491 0.0847 7.85384e-54
492 0.0865 2.8073e-53
493 0.0883 1.03504e-52
494 0.0901 3.87906e-52
495 0.0919 1.48982e-51
496 0.0937 5.98378e-51
497 0.0955 2.45583e-50
498 0.0973 1.04956e-49
499 0.0991 4.56295e-49
500 0.1009 2.07173e-48
501 0.1027 9.76909e-48
502 0.1045 4.6641e-47
503 0.1063 2.31976e-46
504 0.1081 1.1848e-45
505 0.1099 6.14584e-45
506 0.1117 3.24549e-44
507 0.1135 1.7803e-43
508 0.1153 1.00941e-42
509 0.1171 5.9371e-42
510 0.1189 3.54749e-41
511 0.1207 2.17597e-40
512 0.1225 1.35977e-39
513 0.1243 8.64284e-39
514 0.1261 5.59758e-38
515 0.1279 3.72496e-37
516 0.1297 2.48498e-36
517 0.1315 1.647e-35
518 0.1333 1.14749e-34
519 0.1351 7.88054e-34
520 0.1369 5.44549e-33
521 0.1387 3.82713e-32
522 0.1405 2.75252e-31
523 0.1423 1.96074e-30
524 0.1441 1.39951e-29
525 0.1459 9.91997e-29
526 0.1477 6.96004e-28
527 0.1495 5.00393e-27
528 0.1513 3.60561e-26
529 0.1531 2.53243e-25
530 0.1549 1.74926e-24
531 0.1567 1.18738e-23
532 0.1585 8.11883e-23
533 0.1603 5.46348e-22
534 0.1621 3.61118e-21
535 0.1639 2.29331e-20
536 0.1657 1.40114e-19
537 0.1675 8.60689e-19
538 0.1693 5.18523e-18
539 0.1711 3.04902e-17
540 0.1729 1.76579e-16
541 0.1747 9.84036e-16
542 0.1765 5.33025e-15
543 0.1783 2.81693e-14
544 0.1801 1.47871e-13
545 0.1819 7.45246e-13
546 0.1837 3.61512e-12
547 0.1855 1.68076e-11
548 0.1873 7.42294e-11
549 0.1891 3.28945e-10
550 0.1909 1.38898e-09
551 0.1927 5.66407e-09
552 0.1945 2.19432e-08
553 0.1963 8.33736e-08
554 0.1981 3.01872e-07
555 0.1999 1.03595e-06
556 0.2017 3.45248e-06
557 0.2035 1.1025e-05
558 0.2053 3.38111e-05
559 0.2071 0.000101515
560 0.2089 0.000287963
561 0.2107 0.000798335
562 0.2125 0.00208947
563 0.2143 0.00500374
564 0.2161 0.0118559
565 0.2179 0.0272485
566 0.2197 0.0590961
567 0.2215 0.123615
568 0.2233 0.25222
569 0.2251 0.485436
570 0.2269 0.926098
571 0.2287 1.62678
572 0.2305 2.75414
573 0.2323 4.42811
574 0.2341 6.93946
575 0.2359 10.1574
576 0.2377 14.3132
577 0.2395 19.2606
578 0.2413 24.4706
579 0.2431 29.7644
580 0.2449 35.4238
581 0.2467 40.3265
582 0.2485 42.2143
583 0.2503 43.6379
584 0.2521 44.2623
585 0.2539 42.8741
586 0.2557 39.8307
587 0.2575 35.4463
588 0.2593 29.7021
589 0.2611 24.31
590 0.2629 18.7698
591 0.2647 13.9504
592 0.2665 10.1678
593 0.2683 6.95907
594 0.2701 4.70718
595 0.2719 3.02664
596 0.2737 1.87157
597 0.2755 1.1148
598 0.2773 0.637797
599 0.2791 0.350897
600 0.2809 0.184058
601 0.2827 0.0940416
602 0.2845 0.0457245
603 0.2863 0.0219038
604 0.2881 0.00998819
605 0.2899 0.0043624
606 0.2917 0.00184417
607 0.2935 0.000751814
608 0.2953 0.000299392
609 0.2971 0.000114247
610 0.2989 4.24025e-05
611 0.3007 1.51508e-05
612 0.3025 5.30608e-06
613 0.3043 1.78205e-06
614 0.3061 5.77985e-07
615 0.3079 1.81318e-07
616 0.3097 5.45561e-08
617 0.3115 1.61108e-08
618 0.3133 4.6019e-09
619 0.3151 1.27081e-09
620 0.3169 3.46431e-10
621 0.3187 9.14035e-11
622 0.3205 2.33693e-11
623 0.3223 5.81543e-12
624 0.3241 1.42426e-12
625 0.3259 3.41387e-13
626 0.3277 7.88766e-14
627 0.3295 1.7636e-14
628 0.3313 3.76484e-15
629 0.3331 8.00471e-16
630 0.3349 1.65973e-16
631 0.3367 3.35268e-17
632 0.3385 6.62845e-18
633 0.3403 1.28014e-18
634 0.3421 2.43512e-19
635 0.3439 4.48381e-20
636 0.3457 8.12606e-21
637 0.3475 1.44332e-21
638 0.3493 2.45378e-22
639 0.3511 4.11456e-23
640 0.3529 6.79288e-24
641 0.3547 1.10521e-24
642 0.3565 1.74896e-25
643 0.3583 2.71388e-26
644 0.3601 4.11013e-27
645 0.3619 6.05705e-28
646 0.3637 8.82196e-29
647 0.3655 1.28015e-29
648 0.3673 1.79709e-30
649 0.3691 2.49926e-31
650 0.3709 3.40974e-32
651 0.3727 4.57457e-33
652 0.3745 6.05103e-34
653 0.3763 7.98465e-35
654 0.3781 1.02897e-35
655 0.3799 1.29635e-36
656 0.3817 1.61249e-37
657 0.3835 1.97114e-38
658 0.3853 2.36378e-39
659 0.3871 2.83342e-40
660 0.3889 3.3231e-41
661 0.3907 3.83148e-42
662 0.3925 4.45814e-43
663 0.3943 5.09038e-44
664 0.3961 5.63805e-45
665 0.3979 6.19168e-46
666 0.3997 6.74931e-47
667 0.4015 7.25844e-48
668 0.4033 7.77887e-49
669 0.4051 8.22862e-50
670 0.4069 8.59088e-51
671 0.4087 8.91626e-52
672 0.4105 9.14045e-53
673 0.4123 9.23091e-54
674 0.4141 9.25873e-55
675 0.4159 8.96255e-56
676 0.4177 8.73015e-57
677 0.4195 8.49792e-58
678 0.4213 8.16832e-59
679 0.4231 7.8781e-60
680 0.4249 7.42071e-61
681 0.4267 6.92651e-62
682 0.4285 6.45523e-63
683 0.4303 5.97983e-64
684 0.4321 5.50412e-65
685 0.4339 5.01212e-66
686 0.4357 4.55686e-67
687 0.4375 4.07515e-68
688 0.4393 3.64402e-69
689 0.4411 3.21554e-70
690 0.4429 2.81188e-71
691 0.4447 2.45537e-72
692 0.4465 2.12504e-73
693 0.4483 1.81117e-74
694 0.4501 1.55237e-75
695 0.4519 1.33185e-76
696 0.4537 1.12898e-77
697 0.4555 9.46001e-79
698 0.4573 7.85274e-80
699 0.4591 6.43848e-81
700 0.4609 5.23479e-82
701 0.4627 4.28799e-83
702 0.4645 3.4898e-84
703 0.4663 2.80533e-85
704 0.4681 2.27293e-86
705 0.4699 1.81292e-87
706 0.4717 1.4333e-88
707 0.4735 1.1402e-89
708 0.4753 8.99236e-91
709 0.4771 7.06876e-92
710 0.4789 5.47592e-93
711 0.4807 4.21549e-94
712 0.4825 3.28481e-95
713 0.4843 2.49986e-96
714 0.4861 1.91623e-97
715 0.4879 1.44755e-98
716 0.4897 1.09285e-99
717 0.4915 8.22896e-101
718 0.4933 6.16819e-102
719 0.4951 4.59634e-103
720 0.4969 3.40271e-104
721 0.4987 2.53051e-105
722 0.5005 1.86472e-106
723 0.5023 1.37756e-107
724 0.5041 1.0128e-108
725 0.5059 7.37796e-110
726 0.5077 5.34949e-111
727 0.5095 3.87197e-112
728 0.5113 2.78839e-113
729 0.5131 2.00432e-114
730 0.5149 1.42243e-115
731 0.5167 1.01334e-116
732 0.5185 7.18069e-118
733 0.5203 5.0563e-119
734 0.5221 3.57343e-120
735 0.5239 2.5101e-121
736 0.5257 1.75479e-122
737 0.5275 1.21508e-123
738 0.5293 8.3701e-125
739 0.5311 5.77466e-126
740 0.5329 4.01041e-127
741 0.5347 2.75522e-128
742 0.5365 1.87817e-129
743 0.5383 1.28155e-130
744 0.5401 8.7825e-132
745 0.5419 5.99436e-133
746 0.5437 4.062e-134
747 0.5455 2.74282e-135
748 0.5473 1.8462e-136
749 0.5491 1.24371e-137
750 0.5509 8.34868e-139
751 0.5527 5.54389e-140
752 0.5545 3.68618e-141
753 0.5563 2.44963e-142
754 0.5581 1.61085e-143
755 0.5599 1.06468e-144
756 0.5617 6.9983e-146
757 0.5635 4.5868e-147
758 0.5653 3.01712e-148
759 0.5671 1.97848e-149
760 0.5689 1.27733e-150
761 0.5707 8.29957e-152
762 0.5725 5.43643e-153
763 0.5743 3.52386e-154
764 0.5761 2.27895e-155
765 0.5779 1.46468e-156
766 0.5797 9.36571e-158
767 0.5815 5.99884e-159
768 0.5833 3.8263e-160
769 0.5851 2.42781e-161
770 0.5869 1.54753e-162
771 0.5887 9.7881e-164
772 0.5905 6.14233e-165
773 0.5923 3.85296e-166
774 0.5941 2.42419e-167
775 0.5959 1.52661e-168
776 0.5977 9.53475e-170
777 0.5995 5.98365e-171
778 0.6013 3.72417e-172
779 0.6031 2.3111e-173
780 0.6049 1.44178e-174
781 0.6067 8.90609e-176
782 0.6085 5.51677e-177
783 0.6103 3.38723e-178
784 0.6121 2.08238e-179
785 0.6139 1.27946e-180
786 0.6157 7.85328e-182
787 0.6175 4.78052e-183
788 0.6193 2.91353e-184
789 0.6211 1.77696e-185
790 0.6229 1.077e-186
791 0.6247 6.53141e-188
792 0.6265 3.95594e-189
793 0.6283 2.40086e-190
794 0.6301 1.44446e-191
795 0.6319 8.67081e-193
796 0.6337 5.18744e-194
797 0.6355 3.10346e-195
798 0.6373 1.85442e-196
799 0.6391 1.10389e-197
800 0.6409 6.5578e-199
801 0.6427 3.89981e-200
802 0.6445 2.31997e-201
803 0.6463 1.37761e-202
804 0.6481 8.11671e-204
805 0.6499 4.76231e-205
806 0.6517 2.80034e-206
807 0.6535 1.64223e-207
808 0.6553 9.57951e-209
809 0.6571 5.61505e-210
810 0.6589 3.28277e-211
811 0.6607 1.91488e-212
812 0.6625 1.11624e-213
813 0.6643 6.49633e-215
814 0.6661 3.77251e-216
815 0.6679 2.18243e-217
816 0.6697 1.25599e-218
817 0.6715 7.23155e-220
818 0.6733 4.16214e-221
819 0.6751 2.40005e-222
820 0.6769 1.38325e-223
821 0.6787 7.90862e-225
822 0.6805 4.50641e-226
823 0.6823 2.57915e-227
824 0.6841 1.47615e-228
825 0.6859 8.45972e-230
826 0.6877 4.82817e-231
827 0.6895 2.74241e-232
828 0.6913 1.56285e-233
829 0.6931 8.88919e-235
830 0.6949 5.05662e-236
831 0.6967 2.87046e-237
832 0.6985 1.62052e-238
833 0.7003 9.08943e-240
834 0.7021 5.08181e-241
835 0.7039 2.85057e-242
836 0.7057 1.59369e-243
837 0.7075 8.94079e-245
838 0.7093 5.00744e-246
839 0.7111 2.7942e-247
840 0.7129 1.56019e-248
841 0.7147 8.68444e-250
842 0.7165 4.79313e-251
843 0.7183 2.66801e-252
844 0.7201 1.47231e-253
845 0.7219 8.14761e-255
846 0.7237 4.4975e-256
847 0.7255 2.47211e-257
848 0.7273 1.3573e-258
849 0.7291 7.48134e-260
850 0.7309 4.10986e-261
851 0.7327 2.2522e-262
852 0.7345 1.23331e-263
853 0.7363 6.75827e-265
854 0.7381 3.67732e-266
855 0.7399 2.00434e-267
856 0.7417 1.08992e-268
857 0.7435 5.91774e-270
858 0.7453 3.19063e-271
859 0.7471 1.73121e-272
860 0.7489 9.38617e-274
861 0.7507 5.10152e-275
862 0.7525 2.76365e-276
863 0.7543 1.49552e-277
864 0.7561 8.05178e-279
865 0.7579 4.32033e-280
866 0.7597 2.31941e-281
867 0.7615 1.2413e-282
868 0.7633 6.64839e-284
869 0.7651 3.57066e-285
870 0.7669 1.90191e-286
871 0.7687 1.01342e-287
872 0.7705 5.41785e-289
873 0.7723 2.88547e-290
874 0.7741 1.54254e-291
875 0.7759 8.1812e-293
876 0.7777 4.3474e-294
877 0.7795 2.302e-295
878 0.7813 1.21609e-296
879 0.7831 6.41179e-298
880 0.7849 3.38123e-299
881 0.7867 1.77755e-300
882 0.7885 9.35767e-302
883 0.7903 4.91854e-303
884 0.7921 2.59647e-304
885 0.7939 1.36163e-305
886 0.7957 7.11637e-307
887 0.7975 3.7077e-308
888 0.7993 1.93952e-309
889 0.8011 1.01146e-310
890 0.8029 5.28215e-312
891 0.8047 2.73367e-313
892 0.8065 1.42119e-314
893 0.8083 7.44392e-316
894 0.8101 3.86661e-317
895 0.8119 1.99822e-318
896 0.8137 1.04302e-319
897 0.8155 5.48907e-321
898 0.8173 0
899 0.8191 0
900 0.8209 0
901 0.8227 0
902 0.8245 0
903 0.8263 0
904 0.8281 0
905 0.8299 0
906 0.8317 0
907 0.8335 0
908 0.8353 0
909 0.8371 0
910 0.8389 0
911 0.8407 0
912 0.8425 0
913 0.8443 0
914 0.8461 0
915 0.8479 0
916 0.8497 0
917 0.8515 0
918 0.8533 0
919 0.8551 0
920 0.8569 0
921 0.8587 0
922 0.8605 0
923 0.8623 0
924 0.8641 0
925 0.8659 0
926 0.8677 0
927 0.8695 0
928 0.8713 0
929 0.8731 0
930 0.8749 0
931 0.8767 0
932 0.8785 0
933 0.8803 0
934 0.8821 0
935 0.8839 0
936 0.8857 0
937 0.8875 0
938 0.8893 0
939 0.8911 0
940 0.8929 0
941 0.8947 0
942 0.8965 0
943 0.8983 0
944 0.9001 0
945 0.9019 0
946 0.9037 0
947 0.9055 0
948 0.9073 0
949 0.9091 0
950 0.9109 0
951 0.9127 0
952 0.9145 0
953 0.9163 0
954 0.9181 0
955 0.9199 0
956 0.9217 0
957 0.9235 0
958 0.9253 0
959 0.9271 0
960 0.9289 0
961 0.9307 0
962 0.9325 0
963 0.9343 0
964 0.9361 0
965 0.9379 0
966 0.9397 0
967 0.9415 0
968 0.9433 0
969 0.9451 0
970 0.9469 0
971 0.9487 0
972 0.9505 0
973 0.9523 0
974 0.9541 0
975 0.9559 0
976 0.9577 0
977 0.9595 0
978 0.9613 0
979 0.9631 0
980 0.9649 0
981 0.9667 0
982 0.9685 0
983 0.9703 0
984 0.9721 0
985 0.9739 0
986 0.9757 0
987 0.9775 0
988 0.9793 0
989 0.9811 0
990 0.9829 0
991 0.9847 0
992 0.9865 0
993 0.9883 0
994 0.9901 0
995 0.9919 0
996 0.9937 0
997 0.9955 0
998 0.9973 0
999 0.9991 0
