50 -0.7091 1.7932e-126
51 -0.7073 5.12065e-123
52 -0.7055 9.20631e-120
53 -0.7037 1.41692e-116
54 -0.7019 1.56005e-113
55 -0.7001 1.73566e-110
56 -0.6983 1.27364e-107
57 -0.6965 8.87163e-105
58 -0.6947 4.55443e-102
59 -0.6929 2.13755e-99
60 -0.6911 8.70025e-97
61 -0.6893 2.87233e-94
62 -0.6875 8.60706e-92
63 -0.6857 2.12239e-89
64 -0.6839 4.51899e-87
65 -0.6821 7.98565e-85
66 -0.6803 1.44555e-82
67 -0.6785 2.14125e-80
68 -0.6767 2.85372e-78
69 -0.6749 3.33145e-76
70 -0.6731 3.52794e-74
71 -0.6713 3.43317e-72
72 -0.6695 2.99436e-70
73 -0.6677 2.33527e-68
74 -0.6659 1.52902e-66
75 -0.6641 9.87588e-65
76 -0.6623 5.50927e-63
77 -0.6605 2.75102e-61
78 -0.6587 1.26314e-59
79 -0.6569 5.25959e-58
80 -0.6551 2.0343e-56
81 -0.6533 7.01177e-55
82 -0.6515 2.2902e-53
83 -0.6497 6.98959e-52
84 -0.6479 1.90753e-50
85 -0.6461 4.88547e-49
86 -0.6443 1.11807e-47
87 -0.6425 2.49068e-46
88 -0.6407 5.11478e-45
89 -0.6389 9.49779e-44
90 -0.6371 1.64773e-42
91 -0.6353 2.74192e-41
92 -0.6335 4.22327e-40
93 -0.6317 6.09563e-39
94 -0.6299 8.36863e-38
95 -0.6281 1.05845e-36
96 -0.6263 1.30935e-35
97 -0.6245 1.51628e-34
98 -0.6227 1.62603e-33
99 -0.6209 1.64948e-32
100 -0.6191 1.61199e-31
101 -0.6173 1.45019e-30
102 -0.6155 1.26088e-29
103 -0.6137 1.04196e-28
104 -0.6119 8.20191e-28
105 -0.6101 6.1801e-27
106 -0.6083 4.52305e-26
107 -0.6065 3.06232e-25
108 -0.6047 1.98203e-24
109 -0.6029 1.23192e-23
110 -0.6011 7.44862e-23
111 -0.5993 4.25455e-22
112 -0.5975 2.33498e-21
113 -0.5957 1.22513e-20
114 -0.5939 6.18476e-20
115 -0.5921 3.01383e-19
116 -0.5903 1.41223e-18
117 -0.5885 6.29559e-18
118 -0.5867 2.71335e-17
119 -0.5849 1.13437e-16
120 -0.5831 4.58752e-16
121 -0.5813 1.78186e-15
122 -0.5795 6.68757e-15
123 -0.5777 2.44411e-14
124 -0.5759 8.62081e-14
125 -0.5741 2.90371e-13
126 -0.5723 9.64773e-13
127 -0.5705 3.07211e-12
128 -0.5687 9.55517e-12
129 -0.5669 2.85453e-11
130 -0.5651 8.41534e-11
131 -0.5633 2.38021e-10
132 -0.5615 6.5228e-10
133 -0.5597 1.74261e-09
134 -0.5579 4.59646e-09
135 -0.5561 1.17876e-08
136 -0.5543 2.93249e-08
137 -0.5525 7.1044e-08
138 -0.5507 1.68195e-07
139 -0.5489 3.89809e-07
140 -0.5471 8.77126e-07
141 -0.5453 1.90629e-06
142 -0.5435 4.10285e-06
143 -0.5417 8.54051e-06
144 -0.5399 1.74758e-05
145 -0.5381 3.50457e-05
146 -0.5363 6.8269e-05
147 -0.5345 0.000129374
148 -0.5327 0.000242744
149 -0.5309 0.000446986
150 -0.5291 0.000805019
151 -0.5273 0.00142011
152 -0.5255 0.00244531
153 -0.5237 0.00415119
154 -0.5219 0.00695061
155 -0.5201 0.0111976
156 -0.5183 0.0179802
157 -0.5165 0.0280824
158 -0.5147 0.0436411
159 -0.5129 0.066186
160 -0.5111 0.097983
161 -0.5093 0.141551
162 -0.5075 0.203487
163 -0.5057 0.287175
164 -0.5039 0.398787
165 -0.5021 0.54919
166 -0.5003 0.728198
167 -0.4985 0.970293
168 -0.4967 1.28011
169 -0.4949 1.65602
170 -0.4931 2.08296
171 -0.4913 2.61098
172 -0.4895 3.20108
173 -0.4877 3.8771
174 -0.4859 4.59271
175 -0.4841 5.42827
176 -0.4823 6.29215
177 -0.4805 7.26681
178 -0.4787 8.16636
179 -0.4769 9.02064
180 -0.4751 10.0079
181 -0.4733 10.8349
182 -0.4715 11.5359
183 -0.4697 12.1626
184 -0.4679 12.7275
185 -0.4661 13.2315
186 -0.4643 13.4235
187 -0.4625 13.7082
188 -0.4607 13.5952
189 -0.4589 13.3904
190 -0.4571 13.0151
191 -0.4553 12.4619
192 -0.4535 11.8481
193 -0.4517 11.2178
194 -0.4499 10.3091
195 -0.4481 9.5277
196 -0.4463 8.7192
197 -0.4445 7.82978
198 -0.4427 6.9599
199 -0.4409 6.12884
200 -0.4391 5.39526
201 -0.4373 4.65492
202 -0.4355 3.98485
203 -0.4337 3.36157
204 -0.4319 2.83441
205 -0.4301 2.35538
206 -0.4283 1.93557
207 -0.4265 1.5894
208 -0.4247 1.28999
209 -0.4229 1.03214
210 -0.4211 0.812981
211 -0.4193 0.642787
212 -0.4175 0.503845
213 -0.4157 0.391639
214 -0.4139 0.303519
215 -0.4121 0.230445
216 -0.4103 0.175742
217 -0.4085 0.130333
218 -0.4067 0.096631
219 -0.4049 0.071434
220 -0.4031 0.0522061
221 -0.4013 0.0382156
222 -0.3995 0.0272619
223 -0.3977 0.0194918
224 -0.3959 0.0137281
225 -0.3941 0.00962163
226 -0.3923 0.00669758
227 -0.3905 0.00465074
228 -0.3887 0.0032005
229 -0.3869 0.00219032
230 -0.3851 0.00148043
231 -0.3833 0.000990026
232 -0.3815 0.000659645
233 -0.3797 0.00043494
234 -0.3779 0.000286126
235 -0.3761 0.000188109
236 -0.3743 0.000122009
237 -0.3725 7.87373e-05
238 -0.3707 5.01893e-05
239 -0.3689 3.20297e-05
240 -0.3671 2.02522e-05
241 -0.3653 1.26445e-05
242 -0.3635 7.94427e-06
243 -0.3617 4.92881e-06
244 -0.3599 3.00986e-06
245 -0.3581 1.84371e-06
246 -0.3563 1.13047e-06
247 -0.3545 6.89859e-07
248 -0.3527 4.16877e-07
249 -0.3509 2.50158e-07
250 -0.3491 1.49051e-07
251 -0.3473 8.82129e-08
252 -0.3455 5.21112e-08
253 -0.3437 3.03805e-08
254 -0.3419 1.77161e-08
255 -0.3401 1.02664e-08
256 -0.3383 5.90642e-09
257 -0.3365 3.39473e-09
258 -0.3347 1.95123e-09
259 -0.3329 1.10571e-09
260 -0.3311 6.24166e-10
261 -0.3293 3.50626e-10
262 -0.3275 1.96051e-10
263 -0.3257 1.08452e-10
264 -0.3239 6.0302e-11
265 -0.3221 3.33681e-11
266 -0.3203 1.83688e-11
267 -0.3185 1.00734e-11
268 -0.3167 5.46729e-12
269 -0.3149 2.96122e-12
270 -0.3131 1.58357e-12
271 -0.3113 8.45802e-13
272 -0.3095 4.54364e-13
273 -0.3077 2.41615e-13
274 -0.3059 1.28402e-13
275 -0.3041 6.79962e-14
276 -0.3023 3.57852e-14
277 -0.3005 1.86786e-14
278 -0.2987 9.70482e-15
279 -0.2969 5.03349e-15
280 -0.2951 2.60206e-15
281 -0.2933 1.33593e-15
282 -0.2915 6.8489e-16
283 -0.2897 3.52437e-16
284 -0.2879 1.80292e-16
285 -0.2861 9.16028e-17
286 -0.2843 4.63278e-17
287 -0.2825 2.34607e-17
288 -0.2807 1.18089e-17
289 -0.2789 5.90593e-18
290 -0.2771 2.94271e-18
291 -0.2753 1.4696e-18
292 -0.2735 7.30082e-19
293 -0.2717 3.61733e-19
294 -0.2699 1.77387e-19
295 -0.2681 8.73758e-20
296 -0.2663 4.22571e-20
297 -0.2645 2.07471e-20
298 -0.2627 1.00535e-20
299 -0.2609 4.85655e-21
300 -0.2591 2.36406e-21
301 -0.2573 1.12572e-21
302 -0.2555 5.44482e-22
303 -0.2537 2.63e-22
304 -0.2519 1.25613e-22
305 -0.2501 5.98322e-23
306 -0.2483 2.84668e-23
307 -0.2465 1.3638e-23
308 -0.2447 6.513e-24
309 -0.2429 3.0855e-24
310 -0.2411 1.45968e-24
311 -0.2393 6.91781e-25
312 -0.2375 3.23893e-25
313 -0.2357 1.51734e-25
314 -0.2339 7.10902e-26
315 -0.2321 3.31868e-26
316 -0.2303 1.53649e-26
317 -0.2285 7.20919e-27
318 -0.2267 3.37284e-27
319 -0.2249 1.57912e-27
320 -0.2231 7.33398e-28
321 -0.2213 3.42239e-28
322 -0.2195 1.58859e-28
323 -0.2177 7.3761e-29
324 -0.2159 3.41197e-29
325 -0.2141 1.57637e-29
326 -0.2123 7.23778e-30
327 -0.2105 3.3603e-30
328 -0.2087 1.53652e-30
329 -0.2069 7.07846e-31
330 -0.2051 3.23338e-31
331 -0.2033 1.48202e-31
332 -0.2015 6.82079e-32
333 -0.1997 3.14225e-32
334 -0.1979 1.44604e-32
335 -0.1961 6.64949e-33
336 -0.1943 3.04632e-33
337 -0.1925 1.3826e-33
338 -0.1907 6.30379e-34
339 -0.1889 2.8939e-34
340 -0.1871 1.32834e-34
341 -0.1853 6.12882e-35
342 -0.1835 2.81676e-35
343 -0.1817 1.29945e-35
344 -0.1799 6.00261e-36
345 -0.1781 2.76314e-36
346 -0.1763 1.26912e-36
347 -0.1745 5.82588e-37
348 -0.1727 2.68204e-37
349 -0.1709 1.24204e-37
350 -0.1691 5.71595e-38
351 -0.1673 2.6675e-38
352 -0.1655 1.23587e-38
353 -0.1637 5.74517e-39
354 -0.1619 2.66785e-39
355 -0.1601 1.23883e-39
356 -0.1583 5.81559e-40
357 -0.1565 2.7058e-40
358 -0.1547 1.272e-40
359 -0.1529 5.955e-41
360 -0.1511 2.79397e-41
361 -0.1493 1.33796e-41
362 -0.1475 6.31306e-42
363 -0.1457 2.9866e-42
364 -0.1439 1.4076e-42
365 -0.1421 6.74888e-43
366 -0.1403 3.19794e-43
367 -0.1385 1.52798e-43
368 -0.1367 7.35987e-44
369 -0.1349 3.55008e-44
370 -0.1331 1.70468e-44
371 -0.1313 8.34237e-45
372 -0.1295 4.06216e-45
373 -0.1277 1.98739e-45
374 -0.1259 9.86198e-46
375 -0.1241 4.7906e-46
376 -0.1223 2.39143e-46
377 -0.1205 1.17872e-46
378 -0.1187 5.88113e-47
379 -0.1169 2.95815e-47
380 -0.1151 1.48077e-47
381 -0.1133 7.49583e-48
382 -0.1115 3.80226e-48
383 -0.1097 1.94642e-48
384 -0.1079 1.01008e-48
385 -0.1061 5.20861e-49
386 -0.1043 2.74919e-49
387 -0.1025 1.43861e-49
388 -0.1007 7.57452e-50
389 -0.0989 3.99514e-50
390 -0.0971 2.13634e-50
391 -0.0953 1.14051e-50
392 -0.0935 6.226e-51
393 -0.0917 3.3748e-51
394 -0.0899 1.83188e-51
395 -0.0881 1.00089e-51
396 -0.0863 5.57706e-52
397 -0.0845 3.09316e-52
398 -0.0827 1.73206e-52
399 -0.0809 9.68772e-53
400 -0.0791 5.52577e-53
401 -0.0773 3.14589e-53
402 -0.0755 1.80018e-53
403 -0.0737 1.04723e-53
404 -0.0719 6.12969e-54
405 -0.0701 3.63553e-54
406 -0.0683 2.17196e-54
407 -0.0665 1.2963e-54
408 -0.0647 7.83007e-55
409 -0.0629 4.78803e-55
410 -0.0611 2.95076e-55
411 -0.0593 1.84885e-55
412 -0.0575 1.16441e-55
413 -0.0557 7.42328e-56
414 -0.0539 4.77219e-56
415 -0.0521 3.09417e-56
416 -0.0503 2.04134e-56
417 -0.0485 1.35539e-56
418 -0.0467 9.13536e-57
419 -0.0449 6.23283e-57
420 -0.0431 4.28046e-57
421 -0.0413 3.02157e-57
422 -0.0395 2.14894e-57
423 -0.0377 1.52518e-57
424 -0.0359 1.10813e-57
425 -0.0341 8.20997e-58
426 -0.0323 6.13844e-58
427 -0.0305 4.62948e-58
428 -0.0287 3.55992e-58
429 -0.0269 2.73295e-58
430 -0.0251 2.16367e-58
431 -0.0233 1.7285e-58
432 -0.0215 1.40461e-58
433 -0.0197 1.15776e-58
434 -0.0179 9.72731e-59
435 -0.0161 8.26858e-59
436 -0.0143 7.11148e-59
437 -0.0125 6.1776e-59
438 -0.0107 5.56293e-59
439 -0.0089 4.99255e-59
440 -0.0071 4.59498e-59
441 -0.0053 4.28894e-59
442 -0.0035 4.05877e-59
443 -0.0017 3.90937e-59
444 0.0001 3.85154e-59
445 0.0019 3.86883e-59
446 0.0037 4.02472e-59
447 0.0055 4.21971e-59
448 0.0073 4.52684e-59
449 0.0091 4.96029e-59
450 0.0109 5.51247e-59
451 0.0127 6.28944e-59
452 0.0145 7.2455e-59
453 0.0163 8.5666e-59
454 0.0181 1.02163e-58
455 0.0199 1.26312e-58
456 0.0217 1.58479e-58
457 0.0235 2.03731e-58
458 0.0253 2.65815e-58
459 0.0271 3.55105e-58
460 0.0289 4.82483e-58
461 0.0307 6.63592e-58
462 0.0325 9.35201e-58
463 0.0343 1.33529e-57
464 0.0361 1.99459e-57
465 0.0379 3.01965e-57
466 0.0397 4.66695e-57
467 0.0415 7.33322e-57
468 0.0433 1.18477e-56
469 0.0451 1.96331e-56
470 0.0469 3.36436e-56
471 0.0487 5.86958e-56
472 0.0505 1.04412e-55
473 0.0523 1.93004e-55
474 0.0541 3.61831e-55
475 0.0559 7.0605e-55
476 0.0577 1.38659e-54
477 0.0595 2.81099e-54
478 0.0613 5.9799e-54
479 0.0631 1.29575e-53
480 0.0649 2.89968e-53
481 0.0667 6.67439e-53
482 0.0685 1.58082e-52
483 0.0703 3.93871e-52
484 0.0721 9.99736e-52
485 0.0739 2.5535e-51
486 0.0757 6.72308e-51
487 0.0775 1.79718e-50
488 0.0793 4.97665e-50
489 0.0811 1.41929e-49
490 0.0829 4.12713e-49
491 0.0847 1.25021e-48
492 0.0865 3.97368e-48
493 0.0883 1.28438e-47
494 0.0901 4.23955e-47
495 0.0919 1.42996e-46
496 0.0937 4.94017e-46
497 0.0955 1.78593e-45
498 0.0973 6.61016e-45
499 0.0991 2.496e-44
500 0.1009 9.82901e-44
501 0.1027 3.99734e-43
502 0.1045 1.63505e-42
503 0.1063 6.77094e-42
504 0.1081 2.90249e-41
505 0.1099 1.29255e-40
506 0.1117 5.9807e-40
507 0.1135 2.83694e-39
508 0.1153 1.37382e-38
509 0.1171 6.78376e-38
510 0.1189 3.45945e-37
511 0.1207 1.79785e-36
512 0.1225 9.66672e-36
513 0.1243 5.24745e-35
514 0.1261 2.94422e-34
515 0.1279 1.64992e-33
516 0.1297 9.532e-33
517 0.1315 5.43072e-32
518 0.1333 3.12459e-31
519 0.1351 1.87162e-30
520 0.1369 1.13737e-29
521 0.1387 6.73923e-29
522 0.1405 4.14809e-28
523 0.1423 2.54508e-27
524 0.1441 1.57691e-26
525 0.1459 9.99653e-26
526 0.1477 6.18753e-25
527 0.1495 3.72919e-24
528 0.1513 2.28144e-23
529 0.1531 1.34985e-22
530 0.1549 8.15643e-22
531 0.1567 4.79049e-21
532 0.1585 2.91558e-20
533 0.1603 1.65281e-19
534 0.1621 9.45321e-19
535 0.1639 5.35104e-18
536 0.1657 2.96468e-17
537 0.1675 1.57677e-16
538 0.1693 8.40828e-16
539 0.1711 4.36891e-15
540 0.1729 2.26902e-14
541 0.1747 1.07711e-13
542 0.1765 5.20523e-13
543 0.1783 2.44431e-12
544 0.1801 1.12984e-11
545 0.1819 4.95084e-11
546 0.1837 2.08928e-10
547 0.1855 8.40134e-10
548 0.1873 3.1988e-09
549 0.1891 1.19448e-08
550 0.1909 4.33577e-08
551 0.1927 1.51728e-07
552 0.1945 5.29065e-07
553 0.1963 1.82586e-06
554 0.1981 5.64361e-06
555 0.1999 1.68561e-05
556 0.2017 5.08626e-05
557 0.2035 0.000143087
558 0.2053 0.000390279
559 0.2071 0.00100546
560 0.2089 0.00249096
561 0.2107 0.00606133
562 0.2125 0.01398
563 0.2143 0.0305074
564 0.2161 0.0647568
565 0.2179 0.129184
566 0.2197 0.247432
567 0.2215 0.453433
568 0.2233 0.793608
569 0.2251 1.32946
570 0.2269 2.1593
571 0.2287 3.29118
572 0.2305 4.78942
573 0.2323 6.72811
574 0.2341 8.96505
575 0.2359 11.2543
576 0.2377 13.8944
577 0.2395 16.4659
578 0.2413 18.2524
579 0.2431 19.3693
580 0.2449 19.8533
581 0.2467 19.7415
582 0.2485 18.449
583 0.2503 16.5735
584 0.2521 14.186
585 0.2539 11.8578
586 0.2557 9.56791
587 0.2575 7.39245
588 0.2593 5.46456
589 0.2611 3.81404
590 0.2629 2.56759
591 0.2647 1.67263
592 0.2665 1.05708
593 0.2683 0.650503
594 0.2701 0.381483
595 0.2719 0.211993
596 0.2737 0.113595
597 0.2755 0.058952
598 0.2773 0.0294909
599 0.2791 0.0140022
600 0.2809 0.00642199
601 0.2827 0.00284218
602 0.2845 0.0012144
603 0.2863 0.000499153
604 0.2881 0.000197936
605 0.2899 7.59343e-05
606 0.2917 2.8075e-05
607 0.2935 1.0025e-05
608 0.2953 3.45602e-06
609 0.2971 1.14417e-06
610 0.2989 3.66388e-07
611 0.3007 1.1489e-07
612 0.3025 3.4903e-08
613 0.3043 1.0157e-08
614 0.3061 2.87209e-09
615 0.3079 7.91045e-10
616 0.3097 2.10324e-10
617 0.3115 5.40007e-11
618 0.3133 1.35193e-11
619 0.3151 3.26965e-12
620 0.3169 7.66754e-13
621 0.3187 1.77197e-13
622 0.3205 3.95144e-14
623 0.3223 8.53833e-15
624 0.3241 1.79907e-15
625 0.3259 3.69085e-16
626 0.3277 7.37445e-17
627 0.3295 1.43391e-17
628 0.3313 2.71025e-18
629 0.3331 5.04452e-19
630 0.3349 9.09881e-20
631 0.3367 1.5891e-20
632 0.3385 2.70071e-21
633 0.3403 4.5257e-22
634 0.3421 7.37374e-23
635 0.3439 1.18149e-23
636 0.3457 1.85869e-24
637 0.3475 2.83134e-25
638 0.3493 4.23077e-26
639 0.3511 6.13725e-27
640 0.3529 8.75102e-28
641 0.3547 1.23195e-28
642 0.3565 1.68105e-29
643 0.3583 2.26839e-30
644 0.3601 3.01368e-31
645 0.3619 3.93096e-32
646 0.3637 5.03551e-33
647 0.3655 6.26387e-34
648 0.3673 7.7539e-35
649 0.3691 9.37807e-36
650 0.3709 1.11705e-36
651 0.3727 1.31322e-37
652 0.3745 1.52062e-38
653 0.3763 1.72089e-39
654 0.3781 1.91896e-40
655 0.3799 2.106e-41
656 0.3817 2.27995e-42
657 0.3835 2.4357e-43
658 0.3853 2.55357e-44
659 0.3871 2.64214e-45
660 0.3889 2.70944e-46
661 0.3907 2.7355e-47
662 0.3925 2.72622e-48
663 0.3943 2.68835e-49
664 0.3961 2.58962e-50
665 0.3979 2.4861e-51
666 0.3997 2.35188e-52
667 0.4015 2.20512e-53
668 0.4033 2.05183e-54
669 0.4051 1.87714e-55
670 0.4069 1.70882e-56
671 0.4087 1.5368e-57
672 0.4105 1.37152e-58
673 0.4123 1.20291e-59
674 0.4141 1.04856e-60
675 0.4159 9.07469e-62
676 0.4177 7.72736e-63
677 0.4195 6.50404e-64
678 0.4213 5.43915e-65
679 0.4231 4.49865e-66
680 0.4249 3.6879e-67
681 0.4267 3.00804e-68
682 0.4285 2.43682e-69
683 0.4303 1.96435e-70
684 0.4321 1.56132e-71
685 0.4339 1.23162e-72
686 0.4357 9.63612e-74
687 0.4375 7.48523e-75
688 0.4393 5.77606e-76
689 0.4411 4.4235e-77
690 0.4429 3.3597e-78
691 0.4447 2.53018e-79
692 0.4465 1.89082e-80
693 0.4483 1.40307e-81
694 0.4501 1.04481e-82
695 0.4519 7.70302e-84
696 0.4537 5.64892e-85
697 0.4555 4.10094e-86
698 0.4573 2.95854e-87
699 0.4591 2.12001e-88
700 0.4609 1.51418e-89
701 0.4627 1.07478e-90
702 0.4645 7.58198e-92
703 0.4663 5.3188e-93
704 0.4681 3.70988e-94
705 0.4699 2.58034e-95
706 0.4717 1.77956e-96
707 0.4735 1.21739e-97
708 0.4753 8.3221e-99
709 0.4771 5.63194e-100
710 0.4789 3.82681e-101
711 0.4807 2.58257e-102
712 0.4825 1.72322e-103
713 0.4843 1.1543e-104
714 0.4861 7.67124e-106
715 0.4879 5.06525e-107
716 0.4897 3.33337e-108
717 0.4915 2.16929e-109
718 0.4933 1.41373e-110
719 0.4951 9.1571e-112
720 0.4969 5.90296e-113
721 0.4987 3.78755e-114
722 0.5005 2.42602e-115
723 0.5023 1.54377e-116
724 0.5041 9.75608e-118
725 0.5059 6.15182e-119
726 0.5077 3.87823e-120
727 0.5095 2.43924e-121
728 0.5113 1.53126e-122
729 0.5131 9.52327e-124
730 0.5149 5.94759e-125
731 0.5167 3.69102e-126
732 0.5185 2.28021e-127
733 0.5203 1.40416e-128
734 0.5221 8.54097e-130
735 0.5239 5.22299e-131
736 0.5257 3.17674e-132
737 0.5275 1.92729e-133
738 0.5293 1.16406e-134
739 0.5311 7.0213e-136
740 0.5329 4.22016e-137
741 0.5347 2.52508e-138
742 0.5365 1.50507e-139
743 0.5383 8.92668e-141
744 0.5401 5.27486e-142
745 0.5419 3.10339e-143
746 0.5437 1.82654e-144
747 0.5455 1.07198e-145
748 0.5473 6.25483e-147
749 0.5491 3.6524e-148
750 0.5509 2.12957e-149
751 0.5527 1.23318e-150
752 0.5545 7.10358e-152
753 0.5563 4.108e-153
754 0.5581 2.3661e-154
755 0.5599 1.35491e-155
756 0.5617 7.72065e-157
757 0.5635 4.41185e-158
758 0.5653 2.50719e-159
759 0.5671 1.42021e-160
760 0.5689 8.01989e-162
761 0.5707 4.50501e-163
762 0.5725 2.53237e-164
763 0.5743 1.41724e-165
764 0.5761 7.93983e-167
765 0.5779 4.43162e-168
766 0.5797 2.47128e-169
767 0.5815 1.38184e-170
768 0.5833 7.67625e-172
769 0.5851 4.24536e-173
770 0.5869 2.32961e-174
771 0.5887 1.28024e-175
772 0.5905 7.04723e-177
773 0.5923 3.85082e-178
774 0.5941 2.1007e-179
775 0.5959 1.14224e-180
776 0.5977 6.20288e-182
777 0.5995 3.35846e-183
778 0.6013 1.81948e-184
779 0.6031 9.82721e-186
780 0.6049 5.30758e-187
781 0.6067 2.85961e-188
782 0.6085 1.53252e-189
783 0.6103 8.21139e-191
784 0.6121 4.39775e-192
785 0.6139 2.3427e-193
786 0.6157 1.24598e-194
787 0.6175 6.59893e-196
788 0.6193 3.49232e-197
789 0.6211 1.84906e-198
790 0.6229 9.77174e-200
791 0.6247 5.14707e-201
792 0.6265 2.70686e-202
793 0.6283 1.42229e-203
794 0.6301 7.44721e-205
795 0.6319 3.89321e-206
796 0.6337 2.02878e-207
797 0.6355 1.05824e-208
798 0.6373 5.50421e-210
799 0.6391 2.86453e-211
800 0.6409 1.48836e-212
801 0.6427 7.71307e-214
802 0.6445 3.96329e-215
803 0.6463 2.04023e-216
804 0.6481 1.04779e-217
805 0.6499 5.37688e-219
806 0.6517 2.74844e-220
807 0.6535 1.40149e-221
808 0.6553 7.14481e-223
809 0.6571 3.63785e-224
810 0.6589 1.84366e-225
811 0.6607 9.34382e-227
812 0.6625 4.7353e-228
813 0.6643 2.38766e-229
814 0.6661 1.20745e-230
815 0.6679 6.09122e-232
816 0.6697 3.06558e-233
817 0.6715 1.54285e-234
818 0.6733 7.76379e-236
819 0.6751 3.88991e-237
820 0.6769 1.94002e-238
821 0.6787 9.66701e-240
822 0.6805 4.81664e-241
823 0.6823 2.39474e-242
824 0.6841 1.18432e-243
825 0.6859 5.8617e-245
826 0.6877 2.90825e-246
827 0.6895 1.43537e-247
828 0.6913 7.07663e-249
829 0.6931 3.48411e-250
830 0.6949 1.71916e-251
831 0.6967 8.43453e-253
832 0.6985 4.13164e-254
833 0.7003 2.02393e-255
834 0.7021 9.86596e-257
835 0.7039 4.82331e-258
836 0.7057 2.34911e-259
837 0.7075 1.14018e-260
838 0.7093 5.53941e-262
839 0.7111 2.68819e-263
840 0.7129 1.30288e-264
841 0.7147 6.30964e-266
842 0.7165 3.0486e-267
843 0.7183 1.46706e-268
844 0.7201 7.05395e-270
845 0.7219 3.38322e-271
846 0.7237 1.62256e-272
847 0.7255 7.79467e-274
848 0.7273 3.73062e-275
849 0.7291 1.78345e-276
850 0.7309 8.51448e-278
851 0.7327 4.04759e-279
852 0.7345 1.92442e-280
853 0.7363 9.12141e-282
854 0.7381 4.33793e-283
855 0.7399 2.06321e-284
856 0.7417 9.7587e-286
857 0.7435 4.60452e-287
858 0.7453 2.17477e-288
859 0.7471 1.02829e-289
860 0.7489 4.84343e-291
861 0.7507 2.27317e-292
862 0.7525 1.06751e-293
863 0.7543 5.02459e-295
864 0.7561 2.35149e-296
865 0.7579 1.0974e-297
866 0.7597 5.11748e-299
867 0.7615 2.39498e-300
868 0.7633 1.11765e-301
869 0.7651 5.1844e-303
870 0.7669 2.40171e-304
871 0.7687 1.11739e-305
872 0.7705 5.17908e-307
873 0.7723 2.40389e-308
874 0.7741 1.11242e-309
875 0.7759 5.13973e-311
876 0.7777 2.36616e-312
877 0.7795 1.08816e-313
878 0.7813 5.01406e-315
879 0.7831 2.30992e-316
880 0.7849 1.05922e-317
881 0.7867 4.8583e-319
882 0.7885 2.19563e-320
883 0.7903 0
884 0.7921 0
885 0.7939 0
886 0.7957 0
887 0.7975 0
888 0.7993 0
889 0.8011 0
890 0.8029 0
891 0.8047 0
892 0.8065 0
893 0.8083 0
894 0.8101 0
895 0.8119 0
896 0.8137 0
897 0.8155 0
898 0.8173 0
899 0.8191 0
900 0.8209 0
901 0.8227 0
902 0.8245 0
903 0.8263 0
904 0.8281 0
905 0.8299 0
906 0.8317 0
907 0.8335 0
908 0.8353 0
909 0.8371 0
910 0.8389 0
911 0.8407 0
912 0.8425 0
913 0.8443 0
914 0.8461 0
915 0.8479 0
916 0.8497 0
917 0.8515 0
918 0.8533 0
919 0.8551 0
920 0.8569 0
921 0.8587 0
922 0.8605 0
923 0.8623 0
924 0.8641 0
925 0.8659 0
926 0.8677 0
927 0.8695 0
928 0.8713 0
929 0.8731 0
930 0.8749 0
931 0.8767 0
932 0.8785 0
933 0.8803 0
934 0.8821 0
935 0.8839 0
936 0.8857 0
937 0.8875 0
938 0.8893 0
939 0.8911 0
940 0.8929 0
941 0.8947 0
942 0.8965 0
943 0.8983 0
944 0.9001 0
945 0.9019 0
946 0.9037 0
947 0.9055 0
948 0.9073 0
949 0.9091 0
950 0.9109 0
951 0.9127 0
952 0.9145 0
953 0.9163 0
954 0.9181 0
955 0.9199 0
956 0.9217 0
957 0.9235 0
958 0.9253 0
959 0.9271 0
960 0.9289 0
961 0.9307 0
962 0.9325 0
963 0.9343 0
964 0.9361 0
965 0.9379 0
966 0.9397 0
967 0.9415 0
968 0.9433 0
969 0.9451 0
970 0.9469 0
971 0.9487 0
972 0.9505 0
973 0.9523 0
974 0.9541 0
975 0.9559 0
976 0.9577 0
977 0.9595 0
978 0.9613 0
979 0.9631 0
980 0.9649 0
981 0.9667 0
982 0.9685 0
983 0.9703 0
984 0.9721 0
985 0.9739 0
986 0.9757 0
987 0.9775 0
988 0.9793 0
989 0.9811 0
990 0.9829 0
991 0.9847 0
992 0.9865 0
993 0.9883 0
994 0.9901 0
995 0.9919 0
996 0.9937 0
997 0.9955 0
998 0.9973 0
999 0.9991 0
