50 -0.7091 8.58112e-127
51 -0.7073 1.89678e-123
52 -0.7055 3.00674e-120
53 -0.7037 4.34063e-117
54 -0.7019 4.23931e-114
55 -0.7001 3.64972e-111
56 -0.6983 2.88733e-108
57 -0.6965 1.77669e-105
58 -0.6947 1.05601e-102
59 -0.6929 4.92329e-100
60 -0.6911 1.91116e-97
61 -0.6893 7.2457e-95
62 -0.6875 2.16959e-92
63 -0.6857 5.72151e-90
64 -0.6839 1.3458e-87
65 -0.6821 2.52951e-85
66 -0.6803 4.16358e-83
67 -0.6785 5.9367e-81
68 -0.6767 7.9954e-79
69 -0.6749 9.48982e-77
70 -0.6731 9.97375e-75
71 -0.6713 9.30898e-73
72 -0.6695 7.68126e-71
73 -0.6677 5.96003e-69
74 -0.6659 3.99463e-67
75 -0.6641 2.42921e-65
76 -0.6623 1.36254e-63
77 -0.6605 6.95835e-62
78 -0.6587 3.21617e-60
79 -0.6569 1.36366e-58
80 -0.6551 5.25512e-57
81 -0.6533 1.86578e-55
82 -0.6515 6.15565e-54
83 -0.6497 1.80425e-52
84 -0.6479 4.90234e-51
85 -0.6461 1.26116e-49
86 -0.6443 2.90934e-48
87 -0.6425 6.39183e-47
88 -0.6407 1.32074e-45
89 -0.6389 2.51473e-44
90 -0.6371 4.46045e-43
91 -0.6353 7.37542e-42
92 -0.6335 1.13428e-40
93 -0.6317 1.65749e-39
94 -0.6299 2.24656e-38
95 -0.6281 2.89936e-37
96 -0.6263 3.53707e-36
97 -0.6245 4.03141e-35
98 -0.6227 4.37519e-34
99 -0.6209 4.40444e-33
100 -0.6191 4.30366e-32
101 -0.6173 3.94828e-31
102 -0.6155 3.45246e-30
103 -0.6137 2.85946e-29
104 -0.6119 2.25483e-28
105 -0.6101 1.70694e-27
106 -0.6083 1.21211e-26
107 -0.6065 8.31975e-26
108 -0.6047 5.4298e-25
109 -0.6029 3.3988e-24
110 -0.6011 2.00391e-23
111 -0.5993 1.15879e-22
112 -0.5975 6.21546e-22
113 -0.5957 3.24027e-21
114 -0.5939 1.66112e-20
115 -0.5921 8.0988e-20
116 -0.5903 3.8008e-19
117 -0.5885 1.68628e-18
118 -0.5867 7.33449e-18
119 -0.5849 3.05121e-17
120 -0.5831 1.23577e-16
121 -0.5813 4.7625e-16
122 -0.5795 1.77954e-15
123 -0.5777 6.53906e-15
124 -0.5759 2.31859e-14
125 -0.5741 7.83292e-14
126 -0.5723 2.61801e-13
127 -0.5705 8.40217e-13
128 -0.5687 2.63937e-12
129 -0.5669 7.99553e-12
130 -0.5651 2.33378e-11
131 -0.5633 6.697e-11
132 -0.5615 1.8712e-10
133 -0.5597 5.00074e-10
134 -0.5579 1.31994e-09
135 -0.5561 3.35589e-09
136 -0.5543 8.40511e-09
137 -0.5525 2.0645e-08
138 -0.5507 4.83651e-08
139 -0.5489 1.11449e-07
140 -0.5471 2.49949e-07
141 -0.5453 5.51259e-07
142 -0.5435 1.18217e-06
143 -0.5417 2.47335e-06
144 -0.5399 5.09785e-06
145 -0.5381 1.01505e-05
146 -0.5363 2.00367e-05
147 -0.5345 3.83744e-05
148 -0.5327 7.27193e-05
149 -0.5309 0.000133071
150 -0.5291 0.000237671
151 -0.5273 0.000419436
152 -0.5255 0.000730409
153 -0.5237 0.00124496
154 -0.5219 0.00207121
155 -0.5201 0.00339062
156 -0.5183 0.00546335
157 -0.5165 0.0086226
158 -0.5147 0.0132076
159 -0.5129 0.0199858
160 -0.5111 0.029788
161 -0.5093 0.0435609
162 -0.5075 0.0626905
163 -0.5057 0.0891363
164 -0.5039 0.124518
165 -0.5021 0.17104
166 -0.5003 0.230664
167 -0.4985 0.308253
168 -0.4967 0.404393
169 -0.4949 0.520644
170 -0.4931 0.660966
171 -0.4913 0.830692
172 -0.4895 1.02909
173 -0.4877 1.23928
174 -0.4859 1.49102
175 -0.4841 1.76621
176 -0.4823 2.05173
177 -0.4805 2.37228
178 -0.4787 2.68973
179 -0.4769 3.01948
180 -0.4751 3.32231
181 -0.4733 3.62613
182 -0.4715 3.88862
183 -0.4697 4.18855
184 -0.4679 4.37132
185 -0.4661 4.55057
186 -0.4643 4.66724
187 -0.4625 4.68976
188 -0.4607 4.66139
189 -0.4589 4.66002
190 -0.4571 4.54274
191 -0.4553 4.34992
192 -0.4535 4.18551
193 -0.4517 3.96719
194 -0.4499 3.6847
195 -0.4481 3.41627
196 -0.4463 3.12273
197 -0.4445 2.81895
198 -0.4427 2.52257
199 -0.4409 2.23869
200 -0.4391 1.94473
201 -0.4373 1.71053
202 -0.4355 1.46299
203 -0.4337 1.24688
204 -0.4319 1.04947
205 -0.4301 0.879444
206 -0.4283 0.730816
207 -0.4265 0.59774
208 -0.4247 0.482973
209 -0.4229 0.391571
210 -0.4211 0.311155
211 -0.4193 0.24593
212 -0.4175 0.19406
213 -0.4157 0.15158
214 -0.4139 0.116313
215 -0.4121 0.0893784
216 -0.4103 0.0676696
217 -0.4085 0.0503892
218 -0.4067 0.0375148
219 -0.4049 0.0277493
220 -0.4031 0.020332
221 -0.4013 0.0148337
222 -0.3995 0.0106368
223 -0.3977 0.00752985
224 -0.3959 0.00533564
225 -0.3941 0.00376878
226 -0.3923 0.00265228
227 -0.3905 0.00184689
228 -0.3887 0.00127037
229 -0.3869 0.00086762
230 -0.3851 0.000594726
231 -0.3833 0.000400276
232 -0.3815 0.000267431
233 -0.3797 0.000179081
234 -0.3779 0.000118148
235 -0.3761 7.79117e-05
236 -0.3743 5.04674e-05
237 -0.3725 3.30261e-05
238 -0.3707 2.11805e-05
239 -0.3689 1.3408e-05
240 -0.3671 8.54e-06
241 -0.3653 5.37975e-06
242 -0.3635 3.3851e-06
243 -0.3617 2.11101e-06
244 -0.3599 1.31155e-06
245 -0.3581 8.08467e-07
246 -0.3563 4.96452e-07
247 -0.3545 3.02824e-07
248 -0.3527 1.82626e-07
249 -0.3509 1.10138e-07
250 -0.3491 6.52063e-08
251 -0.3473 3.90384e-08
252 -0.3455 2.31086e-08
253 -0.3437 1.35564e-08
254 -0.3419 7.95259e-09
255 -0.3401 4.58502e-09
256 -0.3383 2.64983e-09
257 -0.3365 1.52438e-09
258 -0.3347 8.73679e-10
259 -0.3329 4.97833e-10
260 -0.3311 2.82035e-10
261 -0.3293 1.59204e-10
262 -0.3275 8.91989e-11
263 -0.3257 4.99067e-11
264 -0.3239 2.76569e-11
265 -0.3221 1.53197e-11
266 -0.3203 8.48109e-12
267 -0.3185 4.64216e-12
268 -0.3167 2.53963e-12
269 -0.3149 1.37935e-12
270 -0.3131 7.51188e-13
271 -0.3113 4.0151e-13
272 -0.3095 2.16526e-13
273 -0.3077 1.15705e-13
274 -0.3059 6.11051e-14
275 -0.3041 3.24487e-14
276 -0.3023 1.70966e-14
277 -0.3005 8.98475e-15
278 -0.2987 4.71344e-15
279 -0.2969 2.44489e-15
280 -0.2951 1.27405e-15
281 -0.2933 6.59458e-16
282 -0.2915 3.37537e-16
283 -0.2897 1.73582e-16
284 -0.2879 8.87814e-17
285 -0.2861 4.55273e-17
286 -0.2843 2.3177e-17
287 -0.2825 1.16376e-17
288 -0.2807 5.85142e-18
289 -0.2789 2.96112e-18
290 -0.2771 1.48416e-18
291 -0.2753 7.39805e-19
292 -0.2735 3.69632e-19
293 -0.2717 1.83184e-19
294 -0.2699 9.1005e-20
295 -0.2681 4.53262e-20
296 -0.2663 2.23532e-20
297 -0.2645 1.09221e-20
298 -0.2627 5.30878e-21
299 -0.2609 2.57573e-21
300 -0.2591 1.24963e-21
301 -0.2573 6.11372e-22
302 -0.2555 2.97856e-22
303 -0.2537 1.43528e-22
304 -0.2519 6.88549e-23
305 -0.2501 3.28224e-23
306 -0.2483 1.57678e-23
307 -0.2465 7.59865e-24
308 -0.2447 3.59071e-24
309 -0.2429 1.72667e-24
310 -0.2411 8.14699e-25
311 -0.2393 3.88737e-25
312 -0.2375 1.83935e-25
313 -0.2357 8.81999e-26
314 -0.2339 4.12327e-26
315 -0.2321 1.94372e-26
316 -0.2303 9.09344e-27
317 -0.2285 4.30202e-27
318 -0.2267 2.00833e-27
319 -0.2249 9.41676e-28
320 -0.2231 4.37923e-28
321 -0.2213 2.04181e-28
322 -0.2195 9.49492e-29
323 -0.2177 4.40058e-29
324 -0.2159 2.04839e-29
325 -0.2141 9.5714e-30
326 -0.2123 4.41741e-30
327 -0.2105 2.04873e-30
328 -0.2087 9.47794e-31
329 -0.2069 4.36634e-31
330 -0.2051 2.01367e-31
331 -0.2033 9.25138e-32
332 -0.2015 4.25867e-32
333 -0.1997 1.96229e-32
334 -0.1979 9.06673e-33
335 -0.1961 4.16314e-33
336 -0.1943 1.9186e-33
337 -0.1925 8.83591e-34
338 -0.1907 4.06531e-34
339 -0.1889 1.85692e-34
340 -0.1871 8.5376e-35
341 -0.1853 3.94709e-35
342 -0.1835 1.82554e-35
343 -0.1817 8.43908e-36
344 -0.1799 3.88854e-36
345 -0.1781 1.786e-36
346 -0.1763 8.27784e-37
347 -0.1745 3.81783e-37
348 -0.1727 1.76462e-37
349 -0.1709 8.19727e-38
350 -0.1691 3.76742e-38
351 -0.1673 1.76209e-38
352 -0.1655 8.1754e-39
353 -0.1637 3.81694e-39
354 -0.1619 1.77589e-39
355 -0.1601 8.30496e-40
356 -0.1583 3.86432e-40
357 -0.1565 1.82654e-40
358 -0.1547 8.59744e-41
359 -0.1529 4.02738e-41
360 -0.1511 1.9176e-41
361 -0.1493 9.07098e-42
362 -0.1475 4.33775e-42
363 -0.1457 2.06811e-42
364 -0.1439 9.83138e-43
365 -0.1421 4.70857e-43
366 -0.1403 2.2742e-43
367 -0.1385 1.09669e-43
368 -0.1367 5.33374e-44
369 -0.1349 2.59153e-44
370 -0.1331 1.25823e-44
371 -0.1313 6.15014e-45
372 -0.1295 3.01938e-45
373 -0.1277 1.47097e-45
374 -0.1259 7.2276e-46
375 -0.1241 3.57216e-46
376 -0.1223 1.77469e-46
377 -0.1205 8.83475e-47
378 -0.1187 4.39173e-47
379 -0.1169 2.23241e-47
380 -0.1151 1.12406e-47
381 -0.1133 5.68819e-48
382 -0.1115 2.89678e-48
383 -0.1097 1.4995e-48
384 -0.1079 7.70972e-49
385 -0.1061 4.00504e-49
386 -0.1043 2.08691e-49
387 -0.1025 1.10325e-49
388 -0.1007 5.77631e-50
389 -0.0989 3.08206e-50
390 -0.0971 1.6614e-50
391 -0.0953 8.93265e-51
392 -0.0935 4.83527e-51
393 -0.0917 2.64759e-51
394 -0.0899 1.45546e-51
395 -0.0881 8.04297e-52
396 -0.0863 4.48619e-52
397 -0.0845 2.52598e-52
398 -0.0827 1.42502e-52
399 -0.0809 8.12569e-53
400 -0.0791 4.706e-53
401 -0.0773 2.7198e-53
402 -0.0755 1.58425e-53
403 -0.0737 9.39155e-54
404 -0.0719 5.59016e-54
405 -0.0701 3.3529e-54
406 -0.0683 2.03151e-54
407 -0.0665 1.23008e-54
408 -0.0647 7.58688e-55
409 -0.0629 4.76317e-55
410 -0.0611 2.99439e-55
411 -0.0593 1.89569e-55
412 -0.0575 1.20712e-55
413 -0.0557 7.82111e-56
414 -0.0539 5.15024e-56
415 -0.0521 3.38383e-56
416 -0.0503 2.26055e-56
417 -0.0485 1.51878e-56
418 -0.0467 1.04236e-56
419 -0.0449 7.13264e-57
420 -0.0431 4.98995e-57
421 -0.0413 3.52945e-57
422 -0.0395 2.52067e-57
423 -0.0377 1.81077e-57
424 -0.0359 1.32512e-57
425 -0.0341 9.84821e-58
426 -0.0323 7.30748e-58
427 -0.0305 5.5081e-58
428 -0.0287 4.2303e-58
429 -0.0269 3.30071e-58
430 -0.0251 2.5946e-58
431 -0.0233 2.041e-58
432 -0.0215 1.66211e-58
433 -0.0197 1.36347e-58
434 -0.0179 1.14555e-58
435 -0.0161 9.68707e-59
436 -0.0143 8.30299e-59
437 -0.0125 7.24726e-59
438 -0.0107 6.51773e-59
439 -0.0089 5.89965e-59
440 -0.0071 5.48956e-59
441 -0.0053 5.11392e-59
442 -0.0035 4.85486e-59
443 -0.0017 4.72311e-59
444 0.0001 4.66815e-59
445 0.0019 4.65063e-59
446 0.0037 4.77459e-59
447 0.0055 4.98396e-59
448 0.0073 5.24282e-59
449 0.0091 5.66996e-59
450 0.0109 6.26503e-59
451 0.0127 6.97457e-59
452 0.0145 8.00279e-59
453 0.0163 9.33313e-59
454 0.0181 1.11234e-58
455 0.0199 1.35063e-58
456 0.0217 1.6776e-58
457 0.0235 2.14263e-58
458 0.0253 2.7986e-58
459 0.0271 3.74896e-58
460 0.0289 5.17077e-58
461 0.0307 7.23758e-58
462 0.0325 1.03109e-57
463 0.0343 1.511e-57
464 0.0361 2.25844e-57
465 0.0379 3.45821e-57
466 0.0397 5.38546e-57
467 0.0415 8.64082e-57
468 0.0433 1.42074e-56
469 0.0451 2.38944e-56
470 0.0469 4.12158e-56
471 0.0487 7.2659e-56
472 0.0505 1.3079e-55
473 0.0523 2.4248e-55
474 0.0541 4.58822e-55
475 0.0559 8.86813e-55
476 0.0577 1.77053e-54
477 0.0595 3.64904e-54
478 0.0613 7.68934e-54
479 0.0631 1.66829e-53
480 0.0649 3.71015e-53
481 0.0667 8.45596e-53
482 0.0685 1.9898e-52
483 0.0703 4.82412e-52
484 0.0721 1.19734e-51
485 0.0739 3.02919e-51
486 0.0757 8.06732e-51
487 0.0775 2.18324e-50
488 0.0793 6.0647e-50
489 0.0811 1.71565e-49
490 0.0829 5.08336e-49
491 0.0847 1.54519e-48
492 0.0865 4.81837e-48
493 0.0883 1.54982e-47
494 0.0901 5.06713e-47
495 0.0919 1.69778e-46
496 0.0937 5.94888e-46
497 0.0955 2.12995e-45
498 0.0973 7.9413e-45
499 0.0991 3.01191e-44
500 0.1009 1.193e-43
501 0.1027 4.90765e-43
502 0.1045 2.04409e-42
503 0.1063 8.86924e-42
504 0.1081 3.95186e-41
505 0.1099 1.78834e-40
506 0.1117 8.23873e-40
507 0.1135 3.94263e-39
508 0.1153 1.95016e-38
509 0.1171 1.00067e-37
510 0.1189 5.21615e-37
511 0.1207 2.79121e-36
512 0.1225 1.52166e-35
513 0.1243 8.43763e-35
514 0.1261 4.76734e-34
515 0.1279 2.76764e-33
516 0.1297 1.61073e-32
517 0.1315 9.31336e-32
518 0.1333 5.66072e-31
519 0.1351 3.3915e-30
520 0.1369 2.04449e-29
521 0.1387 1.25353e-28
522 0.1405 7.86509e-28
523 0.1423 4.88771e-27
524 0.1441 3.0435e-26
525 0.1459 1.882e-25
526 0.1477 1.15195e-24
527 0.1495 7.2251e-24
528 0.1513 4.54176e-23
529 0.1531 2.78288e-22
530 0.1549 1.67696e-21
531 0.1567 9.93049e-21
532 0.1585 5.92361e-20
533 0.1603 3.47755e-19
534 0.1621 2.00524e-18
535 0.1639 1.11094e-17
536 0.1657 5.92138e-17
537 0.1675 3.17321e-16
538 0.1693 1.66776e-15
539 0.1711 8.55533e-15
540 0.1729 4.32242e-14
541 0.1747 2.10142e-13
542 0.1765 9.93027e-13
543 0.1783 4.57826e-12
544 0.1801 2.09663e-11
545 0.1819 9.21826e-11
546 0.1837 3.90107e-10
547 0.1855 1.58227e-09
548 0.1873 6.09622e-09
549 0.1891 2.35679e-08
550 0.1909 8.68168e-08
551 0.1927 3.08851e-07
552 0.1945 1.04384e-06
553 0.1963 3.45998e-06
554 0.1981 1.0929e-05
555 0.1999 3.27195e-05
556 0.2017 9.5129e-05
557 0.2035 0.000265015
558 0.2053 0.000709031
559 0.2071 0.00185715
560 0.2089 0.00459586
561 0.2107 0.0111154
562 0.2125 0.0253799
563 0.2143 0.0530225
564 0.2161 0.109601
565 0.2179 0.219752
566 0.2197 0.415777
567 0.2215 0.758725
568 0.2233 1.35053
569 0.2251 2.26762
570 0.2269 3.77404
571 0.2287 5.78351
572 0.2305 8.542
573 0.2323 11.9813
574 0.2341 16.3804
575 0.2359 20.9166
576 0.2377 25.7134
577 0.2395 30.1859
578 0.2413 33.4573
579 0.2431 35.5022
580 0.2449 36.8609
581 0.2467 36.6077
582 0.2485 33.4314
583 0.2503 30.1488
584 0.2521 26.6779
585 0.2539 22.5437
586 0.2557 18.2709
587 0.2575 14.1849
588 0.2593 10.3694
589 0.2611 7.40395
590 0.2629 4.98712
591 0.2647 3.23362
592 0.2665 2.05609
593 0.2683 1.22766
594 0.2701 0.724434
595 0.2719 0.40636
596 0.2737 0.219215
597 0.2755 0.113912
598 0.2773 0.056855
599 0.2791 0.0272884
600 0.2809 0.0124872
601 0.2827 0.005566
602 0.2845 0.00236094
603 0.2863 0.000986657
604 0.2881 0.000392505
605 0.2899 0.000149553
606 0.2917 5.51548e-05
607 0.2935 1.96158e-05
608 0.2953 6.8147e-06
609 0.2971 2.26862e-06
610 0.2989 7.34553e-07
611 0.3007 2.2897e-07
612 0.3025 6.99566e-08
613 0.3043 2.04969e-08
614 0.3061 5.79957e-09
615 0.3079 1.5872e-09
616 0.3097 4.16627e-10
617 0.3115 1.07333e-10
618 0.3133 2.67463e-11
619 0.3151 6.4435e-12
620 0.3169 1.53238e-12
621 0.3187 3.52717e-13
622 0.3205 7.86722e-14
623 0.3223 1.70793e-14
624 0.3241 3.64913e-15
625 0.3259 7.6306e-16
626 0.3277 1.53806e-16
627 0.3295 3.0001e-17
628 0.3313 5.5872e-18
629 0.3331 1.03635e-18
630 0.3349 1.87461e-19
631 0.3367 3.30351e-20
632 0.3385 5.6978e-21
633 0.3403 9.59983e-22
634 0.3421 1.59309e-22
635 0.3439 2.55905e-23
636 0.3457 4.04598e-24
637 0.3475 6.26928e-25
638 0.3493 9.2983e-26
639 0.3511 1.3602e-26
640 0.3529 1.95905e-27
641 0.3547 2.78066e-28
642 0.3565 3.8388e-29
643 0.3583 5.1966e-30
644 0.3601 6.86588e-31
645 0.3619 8.82701e-32
646 0.3637 1.12158e-32
647 0.3655 1.41983e-33
648 0.3673 1.73884e-34
649 0.3691 2.10966e-35
650 0.3709 2.51093e-36
651 0.3727 2.93883e-37
652 0.3745 3.3913e-38
653 0.3763 3.90395e-39
654 0.3781 4.38897e-40
655 0.3799 4.82387e-41
656 0.3817 5.23458e-42
657 0.3835 5.58231e-43
658 0.3853 5.84003e-44
659 0.3871 6.10705e-45
660 0.3889 6.2485e-46
661 0.3907 6.28509e-47
662 0.3925 6.37985e-48
663 0.3943 6.35505e-49
664 0.3961 6.14059e-50
665 0.3979 5.88303e-51
666 0.3997 5.59454e-52
667 0.4015 5.24881e-53
668 0.4033 4.90733e-54
669 0.4051 4.52864e-55
670 0.4069 4.12469e-56
671 0.4087 3.73463e-57
672 0.4105 3.33999e-58
673 0.4123 2.94262e-59
674 0.4141 2.57485e-60
675 0.4159 2.17443e-61
676 0.4177 1.84777e-62
677 0.4195 1.5691e-63
678 0.4213 1.31578e-64
679 0.4231 1.10709e-65
680 0.4249 9.09743e-67
681 0.4267 7.40798e-68
682 0.4285 6.02295e-69
683 0.4303 4.86741e-70
684 0.4321 3.9085e-71
685 0.4339 3.10495e-72
686 0.4357 2.4627e-73
687 0.4375 1.92133e-74
688 0.4393 1.49882e-75
689 0.4411 1.15381e-76
690 0.4429 8.80217e-78
691 0.4447 6.70538e-79
692 0.4465 5.06273e-80
693 0.4483 3.76434e-81
694 0.4501 2.81474e-82
695 0.4519 2.10673e-83
696 0.4537 1.55795e-84
697 0.4555 1.13886e-85
698 0.4573 8.24729e-87
699 0.4591 5.89909e-88
700 0.4609 4.18421e-89
701 0.4627 2.99006e-90
702 0.4645 2.12294e-91
703 0.4663 1.48879e-92
704 0.4681 1.05232e-93
705 0.4699 7.32239e-95
706 0.4717 5.05037e-96
707 0.4735 3.50493e-97
708 0.4753 2.41148e-98
709 0.4771 1.65373e-99
710 0.4789 1.11761e-100
711 0.4807 7.50576e-102
712 0.4825 5.10233e-103
713 0.4843 3.38755e-104
714 0.4861 2.26532e-105
715 0.4879 1.49289e-106
716 0.4897 9.83256e-108
717 0.4915 6.45897e-109
718 0.4933 4.22365e-110
719 0.4951 2.74571e-111
720 0.4969 1.77329e-112
721 0.4987 1.15047e-113
722 0.5005 7.39592e-115
723 0.5023 4.7665e-116
724 0.5041 3.05723e-117
725 0.5059 1.9429e-118
726 0.5077 1.22897e-119
727 0.5095 7.76015e-121
728 0.5113 4.87533e-122
729 0.5131 3.05725e-123
730 0.5149 1.89281e-124
731 0.5167 1.17637e-125
732 0.5185 7.27219e-127
733 0.5203 4.46729e-128
734 0.5221 2.75428e-129
735 0.5239 1.68782e-130
736 0.5257 1.02937e-131
737 0.5275 6.21818e-133
738 0.5293 3.73682e-134
739 0.5311 2.2491e-135
740 0.5329 1.36265e-136
741 0.5347 8.16703e-138
742 0.5365 4.85684e-139
743 0.5383 2.89112e-140
744 0.5401 1.72847e-141
745 0.5419 1.0292e-142
746 0.5437 6.08426e-144
747 0.5455 3.58407e-145
748 0.5473 2.10461e-146
749 0.5491 1.23686e-147
750 0.5509 7.24325e-149
751 0.5527 4.19606e-150
752 0.5545 2.43398e-151
753 0.5563 1.41108e-152
754 0.5581 8.09505e-154
755 0.5599 4.66762e-155
756 0.5617 2.67658e-156
757 0.5635 1.53042e-157
758 0.5653 8.78221e-159
759 0.5671 5.02408e-160
760 0.5689 2.82969e-161
761 0.5707 1.604e-162
762 0.5725 9.16587e-164
763 0.5743 5.18312e-165
764 0.5761 2.92427e-166
765 0.5779 1.63961e-167
766 0.5797 9.14637e-169
767 0.5815 5.11078e-170
768 0.5833 2.84388e-171
769 0.5851 1.5742e-172
770 0.5869 8.75377e-174
771 0.5887 4.83022e-175
772 0.5905 2.64432e-176
773 0.5923 1.44706e-177
774 0.5941 7.94275e-179
775 0.5959 4.36361e-180
776 0.5977 2.37759e-181
777 0.5995 1.30169e-182
778 0.6013 7.06776e-184
779 0.6031 3.82634e-185
780 0.6049 2.08245e-186
781 0.6067 1.12221e-187
782 0.6085 6.06436e-189
783 0.6103 3.24831e-190
784 0.6121 1.74215e-191
785 0.6139 9.33819e-193
786 0.6157 5.00034e-194
787 0.6175 2.65543e-195
788 0.6193 1.41186e-196
789 0.6211 7.51212e-198
790 0.6229 3.97205e-199
791 0.6247 2.10144e-200
792 0.6265 1.11038e-201
793 0.6283 5.87894e-203
794 0.6301 3.08568e-204
795 0.6319 1.61591e-205
796 0.6337 8.43379e-207
797 0.6355 4.40176e-208
798 0.6373 2.29457e-209
799 0.6391 1.1916e-210
800 0.6409 6.17554e-212
801 0.6427 3.20385e-213
802 0.6445 1.66274e-214
803 0.6463 8.61353e-216
804 0.6481 4.42736e-217
805 0.6499 2.26618e-218
806 0.6517 1.16252e-219
807 0.6535 5.9475e-221
808 0.6553 3.02661e-222
809 0.6571 1.54767e-223
810 0.6589 7.89364e-225
811 0.6607 4.0169e-226
812 0.6625 2.04277e-227
813 0.6643 1.03715e-228
814 0.6661 5.25432e-230
815 0.6679 2.65178e-231
816 0.6697 1.33136e-232
817 0.6715 6.68734e-234
818 0.6733 3.35776e-235
819 0.6751 1.68914e-236
820 0.6769 8.49293e-238
821 0.6787 4.23614e-239
822 0.6805 2.10578e-240
823 0.6823 1.05141e-241
824 0.6841 5.24973e-243
825 0.6859 2.62466e-244
826 0.6877 1.30681e-245
827 0.6895 6.47551e-247
828 0.6913 3.21938e-248
829 0.6931 1.59745e-249
830 0.6949 7.92754e-251
831 0.6967 3.92592e-252
832 0.6985 1.93355e-253
833 0.7003 9.4613e-255
834 0.7021 4.61472e-256
835 0.7039 2.25824e-257
836 0.7057 1.10142e-258
837 0.7075 5.39062e-260
838 0.7093 2.63385e-261
839 0.7111 1.28217e-262
840 0.7129 6.24564e-264
841 0.7147 3.03286e-265
842 0.7165 1.4603e-266
843 0.7183 7.09123e-268
844 0.7201 3.41387e-269
845 0.7219 1.64812e-270
846 0.7237 7.93674e-272
847 0.7255 3.80584e-273
848 0.7273 1.82293e-274
849 0.7291 8.76569e-276
850 0.7309 4.20094e-277
851 0.7327 2.00834e-278
852 0.7345 9.5943e-280
853 0.7363 4.5866e-281
854 0.7381 2.1772e-282
855 0.7399 1.03526e-283
856 0.7417 4.91116e-285
857 0.7435 2.32626e-286
858 0.7453 1.09419e-287
859 0.7471 5.17937e-289
860 0.7489 2.44978e-290
861 0.7507 1.16158e-291
862 0.7525 5.48968e-293
863 0.7543 2.59159e-294
864 0.7561 1.21725e-295
865 0.7579 5.69791e-297
866 0.7597 2.66863e-298
867 0.7615 1.24595e-299
868 0.7633 5.82173e-301
869 0.7651 2.72769e-302
870 0.7669 1.2675e-303
871 0.7687 5.89198e-305
872 0.7705 2.74796e-306
873 0.7723 1.27677e-307
874 0.7741 5.9545e-309
875 0.7759 2.7551e-310
876 0.7777 1.27721e-311
877 0.7795 5.89997e-313
878 0.7813 2.71907e-314
879 0.7831 1.25068e-315
880 0.7849 5.75367e-317
881 0.7867 2.63776e-318
882 0.7885 1.20769e-319
883 0.7903 5.48907e-321
884 0.7921 0
885 0.7939 0
886 0.7957 0
887 0.7975 0
888 0.7993 0
889 0.8011 0
890 0.8029 0
891 0.8047 0
892 0.8065 0
893 0.8083 0
894 0.8101 0
895 0.8119 0
896 0.8137 0
897 0.8155 0
898 0.8173 0
899 0.8191 0
900 0.8209 0
901 0.8227 0
902 0.8245 0
903 0.8263 0
904 0.8281 0
905 0.8299 0
906 0.8317 0
907 0.8335 0
908 0.8353 0
909 0.8371 0
910 0.8389 0
911 0.8407 0
912 0.8425 0
913 0.8443 0
914 0.8461 0
915 0.8479 0
916 0.8497 0
917 0.8515 0
918 0.8533 0
919 0.8551 0
920 0.8569 0
921 0.8587 0
922 0.8605 0
923 0.8623 0
924 0.8641 0
925 0.8659 0
926 0.8677 0
927 0.8695 0
928 0.8713 0
929 0.8731 0
930 0.8749 0
931 0.8767 0
932 0.8785 0
933 0.8803 0
934 0.8821 0
935 0.8839 0
936 0.8857 0
937 0.8875 0
938 0.8893 0
939 0.8911 0
940 0.8929 0
941 0.8947 0
942 0.8965 0
943 0.8983 0
944 0.9001 0
945 0.9019 0
946 0.9037 0
947 0.9055 0
948 0.9073 0
949 0.9091 0
950 0.9109 0
951 0.9127 0
952 0.9145 0
953 0.9163 0
954 0.9181 0
955 0.9199 0
956 0.9217 0
957 0.9235 0
958 0.9253 0
959 0.9271 0
960 0.9289 0
961 0.9307 0
962 0.9325 0
963 0.9343 0
964 0.9361 0
965 0.9379 0
966 0.9397 0
967 0.9415 0
968 0.9433 0
969 0.9451 0
970 0.9469 0
971 0.9487 0
972 0.9505 0
973 0.9523 0
974 0.9541 0
975 0.9559 0
976 0.9577 0
977 0.9595 0
978 0.9613 0
979 0.9631 0
980 0.9649 0
981 0.9667 0
982 0.9685 0
983 0.9703 0
984 0.9721 0
985 0.9739 0
986 0.9757 0
987 0.9775 0
988 0.9793 0
989 0.9811 0
990 0.9829 0
991 0.9847 0
992 0.9865 0
993 0.9883 0
994 0.9901 0
995 0.9919 0
996 0.9937 0
997 0.9955 0
998 0.9973 0
999 0.9991 0
