50 -0.7091 7.64525e-126
51 -0.7073 1.67941e-122
52 -0.7055 2.64562e-119
53 -0.7037 3.79557e-116
54 -0.7019 3.68393e-113
55 -0.7001 3.15187e-110
56 -0.6983 2.47797e-107
57 -0.6965 1.51532e-104
58 -0.6947 8.95059e-102
59 -0.6929 4.14699e-99
60 -0.6911 1.59981e-96
61 -0.6893 6.02757e-94
62 -0.6875 1.79363e-91
63 -0.6857 4.70064e-89
64 -0.6839 1.09881e-86
65 -0.6821 2.05242e-84
66 -0.6803 3.3573e-82
67 -0.6785 4.7573e-80
68 -0.6767 6.36719e-78
69 -0.6749 7.51031e-76
70 -0.6731 7.84423e-74
71 -0.6713 7.27589e-72
72 -0.6695 5.96636e-70
73 -0.6677 4.60063e-68
74 -0.6659 3.06435e-66
75 -0.6641 1.8519e-64
76 -0.6623 1.03228e-62
77 -0.6605 5.23895e-61
78 -0.6587 2.40641e-59
79 -0.6569 1.01398e-57
80 -0.6551 3.88327e-56
81 -0.6533 1.37014e-54
82 -0.6515 4.49234e-53
83 -0.6497 1.30854e-51
84 -0.6479 3.53335e-50
85 -0.6461 9.03328e-49
86 -0.6443 2.07092e-47
87 -0.6425 4.52153e-46
88 -0.6407 9.28474e-45
89 -0.6389 1.75686e-43
90 -0.6371 3.09682e-42
91 -0.6353 5.08881e-41
92 -0.6335 7.77755e-40
93 -0.6317 1.12944e-38
94 -0.6299 1.52134e-37
95 -0.6281 1.95119e-36
96 -0.6263 2.36556e-35
97 -0.6245 2.67941e-34
98 -0.6227 2.88983e-33
99 -0.6209 2.89106e-32
100 -0.6191 2.80735e-31
101 -0.6173 2.55953e-30
102 -0.6155 2.22419e-29
103 -0.6137 1.83072e-28
104 -0.6119 1.43464e-27
105 -0.6101 1.07929e-26
106 -0.6083 7.61651e-26
107 -0.6065 5.19536e-25
108 -0.6047 3.36962e-24
109 -0.6029 2.09612e-23
110 -0.6011 1.22817e-22
111 -0.5993 7.05797e-22
112 -0.5975 3.76218e-21
113 -0.5957 1.94913e-20
114 -0.5939 9.93007e-20
115 -0.5921 4.81132e-19
116 -0.5903 2.24393e-18
117 -0.5885 9.89366e-18
118 -0.5867 4.27651e-17
119 -0.5849 1.76801e-16
120 -0.5831 7.11609e-16
121 -0.5813 2.72541e-15
122 -0.5795 1.01204e-14
123 -0.5777 3.6957e-14
124 -0.5759 1.30226e-13
125 -0.5741 4.37209e-13
126 -0.5723 1.45221e-12
127 -0.5705 4.63171e-12
128 -0.5687 1.44591e-11
129 -0.5669 4.35293e-11
130 -0.5651 1.26266e-10
131 -0.5633 3.6008e-10
132 -0.5615 9.99844e-10
133 -0.5597 2.65545e-09
134 -0.5579 6.96545e-09
135 -0.5561 1.75993e-08
136 -0.5543 4.3805e-08
137 -0.5525 1.06927e-07
138 -0.5507 2.48941e-07
139 -0.5489 5.70074e-07
140 -0.5471 1.27058e-06
141 -0.5453 2.78482e-06
142 -0.5435 5.9349e-06
143 -0.5417 1.23399e-05
144 -0.5399 2.52758e-05
145 -0.5381 5.00147e-05
146 -0.5363 9.81136e-05
147 -0.5345 0.000186739
148 -0.5327 0.000351671
149 -0.5309 0.000639532
150 -0.5291 0.00113514
151 -0.5273 0.00199081
152 -0.5255 0.00344526
153 -0.5237 0.00583587
154 -0.5219 0.00964862
155 -0.5201 0.0156968
156 -0.5183 0.0251353
157 -0.5165 0.0394235
158 -0.5147 0.0600113
159 -0.5129 0.0902448
160 -0.5111 0.133671
161 -0.5093 0.19426
162 -0.5075 0.277831
163 -0.5057 0.392577
164 -0.5039 0.544999
165 -0.5021 0.743966
166 -0.5003 0.997076
167 -0.4985 1.32418
168 -0.4967 1.72638
169 -0.4949 2.20884
170 -0.4931 2.78673
171 -0.4913 3.48056
172 -0.4895 4.28502
173 -0.4877 5.12819
174 -0.4859 6.13152
175 -0.4841 7.21805
176 -0.4823 8.33279
177 -0.4805 9.57478
178 -0.4787 10.7885
179 -0.4769 12.0359
180 -0.4751 13.1607
181 -0.4733 14.275
182 -0.4715 15.2131
183 -0.4697 16.2847
184 -0.4679 16.8896
185 -0.4661 17.4729
186 -0.4643 17.8095
187 -0.4625 17.7842
188 -0.4607 17.5668
189 -0.4589 17.4525
190 -0.4571 16.9075
191 -0.4553 16.0892
192 -0.4535 15.3849
193 -0.4517 14.4917
194 -0.4499 13.3762
195 -0.4481 12.3247
196 -0.4463 11.1956
197 -0.4445 10.0437
198 -0.4427 8.93186
199 -0.4409 7.87743
200 -0.4391 6.80053
201 -0.4373 5.94438
202 -0.4355 5.05254
203 -0.4337 4.27943
204 -0.4319 3.5795
205 -0.4301 2.98094
206 -0.4283 2.46176
207 -0.4265 2.00097
208 -0.4247 1.60674
209 -0.4229 1.29457
210 -0.4211 1.02231
211 -0.4193 0.802989
212 -0.4175 0.629689
213 -0.4157 0.488792
214 -0.4139 0.372737
215 -0.4121 0.284643
216 -0.4103 0.214167
217 -0.4085 0.158485
218 -0.4067 0.117259
219 -0.4049 0.0861962
220 -0.4031 0.0627636
221 -0.4013 0.0455063
222 -0.3995 0.0324283
223 -0.3977 0.0228135
224 -0.3959 0.0160651
225 -0.3941 0.0112769
226 -0.3923 0.00788681
227 -0.3905 0.00545776
228 -0.3887 0.00373076
229 -0.3869 0.00253214
230 -0.3851 0.00172492
231 -0.3833 0.00115373
232 -0.3815 0.000766033
233 -0.3797 0.000509773
234 -0.3779 0.000334231
235 -0.3761 0.000219036
236 -0.3743 0.000140999
237 -0.3725 9.16967e-05
238 -0.3707 5.84419e-05
239 -0.3689 3.67659e-05
240 -0.3671 2.32719e-05
241 -0.3653 1.45689e-05
242 -0.3635 9.11022e-06
243 -0.3617 5.64599e-06
244 -0.3599 3.48599e-06
245 -0.3581 2.13549e-06
246 -0.3563 1.30318e-06
247 -0.3545 7.89969e-07
248 -0.3527 4.7345e-07
249 -0.3509 2.83754e-07
250 -0.3491 1.6695e-07
251 -0.3473 9.93299e-08
252 -0.3455 5.84326e-08
253 -0.3437 3.40656e-08
254 -0.3419 1.98597e-08
255 -0.3401 1.13789e-08
256 -0.3383 6.53534e-09
257 -0.3365 3.73623e-09
258 -0.3347 2.12807e-09
259 -0.3329 1.20506e-09
260 -0.3311 6.78455e-10
261 -0.3293 3.80596e-10
262 -0.3275 2.11915e-10
263 -0.3257 1.1783e-10
264 -0.3239 6.48918e-11
265 -0.3221 3.57215e-11
266 -0.3203 1.96528e-11
267 -0.3185 1.06902e-11
268 -0.3167 5.81202e-12
269 -0.3149 3.13706e-12
270 -0.3131 1.69781e-12
271 -0.3113 9.01841e-13
272 -0.3095 4.8332e-13
273 -0.3077 2.56666e-13
274 -0.3059 1.34706e-13
275 -0.3041 7.10885e-14
276 -0.3023 3.72224e-14
277 -0.3005 1.94398e-14
278 -0.2987 1.01348e-14
279 -0.2969 5.22433e-15
280 -0.2951 2.70552e-15
281 -0.2933 1.39169e-15
282 -0.2915 7.07895e-16
283 -0.2897 3.61781e-16
284 -0.2879 1.83888e-16
285 -0.2861 9.37123e-17
286 -0.2843 4.74104e-17
287 -0.2825 2.36578e-17
288 -0.2807 1.18212e-17
289 -0.2789 5.94497e-18
290 -0.2771 2.9612e-18
291 -0.2753 1.46688e-18
292 -0.2735 7.2835e-19
293 -0.2717 3.58715e-19
294 -0.2699 1.77101e-19
295 -0.2681 8.7659e-20
296 -0.2663 4.29615e-20
297 -0.2645 2.08611e-20
298 -0.2627 1.00767e-20
299 -0.2609 4.85865e-21
300 -0.2591 2.34256e-21
301 -0.2573 1.13895e-21
302 -0.2555 5.51441e-22
303 -0.2537 2.64071e-22
304 -0.2519 1.25896e-22
305 -0.2501 5.96402e-23
306 -0.2483 2.8473e-23
307 -0.2465 1.36361e-23
308 -0.2447 6.40362e-24
309 -0.2429 3.06019e-24
310 -0.2411 1.43492e-24
311 -0.2393 6.80422e-25
312 -0.2375 3.19949e-25
313 -0.2357 1.52467e-25
314 -0.2339 7.0834e-26
315 -0.2321 3.31837e-26
316 -0.2303 1.54281e-26
317 -0.2285 7.25351e-27
318 -0.2267 3.36515e-27
319 -0.2249 1.56806e-27
320 -0.2231 7.24687e-28
321 -0.2213 3.35784e-28
322 -0.2195 1.55177e-28
323 -0.2177 7.14725e-29
324 -0.2159 3.30625e-29
325 -0.2141 1.53529e-29
326 -0.2123 7.04164e-30
327 -0.2105 3.24551e-30
328 -0.2087 1.49212e-30
329 -0.2069 6.83126e-31
330 -0.2051 3.13086e-31
331 -0.2033 1.42947e-31
332 -0.2015 6.53933e-32
333 -0.1997 2.99444e-32
334 -0.1979 1.37498e-32
335 -0.1961 6.27419e-33
336 -0.1943 2.87352e-33
337 -0.1925 1.31514e-33
338 -0.1907 6.01322e-34
339 -0.1889 2.7296e-34
340 -0.1871 1.24719e-34
341 -0.1853 5.73016e-35
342 -0.1835 2.63375e-35
343 -0.1817 1.20996e-35
344 -0.1799 5.54055e-36
345 -0.1781 2.52895e-36
346 -0.1763 1.16485e-36
347 -0.1745 5.33901e-37
348 -0.1727 2.45238e-37
349 -0.1709 1.13213e-37
350 -0.1691 5.17088e-38
351 -0.1673 2.40348e-38
352 -0.1655 1.10819e-38
353 -0.1637 5.14177e-39
354 -0.1619 2.37742e-39
355 -0.1601 1.10489e-39
356 -0.1583 5.10912e-40
357 -0.1565 2.39992e-40
358 -0.1547 1.12261e-40
359 -0.1529 5.22604e-41
360 -0.1511 2.47286e-41
361 -0.1493 1.16249e-41
362 -0.1475 5.52448e-42
363 -0.1457 2.61753e-42
364 -0.1439 1.23659e-42
365 -0.1421 5.88563e-43
366 -0.1403 2.82505e-43
367 -0.1385 1.35385e-43
368 -0.1367 6.54354e-44
369 -0.1349 3.15957e-44
370 -0.1331 1.52449e-44
371 -0.1313 7.4053e-45
372 -0.1295 3.613e-45
373 -0.1277 1.74922e-45
374 -0.1259 8.54139e-46
375 -0.1241 4.19525e-46
376 -0.1223 2.0713e-46
377 -0.1205 1.02472e-46
378 -0.1187 5.06219e-47
379 -0.1169 2.55722e-47
380 -0.1151 1.2796e-47
381 -0.1133 6.43508e-48
382 -0.1115 3.25678e-48
383 -0.1097 1.67537e-48
384 -0.1079 8.56041e-49
385 -0.1061 4.41932e-49
386 -0.1043 2.28846e-49
387 -0.1025 1.20228e-49
388 -0.1007 6.2557e-50
389 -0.0989 3.3171e-50
390 -0.0971 1.77698e-50
391 -0.0953 9.49473e-51
392 -0.0935 5.10758e-51
393 -0.0917 2.77931e-51
394 -0.0899 1.51838e-51
395 -0.0881 8.3385e-52
396 -0.0863 4.62211e-52
397 -0.0845 2.58634e-52
398 -0.0827 1.45e-52
399 -0.0809 8.21676e-53
400 -0.0791 4.72917e-53
401 -0.0773 2.7162e-53
402 -0.0755 1.57232e-53
403 -0.0737 9.26289e-54
404 -0.0719 5.47931e-54
405 -0.0701 3.26598e-54
406 -0.0683 1.96654e-54
407 -0.0665 1.18334e-54
408 -0.0647 7.25326e-55
409 -0.0629 4.52542e-55
410 -0.0611 2.82724e-55
411 -0.0593 1.77875e-55
412 -0.0575 1.12561e-55
413 -0.0557 7.2477e-56
414 -0.0539 4.74298e-56
415 -0.0521 3.09688e-56
416 -0.0503 2.05599e-56
417 -0.0485 1.37276e-56
418 -0.0467 9.3629e-57
419 -0.0449 6.367e-57
420 -0.0431 4.42663e-57
421 -0.0413 3.11155e-57
422 -0.0395 2.2084e-57
423 -0.0377 1.57659e-57
424 -0.0359 1.14657e-57
425 -0.0341 8.46829e-58
426 -0.0323 6.24451e-58
427 -0.0305 4.67762e-58
428 -0.0287 3.57015e-58
429 -0.0269 2.76831e-58
430 -0.0251 2.16257e-58
431 -0.0233 1.69058e-58
432 -0.0215 1.36819e-58
433 -0.0197 1.11538e-58
434 -0.0179 9.31289e-59
435 -0.0161 7.82624e-59
436 -0.0143 6.66634e-59
437 -0.0125 5.78255e-59
438 -0.0107 5.16813e-59
439 -0.0089 4.64897e-59
440 -0.0071 4.29892e-59
441 -0.0053 3.97986e-59
442 -0.0035 3.75477e-59
443 -0.0017 3.63017e-59
444 0.0001 3.56562e-59
445 0.0019 3.53016e-59
446 0.0037 3.60174e-59
447 0.0055 3.73631e-59
448 0.0073 3.90594e-59
449 0.0091 4.1979e-59
450 0.0109 4.60965e-59
451 0.0127 5.09981e-59
452 0.0145 5.81528e-59
453 0.0163 6.73982e-59
454 0.0181 7.98269e-59
455 0.0199 9.63254e-59
456 0.0217 1.18901e-58
457 0.0235 1.50916e-58
458 0.0253 1.95895e-58
459 0.0271 2.60787e-58
460 0.0289 3.57455e-58
461 0.0307 4.97225e-58
462 0.0325 7.03962e-58
463 0.0343 1.0252e-57
464 0.0361 1.52281e-57
465 0.0379 2.31728e-57
466 0.0397 3.58627e-57
467 0.0415 5.71831e-57
468 0.0433 9.34374e-57
469 0.0451 1.56168e-56
470 0.0469 2.67703e-56
471 0.0487 4.68998e-56
472 0.0505 8.38976e-56
473 0.0523 1.54576e-55
474 0.0541 2.90672e-55
475 0.0559 5.58319e-55
476 0.0577 1.10776e-54
477 0.0595 2.26889e-54
478 0.0613 4.75134e-54
479 0.0631 1.02445e-53
480 0.0649 2.26414e-53
481 0.0667 5.12822e-53
482 0.0685 1.19924e-52
483 0.0703 2.88939e-52
484 0.0721 7.12687e-52
485 0.0739 1.79184e-51
486 0.0757 4.74236e-51
487 0.0775 1.27544e-50
488 0.0793 3.52095e-50
489 0.0811 9.89853e-50
490 0.0829 2.91464e-49
491 0.0847 8.80456e-49
492 0.0865 2.72847e-48
493 0.0883 8.72153e-48
494 0.0901 2.83378e-47
495 0.0919 9.43574e-47
496 0.0937 3.28566e-46
497 0.0955 1.16909e-45
498 0.0973 4.33175e-45
499 0.0991 1.6327e-44
500 0.1009 6.42685e-44
501 0.1027 2.62738e-43
502 0.1045 1.08753e-42
503 0.1063 4.68943e-42
504 0.1081 2.07648e-41
505 0.1099 9.33828e-41
506 0.1117 4.27533e-40
507 0.1135 2.03324e-39
508 0.1153 9.99459e-39
509 0.1171 5.09656e-38
510 0.1189 2.64015e-37
511 0.1207 1.40399e-36
512 0.1225 7.60643e-36
513 0.1243 4.19157e-35
514 0.1261 2.35355e-34
515 0.1279 1.35784e-33
516 0.1297 7.85336e-33
517 0.1315 4.51264e-32
518 0.1333 2.72577e-31
519 0.1351 1.62294e-30
520 0.1369 9.72269e-30
521 0.1387 5.92416e-29
522 0.1405 3.69394e-28
523 0.1423 2.28131e-27
524 0.1441 1.4117e-26
525 0.1459 8.67524e-26
526 0.1477 5.277e-25
527 0.1495 3.2892e-24
528 0.1513 2.05477e-23
529 0.1531 1.2512e-22
530 0.1549 7.49285e-22
531 0.1567 4.40948e-21
532 0.1585 2.61393e-20
533 0.1603 1.52502e-19
534 0.1621 8.73894e-19
535 0.1639 4.81145e-18
536 0.1657 2.54859e-17
537 0.1675 1.35728e-16
538 0.1693 7.08916e-16
539 0.1711 3.61402e-15
540 0.1729 1.81457e-14
541 0.1747 8.76699e-14
542 0.1765 4.1171e-13
543 0.1783 1.88635e-12
544 0.1801 8.58493e-12
545 0.1819 3.75108e-11
546 0.1837 1.57755e-10
547 0.1855 6.35875e-10
548 0.1873 2.4347e-09
549 0.1891 9.35399e-09
550 0.1909 3.42431e-08
551 0.1927 1.21063e-07
552 0.1945 4.06618e-07
553 0.1963 1.33943e-06
554 0.1981 4.20454e-06
555 0.1999 1.25094e-05
556 0.2017 3.61439e-05
557 0.2035 0.000100066
558 0.2053 0.000266055
559 0.2071 0.00069254
560 0.2089 0.00170317
561 0.2107 0.00409365
562 0.2125 0.00928893
563 0.2143 0.0192854
564 0.2161 0.0396163
565 0.2179 0.0789377
566 0.2197 0.148424
567 0.2215 0.269167
568 0.2233 0.47614
569 0.2251 0.794495
570 0.2269 1.31408
571 0.2287 2.00123
572 0.2305 2.93736
573 0.2323 4.09444
574 0.2341 5.56297
575 0.2359 7.05936
576 0.2377 8.62436
577 0.2395 10.0615
578 0.2413 11.0826
579 0.2431 11.6869
580 0.2449 12.0587
581 0.2467 11.9015
582 0.2485 10.8013
583 0.2503 9.68017
584 0.2521 8.5125
585 0.2539 7.14862
586 0.2557 5.7577
587 0.2575 4.4423
588 0.2593 3.22721
589 0.2611 2.28997
590 0.2629 1.53288
591 0.2647 0.987732
592 0.2665 0.624144
593 0.2683 0.370351
594 0.2701 0.217183
595 0.2719 0.121068
596 0.2737 0.0649055
597 0.2755 0.0335178
598 0.2773 0.0166251
599 0.2791 0.00792989
600 0.2809 0.00360617
601 0.2827 0.00159741
602 0.2845 0.000673364
603 0.2863 0.000279656
604 0.2881 0.000110559
605 0.2899 4.18638e-05
606 0.2917 1.53433e-05
607 0.2935 5.4229e-06
608 0.2953 1.87226e-06
609 0.2971 6.19403e-07
610 0.2989 1.99309e-07
611 0.3007 6.17411e-08
612 0.3025 1.87463e-08
613 0.3043 5.45844e-09
614 0.3061 1.53486e-09
615 0.3079 4.17442e-10
616 0.3097 1.08894e-10
617 0.3115 2.78792e-11
618 0.3133 6.90407e-12
619 0.3151 1.65293e-12
620 0.3169 3.90655e-13
621 0.3187 8.93602e-14
622 0.3205 1.98076e-14
623 0.3223 4.27338e-15
624 0.3241 9.0737e-16
625 0.3259 1.88558e-16
626 0.3277 3.77704e-17
627 0.3295 7.32162e-18
628 0.3313 1.35506e-18
629 0.3331 2.49782e-19
630 0.3349 4.49012e-20
631 0.3367 7.8635e-21
632 0.3385 1.34785e-21
633 0.3403 2.25678e-22
634 0.3421 3.72184e-23
635 0.3439 5.9414e-24
636 0.3457 9.33525e-25
637 0.3475 1.43751e-25
638 0.3493 2.1188e-26
639 0.3511 3.08022e-27
640 0.3529 4.40876e-28
641 0.3547 6.21886e-29
642 0.3565 8.53199e-30
643 0.3583 1.1478e-30
644 0.3601 1.50708e-31
645 0.3619 1.92551e-32
646 0.3637 2.43138e-33
647 0.3655 3.05882e-34
648 0.3673 3.72278e-35
649 0.3691 4.48862e-36
650 0.3709 5.30917e-37
651 0.3727 6.17533e-38
652 0.3745 7.08179e-39
653 0.3763 8.10166e-40
654 0.3781 9.05159e-41
655 0.3799 9.88666e-42
656 0.3817 1.06617e-42
657 0.3835 1.12993e-43
658 0.3853 1.17475e-44
659 0.3871 1.22083e-45
660 0.3889 1.24134e-46
661 0.3907 1.24085e-47
662 0.3925 1.25173e-48
663 0.3943 1.23911e-49
664 0.3961 1.18986e-50
665 0.3979 1.13286e-51
666 0.3997 1.07061e-52
667 0.4015 9.98209e-54
668 0.4033 9.27468e-55
669 0.4051 8.50577e-56
670 0.4069 7.6989e-57
671 0.4087 6.92752e-58
672 0.4105 6.15697e-59
673 0.4123 5.39074e-60
674 0.4141 4.6877e-61
675 0.4159 3.93409e-62
676 0.4177 3.3223e-63
677 0.4195 2.80371e-64
678 0.4213 2.33646e-65
679 0.4231 1.95367e-66
680 0.4249 1.59544e-67
681 0.4267 1.29108e-68
682 0.4285 1.04317e-69
683 0.4303 8.3779e-71
684 0.4321 6.68558e-72
685 0.4339 5.27809e-73
686 0.4357 4.16031e-74
687 0.4375 3.22558e-75
688 0.4393 2.50063e-76
689 0.4411 1.91305e-77
690 0.4429 1.45035e-78
691 0.4447 1.09799e-79
692 0.4465 8.23857e-81
693 0.4483 6.08763e-82
694 0.4501 4.52366e-83
695 0.4519 3.36474e-84
696 0.4537 2.4728e-85
697 0.4555 1.79638e-86
698 0.4573 1.2928e-87
699 0.4591 9.18964e-89
700 0.4609 6.47767e-90
701 0.4627 4.60021e-91
702 0.4645 3.24584e-92
703 0.4663 2.26212e-93
704 0.4681 1.58899e-94
705 0.4699 1.0988e-95
706 0.4717 7.5315e-97
707 0.4735 5.19433e-98
708 0.4753 3.55162e-99
709 0.4771 2.42047e-100
710 0.4789 1.62562e-101
711 0.4807 1.08496e-102
712 0.4825 7.32961e-104
713 0.4843 4.83604e-105
714 0.4861 3.21385e-106
715 0.4879 2.10483e-107
716 0.4897 1.37768e-108
717 0.4915 8.99366e-110
718 0.4933 5.84459e-111
719 0.4951 3.77583e-112
720 0.4969 2.42343e-113
721 0.4987 1.56249e-114
722 0.5005 9.9822e-116
723 0.5023 6.39332e-117
724 0.5041 4.07518e-118
725 0.5059 2.57373e-119
726 0.5077 1.61787e-120
727 0.5095 1.01523e-121
728 0.5113 6.33858e-123
729 0.5131 3.95013e-124
730 0.5149 2.43041e-125
731 0.5167 1.50109e-126
732 0.5185 9.22194e-128
733 0.5203 5.62981e-129
734 0.5221 3.44945e-130
735 0.5239 2.10068e-131
736 0.5257 1.2732e-132
737 0.5275 7.6433e-134
738 0.5293 4.5647e-135
739 0.5311 2.73031e-136
740 0.5329 1.64391e-137
741 0.5347 9.79154e-139
742 0.5365 5.78672e-140
743 0.5383 3.42324e-141
744 0.5401 2.03388e-142
745 0.5419 1.20352e-143
746 0.5437 7.07059e-145
747 0.5455 4.1392e-146
748 0.5473 2.41548e-147
749 0.5491 1.41074e-148
750 0.5509 8.21014e-150
751 0.5527 4.72663e-151
752 0.5545 2.7247e-152
753 0.5563 1.56981e-153
754 0.5581 8.94965e-155
755 0.5599 5.12831e-156
756 0.5617 2.92248e-157
757 0.5635 1.66063e-158
758 0.5653 9.4702e-160
759 0.5671 5.38398e-161
760 0.5689 3.01355e-162
761 0.5707 1.6976e-163
762 0.5725 9.64046e-165
763 0.5743 5.41761e-166
764 0.5761 3.03757e-167
765 0.5779 1.69255e-168
766 0.5797 9.383e-170
767 0.5815 5.21042e-171
768 0.5833 2.8813e-172
769 0.5851 1.585e-173
770 0.5869 8.75906e-175
771 0.5887 4.80309e-176
772 0.5905 2.61312e-177
773 0.5923 1.4211e-178
774 0.5941 7.75179e-180
775 0.5959 4.23223e-181
776 0.5977 2.29168e-182
777 0.5995 1.24685e-183
778 0.6013 6.72793e-185
779 0.6031 3.61972e-186
780 0.6049 1.95776e-187
781 0.6067 1.04846e-188
782 0.6085 5.6306e-190
783 0.6103 2.99722e-191
784 0.6121 1.59749e-192
785 0.6139 8.50959e-194
786 0.6157 4.52833e-195
787 0.6175 2.38982e-196
788 0.6193 1.26274e-197
789 0.6211 6.67693e-199
790 0.6229 3.5085e-200
791 0.6247 1.84466e-201
792 0.6265 9.68639e-203
793 0.6283 5.09663e-204
794 0.6301 2.65844e-205
795 0.6319 1.38352e-206
796 0.6337 7.17601e-208
797 0.6355 3.72203e-209
798 0.6373 1.92818e-210
799 0.6391 9.95104e-212
800 0.6409 5.12513e-213
801 0.6427 2.64237e-214
802 0.6445 1.36282e-215
803 0.6463 7.01596e-217
804 0.6481 3.5838e-218
805 0.6499 1.823e-219
806 0.6517 9.29358e-221
807 0.6535 4.72509e-222
808 0.6553 2.38959e-223
809 0.6571 1.21434e-224
810 0.6589 6.15502e-226
811 0.6607 3.11269e-227
812 0.6625 1.5731e-228
813 0.6643 7.93725e-230
814 0.6661 3.99611e-231
815 0.6679 2.00425e-232
816 0.6697 1e-233
817 0.6715 4.99173e-235
818 0.6733 2.49081e-236
819 0.6751 1.24523e-237
820 0.6769 6.22202e-239
821 0.6787 3.08416e-240
822 0.6805 1.5236e-241
823 0.6823 7.56e-243
824 0.6841 3.75129e-244
825 0.6859 1.86384e-245
826 0.6877 9.22233e-247
827 0.6895 4.54144e-248
828 0.6913 2.2438e-249
829 0.6931 1.10645e-250
830 0.6949 5.45676e-252
831 0.6967 2.68553e-253
832 0.6985 1.31443e-254
833 0.7003 6.39182e-256
834 0.7021 3.09821e-257
835 0.7039 1.5067e-258
836 0.7057 7.30305e-260
837 0.7075 3.55206e-261
838 0.7093 1.72475e-262
839 0.7111 8.34394e-264
840 0.7129 4.03921e-265
841 0.7147 1.94923e-266
842 0.7165 9.32706e-268
843 0.7183 4.50109e-269
844 0.7201 2.15345e-270
845 0.7219 1.03316e-271
846 0.7237 4.94441e-273
847 0.7255 2.35621e-274
848 0.7273 1.12157e-275
849 0.7291 5.35964e-277
850 0.7309 2.55263e-278
851 0.7327 1.21275e-279
852 0.7345 5.75757e-281
853 0.7363 2.73532e-282
854 0.7381 1.29035e-283
855 0.7399 6.09752e-285
856 0.7417 2.87461e-286
857 0.7435 1.35315e-287
858 0.7453 6.32514e-289
859 0.7471 2.97543e-290
860 0.7489 1.39859e-291
861 0.7507 6.59032e-293
862 0.7525 3.09525e-294
863 0.7543 1.45213e-295
864 0.7561 6.77816e-297
865 0.7579 3.15312e-298
866 0.7597 1.46759e-299
867 0.7615 6.8094e-301
868 0.7633 3.16194e-302
869 0.7651 1.47228e-303
870 0.7669 6.79885e-305
871 0.7687 3.1408e-306
872 0.7705 1.45573e-307
873 0.7723 6.72164e-309
874 0.7741 3.11531e-310
875 0.7759 1.43247e-311
876 0.7777 6.59935e-313
877 0.7795 3.02958e-314
878 0.7813 1.38754e-315
879 0.7831 6.34243e-317
880 0.7849 2.89852e-318
881 0.7867 1.31752e-319
882 0.7885 5.48907e-321
883 0.7903 0
884 0.7921 0
885 0.7939 0
886 0.7957 0
887 0.7975 0
888 0.7993 0
889 0.8011 0
890 0.8029 0
891 0.8047 0
892 0.8065 0
893 0.8083 0
894 0.8101 0
895 0.8119 0
896 0.8137 0
897 0.8155 0
898 0.8173 0
899 0.8191 0
900 0.8209 0
901 0.8227 0
902 0.8245 0
903 0.8263 0
904 0.8281 0
905 0.8299 0
906 0.8317 0
907 0.8335 0
908 0.8353 0
909 0.8371 0
910 0.8389 0
911 0.8407 0
912 0.8425 0
913 0.8443 0
914 0.8461 0
915 0.8479 0
916 0.8497 0
917 0.8515 0
918 0.8533 0
919 0.8551 0
920 0.8569 0
921 0.8587 0
922 0.8605 0
923 0.8623 0
924 0.8641 0
925 0.8659 0
926 0.8677 0
927 0.8695 0
928 0.8713 0
929 0.8731 0
930 0.8749 0
931 0.8767 0
932 0.8785 0
933 0.8803 0
934 0.8821 0
935 0.8839 0
936 0.8857 0
937 0.8875 0
938 0.8893 0
939 0.8911 0
940 0.8929 0
941 0.8947 0
942 0.8965 0
943 0.8983 0
944 0.9001 0
945 0.9019 0
946 0.9037 0
947 0.9055 0
948 0.9073 0
949 0.9091 0
950 0.9109 0
951 0.9127 0
952 0.9145 0
953 0.9163 0
954 0.9181 0
955 0.9199 0
956 0.9217 0
957 0.9235 0
958 0.9253 0
959 0.9271 0
960 0.9289 0
961 0.9307 0
962 0.9325 0
963 0.9343 0
964 0.9361 0
965 0.9379 0
966 0.9397 0
967 0.9415 0
968 0.9433 0
969 0.9451 0
970 0.9469 0
971 0.9487 0
972 0.9505 0
973 0.9523 0
974 0.9541 0
975 0.9559 0
976 0.9577 0
977 0.9595 0
978 0.9613 0
979 0.9631 0
980 0.9649 0
981 0.9667 0
982 0.9685 0
983 0.9703 0
984 0.9721 0
985 0.9739 0
986 0.9757 0
987 0.9775 0
988 0.9793 0
989 0.9811 0
990 0.9829 0
991 0.9847 0
992 0.9865 0
993 0.9883 0
994 0.9901 0
995 0.9919 0
996 0.9937 0
997 0.9955 0
998 0.9973 0
999 0.9991 0
