50.0 0.0 -0.7091 0.0 8.709186e-109 2.3339801268384446e-109 
51.0 0.0 -0.7073 0.0 1.386906e-105 3.5698222686962997e-106 
52.0 0.0 -0.7055 0.0 1.5558859999999998e-102 3.787746641326477e-103 
53.0 0.0 -0.7037 0.0 1.5490019999999998e-99 3.801378727819685e-100 
54.0 0.0 -0.7019 0.0 1.1964840000000001e-96 2.819958938225873e-97 
55.0 0.0 -0.7001 0.0 8.529451999999999e-94 1.9696482158403835e-94 
56.0 0.0 -0.6983 0.0 4.8679419999999997e-91 1.1336447203825368e-91 
57.0 0.0 -0.6965 3.332000937312528e-09 2.4099398e-88 4.791429028555385e-89 
58.0 0.0 -0.6947 0.0 1.0790802e-85 1.3275997563434544e-86 
59.0 0.0 -0.6929 3.332000937312528e-09 3.874498e-83 2.2744281245887015e-84 
60.0 0.0 -0.6911 3.332000937312528e-09 1.0664081999999999e-80 8.97716684627844e-82 
61.0 0.0 -0.6893 0.0 2.838964e-78 1.6028456468668488e-79 
62.0 0.0 -0.6875 0.0 6.294814e-76 2.3359418127341838e-77 
63.0 0.0 -0.6857 0.0 1.197674e-73 4.798397854284293e-75 
64.0 0.0 -0.6839 0.0 2.094792e-71 1.253837226245894e-72 
65.0 0.0 -0.6821 0.0 2.964164e-69 1.984883772637585e-70 
66.0 0.0 -0.6803 3.332000937312528e-09 3.5405199999999996e-67 1.8293655243280454e-68 
67.0 0.0 -0.6785 3.332000937312528e-09 3.9616299999999995e-65 3.1170897007304866e-66 
68.0 0.0 -0.6767 0.0 4.0273999999999995e-63 4.395078490311639e-64 
69.0 0.0 -0.6749 3.332000937312528e-09 3.544528e-61 4.439573015541022e-62 
70.0 0.0 -0.6731 0.0 2.7678959999999998e-59 3.836292195190563e-60 
71.0 0.0 -0.6713 0.0 2.06966e-57 4.196999932999762e-58 
72.0 0.0 -0.6695 3.332000937312528e-09 1.2252318e-55 2.232502113744845e-56 
73.0 0.0 -0.6677 3.332000937312528e-09 7.047862e-54 1.327547994011215e-54 
74.0 0.0 -0.6659 0.0 3.376742e-52 5.742584009966248e-53 
75.0 0.0 -0.6641 0.0 1.479148e-50 2.113045415394568e-51 
76.0 0.0 -0.6623 3.332000937312528e-09 5.879960000000001e-49 7.347598515814523e-50 
77.0 0.0 -0.6605 0.0 2.132202e-47 2.499210714029535e-48 
78.0 0.0 -0.6587 3.332000937312528e-09 7.003022000000001e-46 7.390374740127857e-47 
79.0 0.0 -0.6569 0.0 2.1388399999999998e-44 2.1627704775125885e-45 
80.0 0.0 -0.6551 3.332000937312528e-09 5.872877999999999e-43 4.755206589362882e-44 
81.0 0.0 -0.6533 0.0 1.5594499999999999e-41 1.7897937018550526e-42 
82.0 0.0 -0.6515 0.0 3.737842e-40 4.714417974800279e-41 
83.0 0.0 -0.6497 0.0 7.975054e-39 8.768609718654389e-40 
84.0 0.0 -0.6479 0.0 1.5591759999999999e-37 1.5019873561651615e-38 
85.0 0.0 -0.6461 0.0 2.8721960000000003e-36 2.6399255205554455e-37 
86.0 0.0 -0.6443 3.332000937312528e-09 5.01377e-35 5.931828932125405e-36 
87.0 0.0 -0.6425 0.0 7.848766e-34 7.957065643745782e-35 
88.0 0.0 -0.6407 0.0 1.1945190000000001e-32 1.4075308286783615e-33 
89.0 0.0 -0.6389 0.0 1.6119759999999996e-31 1.6861501808795166e-32 
90.0 0.0 -0.6371 0.0 2.0694600000000002e-30 2.1790039190419046e-31 
91.0 0.0 -0.6353 0.0 2.495078e-29 2.5870149226318786e-30 
92.0 0.0 -0.6335 0.0 2.7719160000000004e-28 2.6139258484662395e-29 
93.0 0.0 -0.6317 0.0 2.872358e-27 2.330961289322498e-28 
94.0 0.0 -0.6299 0.0 2.8233199999999995e-26 2.1531209305564014e-27 
95.0 0.0 -0.6281 0.0 2.631496e-25 1.992989391361624e-26 
96.0 0.0 -0.6263 0.0 2.303254e-24 1.640182159298159e-25 
97.0 0.0 -0.6245 0.0 1.905076e-23 1.2121503730478313e-24 
98.0 0.0 -0.6227 0.0 1.4740220000000001e-22 7.90651328665168e-24 
99.0 0.0 -0.6209 0.0 1.0845023999999999e-21 5.124433286723565e-23 
100.0 0.0 -0.6191 0.0 7.652164000000001e-21 3.287113013037388e-22 
101.0 0.0 -0.6173 0.0 5.1200340000000003e-20 2.500207373095281e-21 
102.0 0.0 -0.6155 0.0 3.230058e-19 1.4442541087772787e-20 
103.0 0.0 -0.6137 0.0 1.958518e-18 1.0093070693896858e-19 
104.0 0.0 -0.6119 0.0 1.1182969999999999e-17 4.907734523382515e-19 
105.0 0.0 -0.6101 0.0 6.150774e-17 3.0005874780249298e-18 
106.0 0.0 -0.6083 0.0 3.2167220000000006e-16 1.7174548875356177e-17 
107.0 0.0 -0.6065 0.0 1.5832499999999998e-15 7.802336870451093e-17 
108.0 0.0 -0.6047 0.0 7.42889e-15 3.489177558336581e-16 
109.0 0.0 -0.6029 0.0 3.368324e-14 1.4625138592437359e-15 
110.0 0.0 -0.6011 0.0 1.4604939999999998e-13 6.145033230829716e-15 
111.0 0.0 -0.5993 0.0 6.091924e-13 2.7149598814862543e-14 
112.0 0.0 -0.5975 0.0 2.424488e-12 1.1669903716483632e-13 
113.0 0.0 -0.5957 0.0 9.295468e-12 4.5448124769587226e-13 
114.0 0.0 -0.5939 0.0 3.398576e-11 1.4375860707728256e-12 
115.0 0.0 -0.5921 0.0 1.193448e-10 4.0948667905073315e-12 
116.0 0.0 -0.5903 0.0 4.0645279999999994e-10 1.3207613075495927e-11 
117.0 0.0 -0.5885 0.0 1.313146e-09 3.827022002549826e-11 
118.0 0.0 -0.5867 0.0 4.131528e-09 1.1628788760313591e-10 
119.0 0.0 -0.5849 0.0 1.2571220000000001e-08 4.0106662728278993e-10 
120.0 0.0 -0.5831 0.0 3.696326e-08 1.2706533244280298e-09 
121.0 0.0 -0.5813 0.0 1.0414332e-07 3.433869947729536e-09 
122.0 0.0 -0.5795 0.0 2.875814e-07 1.1941731028959007e-08 
123.0 0.0 -0.5777 0.0 7.629163999999999e-07 3.213686989562039e-08 
124.0 0.0 -0.5759 0.0 1.95505e-06 8.051424907430892e-08 
125.0 0.0 -0.5741 0.0 4.845718000000001e-06 2.0115824760421582e-07 
126.0 0.0 -0.5723 0.0 1.1717659999999999e-05 5.153566955808431e-07 
127.0 0.0 -0.5705 0.0 2.7415940000000002e-05 1.3209046901574732e-06 
128.0 0.0 -0.5687 0.0 6.201104e-05 2.8625049482716827e-06 
129.0 0.0 -0.5669 0.0 0.0001359744 6.0512827572341945e-06 
130.0 0.0 -0.5651 0.0 0.000291011 1.3441555683774183e-05 
131.0 0.0 -0.5633 0.0 0.0005979436000000001 2.4156337431986497e-05 
132.0 0.0 -0.5615 0.0 0.001203816 4.6680019674375214e-05 
133.0 0.0 -0.5597 0.0 0.0023504539999999997 0.00010639921720013 
134.0 0.0 -0.5579 0.0 0.004478564 0.00017783740420057893 
135.0 0.0 -0.5561 0.0 0.008340396 0.0003409943759254753 
136.0 0.0 -0.5543 0.0 0.015153179999999999 0.0006369643483900858 
137.0 0.0 -0.5525 0.0 0.026832259999999997 0.0010746177919986328 
138.0 0.0 -0.5507 0.0 0.04630338 0.002144258966151265 
139.0 0.0 -0.5489 0.0 0.07776366 0.003584736234715188 
140.0 0.0 -0.5471 0.0 0.1269056 0.005684593323009066 
141.0 0.0 -0.5453 0.0 0.20344639999999997 0.009496683301448022 
142.0 0.0 -0.5435 0.0 0.3158922 0.013888068915151399 
143.0 0.0 -0.5417 0.0 0.47707639999999996 0.01783315445702211 
144.0 0.0 -0.5399 0.0 0.7134862 0.027066921316470732 
145.0 0.0 -0.5381 0.0 1.0270576000000002 0.03190589523031637 
146.0 0.0 -0.5363 0.0 1.46585 0.04702059438161041 
147.0 0.0 -0.5345 0.0 2.042128 0.06982397836846638 
148.0 0.0 -0.5327 0.0 2.7872120000000002 0.0896296750590994 
149.0 0.0 -0.5309 0.0 3.688476 0.09234188655642518 
150.0 0.0 -0.5291 0.0 4.810366 0.10718398919987995 
151.0 0.0 -0.5273 0.0 6.14775 0.12195310518391259 
152.0 0.0 -0.5255 0.0 7.716936 0.10863595959350461 
153.0 0.0 -0.5237 0.0 9.519644 0.12308470090471144 
154.0 0.0 -0.5219 0.0 11.628739999999999 0.16633058311689947 
155.0 0.0 -0.5201 0.0 13.697040000000001 0.1580849913179351 
156.0 0.0 -0.5183 0.0 16.037740000000003 0.17487022754025716 
157.0 0.0 -0.5165 0.0 18.33894 0.21983657493693387 
158.0 0.0 -0.5147 0.0 20.34634 0.07301407864229274 
159.0 0.0 -0.5129 0.0 22.33436 0.047579496424473074 
160.0 0.0 -0.5111 0.0 24.223599999999998 0.06375570249013772 
161.0 0.0 -0.5093 0.0 25.74036 0.14115845451125242 
162.0 0.0 -0.5075 0.0 26.9175 0.146115951216849 
163.0 0.0 -0.5057 0.0 27.69216 0.10354448937529588 
164.0 0.0 -0.5039 0.0 27.924439999999997 0.2237607679644184 
165.0 0.0 -0.5021 0.0 27.90562 0.18612131828456832 
166.0 0.0 -0.5003 0.0 27.16748 0.2561147046149336 
167.0 0.0 -0.49850000000000005 4.080851059445486e-09 26.326300000000003 0.1454367298860403 
168.0 0.0 -0.4967 0.0 25.21348 0.12108752999380218 
169.0 0.0 -0.4949 0.0 23.5923 0.10477802059585198 
170.0 0.0 -0.4931 0.0 21.67848 0.13968579999414668 
171.0 0.0 -0.4913 0.0 19.7519 0.12992877741289577 
172.0 0.0 -0.48949999999999994 3.332000937312528e-09 17.631359999999997 0.13670354377269858 
173.0 0.0 -0.4877000000000001 4.080851059445486e-09 15.68228 0.037683326817062775 
174.0 0.0 -0.4859 2.356080457693621e-09 13.609440000000001 0.053226945055986095 
175.0 0.0 -0.4840999999999999 2.356080457693621e-09 11.684800000000001 0.04524024756779243 
176.0 0.0 -0.48230000000000006 2.356080457693621e-09 9.867136 0.03579710453096558 
177.0 0.0 -0.4805 2.356080457693621e-09 8.277584000000001 0.03261530261698753 
178.0 0.0 -0.4787 0.0 6.828368 0.02592069218211428 
179.0 0.0 -0.4769 0.0 5.531096 0.015414761652414948 
180.0 0.0 -0.4751 0.0 4.403424 0.0283968827303186 
181.0 0.0 -0.47329999999999994 2.356080457693621e-09 3.502956 0.01470783644182851 
182.0 0.0 -0.4715 2.356080457693621e-09 2.718856 0.020611991189587373 
183.0 0.0 -0.4697 0.0 2.097782 0.02113452330193307 
184.0 0.0 -0.46790000000000004 4.080851059445486e-09 1.59795 0.015825150362634877 
185.0 0.0 -0.46610000000000007 2.356080457693621e-09 1.21311 0.007872324688428061 
186.0 0.0 -0.4643 0.0 0.8973834 0.008317945903166249 
187.0 0.0 -0.4625 0.0 0.6605960000000001 0.006773461933160688 
188.0 0.0 -0.4607 0.0 0.48160700000000006 0.002733464468396942 
189.0 0.0 -0.4589 0.0 0.3474488 0.0014578958371565288 
190.0 0.0 -0.45709999999999995 2.356080457693621e-09 0.2454386 0.0014837793798266965 
191.0 0.0 -0.4553 2.356080457693621e-09 0.1721868 0.0005359742829655566 
192.0 0.0 -0.4535 2.356080457693621e-09 0.1191184 0.0008696205425359135 
193.0 0.0 -0.45169999999999993 3.332000937312528e-09 0.081755 0.0005946861565564962 
194.0 0.0 -0.4499000000000001 3.332000937312528e-09 0.05503097999999999 0.0005890555861037833 
195.0 0.0 -0.4481 0.0 0.03705236 0.0004429185646143203 
196.0 0.0 -0.44630000000000003 3.332000937312528e-09 0.02447584 0.000321722699976287 
197.0 0.0 -0.4445 0.0 0.0161023 0.00023596036107787296 
198.0 0.0 -0.4427 0.0 0.010486294 0.0001274712037630568 
199.0 0.0 -0.44089999999999996 2.356080457693621e-09 0.00674695 8.998031695877008e-05 
200.0 0.0 -0.4391 0.0 0.004304676 4.9085185594026647e-05 
201.0 0.0 -0.4373 0.0 0.002718874 4.016189533376158e-05 
202.0 0.0 -0.43550000000000005 3.332000937312528e-09 0.00169534 2.29229385550796e-05 
203.0 0.0 -0.4337 0.0 0.0010513113999999998 1.387694816478468e-05 
204.0 0.0 -0.4319 0.0 0.00064871 5.682859667455643e-06 
205.0 0.0 -0.43010000000000004 3.332000937312528e-09 0.000392273 3.7194456468671823e-06 
206.0 0.0 -0.4283 0.0 0.00023645939999999998 1.888732180061963e-06 
207.0 0.0 -0.4265 0.0 0.0001405564 9.462755454940176e-07 
208.0 0.0 -0.42469999999999997 2.356080457693621e-09 8.282776000000001e-05 4.0581494462327886e-07 
209.0 0.0 -0.4229 0.0 4.8614100000000006e-05 3.048500838115683e-07 
210.0 0.0 -0.4210999999999999 3.332000937312528e-09 2.809286e-05 2.137995801679072e-07 
211.0 0.0 -0.41929999999999995 3.332000937312528e-09 1.6223960000000003e-05 1.0602842109535886e-07 
212.0 0.0 -0.4175 0.0 9.207524e-06 6.117724404383105e-08 
213.0 0.0 -0.4157 0.0 5.176456e-06 3.706726432850278e-08 
214.0 0.0 -0.41390000000000005 3.332000937312528e-09 2.903692e-06 2.1207911618067575e-08 
215.0 0.0 -0.4121 0.0 1.611586e-06 1.2304408835859148e-08 
216.0 0.0 -0.4103 0.0 8.854837999999999e-07 7.130011592697973e-09 
217.0 0.0 -0.4085 0.0 4.790875999999999e-07 4.895808350825777e-09 
218.0 0.0 -0.4067 0.0 2.5924039999999995e-07 2.6187645728478357e-09 
219.0 0.0 -0.4048999999999999 2.356080457693621e-09 1.397978e-07 1.0445067122806823e-09 
220.0 0.0 -0.40310000000000007 3.332000937312528e-09 7.384261999999999e-08 8.915150082417256e-10 
221.0 0.0 -0.4013 0.0 3.9102260000000005e-08 5.148437453052293e-10 
222.0 0.0 -0.3995 0.0 2.051746e-08 1.6856582239592542e-10 
223.0 0.0 -0.3977 0.0 1.066626e-08 7.291408972210856e-11 
224.0 0.0 -0.3959 0.0 5.506418000000001e-09 2.5762998490052312e-11 
225.0 0.0 -0.3941 0.0 2.81361e-09 1.429342310294278e-11 
226.0 0.0 -0.3923 0.0 1.4337300000000002e-09 8.063301060976202e-12 
227.0 0.0 -0.3905 0.0 7.24599e-10 2.801639619935216e-12 
228.0 0.0 -0.3887 0.0 3.6268839999999997e-10 1.588922215844479e-12 
229.0 0.0 -0.3869 0.0 1.7985439999999999e-10 1.2063689518561645e-12 
230.0 0.0 -0.3851 0.0 8.893916000000001e-11 5.803781529998604e-13 
231.0 0.0 -0.3833 0.0 4.325026000000001e-11 3.724354124944976e-13 
232.0 0.0 -0.3815 0.0 2.111204e-11 1.0660389711463297e-13 
233.0 0.0 -0.3797 0.0 1.0248619999999998e-11 5.828550008371373e-14 
234.0 0.0 -0.3779 0.0 4.9185580000000005e-12 2.435275087539969e-14 
235.0 0.0 -0.3761 0.0 2.343836e-12 1.3051546299192929e-14 
236.0 0.0 -0.3743 0.0 1.1107400000000002e-12 5.068749747216091e-15 
237.0 0.0 -0.3725 0.0 5.234356e-13 3.005038470302168e-15 
238.0 0.0 -0.3707 0.0 2.4392839999999994e-13 1.2733847054240758e-15 
239.0 0.0 -0.3689 0.0 1.135534e-13 2.751070482550702e-16 
240.0 0.0 -0.3671 0.0 5.2525060000000004e-14 1.815977568142252e-16 
241.0 0.0 -0.3653 0.0 2.40312e-14 1.1531108879888373e-16 
242.0 0.0 -0.3635 0.0 1.0940240000000001e-14 4.4332404401227594e-17 
243.0 0.0 -0.3617 0.0 4.959646000000001e-15 1.9734448378372896e-17 
244.0 0.0 -0.3599 0.0 2.2302320000000004e-15 1.319490489543566e-17 
245.0 0.0 -0.3581 0.0 9.989260000000002e-16 6.00831996484317e-18 
246.0 0.0 -0.3563 0.0 4.451622e-16 2.46612662124109e-18 
247.0 0.0 -0.3545 0.0 1.971328e-16 1.037757019731279e-18 
248.0 0.0 -0.3527 1.666000468656264e-09 8.644315999999999e-17 5.086497345720889e-19 
249.0 0.0 -0.3509 0.0 3.788072e-17 1.839665260856129e-19 
250.0 0.0 -0.3491 1.666000468656264e-09 1.6470340000000003e-17 6.533746612767026e-20 
251.0 0.0 -0.3473 1.666000468656264e-09 7.139172e-18 4.079626310339058e-20 
252.0 0.0 -0.3455 0.0 3.060706e-18 1.572193565690932e-20 
253.0 0.0 -0.3437 1.666000468656264e-09 1.30759e-18 8.841241089355186e-21 
254.0 0.0 -0.3419 1.666000468656264e-09 5.552600000000001e-19 4.507317845457111e-21 
255.0 0.0 -0.3401 0.0 2.336848e-19 2.0940787836179604e-21 
256.0 0.0 -0.3383 0.0 9.853966e-20 9.16741291575832e-22 
257.0 0.0 -0.3365 1.666000468656264e-09 4.12749e-20 3.1789994778228995e-22 
258.0 0.0 -0.3347 0.0 1.7278019999999997e-20 1.2641338030456652e-22 
259.0 0.0 -0.3329 1.666000468656264e-09 7.16755e-21 5.782913860676199e-23 
260.0 0.0 -0.3311 0.0 2.9549720000000004e-21 2.712355115392033e-23 
261.0 0.0 -0.3293 0.0 1.208436e-21 1.0818752460430777e-23 
262.0 0.0 -0.3275 0.0 4.923748e-22 4.749544503635916e-24 
263.0 0.0 -0.3257 0.0 1.9927980000000002e-22 2.1335429388690703e-24 
264.0 0.0 -0.3239 1.666000468656264e-09 8.051872e-23 7.764985210029776e-25 
265.0 0.0 -0.3221 1.666000468656264e-09 3.239906e-23 3.3020780681266244e-25 
266.0 0.0 -0.3203 0.0 1.29616e-23 1.2565269913535376e-25 
267.0 0.0 -0.3185 0.0 5.175934e-24 4.465768167740171e-26 
268.0 0.0 -0.3167 0.0 2.0465659999999997e-24 2.2372146361049973e-26 
269.0 0.0 -0.3149 0.0 8.075742e-25 8.134210591814753e-27 
270.0 0.0 -0.3131 0.0 3.173508e-25 3.541672163257823e-27 
271.0 0.0 -0.3113 0.0 1.240056e-25 1.7272036729926787e-27 
272.0 0.0 -0.3095 0.0 4.83256e-26 5.981694455586626e-28 
273.0 0.0 -0.3077 0.0 1.8742959999999997e-26 2.835709612778262e-28 
274.0 0.0 -0.3059 0.0 7.215792e-27 1.1719483809110598e-28 
275.0 0.0 -0.3041 0.0 2.769506e-27 4.6184932659905904e-29 
276.0 0.0 -0.3023 0.0 1.06553e-27 1.862489087216295e-29 
277.0 0.0 -0.3005 0.0 4.063612e-28 6.835483850614128e-30 
278.0 0.0 -0.2987 0.0 1.546418e-28 2.699913797142427e-30 
279.0 0.0 -0.2969 0.0 5.864892e-29 8.968403141695893e-31 
280.0 0.0 -0.2951 0.0 2.215794e-29 3.239317095932282e-31 
281.0 0.0 -0.2933 0.0 8.329787999999998e-30 1.2836020247414801e-31 
282.0 0.0 -0.2915 0.0 3.11521e-30 4.969779866351857e-32 
283.0 0.0 -0.2897 0.0 1.160194e-30 1.8910362577168697e-32 
284.0 0.0 -0.2879 0.0 4.330332e-31 5.992798901348073e-33 
285.0 0.0 -0.2861 0.0 1.6076540000000002e-31 2.293758079658607e-33 
286.0 0.0 -0.2843 0.0 5.924236e-32 8.060869087635042e-34 
287.0 0.0 -0.2825 0.0 2.181632e-32 3.2076771957288853e-34 
288.0 0.0 -0.2807 0.0 7.927258000000001e-33 1.1058009373841449e-34 
289.0 0.0 -0.2789 0.0 2.8930459999999998e-33 4.231127779682664e-35 
290.0 0.0 -0.2771 0.0 1.0547220000000001e-33 1.616520272684422e-35 
291.0 0.0 -0.2753 0.0 3.8246419999999997e-34 5.214382029733379e-36 
292.0 0.0 -0.2735 0.0 1.38843e-34 1.8633277972487992e-36 
293.0 0.0 -0.2717 0.0 4.997973999999999e-35 6.9907911575158464e-37 
294.0 0.0 -0.2699 0.0 1.8030039999999997e-35 2.3613731869402713e-37 
295.0 0.0 -0.2681 0.0 6.412204e-36 8.865850527050276e-38 
296.0 0.0 -0.2663 0.0 2.29336e-36 3.634697544500665e-38 
297.0 0.0 -0.2645 0.0 8.170148e-37 1.2505618744869785e-38 
298.0 0.0 -0.2627 0.0 2.898514e-37 5.006117334621614e-39 
299.0 0.0 -0.2609 0.0 1.029082e-37 1.7108434972258028e-39 
300.0 0.0 -0.2591 0.0 3.627294e-38 6.363919481577477e-40 
301.0 0.0 -0.2573 0.0 1.276764e-38 2.389625654365139e-40 
302.0 0.0 -0.2555 0.0 4.4865820000000004e-39 8.113190102049396e-41 
303.0 0.0 -0.2537 0.0 1.5734960000000002e-39 3.124941274327972e-41 
304.0 0.0 -0.2519 0.0 5.492294e-40 1.0239973834341325e-41 
305.0 0.0 -0.2501 0.0 1.915684e-40 3.469454315594792e-42 
306.0 0.0 -0.24830000000000002 1.666000468656264e-09 6.69469e-41 1.2581495745736917e-42 
307.0 0.0 -0.2465 0.0 2.3316079999999996e-41 3.991531389329531e-43 
308.0 0.0 -0.2447 1.1780402288468105e-09 8.060714e-42 1.5103596251489361e-43 
309.0 0.0 -0.24290000000000003 1.666000468656264e-09 2.781098e-42 5.559695246324044e-44 
310.0 0.0 -0.2411 0.0 9.571087999999999e-43 1.9935213087199032e-44 
311.0 0.0 -0.2393 1.1780402288468105e-09 3.289978e-43 6.905487570910387e-45 
312.0 0.0 -0.2375 1.1780402288468105e-09 1.127328e-43 2.6119605418152423e-45 
313.0 0.0 -0.23569999999999997 1.666000468656264e-09 3.873618e-44 8.641733221524222e-46 
314.0 0.0 -0.2339 1.1780402288468105e-09 1.32808e-44 2.834624800568682e-46 
315.0 0.0 -0.23210000000000003 1.666000468656264e-09 4.523478000000001e-45 1.0464791378330679e-46 
316.0 0.0 -0.2303 0.0 1.54363e-45 3.785433269785596e-47 
317.0 0.0 -0.2285 0.0 5.255004000000001e-46 1.3878538063066305e-47 
318.0 0.0 -0.22670000000000004 1.666000468656264e-09 1.791132e-46 4.551949924153425e-48 
319.0 0.0 -0.22489999999999996 1.666000468656264e-09 6.065936e-47 1.644733942642353e-48 
320.0 0.0 -0.2231 0.0 2.0561660000000002e-47 5.472893410984582e-49 
321.0 0.0 -0.2213 0.0 7.002336000000001e-48 1.6885805737600237e-49 
322.0 0.0 -0.21949999999999997 1.666000468656264e-09 2.378882e-48 5.304066035788042e-50 
323.0 0.0 -0.2177 0.0 8.029448000000001e-49 1.8747466385407156e-50 
324.0 0.0 -0.21590000000000004 1.666000468656264e-09 2.702604e-49 6.711390106975068e-51 
325.0 0.0 -0.2141 0.0 9.131708e-50 2.17333900151821e-51 
326.0 0.0 -0.2123 0.0 3.081452e-50 7.787938409617513e-52 
327.0 0.0 -0.2105 0.0 1.0380544000000001e-50 2.5664130768993593e-52 
328.0 0.0 -0.20869999999999997 1.666000468656264e-09 3.478466e-51 8.98386930715274e-53 
329.0 0.0 -0.2069 0.0 1.169776e-51 2.9472165933299723e-53 
330.0 0.0 -0.2051 0.0 3.90481e-52 1.12173765774361e-53 
331.0 0.0 -0.20329999999999998 1.1780402288468105e-09 1.30662e-52 4.059304886307515e-54 
332.0 0.0 -0.2015 0.0 4.397954e-53 1.3148344359956508e-54 
333.0 0.0 -0.1997 0.0 1.47684e-53 4.247426354864747e-55 
334.0 0.0 -0.1979 0.0 4.92442e-54 1.5593541337361473e-55 
335.0 0.0 -0.1961 0.0 1.6474480000000002e-54 5.42671503876872e-56 
336.0 0.0 -0.1943 0.0 5.520094e-55 1.7650915893743362e-56 
337.0 0.0 -0.1925 0.0 1.8425600000000002e-55 5.935978881363995e-57 
338.0 0.0 -0.1907 0.0 6.14816e-56 2.1003369556334957e-57 
339.0 0.0 -0.1889 0.0 2.039476e-56 7.45642426153455e-58 
340.0 0.0 -0.1871 0.0 6.82673e-57 2.4750928486826317e-58 
341.0 0.0 -0.1853 0.0 2.2948720000000003e-57 8.065988000982713e-59 
342.0 0.0 -0.1835 0.0 7.725286e-58 2.5890349922084997e-59 
343.0 0.0 -0.1817 0.0 2.592958e-58 8.990344595842677e-60 
344.0 0.0 -0.1799 0.0 8.649196e-59 3.189983978216796e-60 
345.0 0.0 -0.1781 0.0 2.8933799999999998e-59 1.0356571815036229e-60 
346.0 0.0 -0.1763 0.0 9.703436e-60 3.606118941754408e-61 
347.0 0.0 -0.1745 0.0 3.246688e-60 1.2313909343177734e-61 
348.0 0.0 -0.1727 0.0 1.0865820000000001e-60 3.979761313445793e-62 
349.0 0.0 -0.1709 0.0 3.677134e-61 1.3252891414631022e-62 
350.0 0.0 -0.1691 8.33000234328132e-10 1.232444e-61 4.4825966100018546e-63 
351.0 0.0 -0.1673 0.0 4.161262000000001e-62 1.5006165363342327e-63 
352.0 0.0 -0.1655 8.33000234328132e-10 1.4068319999999998e-62 5.041197218122007e-64 
353.0 0.0 -0.1637 0.0 4.729212e-63 1.703234895462165e-64 
354.0 0.0 -0.1619 0.0 1.595142e-63 6.007283348735946e-65 
355.0 0.0 -0.1601 8.33000234328132e-10 5.4237240000000004e-64 2.0352607712231577e-65 
356.0 0.0 -0.1583 0.0 1.851776e-64 6.534427005330993e-66 
357.0 0.0 -0.1565 0.0 6.298854e-65 2.13550369563715e-66 
358.0 0.0 -0.1547 0.0 2.154804e-65 6.982748986466565e-67 
359.0 0.0 -0.1529 0.0 7.322224000000001e-66 2.5555093242013244e-67 
360.0 0.0 -0.1511 0.0 2.52389e-66 8.569599453883435e-68 
361.0 0.0 -0.1493 0.0 8.69111e-67 2.790251967403639e-68 
362.0 0.0 -0.1475 0.0 3.002962e-67 8.680555974820872e-69 
363.0 0.0 -0.1457 0.0 1.0409214e-67 2.663319642791719e-69 
364.0 0.0 -0.1439 0.0 3.581226e-68 9.586045764964637e-70 
365.0 0.0 -0.1421 0.0 1.239866e-68 3.456179435156725e-70 
366.0 0.0 -0.1403 0.0 4.325056e-69 1.2290642888311431e-70 
367.0 0.0 -0.1385 0.0 1.504394e-69 4.467556339655911e-71 
368.0 0.0 -0.1367 0.0 5.275342e-70 1.488501226442191e-71 
369.0 0.0 -0.1349 0.0 1.8672759999999998e-70 4.89338515631077e-72 
370.0 0.0 -0.1331 0.0 6.56805e-71 1.7342340958475308e-72 
371.0 0.0 -0.1313 0.0 2.34308e-71 5.174874993659512e-73 
372.0 0.0 -0.1295 0.0 8.381243999999999e-72 1.8443300365391202e-73 
373.0 0.0 -0.1277 0.0 2.9822180000000003e-72 6.5312888430993745e-74 
374.0 0.0 -0.1259 0.0 1.074584e-72 2.0618108662046723e-74 
375.0 0.0 -0.12410000000000002 8.33000234328132e-10 3.8663819999999995e-73 8.654310525513253e-75 
376.0 0.0 -0.1223 0.0 1.400218e-73 3.044897363130655e-75 
377.0 0.0 -0.12050000000000001 8.33000234328132e-10 5.068582e-74 1.167871799950637e-75 
378.0 0.0 -0.1187 5.890201144234053e-10 1.846374e-74 4.603015538535688e-76 
379.0 0.0 -0.1169 5.890201144234053e-10 6.772380000000001e-75 1.6512114156581605e-76 
380.0 0.0 -0.11510000000000001 5.890201144234053e-10 2.482546e-75 6.545275185047605e-77 
381.0 0.0 -0.1133 0.0 9.138726e-76 2.3697206428775643e-77 
382.0 0.0 -0.1115 0.0 3.391268e-76 9.067099410064983e-78 
383.0 0.0 -0.10969999999999999 5.890201144234053e-10 1.272476e-76 3.4878683988935413e-78 
384.0 0.0 -0.1079 0.0 4.772852e-77 1.198744111943812e-78 
385.0 0.0 -0.1061 0.0 1.7961639999999998e-77 4.577057470471657e-79 
386.0 0.0 -0.10430000000000002 8.33000234328132e-10 6.838924e-78 1.6498743432394467e-79 
387.0 0.0 -0.1025 0.0 2.60513e-78 6.187716573987322e-80 
388.0 0.0 -0.10069999999999998 8.33000234328132e-10 9.963280000000001e-79 2.485717410809208e-80 
389.0 0.0 -0.0989 0.0 3.8532059999999997e-79 9.85469400681751e-81 
390.0 0.0 -0.0971 0.0 1.499782e-79 3.589386236113576e-81 
391.0 0.0 -0.0953 0.0 5.84636e-80 1.429643654062089e-81 
392.0 0.0 -0.0935 0.0 2.3088759999999996e-80 5.264441961689986e-82 
393.0 0.0 -0.0917 0.0 9.107258e-81 2.0147880488825732e-82 
394.0 0.0 -0.0899 0.0 3.628904e-81 8.052976535915467e-83 
395.0 0.0 -0.0881 0.0 1.459904e-81 3.592754315006651e-83 
396.0 0.0 -0.0863 0.0 5.900852e-82 1.4625745454915929e-83 
397.0 0.0 -0.0845 0.0 2.39435e-82 5.973774672683859e-84 
398.0 0.0 -0.0827 0.0 9.840571999999999e-83 2.6310501589137416e-84 
399.0 0.0 -0.0809 0.0 4.046328e-83 1.1661211667404044e-84 
400.0 0.0 -0.0791 4.16500117164066e-10 1.6870719999999997e-83 4.81862126671121e-85 
401.0 0.0 -0.0773 0.0 7.084922000000001e-84 2.0901478970445233e-85 
402.0 0.0 -0.0755 0.0 3.0003700000000002e-84 9.572576861012835e-86 
403.0 0.0 -0.0737 0.0 1.2844859999999998e-84 4.4105280917368756e-86 
404.0 0.0 -0.0719 0.0 5.550924e-85 2.009556336428547e-86 
405.0 0.0 -0.0701 0.0 2.397528e-85 8.824825634084678e-87 
406.0 0.0 -0.0683 0.0 1.0513916e-85 4.0050209133636557e-87 
407.0 0.0 -0.0665 0.0 4.62249e-86 1.863147122478503e-87 
408.0 0.0 -0.0647 0.0 2.060246e-86 8.997373041504863e-88 
409.0 0.0 -0.0629 0.0 9.383132e-87 4.406312722937396e-88 
410.0 0.0 -0.0611 2.9451005721170263e-10 4.290342e-87 2.1051518003982648e-88 
411.0 0.0 -0.0593 0.0 1.981084e-87 1.0108610628963779e-88 
412.0 0.0 -0.05750000000000001 4.16500117164066e-10 9.201229999999999e-88 4.868240795523595e-89 
413.0 0.0 -0.05569999999999999 4.16500117164066e-10 4.3040120000000004e-88 2.3503234113457533e-89 
414.0 0.0 -0.0539 0.0 2.053638e-88 1.1985324944781476e-89 
415.0 0.0 -0.0521 0.0 9.869860000000001e-89 6.090975728994462e-90 
416.0 0.0 -0.0503 0.0 4.774732e-89 3.016012404006332e-90 
417.0 0.0 -0.0485 0.0 2.356694e-89 1.5960777679298724e-90 
418.0 0.0 -0.0467 0.0 1.170289e-89 8.273934401963828e-91 
419.0 0.0 -0.0449 0.0 5.8471400000000006e-90 4.180859295886424e-91 
420.0 0.0 -0.0431 2.08250058582033e-10 2.971098e-90 2.209092211638079e-91 
421.0 0.0 -0.0413 0.0 1.528448e-90 1.1403265782748387e-91 
422.0 0.0 -0.0395 0.0 7.903026000000001e-91 5.8207549483275626e-92 
423.0 0.0 -0.0377 0.0 4.124524e-91 3.1045487402326236e-92 
424.0 0.0 -0.0359 0.0 2.1841979999999999e-91 1.6315947130093318e-92 
425.0 0.0 -0.0341 0.0 1.1764314000000001e-91 8.713271801549595e-93 
426.0 0.0 -0.0323 0.0 6.455914000000001e-92 4.956728236294575e-93 
427.0 0.0 -0.0305 0.0 3.5451979999999997e-92 2.755534052251947e-93 
428.0 0.0 -0.028699999999999996 2.08250058582033e-10 1.9875220000000003e-92 1.5473741094900016e-93 
429.0 0.0 -0.0269 0.0 1.1289668e-92 9.304413534335167e-94 
430.0 0.0 -0.0251 0.0 6.489514e-93 5.375355754373835e-94 
431.0 0.0 -0.0233 0.0 3.8009259999999996e-93 3.3334104120075105e-94 
432.0 0.0 -0.0215 1.041250292910165e-10 2.2469240000000002e-93 1.9554218316465635e-94 
433.0 0.0 -0.0197 0.0 1.3481308e-93 1.1963199321465768e-94 
434.0 0.0 -0.0179 0.0 8.224052000000002e-94 7.282390849131862e-95 
435.0 0.0 -0.0161 0.0 5.05878e-94 4.3840591646555193e-95 
436.0 0.0 -0.014300000000000002 7.362751430292566e-11 3.185616e-94 2.8909181714604046e-95 
437.0 0.0 -0.0125 0.0 2.026314e-94 1.8476281549272837e-95 
438.0 0.0 -0.0107 5.206251464550825e-11 1.3101426e-94 1.1624387398830126e-95 
439.0 0.0 -0.0089 0.0 8.628631999999999e-95 7.69541122692742e-96 
440.0 0.0 -0.0071 0.0 5.767285999999999e-95 5.077188102215652e-96 
441.0 0.0 -0.0053 0.0 3.923328e-95 3.409281838088498e-96 
442.0 0.0 -0.0035000000000000005 0.0 2.7056759999999998e-95 2.3734399989213976e-96 
443.0 0.0 -0.0016999999999999997 1.3015628661377062e-11 1.91212e-95 1.7051519282456889e-96 
444.0 0.0 0.0001 0.0 1.3701796e-95 1.2032719030430322e-96 
445.0 0.0 0.0019 0.0 9.912684e-96 8.529584194067158e-97 
446.0 0.0 0.0037000000000000006 1.8406878575731415e-11 7.321166e-96 5.849064018223776e-97 
447.0 0.0 0.0055 0.0 5.527957999999999e-96 4.307810571545609e-97 
448.0 0.0 0.007299999999999999 5.206251464550825e-11 4.222226e-96 3.074076663533312e-97 
449.0 0.0 0.0091 0.0 3.294366e-96 2.2145371553622684e-97 
450.0 0.0 0.0109 5.206251464550825e-11 2.645482e-96 1.7439579482086114e-97 
451.0 0.0 0.0127 0.0 2.15875e-96 1.373124570605303e-97 
452.0 0.0 0.014500000000000002 1.041250292910165e-10 1.80085e-96 1.1112298602899352e-97 
453.0 0.0 0.0163 0.0 1.528334e-96 8.840918027444948e-98 
454.0 0.0 0.0181 0.0 1.331724e-96 8.028397651337387e-98 
455.0 0.0 0.0199 0.0 1.1769054e-96 6.661065139546421e-98 
456.0 0.0 0.0217 0.0 1.0592730000000001e-96 5.6105854128780097e-98 
457.0 0.0 0.0235 0.0 9.798215999999998e-97 4.8893583316096555e-98 
458.0 0.0 0.0253 0.0 9.293760000000001e-97 4.6954072998196366e-98 
459.0 0.0 0.027100000000000003 2.08250058582033e-10 8.992734000000001e-97 4.417428951378822e-98 
460.0 0.0 0.0289 0.0 8.904991999999999e-97 4.364119463571116e-98 
461.0 0.0 0.030699999999999998 2.08250058582033e-10 8.977594e-97 4.50171827120266e-98 
462.0 0.0 0.0325 0.0 9.284108000000002e-97 4.995438114231759e-98 
463.0 0.0 0.0343 0.0 9.781382000000001e-97 5.592569327126784e-98 
464.0 0.0 0.0361 0.0 1.0754608e-96 7.086932108403519e-98 
465.0 0.0 0.0379 0.0 1.2046462e-96 9.366585272100009e-98 
466.0 0.0 0.0397 0.0 1.3636659999999999e-96 1.1288900341840215e-97 
467.0 0.0 0.0415 0.0 1.5873480000000001e-96 1.4400495631470438e-97 
468.0 0.0 0.0433 0.0 1.8972e-96 1.8644480540900027e-97 
469.0 0.0 0.0451 0.0 2.333148e-96 2.5432324319102283e-97 
470.0 0.0 0.0469 0.0 2.948886e-96 3.479672558802049e-97 
471.0 0.0 0.0487 0.0 3.831545999999999e-96 5.119679848318647e-97 
472.0 0.0 0.0505 0.0 5.0469499999999995e-96 7.132302785552516e-97 
473.0 0.0 0.0523 0.0 6.8822500000000005e-96 1.0344218760486452e-96 
474.0 0.0 0.0541 0.0 9.575236e-96 1.5206591061447005e-96 
475.0 0.0 0.05589999999999999 4.16500117164066e-10 1.3493164e-95 2.0996102601951623e-96 
476.0 0.0 0.057699999999999994 2.9451005721170263e-10 1.9578120000000003e-95 3.1143891098448147e-96 
477.0 0.0 0.0595 0.0 2.9169460000000003e-95 4.713595172655364e-96 
478.0 0.0 0.0613 0.0 4.445944e-95 7.040154360728185e-96 
479.0 0.0 0.0631 0.0 7.025536000000001e-95 1.1463841737100178e-95 
480.0 0.0 0.0649 0.0 1.1345822000000001e-94 1.7893175219583576e-95 
481.0 0.0 0.0667 0.0 1.8732280000000002e-94 2.911561015180685e-95 
482.0 0.0 0.0685 0.0 3.222232e-94 5.177749177578998e-95 
483.0 0.0 0.0703 0.0 5.736043999999999e-94 9.335058773102615e-95 
484.0 0.0 0.0721 0.0 1.0492418e-93 1.79727836821879e-94 
485.0 0.0 0.0739 0.0 1.9306760000000003e-93 3.259673549372695e-94 
486.0 0.0 0.0757 0.0 3.6955139999999998e-93 6.358607993616212e-94 
487.0 0.0 0.0775 0.0 7.176998e-93 1.2124976755421842e-93 
488.0 0.0 0.0793 0.0 1.4551502000000002e-92 2.542777560889507e-93 
489.0 0.0 0.0811 4.16500117164066e-10 3.006124e-92 5.1929067226438785e-93 
490.0 0.0 0.0829 0.0 6.4852e-92 1.1823387370834121e-92 
491.0 0.0 0.0847 0.0 1.4286056e-91 2.5891457044416804e-92 
492.0 0.0 0.0865 4.16500117164066e-10 3.2878619999999996e-91 6.089260025218176e-92 
493.0 0.0 0.0883 0.0 7.636156e-91 1.3662953407359633e-91 
494.0 0.0 0.0901 0.0 1.8189500000000002e-90 3.082292946622689e-91 
495.0 0.0 0.0919 0.0 4.491248e-90 7.624756051725204e-91 
496.0 0.0 0.0937 0.0 1.1341848e-89 1.8438472471273757e-90 
497.0 0.0 0.0955 0.0 2.9805040000000003e-89 4.87212988551003e-90 
498.0 0.0 0.0973 0.0 8.156285999999999e-89 1.366542890732963e-89 
499.0 0.0 0.0991 0.0 2.2801120000000003e-88 3.903503056015193e-89 
500.0 0.0 0.10090000000000002 8.33000234328132e-10 6.524096000000001e-88 1.0985253179516619e-88 
501.0 0.0 0.10269999999999999 5.890201144234053e-10 1.9206040000000002e-87 3.1763249525953686e-88 
502.0 0.0 0.1045 0.0 5.971272e-87 1.0834009537725155e-87 
503.0 0.0 0.10630000000000002 8.33000234328132e-10 1.8802999999999998e-86 3.5771950210185647e-87 
504.0 0.0 0.1081 0.0 6.027719999999999e-86 1.1703996395659059e-86 
505.0 0.0 0.1099 0.0 1.908008e-85 3.358106177880623e-86 
506.0 0.0 0.1117 0.0 6.3244e-85 1.0867412888852618e-85 
507.0 0.0 0.1135 0.0 2.1415220000000003e-84 3.3878081373537007e-85 
508.0 0.0 0.1153 0.0 7.479408000000001e-84 1.0901770663021664e-84 
509.0 0.0 0.11710000000000001 8.33000234328132e-10 2.6675739999999997e-83 3.322890203374169e-84 
510.0 0.0 0.1189 0.0 9.822170000000001e-83 1.1122370718079839e-83 
511.0 0.0 0.1207 0.0 3.7023359999999995e-82 3.8459215181384065e-83 
512.0 0.0 0.12250000000000001 8.33000234328132e-10 1.4380039999999998e-81 1.4350016168910773e-82 
513.0 0.0 0.1243 5.890201144234053e-10 5.674532e-81 5.289924508300665e-82 
514.0 0.0 0.1261 0.0 2.314732e-80 2.073092374864179e-81 
515.0 0.0 0.1279 0.0 9.674572e-80 8.75109662844152e-81 
516.0 0.0 0.1297 0.0 4.081084e-79 3.902175012128497e-80 
517.0 0.0 0.1315 0.0 1.734976e-78 1.8115306614241986e-79 
518.0 0.0 0.1333 0.0 7.336371999999999e-78 7.34113200521011e-79 
519.0 0.0 0.1351 0.0 3.16598e-77 2.9732842892666703e-78 
520.0 0.0 0.1369 0.0 1.363004e-76 1.156379257025998e-77 
521.0 0.0 0.1387 0.0 5.880511999999999e-76 4.697257001561673e-77 
522.0 0.0 0.1405 0.0 2.6115839999999997e-75 2.1570174648528036e-76 
523.0 0.0 0.1423 0.0 1.1709551999999999e-74 9.637879522899216e-76 
524.0 0.0 0.1441 0.0 5.211606e-74 4.3623573691846914e-75 
525.0 0.0 0.1459 0.0 2.324864e-73 1.8884484038702285e-74 
526.0 0.0 0.1477 0.0 1.0140031999999999e-72 8.138961589657524e-74 
527.0 0.0 0.1495 0.0 4.544192e-72 3.8046407951763393e-73 
528.0 0.0 0.1513 0.0 2.032886e-71 1.8377112427364624e-72 
529.0 0.0 0.1531 0.0 8.975643999999999e-71 8.557916167974574e-72 
530.0 0.0 0.1549 0.0 3.9862639999999994e-70 3.6196859597042517e-71 
531.0 0.0 0.1567 0.0 1.7122619999999998e-69 1.5128462080198403e-70 
532.0 0.0 0.1585 0.0 7.475954e-69 6.463572710976491e-70 
533.0 0.0 0.1603 0.0 3.1219700000000003e-68 2.916496375310619e-69 
534.0 0.0 0.1621 8.33000234328132e-10 1.296152e-67 1.2237910849160492e-68 
535.0 0.0 0.1639 0.0 5.2099840000000006e-67 4.977910224308978e-68 
536.0 0.0 0.1657 8.33000234328132e-10 2.055158e-66 1.8419242775749545e-67 
537.0 0.0 0.1675 0.0 8.043916e-66 7.023085422951945e-67 
538.0 0.0 0.1693 0.0 3.13574e-65 2.6245962439963967e-66 
539.0 0.0 0.1711 8.33000234328132e-10 1.1744293999999998e-64 9.559008384455007e-66 
540.0 0.0 0.1729 0.0 4.3245620000000003e-64 3.603643691310228e-65 
541.0 0.0 0.1747 8.33000234328132e-10 1.5238999999999998e-63 1.3544032120458123e-64 
542.0 0.0 0.1765 8.33000234328132e-10 5.292846e-63 4.70259648914086e-64 
543.0 0.0 0.1783 0.0 1.79164e-62 1.6028371765092038e-63 
544.0 0.0 0.1801 0.0 6.026882e-62 5.205735665083284e-63 
545.0 0.0 0.1819 0.0 1.9195380000000002e-61 1.7933722525789205e-62 
546.0 0.0 0.1837 0.0 5.9306079999999996e-61 6.094408027652908e-62 
547.0 0.0 0.1855 0.0 1.764368e-60 1.881134267913909e-61 
548.0 0.0 0.1873 0.0 5.064078e-60 5.698923320726468e-61 
549.0 0.0 0.1891 0.0 1.4116506000000003e-59 1.6549390998187147e-60 
550.0 0.0 0.1909 0.0 3.8272479999999997e-59 4.53688416941848e-60 
551.0 0.0 0.1927 0.0 9.95139e-59 1.231480043368954e-59 
552.0 0.0 0.1945 0.0 2.48858e-58 3.027660414511504e-59 
553.0 0.0 0.1963 0.0 6.0104440000000006e-58 7.379812996308227e-59 
554.0 0.0 0.1981 0.0 1.3827472e-57 1.7162580349082687e-58 
555.0 0.0 0.1999 0.0 3.064802e-57 3.893927161147213e-58 
556.0 0.0 0.2017 0.0 6.549694e-57 8.255367781733272e-58 
557.0 0.0 0.20349999999999996 1.666000468656264e-09 1.3304802000000001e-56 1.6019876139106667e-57 
558.0 0.0 0.20529999999999998 1.666000468656264e-09 2.610186e-56 3.1986930684390454e-57 
559.0 0.0 0.2071 0.0 4.8685800000000005e-56 5.909376078267476e-57 
560.0 0.0 0.2089 0.0 8.733228e-56 1.0408913216254607e-56 
561.0 0.0 0.21070000000000003 1.1780402288468105e-09 1.5256330000000003e-55 1.8660916810060504e-56 
562.0 0.0 0.2125 0.0 2.5140399999999998e-55 3.0001804129751976e-56 
563.0 0.0 0.2143 0.0 3.920334e-55 4.792371051544313e-56 
564.0 0.0 0.21610000000000001 1.666000468656264e-09 5.952698e-55 6.699663029520227e-56 
565.0 0.0 0.21790000000000004 1.1780402288468105e-09 8.605646e-55 9.613353025229016e-56 
566.0 0.0 0.2197 0.0 1.1935326e-54 1.2959208431925145e-55 
567.0 0.0 0.22149999999999997 1.666000468656264e-09 1.5896339999999998e-54 1.8078969303807126e-55 
568.0 0.0 0.2233 0.0 2.0033479999999997e-54 2.214429639505403e-55 
569.0 0.0 0.2251 1.1780402288468105e-09 2.463082e-54 2.872323575838904e-55 
570.0 0.0 0.22690000000000002 1.1780402288468105e-09 2.8832380000000006e-54 3.287034166588465e-55 
571.0 0.0 0.2287 0.0 3.2132999999999996e-54 3.726704841223689e-55 
572.0 0.0 0.2305 0.0 3.428168e-54 4.1972663016206186e-55 
573.0 0.0 0.2323 1.1780402288468105e-09 3.505044e-54 4.121379320722619e-55 
574.0 0.0 0.23410000000000003 1.666000468656264e-09 3.437004e-54 4.076928506863947e-55 
575.0 0.0 0.2359 1.1780402288468105e-09 3.185664e-54 3.890707545894446e-55 
576.0 0.0 0.23769999999999997 1.666000468656264e-09 2.8506180000000007e-54 3.492432937698289e-55 
577.0 0.0 0.2395 1.1780402288468105e-09 2.4367439999999998e-54 2.9727571259825474e-55 
578.0 0.0 0.2413 0.0 1.974e-54 2.4368610353485495e-55 
579.0 0.0 0.2431 0.0 1.5352978e-54 1.867233322321343e-55 
580.0 0.0 0.24489999999999998 1.666000468656264e-09 1.1424368e-54 1.412538829150972e-55 
581.0 0.0 0.2467 0.0 8.215284e-55 1.0242322671292872e-55 
582.0 0.0 0.2485 1.1780402288468105e-09 5.582688e-55 7.060549818103404e-56 
583.0 0.0 0.2503 0.0 3.6662820000000005e-55 4.727684185509856e-56 
584.0 0.0 0.2521 0.0 2.324998e-55 2.944891698708123e-56 
585.0 0.0 0.2539 0.0 1.4188633999999999e-55 1.8147399116911505e-56 
586.0 0.0 0.2557 0.0 8.31873e-56 1.0574039136413297e-56 
587.0 0.0 0.2575 0.0 4.664438e-56 5.785625137486878e-57 
588.0 0.0 0.2593 0.0 2.479694e-56 3.115465814365484e-57 
589.0 0.0 0.2611 0.0 1.2756030000000001e-56 1.5999970970973662e-57 
590.0 0.0 0.2629 0.0 6.320216e-57 7.816895497144616e-58 
591.0 0.0 0.2647 0.0 2.986498e-57 3.698436432375174e-58 
592.0 0.0 0.2665 0.0 1.3688438e-57 1.6332602799171938e-58 
593.0 0.0 0.2683 0.0 6.0470239999999994e-58 7.2256770451273395e-59 
594.0 0.0 0.2701 0.0 2.5657379999999998e-58 3.0983210495234344e-59 
595.0 0.0 0.2719 0.0 1.042016e-58 1.237944098989933e-59 
596.0 0.0 0.2737 0.0 4.0802999999999995e-59 4.830715586660022e-60 
597.0 0.0 0.2755 0.0 1.5339462e-59 1.7959659751663425e-60 
598.0 0.0 0.2773 0.0 5.544234e-60 6.337935976868177e-61 
599.0 0.0 0.2791 0.0 1.92487e-60 2.1960540027968358e-61 
600.0 0.0 0.2809 0.0 6.425886e-61 7.191111700625997e-62 
601.0 0.0 0.2827 0.0 2.076338e-61 2.2743157394521943e-62 
602.0 0.0 0.2845 0.0 6.426267999999999e-62 7.033380854092864e-63 
603.0 0.0 0.2863 0.0 1.936536e-62 2.1273109112868287e-63 
604.0 0.0 0.2881 0.0 5.630105999999999e-63 6.242477922402306e-64 
605.0 0.0 0.2899 0.0 1.5674162e-63 1.7250642270348056e-64 
606.0 0.0 0.2917 0.0 4.2148799999999994e-64 4.701593452777476e-65 
607.0 0.0 0.2935 0.0 1.0970949999999999e-64 1.2244119101021538e-65 
608.0 0.0 0.2953 0.0 2.7689980000000002e-65 3.0698641609556584e-66 
609.0 0.0 0.2971 0.0 6.709306000000001e-66 7.275603516388157e-67 
610.0 0.0 0.2989 0.0 1.5766840000000002e-66 1.7078013014633746e-67 
611.0 0.0 0.3007 0.0 3.580992000000001e-67 3.889693811435534e-68 
612.0 0.0 0.3025 0.0 7.916557999999998e-68 8.707908808727866e-69 
613.0 0.0 0.3043 0.0 1.6910759999999999e-68 1.8420567249897638e-69 
614.0 0.0 0.3061 0.0 3.481724e-69 3.72626487041381e-70 
615.0 0.0 0.3079 0.0 6.952116e-70 7.447099926741936e-71 
616.0 0.0 0.3097 0.0 1.3425946000000004e-70 1.4185609753876599e-71 
617.0 0.0 0.3115 0.0 2.5231180000000003e-71 2.6601528269480966e-72 
618.0 0.0 0.3133 0.0 4.613559999999999e-72 4.776670404287922e-73 
619.0 0.0 0.3151 0.0 8.143086e-73 8.228320168812106e-74 
620.0 0.0 0.3169 0.0 1.4040914e-73 1.386787270664396e-74 
621.0 0.0 0.3187 1.666000468656264e-09 2.356532e-74 2.2738540824599975e-75 
622.0 0.0 0.3205 0.0 3.833168e-75 3.6997482113679074e-76 
623.0 0.0 0.3223 0.0 6.034730000000001e-76 5.931513451995191e-77 
624.0 0.0 0.3241 1.666000468656264e-09 9.282922e-77 9.125052637630088e-78 
625.0 0.0 0.3259 0.0 1.393952e-77 1.3837926663774444e-78 
626.0 0.0 0.3277 0.0 2.029042e-78 2.0327718052747582e-79 
627.0 0.0 0.3295 0.0 2.885578e-79 2.847061340315656e-80 
628.0 0.0 0.3313 0.0 3.9658460000000004e-80 3.8988136836324894e-81 
629.0 0.0 0.3331 0.0 5.343480000000001e-81 5.1638770280478153e-82 
630.0 0.0 0.3349 0.0 7.046604e-82 6.70803595175818e-83 
631.0 0.0 0.3367 0.0 9.019530000000001e-83 8.558364097980408e-84 
632.0 0.0 0.3385 1.666000468656264e-09 1.1300969999999999e-83 1.0797618483350867e-84 
633.0 0.0 0.3403 0.0 1.3830467999999998e-84 1.3213065222646904e-85 
634.0 0.0 0.3421 0.0 1.652082e-85 1.591091596458229e-86 
635.0 0.0 0.3439 0.0 1.9287320000000004e-86 1.856767642846021e-87 
636.0 0.0 0.3457 0.0 2.20195e-87 2.090259356730639e-88 
637.0 0.0 0.3475 0.0 2.4567059999999996e-88 2.3903878377535332e-89 
638.0 0.0 0.3493 0.0 2.676272e-89 2.648080838554593e-90 
639.0 0.0 0.3511 1.666000468656264e-09 2.8507500000000003e-90 2.9157035395252304e-91 
640.0 0.0 0.3529 0.0 2.981348e-91 3.105300984239692e-92 
641.0 0.0 0.3547 0.0 3.05471e-92 3.220282787209846e-93 
642.0 0.0 0.3565 0.0 3.063508e-93 3.219515424581781e-94 
643.0 0.0 0.3583 0.0 3.010706e-94 3.126381079855755e-95 
644.0 0.0 0.3601 0.0 2.9144780000000002e-95 3.021064942883545e-96 
645.0 0.0 0.3619 0.0 2.750104e-96 2.846671440626755e-97 
646.0 0.0 0.3637 0.0 2.5538620000000003e-97 2.6010789160500238e-98 
647.0 0.0 0.3655 0.0 2.335888e-98 2.3991658140945553e-99 
648.0 0.0 0.3673 0.0 2.0906079999999997e-99 2.1315750875631908e-100 
649.0 0.0 0.3691 0.0 1.842012e-100 1.8802982604682666e-101 
650.0 0.0 0.3709 0.0 1.601412e-101 1.6356059421266468e-102 
651.0 0.0 0.3727 0.0 1.3719329999999999e-102 1.4106744690111918e-103 
652.0 0.0 0.3745 0.0 1.1540374e-103 1.1843972379488215e-104 
653.0 0.0 0.3763 0.0 9.563836e-105 9.818013102684246e-106 
654.0 0.0 0.3781 0.0 7.776262e-106 7.918774139696131e-107 
655.0 0.0 0.3799 0.0 6.212431999999999e-107 6.382394227021723e-108 
656.0 0.0 0.3817 0.0 4.90613e-108 5.076224422304437e-109 
657.0 0.0 0.3835 0.0 3.8131719999999993e-109 3.945287211892196e-110 
658.0 0.0 0.3853 0.0 2.910472e-110 2.9787303929560282e-111 
659.0 0.0 0.3871 0.0 2.2029540000000003e-111 2.2265011205207087e-112 
660.0 0.0 0.3889 0.0 1.643934e-112 1.6742246096865258e-113 
661.0 0.0 0.3907 0.0 1.207698e-113 1.2261276642829618e-114 
662.0 0.0 0.3925 0.0 8.836324e-115 8.953823405299e-116 
663.0 0.0 0.3943 0.0 6.36358e-116 6.501182544614486e-117 
664.0 0.0 0.3961 0.0 4.4948319999999995e-117 4.594730999864964e-118 
665.0 0.0 0.3979 0.0 3.141732e-118 3.2414979072521355e-119 
666.0 0.0 0.3997 0.0 2.1673620000000004e-119 2.2448947439735295e-120 
667.0 0.0 0.4015000000000001 3.332000937312528e-09 1.4783132e-120 1.5526115995506425e-121 
668.0 0.0 0.40329999999999994 3.332000937312528e-09 1.0018340000000002e-121 1.0520419790141426e-122 
669.0 0.0 0.4051 0.0 6.690189999999999e-123 7.1843192110039425e-124 
670.0 0.0 0.4069 0.0 4.416518e-124 4.745889017277993e-125 
671.0 0.0 0.40869999999999995 3.332000937312528e-09 2.890352e-125 3.095009227953932e-126 
672.0 0.0 0.4105 0.0 1.87787e-126 2.0106483443904413e-127 
673.0 0.0 0.4123 0.0 1.2022234e-127 1.2924857794361977e-128 
674.0 0.0 0.4141 0.0 7.634380000000001e-129 8.065481288503482e-130 
675.0 0.0 0.4159 0.0 4.7813719999999995e-130 5.006089737541676e-131 
676.0 0.0 0.41770000000000007 3.332000937312528e-09 2.962678e-131 3.115470505897947e-132 
677.0 0.0 0.41950000000000004 3.332000937312528e-09 1.824548e-132 1.938767824036699e-133 
678.0 0.0 0.4213 0.0 1.1113746e-133 1.1653528196030604e-134 
679.0 0.0 0.4231 0.0 6.730724e-135 7.092192918842522e-136 
680.0 0.0 0.42489999999999994 3.332000937312528e-09 4.038186000000001e-136 4.23371276849054e-137 
681.0 0.0 0.4267 0.0 2.402144e-137 2.5315602677558376e-138 
682.0 0.0 0.4285 0.0 1.4158828000000003e-138 1.4934487033665346e-139 
683.0 0.0 0.4303 0.0 8.284578e-140 8.689571724332562e-141 
684.0 0.0 0.4321 0.0 4.789454e-141 5.0822976221075455e-142 
685.0 0.0 0.43390000000000006 2.356080457693621e-09 2.7573940000000004e-142 2.9264867399118592e-143 
686.0 0.0 0.4356999999999999 2.356080457693621e-09 1.5793352000000001e-143 1.6740259149497042e-144 
687.0 0.0 0.4375 0.0 8.954202e-145 9.487775847790676e-146 
688.0 0.0 0.4393000000000001 3.332000937312528e-09 5.04646e-146 5.40041825469101e-147 
689.0 0.0 0.44109999999999994 3.332000937312528e-09 2.826974e-147 3.0229259707243955e-148 
690.0 0.0 0.4429 0.0 1.5685326e-148 1.6827054546000582e-149 
691.0 0.0 0.4447 0.0 8.633534000000001e-150 9.232309376427945e-151 
692.0 0.0 0.4465 0.0 4.7178859999999995e-151 5.049832487487103e-152 
693.0 0.0 0.4483 0.0 2.554386e-152 2.740167398331712e-153 
694.0 0.0 0.45010000000000006 3.332000937312528e-09 1.3817494e-153 1.493965341455015e-154 
695.0 0.0 0.4519 2.356080457693621e-09 7.4273620000000005e-155 8.094709751307975e-156 
696.0 0.0 0.4537 2.356080457693621e-09 3.970338e-156 4.318328368375062e-157 
697.0 0.0 0.45549999999999996 2.356080457693621e-09 2.110284e-157 2.292127353287209e-158 
698.0 0.0 0.45729999999999993 4.080851059445486e-09 1.110181e-158 1.21443776067434e-159 
699.0 0.0 0.4591 0.0 5.805504e-160 6.358022581174967e-161 
700.0 0.0 0.4609 0.0 3.0120180000000004e-161 3.2968840150219755e-162 
701.0 0.0 0.4627 0.0 1.5581902e-162 9.940479322862118e-163 
702.0 0.0 0.4645 2.356080457693621e-09 8.020746e-164 0.0 
703.0 0.0 0.46630000000000005 3.332000937312528e-09 4.09674e-165 0.0 
704.0 0.0 0.4681 0.0 2.08781e-166 0.0 
705.0 0.0 0.4699 0.0 1.0557692e-167 0.0 
706.0 0.0 0.47170000000000006 3.332000937312528e-09 5.304698e-169 0.0 
707.0 0.0 0.4734999999999999 2.356080457693621e-09 2.655054e-170 0.0 
708.0 0.0 0.4753 0.0 1.3244748e-171 0.0 
709.0 0.0 0.47709999999999997 4.080851059445486e-09 6.566494e-173 0.0 
710.0 0.0 0.4789 2.356080457693621e-09 3.240358e-174 0.0 
711.0 0.0 0.4807 0.0 1.587744e-175 0.0 
712.0 0.0 0.48250000000000004 4.080851059445486e-09 7.751718e-177 0.0 
713.0 0.0 0.4843 0.0 3.767808e-178 0.0 
714.0 0.0 0.4861 0.0 1.822686e-179 0.0 
715.0 0.0 0.48789999999999994 3.332000937312528e-09 8.764031999999999e-181 0.0 
716.0 0.0 0.4897 0.0 4.202434e-182 0.0 
717.0 0.0 0.4915 0.0 2.006934e-183 0.0 
718.0 0.0 0.49329999999999996 3.332000937312528e-09 9.53595e-185 0.0 
719.0 0.0 0.4951 0.0 4.502356e-186 0.0 
720.0 0.0 0.4969 2.356080457693621e-09 2.1157599999999997e-187 0.0 
721.0 0.0 0.49870000000000003 4.080851059445486e-09 9.89892e-189 0.0 
722.0 0.0 0.5005 0.0 4.618532000000001e-190 0.0 
723.0 0.0 0.5023 0.0 2.1508199999999998e-191 0.0 
724.0 0.0 0.5041 0.0 9.95287e-193 0.0 
725.0 0.0 0.5059 0.0 4.587886e-194 0.0 
726.0 0.0 0.5077 0.0 2.1075879999999997e-195 0.0 
727.0 0.0 0.5095 0.0 9.64356e-197 0.0 
728.0 0.0 0.5113 0.0 4.401352e-198 0.0 
729.0 0.0 0.5131 0.0 2.00049e-199 0.0 
730.0 0.0 0.5149 0.0 9.069596e-201 0.0 
731.0 0.0 0.5167 0.0 4.09548e-202 0.0 
732.0 0.0 0.5185 0.0 1.84003e-203 0.0 
733.0 0.0 0.5203 0.0 8.238468e-205 0.0 
734.0 0.0 0.5221 0.0 3.6719459999999995e-206 0.0 
735.0 0.0 0.5239 0.0 1.6343593999999997e-207 0.0 
736.0 0.0 0.5257 0.0 7.237290000000001e-209 0.0 
737.0 0.0 0.5275 0.0 3.19147e-210 0.0 
738.0 0.0 0.5293 0.0 1.4006882e-211 0.0 
739.0 0.0 0.5311 0.0 6.13836e-213 0.0 
740.0 0.0 0.5329 0.0 2.685448e-214 0.0 
741.0 0.0 0.5347 0.0 1.1713948e-215 0.0 
742.0 0.0 0.5365 0.0 5.078578e-217 0.0 
743.0 0.0 0.5383 0.0 2.1939819999999998e-218 0.0 
744.0 0.0 0.5401 0.0 9.472620000000001e-220 0.0 
745.0 0.0 0.5419 0.0 4.0865119999999993e-221 0.0 
746.0 0.0 0.5437 0.0 1.754166e-222 0.0 
747.0 0.0 0.5455 0.0 7.49004e-224 0.0 
748.0 0.0 0.5473 0.0 3.18959e-225 0.0 
749.0 0.0 0.5491 0.0 1.3554939999999998e-226 0.0 
750.0 0.0 0.5509 0.0 5.748542e-228 0.0 
751.0 0.0 0.5527 0.0 2.427296e-229 0.0 
752.0 0.0 0.5545 0.0 1.0227069999999998e-230 0.0 
753.0 0.0 0.5563 0.0 4.307912e-232 0.0 
754.0 0.0 0.5581 0.0 1.8048680000000003e-233 0.0 
755.0 0.0 0.5599 0.0 7.547374e-235 0.0 
756.0 0.0 0.5617 0.0 3.143516e-236 0.0 
757.0 0.0 0.5635 0.0 1.3070061999999998e-237 0.0 
758.0 0.0 0.5653 0.0 5.4281120000000005e-239 0.0 
759.0 0.0 0.5671 0.0 2.2457099999999998e-240 0.0 
760.0 0.0 0.5689 0.0 9.243246e-242 0.0 
761.0 0.0 0.5707 0.0 3.791806e-243 0.0 
762.0 0.0 0.5725 0.0 1.5583882e-244 0.0 
763.0 0.0 0.5743 0.0 6.371074e-246 0.0 
764.0 0.0 0.5761 0.0 2.60262e-247 0.0 
765.0 0.0 0.5779 0.0 1.0608262e-248 0.0 
766.0 0.0 0.5797 0.0 4.314292e-250 0.0 
767.0 0.0 0.5815 0.0 1.7492100000000004e-251 0.0 
768.0 0.0 0.5833 0.0 7.061264000000001e-253 0.0 
769.0 0.0 0.5851 0.0 2.8414660000000004e-254 0.0 
770.0 0.0 0.5869 0.0 1.1430303999999997e-255 0.0 
771.0 0.0 0.5887 0.0 4.5817440000000004e-257 0.0 
772.0 0.0 0.5905 0.0 1.834184e-258 0.0 
773.0 0.0 0.5923 0.0 7.31002e-260 0.0 
774.0 0.0 0.5941 0.0 2.908402e-261 0.0 
775.0 0.0 0.5959 0.0 1.1559154e-262 0.0 
776.0 0.0 0.5977 0.0 4.576064e-264 0.0 
777.0 0.0 0.5995 0.0 1.81331e-265 0.0 
778.0 0.0 0.6013 0.0 7.1610819999999995e-267 0.0 
779.0 0.0 0.6031 0.0 2.8199219999999996e-268 0.0 
780.0 0.0 0.6049 0.0 1.1091658000000001e-269 0.0 
781.0 0.0 0.6067 0.0 4.3475979999999997e-271 0.0 
782.0 0.0 0.6085 0.0 1.7023839999999998e-272 0.0 
783.0 0.0 0.6103 0.0 6.64316e-274 0.0 
784.0 0.0 0.6121 0.0 2.5864319999999996e-275 0.0 
785.0 0.0 0.6139 0.0 1.0044630000000002e-276 0.0 
786.0 0.0 0.6157 0.0 3.9029320000000003e-278 0.0 
787.0 0.0 0.6175 0.0 1.509402e-279 0.0 
788.0 0.0 0.6193 0.0 5.82659e-281 0.0 
789.0 0.0 0.6211 0.0 2.244324e-282 0.0 
790.0 0.0 0.6229 0.0 8.633852e-284 0.0 
791.0 0.0 0.6247 0.0 3.3161960000000002e-285 0.0 
792.0 0.0 0.6265 0.0 1.2698166e-286 0.0 
793.0 0.0 0.6283 0.0 4.8586160000000006e-288 0.0 
794.0 0.0 0.6301 0.0 1.8563540000000002e-289 0.0 
795.0 0.0 0.6319 0.0 7.074594e-291 0.0 
796.0 0.0 0.6337 0.0 2.68748e-292 0.0 
797.0 0.0 0.6355 3.332000937312528e-09 1.0197409999999999e-293 0.0 
798.0 0.0 0.6373 3.332000937312528e-09 3.863472000000001e-295 0.0 
799.0 0.0 0.6391 0.0 1.4582356e-296 0.0 
800.0 0.0 0.6409 3.332000937312528e-09 5.500504000000001e-298 0.0 
801.0 0.0 0.6427 0.0 2.070554e-299 0.0 
802.0 0.0 0.6445 0.0 7.779182000000002e-301 0.0 
803.0 0.0 0.6463 3.332000937312528e-09 2.9224980000000005e-302 0.0 
804.0 0.0 0.6481 3.332000937312528e-09 1.0920892000000001e-303 0.0 
805.0 0.0 0.6499 0.0 4.075908e-305 0.0 
806.0 0.0 0.6517 3.332000937312528e-09 1.519701e-306 0.0 
807.0 0.0 0.6535 0.0 5.661874e-308 0.0 
808.0 0.0 0.6553 0.0 2.107116e-309 0.0 
809.0 0.0 0.6571 0.0 7.820216e-311 0.0 
810.0 0.0 0.6589 0.0 2.895048e-312 0.0 
811.0 0.0 0.6607 0.0 1.0702564e-313 0.0 
812.0 0.0 0.6625 3.332000937312528e-09 3.951288e-315 0.0 
813.0 0.0 0.6643 3.332000937312528e-09 1.4555414e-316 0.0 
814.0 0.0 0.6661 0.0 5.352376e-318 0.0 
815.0 0.0 0.6679 0.0 1.9598e-319 0.0 
816.0 0.0 0.6697 3.332000937312528e-09 7.14e-321 0.0 
817.0 0.0 0.6715 3.332000937312528e-09 0.0 0.0 
818.0 0.0 0.6733 0.0 0.0 0.0 
819.0 0.0 0.6751 3.332000937312528e-09 0.0 0.0 
820.0 0.0 0.6769 0.0 0.0 0.0 
821.0 0.0 0.6787 0.0 0.0 0.0 
822.0 0.0 0.6805 0.0 0.0 0.0 
823.0 0.0 0.6823 0.0 0.0 0.0 
824.0 0.0 0.6841 0.0 0.0 0.0 
825.0 0.0 0.6859 0.0 0.0 0.0 
826.0 0.0 0.6877 3.332000937312528e-09 0.0 0.0 
827.0 0.0 0.6895 3.332000937312528e-09 0.0 0.0 
828.0 0.0 0.6913 3.332000937312528e-09 0.0 0.0 
829.0 0.0 0.6931 0.0 0.0 0.0 
830.0 0.0 0.6949 0.0 0.0 0.0 
831.0 0.0 0.6967 0.0 0.0 0.0 
832.0 0.0 0.6985 0.0 0.0 0.0 
833.0 0.0 0.7003 0.0 0.0 0.0 
834.0 0.0 0.7021 0.0 0.0 0.0 
835.0 0.0 0.7039 0.0 0.0 0.0 
836.0 0.0 0.7057 0.0 0.0 0.0 
837.0 0.0 0.7075 0.0 0.0 0.0 
838.0 0.0 0.7093 0.0 0.0 0.0 
839.0 0.0 0.7111 0.0 0.0 0.0 
840.0 0.0 0.7129 0.0 0.0 0.0 
841.0 0.0 0.7147 0.0 0.0 0.0 
842.0 0.0 0.7165 0.0 0.0 0.0 
843.0 0.0 0.7183 0.0 0.0 0.0 
844.0 0.0 0.7201 0.0 0.0 0.0 
845.0 0.0 0.7219 0.0 0.0 0.0 
846.0 0.0 0.7237 0.0 0.0 0.0 
847.0 0.0 0.7255 0.0 0.0 0.0 
848.0 0.0 0.7273 0.0 0.0 0.0 
849.0 0.0 0.7291 0.0 0.0 0.0 
850.0 0.0 0.7309 0.0 0.0 0.0 
851.0 0.0 0.7327 0.0 0.0 0.0 
852.0 0.0 0.7345 0.0 0.0 0.0 
853.0 0.0 0.7363 0.0 0.0 0.0 
854.0 0.0 0.7381 0.0 0.0 0.0 
855.0 0.0 0.7399 0.0 0.0 0.0 
856.0 0.0 0.7417 0.0 0.0 0.0 
857.0 0.0 0.7435 0.0 0.0 0.0 
858.0 0.0 0.7453 0.0 0.0 0.0 
859.0 0.0 0.7471 0.0 0.0 0.0 
860.0 0.0 0.7489 0.0 0.0 0.0 
861.0 0.0 0.7507 0.0 0.0 0.0 
862.0 0.0 0.7525 0.0 0.0 0.0 
863.0 0.0 0.7543 0.0 0.0 0.0 
864.0 0.0 0.7561 0.0 0.0 0.0 
865.0 0.0 0.7579 0.0 0.0 0.0 
866.0 0.0 0.7597 0.0 0.0 0.0 
867.0 0.0 0.7615 0.0 0.0 0.0 
868.0 0.0 0.7633 0.0 0.0 0.0 
869.0 0.0 0.7651 0.0 0.0 0.0 
870.0 0.0 0.7669 0.0 0.0 0.0 
871.0 0.0 0.7687 0.0 0.0 0.0 
872.0 0.0 0.7705 0.0 0.0 0.0 
873.0 0.0 0.7723 0.0 0.0 0.0 
874.0 0.0 0.7741 0.0 0.0 0.0 
875.0 0.0 0.7759 0.0 0.0 0.0 
876.0 0.0 0.7777 0.0 0.0 0.0 
877.0 0.0 0.7795 0.0 0.0 0.0 
878.0 0.0 0.7813 0.0 0.0 0.0 
879.0 0.0 0.7831 0.0 0.0 0.0 
880.0 0.0 0.7849 0.0 0.0 0.0 
881.0 0.0 0.7867 0.0 0.0 0.0 
882.0 0.0 0.7885 0.0 0.0 0.0 
883.0 0.0 0.7903 0.0 0.0 0.0 
884.0 0.0 0.7921 0.0 0.0 0.0 
885.0 0.0 0.7939 0.0 0.0 0.0 
886.0 0.0 0.7957 0.0 0.0 0.0 
887.0 0.0 0.7975 0.0 0.0 0.0 
888.0 0.0 0.7993 0.0 0.0 0.0 
889.0 0.0 0.8011000000000001 4.712160915387242e-09 0.0 0.0 
890.0 0.0 0.8029 0.0 0.0 0.0 
891.0 0.0 0.8047000000000001 6.664001874625056e-09 0.0 0.0 
892.0 0.0 0.8065 0.0 0.0 0.0 
893.0 0.0 0.8083 0.0 0.0 0.0 
894.0 0.0 0.8101 0.0 0.0 0.0 
895.0 0.0 0.8119 0.0 0.0 0.0 
896.0 0.0 0.8137000000000001 6.664001874625056e-09 0.0 0.0 
897.0 0.0 0.8154999999999999 6.664001874625056e-09 0.0 0.0 
898.0 0.0 0.8173 0.0 0.0 0.0 
899.0 0.0 0.8191 0.0 0.0 0.0 
900.0 0.0 0.8209 0.0 0.0 0.0 
901.0 0.0 0.8227 0.0 0.0 0.0 
902.0 0.0 0.8245000000000001 6.664001874625056e-09 0.0 0.0 
903.0 0.0 0.8263 0.0 0.0 0.0 
904.0 0.0 0.8280999999999998 6.664001874625056e-09 0.0 0.0 
905.0 0.0 0.8299 0.0 0.0 0.0 
906.0 0.0 0.8317 0.0 0.0 0.0 
907.0 0.0 0.8335000000000001 6.664001874625056e-09 0.0 0.0 
908.0 0.0 0.8352999999999999 6.664001874625056e-09 0.0 0.0 
909.0 0.0 0.8370999999999998 6.664001874625056e-09 0.0 0.0 
910.0 0.0 0.8389 0.0 0.0 0.0 
911.0 0.0 0.8407 0.0 0.0 0.0 
912.0 0.0 0.8425 0.0 0.0 0.0 
913.0 0.0 0.8443000000000002 4.712160915387242e-09 0.0 0.0 
914.0 0.0 0.8461000000000001 6.664001874625056e-09 0.0 0.0 
915.0 0.0 0.8478999999999999 6.664001874625056e-09 0.0 0.0 
916.0 0.0 0.8497 0.0 0.0 0.0 
917.0 0.0 0.8515 0.0 0.0 0.0 
918.0 0.0 0.8533 0.0 0.0 0.0 
919.0 0.0 0.8551 0.0 0.0 0.0 
920.0 0.0 0.8568999999999999 6.664001874625056e-09 0.0 0.0 
921.0 0.0 0.8587 0.0 0.0 0.0 
922.0 0.0 0.8605 0.0 0.0 0.0 
923.0 0.0 0.8623 0.0 0.0 0.0 
924.0 0.0 0.8641 0.0 0.0 0.0 
925.0 0.0 0.8659000000000001 6.664001874625056e-09 0.0 0.0 
926.0 0.0 0.8676999999999999 4.712160915387242e-09 0.0 0.0 
927.0 0.0 0.8695 0.0 0.0 0.0 
928.0 0.0 0.8713 0.0 0.0 0.0 
929.0 0.0 0.8731 0.0 0.0 0.0 
930.0 0.0 0.8749 0.0 0.0 0.0 
931.0 0.0 0.8766999999999999 6.664001874625056e-09 0.0 0.0 
932.0 0.0 0.8785000000000001 6.664001874625056e-09 0.0 0.0 
933.0 0.0 0.8802999999999999 6.664001874625056e-09 0.0 0.0 
934.0 0.0 0.8821 0.0 0.0 0.0 
935.0 0.0 0.8839 0.0 0.0 0.0 
936.0 0.0 0.8857000000000002 6.664001874625056e-09 0.0 0.0 
937.0 0.0 0.8875 0.0 0.0 0.0 
938.0 0.0 0.8893000000000001 6.664001874625056e-09 0.0 0.0 
939.0 0.0 0.8911 0.0 0.0 0.0 
940.0 0.0 0.8929 0.0 0.0 0.0 
941.0 0.0 0.8947 4.712160915387242e-09 0.0 0.0 
942.0 0.0 0.8965 0.0 0.0 0.0 
943.0 0.0 0.8983000000000001 6.664001874625056e-09 0.0 0.0 
944.0 0.0 0.9000999999999999 6.664001874625056e-09 0.0 0.0 
945.0 0.0 0.9019 0.0 0.0 0.0 
946.0 0.0 0.9037 4.712160915387242e-09 0.0 0.0 
947.0 0.0 0.9055 0.0 0.0 0.0 
948.0 0.0 0.9073 4.712160915387242e-09 0.0 0.0 
949.0 0.0 0.9091000000000001 6.664001874625056e-09 0.0 0.0 
950.0 0.0 0.9109 0.0 0.0 0.0 
951.0 0.0 0.9126999999999998 6.664001874625056e-09 0.0 0.0 
952.0 0.0 0.9145 4.712160915387242e-09 0.0 0.0 
953.0 0.0 0.9163 0.0 0.0 0.0 
954.0 0.0 0.9181000000000001 8.161702118890972e-09 0.0 0.0 
955.0 0.0 0.9198999999999999 8.161702118890972e-09 0.0 0.0 
956.0 0.0 0.9216999999999999 6.664001874625056e-09 0.0 0.0 
957.0 0.0 0.9235 0.0 0.0 0.0 
958.0 0.0 0.9253 4.712160915387242e-09 0.0 0.0 
959.0 0.0 0.9271 0.0 0.0 0.0 
960.0 0.0 0.9289 0.0 0.0 0.0 
961.0 0.0 0.9307000000000001 8.161702118890972e-09 0.0 0.0 
962.0 0.0 0.9324999999999999 8.161702118890972e-09 0.0 0.0 
963.0 0.0 0.9343 0.0 0.0 0.0 
964.0 0.0 0.9361 0.0 0.0 0.0 
965.0 0.0 0.9379 0.0 0.0 0.0 
966.0 0.0 0.9397 4.712160915387242e-09 0.0 0.0 
967.0 0.0 0.9414999999999999 8.161702118890972e-09 0.0 0.0 
968.0 0.0 0.9433 0.0 0.0 0.0 
969.0 0.0 0.9451 0.0 0.0 0.0 
970.0 0.0 0.9469 0.0 0.0 0.0 
971.0 0.0 0.9487 0.0 0.0 0.0 
972.0 0.0 0.9505000000000001 6.664001874625056e-09 0.0 0.0 
973.0 0.0 0.9522999999999999 6.664001874625056e-09 0.0 0.0 
974.0 0.0 0.9541000000000001 4.712160915387242e-09 0.0 0.0 
975.0 0.0 0.9559 4.712160915387242e-09 0.0 0.0 
976.0 0.0 0.9577 4.712160915387242e-09 0.0 0.0 
977.0 0.0 0.9595 4.712160915387242e-09 0.0 0.0 
978.0 0.0 0.9612999999999999 8.161702118890972e-09 0.0 0.0 
979.0 0.0 0.9631000000000001 6.664001874625056e-09 0.0 0.0 
980.0 0.0 0.9648999999999999 0.0 0.0 0.0 
981.0 0.0 0.9667 0.0 0.0 0.0 
982.0 0.0 0.9685 0.0 0.0 0.0 
983.0 0.0 0.9703000000000002 6.664001874625056e-09 0.0 0.0 
984.0 0.0 0.9721 4.712160915387242e-09 0.0 0.0 
985.0 0.0 0.9739000000000001 6.664001874625056e-09 0.0 0.0 
986.0 0.0 0.9757 0.0 0.0 0.0 
987.0 0.0 0.9775 4.712160915387242e-09 0.0 0.0 
988.0 0.0 0.9793 0.0 0.0 0.0 
989.0 0.0 0.9811 0.0 0.0 0.0 
990.0 0.0 0.9829000000000001 4.712160915387242e-09 0.0 0.0 
991.0 0.0 0.9846999999999999 4.712160915387242e-09 0.0 0.0 
992.0 0.0 0.9865 0.0 0.0 0.0 
993.0 0.0 0.9883 0.0 0.0 0.0 
994.0 0.0 0.9901 0.0 0.0 0.0 
995.0 0.0 0.9919 4.712160915387242e-09 0.0 0.0 
996.0 0.0 0.9937000000000001 6.664001874625056e-09 0.0 0.0 
997.0 0.0 0.9955 4.712160915387242e-09 0.0 0.0 
998.0 0.0 0.9972999999999999 6.664001874625056e-09 0.0 0.0 
999.0 0.0 0.9991 0.0 0.0 0.0 
