50 -0.7091 0
51 -0.7073 0
52 -0.7055 0
53 -0.7037 0
54 -0.7019 0
55 -0.7001 0
56 -0.6983 0
57 -0.6965 2.39522e-105
58 -0.6947 4.76623e-102
59 -0.6929 3.69363e-99
60 -0.6911 1.16194e-96
61 -0.6893 5.22317e-94
62 -0.6875 1.80867e-91
63 -0.6857 4.91158e-89
64 -0.6839 1.45427e-86
65 -0.6821 2.87165e-84
66 -0.6803 4.49511e-82
67 -0.6785 7.84397e-80
68 -0.6767 1.22242e-77
69 -0.6749 1.54888e-75
70 -0.6731 1.72224e-73
71 -0.6713 2.08589e-71
72 -0.6695 1.60863e-69
73 -0.6677 1.28437e-67
74 -0.6659 8.02516e-66
75 -0.6641 4.47839e-64
76 -0.6623 2.31303e-62
77 -0.6605 1.11931e-60
78 -0.6587 4.85075e-59
79 -0.6569 1.99563e-57
80 -0.6551 7.01007e-56
81 -0.6533 2.83185e-54
82 -0.6515 9.59787e-53
83 -0.6497 2.67334e-51
84 -0.6479 6.84261e-50
85 -0.6461 1.70027e-48
86 -0.6443 4.39774e-47
87 -0.6425 8.94902e-46
88 -0.6407 1.95737e-44
89 -0.6389 3.46526e-43
90 -0.6371 6.08578e-42
91 -0.6353 9.98375e-41
92 -0.6335 1.47151e-39
93 -0.6317 1.99457e-38
94 -0.6299 2.63972e-37
95 -0.6281 3.34991e-36
96 -0.6263 3.95532e-35
97 -0.6245 4.36046e-34
98 -0.6227 4.44039e-33
99 -0.6209 4.36416e-32
100 -0.6191 4.14031e-31
101 -0.6173 3.86515e-30
102 -0.6155 3.2759e-29
103 -0.6137 2.79116e-28
104 -0.6119 2.11201e-27
105 -0.6101 1.61807e-26
106 -0.6083 1.18319e-25
107 -0.6065 7.83313e-25
108 -0.6047 4.97394e-24
109 -0.6029 3.03913e-23
110 -0.6011 1.79732e-22
111 -0.5993 1.03278e-21
112 -0.5975 5.70806e-21
113 -0.5957 3.00423e-20
114 -0.5939 1.46282e-19
115 -0.5921 6.80571e-19
116 -0.5903 3.14566e-18
117 -0.5885 1.3733e-17
118 -0.5867 5.88072e-17
119 -0.5849 2.48349e-16
120 -0.5831 1.0073e-15
121 -0.5813 3.86062e-15
122 -0.5795 1.50551e-14
123 -0.5777 5.46986e-14
124 -0.5759 1.90809e-13
125 -0.5741 6.4769e-13
126 -0.5723 2.16052e-12
127 -0.5705 7.01981e-12
128 -0.5687 2.15294e-11
129 -0.5669 6.4112e-11
130 -0.5651 1.88806e-10
131 -0.5633 5.18627e-10
132 -0.5615 1.41764e-09
133 -0.5597 3.87743e-09
134 -0.5579 9.88722e-09
135 -0.5561 2.5281e-08
136 -0.5543 6.30497e-08
137 -0.5525 1.51405e-07
138 -0.5507 3.6568e-07
139 -0.5489 8.38492e-07
140 -0.5471 1.86114e-06
141 -0.5453 4.10953e-06
142 -0.5435 8.63288e-06
143 -0.5417 1.73885e-05
144 -0.5399 3.56277e-05
145 -0.5381 6.82509e-05
146 -0.5363 0.000133639
147 -0.5345 0.000256556
148 -0.5327 0.000474638
149 -0.5309 0.000834491
150 -0.5291 0.00147191
151 -0.5273 0.00254311
152 -0.5255 0.0042637
153 -0.5237 0.00715013
154 -0.5219 0.0120175
155 -0.5201 0.0191223
156 -0.5183 0.0305042
157 -0.5165 0.0478993
158 -0.5147 0.0699658
159 -0.5129 0.103343
160 -0.5111 0.152549
161 -0.5093 0.222465
162 -0.5075 0.316696
163 -0.5057 0.44257
164 -0.5039 0.596309
165 -0.5021 0.819047
166 -0.5003 1.07744
167 -0.4985 1.44994
168 -0.4967 1.91823
169 -0.4949 2.44985
170 -0.4931 3.04751
171 -0.4913 3.79063
172 -0.4895 4.60038
173 -0.4877 5.7488
174 -0.4859 6.77408
175 -0.4841 7.89882
176 -0.4823 9.16762
177 -0.4805 10.6553
178 -0.4787 12.0921
179 -0.4769 13.1944
180 -0.4751 14.0783
181 -0.4733 15.4301
182 -0.4715 16.0968
183 -0.4697 16.856
184 -0.4679 17.5202
185 -0.4661 18.4847
186 -0.4643 18.4706
187 -0.4625 18.4199
188 -0.4607 18.7517
189 -0.4589 18.6944
190 -0.4571 17.8476
191 -0.4553 17.3636
192 -0.4535 16.1022
193 -0.4517 15.1012
194 -0.4499 13.6755
195 -0.4481 12.5095
196 -0.4463 11.2168
197 -0.4445 10.0154
198 -0.4427 9.0342
199 -0.4409 7.9068
200 -0.4391 6.95134
201 -0.4373 5.92382
202 -0.4355 5.07122
203 -0.4337 4.32719
204 -0.4319 3.73757
205 -0.4301 3.0671
206 -0.4283 2.55901
207 -0.4265 2.0821
208 -0.4247 1.68371
209 -0.4229 1.35876
210 -0.4211 1.07355
211 -0.4193 0.857599
212 -0.4175 0.656756
213 -0.4157 0.499962
214 -0.4139 0.380253
215 -0.4121 0.289362
216 -0.4103 0.215653
217 -0.4085 0.15768
218 -0.4067 0.116543
219 -0.4049 0.0869459
220 -0.4031 0.0614423
221 -0.4013 0.0442638
222 -0.3995 0.0325125
223 -0.3977 0.0232424
224 -0.3959 0.0165638
225 -0.3941 0.0115753
226 -0.3923 0.00802688
227 -0.3905 0.00561381
228 -0.3887 0.00385985
229 -0.3869 0.00259722
230 -0.3851 0.00175493
231 -0.3833 0.00114497
232 -0.3815 0.000778682
233 -0.3797 0.000519049
234 -0.3779 0.000339324
235 -0.3761 0.000219494
236 -0.3743 0.00014284
237 -0.3725 9.17203e-05
238 -0.3707 5.87209e-05
239 -0.3689 3.78132e-05
240 -0.3671 2.40475e-05
241 -0.3653 1.4932e-05
242 -0.3635 9.23246e-06
243 -0.3617 5.70899e-06
244 -0.3599 3.52139e-06
245 -0.3581 2.16927e-06
246 -0.3563 1.31802e-06
247 -0.3545 7.94029e-07
248 -0.3527 4.70002e-07
249 -0.3509 2.83915e-07
250 -0.3491 1.71012e-07
251 -0.3473 1.00424e-07
252 -0.3455 5.86144e-08
253 -0.3437 3.41972e-08
254 -0.3419 1.95999e-08
255 -0.3401 1.12165e-08
256 -0.3383 6.50241e-09
257 -0.3365 3.76506e-09
258 -0.3347 2.17844e-09
259 -0.3329 1.24257e-09
260 -0.3311 6.94997e-10
261 -0.3293 3.88854e-10
262 -0.3275 2.14768e-10
263 -0.3257 1.18046e-10
264 -0.3239 6.58576e-11
265 -0.3221 3.58939e-11
266 -0.3203 1.95751e-11
267 -0.3185 1.07968e-11
268 -0.3167 5.71192e-12
269 -0.3149 3.10243e-12
270 -0.3131 1.66434e-12
271 -0.3113 8.84528e-13
272 -0.3095 4.70941e-13
273 -0.3077 2.4612e-13
274 -0.3059 1.2844e-13
275 -0.3041 6.6674e-14
276 -0.3023 3.51276e-14
277 -0.3005 1.83519e-14
278 -0.2987 9.53675e-15
279 -0.2969 5.02979e-15
280 -0.2951 2.61345e-15
281 -0.2933 1.34215e-15
282 -0.2915 6.87912e-16
283 -0.2897 3.46058e-16
284 -0.2879 1.79828e-16
285 -0.2861 9.10428e-17
286 -0.2843 4.58847e-17
287 -0.2825 2.31321e-17
288 -0.2807 1.13799e-17
289 -0.2789 5.6254e-18
290 -0.2771 2.80896e-18
291 -0.2753 1.39974e-18
292 -0.2735 6.97781e-19
293 -0.2717 3.4141e-19
294 -0.2699 1.70764e-19
295 -0.2681 8.09986e-20
296 -0.2663 3.96386e-20
297 -0.2645 1.93296e-20
298 -0.2627 9.35642e-21
299 -0.2609 4.61829e-21
300 -0.2591 2.19751e-21
301 -0.2573 1.06021e-21
302 -0.2555 5.06751e-22
303 -0.2537 2.40311e-22
304 -0.2519 1.16099e-22
305 -0.2501 5.62749e-23
306 -0.2483 2.72062e-23
307 -0.2465 1.29367e-23
308 -0.2447 6.0479e-24
309 -0.2429 2.79167e-24
310 -0.2411 1.30895e-24
311 -0.2393 6.08317e-25
312 -0.2375 2.83415e-25
313 -0.2357 1.3374e-25
314 -0.2339 6.33289e-26
315 -0.2321 2.92439e-26
316 -0.2303 1.37471e-26
317 -0.2285 6.24887e-27
318 -0.2267 2.93949e-27
319 -0.2249 1.33397e-27
320 -0.2231 6.21642e-28
321 -0.2213 2.93754e-28
322 -0.2195 1.38786e-28
323 -0.2177 6.36427e-29
324 -0.2159 2.89787e-29
325 -0.2141 1.34811e-29
326 -0.2123 6.24959e-30
327 -0.2105 2.87829e-30
328 -0.2087 1.30962e-30
329 -0.2069 6.07615e-31
330 -0.2051 2.71605e-31
331 -0.2033 1.2317e-31
332 -0.2015 5.7516e-32
333 -0.1997 2.67601e-32
334 -0.1979 1.18229e-32
335 -0.1961 5.37312e-33
336 -0.1943 2.49287e-33
337 -0.1925 1.13867e-33
338 -0.1907 5.14841e-34
339 -0.1889 2.28292e-34
340 -0.1871 1.04748e-34
341 -0.1853 4.83856e-35
342 -0.1835 2.25937e-35
343 -0.1817 1.03154e-35
344 -0.1799 4.59639e-36
345 -0.1781 2.10629e-36
346 -0.1763 9.5751e-37
347 -0.1745 4.35684e-37
348 -0.1727 1.99701e-37
349 -0.1709 9.32443e-38
350 -0.1691 4.25799e-38
351 -0.1673 1.95317e-38
352 -0.1655 9.05469e-39
353 -0.1637 4.10655e-39
354 -0.1619 1.86917e-39
355 -0.1601 8.72142e-40
356 -0.1583 4.13045e-40
357 -0.1565 1.92617e-40
358 -0.1547 9.06143e-41
359 -0.1529 4.13664e-41
360 -0.1511 1.96602e-41
361 -0.1493 9.25323e-42
362 -0.1475 4.44348e-42
363 -0.1457 2.14989e-42
364 -0.1439 1.00476e-42
365 -0.1421 4.68425e-43
366 -0.1403 2.24207e-43
367 -0.1385 1.05457e-43
368 -0.1367 5.08591e-44
369 -0.1349 2.50789e-44
370 -0.1331 1.20848e-44
371 -0.1313 6.07659e-45
372 -0.1295 3.01095e-45
373 -0.1277 1.47542e-45
374 -0.1259 7.39689e-46
375 -0.1241 3.68885e-46
376 -0.1223 1.83345e-46
377 -0.1205 9.16509e-47
378 -0.1187 4.6335e-47
379 -0.1169 2.32112e-47
380 -0.1151 1.15889e-47
381 -0.1133 5.8262e-48
382 -0.1115 2.95048e-48
383 -0.1097 1.53624e-48
384 -0.1079 7.84022e-49
385 -0.1061 4.03754e-49
386 -0.1043 2.10719e-49
387 -0.1025 1.08694e-49
388 -0.1007 5.60276e-50
389 -0.0989 2.97003e-50
390 -0.0971 1.58211e-50
391 -0.0953 8.37069e-51
392 -0.0935 4.50898e-51
393 -0.0917 2.42199e-51
394 -0.0899 1.31986e-51
395 -0.0881 7.27821e-52
396 -0.0863 3.93618e-52
397 -0.0845 2.1786e-52
398 -0.0827 1.22038e-52
399 -0.0809 6.80386e-53
400 -0.0791 3.87439e-53
401 -0.0773 2.25164e-53
402 -0.0755 1.32575e-53
403 -0.0737 7.69276e-54
404 -0.0719 4.59837e-54
405 -0.0701 2.66023e-54
406 -0.0683 1.59942e-54
407 -0.0665 9.60537e-55
408 -0.0647 5.80875e-55
409 -0.0629 3.70211e-55
410 -0.0611 2.35706e-55
411 -0.0593 1.51901e-55
412 -0.0575 9.73729e-56
413 -0.0557 6.21169e-56
414 -0.0539 4.12256e-56
415 -0.0521 2.74212e-56
416 -0.0503 1.82111e-56
417 -0.0485 1.26928e-56
418 -0.0467 8.71168e-57
419 -0.0449 5.97402e-57
420 -0.0431 4.19637e-57
421 -0.0413 2.95512e-57
422 -0.0395 2.06583e-57
423 -0.0377 1.46605e-57
424 -0.0359 1.05689e-57
425 -0.0341 7.74508e-58
426 -0.0323 5.9864e-58
427 -0.0305 4.5346e-58
428 -0.0287 3.46999e-58
429 -0.0269 2.7574e-58
430 -0.0251 2.18632e-58
431 -0.0233 1.79361e-58
432 -0.0215 1.44069e-58
433 -0.0197 1.19565e-58
434 -0.0179 9.97593e-59
435 -0.0161 8.23962e-59
436 -0.0143 7.23834e-59
437 -0.0125 6.27271e-59
438 -0.0107 5.53084e-59
439 -0.0089 4.95137e-59
440 -0.0071 4.54203e-59
441 -0.0053 4.16392e-59
442 -0.0035 3.96257e-59
443 -0.0017 3.86682e-59
444 0.0001 3.76999e-59
445 0.0019 3.71108e-59
446 0.0037 3.67736e-59
447 0.0055 3.72547e-59
448 0.0073 3.80123e-59
449 0.0091 3.95975e-59
450 0.0109 4.3633e-59
451 0.0127 4.7972e-59
452 0.0145 5.46991e-59
453 0.0163 6.31786e-59
454 0.0181 7.70489e-59
455 0.0199 9.17306e-59
456 0.0217 1.11149e-58
457 0.0235 1.39676e-58
458 0.0253 1.83356e-58
459 0.0271 2.42819e-58
460 0.0289 3.33881e-58
461 0.0307 4.6389e-58
462 0.0325 6.70454e-58
463 0.0343 9.80831e-58
464 0.0361 1.53404e-57
465 0.0379 2.46226e-57
466 0.0397 3.88337e-57
467 0.0415 6.34599e-57
468 0.0433 1.06222e-56
469 0.0451 1.84742e-56
470 0.0469 3.28205e-56
471 0.0487 6.10218e-56
472 0.0505 1.12268e-55
473 0.0523 2.14513e-55
474 0.0541 4.17404e-55
475 0.0559 7.97014e-55
476 0.0577 1.59292e-54
477 0.0595 3.26139e-54
478 0.0613 6.73312e-54
479 0.0631 1.47095e-53
480 0.0649 3.19604e-53
481 0.0667 7.15583e-53
482 0.0685 1.70574e-52
483 0.0703 4.17709e-52
484 0.0721 1.06938e-51
485 0.0739 2.6705e-51
486 0.0757 7.04047e-51
487 0.0775 1.85038e-50
488 0.0793 5.20955e-50
489 0.0811 1.4618e-49
490 0.0829 4.4127e-49
491 0.0847 1.32232e-48
492 0.0865 4.20274e-48
493 0.0883 1.31026e-47
494 0.0901 4.1562e-47
495 0.0919 1.39978e-46
496 0.0937 4.72297e-46
497 0.0955 1.69723e-45
498 0.0973 6.40719e-45
499 0.0991 2.47349e-44
500 0.1009 9.57651e-44
501 0.1027 3.81246e-43
502 0.1045 1.69515e-42
503 0.1063 7.47177e-42
504 0.1081 3.31492e-41
505 0.1099 1.36295e-40
506 0.1117 6.07511e-40
507 0.1135 2.7017e-39
508 0.1153 1.23719e-38
509 0.1171 5.55374e-38
510 0.1189 2.67902e-37
511 0.1207 1.32725e-36
512 0.1225 6.86181e-36
513 0.1243 3.60727e-35
514 0.1261 2.01408e-34
515 0.1279 1.16999e-33
516 0.1297 6.90146e-33
517 0.1315 4.16559e-32
518 0.1333 2.32836e-31
519 0.1351 1.3359e-30
520 0.1369 7.5505e-30
521 0.1387 4.20929e-29
522 0.1405 2.49809e-28
523 0.1423 1.53174e-27
524 0.1441 9.14699e-27
525 0.1459 5.46536e-26
526 0.1477 2.99484e-25
527 0.1495 1.8058e-24
528 0.1513 1.0873e-23
529 0.1531 6.67776e-23
530 0.1549 4.04085e-22
531 0.1567 2.41568e-21
532 0.1585 1.47713e-20
533 0.1603 8.633e-20
534 0.1621 4.82478e-19
535 0.1639 2.65678e-18
536 0.1657 1.42756e-17
537 0.1675 7.70599e-17
538 0.1693 4.25905e-16
539 0.1711 2.15529e-15
540 0.1729 1.09756e-14
541 0.1747 5.40978e-14
542 0.1765 2.57435e-13
543 0.1783 1.22056e-12
544 0.1801 5.70467e-12
545 0.1819 2.56759e-11
546 0.1837 1.1467e-10
547 0.1855 4.80802e-10
548 0.1873 1.96644e-09
549 0.1891 7.58148e-09
550 0.1909 2.8535e-08
551 0.1927 1.03155e-07
552 0.1945 3.53474e-07
553 0.1963 1.16865e-06
554 0.1981 3.693e-06
555 0.1999 1.13795e-05
556 0.2017 3.32812e-05
557 0.2035 9.09637e-05
558 0.2053 0.000246218
559 0.2071 0.000620489
560 0.2089 0.00150802
561 0.2107 0.00363672
562 0.2125 0.00807208
563 0.2143 0.0175091
564 0.2161 0.0353506
565 0.2179 0.0697133
566 0.2197 0.131536
567 0.2215 0.244142
568 0.2233 0.411179
569 0.2251 0.705319
570 0.2269 1.10179
571 0.2287 1.68792
572 0.2305 2.50789
573 0.2323 3.47109
574 0.2341 4.63258
575 0.2359 5.92111
576 0.2377 7.24105
577 0.2395 8.45448
578 0.2413 9.43287
579 0.2431 10.0173
580 0.2449 10.1548
581 0.2467 9.97368
582 0.2485 9.39141
583 0.2503 8.48643
584 0.2521 7.32982
585 0.2539 6.09803
586 0.2557 4.86347
587 0.2575 3.68924
588 0.2593 2.68955
589 0.2611 1.88462
590 0.2629 1.27744
591 0.2647 0.823082
592 0.2665 0.507084
593 0.2683 0.308037
594 0.2701 0.178425
595 0.2719 0.0984326
596 0.2737 0.0525266
597 0.2755 0.0267984
598 0.2773 0.0130781
599 0.2791 0.0061718
600 0.2809 0.00279283
601 0.2827 0.00121813
602 0.2845 0.00051652
603 0.2863 0.000211619
604 0.2881 8.459e-05
605 0.2899 3.20502e-05
606 0.2917 1.1799e-05
607 0.2935 4.20513e-06
608 0.2953 1.4546e-06
609 0.2971 4.80427e-07
610 0.2989 1.55026e-07
611 0.3007 4.82937e-08
612 0.3025 1.46337e-08
613 0.3043 4.27624e-09
614 0.3061 1.20035e-09
615 0.3079 3.27557e-10
616 0.3097 8.63651e-11
617 0.3115 2.21991e-11
618 0.3133 5.52184e-12
619 0.3151 1.32585e-12
620 0.3169 3.09111e-13
621 0.3187 7.04949e-14
622 0.3205 1.57083e-14
623 0.3223 3.40174e-15
624 0.3241 7.13435e-16
625 0.3259 1.46436e-16
626 0.3277 2.90834e-17
627 0.3295 5.62954e-18
628 0.3313 1.06284e-18
629 0.3331 1.94501e-19
630 0.3349 3.48961e-20
631 0.3367 6.07559e-21
632 0.3385 1.04705e-21
633 0.3403 1.75218e-22
634 0.3421 2.85935e-23
635 0.3439 4.55679e-24
636 0.3457 7.03615e-25
637 0.3475 1.07464e-25
638 0.3493 1.60549e-26
639 0.3511 2.36185e-27
640 0.3529 3.40648e-28
641 0.3547 4.74522e-29
642 0.3565 6.49189e-30
643 0.3583 8.724e-31
644 0.3601 1.15045e-31
645 0.3619 1.48826e-32
646 0.3637 1.87889e-33
647 0.3655 2.36035e-34
648 0.3673 2.87768e-35
649 0.3691 3.46196e-36
650 0.3709 4.11795e-37
651 0.3727 4.83128e-38
652 0.3745 5.56579e-39
653 0.3763 6.28257e-40
654 0.3781 6.93507e-41
655 0.3799 7.57744e-42
656 0.3817 8.21979e-43
657 0.3835 8.74066e-44
658 0.3853 9.137e-45
659 0.3871 9.45703e-46
660 0.3889 9.68135e-47
661 0.3907 9.71036e-48
662 0.3925 9.73399e-49
663 0.3943 9.59754e-50
664 0.3961 9.2733e-51
665 0.3979 8.8648e-52
666 0.3997 8.36576e-53
667 0.4015 7.80834e-54
668 0.4033 7.20015e-55
669 0.4051 6.59739e-56
670 0.4069 5.95893e-57
671 0.4087 5.32638e-58
672 0.4105 4.73614e-59
673 0.4123 4.1461e-60
674 0.4141 3.57949e-61
675 0.4159 3.0671e-62
676 0.4177 2.60591e-63
677 0.4195 2.19994e-64
678 0.4213 1.82534e-65
679 0.4231 1.51107e-66
680 0.4249 1.23858e-67
681 0.4267 1.01038e-68
682 0.4285 8.15154e-70
683 0.4303 6.49248e-71
684 0.4321 5.13145e-72
685 0.4339 4.04724e-73
686 0.4357 3.16446e-74
687 0.4375 2.45379e-75
688 0.4393 1.89089e-76
689 0.4411 1.44701e-77
690 0.4429 1.10035e-78
691 0.4447 8.25919e-80
692 0.4465 6.14974e-81
693 0.4483 4.55967e-82
694 0.4501 3.36368e-83
695 0.4519 2.48165e-84
696 0.4537 1.80883e-85
697 0.4555 1.31618e-86
698 0.4573 9.47376e-88
699 0.4591 6.77648e-89
700 0.4609 4.82003e-90
701 0.4627 3.39784e-91
702 0.4645 2.3886e-92
703 0.4663 1.6707e-93
704 0.4681 1.16205e-94
705 0.4699 7.99065e-96
706 0.4717 5.50108e-97
707 0.4735 3.75814e-98
708 0.4753 2.55432e-99
709 0.4771 1.73436e-100
710 0.4789 1.17139e-101
711 0.4807 7.88595e-103
712 0.4825 5.26511e-104
713 0.4843 3.49823e-105
714 0.4861 2.30843e-106
715 0.4879 1.52612e-107
716 0.4897 1.00367e-108
717 0.4915 6.53861e-110
718 0.4933 4.23829e-111
719 0.4951 2.73604e-112
720 0.4969 1.76032e-113
721 0.4987 1.12624e-114
722 0.5005 7.19857e-116
723 0.5023 4.58355e-117
724 0.5041 2.89593e-118
725 0.5059 1.8283e-119
726 0.5077 1.14727e-120
727 0.5095 7.14339e-122
728 0.5113 4.45648e-123
729 0.5131 2.77501e-124
730 0.5149 1.71637e-125
731 0.5167 1.06116e-126
732 0.5185 6.50913e-128
733 0.5203 3.98194e-129
734 0.5221 2.428e-130
735 0.5239 1.47865e-131
736 0.5257 8.94332e-133
737 0.5275 5.3914e-134
738 0.5293 3.23793e-135
739 0.5311 1.93712e-136
740 0.5329 1.15618e-137
741 0.5347 6.90975e-139
742 0.5365 4.0944e-140
743 0.5383 2.41748e-141
744 0.5401 1.42608e-142
745 0.5419 8.40266e-144
746 0.5437 4.94303e-145
747 0.5455 2.88041e-146
748 0.5473 1.67761e-147
749 0.5491 9.77202e-149
750 0.5509 5.66854e-150
751 0.5527 3.27776e-151
752 0.5545 1.89477e-152
753 0.5563 1.089e-153
754 0.5581 6.24275e-155
755 0.5599 3.57121e-156
756 0.5617 2.03638e-157
757 0.5635 1.15516e-158
758 0.5653 6.54288e-160
759 0.5671 3.69398e-161
760 0.5689 2.08133e-162
761 0.5707 1.16758e-163
762 0.5725 6.5446e-165
763 0.5743 3.65779e-166
764 0.5761 2.03911e-167
765 0.5779 1.13661e-168
766 0.5797 6.3204e-170
767 0.5815 3.50325e-171
768 0.5833 1.93305e-172
769 0.5851 1.06518e-173
770 0.5869 5.85869e-175
771 0.5887 3.20876e-176
772 0.5905 1.75944e-177
773 0.5923 9.60006e-179
774 0.5941 5.20278e-180
775 0.5959 2.83206e-181
776 0.5977 1.53304e-182
777 0.5995 8.29438e-184
778 0.6013 4.46723e-185
779 0.6031 2.40186e-186
780 0.6049 1.28986e-187
781 0.6067 6.89277e-189
782 0.6085 3.68689e-190
783 0.6103 1.96915e-191
784 0.6121 1.0458e-192
785 0.6139 5.55003e-194
786 0.6157 2.94977e-195
787 0.6175 1.56326e-196
788 0.6193 8.2245e-198
789 0.6211 4.33029e-199
790 0.6229 2.276e-200
791 0.6247 1.19104e-201
792 0.6265 6.22556e-203
793 0.6283 3.25665e-204
794 0.6301 1.70332e-205
795 0.6319 8.88029e-207
796 0.6337 4.61945e-208
797 0.6355 2.3946e-209
798 0.6373 1.24048e-210
799 0.6391 6.39041e-212
800 0.6409 3.2846e-213
801 0.6427 1.6903e-214
802 0.6445 8.68815e-216
803 0.6463 4.47027e-217
804 0.6481 2.28515e-218
805 0.6499 1.16448e-219
806 0.6517 5.93553e-221
807 0.6535 3.03729e-222
808 0.6553 1.54702e-223
809 0.6571 7.83505e-225
810 0.6589 3.96105e-226
811 0.6607 2.00482e-227
812 0.6625 1.01091e-228
813 0.6643 5.08666e-230
814 0.6661 2.55611e-231
815 0.6679 1.28198e-232
816 0.6697 6.42511e-234
817 0.6715 3.22052e-235
818 0.6733 1.60785e-236
819 0.6751 8.00819e-238
820 0.6769 3.99405e-239
821 0.6787 1.99213e-240
822 0.6805 9.865e-242
823 0.6823 4.8885e-243
824 0.6841 2.41473e-244
825 0.6859 1.19336e-245
826 0.6877 5.89131e-247
827 0.6895 2.89429e-248
828 0.6913 1.42566e-249
829 0.6931 6.9882e-251
830 0.6949 3.42324e-252
831 0.6967 1.67123e-253
832 0.6985 8.16172e-255
833 0.7003 3.9758e-256
834 0.7021 1.93204e-257
835 0.7039 9.38816e-259
836 0.7057 4.56173e-260
837 0.7075 2.21085e-261
838 0.7093 1.06857e-262
839 0.7111 5.16917e-264
840 0.7129 2.49662e-265
841 0.7147 1.20192e-266
842 0.7165 5.7847e-268
843 0.7183 2.78066e-269
844 0.7201 1.33527e-270
845 0.7219 6.39482e-272
846 0.7237 3.06106e-273
847 0.7255 1.46473e-274
848 0.7273 6.98145e-276
849 0.7291 3.31709e-277
850 0.7309 1.57505e-278
851 0.7327 7.48227e-280
852 0.7345 3.55146e-281
853 0.7363 1.68467e-282
854 0.7381 7.96282e-284
855 0.7399 3.76395e-285
856 0.7417 1.77467e-286
857 0.7435 8.34973e-288
858 0.7453 3.93122e-289
859 0.7471 1.84823e-290
860 0.7489 8.69265e-292
861 0.7507 4.07188e-293
862 0.7525 1.90279e-294
863 0.7543 8.87379e-296
864 0.7561 4.12897e-297
865 0.7579 1.91852e-298
866 0.7597 8.94024e-300
867 0.7615 4.14531e-301
868 0.7633 1.92131e-302
869 0.7651 8.88408e-304
870 0.7669 4.11905e-305
871 0.7687 1.90773e-306
872 0.7705 8.79354e-308
873 0.7723 4.05708e-309
874 0.7741 1.86828e-310
875 0.7759 8.5895e-312
876 0.7777 3.94177e-313
877 0.7795 1.80541e-314
878 0.7813 8.26564e-316
879 0.7831 3.78564e-317
880 0.7849 1.72923e-318
881 0.7867 7.95989e-320
882 0.7885 2.747e-321
883 0.7903 0
884 0.7921 0
885 0.7939 0
886 0.7957 0
887 0.7975 0
888 0.7993 0
889 0.8011 0
890 0.8029 0
891 0.8047 0
892 0.8065 0
893 0.8083 0
894 0.8101 0
895 0.8119 0
896 0.8137 0
897 0.8155 0
898 0.8173 0
899 0.8191 0
900 0.8209 0
901 0.8227 0
902 0.8245 0
903 0.8263 0
904 0.8281 0
905 0.8299 0
906 0.8317 0
907 0.8335 0
908 0.8353 0
909 0.8371 0
910 0.8389 0
911 0.8407 0
912 0.8425 0
913 0.8443 0
914 0.8461 0
915 0.8479 0
916 0.8497 0
917 0.8515 0
918 0.8533 0
919 0.8551 0
920 0.8569 0
921 0.8587 0
922 0.8605 0
923 0.8623 0
924 0.8641 0
925 0.8659 0
926 0.8677 0
927 0.8695 0
928 0.8713 0
929 0.8731 0
930 0.8749 0
931 0.8767 0
932 0.8785 0
933 0.8803 0
934 0.8821 0
935 0.8839 0
936 0.8857 0
937 0.8875 0
938 0.8893 0
939 0.8911 0
940 0.8929 0
941 0.8947 0
942 0.8965 0
943 0.8983 0
944 0.9001 0
945 0.9019 0
946 0.9037 0
947 0.9055 0
948 0.9073 0
949 0.9091 0
950 0.9109 0
951 0.9127 0
952 0.9145 0
953 0.9163 0
954 0.9181 0
955 0.9199 0
956 0.9217 0
957 0.9235 0
958 0.9253 0
959 0.9271 0
960 0.9289 0
961 0.9307 0
962 0.9325 0
963 0.9343 0
964 0.9361 0
965 0.9379 0
966 0.9397 0
967 0.9415 0
968 0.9433 0
969 0.9451 0
970 0.9469 0
971 0.9487 0
972 0.9505 0
973 0.9523 0
974 0.9541 0
975 0.9559 0
976 0.9577 0
977 0.9595 0
978 0.9613 0
979 0.9631 0
980 0.9649 0
981 0.9667 0
982 0.9685 0
983 0.9703 0
984 0.9721 0
985 0.9739 0
986 0.9757 0
987 0.9775 0
988 0.9793 0
989 0.9811 0
990 0.9829 0
991 0.9847 0
992 0.9865 0
993 0.9883 0
994 0.9901 0
995 0.9919 0
996 0.9937 0
997 0.9955 0
998 0.9973 0
999 0.9991 0
