0.01 0.0649809 1.51225 1 1 0 510.764 260881 0.269154
0.02 0.0800409 1.51087 1 1 0 509.487 259580 0.265799
0.03 0.0951147 1.51302 1 1 0 508.202 258274 0.26926
0.04 0.110212 1.51671 1 1 0 506.939 256993 0.26986
0.05 0.125446 1.49595 0.999995 0.999989 0.000106359 505.671 255710 0.269113
0.06 0.140695 1.52787 0.999946 0.999892 0.000923079 504.468 254496 0.270834
0.07 0.156128 1.56331 0.999749 0.999498 0.00360129 503.087 253106 0.273604
0.08 0.171877 1.59738 0.99917 0.998345 0.0105317 501.739 251753 0.276991
0.09 0.188286 1.67093 0.997863 0.995742 0.0245482 500.227 250239 0.279317
0.1 0.205201 1.76847 0.995228 0.990503 0.0505073 498.494 248511 0.289236
0.11 0.224242 1.93219 0.990715 0.981563 0.0943316 496.337 246367 0.302669
0.12 0.244442 2.15998 0.983635 0.967627 0.158592 493.823 243880 0.325424
0.13 0.267051 2.47803 0.972941 0.946772 0.262465 490.543 240655 0.354387
0.14 0.294237 2.95465 0.95546 0.913223 0.492505 485.872 236103 0.455785
0.15 0.271429 2.04608 5.09259e-06 2.35768e-08 3.39133e-05 165.138 27290.3 0.800351
0.16 0.291048 1.93758 8.33333e-06 3.85802e-08 5.19896e-05 161.55 26119.1 0.803014
0.17 0.309535 1.87323 9.25926e-06 4.28669e-08 5.43573e-05 158.165 25037.9 0.802596
0.18 0.328656 1.71687 1.01852e-05 4.71536e-08 5.64599e-05 154.593 23920.6 0.779595
0.19 0.343352 1.50508 1.48148e-05 6.85871e-08 7.77232e-05 151.998 23125.5 0.761486
0.2 0.359574 1.41683 2.06019e-05 9.53789e-08 0.000102551 149.112 22255.9 0.726972
0.21 0.374237 1.34561 2.47685e-05 1.14669e-07 0.000117314 146.434 21465.3 0.730286
0.22 0.386173 1.23005 3.31019e-05 1.53249e-07 0.000149387 144.532 20912.3 0.715624
0.23 0.397969 1.11476 3.88889e-05 1.80041e-07 0.000167662 142.508 20331.2 0.690111
0.24 0.408405 1.01803 5.94907e-05 2.77563e-07 0.000246622 140.728 19826.5 0.655433
0.25 0.418463 0.964994 6.45833e-05 3.03284e-07 0.000258433 139.11 19374.4 0.658853
0.26 0.427684 0.913252 8.81944e-05 4.19024e-07 0.000341651 137.583 18952.8 0.660657
0.27 0.436549 0.826093 9.88426e-05 4.66178e-07 0.000365127 136.242 18585.1 0.626549
0.28 0.445549 0.734678 0.000136111 6.49434e-07 0.0004867 134.776 18187.2 0.599552
0.29 0.451759 0.7034 0.000141204 6.79441e-07 0.000491216 133.796 17924.5 0.597028
0.3 0.458887 0.700237 0.000158565 7.57673e-07 0.000527422 132.703 17634.4 0.61327
0.31 0.466062 0.637616 0.000194444 9.43073e-07 0.000630765 131.622 17347.5 0.568288
0.32 0.471768 0.603891 0.000217593 1.06096e-06 0.000684187 130.841 17143.8 0.582071
0.33 0.478903 0.569766 0.000260417 1.27851e-06 0.000792451 129.845 16883.9 0.565322
0.34 0.48458 0.54969 0.000287963 1.41675e-06 0.000847374 129.075 16684.1 0.541147
0.35 0.488637 0.524897 0.000340046 1.70503e-06 0.000980888 128.637 16572 0.545699
0.36 0.493989 0.508765 0.000388194 1.97081e-06 0.00109207 127.704 16332.6 0.525942
0.37 0.500193 0.474622 0.000466435 2.43377e-06 0.00129379 127.131 16187.2 0.531999
0.38 0.503348 0.454193 0.000503241 2.58273e-06 0.00132413 126.581 16048.7 0.541465
0.39 0.508243 0.44228 0.000561806 2.92674e-06 0.00144616 125.919 15882.1 0.537545
0.4 0.513516 0.427337 0.000636806 3.36827e-06 0.00159988 125.244 15712.6 0.528383
0.41 0.516395 0.407368 0.000720602 3.87839e-06 0.00176968 125.029 15657.9 0.501822
0.42 0.521206 0.396622 0.000749537 4.08951e-06 0.00181425 124.357 15492 0.52171
0.43 0.524981 0.403009 0.000887731 4.99721e-06 0.00211436 123.999 15403.7 0.521912
0.44 0.529406 0.379733 0.00100602 5.76775e-06 0.0023346 123.522 15285.7 0.513963
0.45 0.532817 0.372385 0.0010581 6.17177e-06 0.00242505 123.086 15178.8 0.51489
0.46 0.536249 0.365633 0.00114375 6.56614e-06 0.00246896 122.708 15084.6 0.483423
0.47 0.538931 0.357897 0.00125116 7.57137e-06 0.00276019 122.501 15035.7 0.5069
0.48 0.542576 0.336718 0.00141181 8.69877e-06 0.00301751 122.082 14932.9 0.493968
0.49 0.546255 0.318806 0.00154213 9.71579e-06 0.00323455 121.737 14848.6 0.479515
0.5 0.549713 0.315182 0.00164352 1.04853e-05 0.00336273 121.318 14747.4 0.482828
0.51 0.553315 0.319681 0.00180278 1.1707e-05 0.00358177 121.054 14684.2 0.486774
0.52 0.55507 0.303002 0.00204977 1.392e-05 0.00403688 120.977 14664.7 0.465423
0.53 0.558977 0.308732 0.00214699 1.4818e-05 0.00416043 120.592 14573.8 0.489284
0.54 0.562552 0.294883 0.00233542 1.66785e-05 0.00448971 120.315 14506.1 0.467889
0.55 0.564566 0.2953 0.00250509 1.80791e-05 0.00463561 120.204 14480.7 0.480815
0.56 0.566764 0.287192 0.00264259 1.96631e-05 0.00489077 119.976 14426 0.47353
0.57 0.570844 0.289873 0.00291528 2.22094e-05 0.00519556 119.724 14365.6 0.467213
0.58 0.573078 0.270952 0.00314491 2.47857e-05 0.00554719 119.493 14310.9 0.467099
0.59 0.576487 0.276187 0.00333264 2.74016e-05 0.00596568 119.329 14272.3 0.466502
0.6 0.579406 0.286784 0.00363958 3.08546e-05 0.00633887 119.397 14289.9 0.478552
0.61 0.581796 0.276915 0.00378704 3.28961e-05 0.0065701 118.879 14166.3 0.470428
0.62 0.585017 0.26816 0.00404815 3.59482e-05 0.0068147 118.694 14122.4 0.464299
0.63 0.587535 0.27175 0.00437153 4.07761e-05 0.00742829 118.765 14140.4 0.470394
0.64 0.589305 0.261908 0.00458032 4.30695e-05 0.00745542 118.598 14100.9 0.466172
0.65 0.592374 0.268008 0.00481921 4.70068e-05 0.00790294 118.461 14069.7 0.475929
0.66 0.596189 0.278811 0.00515208 5.19408e-05 0.00831169 118.291 14029.1 0.466566
0.67 0.597676 0.27163 0.00543866 5.60346e-05 0.00852897 118.238 14016.6 0.457673
0.68 0.601603 0.267996 0.00582153 6.28804e-05 0.00920867 118.059 13975.4 0.467905
0.69 0.603255 0.268791 0.00605486 6.67192e-05 0.00940941 118.041 13970.9 0.458202
0.7 0.607263 0.273911 0.00653935 7.47921e-05 0.00988323 117.976 13956.4 0.4601
0.71 0.607992 0.262913 0.00672454 7.86158e-05 0.01016 117.899 13939 0.463039
0.72 0.610844 0.273781 0.00708681 8.52098e-05 0.0104961 117.785 13914.2 0.48249
0.73 0.613383 0.271145 0.0076544 9.71911e-05 0.0114218 118.143 13997.7 0.462713
0.74 0.616703 0.272254 0.00800995 0.000104543 0.0117876 117.979 13959.3 0.460295
0.75 0.619651 0.272128 0.00830787 0.000110852 0.0120473 117.747 13905.8 0.470652
0.76 0.622058 0.273328 0.00870139 0.000119502 0.0124451 117.647 13883.1 0.47237
0.77 0.624831 0.273689 0.00910694 0.000128492 0.0127791 117.701 13895.5 0.462918
0.78 0.628146 0.279439 0.00963287 0.000141364 0.0134508 117.666 13888 0.466358
0.79 0.630604 0.277893 0.0100609 0.000152297 0.0139649 117.72 13900.5 0.456535
0.8 0.633547 0.28855 0.0105319 0.000164155 0.0143729 117.709 13898.9 0.461652
0.81 0.636235 0.281049 0.0108597 0.000173622 0.0148502 117.439 13835.5 0.4571
0.82 0.63958 0.27851 0.0114734 0.000189662 0.0152841 117.614 13877 0.454469
0.83 0.641018 0.28721 0.0120572 0.000206506 0.0159087 117.902 13947.3 0.474725
0.84 0.644876 0.29247 0.0124662 0.000219444 0.016467 117.733 13908.6 0.480326
0.85 0.647007 0.289471 0.0129141 0.000233519 0.0169609 117.6 13877.1 0.472921
0.86 0.649771 0.289159 0.01359 0.000254614 0.0175624 117.918 13952.8 0.474147
0.87 0.654073 0.302295 0.0141148 0.00027279 0.0182637 117.682 13897.8 0.475898
0.88 0.656615 0.294161 0.0146187 0.000288911 0.0184591 117.846 13936.6 0.471331
0.89 0.659899 0.300526 0.01516 0.000308613 0.0191218 117.742 13912 0.466095
0.9 0.662752 0.309645 0.0157972 0.000332894 0.020002 117.868 13942.2 0.463987
0.91 0.666257 0.315972 0.0165178 0.000360103 0.0207132 118.066 13988 0.451021
0.92 0.668436 0.311118 0.0172234 0.00038781 0.0214039 118.184 14019.3 0.477372
0.93 0.67227 0.308402 0.0176634 0.000405956 0.0218229 117.949 13961.6 0.453284
0.94 0.674901 0.324359 0.0185014 0.000441298 0.0227482 118.51 14098.6 0.485776
0.95 0.678227 0.331352 0.0191938 0.000473102 0.0238059 118.483 14093 0.485775
0.96 0.681532 0.320638 0.0196958 0.000491388 0.023279 118.35 14060 0.468238
0.97 0.684378 0.331052 0.0205153 0.000532212 0.0247923 118.816 14171.9 0.475239
0.98 0.687891 0.332152 0.021166 0.000564066 0.0255822 118.712 14147.8 0.474913
0.99 0.691682 0.337403 0.0222299 0.000615716 0.0265199 119.228 14272.5 0.484123
1 0.694146 0.342745 0.0227218 0.000641424 0.0270316 119.144 14253.8 0.490974
