1 0.720231 0.419482 0.037265 0.00161624 0.0491515 123.517 15325.9 0.562759
0.99 0.716406 0.393283 0.0361683 0.00151897 0.0459977 123.242 15254.4 0.540254
0.98 0.712442 0.399374 0.0349352 0.00142766 0.0456674 122.836 15155.6 0.555532
0.97 0.708425 0.39718 0.0340803 0.00136151 0.044545 122.843 15153.7 0.532459
0.96 0.703112 0.389683 0.0323688 0.00123699 0.0425814 122.054 14961.1 0.546744
0.95 0.700814 0.396095 0.0320528 0.00121324 0.0422589 122.5 15068 0.530351
0.94 0.696785 0.387117 0.0309037 0.00113377 0.0410703 122.208 14996.5 0.536962
0.93 0.694088 0.387225 0.0299438 0.00106686 0.0395379 121.797 14894.5 0.530036
0.92 0.688419 0.36525 0.0287375 0.000983983 0.0371283 121.726 14874.2 0.508584
0.91 0.685566 0.368512 0.0279912 0.000945696 0.0384975 121.672 14863.7 0.538546
0.9 0.681106 0.368115 0.0268111 0.000872119 0.0367881 121.304 14772.2 0.526273
0.89 0.678036 0.359445 0.0259769 0.0008239 0.0361869 121.206 14748.1 0.53097
0.88 0.674986 0.356071 0.0251398 0.000773838 0.0348123 121.112 14724.6 0.529662
0.87 0.669834 0.357449 0.0240516 0.000713631 0.0335545 120.878 14665.3 0.512538
0.86 0.667384 0.353072 0.023391 0.000679731 0.0333026 120.925 14676.6 0.517429
0.85 0.664161 0.355042 0.022515 0.000632694 0.0319594 120.682 14615.8 0.504558
0.84 0.660447 0.348923 0.0217664 0.000592577 0.0305483 120.526 14578 0.509404
0.83 0.656772 0.342927 0.0208058 0.00055056 0.0306251 120.534 14581 0.526221
0.82 0.653546 0.331533 0.0201463 0.000518801 0.0297469 120.296 14522.3 0.518108
0.81 0.650139 0.336164 0.0192972 0.000477371 0.0279967 120.274 14515.1 0.50635
0.8 0.647159 0.329826 0.0186919 0.000452734 0.0279036 120.246 14507.7 0.505941
0.79 0.643683 0.323899 0.0178215 0.000414747 0.0265599 120.08 14469.3 0.529044
0.78 0.640711 0.324997 0.0173238 0.000393425 0.0258396 120.191 14492.4 0.497176
0.77 0.63643 0.324319 0.0163817 0.000357391 0.0249749 119.942 14433.7 0.516272
0.76 0.633428 0.325618 0.0155141 0.000322871 0.0233572 119.802 14397.6 0.495129
0.75 0.629599 0.321778 0.0151444 0.000309992 0.0232238 120.042 14456 0.511236
0.74 0.627741 0.307657 0.0144359 0.000284477 0.0222078 119.714 14375.3 0.493825
0.73 0.624133 0.311693 0.0135664 0.000255042 0.0210065 119.596 14346.4 0.496178
0.72 0.620441 0.314281 0.0131831 0.000243511 0.0209151 119.841 14404.9 0.499327
0.71 0.617676 0.30192 0.0124653 0.000219753 0.019583 119.721 14374.2 0.483317
0.7 0.615359 0.306378 0.0118484 0.000201782 0.0189457 119.58 14340.1 0.486076
0.69 0.612067 0.312554 0.0114623 0.000191751 0.0188977 119.808 14394.8 0.495154
0.68 0.608459 0.301557 0.0107588 0.000170853 0.0175026 119.624 14350 0.49275
0.67 0.605524 0.309336 0.0104303 0.000161895 0.0171197 119.992 14437.6 0.491188
0.66 0.602318 0.306524 0.00993727 0.000149489 0.0166057 119.825 14396.4 0.485347
0.65 0.60003 0.30449 0.00938981 0.000136881 0.0161874 119.726 14371.7 0.48048
0.64 0.597407 0.317325 0.00889144 0.000125363 0.0156282 119.897 14412.8 0.489585
0.63 0.593777 0.293534 0.00841551 0.000113476 0.0146247 120.038 14446.6 0.496039
0.62 0.590618 0.302809 0.00795278 0.00010392 0.0141701 120.059 14451.1 0.497899
0.61 0.587104 0.310811 0.00763611 9.70422e-05 0.0137149 120.221 14491.6 0.526351
0.6 0.584484 0.301877 0.00719514 8.79833e-05 0.0130368 120.332 14515.2 0.491727
0.59 0.581858 0.317069 0.00686875 8.22927e-05 0.0128549 120.555 14569.4 0.504593
0.58 0.578321 0.316902 0.00644167 7.34032e-05 0.011883 120.671 14597.2 0.509881
0.57 0.575834 0.312561 0.00602014 6.64598e-05 0.0114509 120.585 14574 0.484338
0.56 0.572098 0.309693 0.00564144 6.03749e-05 0.0110118 120.857 14639.9 0.495599
0.55 0.568146 0.318772 0.00528565 5.41581e-05 0.0102973 121.146 14709.5 0.49969
0.54 0.565145 0.323749 0.0049331 4.89465e-05 0.00984442 121.102 14697.8 0.492297
0.53 0.562948 0.312406 0.00473866 4.60359e-05 0.00961037 121.232 14728.8 0.490117
0.52 0.559609 0.320981 0.00436157 4.08308e-05 0.00905847 121.586 14815 0.5048
0.51 0.555855 0.338822 0.00415255 3.74068e-05 0.00853968 122.089 14937 0.502939
0.5 0.552056 0.324574 0.00386042 3.35959e-05 0.00807541 122.22 14967.8 0.492729
0.49 0.548528 0.345458 0.00354907 2.96789e-05 0.00753047 122.456 15025.9 0.504625
0.48 0.546362 0.361813 0.00330579 2.73416e-05 0.00738602 122.563 15052 0.51766
0.47 0.541737 0.359654 0.00309954 2.48242e-05 0.0069934 122.899 15133 0.50094
0.46 0.537992 0.359558 0.00287292 2.19511e-05 0.00643184 123.348 15243.5 0.507529
0.45 0.534343 0.391381 0.00267685 1.9916e-05 0.00612021 123.762 15345.2 0.503571
0.44 0.530945 0.386403 0.00244514 1.76858e-05 0.00574713 124.029 15411.2 0.514732
0.43 0.526421 0.40833 0.00225162 1.58147e-05 0.00539743 124.474 15522.2 0.530957
0.42 0.522402 0.411398 0.00212407 1.47248e-05 0.00525245 125.058 15666.5 0.514057
0.41 0.51823 0.429357 0.00194468 1.31891e-05 0.00495605 125.424 15758.9 0.537621
0.4 0.514214 0.437782 0.00175648 1.15826e-05 0.00458861 125.847 15864.3 0.531179
0.39 0.509772 0.472591 0.00161713 1.03781e-05 0.0042995 126.269 15971.1 0.551759
0.38 0.505096 0.484172 0.00145995 9.20675e-06 0.00402174 126.832 16112.6 0.543602
0.37 0.500125 0.487024 0.00138958 8.52516e-06 0.0038496 127.523 16288.4 0.558693
0.36 0.49542 0.503369 0.00121736 7.26702e-06 0.00347103 128.131 16442.6 0.54266
0.35 0.488963 0.529378 0.00105532 6.07317e-06 0.0030607 128.846 16626.9 0.564737
0.34 0.484288 0.550713 0.000997685 5.7506e-06 0.00302097 129.479 16789.5 0.558639
0.33 0.479133 0.606638 0.000875463 4.83325e-06 0.00266191 130.206 16978.7 0.584712
0.32 0.472387 0.622381 0.000832639 4.62427e-06 0.00265341 131.249 17250.7 0.581363
0.31 0.466565 0.63423 0.000709259 3.87517e-06 0.00234961 131.884 17416.9 0.577646
0.3 0.459487 0.677416 0.000624074 3.28146e-06 0.00208224 132.923 17692.3 0.592995
0.29 0.453285 0.734442 0.000549306 2.8903e-06 0.00192804 133.673 17892.3 0.615831
0.28 0.444724 0.766451 0.000502315 2.62989e-06 0.00183412 135.107 18277.3 0.615922
0.27 0.435404 0.848985 0.00044375 2.30517e-06 0.0016866 136.627 18690.8 0.64514
0.26 0.428599 0.860205 0.000389583 1.98581e-06 0.00152366 137.569 18948 0.640516
0.25 0.418815 0.957719 0.000328241 1.65681e-06 0.00133839 139.143 19383.6 0.657494
0.24 0.408756 1.06709 0.000317593 1.5775e-06 0.00132897 140.864 19866.3 0.697159
0.23 0.398053 1.16464 0.00025162 1.22492e-06 0.0010909 142.512 20333.5 0.72739
0.22 0.386943 1.21551 0.000237037 1.1424e-06 0.00106647 144.427 20881.7 0.706588
0.21 0.373968 1.31478 0.000184491 8.77701e-07 0.000867768 146.619 21520 0.738737
0.2 0.35998 1.48902 0.0001625 7.86608e-07 0.000821018 149.07 22245 0.775178
0.19 0.345064 1.61048 0.000123611 5.85134e-07 0.000647834 151.701 23035.4 0.768705
0.18 0.327983 1.6571 0.000123148 5.8942e-07 0.000689106 154.812 23988.6 0.781001
0.17 0.309859 1.85149 8.49537e-05 3.97591e-07 0.000496004 158.08 25011.3 0.816797
0.16 0.290925 1.88092 7.56944e-05 3.56867e-07 0.000474036 161.563 26122.8 0.784769
0.15 0.271965 2.00394 5.94907e-05 2.8185e-07 0.000400768 165.067 27267.2 0.806738
0.14 0.251009 2.17445 4.16667e-05 1.92901e-07 0.00029494 168.935 28558.1 0.810009
0.13 0.22902 2.17768 3.86574e-05 1.78969e-07 0.000294882 173.169 30005.4 0.801649
0.12 0.208639 2.09545 1.62037e-05 7.50171e-08 0.000134558 176.953 31328.8 0.766562
0.11 0.187825 2.03522 1.57407e-05 7.28738e-08 0.000142611 180.887 32734.7 0.727387
0.1 0.168521 1.95935 9.9537e-06 4.6082e-08 9.9323e-05 184.463 34039.6 0.699578
0.09 0.149304 1.83852 2.31481e-06 1.07167e-08 2.57073e-05 188.015 35361.4 0.687026
0.08 0.13088 1.79203 2.08333e-06 9.64506e-09 2.60299e-05 191.472 36671.9 0.673396
0.07 0.112866 1.74714 4.62963e-07 2.14335e-09 6.6131e-06 194.916 38001.2 0.650346
0.06 0.0956117 1.69853 0 0 0 198.056 39234 0.657529
0.05 0.078845 1.66422 0 0 0 201.215 40493.7 0.633516
0.04 0.062254 1.62876 0 0 0 204.329 41755.4 0.6176
0.03 0.0461821 1.57611 0 0 0 207.323 42986.7 0.621747
0.02 0.0304907 1.55738 0 0 0 210.267 44214.8 0.628668
0.01 0.0150931 1.52809 0 0 0 213.164 45440.2 0.600844
