0.05 0.359447 1.54172 0 0 0 149.131 22262.7 0.762246
0.1 0.360065 1.40346 0 0 0 148.948 22207.5 0.73601
0.15 0.359276 1.38439 0 0 0 149.094 22250.5 0.72033
0.2 0.359669 1.52906 0 0 0 148.996 22222.9 0.772484
0.25 0.359929 1.40324 0 0 0 148.964 22212.2 0.733197
0.3 0.360144 1.46577 2.31481e-07 1.07167e-09 1.15735e-06 148.928 22201.9 0.751684
0.35 0.359667 1.50228 2.31481e-07 1.07167e-09 1.15735e-06 149.071 22244.8 0.760991
0.4 0.359293 1.44138 2.31481e-07 1.07167e-09 1.15735e-06 149.103 22254.4 0.759641
0.45 0.359437 1.46311 9.25926e-07 4.28669e-09 4.6287e-06 149.13 22262.7 0.767662
0.5 0.35915 1.44097 2.31481e-07 1.07167e-09 1.15735e-06 149.11 22255.9 0.742146
0.55 0.359552 1.46015 1.15741e-06 5.35837e-09 5.78559e-06 149.039 22235 0.755773
0.6 0.360324 1.50022 4.62963e-07 2.14335e-09 2.31458e-06 148.916 22199 0.77389
0.65 0.359606 1.46608 1.15741e-06 5.35837e-09 5.78559e-06 149.109 22256.4 0.771997
0.7 0.360036 1.42299 1.85185e-06 8.57339e-09 9.25556e-06 149.008 22225.5 0.746927
0.75 0.360427 1.4118 3.7037e-06 1.71468e-08 1.85037e-05 148.875 22186.2 0.752538
0.8 0.358857 1.43703 3.47222e-06 1.60751e-08 1.73481e-05 149.243 22295.5 0.732259
0.85 0.359174 1.45309 4.16667e-06 1.92901e-08 2.08146e-05 149.178 22276.4 0.746506
0.9 0.359741 1.49266 5.09259e-06 2.35768e-08 2.5435e-05 149.049 22239.1 0.790557
0.95 0.35931 1.40985 5.32407e-06 2.46485e-08 2.65898e-05 149.118 22258.1 0.73964
1 0.360182 1.35338 1.01852e-05 4.71536e-08 5.08139e-05 148.927 22201.1 0.732202
1.05 0.359419 1.47458 8.7963e-06 4.07236e-08 4.38979e-05 149.075 22246.1 0.759642
1.1 0.360317 1.43957 1.45833e-05 6.75154e-08 7.2687e-05 148.947 22207.3 0.74301
1.15 0.360835 1.41405 1.68981e-05 7.82322e-08 8.41823e-05 148.78 22157.4 0.735856
1.2 0.359194 1.46833 2.43056e-05 1.12526e-07 0.00012089 149.166 22273.4 0.765215
1.25 0.359896 1.36706 2.91667e-05 1.35031e-07 0.000144915 149.011 22226.4 0.744496
1.3 0.359023 1.43878 3.68056e-05 1.72539e-07 0.00018488 149.253 22299 0.75975
1.35 0.360649 1.44454 4.74537e-05 2.19693e-07 0.000234837 148.799 22163.1 0.738505
1.4 0.360027 1.44202 5.55556e-05 2.61488e-07 0.000279074 148.977 22217.1 0.764702
1.45 0.359663 1.46933 7.66204e-05 3.56867e-07 0.000379076 149.002 22224.3 0.765276
1.5 0.359955 1.44582 9.35185e-05 4.37243e-07 0.000462777 148.985 22219.1 0.758066
1.55 0.359342 1.44044 0.000125926 6.04424e-07 0.000635652 149.187 22278.8 0.74259
1.6 0.359745 1.45371 0.000166435 8.0054e-07 0.000834667 149.141 22265.3 0.744671
1.65 0.359769 1.49011 0.000215046 1.05131e-06 0.00108547 149.187 22279.5 0.762155
1.7 0.360654 1.45278 0.000265046 1.32566e-06 0.00135584 148.987 22220.2 0.771092
1.75 0.359363 1.51161 0.000325694 1.61287e-06 0.00162734 149.242 22295.9 0.762781
1.8 0.36018 1.47503 0.000413889 2.07476e-06 0.00205573 149.134 22263.7 0.762154
1.85 0.359564 1.46537 0.000607639 3.22252e-06 0.00308156 149.366 22333.3 0.769643
1.9 0.359686 1.36347 0.000714352 3.8966e-06 0.00365721 149.304 22314.1 0.750249
1.95 0.359832 1.44377 0.000926389 5.30264e-06 0.0048 149.398 22342.7 0.764564
2 0.360185 1.44114 0.00129745 8.04934e-06 0.00687523 149.478 22366.5 0.75902
2.05 0.360595 1.49899 0.00159676 1.02259e-05 0.00829037 149.517 22379.1 0.799264
2.1 0.36017 1.47473 0.00209213 1.47569e-05 0.0112103 149.754 22450 0.790531
2.15 0.359946 1.44882 0.00279606 2.21118e-05 0.0154374 150.141 22567.1 0.82749
2.2 0.360208 1.46946 0.00354329 3.1101e-05 0.0200298 150.306 22617.3 0.847862
2.25 0.359434 1.44121 0.00482824 4.98928e-05 0.0287074 150.944 22811.1 0.892024
2.3 0.359355 1.47244 0.00669491 8.46536e-05 0.0430184 151.544 22994.4 0.953896
2.35 0.359083 1.46343 0.00912153 0.000140152 0.0615061 152.345 23239.4 1
2.4 0.357818 1.57285 0.0125472 0.000252051 0.102188 153.69 23658.1 1.22226
2.45 -0.889346 1.62976 0.999737 0.999476 0.00129595 486.077 236298 0.279113
2.5 -0.938891 1.67626 0.999785 0.999572 0.00109726 486.06 236281 0.277773
2.55 -0.989114 1.65517 0.999835 0.999671 0.000812016 486.084 236304 0.275834
2.6 -1.03909 1.63257 0.999875 0.999751 0.000633588 486.005 236227 0.277422
2.65 -1.08862 1.60237 0.9999 0.9998 0.000501881 486.034 236257 0.279995
2.7 -1.13917 1.59234 0.999922 0.999845 0.000391615 486.034 236256 0.27673
2.75 -1.18878 1.62245 0.999943 0.999886 0.000282349 485.989 236213 0.277324
2.8 -1.23929 1.6003 0.999953 0.999907 0.00023375 486.049 236271 0.2774
2.85 -1.28957 1.58968 0.999963 0.999927 0.000183741 486.144 236363 0.277315
2.9 -1.33962 1.60858 0.999969 0.999939 0.000151769 486.116 236335 0.276345
2.95 -1.3893 1.6153 0.999976 0.999952 0.000119744 486.102 236322 0.275308
3 -1.43945 1.55884 0.999982 0.999964 9.1074e-05 486.094 236314 0.278948
