1 0.776616 0.541441 0.0819208 0.00732884 0.133448 136.333 18691.6 0.768833
0.99 0.771903 0.536862 0.08065 0.00709847 0.12961 136.38 18696.6 0.718526
0.98 0.765852 0.528868 0.0779662 0.00664949 0.1258 135.635 18494.6 0.735829
0.97 0.758828 0.51399 0.0747701 0.00614328 0.123077 134.653 18228 0.738778
0.96 0.755211 0.514613 0.0743773 0.00608346 0.124082 134.995 18321.9 0.759325
0.95 0.748995 0.512871 0.0714493 0.00563553 0.120626 133.941 18032.5 0.725183
0.94 0.744896 0.522105 0.0699449 0.00541143 0.119292 133.777 17989.8 0.744322
0.93 0.739768 0.500228 0.0674968 0.00503342 0.110928 133.111 17807.5 0.719473
0.92 0.732584 0.500624 0.0649808 0.00469204 0.110239 132.495 17641.4 0.708974
0.91 0.73024 0.502277 0.0648484 0.00467747 0.112073 132.888 17747.5 0.730806
0.9 0.724633 0.478649 0.0618803 0.00426409 0.104379 131.705 17429.7 0.705206
0.89 0.720338 0.483436 0.0601789 0.0040534 0.104819 131.439 17360.4 0.719608
0.88 0.714706 0.47256 0.0579181 0.00376787 0.101464 130.845 17203.3 0.720334
0.87 0.709971 0.486086 0.0570431 0.00365666 0.099994 131.01 17242.8 0.695906
0.86 0.704947 0.472851 0.0548824 0.00339063 0.0950773 130.398 17080.2 0.682397
0.85 0.700061 0.474489 0.0536437 0.00325114 0.0949103 130.372 17073.6 0.69204
0.84 0.695679 0.467666 0.0515681 0.00302616 0.0943439 129.806 16925 0.691511
0.83 0.691975 0.463385 0.0497206 0.00281191 0.0884218 129.334 16800.5 0.681251
0.82 0.687282 0.4566 0.0485704 0.00268975 0.0871032 129.024 16718.6 0.675074
0.81 0.682252 0.449435 0.0463611 0.00246426 0.0839741 128.557 16597.4 0.67597
0.8 0.67677 0.432073 0.0445859 0.0022848 0.0801641 127.976 16446.2 0.667406
0.79 0.673785 0.44471 0.0431477 0.00214849 0.0784064 127.534 16330.5 0.651225
0.78 0.670138 0.434079 0.041765 0.00202129 0.0766999 127.315 16275.6 0.668363
0.77 0.664787 0.427949 0.0399588 0.00186483 0.0752141 126.907 16170.6 0.667593
0.76 0.660108 0.41555 0.0385435 0.00174116 0.0726311 126.705 16118 0.663713
0.75 0.655357 0.41212 0.0376773 0.00165846 0.0687961 126.946 16176.1 0.638349
0.74 0.652989 0.411151 0.0367359 0.00158667 0.0692206 126.806 16140.5 0.648759
0.73 0.648078 0.415405 0.0348667 0.00144271 0.0671736 126.252 15998.3 0.637556
0.72 0.643363 0.40592 0.0335912 0.00134339 0.064505 126.145 15969.5 0.627316
0.71 0.640156 0.39242 0.032119 0.0012302 0.0604109 125.703 15856.9 0.622572
0.7 0.636597 0.399562 0.0313178 0.00117657 0.0604065 125.806 15883.5 0.638975
0.69 0.633031 0.407806 0.0301123 0.00109738 0.0596745 125.484 15801.3 0.63557
0.68 0.628781 0.384898 0.0286185 0.000996258 0.0562992 125.122 15708.7 0.625131
0.67 0.624654 0.395787 0.0274905 0.000926508 0.0550574 125.009 15679.4 0.622155
0.66 0.619829 0.388159 0.0264569 0.000858625 0.0519234 124.988 15671 0.594734
0.65 0.616342 0.383031 0.0256519 0.000814009 0.0518371 125.045 15686.2 0.614259
0.64 0.61438 0.385126 0.0247778 0.000758458 0.0487753 124.959 15661.7 0.587104
0.63 0.609005 0.373503 0.0232294 0.000675325 0.0465325 124.606 15572.2 0.580108
0.62 0.605406 0.376635 0.0227333 0.000652546 0.0472907 124.908 15649.8 0.617155
0.61 0.601545 0.385139 0.0218396 0.000607715 0.0462975 124.857 15636.3 0.617233
0.6 0.597734 0.383557 0.0206032 0.000542916 0.0426322 124.515 15547.4 0.580799
0.59 0.593854 0.370534 0.0199593 0.00051417 0.0423937 124.73 15601.1 0.591786
0.58 0.590501 0.377416 0.0190514 0.000472561 0.0408186 124.591 15566.6 0.604708
0.57 0.586977 0.374685 0.017906 0.000423468 0.0389717 124.395 15516.9 0.603775
0.56 0.582934 0.365935 0.0172938 0.000397834 0.0380933 124.585 15562.6 0.591113
0.55 0.578411 0.385012 0.0163111 0.000357534 0.0359273 124.654 15577.6 0.570085
0.54 0.575776 0.371667 0.015519 0.00032671 0.0343486 124.496 15538.3 0.580385
0.53 0.57084 0.37963 0.0150294 0.00031066 0.0345507 124.865 15630.3 0.589163
0.52 0.567644 0.395471 0.014253 0.000283096 0.0332093 124.845 15624.2 0.583993
0.51 0.563867 0.392326 0.0134625 0.000256004 0.031665 124.891 15635 0.58603
0.5 0.56076 0.379905 0.0127062 0.000229545 0.0294175 124.792 15609.7 0.588781
0.49 0.55594 0.394973 0.0125086 0.000224352 0.0299259 125.472 15780.4 0.603697
0.48 0.55179 0.399267 0.0116718 0.000199177 0.0283261 125.446 15772.3 0.592788
0.47 0.54764 0.412503 0.0111736 0.000184407 0.0273711 125.738 15845.4 0.597996
0.46 0.544165 0.420532 0.0105322 0.000166651 0.026166 125.907 15886.1 0.577789
0.45 0.540178 0.415486 0.00991227 0.000151036 0.025336 126.065 15925.3 0.578066
0.44 0.53542 0.419901 0.00952731 0.000140891 0.0246049 126.444 16020.5 0.583606
0.43 0.531802 0.42272 0.00912454 0.000132058 0.0245139 126.636 16068 0.575521
0.42 0.527278 0.447454 0.0085375 0.000117115 0.0227447 127.035 16169.3 0.589186
0.41 0.523037 0.445378 0.00813912 0.000108345 0.0221794 127.456 16276.2 0.59586
0.4 0.517349 0.464249 0.00753958 9.7009e-05 0.0216884 127.826 16370.4 0.603455
0.39 0.512989 0.484233 0.00712384 8.79083e-05 0.0205805 128.223 16471.5 0.607916
0.38 0.508104 0.505771 0.00686667 8.21652e-05 0.0199028 128.746 16604.5 0.594718
0.37 0.502888 0.513305 0.00633611 7.30217e-05 0.0191921 129.088 16692.6 0.60231
0.36 0.497735 0.527281 0.00599907 6.71061e-05 0.0186703 129.626 16831 0.604558
0.35 0.492259 0.549887 0.00573681 6.25332e-05 0.0182812 130.398 17031.8 0.614392
0.34 0.486859 0.6242 0.00547593 5.8074e-05 0.0178443 130.964 17180.2 0.641582
0.33 0.480037 0.596769 0.00499769 5.05701e-05 0.016752 131.616 17350.4 0.634348
0.32 0.47436 0.662314 0.00480394 4.77548e-05 0.016657 132.452 17570.9 0.643796
0.31 0.467781 0.658318 0.00451019 4.32034e-05 0.0159294 133.195 17767.3 0.638887
0.3 0.461327 0.697734 0.00424236 3.95222e-05 0.0154977 134.049 17995.6 0.659682
0.29 0.454577 0.753658 0.00412315 3.81216e-05 0.0157317 134.977 18244.7 0.660185
0.28 0.445645 0.822047 0.00382315 3.40664e-05 0.0150042 136.347 18616.5 0.683459
0.27 0.438416 0.824845 0.00372778 3.27611e-05 0.0150918 137.35 18890.3 0.683659
0.26 0.429487 0.881366 0.00346389 2.95117e-05 0.0145494 138.661 19252.2 0.69926
0.25 0.419802 0.969494 0.00325417 2.66139e-05 0.013845 140.161 19670.3 0.721305
0.24 0.409393 1.04653 0.00322546 2.69805e-05 0.0149192 141.892 20158.1 0.724112
0.23 0.399352 1.09018 0.003025 2.40569e-05 0.013999 143.386 20583.7 0.732936
0.22 0.38687 1.22015 0.00291875 2.31342e-05 0.0143494 145.552 21209.9 0.762547
0.21 0.374118 1.3283 0.00298542 2.43045e-05 0.0158315 147.778 21862.9 0.788764
0.2 0.359338 1.40912 0.00284306 2.33132e-05 0.0164486 150.284 22609.5 0.801545
0.19 0.344982 1.62147 0.00270694 2.09727e-05 0.0155123 152.725 23349.9 0.857571
0.18 0.327692 1.73658 0.00263264 1.99063e-05 0.0155707 155.795 24296.1 0.851293
0.17 0.309972 1.8025 0.00259468 2.02214e-05 0.017139 159.014 25308.1 0.839227
0.16 0.291503 1.91851 0.0026206 2.03586e-05 0.0182129 162.444 26410.1 0.850021
0.15 0.270864 2.08228 0.00284699 2.33228e-05 0.0219132 166.411 27714.9 0.899069
0.14 0.251272 2.05651 0.00257963 2.09791e-05 0.0221008 169.908 28889.3 0.862963
0.13 0.229589 2.10516 0.00265972 2.22222e-05 0.0251692 173.988 30291.7 0.872756
0.12 0.209036 2.12245 0.00238981 1.88229e-05 0.023601 177.811 31634.7 0.847075
0.11 0.188614 2.05143 0.00239514 1.9512e-05 0.0270496 181.627 33005.2 0.837159
0.1 0.168583 1.9336 0.00213009 1.61244e-05 0.0250281 185.266 34338.2 0.798186
0.09 0.149827 1.92789 0.00191551 1.4683e-05 0.0264332 188.625 35592.7 0.786634
0.08 0.131004 1.8355 0.00165949 1.35856e-05 0.0292456 192.129 36925.3 0.764848
0.07 0.113197 1.75825 0.00141481 1.37646e-05 0.0362969 195.312 38157.4 0.771045
0.06 0.0956578 1.72118 0.00125718 1.22353e-05 0.0383573 198.544 39428.6 0.754259
0.05 0.0788009 1.65848 0.00126505 1.72979e-05 0.0678134 201.661 40675.5 0.813246
0.04 0.0623077 1.62369 0.000292593 1.35674e-06 0.00686409 204.418 41792 0.648362
0.03 0.0462205 1.57129 0 0 0 207.308 42980.4 0.612664
0.02 0.0304942 1.57881 0 0 0 210.276 44218.7 0.606878
0.01 0.0151013 1.51826 0 0 0 213.156 45436.7 0.610309
