0.01 -0.935026 1.4869 1 1 0 510.746 260863 0.268156
0.02 -0.920007 1.48178 1 1 0 509.486 259579 0.269784
0.03 -0.904896 1.49895 1 1 0 508.241 258313 0.270705
0.04 -0.889761 1.52655 1 1 0 506.959 257013 0.273492
0.05 -0.874546 1.52183 1 1 0 505.692 255731 0.27185
0.06 -0.859434 1.50175 1 1 0 504.473 254502 0.27061
0.07 -0.844015 1.52927 1 1 0 503.119 253138 0.267014
0.08 -0.828611 1.53451 1 1 0 501.86 251874 0.275385
0.09 -0.813146 1.56883 1 1 0 500.573 250585 0.272222
0.1 -0.797877 1.54024 1 1 0 499.302 249316 0.272821
0.11 -0.782434 1.58351 0.999999 0.999998 1.05193e-05 498.025 248044 0.277871
0.12 -0.766469 1.54771 0.999996 0.999991 3.66164e-05 496.642 246669 0.270587
0.13 -0.750971 1.54897 0.999988 0.999975 9.58942e-05 495.391 245430 0.272236
0.14 -0.735414 1.5162 0.999974 0.999948 0.000185783 494.077 244131 0.273535
0.15 -0.719017 1.61679 0.999939 0.999878 0.000408202 492.683 242757 0.275969
0.16 -0.70349 1.62885 0.999881 0.999764 0.000733352 491.422 241517 0.27003
0.17 -0.687481 1.61744 0.999783 0.999566 0.00129482 490.163 240283 0.276987
0.18 -0.670906 1.63888 0.999631 0.999264 0.00210149 488.745 238896 0.281103
0.19 -0.654647 1.68074 0.999385 0.998774 0.00324141 487.34 237525 0.274015
0.2 -0.63743 1.69794 0.999045 0.998095 0.00475788 485.919 236144 0.279988
0.21 -0.620988 1.75184 0.998584 0.997177 0.00673912 484.518 234787 0.285752
0.22 -0.602956 1.7581 0.997954 0.995921 0.00945152 482.974 233294 0.281668
0.23 -0.586533 1.78951 0.997129 0.994281 0.0126829 481.623 231992 0.286022
0.24 -0.568159 1.82504 0.996069 0.992173 0.0164101 479.916 230351 0.276554
0.25 -0.549473 1.83722 0.994764 0.98958 0.0213223 478.362 228865 0.288299
0.26 -0.529542 1.99497 0.993176 0.986432 0.0274309 476.62 227204 0.30193
0.27 -0.509146 1.97982 0.991178 0.982476 0.0332838 474.773 225447 0.295855
0.28 -0.489405 2.15208 0.988946 0.978068 0.0411949 473.183 223942 0.301333
0.29 -0.467085 2.15038 0.986222 0.972699 0.0490594 471.013 221894 0.302971
0.3 -0.445711 2.30788 0.983084 0.966537 0.0598924 469.103 220102 0.317471
0.31 -0.420759 2.38235 0.979255 0.959041 0.0709385 466.692 217848 0.319498
0.32 -0.398185 2.5517 0.975346 0.951425 0.0849132 464.645 215944 0.333099
0.33 -0.372699 2.48484 0.970657 0.942325 0.0986028 462.165 213647 0.33226
0.34 -0.347424 2.64568 0.965266 0.931921 0.115441 459.738 211412 0.342976
0.35 -0.318841 2.8883 0.959212 0.920308 0.135829 456.819 208741 0.361209
0.36 -0.28849 2.99181 0.952041 0.90664 0.154514 453.87 206060 0.378703
0.37 -0.258537 3.10622 0.944371 0.892144 0.179645 450.636 203138 0.390894
0.38 -0.226359 3.25303 0.935899 0.876275 0.209606 447.178 200039 0.41681
0.39 -0.191224 3.59597 0.925563 0.857114 0.248073 443.299 196593 0.458102
0.4 -0.150504 3.83447 0.913141 0.834374 0.295921 438.538 192402 0.492648
0.41 -0.108859 4.31723 0.899419 0.809649 0.365209 433.59 188101 0.56988
0.42 -0.0665935 4.85439 0.884245 0.782756 0.445552 428.383 183627 0.639426
0.43 -0.00832394 6.12597 0.861578 0.74364 0.665391 420.507 176985 0.875837
0.44 0.536177 0.432482 0.0108442 0.00017552 0.0284348 126.884 16133.1 0.602115
0.45 0.540797 0.419126 0.0114836 0.000193586 0.0296226 126.6 16061.5 0.596106
0.46 0.544517 0.43449 0.0120002 0.000210283 0.0311214 126.438 16022.5 0.617987
0.47 0.548584 0.411324 0.0124641 0.000224446 0.0317528 126.069 15929.3 0.604586
0.48 0.553096 0.400502 0.0135079 0.000256297 0.0332256 126.115 15941.8 0.609935
0.49 0.557442 0.395949 0.0139792 0.000273789 0.0345476 125.747 15849 0.593456
0.5 0.561734 0.393926 0.0146319 0.000296116 0.0354337 125.469 15780 0.599639
0.51 0.564539 0.394608 0.0152417 0.000319284 0.0368366 125.511 15791.3 0.595832
0.52 0.568638 0.390012 0.0159958 0.000346654 0.0377118 125.445 15776 0.608492
0.53 0.572796 0.380363 0.0167454 0.000376421 0.0391301 125.371 15759.1 0.620954
0.54 0.576053 0.394219 0.0175472 0.000408128 0.040089 125.416 15769.1 0.5904
0.55 0.58009 0.381353 0.0184236 0.000445207 0.0415419 125.176 15710.3 0.59811
0.56 0.584996 0.393657 0.0193509 0.000488638 0.0440408 125.189 15716 0.623245
0.57 0.587619 0.393011 0.020037 0.000516504 0.0435869 125.257 15732 0.598058
0.58 0.591537 0.374164 0.0209782 0.000562438 0.0455653 125.049 15680.8 0.601861
0.59 0.595482 0.383936 0.0223979 0.000633182 0.0481481 125.586 15818.2 0.626276
0.6 0.599868 0.386972 0.0231722 0.00067296 0.0489628 125.548 15810.3 0.63703
0.61 0.60359 0.376058 0.0244826 0.000747952 0.0526022 125.675 15842 0.623022
0.62 0.605714 0.388156 0.0248199 0.000769138 0.0533416 125.473 15792.2 0.625384
0.63 0.610344 0.386452 0.0258319 0.000824766 0.0539921 125.487 15795.6 0.614251
0.64 0.614105 0.393262 0.0274053 0.00091892 0.0566557 125.999 15926.5 0.629825
0.65 0.620186 0.397817 0.0285836 0.000997399 0.0599413 125.801 15878 0.637054
0.66 0.622541 0.395352 0.0292743 0.00103797 0.0592309 125.819 15883.2 0.634541
0.67 0.627578 0.399723 0.030716 0.0011344 0.0615524 125.994 15925.5 0.602991
0.68 0.631375 0.400078 0.0318056 0.00121514 0.0646548 126.053 15944.1 0.6396
0.69 0.634804 0.395909 0.0329954 0.0013002 0.0662095 126.317 16012.1 0.643003
0.7 0.63835 0.405002 0.034878 0.00143952 0.0688245 127.09 16211.7 0.671006
0.71 0.642666 0.403869 0.0359806 0.00152981 0.0715573 127.097 16215.5 0.685512
0.72 0.647607 0.412175 0.0371167 0.00161393 0.0708861 127.135 16222.9 0.651692
0.73 0.651791 0.413618 0.0384565 0.00172885 0.0739561 127.249 16253.5 0.659349
0.74 0.655326 0.42818 0.0400322 0.00186578 0.0768269 127.708 16371.1 0.653373
0.75 0.659422 0.418644 0.0414794 0.00199582 0.0792803 127.864 16414 0.676395
0.76 0.66392 0.433519 0.0433933 0.00217692 0.0835414 128.502 16580.6 0.69513
0.77 0.66903 0.445415 0.0450201 0.00233367 0.0860784 128.721 16637.6 0.69026
0.78 0.673167 0.43472 0.0463671 0.00246582 0.0874814 129.017 16715.6 0.697732
0.79 0.677579 0.443883 0.0475764 0.00258886 0.0889548 129.199 16764.1 0.702874
0.8 0.682681 0.45991 0.0493255 0.00277874 0.0933483 129.396 16814.7 0.688056
0.81 0.686025 0.452776 0.0507664 0.00293055 0.0942185 129.738 16906 0.703927
0.82 0.690493 0.457593 0.052578 0.00312326 0.0945179 130.163 17014.4 0.674931
0.83 0.696109 0.468791 0.0546993 0.00337987 0.100936 130.825 17191.4 0.701256
0.84 0.701127 0.477976 0.056463 0.00359273 0.104056 131.368 17338.1 0.730118
0.85 0.704782 0.478587 0.0580704 0.00378456 0.104796 131.517 17375.3 0.703231
0.86 0.709811 0.492742 0.0597975 0.00400938 0.108914 131.662 17415.9 0.716045
0.87 0.714923 0.496417 0.062363 0.00435116 0.114709 132.513 17647.8 0.763743
0.88 0.719799 0.492682 0.0639581 0.00456949 0.117535 132.808 17727.9 0.769512
0.89 0.72633 0.509888 0.0670403 0.00499902 0.122469 133.789 17991 0.767233
0.9 0.730192 0.501181 0.0673926 0.00504621 0.121067 133.318 17866 0.769564
0.91 0.734219 0.507143 0.0698863 0.00541704 0.126501 134.16 18089.2 0.73961
0.92 0.740305 0.505282 0.0717484 0.00568068 0.125105 134.473 18174.3 0.737176
0.93 0.744236 0.518121 0.0737231 0.005988 0.128415 134.92 18300.8 0.776858
0.94 0.751031 0.514853 0.0763639 0.00642261 0.135842 135.734 18525.8 0.799257
0.95 0.754743 0.524891 0.0773972 0.00657979 0.134024 135.602 18484.7 0.750723
0.96 0.760527 0.522039 0.0801639 0.00702129 0.133885 136.516 18734.2 0.745146
0.97 0.76627 0.552342 0.0825942 0.00745634 0.141299 137.067 18889.4 0.767453
0.98 0.771274 0.527938 0.0843435 0.00774431 0.138962 137.384 18973.8 0.738671
0.99 0.776003 0.528696 0.0861644 0.00807258 0.141445 137.69 19058.2 0.732088
1 0.782404 0.54004 0.0892819 0.00865259 0.147166 138.611 19318.8 0.763071
