1 0.782849 0.543119 0.0892387 0.00865254 0.148825 138.698 19345.4 0.780046
0.99 0.777201 0.525828 0.0863384 0.0081026 0.141443 137.731 19075.2 0.77309
0.98 0.771537 0.539237 0.0849812 0.00786746 0.142306 137.575 19030.2 0.765462
0.97 0.766324 0.528582 0.0816336 0.00727224 0.135435 136.506 18732.2 0.741984
0.96 0.760724 0.531713 0.0800433 0.00701438 0.136677 136.413 18708.1 0.759118
0.95 0.754703 0.521333 0.0780451 0.00668112 0.134165 135.945 18576.9 0.742483
0.94 0.750352 0.53804 0.0758227 0.00633875 0.135499 135.448 18446.6 0.788023
0.93 0.745164 0.525762 0.0741331 0.00604732 0.128114 135.262 18386.7 0.723028
0.92 0.740128 0.513441 0.0712322 0.00560687 0.125103 134.157 18089.3 0.739871
0.91 0.734621 0.496852 0.0699593 0.00540623 0.121513 134.356 18141.6 0.737613
0.9 0.729883 0.514545 0.0673396 0.00502605 0.117943 133.43 17891.4 0.731335
0.89 0.725067 0.517542 0.0658766 0.00483256 0.119609 133.107 17806.3 0.750235
0.88 0.719086 0.480714 0.0634887 0.00449542 0.11404 132.636 17677.4 0.729952
0.87 0.715971 0.48683 0.0621144 0.00430756 0.111568 132.308 17588.8 0.725538
0.86 0.709372 0.487359 0.0595067 0.0039745 0.108867 131.7 17427.7 0.731726
0.85 0.70514 0.475417 0.0573009 0.00368273 0.101477 130.951 17225.1 0.691322
0.84 0.700032 0.470734 0.0561206 0.00353737 0.0997319 130.898 17210.2 0.690221
0.83 0.694142 0.465137 0.0541856 0.0033262 0.101525 130.532 17118.8 0.739261
0.82 0.691691 0.456187 0.0523312 0.0031065 0.0969219 129.907 16951.8 0.713497
0.81 0.686717 0.455191 0.0513963 0.00300096 0.0958338 130.124 17009.3 0.730757
0.8 0.682081 0.451297 0.049709 0.00281183 0.0920264 129.648 16880.9 0.696126
0.79 0.676569 0.442863 0.0473375 0.0025688 0.089669 129.116 16742.7 0.703882
0.78 0.673009 0.453465 0.046225 0.00245578 0.0883468 129.022 16715.3 0.683346
0.77 0.668483 0.436526 0.044266 0.00225205 0.0820739 128.366 16543.5 0.66517
0.76 0.66321 0.435524 0.0428646 0.00212622 0.0820943 128.332 16535.5 0.681522
0.75 0.659731 0.419216 0.0411338 0.00196107 0.0774948 127.705 16372.3 0.666787
0.74 0.654253 0.42251 0.0399067 0.00185463 0.0764992 127.804 16397.1 0.668556
0.73 0.651437 0.427952 0.0387741 0.00175576 0.0746634 127.575 16336.5 0.657421
0.72 0.646529 0.416143 0.0368322 0.00160057 0.073188 126.955 16178.6 0.667449
0.71 0.6427 0.404745 0.0361613 0.00154616 0.0725624 127.171 16232.2 0.662094
0.7 0.63794 0.403263 0.0346512 0.00142158 0.0681558 126.888 16159 0.659129
0.69 0.634463 0.406548 0.0330199 0.00129753 0.0648685 126.373 16024.8 0.626731
0.68 0.630137 0.405074 0.0320174 0.00123547 0.0668188 126.414 16039.3 0.6854
0.67 0.626573 0.393784 0.0307123 0.00113791 0.062759 126.193 15981.6 0.671966
0.66 0.622605 0.399963 0.0295391 0.00105577 0.0599594 126.082 15950 0.640267
0.65 0.617769 0.388504 0.0283049 0.000975811 0.0580362 125.834 15884.3 0.611285
0.64 0.616211 0.38835 0.0273044 0.000917079 0.0578978 125.661 15841.6 0.634057
0.63 0.610862 0.398141 0.0261558 0.000846265 0.0555909 125.597 15824.8 0.63395
0.62 0.607562 0.388383 0.0253104 0.000792356 0.0528638 125.689 15844.9 0.604623
0.61 0.603207 0.38147 0.024097 0.000724187 0.0508208 125.379 15767.2 0.619246
0.6 0.599298 0.38058 0.0229083 0.000659911 0.0486429 125.371 15764.5 0.618704
0.59 0.595639 0.381538 0.0220963 0.000616172 0.0468336 125.353 15759.7 0.625405
0.58 0.591432 0.386913 0.0209269 0.00056169 0.0460887 125.237 15729.7 0.626393
0.57 0.587433 0.380186 0.0200519 0.000520675 0.0449424 125.251 15731.7 0.614126
0.56 0.584611 0.38464 0.019538 0.000493709 0.0431912 125.262 15734.2 0.621554
0.55 0.580883 0.375902 0.0183081 0.000439582 0.040999 125.1 15692.4 0.614426
0.54 0.575994 0.382733 0.0177424 0.000416344 0.0406211 125.417 15771.6 0.621173
0.53 0.572813 0.381448 0.0167755 0.000377981 0.0393549 125.257 15729.4 0.604569
0.52 0.569137 0.392529 0.0161468 0.00035171 0.0377969 125.465 15780.4 0.595403
0.51 0.564638 0.398323 0.0153894 0.000323665 0.0367761 125.62 15818.9 0.603387
0.5 0.560921 0.390189 0.0146597 0.00029704 0.0354813 125.7 15837.3 0.584946
0.49 0.556716 0.391844 0.0137449 0.000265051 0.0335585 125.682 15832.3 0.588579
0.48 0.552859 0.389001 0.0131292 0.00024486 0.0326184 125.89 15885 0.607712
0.47 0.549193 0.408316 0.0126343 0.000228798 0.0317904 126.102 15936.9 0.593798
0.46 0.544904 0.408691 0.0119766 0.000208971 0.0307713 126.275 15980.6 0.608335
0.45 0.541067 0.41952 0.0115137 0.000196482 0.0306803 126.619 16068.4 0.6321
0.44 0.536176 0.446421 0.010725 0.000172983 0.0284519 126.761 16101.5 0.595268
0.43 0.532484 0.430006 0.0102282 0.000160543 0.0280932 127.057 16177 0.612351
0.42 0.527551 0.445741 0.00960949 0.00014319 0.02615 127.342 16248.9 0.613335
0.41 0.523186 0.454281 0.00918912 0.000133431 0.0258099 127.738 16348.7 0.603086
0.4 0.51852 0.492039 0.00880255 0.000125436 0.0258937 128.127 16448.7 0.626511
0.39 0.513418 0.504805 0.00835556 0.000114444 0.0247174 128.6 16569.1 0.61925
0.38 0.508343 0.504935 0.00778588 0.000101746 0.0233768 129.003 16671.3 0.603639
0.37 0.503741 0.527328 0.00736343 9.26097e-05 0.0224113 129.527 16806.5 0.610852
0.36 0.498425 0.531133 0.00717755 8.97537e-05 0.0229419 130.015 16933.5 0.633434
0.35 0.493091 0.576861 0.00687685 8.27246e-05 0.0218676 130.688 17108.5 0.640222
0.34 0.486816 0.578851 0.00646644 7.52304e-05 0.0212288 131.412 17297.9 0.645125
0.33 0.480903 0.633776 0.00610972 6.90779e-05 0.0207813 131.963 17442.8 0.658448
0.32 0.474587 0.650658 0.00576528 6.43347e-05 0.02099 132.76 17654 0.680597
0.31 0.467946 0.663348 0.0054838 5.89378e-05 0.0201129 133.668 17893.7 0.640839
0.3 0.461069 0.718636 0.00514144 5.32632e-05 0.0193168 134.567 18135.4 0.674744
0.29 0.454159 0.729085 0.0048831 4.91437e-05 0.0188434 135.342 18344 0.676971
0.28 0.44622 0.795952 0.00458611 4.40415e-05 0.0177499 136.476 18652.2 0.694905
0.27 0.437627 0.841281 0.00457685 4.43909e-05 0.0187546 137.821 19021.1 0.709139
0.26 0.429873 0.908646 0.00433935 4.11951e-05 0.0185803 138.929 19327.5 0.728169
0.25 0.419249 0.966453 0.00415394 3.86949e-05 0.0185239 140.654 19809.6 0.736881
0.24 0.408607 1.11229 0.00393241 3.57382e-05 0.0182469 142.278 20269 0.763534
0.23 0.398588 1.1719 0.00381111 3.44286e-05 0.0186925 143.824 20711.4 0.787464
0.22 0.386402 1.23012 0.00378519 3.42293e-05 0.0195398 145.866 21302.8 0.808611
0.21 0.373586 1.30598 0.00379491 3.45743e-05 0.0207494 148.143 21971.8 0.820133
0.2 0.360462 1.4553 0.00352315 3.104e-05 0.0201176 150.212 22588.5 0.831468
0.19 0.344327 1.61215 0.00365069 3.23206e-05 0.0215921 153.226 23503.1 0.858749
0.18 0.328132 1.77215 0.00375301 3.46376e-05 0.024663 156.138 24404.4 0.899539
0.17 0.310118 1.8815 0.00371759 3.35305e-05 0.0250433 159.403 25433.5 0.896995
0.16 0.291177 1.8804 0.00382431 3.53706e-05 0.0280061 162.932 26570.5 0.906947
0.15 0.270501 2.07031 0.00390023 3.59471e-05 0.0298589 166.832 27856.4 0.93256
0.14 0.249958 2.01914 0.00407593 4.06593e-05 0.0370997 170.733 29172 0.929549
0.13 0.229391 2.07449 0.00427824 4.46695e-05 0.0438084 174.608 30508.5 0.912279
0.12 0.208721 2.07408 0.00445139 4.90248e-05 0.0525778 178.545 31898.1 0.93047
0.11 0.187859 1.98166 0.00486204 5.98058e-05 0.0710177 182.618 33368.7 0.957751
0.1 -0.797677 1.57079 0.999999 0.999998 1.15712e-05 499.282 249296 0.267675
0.09 -0.813253 1.55478 1 1 0 500.573 250586 0.275771
0.08 -0.828641 1.5337 1 1 0 501.858 251872 0.272189
0.07 -0.844045 1.55402 1 1 0 503.163 253183 0.269655
0.06 -0.859368 1.52314 1 1 0 504.461 254490 0.273137
0.05 -0.874417 1.52834 1 1 0 505.702 255741 0.26876
0.04 -0.889746 1.52645 1 1 0 506.944 256998 0.266896
0.03 -0.904874 1.49678 1 1 0 508.239 258311 0.265291
0.02 -0.919987 1.51779 1 1 0 509.501 259593 0.266371
0.01 -0.935002 1.52755 1 1 0 510.756 260873 0.266792
