0.01 -1.13502 1.51182 1 1 0 510.748 260865 0.268496
0.02 -1.11997 1.51925 1 1 0 509.462 259555 0.267209
0.03 -1.10489 1.50413 1 1 0 508.223 258295 0.269101
0.04 -1.0898 1.51052 1 1 0 506.999 257053 0.266601
0.05 -1.0746 1.4985 1 1 0 505.705 255744 0.268394
0.06 -1.05946 1.55023 1 1 0 504.443 254471 0.269846
0.07 -1.04404 1.51906 1 1 0 503.118 253137 0.264614
0.08 -1.02873 1.5413 1 1 0 501.866 251881 0.270103
0.09 -1.0131 1.54658 1 1 0 500.544 250557 0.270358
0.1 -0.997569 1.56104 1 1 0 499.244 249258 0.266108
0.11 -0.982274 1.53866 1 1 0 498.01 248029 0.273078
0.12 -0.966883 1.54139 0.999999 0.999998 7.71451e-06 496.717 246744 0.273907
0.13 -0.951012 1.57846 0.999997 0.999993 2.66894e-05 495.39 245429 0.271216
0.14 -0.935345 1.5767 0.999995 0.999989 3.79854e-05 494.052 244106 0.277393
0.15 -0.919226 1.58623 0.999983 0.999966 0.000112243 492.73 242803 0.272122
0.16 -0.903657 1.59755 0.99997 0.999941 0.000184 491.402 241497 0.273858
0.17 -0.887755 1.61531 0.999933 0.999866 0.0003932 490.172 240292 0.278404
0.18 -0.871701 1.59897 0.999887 0.999776 0.000625245 488.857 239005 0.272879
0.19 -0.85529 1.67902 0.99979 0.99958 0.00110829 487.385 237570 0.277487
0.2 -0.838548 1.6361 0.999668 0.999338 0.00166241 485.97 236194 0.280345
0.21 -0.822066 1.68528 0.999457 0.998916 0.00256567 484.636 234901 0.285036
0.22 -0.80515 1.66797 0.999151 0.998307 0.00385801 483.226 233537 0.276038
0.23 -0.787832 1.69965 0.998817 0.997641 0.00526207 481.766 232129 0.281124
0.24 -0.771484 1.76558 0.998333 0.996676 0.00697392 480.412 230828 0.284831
0.25 -0.75326 1.77166 0.997688 0.995392 0.00934073 478.886 229365 0.277929
0.26 -0.735097 1.78095 0.996825 0.993674 0.0122621 477.38 227927 0.284092
0.27 -0.717103 1.8577 0.995886 0.991808 0.0154193 475.783 226407 0.293406
0.28 -0.697836 1.92112 0.994571 0.989198 0.0197009 474.125 224833 0.29419
0.29 -0.678613 2.0117 0.993266 0.986609 0.0240268 472.527 223322 0.293417
0.3 -0.658212 2.04224 0.991523 0.983158 0.0290397 470.792 221688 0.304588
0.31 -0.636735 2.0972 0.989575 0.97931 0.0353849 468.921 219930 0.296567
0.32 -0.617017 2.08305 0.987428 0.975074 0.0408886 467.116 218242 0.301631
0.33 -0.594756 2.32166 0.984683 0.969675 0.0486898 465.16 216421 0.306836
0.34 -0.570163 2.35306 0.981707 0.963839 0.0567296 462.888 214315 0.314023
0.35 -0.546764 2.43715 0.978332 0.957243 0.0667781 460.809 212396 0.322144
0.36 -0.520882 2.62455 0.974217 0.949229 0.0781896 458.328 210121 0.338446
0.37 -0.49487 2.69777 0.969892 0.940847 0.0911535 456.001 207994 0.340371
0.38 -0.468602 2.67455 0.965145 0.931683 0.101613 453.602 205814 0.34782
0.39 -0.440156 2.91721 0.959616 0.921075 0.117259 450.87 203347 0.359733
0.4 -0.411253 3.09823 0.953813 0.910004 0.132094 448.031 200799 0.370768
0.41 -0.380283 3.20833 0.946985 0.897072 0.153768 444.954 198056 0.39475
0.42 -0.348662 3.1465 0.939671 0.883313 0.170015 441.792 195255 0.402852
0.43 -0.313014 3.48381 0.930919 0.867011 0.201088 438.129 192039 0.436083
0.44 -0.277579 3.78942 0.92177 0.85014 0.23538 434.529 188906 0.472437
0.45 -0.235939 4.00808 0.910575 0.829711 0.271229 429.737 184772 0.50683
0.46 -0.194336 4.48984 0.898289 0.807614 0.324874 425.165 180877 0.569636
0.47 -0.149084 5.15144 0.884397 0.783032 0.401956 419.875 176427 0.669038
0.48 -0.0997504 5.54701 0.867859 0.754274 0.493008 413.74 171333 0.766889
0.49 0.562204 0.434899 0.0236007 0.000706041 0.0657029 128.775 16627.8 0.710029
0.5 0.565854 0.434398 0.0249111 0.00077775 0.0679045 129.101 16712.7 0.706345
0.51 0.569841 0.418468 0.0251944 0.000796954 0.068694 128.644 16596.6 0.721272
0.52 0.573768 0.429546 0.0266331 0.000879328 0.070618 128.883 16656.8 0.685575
0.53 0.578088 0.419456 0.0275535 0.000935238 0.0717462 128.775 16631.3 0.709661
0.54 0.582697 0.42066 0.0289819 0.00103005 0.0760404 128.904 16667.1 0.730377
0.55 0.58679 0.424451 0.0299389 0.00109447 0.0778114 128.982 16686.8 0.709383
0.56 0.590588 0.429172 0.0311264 0.00117667 0.080159 129.115 16723.6 0.730942
0.57 0.595489 0.416788 0.0323935 0.00127092 0.0839668 129.039 16704.7 0.730012
0.58 0.59835 0.436219 0.0336377 0.00136261 0.0860682 129.325 16780.8 0.743015
0.59 0.604179 0.426084 0.0351674 0.00148163 0.0896536 129.344 16788.3 0.764225
0.6 0.607804 0.436279 0.0366975 0.00161114 0.0951988 129.72 16888.6 0.78833
0.61 0.612693 0.435195 0.0377009 0.00169363 0.0964104 129.539 16840.7 0.764832
0.62 0.616353 0.435226 0.0390944 0.00180148 0.0951449 129.622 16862.9 0.759075
0.63 0.620324 0.438846 0.0406227 0.00194279 0.100314 130.233 17024.6 0.77826
0.64 0.625051 0.463327 0.0432685 0.00219076 0.107527 130.932 17209.8 0.795558
0.65 0.6294 0.439238 0.0432762 0.00219236 0.106184 130.221 17025.3 0.80035
0.66 0.633274 0.452387 0.0457801 0.00243109 0.109726 131.05 17241.6 0.780436
0.67 0.638129 0.457565 0.0479868 0.0026541 0.113276 131.694 17413.1 0.78983
0.68 0.642668 0.45011 0.0492505 0.00278236 0.113322 131.525 17368.4 0.778566
0.69 0.647581 0.471496 0.051515 0.00304541 0.12259 132.16 17542.4 0.834612
0.7 0.651692 0.466513 0.0527338 0.00317394 0.121296 132.276 17570.9 0.797827
0.71 0.65671 0.468577 0.0552162 0.00347092 0.12841 132.928 17746.7 0.814594
0.72 0.661246 0.465609 0.0562544 0.00359311 0.128567 132.918 17744.7 0.811339
0.73 0.667098 0.474199 0.0584775 0.00387155 0.13372 133.229 17830.3 0.826003
0.74 0.670673 0.476083 0.0604405 0.00413665 0.141158 133.725 17969.6 0.882163
0.75 0.676452 0.486747 0.0630838 0.00449352 0.148019 134.549 18190.6 0.864118
0.76 0.679951 0.496056 0.0644884 0.0046683 0.144819 134.471 18168.8 0.8463
0.77 0.685862 0.497833 0.0676674 0.00511806 0.151252 135.609 18478.1 0.845043
0.78 0.689806 0.496408 0.0690815 0.00532675 0.153554 135.672 18499.5 0.874036
0.79 0.69618 0.5097 0.0716644 0.00572252 0.160425 136.223 18650.5 0.872149
0.8 0.701588 0.501238 0.0742097 0.00611023 0.16285 136.832 18816.9 0.857519
0.81 0.706271 0.508114 0.0762141 0.00642451 0.164245 137.294 18944.3 0.85163
0.82 0.71128 0.534847 0.079287 0.00694586 0.173702 138.029 19150.4 0.868075
0.83 0.716667 0.535159 0.0812241 0.00727178 0.175513 138.405 19255.8 0.870037
0.84 0.721703 0.535791 0.0834949 0.00767763 0.181602 139.027 19433 0.894612
0.85 0.727958 0.535314 0.0854924 0.0080333 0.184073 139.188 19481.6 0.914742
0.86 0.732457 0.53946 0.0881225 0.00852147 0.189856 139.958 19698.4 0.915399
0.87 0.738112 0.542974 0.0913641 0.00914197 0.197272 140.835 19950.1 0.944165
0.88 0.743851 0.544464 0.094481 0.00973062 0.197335 141.684 20188.2 0.911973
0.89 0.750616 0.552836 0.0975535 0.0103395 0.199692 142.38 20384.7 0.888468
0.9 0.755721 0.566468 0.100368 0.0109701 0.215147 143.183 20626.8 0.97307
0.91 0.761055 0.557438 0.10186 0.0112532 0.208354 143.264 20644.2 0.916783
0.92 0.767102 0.561925 0.104582 0.0118435 0.212758 143.792 20799.9 0.935089
0.93 0.77284 0.55979 0.108114 0.0126695 0.22781 144.891 21130.4 1.01574
0.94 0.77631 0.56837 0.108776 0.0127611 0.213434 144.558 21018.7 0.895581
0.95 0.782865 0.564065 0.111957 0.0134907 0.217456 145.323 21242.5 0.895797
0.96 0.790423 0.579696 0.116624 0.0146292 0.231301 146.859 21700.5 0.942067
0.97 0.794128 0.560228 0.117457 0.0148032 0.224241 146.69 21649.1 0.921726
0.98 0.800074 0.565564 0.12113 0.0157192 0.230732 147.554 21905.7 0.922865
0.99 0.805696 0.578736 0.123156 0.0162424 0.234526 148.044 22051.6 0.919322
1 0.811594 0.562114 0.12574 0.0168832 0.231685 148.503 22187.1 0.901579
