0.01 -1.33502 1.51225 1 1 0 510.764 260881 0.269154
0.02 -1.31996 1.51087 1 1 0 509.487 259580 0.265799
0.03 -1.30489 1.51302 1 1 0 508.202 258274 0.26926
0.04 -1.28979 1.51671 1 1 0 506.939 256993 0.26986
0.05 -1.27456 1.52937 1 1 0 505.647 255686 0.269125
0.06 -1.25929 1.52378 1 1 0 504.454 254482 0.270084
0.07 -1.24407 1.53072 1 1 0 503.131 253150 0.272457
0.08 -1.22865 1.52656 1 1 0 501.836 251850 0.274909
0.09 -1.21324 1.54396 1 1 0 500.582 250595 0.268736
0.1 -1.19804 1.5524 1 1 0 499.322 249337 0.275127
0.11 -1.18207 1.5453 1 1 0 497.956 247975 0.27076
0.12 -1.16657 1.57308 1 1 0 496.709 246736 0.272719
0.13 -1.151 1.62423 1 1 1.78054e-06 495.395 245434 0.270333
0.14 -1.13523 1.56649 0.999997 0.999995 1.81778e-05 494.056 244110 0.269514
0.15 -1.11939 1.59055 0.999996 0.999992 2.62123e-05 492.774 242846 0.272391
0.16 -1.10375 1.56344 0.999991 0.999981 5.91955e-05 491.452 241547 0.273621
0.17 -1.08752 1.59043 0.999981 0.999961 0.000113899 490.12 240241 0.279521
0.18 -1.07199 1.62575 0.999966 0.999933 0.000186387 488.812 238961 0.271445
0.19 -1.05558 1.64981 0.999929 0.999859 0.000370795 487.414 237598 0.277924
0.2 -1.03974 1.58287 0.999868 0.999736 0.000661621 486.162 236380 0.275791
0.21 -1.02252 1.64417 0.999788 0.999576 0.00100634 484.711 234973 0.279177
0.22 -1.00676 1.63525 0.999658 0.999317 0.00157158 483.403 233709 0.281618
0.23 -0.989398 1.69986 0.999495 0.998992 0.00218471 481.946 232303 0.281536
0.24 -0.972974 1.70971 0.999276 0.998556 0.00297143 480.489 230902 0.28547
0.25 -0.955305 1.72511 0.998949 0.997905 0.00417859 479.06 229533 0.284052
0.26 -0.938343 1.77446 0.998555 0.997119 0.00556434 477.731 228262 0.28586
0.27 -0.920496 1.83003 0.998072 0.996156 0.00707695 476.164 226770 0.288154
0.28 -0.901933 1.85741 0.997461 0.994941 0.00920399 474.553 225239 0.288002
0.29 -0.883384 1.92891 0.996594 0.993216 0.0119994 473.047 223814 0.298299
0.3 -0.865404 1.8564 0.995706 0.99145 0.0143788 471.604 222451 0.289111
0.31 -0.845346 1.95174 0.994656 0.989366 0.017468 469.826 220780 0.296439
0.32 -0.826313 2.05174 0.99339 0.986855 0.0211817 468.3 219349 0.298936
0.33 -0.805242 2.02293 0.991735 0.983577 0.0255528 466.444 217616 0.300507
0.34 -0.784193 2.1529 0.990063 0.980272 0.0301131 464.655 215952 0.303507
0.35 -0.76355 2.20697 0.988102 0.976402 0.0348095 462.866 214295 0.311995
0.36 -0.74145 2.31287 0.985897 0.972061 0.0414449 460.989 212564 0.31729
0.37 -0.718534 2.31122 0.983164 0.966693 0.0479057 458.943 210681 0.312728
0.38 -0.693572 2.40047 0.980269 0.961023 0.0540492 456.731 208657 0.314812
0.39 -0.666816 2.53187 0.976934 0.954515 0.0641553 454.264 206414 0.328569
0.4 -0.642168 2.57732 0.973303 0.947451 0.0720879 452.129 204482 0.337804
0.41 -0.615562 2.76338 0.969291 0.939681 0.0823369 449.735 202325 0.345382
0.42 -0.590454 2.79407 0.96516 0.931711 0.0910632 447.612 200424 0.357535
0.43 -0.561437 2.90798 0.960178 0.922148 0.103518 444.978 198075 0.366758
0.44 -0.527868 2.97697 0.95439 0.9111 0.117542 441.746 195211 0.367228
0.45 -0.498009 3.04814 0.948364 0.899671 0.132698 438.968 192767 0.378778
0.46 -0.469174 3.37621 0.942607 0.888824 0.148234 436.226 190376 0.413121
0.47 -0.432589 3.6173 0.934924 0.874451 0.168894 432.576 187211 0.434591
0.48 -0.39637 3.69741 0.926709 0.859212 0.19008 428.886 184037 0.455666
0.49 -0.35737 4.11759 0.91785 0.842943 0.217714 424.902 180646 0.502951
0.5 -0.31815 4.2285 0.908016 0.825065 0.247095 420.751 177141 0.520703
0.51 -0.270511 4.52979 0.895874 0.803272 0.288692 415.557 172809 0.571767
0.52 -0.228149 4.98665 0.884049 0.782371 0.343874 411.042 169093 0.643425
0.53 -0.166868 5.89957 0.866271 0.751529 0.449464 403.823 163243 0.7957
0.54 -0.10157 6.65431 0.845929 0.717025 0.572011 395.873 156922 0.964083
0.55 -0.0350594 7.92605 0.823018 0.679282 0.75535 387.393 150333 1.2195
0.56 0.600533 0.476731 0.0574907 0.00383398 0.203964 137.299 18937.7 1.1287
0.57 0.604807 0.473654 0.0578755 0.00388377 0.202436 136.905 18830.6 1.12075
0.58 0.610298 0.480377 0.0609319 0.00427533 0.20953 137.646 19036.8 1.13273
0.59 0.613591 0.482476 0.0625655 0.0044896 0.210564 138.052 19146.9 1.08647
0.6 0.619893 0.511686 0.0654387 0.00490673 0.224825 138.443 19262.9 1.16028
0.61 0.624644 0.510019 0.0681914 0.0052844 0.224613 139.205 19471.9 1.10489
0.62 0.629554 0.515049 0.0699537 0.005586 0.241251 139.323 19513.7 1.18996
0.63 0.634815 0.508269 0.0719852 0.00586723 0.234983 139.704 19619.7 1.16311
0.64 0.640484 0.513298 0.0742667 0.00626998 0.254624 139.908 19684.4 1.22932
0.65 0.645015 0.517615 0.0763037 0.00659163 0.255668 140.32 19798.2 1.19111
0.66 0.649284 0.506443 0.0794019 0.007076 0.252441 141.156 20030.5 1.13042
0.67 0.655207 0.519286 0.0819083 0.00752077 0.261713 141.552 20148.8 1.17964
0.68 0.659762 0.525224 0.0849512 0.00807923 0.273982 142.361 20380.6 1.17609
0.69 0.665303 0.527241 0.0879567 0.00865185 0.286582 143.089 20597.1 1.24341
0.7 0.67226 0.555311 0.0916111 0.00935244 0.29618 143.924 20837.9 1.23021
0.71 0.676686 0.554104 0.0941632 0.00983543 0.294709 144.347 20962.5 1.23238
0.72 0.682113 0.556153 0.096256 0.0102638 0.299578 144.806 21094.2 1.2038
0.73 0.687317 0.551592 0.0994366 0.0109075 0.301773 145.434 21276.5 1.1807
0.74 0.693141 0.552392 0.101851 0.0114 0.299602 145.895 21410.6 1.15951
0.75 0.697463 0.556128 0.1055 0.01228 0.33112 146.808 21695.8 1.3018
0.76 0.704027 0.568826 0.108384 0.0129035 0.32868 147.473 21889.1 1.25556
0.77 0.710792 0.557367 0.113083 0.013969 0.331327 148.714 22257.9 1.24168
0.78 0.71585 0.566523 0.115477 0.0145691 0.341783 149.233 22417.7 1.26452
0.79 0.721656 0.561279 0.119569 0.0156443 0.368476 150.045 22676.4 1.37341
0.8 0.725174 0.559678 0.120752 0.0158781 0.350187 150.129 22691.7 1.27496
0.81 0.732401 0.573984 0.123407 0.0165332 0.347736 150.527 22808.2 1.22816
0.82 0.737783 0.563396 0.128727 0.0179071 0.352052 152.15 23302.2 1.2225
0.83 0.743566 0.564927 0.133314 0.0192125 0.374731 153.444 23712.5 1.3135
0.84 0.749131 0.570272 0.133893 0.0193451 0.364552 153.094 23599.9 1.26026
0.85 0.756258 0.581082 0.140078 0.0211519 0.388807 154.859 24157.1 1.3351
0.86 0.761655 0.563507 0.143854 0.022246 0.389776 155.825 24453.8 1.28679
0.87 0.766302 0.566769 0.144287 0.0222694 0.360154 155.563 24358 1.16767
0.88 0.77283 0.570922 0.149558 0.0238988 0.375811 156.975 24806.9 1.19985
0.89 0.779359 0.57264 0.154222 0.0254623 0.407244 158.212 25217 1.32139
0.9 0.783223 0.564102 0.153588 0.0252223 0.391905 157.357 24943.3 1.28523
0.91 0.78987 0.574447 0.159485 0.0271524 0.407515 159.206 25532.8 1.28628
0.92 0.794282 0.559496 0.161409 0.0276925 0.384962 159.489 25613.6 1.20469
0.93 0.801094 0.560735 0.165853 0.0292609 0.407351 160.525 25954.7 1.24926
0.94 0.807468 0.550516 0.170416 0.0308025 0.404603 161.8 26366.8 1.23314
0.95 0.809818 0.550171 0.169508 0.0303835 0.375309 160.985 26091.9 1.14847
0.96 0.817422 0.55008 0.174816 0.0322384 0.377454 162.443 26560 1.10482
0.97 0.822638 0.543698 0.176606 0.0328751 0.375283 162.583 26611.4 1.12972
0.98 0.827976 0.528428 0.180695 0.0343228 0.368584 163.736 26979.8 1.06079
0.99 0.83478 0.516541 0.18533 0.0360448 0.370408 165.135 27444.5 1.06963
1 0.840708 0.534975 0.188403 0.0372122 0.370761 165.719 27636 1.04452
