0.01 -1.63503 1.4869 1 1 0 510.746 260863 0.268156
0.02 -1.62001 1.48178 1 1 0 509.486 259579 0.269784
0.03 -1.6049 1.49895 1 1 0 508.241 258313 0.270705
0.04 -1.58976 1.52655 1 1 0 506.959 257013 0.273492
0.05 -1.57455 1.52183 1 1 0 505.692 255731 0.27185
0.06 -1.55943 1.50175 1 1 0 504.473 254502 0.27061
0.07 -1.54402 1.52927 1 1 0 503.119 253138 0.267014
0.08 -1.52861 1.53451 1 1 0 501.86 251874 0.275385
0.09 -1.51315 1.56883 1 1 0 500.573 250585 0.272222
0.1 -1.49782 1.55052 1 1 0 499.271 249285 0.274015
0.11 -1.48237 1.57519 1 1 0 498.004 248023 0.274791
0.12 -1.4665 1.53862 1 1 0 496.664 246691 0.270519
0.13 -1.45102 1.53868 1 1 0 495.407 245446 0.275378
0.14 -1.43546 1.52504 1 1 0 494.066 244120 0.270153
0.15 -1.41909 1.59356 1 1 1.54313e-06 492.707 242780 0.275942
0.16 -1.40385 1.5889 0.999999 0.999998 5.78588e-06 491.476 241570 0.271056
0.17 -1.38795 1.59209 0.999996 0.999992 2.31285e-05 490.211 240330 0.279928
0.18 -1.3715 1.60548 0.999992 0.999984 4.49315e-05 488.793 238943 0.277512
0.19 -1.35553 1.61932 0.999983 0.999966 8.98224e-05 487.46 237642 0.270917
0.2 -1.33915 1.61432 0.999977 0.999953 0.000116308 486.091 236311 0.276828
0.21 -1.32325 1.65252 0.999951 0.999903 0.000232335 484.769 235030 0.285538
0.22 -1.3062 1.6237 0.999911 0.999823 0.0004047 483.324 233632 0.280985
0.23 -1.29098 1.64758 0.999861 0.999723 0.000602919 482.092 232444 0.278312
0.24 -1.27427 1.65001 0.999804 0.999608 0.00082759 480.656 231062 0.275547
0.25 -1.25761 1.63771 0.999698 0.999398 0.0011964 479.323 229785 0.280735
0.26 -1.23993 1.72648 0.999541 0.999084 0.00176388 477.831 228359 0.290533
0.27 -1.22284 1.65842 0.999356 0.998716 0.00240019 476.384 226978 0.280143
0.28 -1.20592 1.76336 0.999116 0.998237 0.00313472 475.152 225808 0.285491
0.29 -1.18746 1.71097 0.998808 0.997623 0.00420169 473.419 224165 0.285173
0.3 -1.17076 1.77185 0.998449 0.996908 0.00511973 472.026 222849 0.282783
0.31 -1.15089 1.85849 0.997992 0.995998 0.00654128 470.392 221312 0.294379
0.32 -1.13445 1.84003 0.997418 0.994855 0.008317 469.185 220178 0.288694
0.33 -1.11509 1.85794 0.996774 0.993574 0.00985508 467.467 218570 0.291292
0.34 -1.09545 1.88197 0.995887 0.991811 0.0121825 465.757 216975 0.289298
0.35 -1.07635 2.01652 0.995015 0.990078 0.0143791 464.248 215575 0.296615
0.36 -1.05569 1.99972 0.994006 0.988076 0.0165889 462.535 213988 0.293837
0.37 -1.0346 2.11523 0.992735 0.985557 0.019905 460.767 212358 0.303969
0.38 -1.01609 2.11091 0.991269 0.982654 0.0232225 459.334 211040 0.302448
0.39 -0.993216 2.11672 0.98971 0.979575 0.0272484 457.2 209086 0.300215
0.4 -0.969322 2.19582 0.987908 0.97602 0.0309653 455.208 207270 0.309236
0.41 -0.948059 2.33503 0.985882 0.972032 0.0363815 453.401 205632 0.322826
0.42 -0.923133 2.33596 0.983613 0.967575 0.0414411 451.333 203762 0.318934
0.43 -0.898654 2.35695 0.981158 0.962762 0.0458167 449.193 201836 0.321765
0.44 -0.875581 2.53141 0.978454 0.957478 0.0516238 447.315 200157 0.338045
0.45 -0.847071 2.65175 0.975351 0.951432 0.058263 444.815 197929 0.345389
0.46 -0.82312 2.87508 0.97215 0.945215 0.065223 442.669 196028 0.355248
0.47 -0.795863 2.76581 0.968468 0.938089 0.0728974 440.47 194086 0.348601
0.48 -0.762434 3.05384 0.964383 0.930213 0.0803186 437.401 191398 0.371663
0.49 -0.735756 2.97431 0.960209 0.922206 0.0896742 435.115 189404 0.369528
0.5 -0.702516 3.10395 0.955091 0.912432 0.100652 432.089 186783 0.382016
0.51 -0.675278 3.23176 0.950594 0.903888 0.109907 429.869 184872 0.389694
0.52 -0.638871 3.3925 0.944446 0.892274 0.122578 426.181 181721 0.407678
0.53 -0.607369 3.50251 0.938608 0.881324 0.138391 423.374 179341 0.426436
0.54 -0.566506 3.49495 0.931484 0.868043 0.152331 419.496 176077 0.441344
0.55 -0.530084 3.72107 0.924311 0.854779 0.168217 416.152 173290 0.470382
0.56 -0.486848 4.30116 0.915847 0.839282 0.195302 411.997 169862 0.523936
0.57 -0.446762 4.12822 0.907299 0.823749 0.211645 407.891 166494 0.512245
0.58 -0.403284 4.64566 0.897703 0.806523 0.242914 403.614 163040 0.580569
0.59 -0.352299 5.00579 0.886223 0.786154 0.279357 398.396 158870 0.642408
0.6 -0.306585 5.14035 0.875138 0.766736 0.313261 393.576 155063 0.679117
0.61 -0.250383 5.68336 0.860933 0.74227 0.377045 387.696 150493 0.781193
0.62 -0.196542 5.58649 0.846106 0.717057 0.404622 381.462 145706 0.816512
0.63 -0.12355 6.84832 0.825287 0.682708 0.551618 372.658 139123 1.0636
0.64 -0.0617644 7.13541 0.805747 0.651193 0.66334 365.126 133601 1.21373
0.65 0.0103523 8.32404 0.781259 0.613023 0.883169 355.917 127044 1.58802
0.66 0.108722 8.88774 0.745868 0.559901 1.17225 342.292 117620 2.01873
0.67 0.197078 9.67099 0.707275 0.505331 1.6421 328.607 108586 2.73844
0.68 0.277335 8.1265 0.671404 0.456229 1.72986 316.014 100461 2.77113
0.69 0.370027 9.27557 0.617094 0.389725 2.7924 298.121 89801.1 4.49624
0.7 0.433965 7.96883 0.576539 0.342748 3.19397 285.038 82269.9 5.12743
0.71 0.508855 5.90609 0.524226 0.285356 3.20733 268.004 72826.3 5.25637
0.72 0.567133 4.02464 0.478085 0.238204 2.89171 253.314 65053.7 4.85736
0.73 0.59414 2.94747 0.457043 0.217472 2.5399 246.836 61697.5 4.26971
0.74 0.612984 2.48219 0.441559 0.202713 2.2588 241.84 59177.9 3.86399
0.75 0.641236 1.76717 0.413162 0.178073 2.12264 232.811 54838.3 3.64987
0.76 0.658668 1.42505 0.400943 0.167106 1.8048 228.894 52939 3.14138
0.77 0.674072 1.14495 0.386947 0.155483 1.61445 224.52 50902.8 2.85391
0.78 0.684733 1.16002 0.379252 0.149604 1.59844 221.811 49697.8 2.87586
0.79 0.695011 0.954189 0.371682 0.143579 1.48505 219.277 48550.8 2.70523
0.8 0.701869 0.87497 0.369723 0.141715 1.35544 218.452 48151.3 2.4598
0.81 0.709728 0.834592 0.364571 0.137871 1.32259 216.642 47361.9 2.44075
0.82 0.71853 0.76778 0.359523 0.133784 1.19254 214.881 46558.7 2.1847
0.83 0.726336 0.675607 0.355581 0.13045 1.04413 213.355 45856.7 1.89861
0.84 0.731619 0.695857 0.356331 0.131183 1.08282 213.519 45949.7 2.0041
0.85 0.739858 0.620816 0.352801 0.128383 0.994701 212.121 45324.5 1.82647
0.86 0.746584 0.620581 0.349114 0.125806 0.985973 210.519 44655.9 1.86398
0.87 0.750619 0.592921 0.347548 0.124635 0.954599 209.932 44401.9 1.80903
0.88 0.759459 0.55615 0.34344 0.121476 0.865341 208.252 43668.7 1.63562
0.89 0.763991 0.545137 0.343618 0.121401 0.807525 208.088 43583.7 1.52875
0.9 0.770417 0.549862 0.340404 0.119211 0.800659 206.747 43031.3 1.54216
0.91 0.775028 0.522288 0.340498 0.119113 0.753349 206.538 42925.2 1.42124
0.92 0.781614 0.523494 0.337587 0.117164 0.751074 205.425 42473 1.44785
0.93 0.785941 0.527071 0.340587 0.119186 0.740061 206.202 42795.4 1.43878
0.94 0.791475 0.491527 0.337015 0.116755 0.729821 204.763 42204.4 1.43668
0.95 0.795816 0.476451 0.33907 0.117824 0.649224 205.082 42301.4 1.24686
0.96 0.802116 0.485565 0.337886 0.117134 0.667612 204.441 42054.4 1.31546
0.97 0.805917 0.471197 0.339703 0.118256 0.636549 204.797 42189.4 1.24615
0.98 0.810901 0.455983 0.336617 0.116161 0.628137 203.403 41616.3 1.22127
0.99 0.815028 0.457972 0.33948 0.118184 0.64091 204.23 41967.5 1.2748
1 0.818615 0.465246 0.337321 0.116596 0.60715 203.35 41603.3 1.2402
