1 0.442389 0.258494 0.0543378 0.00348618 0.0768347 107.301 11611.4 0.911032
0.99 0.439915 0.260186 0.0547319 0.00352787 0.0774238 107.807 11712.2 0.842181
0.98 0.437167 0.253918 0.0526285 0.00326248 0.0723996 106.976 11529.4 0.816105
0.97 0.434942 0.252075 0.0523142 0.00323316 0.0736891 107.032 11546 0.869169
0.96 0.43281 0.252928 0.0510882 0.00312076 0.0766129 106.499 11435.6 0.915164
0.95 0.430076 0.252889 0.0510552 0.003093 0.0737235 106.707 11476.3 0.886404
0.94 0.425959 0.240592 0.0493215 0.00290517 0.0723924 106.13 11350.7 0.87346
0.93 0.424559 0.254028 0.0501292 0.00298146 0.0725457 106.845 11503.4 0.880561
0.92 0.422021 0.249408 0.0488257 0.00284635 0.0723765 106.397 11405.6 0.870674
0.91 0.418075 0.237004 0.0468372 0.00263842 0.0703708 105.523 11219.3 0.876719
0.9 0.418655 0.247857 0.0467479 0.00263577 0.0720649 105.664 11249.6 0.890811
0.89 0.415872 0.245478 0.0467635 0.00261774 0.0697204 105.818 11279.3 0.868426
0.88 0.411968 0.238842 0.0454372 0.00250482 0.0720467 105.302 11170.7 0.887211
0.87 0.409992 0.244603 0.0455389 0.00250862 0.0719714 105.694 11254.6 0.905745
0.86 0.406866 0.233306 0.0440601 0.00235074 0.0685592 105.173 11142.8 0.901206
0.85 0.404275 0.233341 0.0432542 0.00227048 0.0676891 104.924 11086.1 0.864102
0.84 0.404308 0.231134 0.0428813 0.00223627 0.0681375 104.774 11054.7 0.874835
0.83 0.400873 0.234927 0.042125 0.002162 0.0672259 104.552 11007.3 0.877306
0.82 0.39884 0.240349 0.0419295 0.00214736 0.0683614 104.789 11058 0.899195
0.81 0.39609 0.238157 0.0408688 0.00205846 0.0690149 104.487 10997.1 0.939322
0.8 0.392423 0.227713 0.0398566 0.00195202 0.0654246 104.053 10900.6 0.884691
0.79 0.390583 0.23076 0.0391243 0.00188482 0.064547 104.015 10891.1 0.875693
0.78 0.389351 0.23627 0.0390299 0.00187724 0.0653368 104.039 10896 0.886549
0.77 0.386608 0.226737 0.0385597 0.00182984 0.0641426 104.179 10922.1 0.859212
0.76 0.384863 0.230375 0.0383892 0.00182403 0.0663716 104.182 10926.1 0.912173
0.75 0.382216 0.233861 0.0374941 0.00174722 0.0655521 104.064 10897.6 0.874988
0.74 0.379816 0.228666 0.03745 0.00173795 0.0652769 104.251 10935.3 0.868995
0.73 0.377713 0.225681 0.0360267 0.00161927 0.0633882 103.621 10801.1 0.842841
0.72 0.375265 0.230843 0.0365823 0.00166475 0.0652971 104.233 10930.3 0.87562
0.71 0.372589 0.230757 0.0356337 0.00158325 0.063581 104.034 10888.7 0.888512
0.7 0.369913 0.230894 0.0349698 0.00153052 0.0632855 103.853 10849.9 0.886036
0.69 0.368408 0.232285 0.0355403 0.00158526 0.0672305 104.287 10942.9 0.934138
0.68 0.365596 0.228373 0.0336944 0.0014305 0.0625092 103.41 10754.9 0.871979
0.67 0.363395 0.230253 0.033659 0.00141866 0.0614102 103.865 10846.5 0.842838
0.66 0.361637 0.231273 0.0339691 0.00145242 0.0651325 103.922 10861.3 0.896036
0.65 0.359526 0.235644 0.0341705 0.00146858 0.0666735 104.257 10930.6 0.901764
0.64 0.356567 0.233824 0.0328688 0.00136989 0.065145 103.878 10851 0.908187
0.63 0.354352 0.240986 0.0330889 0.00137542 0.0641246 104.315 10940.8 0.898959
0.62 0.352549 0.239261 0.0322726 0.00131678 0.0639328 103.987 10871.3 0.899901
0.61 0.348952 0.236751 0.0317069 0.00127487 0.063629 104.071 10883.9 0.838474
0.6 0.34741 0.244279 0.0319715 0.00130599 0.0681146 104.303 10937.7 0.937071
0.59 0.344706 0.246362 0.0318663 0.00129709 0.0687373 104.45 10966.7 0.922173
0.58 0.34215 0.251554 0.0314771 0.00125604 0.0658505 104.492 10971.7 0.875361
0.57 0.339694 0.248193 0.0302309 0.00117023 0.0647547 104.151 10899.1 0.870111
0.56 0.336803 0.247502 0.0307642 0.00121697 0.0695661 104.555 10985.7 0.923293
0.55 0.334787 0.250153 0.0296403 0.00112618 0.0648342 104.247 10918.1 0.8845
0.54 0.33228 0.254386 0.0295076 0.00111268 0.0645274 104.284 10924.9 0.884478
0.53 0.329942 0.262694 0.0293944 0.0011215 0.0699529 104.488 10970.7 0.955954
0.52 0.327311 0.255794 0.0291503 0.00109005 0.0665463 104.689 11007.7 0.880973
0.51 0.324942 0.268376 0.0294444 0.00111603 0.07032 104.969 11068.8 0.942535
0.5 0.321069 0.267598 0.0296611 0.00113031 0.0721535 105.395 11157.4 0.936364
0.49 0.319007 0.275969 0.0286941 0.00106167 0.070036 105.153 11104.2 0.912799
0.48 0.316377 0.274419 0.0286819 0.00107472 0.0756199 105.206 11115.1 0.92428
0.47 0.314006 0.283116 0.0285962 0.00105871 0.0738277 105.46 11168.7 0.944104
0.46 0.310275 0.293194 0.0284708 0.00104657 0.0738714 105.74 11225.5 0.915546
0.45 0.30765 0.289175 0.028375 0.00103851 0.0746775 105.853 11249.6 0.9392
0.44 0.305376 0.304523 0.0283427 0.00103629 0.0762489 105.97 11272.4 0.918446
0.43 0.301922 0.317111 0.0288049 0.00106467 0.0786826 106.441 11372.9 0.946242
0.42 0.298623 0.318171 0.0289149 0.00107938 0.0834199 106.816 11454.7 1.004
0.41 0.295563 0.317772 0.0282764 0.00102908 0.0806122 106.732 11433.9 0.963596
0.4 0.291236 0.336522 0.0295319 0.0011111 0.0860277 107.654 11630.9 0.963665
0.39 0.288475 0.340872 0.0289191 0.00107392 0.0877304 107.624 11625.2 1.00952
0.38 0.285022 0.361052 0.0295503 0.00112929 0.0970376 107.885 11681.9 1.04128
0.37 0.281911 0.374954 0.0294691 0.00111885 0.0974631 108.229 11755.6 1.05287
0.36 0.277607 0.379514 0.0299181 0.00114439 0.0997205 108.784 11875.1 1.05264
0.35 0.273619 0.404831 0.0308132 0.00122875 0.11491 109.334 11997 1.12382
0.34 0.269174 0.419167 0.0318931 0.00129611 0.118142 110.155 12175.8 1.11363
0.33 0.265076 0.438114 0.0321639 0.00131892 0.124103 110.489 12251.5 1.19951
0.32 0.2606 0.457002 0.0328139 0.00135379 0.124668 111.025 12367.4 1.14807
0.31 0.256134 0.474508 0.0326094 0.00133762 0.127392 111.437 12458.3 1.16114
0.3 0.251573 0.508357 0.0350545 0.00155532 0.156719 112.437 12685.2 1.28117
0.29 0.246104 0.525049 0.0361118 0.00163355 0.163605 113.213 12859.2 1.28021
0.28 0.240759 0.56757 0.0387576 0.00184202 0.17479 114.325 13113.2 1.34507
0.27 0.234436 0.588265 0.0404611 0.00200802 0.197821 115.331 13344 1.37329
0.26 0.228959 0.647287 0.0431788 0.00229598 0.239023 116.48 13615.2 1.56947
0.25 0.221643 0.674219 0.0458656 0.00253084 0.24606 117.857 13935 1.51402
0.24 0.213804 0.775842 0.0520358 0.00323645 0.317235 119.919 14431.7 1.77669
0.23 0.205937 0.916336 0.0573069 0.00394169 0.411715 121.717 14872.4 2.05148
0.22 0.196619 1.0287 0.0631517 0.00473473 0.488676 123.89 15408.4 2.18484
0.21 -0.580852 1.26303 0.99551 0.991073 0.022299 317.934 101090 0.117487
0.2 -0.592635 1.20561 0.996789 0.993612 0.016607 318.279 101309 0.114658
0.19 -0.604721 1.14208 0.99784 0.995701 0.0116769 318.689 101569 0.115366
0.18 -0.615906 1.11595 0.998547 0.997105 0.00813632 318.992 101763 0.117413
0.17 -0.627064 1.0974 0.999128 0.998263 0.0051833 319.342 101986 0.1132
0.16 -0.637695 1.06516 0.999468 0.99894 0.00326964 319.643 102177 0.112004
0.15 -0.648462 1.04048 0.999712 0.999426 0.00194341 319.941 102368 0.112909
0.14 -0.658559 1.04498 0.999864 0.999729 0.000973008 320.207 102538 0.115031
0.13 -0.669009 1.0013 0.999933 0.999866 0.000521201 320.48 102712 0.112534
0.12 -0.679309 1.01677 0.999974 0.999947 0.000219072 320.756 102889 0.114261
0.11 -0.689495 1.01758 0.999993 0.999987 5.99178e-05 321.041 103071 0.1138
0.1 -0.699582 1.03058 0.999996 0.999992 3.81734e-05 321.308 103243 0.111066
0.09 -0.7097 1.01718 0.999999 0.999997 1.5429e-05 321.579 103416 0.111895
0.08 -0.719809 1.00909 1 1 0 321.855 103594 0.109146
0.07 -0.729994 1.01736 1 1 0 322.112 103758 0.111675
0.06 -0.739942 1.01837 1 1 0 322.391 103938 0.112383
0.05 -0.75001 1.0157 1 1 0 322.645 104102 0.109798
0.04 -0.760016 0.992455 1 1 0 322.932 104287 0.111544
0.03 -0.770058 1.00955 1 1 0 323.198 104458 0.111716
0.02 -0.780042 1.0025 1 1 0 323.463 104629 0.111501
0.01 -0.790041 0.999347 1 1 0 323.737 104806 0.110754
