1 0.443594 0.255205 0.0560164 0.00432557 0.0760151 47.9993 2343.64 0.827185
0.99 0.440869 0.25032 0.0535961 0.00402794 0.0746926 47.5593 2302.77 0.868231
0.98 0.439982 0.248987 0.0549945 0.00416727 0.0746367 47.8458 2327.55 0.817442
0.97 0.437584 0.263367 0.0539836 0.00401559 0.0726671 47.8673 2327.31 0.776157
0.96 0.437175 0.264208 0.0542438 0.0041752 0.0821874 47.9027 2338.39 0.950857
0.95 0.431957 0.248116 0.053432 0.00397946 0.075754 47.7667 2319.93 0.843308
0.94 0.43094 0.265604 0.0535938 0.00406814 0.0814195 48.1088 2355.66 0.91116
0.93 0.428083 0.247782 0.0522094 0.00382576 0.0756947 47.6586 2309.72 0.865792
0.92 0.422956 0.241821 0.0495937 0.00349927 0.0723289 47.2829 2272.76 0.852478
0.91 0.422788 0.250327 0.0512086 0.00364193 0.0717089 47.7743 2318.18 0.82332
0.9 0.419583 0.253155 0.0486469 0.00338972 0.0727611 47.2853 2272.9 0.869455
0.89 0.41648 0.246662 0.0497883 0.0034962 0.0731564 47.6856 2307.43 0.789487
0.88 0.412245 0.2458 0.0471133 0.00321339 0.0722713 47.1241 2257.19 0.880273
0.87 0.413389 0.241736 0.0478063 0.00328523 0.0735479 47.4093 2283.9 0.879124
0.86 0.409479 0.244587 0.0471852 0.00322831 0.0745577 47.2237 2267.28 0.916049
0.85 0.406431 0.251425 0.0465344 0.00312852 0.0725133 47.3815 2278.98 0.84363
0.84 0.405098 0.240995 0.0434852 0.00283422 0.0718672 46.425 2191.94 0.940201
0.83 0.401437 0.235076 0.0447953 0.00290623 0.0693672 47.0555 2246.47 0.825658
0.82 0.399426 0.241765 0.0441445 0.00286036 0.0711512 47.0903 2252.57 0.908316
0.81 0.398444 0.236794 0.0440969 0.00284841 0.0714176 47.0457 2247.18 0.889075
0.8 0.396725 0.246193 0.0432281 0.00275476 0.0708872 46.888 2230.9 0.864208
0.79 0.392169 0.238268 0.0421797 0.00264915 0.0704826 46.91 2233.82 0.897978
0.78 0.391173 0.231711 0.0411406 0.00251587 0.0675543 46.6808 2209.26 0.828201
0.77 0.388696 0.234703 0.0414867 0.00253529 0.067669 47.0297 2241.15 0.810516
0.76 0.386713 0.236087 0.0412758 0.00257628 0.0734814 46.9491 2237.52 0.933456
0.75 0.382674 0.23081 0.0400773 0.00244603 0.0716663 46.7953 2222.36 0.927714
0.74 0.381409 0.233402 0.0392328 0.00235437 0.0705 46.6547 2208.7 0.92803
0.73 0.381168 0.240933 0.0405094 0.00244844 0.0707882 46.8518 2226.55 0.919965
0.72 0.376193 0.230637 0.03785 0.00218745 0.0670959 46.5329 2194.11 0.859571
0.71 0.374282 0.23213 0.0377531 0.00217483 0.0675633 46.5163 2193.09 0.887949
0.7 0.372551 0.244019 0.0367844 0.0021231 0.0704005 46.4071 2184.1 0.938377
0.69 0.369104 0.233691 0.0356984 0.00198782 0.066174 46.1003 2153.55 0.890111
0.68 0.365404 0.233187 0.0360555 0.00199672 0.0655736 46.4611 2185.9 0.862971
0.67 0.362901 0.234739 0.0357523 0.00197465 0.0665233 46.6417 2202.57 0.867982
0.66 0.36409 0.241465 0.0370609 0.0021083 0.0712521 46.991 2235.72 0.888645
0.65 0.35994 0.236855 0.0341227 0.00183085 0.0656238 46.2347 2164.03 0.877725
0.64 0.356726 0.236368 0.0350359 0.00195654 0.0729026 46.5816 2198.37 0.956966
0.63 0.355151 0.245067 0.0355125 0.00196345 0.0713462 47.0274 2238.93 0.923105
0.62 0.352306 0.23986 0.0333773 0.00173651 0.0642544 46.4824 2184.36 0.823925
0.61 0.350337 0.245919 0.0332375 0.00178049 0.0708996 46.4287 2182.12 0.935534
0.6 0.346827 0.247335 0.0346086 0.00188278 0.0730689 46.9674 2231.91 0.921579
0.59 0.346407 0.245386 0.0317594 0.00161533 0.0658087 46.1061 2150.47 0.9081
0.58 0.342506 0.249317 0.0317352 0.00161945 0.067567 46.5617 2192.28 0.899431
0.57 0.33936 0.260972 0.0335992 0.00175287 0.0700588 46.9453 2226.31 0.83864
0.56 0.338804 0.253751 0.0327227 0.001717 0.0738551 46.8572 2220.73 0.957809
0.55 0.335535 0.257922 0.0322852 0.0016629 0.072212 46.946 2227.84 0.926173
0.54 0.33254 0.259401 0.0317922 0.00162148 0.0723841 46.7262 2206.81 0.930179
0.53 0.330973 0.26254 0.0318008 0.00160841 0.0721052 46.9733 2229.48 0.923421
0.52 0.326912 0.258067 0.0318984 0.00163418 0.0758978 47.0607 2237.33 0.924306
0.51 0.324768 0.264002 0.0316703 0.00160386 0.0754006 47.1448 2244.88 0.925496
0.5 0.323156 0.278658 0.0313602 0.00158529 0.0770344 47.1341 2243.92 0.946109
0.49 0.320835 0.279376 0.0292687 0.00144666 0.0770606 46.7162 2204.16 0.950428
0.48 0.317648 0.287766 0.0291742 0.00138778 0.0715528 46.8841 2219.4 0.945836
0.47 0.314627 0.303079 0.0301688 0.00147708 0.0771979 47.035 2234.03 0.983437
0.46 0.311588 0.299472 0.0309133 0.00155551 0.0834608 47.285 2256.97 0.970038
0.45 0.307556 0.296703 0.0310516 0.00152825 0.0802201 47.4271 2269.91 0.964674
0.44 0.304583 0.306226 0.0306664 0.00153837 0.0869728 47.5528 2282.23 1.00171
0.43 0.301085 0.321408 0.0312281 0.00160964 0.0944294 47.9298 2319.64 1.08541
0.42 0.297795 0.32775 0.0319555 0.00161891 0.0910867 47.9684 2322.02 1.045
0.41 0.294886 0.33368 0.0305039 0.0014922 0.0876818 47.7975 2303.29 0.953933
0.4 0.292173 0.353233 0.0308625 0.0015468 0.0950893 48.007 2324.36 1.02529
0.39 0.287817 0.342618 0.0312656 0.0015926 0.100933 48.3657 2358.41 1.01647
0.38 0.28536 0.376133 0.0310164 0.0016048 0.108258 48.3517 2359.48 1.17554
0.37 0.280902 0.368671 0.0312398 0.0015424 0.0979835 48.4476 2365.14 1.0027
0.36 0.276453 0.390816 0.033343 0.00178292 0.119319 48.9221 2413.19 1.12536
0.35 0.273284 0.395487 0.0329391 0.00171682 0.115536 48.9634 2415.67 1.06499
0.34 0.267589 0.431309 0.0357656 0.0020989 0.154301 49.5477 2476.32 1.26708
0.33 0.265627 0.450429 0.03345 0.00176216 0.124753 49.3293 2452.9 1.19907
0.32 0.261054 0.450124 0.0343578 0.0018457 0.133049 49.6499 2483.26 1.14177
0.31 0.254664 0.477138 0.038057 0.00220294 0.155789 50.2144 2540.21 1.20244
0.3 0.249399 0.528743 0.0379406 0.00221714 0.165898 50.5789 2577.79 1.28951
0.29 0.24507 0.528205 0.038425 0.00220671 0.161155 50.7551 2594.25 1.23483
0.28 0.238937 0.603264 0.0425656 0.00283071 0.232887 51.2831 2652.31 1.55656
0.27 0.23429 0.602099 0.041743 0.002638 0.212273 51.3859 2660.4 1.4336
0.26 0.228007 0.647894 0.0457516 0.00304851 0.235152 52.1381 2738.44 1.47945
0.25 0.221374 0.669972 0.0477289 0.00322448 0.242285 52.4808 2773.04 1.43366
0.24 0.211726 0.904859 0.0548422 0.00475891 0.466999 53.7333 2916.85 2.29359
0.23 0.202541 0.984692 0.0624047 0.00555542 0.462212 54.7873 3028.96 2.16703
0.22 -0.569602 1.26709 0.993952 0.988038 0.0284981 141.159 19929.6 0.11919
0.21 -0.58182 1.21078 0.995555 0.991199 0.0213884 141.355 19984.6 0.116339
0.2 -0.593904 1.18875 0.996821 0.993704 0.0164108 141.516 20030 0.116873
0.19 -0.605373 1.15727 0.997786 0.995612 0.0117945 141.684 20077.5 0.114362
0.18 -0.616863 1.10616 0.998575 0.997174 0.00792383 141.796 20109 0.116297
0.17 -0.627731 1.10306 0.999055 0.998125 0.00562865 141.944 20150.8 0.114297
0.16 -0.638694 1.05125 0.999498 0.999005 0.00320016 142.076 20188.1 0.113854
0.15 -0.648806 1.05713 0.999686 0.999377 0.00210375 142.208 20225.6 0.111109
0.14 -0.659284 1.03571 0.999857 0.999716 0.00102302 142.322 20257.7 0.112488
0.13 -0.66938 1.01425 0.999929 0.999859 0.000544387 142.446 20293 0.112209
0.12 -0.679757 1.05025 0.999972 0.999944 0.000233953 142.578 20330.4 0.112594
0.11 -0.690012 1.03491 0.999992 0.999984 7.09872e-05 142.7 20365 0.113838
0.1 -0.699776 1.0149 0.999998 0.999995 2.3434e-05 142.81 20396.2 0.113848
0.09 -0.710143 1.02726 0.999998 0.999997 1.73594e-05 142.938 20432.7 0.113375
0.08 -0.720147 0.995211 1 1 0 143.049 20464.3 0.112305
0.07 -0.730231 0.980967 1 1 0 143.183 20502.6 0.112718
0.06 -0.740273 0.986854 1 1 0 143.3 20535.7 0.113591
0.05 -0.750163 0.999662 1 1 0 143.421 20570.4 0.111765
0.04 -0.760191 0.993656 1 1 0 143.539 20604 0.110702
0.03 -0.77016 1.00087 1 1 0 143.651 20636.1 0.111706
0.02 -0.780114 0.999437 1 1 0 143.758 20666.7 0.114026
0.01 -0.790087 0.988348 1 1 0 143.882 20702.2 0.111443
