1 0.442432 0.263082 0.0564195 0.00442111 0.0792283 48.1161 2356.8 0.865432
0.99 0.441548 0.258423 0.0560945 0.00433231 0.0766523 48.0644 2351.06 0.858995
0.98 0.440569 0.263184 0.0546688 0.00418066 0.0778444 47.8443 2331.08 0.89583
0.97 0.435397 0.248674 0.0525992 0.00387999 0.0734558 47.3176 2277.41 0.837798
0.96 0.433759 0.25798 0.0536969 0.00400051 0.0744772 47.9416 2337.63 0.852599
0.95 0.433219 0.247938 0.0526961 0.00388427 0.0746029 47.6647 2310.62 0.85474
0.94 0.430182 0.245231 0.0522781 0.00385791 0.0765895 47.7904 2324.98 0.913947
0.93 0.428763 0.25569 0.0526602 0.00388361 0.0764225 47.8395 2328.08 0.886907
0.92 0.423019 0.247893 0.0512852 0.00368331 0.0732623 47.816 2322.52 0.821796
0.91 0.420597 0.247719 0.04945 0.00355964 0.0783712 47.4606 2293.29 0.944252
0.9 0.419031 0.249036 0.0499086 0.00352201 0.0733256 47.584 2299.92 0.833132
0.89 0.415837 0.242607 0.0481391 0.00335598 0.0746867 47.2794 2273.84 0.915024
0.88 0.416345 0.255706 0.0499719 0.00360713 0.080723 47.8201 2328.83 0.999783
0.87 0.413544 0.247216 0.0485195 0.00335089 0.0733239 47.5069 2294.57 0.911369
0.86 0.408711 0.239168 0.0455766 0.00300303 0.0688971 46.9582 2240.05 0.866084
0.85 0.406765 0.242166 0.0477414 0.00325289 0.0733102 47.6096 2300.72 0.841278
0.84 0.40568 0.237053 0.0463469 0.00310979 0.0732767 47.352 2277.08 0.876717
0.83 0.401701 0.242258 0.0454039 0.00300851 0.0730212 47.2674 2268 0.861299
0.82 0.400242 0.241763 0.0472023 0.00322616 0.0779004 47.7538 2315.7 0.900766
0.81 0.397109 0.239213 0.0433977 0.00277623 0.0705483 46.8838 2231.97 0.892189
0.8 0.395371 0.241422 0.0441492 0.00286776 0.0734886 47.3334 2274.19 0.891001
0.79 0.391885 0.240741 0.0418664 0.00261295 0.0696835 46.8279 2226.31 0.904518
0.78 0.391352 0.232328 0.0411687 0.00247781 0.0642414 46.6201 2202.59 0.802023
0.77 0.388289 0.239375 0.0435734 0.00276792 0.0722515 47.5088 2288.26 0.852025
0.76 0.385909 0.228516 0.0405367 0.00245018 0.0679543 46.7684 2217.54 0.851425
0.75 0.383401 0.227354 0.0395609 0.0023686 0.0685684 46.5274 2195.49 0.879589
0.74 0.382779 0.229231 0.0388656 0.00232476 0.0704189 46.2967 2175 0.922817
0.73 0.378973 0.237939 0.039043 0.0023222 0.0699486 46.7069 2213.14 0.926961
0.72 0.378442 0.22956 0.0378758 0.00220546 0.0685228 46.376 2181.05 0.907909
0.71 0.375308 0.226619 0.0369406 0.0020989 0.0661897 46.2689 2168.22 0.834456
0.7 0.372146 0.2386 0.0384063 0.00225317 0.0711437 46.8885 2230.02 0.959386
0.69 0.368358 0.23156 0.0369055 0.00207572 0.0661989 46.5544 2194.62 0.850216
0.68 0.368281 0.237032 0.0366773 0.00204611 0.065965 46.6904 2206.29 0.828124
0.67 0.364361 0.23234 0.0378906 0.00221223 0.0741762 47.0749 2245.83 0.94428
0.66 0.363042 0.235018 0.0354242 0.00197037 0.0693816 46.3905 2179.33 0.889972
0.65 0.359964 0.233895 0.0338305 0.00177262 0.0618456 46.2607 2164.56 0.81502
0.64 0.357602 0.236473 0.0345758 0.0018806 0.0685118 46.4403 2182.76 0.877008
0.63 0.355125 0.242898 0.0339961 0.00184159 0.0696742 46.382 2177.07 0.882133
0.62 0.352679 0.243076 0.0343602 0.00183021 0.0670547 46.7359 2208.45 0.835306
0.61 0.351232 0.244885 0.0326969 0.00167297 0.0633587 46.3802 2175.81 0.872628
0.6 0.34765 0.249172 0.0331789 0.00176053 0.0703675 46.6422 2201.89 0.94302
0.59 0.345925 0.247873 0.0326773 0.00170165 0.0687554 46.4675 2183.52 0.886013
0.58 0.343649 0.249762 0.0321672 0.00164668 0.0675257 46.3738 2175.01 0.910331
0.57 0.339825 0.252096 0.0346391 0.00187483 0.0757855 47.18 2250.66 0.918475
0.56 0.337784 0.244915 0.0313117 0.00155028 0.0651265 46.5449 2188.16 0.833737
0.55 0.336897 0.26351 0.0315508 0.00157728 0.067704 46.6084 2194.88 0.879147
0.54 0.333016 0.263194 0.0315477 0.0015839 0.0697653 46.7946 2212.73 0.910215
0.53 0.332159 0.267173 0.0318227 0.001667 0.0790126 46.8863 2223.86 1.02777
0.52 0.327111 0.270156 0.0317727 0.0016191 0.075028 46.9886 2230.64 0.9293
0.51 0.324625 0.272391 0.0317953 0.00164294 0.0793101 47.1251 2245.02 1.0089
0.5 0.322091 0.28233 0.0313828 0.00158455 0.0767571 47.1715 2247.33 0.940388
0.49 0.319167 0.281958 0.0319133 0.00158925 0.0745519 47.3686 2264.81 0.90568
0.48 0.316821 0.289339 0.0314219 0.00156123 0.0765195 47.2986 2257.99 0.917704
0.47 0.312971 0.285449 0.0295703 0.00146689 0.0806796 47.0684 2236.7 0.96131
0.46 0.310799 0.292949 0.0294289 0.00140121 0.0744554 47.1387 2241.84 0.912523
0.45 0.308267 0.293343 0.0299547 0.00150037 0.0857718 47.1948 2248.17 0.980211
0.44 0.305603 0.310557 0.0306281 0.00149868 0.0815418 47.484 2274.91 0.965944
0.43 0.301975 0.322214 0.0311961 0.00154113 0.084529 47.6401 2289.06 0.951399
0.42 0.299147 0.324335 0.0310594 0.00155576 0.0900689 47.6604 2292.31 1.03864
0.41 0.29529 0.329738 0.0296461 0.00142311 0.084951 47.6885 2292.62 0.942482
0.4 0.291764 0.335208 0.0318086 0.00162115 0.0974989 48.2069 2344.09 1.04683
0.39 0.288251 0.352902 0.0311984 0.00156562 0.0971951 48.0435 2327.27 1.01873
0.38 0.283261 0.358916 0.032918 0.00174908 0.112083 48.7702 2399.22 1.11604
0.37 0.281204 0.381314 0.0335898 0.00183124 0.121593 48.7878 2401.44 1.1736
0.36 0.276394 0.398214 0.0336305 0.00179086 0.117306 48.9816 2419.04 1.12535
0.35 0.272503 0.399446 0.0323 0.00162622 0.106593 48.9057 2409.39 1.02983
0.34 0.269301 0.427354 0.0335133 0.00183092 0.133229 49.1505 2436.68 1.25099
0.33 0.264953 0.428165 0.0332125 0.00170664 0.117056 49.175 2435.86 1.08905
0.32 0.260504 0.479303 0.033625 0.00175452 0.124775 49.4761 2465.73 1.12707
0.31 0.255 0.482364 0.0370727 0.00211144 0.152166 50.1651 2535.29 1.20589
0.3 0.250744 0.494854 0.0368234 0.00209126 0.156863 50.3887 2557.38 1.21444
0.29 0.244612 0.526194 0.0403703 0.00238899 0.167554 50.9495 2613.72 1.20925
0.28 0.23876 0.556399 0.0423625 0.00264167 0.193621 51.3721 2657.56 1.28357
0.27 0.232825 0.607624 0.0444617 0.00286105 0.209589 51.9606 2719.07 1.36613
0.26 0.22666 0.689714 0.0477516 0.0033667 0.267443 52.2898 2756.11 1.61015
0.25 0.218972 0.738718 0.0530609 0.00408091 0.323954 53.2011 2853.67 1.75256
0.24 -0.541749 1.4056 0.989248 0.97879 0.0473124 140.757 19816.6 0.121789
0.23 -0.555626 1.38015 0.991701 0.98361 0.0387316 140.91 19859.5 0.121721
0.22 -0.568837 1.29284 0.993779 0.987694 0.028482 141.126 19920.2 0.118191
0.21 -0.582016 1.22563 0.995468 0.99103 0.0222709 141.335 19979.1 0.117592
0.2 -0.593993 1.16514 0.996785 0.993631 0.0161888 141.496 20024.2 0.114308
0.19 -0.605764 1.13934 0.997833 0.995704 0.0114443 141.662 20071.2 0.113326
0.18 -0.616712 1.10325 0.998614 0.997252 0.00783267 141.811 20113.4 0.114963
0.17 -0.627998 1.08301 0.999109 0.998233 0.00521608 141.974 20159.5 0.114555
0.16 -0.638586 1.07918 0.999451 0.99891 0.00340962 142.095 20193.7 0.115157
0.15 -0.649012 1.05641 0.999709 0.999423 0.0019223 142.206 20224.8 0.111227
0.14 -0.65915 1.03632 0.999859 0.999721 0.000995424 142.341 20263.1 0.112942
0.13 -0.669489 1.02127 0.999922 0.999845 0.000597957 142.459 20296.7 0.11166
0.12 -0.679804 1.01824 0.999975 0.99995 0.000208 142.58 20330.8 0.111339
0.11 -0.689895 1.03237 0.999989 0.999978 9.93622e-05 142.698 20364.5 0.110463
0.1 -0.700084 0.998758 0.999998 0.999995 2.3434e-05 142.807 20395.5 0.112752
0.09 -0.710189 0.998086 1 1 0 142.94 20433.3 0.11049
0.08 -0.720237 1.0221 1 1 0 143.045 20463 0.109042
0.07 -0.730104 0.9834 1 1 0 143.178 20501.2 0.111603
0.06 -0.740129 0.992882 1 1 0 143.292 20533.5 0.110959
0.05 -0.750161 1.00719 1 1 0 143.414 20568.4 0.10884
0.04 -0.76022 1.00403 1 1 0 143.529 20601.2 0.110927
0.03 -0.770158 1.00497 1 1 0 143.648 20635.2 0.111193
0.02 -0.780125 1.00191 1 1 0 143.765 20668.6 0.111755
0.01 -0.790081 0.992133 1 1 0 143.884 20702.7 0.110994
