1 0.372366 0.445482 0.299529 0.0902542 0.308937 566.963 321806 0.632181
0.99 0.367908 0.453716 0.30004 0.09057 0.317795 567.713 322659 0.643133
0.98 0.364047 0.467438 0.300216 0.0906787 0.322716 567.833 322797 0.651485
0.97 0.359559 0.471278 0.300715 0.0909728 0.322633 568.35 323370 0.631006
0.96 0.354445 0.467849 0.302103 0.0918108 0.326631 569.824 325051 0.642367
0.95 0.348724 0.491438 0.303281 0.0925368 0.33781 571.058 326472 0.67221
0.94 0.344147 0.505182 0.304434 0.0932443 0.345959 572.2 327780 0.682653
0.93 0.339149 0.506774 0.305565 0.0939399 0.352836 573.527 329301 0.688454
0.92 0.334296 0.523653 0.306381 0.0944463 0.361173 574.254 330139 0.7017
0.91 0.328345 0.521909 0.308393 0.0956809 0.363844 576.158 332319 0.687738
0.9 0.323232 0.542298 0.309688 0.0964884 0.372419 577.274 333612 0.705828
0.89 0.319282 0.549307 0.3094 0.0963073 0.374553 576.918 333193 0.697256
0.88 0.312841 0.552692 0.311598 0.0976841 0.38679 578.973 335578 0.721798
0.87 0.30682 0.573252 0.314412 0.0994575 0.399121 581.55 338576 0.741626
0.86 0.301876 0.589934 0.315073 0.0998686 0.400325 582.137 339252 0.737162
0.85 0.295387 0.598054 0.317302 0.101283 0.408522 584.091 341527 0.735371
0.84 0.289069 0.620049 0.320293 0.103194 0.415899 586.614 344485 0.747472
0.83 0.283357 0.636357 0.321449 0.103945 0.426938 587.5 345528 0.763619
0.82 0.276099 0.654921 0.325017 0.106265 0.441636 590.522 349092 0.777773
0.81 0.270374 0.687846 0.325926 0.106888 0.469108 591.349 350088 0.823729
0.8 0.262471 0.700253 0.330345 0.109782 0.470938 594.74 354102 0.812423
0.79 0.255017 0.749622 0.333051 0.111585 0.482841 597.065 356875 0.823267
0.78 0.24832 0.756106 0.33576 0.113405 0.495268 599.048 359245 0.828293
0.77 0.24053 0.800652 0.339407 0.115895 0.522289 601.799 362556 0.849571
0.76 0.232174 0.843493 0.34308 0.118415 0.538759 604.806 366198 0.886932
0.75 0.222926 0.885492 0.34784 0.12171 0.550625 608.524 370705 0.884144
0.74 0.21552 0.904364 0.351294 0.12413 0.562139 610.88 373573 0.882652
0.73 0.203519 0.960828 0.358408 0.129198 0.585088 616.483 380464 0.917565
0.72 0.195979 1.05683 0.361319 0.131345 0.634315 618.589 383090 0.982005
0.71 0.183805 1.11914 0.369032 0.136981 0.645826 624.222 390086 0.977184
0.7 0.172419 1.17776 0.375761 0.142023 0.6797 629.085 396191 1.00553
0.69 0.16013 1.21974 0.383092 0.147595 0.697828 634.333 402825 1.02199
0.68 0.147188 1.3612 0.390566 0.153418 0.742545 639.612 409564 1.05779
0.67 0.132327 1.51454 0.400195 0.161113 0.822654 646.56 418540 1.15438
0.66 0.117033 1.57224 0.409735 0.168832 0.827888 653.237 427202 1.12092
0.65 0.0999123 1.80616 0.421123 0.178361 0.900751 661.207 437709 1.19472
0.64 0.0833138 2.01216 0.431395 0.18717 0.961784 668.085 446865 1.2339
0.63 0.0610086 2.06999 0.446523 0.200421 0.948677 678.618 461019 1.16102
0.62 0.0350369 2.45067 0.464485 0.216883 1.05648 690.623 477501 1.26277
0.61 0.00987191 2.86879 0.481301 0.232907 1.18651 701.788 493098 1.38333
0.6 -0.0233612 3.36127 0.50413 0.255474 1.27381 717.015 514709 1.39086
0.59 -0.0580249 3.86769 0.527031 0.27917 1.37445 731.815 536176 1.44285
0.58 -0.100082 4.60031 0.55515 0.309665 1.46412 749.968 563087 1.45764
0.57 -0.148617 5.18821 0.586686 0.345713 1.52768 770.041 593598 1.44593
0.56 -0.2012 6.19501 0.619989 0.385982 1.64135 790.617 625712 1.43996
0.55 -0.268082 6.39383 0.660861 0.438183 1.51346 815.609 665782 1.2592
0.54 -0.329894 6.11345 0.696832 0.486788 1.2948 836.845 700758 0.990832
0.53 -0.391045 6.11962 0.73013 0.534163 1.16589 856.165 733410 0.860466
0.52 -0.446497 6.00696 0.759203 0.577317 1.02735 872.465 761525 0.726728
0.51 -0.503499 5.13017 0.787922 0.621533 0.804913 888.335 789388 0.547458
0.5 -0.554496 4.76031 0.812103 0.660102 0.681933 901.154 812282 0.453285
0.49 -0.596872 4.12204 0.831093 0.691186 0.553081 910.852 829815 0.368987
0.48 -0.638143 3.83537 0.848953 0.721117 0.47379 920.05 846630 0.312908
0.47 -0.676874 3.48435 0.86522 0.748937 0.405387 928.086 861462 0.268962
0.46 -0.708931 3.39285 0.878054 0.771271 0.366519 934.29 873005 0.24707
0.45 -0.742489 3.02485 0.890981 0.794092 0.314049 940.464 884565 0.220631
0.44 -0.771194 2.88082 0.901749 0.813366 0.280336 945.536 894125 0.207693
0.43 -0.800425 2.78572 0.912119 0.832146 0.247834 950.527 903578 0.18972
0.42 -0.827507 2.57493 0.921635 0.849573 0.221106 954.9 911904 0.177313
0.41 -0.853277 2.42 0.93032 0.865635 0.195733 958.987 919720 0.16578
0.4 -0.877357 2.35004 0.93805 0.880061 0.178886 962.527 926520 0.159312
0.39 -0.900155 2.22734 0.945008 0.893146 0.156083 965.873 932968 0.155704
