0.7 0.26553 0.457161 0.275703 0.0767794 0.631505 618.096 382828 1.81378
0.69 0.260111 0.46816 0.277301 0.0777382 0.703325 620.124 385423 2.03276
0.68 0.255715 0.485821 0.27921 0.0787698 0.68726 622.585 388426 1.92408
0.67 0.250079 0.503255 0.280725 0.0797093 0.77607 624.598 391048 2.21103
0.66 0.245626 0.521383 0.281947 0.0803576 0.753432 626.289 393105 2.0987
0.65 0.240177 0.533793 0.283717 0.0813607 0.766893 628.342 395673 2.10428
0.64 0.234797 0.555048 0.285862 0.0826495 0.839449 630.811 398858 2.31643
0.63 0.229964 0.564381 0.287739 0.0837331 0.858797 633.086 401716 2.30343
0.62 0.223416 0.6109 0.292617 0.0865995 0.905659 638.298 408373 2.3966
0.61 0.217402 0.628136 0.29557 0.088344 0.927849 641.756 412807 2.44157
0.6 0.21035 0.663185 0.300527 0.0913309 0.973613 647.092 419690 2.47648
0.59 0.203651 0.729137 0.304442 0.0937682 1.05775 651.038 424891 2.70839
0.58 0.196043 0.773062 0.311632 0.09822 1.09801 658.336 434460 2.75809
0.57 0.188045 0.858994 0.317827 0.102239 1.23782 664.696 442957 2.99803
0.56 0.178529 0.946097 0.326329 0.107719 1.26414 673.19 454320 3.01237
0.55 0.169759 1.07028 0.333942 0.112845 1.39038 680.38 464128 3.23716
0.54 0.157216 1.21258 0.347963 0.122521 1.53895 694.045 483002 3.47807
0.53 0.146683 1.4229 0.356995 0.129024 1.7153 702.596 495041 3.75914
0.52 0.130556 1.66394 0.374617 0.142013 1.85511 719.195 518690 3.87266
0.51 0.112848 1.97649 0.394238 0.157202 2.00898 737.403 545275 4.02051
0.5 0.0899724 2.41474 0.42003 0.178312 2.17269 760.821 580401 4.08227
0.49 0.0570032 3.17655 0.457039 0.210962 2.44188 794.609 633079 4.30254
0.48 0.0256379 4.55684 0.487701 0.240372 3.02419 821.367 676651 5.09055
0.47 -0.0274802 5.95214 0.542064 0.296384 3.12588 869.12 757341 4.82353
0.46 -0.0956368 7.04361 0.604695 0.367934 2.85294 923.459 854469 3.98374
0.45 -0.176299 8.40335 0.670681 0.451928 2.70848 979.241 960459 3.50781
0.44 -0.255026 7.4649 0.728585 0.532243 1.8428 1027.62 1.05701e+06 2.21402
0.43 -0.332022 6.03735 0.779136 0.607951 1.202 1069.21 1.14384e+06 1.37025
0.42 -0.389023 5.29357 0.812767 0.661268 0.929951 1095.93 1.20154e+06 1.03278
0.41 -0.438595 5.10253 0.839747 0.705732 0.782422 1116.96 1.24802e+06 0.886553
0.4 -0.485647 4.18392 0.863705 0.746385 0.573354 1135.71 1.29013e+06 0.640513
0.39 -0.526101 3.47953 0.883257 0.780439 0.438497 1150.84 1.32465e+06 0.499965
0.38 -0.5607 3.3281 0.898838 0.808157 0.374393 1162.31 1.35115e+06 0.453461
0.37 -0.592336 3.07518 0.91216 0.832244 0.324108 1172.34 1.37456e+06 0.409112
0.36 -0.622518 2.80536 0.924323 0.854541 0.269944 1181.53 1.39617e+06 0.365067
0.35 -0.648419 2.59267 0.934152 0.872781 0.233908 1188.76 1.41328e+06 0.340086
0.34 -0.673867 2.4411 0.943482 0.890274 0.197236 1195.74 1.42992e+06 0.31375
0.33 -0.697589 2.28421 0.951653 0.905742 0.171092 1202.25 1.44552e+06 0.291245
0.32 -0.718949 2.13319 0.958494 0.918793 0.146412 1207.68 1.4586e+06 0.282375
0.31 -0.740138 2.02095 0.964977 0.931248 0.124009 1212.94 1.47133e+06 0.266768
0.3 -0.75981 1.8895 0.97065 0.942217 0.106565 1217.84 1.48323e+06 0.261289
0.29 -0.778679 1.82452 0.975617 0.951873 0.0903552 1222.36 1.49426e+06 0.250444
0.28 -0.795649 1.72672 0.979867 0.960176 0.0767959 1226.27 1.50382e+06 0.247829
0.27 -0.812817 1.60602 0.983631 0.967559 0.0629089 1230.05 1.51309e+06 0.241136
0.26 -0.829066 1.50573 0.986963 0.974119 0.0514137 1233.85 1.52245e+06 0.239448
0.25 -0.843733 1.4792 0.98968 0.979484 0.0421731 1237.16 1.53064e+06 0.235671
0.24 -0.858203 1.40144 0.991984 0.984046 0.0342245 1240.32 1.53846e+06 0.228754
0.23 -0.871523 1.37244 0.993846 0.98774 0.0271588 1243.19 1.54559e+06 0.229286
0.22 -0.884879 1.28224 0.995468 0.990964 0.0209238 1246 1.55258e+06 0.226204
0.21 -0.897593 1.22705 0.996686 0.993388 0.0157159 1248.73 1.55938e+06 0.22087
0.2 -0.909893 1.20964 0.997693 0.995396 0.0116954 1251.52 1.56635e+06 0.219611
0.19 -0.921594 1.16293 0.998435 0.996874 0.00837753 1253.98 1.57251e+06 0.224077
0.18 -0.933029 1.13262 0.99898 0.997963 0.00573634 1256.39 1.57857e+06 0.219668
0.17 -0.944254 1.11735 0.999369 0.99874 0.00373918 1258.85 1.58474e+06 0.220402
0.16 -0.955392 1.08268 0.999633 0.999267 0.00230882 1261.17 1.5906e+06 0.218118
0.15 -0.966133 1.06086 0.999804 0.999609 0.00126806 1263.42 1.59626e+06 0.215363
0.14 -0.976719 1.05344 0.999898 0.999797 0.000726958 1265.68 1.60197e+06 0.215615
0.13 -0.987339 1.03022 0.999956 0.999912 0.000338674 1267.89 1.60757e+06 0.214062
0.12 -0.99768 1.03389 0.999983 0.999967 0.000139712 1270.14 1.61329e+06 0.213871
0.11 -1.00814 1.05539 0.999993 0.999987 6.05299e-05 1272.37 1.61896e+06 0.211983
0.1 -1.01841 1.037 0.999998 0.999997 1.73437e-05 1274.57 1.62456e+06 0.213423
0.09 -1.02867 1.02161 0.999999 0.999999 5.7853e-06 1276.72 1.63004e+06 0.215461
0.08 -1.039 1.02533 1 1 0 1278.9 1.6356e+06 0.211642
0.07 -1.04925 1.0252 1 1 0 1281.06 1.64113e+06 0.212587
0.06 -1.05948 1.0023 1 1 0 1283.27 1.64679e+06 0.211151
0.05 -1.06966 1.02442 1 1 0 1285.43 1.65233e+06 0.211062
0.04 -1.0798 1.01313 1 1 0 1287.53 1.65774e+06 0.210785
0.03 -1.08989 1.00737 1 1 0 1289.67 1.66327e+06 0.212687
0.02 -1.09996 0.984664 1 1 0 1291.77 1.66868e+06 0.210705
0.01 -1.10999 0.999296 1 1 0 1293.88 1.67412e+06 0.210756
