1 0.372267 0.451568 0.299395 0.0901968 0.322158 566.833 321672 0.658165
0.99 0.368583 0.452169 0.299354 0.0901507 0.312954 566.918 321751 0.632167
0.98 0.363725 0.466447 0.300392 0.0907964 0.329834 568.051 323056 0.671758
0.97 0.359108 0.470523 0.30127 0.0913188 0.329486 569.211 324363 0.653493
0.96 0.353919 0.478889 0.302291 0.09193 0.329934 570.064 325334 0.658754
0.95 0.348628 0.494155 0.303194 0.0924848 0.338609 571.061 326469 0.661348
0.94 0.344514 0.487733 0.303665 0.0927704 0.341822 571.627 327122 0.677852
0.93 0.33922 0.513311 0.305343 0.0937998 0.350094 573.267 328992 0.670277
0.92 0.334215 0.517526 0.306612 0.0945765 0.353998 574.353 330247 0.690921
0.91 0.330038 0.525958 0.306603 0.0945949 0.373053 574.312 330205 0.709177
0.9 0.323413 0.535547 0.309393 0.0963035 0.370911 576.999 333287 0.692643
0.89 0.317059 0.547483 0.311889 0.0978544 0.375158 579.354 336016 0.708117
0.88 0.312322 0.57152 0.312505 0.0982618 0.394108 579.889 336647 0.736867
0.87 0.306441 0.577174 0.314729 0.0996697 0.407455 581.819 338895 0.753791
0.86 0.301041 0.587891 0.316115 0.100541 0.410226 583.144 340430 0.74284
0.85 0.295396 0.60555 0.317046 0.10113 0.414941 583.639 341009 0.754214
0.84 0.289477 0.637457 0.319391 0.102642 0.432734 585.852 343608 0.783458
0.83 0.283187 0.631254 0.321309 0.10386 0.430838 587.375 345382 0.764028
0.82 0.27626 0.671255 0.324247 0.105782 0.45359 589.997 348481 0.794918
0.81 0.269944 0.694748 0.326296 0.107116 0.46023 591.431 350176 0.804568
0.8 0.261832 0.723565 0.330025 0.109571 0.47115 594.513 353832 0.811945
0.79 0.255427 0.754928 0.332708 0.111373 0.494428 596.734 356487 0.839249
0.78 0.247997 0.749137 0.335626 0.113331 0.506818 598.98 359171 0.843996
0.77 0.240525 0.784648 0.339129 0.115682 0.504138 601.899 362666 0.827459
0.76 0.231154 0.818521 0.344182 0.119138 0.51324 605.599 367135 0.836851
0.75 0.222967 0.869951 0.347304 0.121335 0.549525 607.967 370026 0.881431
0.74 0.214014 0.928555 0.352509 0.125013 0.583582 612.028 375000 0.931618
0.73 0.204828 1.02334 0.357309 0.12847 0.631613 615.494 379275 0.984338
0.72 0.194041 1.05182 0.363622 0.133006 0.627651 620.261 385151 0.956482
0.71 0.184532 1.11648 0.368324 0.136472 0.656129 623.647 389384 1.01341
0.7 0.172456 1.21758 0.375629 0.141944 0.696428 629.008 396107 1.03513
0.69 0.159744 1.24632 0.383512 0.147923 0.702395 634.856 403493 1.02836
0.68 0.146464 1.36628 0.390977 0.153744 0.74603 640.041 410110 1.05103
0.67 0.13347 1.42663 0.399165 0.160208 0.752606 645.662 417332 1.04729
0.66 0.118032 1.60635 0.409059 0.168256 0.808098 652.887 426733 1.09258
0.65 0.100951 1.81654 0.419777 0.177242 0.912852 660.269 436475 1.21076
0.64 0.0808509 2.00873 0.433561 0.189033 0.952027 669.761 449107 1.22927
0.63 0.0633627 2.18702 0.444595 0.198763 1.00475 676.989 458846 1.24602
0.62 0.0379158 2.59554 0.462103 0.214758 1.13231 688.901 475166 1.36232
0.61 0.0119366 2.73888 0.479651 0.231272 1.13949 700.741 491601 1.31883
0.6 -0.0213733 3.25951 0.502409 0.253696 1.22993 715.837 513003 1.34884
0.59 -0.0555797 3.74375 0.525441 0.277437 1.31663 730.929 534850 1.37628
0.58 -0.105047 5.02703 0.558707 0.313771 1.60642 752.397 566801 1.60331
0.57 -0.149382 5.45571 0.58724 0.346432 1.5971 770.226 593917 1.52437
0.56 -0.206233 5.90861 0.623353 0.390094 1.56906 792.829 629189 1.37547
0.55 -0.272058 6.11313 0.66315 0.441131 1.42759 817.085 668157 1.17828
0.54 -0.33305 6.45979 0.698336 0.488934 1.34422 837.859 702483 1.05085
0.53 -0.396102 6.55008 0.733173 0.538679 1.23446 857.958 736509 0.917532
0.52 -0.451189 5.21818 0.76168 0.580967 0.898453 874.113 764360 0.628336
0.51 -0.503874 4.87106 0.787766 0.621247 0.757866 888.302 789315 0.51837
0.5 -0.553822 4.53712 0.811797 0.65958 0.651449 901.014 812019 0.429161
0.49 -0.596713 4.40447 0.830796 0.690716 0.581357 910.763 829657 0.376066
0.48 -0.637983 3.97591 0.848859 0.720973 0.493898 919.974 846494 0.32286
0.47 -0.675017 3.56938 0.864352 0.747445 0.416556 927.73 860804 0.276561
0.46 -0.709069 3.23674 0.878039 0.771239 0.359573 934.184 872803 0.242636
0.45 -0.742087 3.10183 0.890829 0.793822 0.314588 940.585 884793 0.219745
0.44 -0.772079 2.97003 0.90199 0.8138 0.27964 945.659 894357 0.207144
0.43 -0.800901 2.76023 0.912404 0.832668 0.250408 950.643 903801 0.193476
0.42 -0.827959 2.60588 0.921695 0.849682 0.221065 954.916 911935 0.176126
0.41 -0.852969 2.53486 0.930103 0.865235 0.2003 958.834 919429 0.171309
0.4 -0.877136 2.41074 0.937855 0.879695 0.178486 962.481 926432 0.161715
0.39 -0.900384 2.17707 0.945111 0.893342 0.157075 965.912 933044 0.1524
