0 0.168675 0.948995 0.00029401 6.0779e-07 0.00200197 465.428 216679 0.806676
0.01 0.168772 0.944697 0.0003 6.0794e-07 0.00198889 465.405 216659 0.813783
0.02 0.168722 0.938902 0.000326389 6.74552e-07 0.0021812 465.414 216667 0.811391
0.03 0.168778 0.926771 0.000353299 7.36943e-07 0.00235055 465.422 216674 0.808969
0.04 0.16867 0.926818 0.000373611 7.93005e-07 0.00250913 465.552 216796 0.821052
0.05 0.168727 0.951486 0.000394531 8.37161e-07 0.00261698 465.5 216747 0.808367
0.06 0.168741 0.935933 0.000421441 9.10705e-07 0.00281507 465.439 216690 0.811925
0.07 0.168848 0.919661 0.000444531 9.64355e-07 0.00294431 465.343 216602 0.82847
0.08 0.168737 0.938818 0.00048151 1.08341e-06 0.00326999 465.582 216824 0.817502
0.09 0.168857 0.944468 0.000520139 1.18363e-06 0.00350625 465.438 216689 0.80827
0.1 0.168807 0.944801 0.000553472 1.27435e-06 0.00371721 465.605 216845 0.814459
0.11 0.168868 0.937821 0.000603212 1.41104e-06 0.00402116 465.565 216807 0.815562
0.12 0.168775 0.942643 0.000626302 1.49483e-06 0.00423391 465.59 216831 0.81726
0.13 0.168794 0.934598 0.000680208 1.62941e-06 0.00448024 465.598 216838 0.813684
0.14 0.168694 0.954295 0.000724132 1.78373e-06 0.00483597 465.746 216977 0.819548
0.15 0.168824 0.945051 0.000754514 1.87777e-06 0.00502457 465.744 216975 0.822775
0.16 0.168939 0.935473 0.000824132 2.10503e-06 0.00547523 465.727 216959 0.821574
0.17 0.168869 0.956823 0.000881337 2.32672e-06 0.00595187 465.782 217010 0.813172
0.18 0.168836 0.942873 0.000943229 2.50922e-06 0.00621904 465.891 217112 0.826256
0.19 0.168783 0.923178 0.000984983 2.6646e-06 0.00650653 466.006 217219 0.809388
0.2 0.168998 0.950246 0.00108403 3.06412e-06 0.00725376 465.925 217143 0.814763
0.21 0.169089 0.938812 0.00116207 3.38979e-06 0.00783126 465.897 217117 0.814589
0.22 0.168943 0.928156 0.001227 3.68878e-06 0.00838373 466.044 217254 0.816752
0.23 0.169221 0.94768 0.00130851 3.94573e-06 0.00857681 465.917 217135 0.811771
0.24 0.168868 0.962347 0.00139358 4.35927e-06 0.00928209 466.216 217416 0.833003
0.25 0.169047 0.929679 0.00150017 4.87678e-06 0.0100849 466.172 217374 0.826905
0.26 0.169179 0.948568 0.00161528 5.44162e-06 0.0108768 466.209 217408 0.823809
0.27 0.169016 0.959617 0.00173533 6.02952e-06 0.0115897 466.41 217597 0.847858
0.28 0.16901 0.95414 0.00184444 6.63821e-06 0.0124272 466.499 217679 0.823019
0.29 0.169034 0.939542 0.00195773 7.24841e-06 0.0131164 466.568 217743 0.82994
0.3 0.169102 0.948291 0.00212014 8.18715e-06 0.0141779 466.676 217845 0.827535
0.31 0.169202 0.941951 0.00223194 8.86321e-06 0.0149055 466.638 217809 0.82566
0.32 0.169159 0.943641 0.0023717 9.78371e-06 0.0159696 466.742 217906 0.82478
0.33 0.169272 0.938077 0.00254714 1.10121e-05 0.0173729 466.852 218008 0.82039
0.34 0.169241 0.940143 0.00273932 1.23507e-05 0.0186116 467.059 218203 0.836799
0.35 0.169201 0.96182 0.00293776 1.38309e-05 0.0199697 467.255 218386 0.837751
0.36 0.169203 0.942083 0.00314089 1.52858e-05 0.0208151 467.303 218431 0.842183
0.37 0.169409 0.93091 0.00332361 1.68541e-05 0.0223018 467.247 218379 0.843703
0.38 0.169252 0.927935 0.0035842 1.91385e-05 0.0241613 467.568 218678 0.836182
0.39 0.169185 0.951895 0.00382543 2.15041e-05 0.0263815 467.847 218941 0.857403
0.4 0.169338 0.936336 0.00409089 2.39193e-05 0.0275864 467.881 218972 0.8419
0.41 0.169347 0.96017 0.00439939 2.70808e-05 0.0296683 468.071 219149 0.844653
0.42 0.169293 0.954782 0.00470391 3.05449e-05 0.0323256 468.192 219264 0.862989
0.43 0.169291 0.941177 0.00503993 3.43171e-05 0.0342383 468.543 219591 0.837171
0.44 0.169364 0.937421 0.00539592 3.87775e-05 0.0371004 468.839 219872 0.871706
0.45 0.169264 0.95016 0.00577865 4.3665e-05 0.0394455 469.065 220082 0.860549
0.46 0.169278 0.962346 0.00616311 4.90516e-05 0.0425001 469.371 220372 0.883013
0.47 0.169365 0.956828 0.00663776 5.58854e-05 0.0454102 469.531 220521 0.864497
0.48 0.16933 0.953985 0.00706311 6.23079e-05 0.0476942 469.875 220844 0.873149
0.49 0.169097 0.939021 0.00756858 7.08535e-05 0.0521095 470.314 221257 0.883901
0.5 0.169429 0.945319 0.00812405 8.06983e-05 0.0564409 470.567 221497 0.894553
0.51 0.169377 0.921305 0.00868984 9.07487e-05 0.0585037 470.879 221791 0.895791
0.52 0.169078 0.917796 0.00928464 0.000102732 0.0634639 471.493 222369 0.889968
0.53 0.169032 0.953641 0.0100839 0.000120184 0.0710411 472.058 222904 0.929635
0.54 0.169023 0.952072 0.0107555 0.000134787 0.0733688 472.364 223194 0.935925
0.55 0.168914 0.946265 0.0114285 0.000151311 0.0794924 472.82 223624 0.915028
0.56 0.168959 0.92439 0.0123398 0.000174873 0.0867963 473.274 224055 0.933754
0.57 0.168731 0.938579 0.0133145 0.000201776 0.0940797 474.103 224841 0.948329
0.58 0.168666 0.930717 0.0141382 0.000225668 0.0989928 474.572 225285 0.943541
0.59 0.168498 0.941555 0.0152352 0.000260445 0.108796 475.275 225956 0.975625
0.6 0.16842 0.946647 0.0164004 0.0002996 0.117605 475.969 226617 0.982935
0.61 0.167984 0.925587 0.0174969 0.000339437 0.12786 476.946 227548 0.984252
0.62 0.167917 0.943126 0.0189387 0.000394112 0.136079 477.858 228421 1.00649
0.63 0.167726 0.960306 0.0202071 0.000446916 0.148181 478.635 229166 1.04035
0.64 0.167343 0.950916 0.0217646 0.000515812 0.16172 479.703 230191 1.05133
0.65 0.167186 0.947047 0.0233 0.000587575 0.171592 480.699 231148 1.06204
0.66 0.166722 0.955558 0.0253998 0.000692283 0.180988 482.047 232447 1.07522
0.67 0.166169 0.955469 0.0273713 0.00080196 0.202652 483.46 233816 1.13583
0.68 0.16577 0.977574 0.0293641 0.000920619 0.224126 484.767 235082 1.1398
0.69 0.165025 0.972096 0.031888 0.00108039 0.243996 486.653 236916 1.16033
0.7 0.16449 0.964822 0.0344775 0.00125855 0.268245 488.242 238470 1.22311
0.71 0.163779 0.984767 0.036742 0.00142527 0.28913 489.722 239918 1.23936
0.72 0.163023 1.00743 0.0401464 0.00169485 0.319141 492.025 242182 1.26282
0.73 0.162076 1.00131 0.0430655 0.00194382 0.342432 494.065 244198 1.32042
0.74 0.16088 1.02684 0.0468925 0.00230124 0.392935 496.694 246808 1.38575
0.75 0.159816 1.08747 0.0507499 0.0026852 0.421035 499.094 249203 1.445
0.76 0.15848 1.09423 0.055557 0.0032149 0.492717 502.379 252500 1.53215
0.77 0.157137 1.13179 0.0600642 0.00374693 0.534582 505.24 255385 1.54762
0.78 0.155233 1.19363 0.0659872 0.00451193 0.605244 509.291 259509 1.71333
0.79 0.152947 1.21383 0.0729122 0.00549855 0.70024 513.938 264273 1.81992
0.8 0.150456 1.30154 0.079908 0.00660094 0.828106 518.613 269114 1.98733
0.81 0.147133 1.4383 0.090026 0.00836661 1.00577 525.361 276179 2.22168
0.82 0.143258 1.71591 0.100824 0.010506 1.30734 532.673 283955 2.6797
0.83 0.138306 1.86539 0.114698 0.0135653 1.5733 542.04 294045 2.92167
0.84 0.131103 2.51059 0.134203 0.0185988 2.25973 554.971 308318 3.90072
0.85 -0.275322 1.79325 0.968643 0.938331 0.232989 1001.3 1.00261e+06 0.138877
0.86 -0.286689 1.76862 0.971002 0.9429 0.213291 1001.78 1.00358e+06 0.13589
0.87 -0.297843 1.75431 0.972986 0.946755 0.200725 1002.22 1.00446e+06 0.135676
0.88 -0.309098 1.70216 0.975041 0.950753 0.184663 1002.65 1.00532e+06 0.133096
0.89 -0.320146 1.66966 0.976745 0.954075 0.169867 1003.05 1.00613e+06 0.130632
0.9 -0.331127 1.63383 0.978382 0.957272 0.157281 1003.29 1.00662e+06 0.130198
0.91 -0.342213 1.59399 0.979943 0.960326 0.143235 1003.68 1.00739e+06 0.127287
0.92 -0.352946 1.58663 0.981225 0.962838 0.134484 1003.91 1.00786e+06 0.127582
0.93 -0.363757 1.56448 0.982515 0.965368 0.123834 1004.22 1.00849e+06 0.125945
0.94 -0.374604 1.49059 0.98373 0.967754 0.111839 1004.43 1.00889e+06 0.123801
0.95 -0.385316 1.51445 0.984818 0.969895 0.107579 1004.61 1.00926e+06 0.124189
0.96 -0.396067 1.48821 0.985916 0.972056 0.097138 1004.87 1.00978e+06 0.122521
0.97 -0.406653 1.47738 0.986811 0.973821 0.0929635 1005.08 1.01021e+06 0.11998
0.98 -0.417329 1.42141 0.987719 0.975612 0.0851519 1005.21 1.01046e+06 0.121423
0.99 -0.427925 1.41549 0.988556 0.977263 0.0786487 1005.34 1.01072e+06 0.122454
1 -0.43848 1.38635 0.989298 0.978731 0.0740633 1005.54 1.01113e+06 0.121547
1.01 -0.448969 1.38415 0.989974 0.980066 0.0702808 1005.68 1.01141e+06 0.115921
1.02 -0.459609 1.39298 0.990722 0.981547 0.0638751 1005.83 1.01172e+06 0.11965
1.03 -0.470048 1.33682 0.991354 0.982798 0.0586975 1006.02 1.01209e+06 0.120361
1.04 -0.480511 1.32084 0.991913 0.983906 0.0554971 1006.06 1.01218e+06 0.117832
1.05 -0.490894 1.31888 0.992442 0.984955 0.0508458 1006.17 1.0124e+06 0.117767
1.06 -0.501186 1.32588 0.992904 0.985871 0.048506 1006.23 1.01253e+06 0.116462
1.07 -0.511543 1.29009 0.993372 0.9868 0.0449614 1006.37 1.01279e+06 0.117619
1.08 -0.521915 1.30657 0.993795 0.987639 0.0417199 1006.42 1.0129e+06 0.115991
1.09 -0.532285 1.25751 0.9942 0.988444 0.0390899 1006.45 1.01295e+06 0.115242
1.1 -0.542598 1.23448 0.994619 0.989277 0.0359509 1006.56 1.01318e+06 0.118801
1.11 -0.5529 1.24878 0.994966 0.989967 0.034115 1006.63 1.01333e+06 0.116776
1.12 -0.563153 1.25524 0.995306 0.990643 0.0319721 1006.7 1.01347e+06 0.115263
1.13 -0.57343 1.23994 0.995601 0.99123 0.0303249 1006.77 1.01359e+06 0.117789
1.14 -0.583611 1.199 0.995868 0.991761 0.0280797 1006.85 1.01377e+06 0.117589
1.15 -0.593891 1.21385 0.996182 0.992386 0.0255224 1006.88 1.01383e+06 0.116574
1.16 -0.604142 1.1947 0.996405 0.992829 0.0241536 1006.97 1.01401e+06 0.11409
1.17 -0.614357 1.20077 0.996665 0.993346 0.022502 1007.04 1.01415e+06 0.115607
1.18 -0.624474 1.17995 0.996868 0.993752 0.0211505 1006.99 1.01405e+06 0.115683
1.19 -0.634741 1.17303 0.997057 0.994129 0.0200441 1007.07 1.01421e+06 0.117197
1.2 -0.644925 1.15314 0.997238 0.994488 0.0188748 1007.1 1.01427e+06 0.117053
1.21 -0.655035 1.17 0.997422 0.994854 0.0175727 1007.09 1.01426e+06 0.114464
1.22 -0.665165 1.14015 0.997634 0.995277 0.015996 1007.2 1.01446e+06 0.115864
1.23 -0.67528 1.14708 0.997755 0.995519 0.01509 1007.18 1.01442e+06 0.114777
1.24 -0.685439 1.14115 0.997879 0.995766 0.0143486 1007.22 1.01451e+06 0.115789
1.25 -0.695613 1.11616 0.998034 0.996076 0.0130493 1007.26 1.0146e+06 0.113661
1.26 -0.705773 1.12252 0.998163 0.996333 0.0121398 1007.29 1.01465e+06 0.113702
1.27 -0.715848 1.11782 0.998297 0.9966 0.0113227 1007.3 1.01466e+06 0.114445
1.28 -0.725928 1.12142 0.998391 0.996787 0.0108275 1007.3 1.01467e+06 0.112718
1.29 -0.736055 1.08928 0.998515 0.997034 0.00988639 1007.31 1.01468e+06 0.114103
1.3 -0.746134 1.11345 0.998582 0.997169 0.00959876 1007.36 1.0148e+06 0.114891
1.31 -0.756207 1.12176 0.998682 0.997367 0.00881958 1007.4 1.01487e+06 0.114996
1.32 -0.766336 1.10368 0.998762 0.997528 0.008192 1007.4 1.01488e+06 0.11162
1.33 -0.776485 1.10143 0.998857 0.997716 0.00761609 1007.37 1.01482e+06 0.116506
1.34 -0.786462 1.10431 0.998924 0.997851 0.00712412 1007.38 1.01483e+06 0.113577
1.35 -0.796678 1.08535 0.999001 0.998005 0.00666586 1007.45 1.01498e+06 0.114834
1.36 -0.806665 1.09697 0.999066 0.998135 0.0063468 1007.41 1.01489e+06 0.1142
1.37 -0.816652 1.08711 0.999112 0.998226 0.00596023 1007.37 1.01481e+06 0.114494
1.38 -0.826758 1.09019 0.999183 0.998368 0.00553752 1007.4 1.01488e+06 0.116167
1.39 -0.836799 1.0729 0.999229 0.99846 0.00516046 1007.48 1.01503e+06 0.112436
1.4 -0.846845 1.07623 0.999284 0.998569 0.00468725 1007.47 1.01501e+06 0.112943
1.41 -0.8569 1.09502 0.999316 0.998634 0.00456172 1007.48 1.01504e+06 0.113109
1.42 -0.867023 1.09366 0.999375 0.998752 0.00420521 1007.49 1.01505e+06 0.113801
1.43 -0.876962 1.07476 0.999411 0.998823 0.00396439 1007.47 1.01501e+06 0.112338
1.44 -0.887013 1.0934 0.999442 0.998886 0.00370195 1007.44 1.01495e+06 0.113817
1.45 -0.897223 1.05041 0.999477 0.998956 0.00354929 1007.52 1.01511e+06 0.114336
1.46 -0.907106 1.08757 0.999517 0.999036 0.00315991 1007.49 1.01506e+06 0.114563
1.47 -0.917243 1.06161 0.999553 0.999107 0.00295076 1007.49 1.01506e+06 0.112284
1.48 -0.92725 1.0403 0.99957 0.99914 0.0028411 1007.53 1.01513e+06 0.11157
1.49 -0.937197 1.06127 0.999613 0.999227 0.00258962 1007.56 1.01519e+06 0.112706
1.5 -0.947363 1.0655 0.999624 0.999249 0.00252148 1007.51 1.01509e+06 0.113652
1.51 -0.957381 1.05506 0.999652 0.999304 0.00233206 1007.58 1.01523e+06 0.110984
1.52 -0.967308 1.07024 0.999676 0.999353 0.00215834 1007.55 1.01517e+06 0.112885
1.53 -0.97731 1.05454 0.999683 0.999367 0.00212151 1007.54 1.01516e+06 0.114111
1.54 -0.987415 1.0664 0.999725 0.999451 0.00181605 1007.55 1.01517e+06 0.113224
1.55 -0.99747 1.03474 0.999735 0.99947 0.00175287 1007.58 1.01523e+06 0.11407
1.56 -1.00758 1.0458 0.999758 0.999517 0.00159875 1007.57 1.01521e+06 0.11566
1.57 -1.01739 1.05171 0.999775 0.999551 0.00150064 1007.59 1.01526e+06 0.110344
1.58 -1.02755 1.04722 0.99978 0.999561 0.00146713 1007.54 1.01516e+06 0.112324
1.59 -1.03754 1.06475 0.999791 0.999582 0.00135421 1007.56 1.0152e+06 0.114055
1.6 -1.04758 1.03982 0.99981 0.999621 0.0012393 1007.59 1.01526e+06 0.111999
1.61 -1.05763 1.05013 0.99982 0.99964 0.00121627 1007.62 1.01532e+06 0.113987
1.62 -1.06757 1.05237 0.99984 0.999681 0.00105734 1007.61 1.0153e+06 0.114473
1.63 -1.07761 1.03904 0.999847 0.999695 0.0010208 1007.61 1.01529e+06 0.115432
1.64 -1.08761 1.04131 0.999853 0.999706 0.000974356 1007.59 1.01525e+06 0.113458
1.65 -1.09763 1.05653 0.999866 0.999732 0.000893494 1007.57 1.01521e+06 0.113725
1.66 -1.10752 1.03696 0.999872 0.999744 0.000877441 1007.61 1.0153e+06 0.111757
1.67 -1.11757 1.06348 0.999878 0.999756 0.000806226 1007.55 1.01516e+06 0.113023
1.68 -1.12773 1.02964 0.999894 0.999787 0.000703036 1007.62 1.01532e+06 0.114562
1.69 -1.13774 1.04681 0.999899 0.999799 0.000679815 1007.58 1.01523e+06 0.111473
1.7 -1.14767 1.03469 0.999898 0.999797 0.000678494 1007.61 1.0153e+06 0.112658
1.71 -1.15773 1.03983 0.99991 0.999821 0.000590592 1007.58 1.01523e+06 0.113945
1.72 -1.16776 1.03051 0.999917 0.999835 0.000551322 1007.63 1.01533e+06 0.112269
1.73 -1.17772 1.02546 0.999917 0.999835 0.000546169 1007.61 1.01529e+06 0.112943
1.74 -1.18766 1.05339 0.999927 0.999853 0.000482763 1007.6 1.01528e+06 0.113291
1.75 -1.19761 1.05234 0.999928 0.999857 0.000485419 1007.6 1.01528e+06 0.111868
1.76 -1.20775 1.02626 0.999939 0.999878 0.00040526 1007.57 1.01521e+06 0.112737
1.77 -1.21778 1.02957 0.999938 0.999876 0.000411257 1007.61 1.01529e+06 0.113981
1.78 -1.22778 1.03898 0.999946 0.999893 0.000359319 1007.62 1.01532e+06 0.114113
1.79 -1.23787 1.04636 0.999949 0.999897 0.000348111 1007.59 1.01525e+06 0.113573
1.8 -1.24785 1.03119 0.999953 0.999907 0.000309364 1007.62 1.01533e+06 0.114361
1.81 -1.25777 1.02246 0.999955 0.999911 0.000292124 1007.62 1.01531e+06 0.116535
1.82 -1.26779 1.01456 0.999957 0.999915 0.000291057 1007.64 1.01536e+06 0.113058
1.83 -1.27772 1.03104 0.999959 0.999918 0.000273701 1007.6 1.01528e+06 0.115139
1.84 -1.28773 1.03796 0.999962 0.999925 0.000253205 1007.58 1.01524e+06 0.11609
1.85 -1.29767 1.02398 0.999968 0.999937 0.000210287 1007.63 1.01534e+06 0.115145
1.86 -1.30779 1.03091 0.999968 0.999936 0.000217104 1007.63 1.01534e+06 0.112062
1.87 -1.31776 1.03158 0.999968 0.999936 0.000214789 1007.59 1.01526e+06 0.111752
1.88 -1.32776 1.04421 0.999973 0.999946 0.000179529 1007.57 1.01522e+06 0.11184
1.89 -1.3379 1.03377 0.999973 0.999947 0.000181283 1007.64 1.01536e+06 0.112438
1.9 -1.34779 1.02831 0.999977 0.999953 0.000158207 1007.65 1.01538e+06 0.112824
1.91 -1.35786 1.04421 0.999976 0.999952 0.000158081 1007.63 1.01534e+06 0.113311
1.92 -1.36788 1.02624 0.999976 0.999952 0.00015755 1007.62 1.01531e+06 0.114503
1.93 -1.37782 1.0284 0.999978 0.999956 0.000146311 1007.6 1.01528e+06 0.11436
1.94 -1.38778 1.02764 0.999981 0.999963 0.00012365 1007.58 1.01524e+06 0.111699
1.95 -1.39787 1.03978 0.999983 0.999965 0.000115741 1007.6 1.01527e+06 0.113685
1.96 -1.40787 1.03548 0.99998 0.99996 0.000133267 1007.63 1.01533e+06 0.112878
1.97 -1.41777 1.03296 0.999983 0.999965 0.000115741 1007.6 1.01527e+06 0.113105
1.98 -1.42777 1.01758 0.999986 0.999973 9.01433e-05 1007.6 1.01528e+06 0.112338
1.99 -1.43784 1.03948 0.999984 0.999967 0.000109499 1007.62 1.01532e+06 0.113896
2 -1.44775 1.02857 0.999987 0.999973 8.78643e-05 1007.55 1.01517e+06 0.115181
2.01 -1.4579 1.03499 0.999987 0.999973 8.90217e-05 1007.62 1.01532e+06 0.11249
2.02 -1.4678 1.05247 0.999988 0.999976 8.10382e-05 1007.56 1.0152e+06 0.113768
2.03 -1.47781 1.02198 0.99999 0.99998 6.84696e-05 1007.58 1.01524e+06 0.116622
2.04 -1.4878 1.04085 0.999991 0.999981 6.21625e-05 1007.62 1.01531e+06 0.113002
2.05 -1.49781 1.04115 0.999991 0.999982 5.81539e-05 1007.63 1.01534e+06 0.114173
2.06 -1.5079 1.02665 0.99999 0.999981 6.33073e-05 1007.63 1.01533e+06 0.11526
2.07 -1.51787 1.03086 0.999992 0.999985 5.12754e-05 1007.57 1.01521e+06 0.112129
2.08 -1.5278 1.03098 0.999993 0.999986 4.66852e-05 1007.58 1.01524e+06 0.115506
2.09 -1.53774 1.02401 0.999994 0.999988 3.97928e-05 1007.63 1.01534e+06 0.114099
2.1 -1.54779 1.02762 0.999993 0.999986 4.49628e-05 1007.54 1.01515e+06 0.11322
2.11 -1.55777 1.03067 0.999994 0.999989 3.80684e-05 1007.57 1.01521e+06 0.113518
2.12 -1.56779 1.01561 0.999994 0.999989 3.74935e-05 1007.6 1.01527e+06 0.114031
2.13 -1.57784 1.02316 0.999994 0.999989 3.69185e-05 1007.59 1.01526e+06 0.115874
2.14 -1.58787 1.03352 0.999994 0.999988 4.15167e-05 1007.62 1.01531e+06 0.111623
2.15 -1.59781 1.03144 0.999995 0.99999 3.46181e-05 1007.6 1.01527e+06 0.111829
2.16 -1.60778 1.02449 0.999996 0.999992 2.77111e-05 1007.58 1.01524e+06 0.113144
2.17 -1.61789 1.04086 0.999996 0.999992 2.71352e-05 1007.6 1.01527e+06 0.111441
2.18 -1.62776 1.03398 0.999997 0.999993 2.1949e-05 1007.6 1.01528e+06 0.1138
2.19 -1.63792 1.01583 0.999997 0.999994 2.02192e-05 1007.6 1.01526e+06 0.112168
2.2 -1.6478 1.02657 0.999997 0.999994 2.13724e-05 1007.57 1.01522e+06 0.113396
2.21 -1.65778 1.02997 0.999997 0.999995 1.73351e-05 1007.58 1.01524e+06 0.113845
2.22 -1.66782 1.01552 0.999996 0.999992 2.59831e-05 1007.62 1.01531e+06 0.112672
2.23 -1.67771 1.0319 0.999998 0.999995 1.56039e-05 1007.61 1.01529e+06 0.113559
2.24 -1.68781 1.03581 0.999998 0.999996 1.44495e-05 1007.58 1.01524e+06 0.111201
2.25 -1.69779 1.03489 0.999996 0.999993 2.42545e-05 1007.65 1.01538e+06 0.112539
2.26 -1.70794 1.02731 0.999998 0.999996 1.44495e-05 1007.65 1.01537e+06 0.11232
2.27 -1.71783 1.0277 0.999998 0.999996 1.44495e-05 1007.63 1.01533e+06 0.114208
2.28 -1.72776 1.02649 0.999998 0.999996 1.38722e-05 1007.6 1.01527e+06 0.114012
2.29 -1.73786 1.0375 0.999998 0.999996 1.27175e-05 1007.57 1.01522e+06 0.114802
2.3 -1.74781 1.02764 0.999998 0.999997 1.04073e-05 1007.61 1.0153e+06 0.11333
2.31 -1.75796 1.04494 0.999998 0.999995 1.50267e-05 1007.63 1.01533e+06 0.111747
2.32 -1.76784 1.02725 0.999999 0.999997 9.25185e-06 1007.61 1.01529e+06 0.112895
2.33 -1.77789 1.02645 0.999999 0.999998 7.51826e-06 1007.61 1.01529e+06 0.110124
2.34 -1.78784 1.02859 0.999999 0.999998 6.94028e-06 1007.59 1.01525e+06 0.114933
2.35 -1.79785 1.02705 0.999999 0.999998 7.51826e-06 1007.62 1.01531e+06 0.113709
2.36 -1.80791 1.03066 0.999999 0.999998 5.20599e-06 1007.61 1.0153e+06 0.113882
2.37 -1.81787 1.03022 0.999999 0.999999 4.62778e-06 1007.62 1.01532e+06 0.11353
2.38 -1.82783 1.02419 0.999999 0.999998 6.94028e-06 1007.63 1.01534e+06 0.115328
2.39 -1.83783 1.03914 0.999999 0.999997 8.67405e-06 1007.57 1.01521e+06 0.113405
2.4 -1.84777 1.02158 0.999999 0.999999 3.47118e-06 1007.61 1.01529e+06 0.110875
2.41 -1.85785 1.0202 0.999999 0.999999 4.62778e-06 1007.61 1.0153e+06 0.11369
2.42 -1.86786 1.0332 0.999999 0.999999 4.62778e-06 1007.61 1.0153e+06 0.11209
2.43 -1.87783 1.02444 0.999999 0.999998 6.36224e-06 1007.62 1.01531e+06 0.113195
2.44 -1.88775 1.03442 0.999999 0.999998 5.20599e-06 1007.63 1.01533e+06 0.113534
2.45 -1.8978 1.02448 1 0.999999 2.8928e-06 1007.63 1.01533e+06 0.112967
2.46 -1.90786 1.03783 0.999999 0.999998 6.94028e-06 1007.65 1.01538e+06 0.115628
2.47 -1.9179 1.04123 1 1 1.15729e-06 1007.65 1.01537e+06 0.112163
2.48 -1.92787 1.04362 0.999999 0.999999 4.04951e-06 1007.6 1.01527e+06 0.114151
2.49 -1.93779 1.03772 1 0.999999 1.73585e-06 1007.64 1.01535e+06 0.11177
2.5 -1.94782 1.05987 1 0.999999 2.8928e-06 1007.58 1.01524e+06 0.113396
2.51 -1.95778 1.03441 1 0.999999 2.31435e-06 1007.59 1.01526e+06 0.113126
2.52 -1.96787 1.01714 1 0.999999 1.73585e-06 1007.6 1.01527e+06 0.111785
2.53 -1.9779 1.05084 1 0.999999 2.31435e-06 1007.65 1.01537e+06 0.112977
2.54 -1.98779 1.04111 1 1 5.78674e-07 1007.62 1.01532e+06 0.114133
2.55 -1.99775 1.03142 0.999999 0.999999 3.47118e-06 1007.6 1.01528e+06 0.113367
2.56 -2.00784 1.02215 1 0.999999 2.31435e-06 1007.58 1.01523e+06 0.113288
2.57 -2.0179 1.0319 1 0.999999 2.8928e-06 1007.59 1.01526e+06 0.113484
2.58 -2.02771 1.02693 1 1 5.78674e-07 1007.55 1.01518e+06 0.112269
2.59 -2.03774 1.0408 1 0.999999 1.73585e-06 1007.54 1.01516e+06 0.112023
2.6 -2.04785 1.01934 1 1 0 1007.61 1.0153e+06 0.112032
2.61 -2.05792 1.04281 1 1 1.15729e-06 1007.6 1.01527e+06 0.111978
2.62 -2.06786 1.06202 1 1 0 1007.62 1.01531e+06 0.115351
2.63 -2.07778 1.02124 1 1 1.15729e-06 1007.6 1.01528e+06 0.11288
2.64 -2.08786 1.03135 1 1 5.78674e-07 1007.62 1.01531e+06 0.113577
2.65 -2.09778 1.02673 1 0.999999 2.31435e-06 1007.59 1.01526e+06 0.11157
2.66 -2.10785 1.03161 1 1 0 1007.6 1.01528e+06 0.111345
2.67 -2.11782 1.04778 1 1 5.78674e-07 1007.61 1.0153e+06 0.113625
2.68 -2.12783 1.03119 1 1 5.78674e-07 1007.61 1.0153e+06 0.113354
2.69 -2.1378 1.03537 1 1 0 1007.62 1.01531e+06 0.113482
2.7 -2.1477 1.03099 1 1 0 1007.61 1.01529e+06 0.112317
2.71 -2.1578 1.03089 1 1 0 1007.6 1.01527e+06 0.111891
2.72 -2.16777 1.05568 1 1 0 1007.63 1.01533e+06 0.11345
2.73 -2.17783 1.02888 1 1 0 1007.65 1.01538e+06 0.11259
2.74 -2.18779 1.01566 1 1 0 1007.56 1.01519e+06 0.112858
2.75 -2.19778 1.05043 1 1 0 1007.62 1.01532e+06 0.113527
2.76 -2.20791 1.02732 1 1 1.15729e-06 1007.64 1.01535e+06 0.113229
2.77 -2.21786 1.03816 1 1 0 1007.61 1.0153e+06 0.114315
2.78 -2.22779 1.05389 1 1 0 1007.63 1.01534e+06 0.112328
2.79 -2.23787 1.03881 1 1 1.15729e-06 1007.6 1.01528e+06 0.114025
2.8 -2.24779 1.04395 1 1 5.78674e-07 1007.58 1.01524e+06 0.112903
2.81 -2.25779 1.03924 1 1 0 1007.6 1.01527e+06 0.115634
2.82 -2.26783 1.02436 1 1 5.78674e-07 1007.62 1.01532e+06 0.113601
2.83 -2.27769 1.05038 1 1 0 1007.62 1.01531e+06 0.113155
2.84 -2.28774 1.04092 1 1 1.15729e-06 1007.62 1.01532e+06 0.114005
2.85 -2.29778 1.02958 1 1 0 1007.59 1.01525e+06 0.11313
2.86 -2.30788 1.04067 1 1 0 1007.65 1.01538e+06 0.113459
2.87 -2.31784 1.04163 1 1 5.78674e-07 1007.61 1.0153e+06 0.112809
2.88 -2.32783 1.01501 1 1 0 1007.63 1.01533e+06 0.114901
2.89 -2.33776 1.02386 1 1 0 1007.61 1.01529e+06 0.114698
2.9 -2.34784 1.03262 1 1 0 1007.6 1.01527e+06 0.112519
2.91 -2.35783 1.03288 1 1 0 1007.63 1.01534e+06 0.11485
2.92 -2.36783 1.02598 1 1 0 1007.56 1.01519e+06 0.11252
2.93 -2.37785 1.00134 1 1 0 1007.59 1.01525e+06 0.112848
2.94 -2.38794 1.02911 1 1 0 1007.7 1.01547e+06 0.114219
2.95 -2.39777 1.04049 1 1 0 1007.6 1.01528e+06 0.114878
2.96 -2.40777 1.03507 1 1 0 1007.62 1.01532e+06 0.113156
2.97 -2.41783 1.06099 1 1 0 1007.62 1.01532e+06 0.112013
2.98 -2.42789 1.03752 1 1 0 1007.63 1.01533e+06 0.113526
2.99 -2.43783 1.03663 1 1 0 1007.57 1.01521e+06 0.113877
