1 0.514371 0.380338 0.119625 0.014582 0.15664 468.507 219875 0.803126
0.99 0.511143 0.380957 0.118136 0.0142258 0.156964 467.428 218869 0.821321
0.98 0.507345 0.381136 0.116679 0.0138792 0.155926 466.766 218245 0.820145
0.97 0.503521 0.383354 0.115515 0.0136119 0.159203 466.432 217941 0.843902
0.96 0.499668 0.37835 0.113537 0.0131534 0.157697 464.714 216340 0.853469
0.95 0.495814 0.385289 0.111858 0.0127668 0.154436 463.693 215375 0.824671
0.94 0.492106 0.375363 0.110267 0.0124144 0.156657 462.471 214249 0.850286
0.93 0.488737 0.377114 0.108617 0.0120493 0.155884 461.273 213136 0.847721
0.92 0.484959 0.378464 0.107328 0.0117683 0.155883 460.675 212582 0.849826
0.91 0.480958 0.373515 0.105592 0.0113962 0.156024 459.456 211462 0.868187
0.9 0.477494 0.366661 0.104344 0.0111262 0.152674 458.93 210970 0.855951
0.89 0.473778 0.373936 0.102772 0.0107952 0.150906 458.06 210166 0.851966
0.88 0.469578 0.365141 0.100734 0.010375 0.149099 456.347 208591 0.843082
0.87 0.466466 0.364262 0.0996095 0.0101508 0.15146 455.765 208065 0.864527
0.86 0.462326 0.359083 0.0976765 0.00976626 0.151078 454.421 206842 0.879774
0.85 0.458796 0.369816 0.096172 0.00947439 0.152689 453.623 206111 0.87489
0.84 0.455213 0.359873 0.0944878 0.00914469 0.148617 452.311 204920 0.880731
0.83 0.451172 0.36299 0.0930997 0.00888724 0.152451 451.693 204371 0.917455
0.82 0.447842 0.361028 0.0915814 0.00859964 0.149257 450.572 203349 0.903236
0.81 0.444605 0.35417 0.0902391 0.00834881 0.14629 450.112 202921 0.877647
0.8 0.440565 0.353969 0.0887939 0.0080885 0.146981 449.403 202278 0.876349
0.79 0.437309 0.352495 0.0872131 0.00780801 0.147193 448.178 201180 0.8946
0.78 0.433765 0.349755 0.0854678 0.00750078 0.144763 446.82 199959 0.892285
0.77 0.430417 0.339818 0.0840664 0.00725826 0.14295 446.035 199259 0.905671
0.76 0.426551 0.344785 0.0827504 0.00703773 0.144072 445.275 198575 0.903597
0.75 0.423161 0.355281 0.0812941 0.0067945 0.142669 444.596 197968 0.906207
0.74 0.420211 0.351886 0.079874 0.00656254 0.142204 443.526 197013 0.906596
0.73 0.416455 0.344007 0.078417 0.00633254 0.144644 442.935 196498 0.94837
0.72 0.412764 0.338833 0.077034 0.00610824 0.139195 441.994 195646 0.903422
0.71 0.409343 0.338655 0.0754134 0.00585453 0.135767 441.158 194890 0.862127
0.7 0.40598 0.341273 0.074234 0.00567938 0.138805 440.693 194492 0.911931
0.69 0.402943 0.348767 0.0727578 0.00545735 0.136609 439.731 193634 0.893026
0.68 0.399269 0.341816 0.071599 0.00528969 0.138303 439.428 193374 0.929803
0.67 0.396009 0.338764 0.0699404 0.00504891 0.135192 438.13 192222 0.899057
0.66 0.392424 0.330551 0.0688216 0.00488904 0.133197 437.871 191997 0.921284
0.65 0.389023 0.335124 0.0674978 0.00470694 0.133794 437.317 191508 0.919584
0.64 0.385859 0.338075 0.066191 0.00453349 0.137017 436.619 190901 0.94793
0.63 0.382294 0.339372 0.0647033 0.00433505 0.135806 435.876 190245 0.939164
0.62 0.379247 0.332397 0.0637236 0.0042013 0.130627 435.661 190047 0.911983
0.61 0.375957 0.334523 0.0624681 0.00404198 0.131926 434.987 189467 0.954975
0.6 0.372415 0.33357 0.0611595 0.00387717 0.131213 434.513 189045 0.932709
0.59 0.368686 0.332412 0.0597601 0.00370351 0.129104 433.969 188567 0.928474
0.58 0.365819 0.331326 0.0585843 0.0035616 0.128588 433.431 188096 0.928587
0.57 0.362574 0.333878 0.057645 0.00345088 0.12929 433.554 188203 0.947544
0.56 0.359009 0.332598 0.0563769 0.00330129 0.126446 432.901 187628 0.928715
0.55 0.35573 0.327106 0.0554842 0.0032006 0.127871 432.955 187675 0.946614
0.54 0.352818 0.330714 0.0544223 0.00308471 0.131119 432.651 187413 0.969251
0.53 0.349127 0.335269 0.0529609 0.00291914 0.124207 431.72 186595 0.927818
0.52 0.345845 0.338289 0.0521144 0.00282937 0.125673 431.991 186826 0.933621
0.51 0.342595 0.335757 0.0509628 0.00271015 0.12755 431.549 186448 0.97093
0.5 0.339359 0.331138 0.0498937 0.0025973 0.124322 431.69 186560 0.942288
0.49 0.336005 0.340697 0.0488557 0.00249145 0.122922 431.306 186229 0.965718
0.48 0.332464 0.347613 0.0478694 0.00239169 0.120254 431.523 186406 0.934334
0.47 0.329122 0.350929 0.0470582 0.00231381 0.121746 431.568 186440 0.930232
0.46 0.325429 0.341864 0.0460885 0.00222221 0.122777 431.889 186719 0.959153
0.45 0.322051 0.348634 0.0452291 0.00213938 0.119947 432.014 186819 0.942049
0.44 0.318725 0.347606 0.0444958 0.00207429 0.123591 432.269 187037 0.947306
0.43 0.315178 0.354801 0.0435022 0.00198455 0.123391 432.422 187168 0.963501
0.42 0.311722 0.362051 0.0427414 0.00191421 0.119839 432.806 187493 0.946628
0.41 0.308028 0.365502 0.0417914 0.0018339 0.122759 433.097 187742 0.95163
0.4 0.304423 0.361566 0.0410326 0.00176883 0.122626 433.613 188187 0.962178
0.39 0.300489 0.37467 0.0401885 0.00169901 0.123899 434.017 188536 0.977285
0.38 0.296915 0.385513 0.0395152 0.00164269 0.123147 434.775 189189 0.967216
0.37 0.293005 0.386527 0.0391566 0.00161496 0.127214 435.748 190036 0.990654
0.36 0.288763 0.391932 0.0382314 0.0015413 0.127453 436.451 190646 0.999115
0.35 0.284957 0.39862 0.0375874 0.00149032 0.127549 437.247 191341 1.01524
0.34 0.280909 0.415763 0.0373656 0.00147253 0.129326 438.58 192505 1.0185
0.33 0.276764 0.424773 0.0367708 0.00142605 0.129088 439.582 193376 0.990043
0.32 0.272336 0.442002 0.0362253 0.00138664 0.133865 440.876 194514 1.01482
0.31 0.267647 0.452425 0.035865 0.00136008 0.137089 442.396 195857 1.04538
0.3 0.263302 0.459871 0.0353403 0.00132039 0.137195 443.64 196951 1.00983
0.29 0.258444 0.478124 0.0352688 0.00131701 0.145238 445.634 198726 1.05864
0.28 0.253834 0.49673 0.0348899 0.00128795 0.145325 447.287 200200 1.06799
0.27 0.248548 0.510959 0.0346667 0.00127358 0.153177 449.342 202040 1.08401
0.26 0.243415 0.529737 0.0345051 0.00126225 0.158723 451.561 204036 1.0975
0.25 0.237905 0.554748 0.0342684 0.00124372 0.15988 453.854 206110 1.10929
0.24 0.232015 0.60807 0.0348997 0.00128962 0.171922 457.14 209102 1.14747
0.23 0.226059 0.624224 0.0346769 0.00127161 0.17311 459.697 211442 1.1402
0.22 0.219794 0.631367 0.0346183 0.00126969 0.186571 462.777 214284 1.19227
0.21 0.213286 0.691413 0.0352569 0.00131618 0.200575 466.411 217661 1.23649
0.2 0.206185 0.718388 0.036202 0.0013898 0.228149 470.865 221835 1.29073
0.19 0.198961 0.768563 0.0366065 0.00141809 0.236618 474.865 225615 1.31467
0.18 0.191259 0.801515 0.0377734 0.00150643 0.254713 479.848 230368 1.32531
0.17 0.182885 0.857347 0.0387274 0.00158164 0.277258 485.124 235457 1.35479
0.16 0.174003 0.922697 0.0408926 0.00176579 0.336912 491.817 242003 1.51684
0.15 0.16462 0.975346 0.0428795 0.00193902 0.3854 498.611 248731 1.58224
0.14 0.154609 1.04098 0.0462854 0.00225939 0.481584 506.888 257060 1.74993
0.13 0.143985 1.15513 0.0501497 0.00265886 0.637427 515.913 266305 2.06944
0.12 0.132201 1.18321 0.0565089 0.0033556 0.779232 527.621 278527 2.24465
0.11 0.119206 1.4161 0.0696328 0.00514162 1.53369 544.472 296662 3.55022
0.1 -0.288197 1.07491 0.999271 0.998543 0.00733681 1194.44 1.42671e+06 0.169835
0.09 -0.298813 1.06827 0.999708 0.999417 0.00329365 1196.22 1.43097e+06 0.171571
0.08 -0.3092 1.02372 0.999914 0.999827 0.00107899 1197.97 1.43514e+06 0.171668
0.07 -0.319412 1.0135 0.99998 0.999961 0.000280783 1199.61 1.43908e+06 0.169472
0.06 -0.329587 1.02456 0.999998 0.999996 3.61238e-05 1201.31 1.44317e+06 0.166821
0.05 -0.339739 1.01661 1 1 1.73602e-06 1202.91 1.44701e+06 0.17016
0.04 -0.349835 1.01344 1 1 0 1204.55 1.45094e+06 0.168414
0.03 -0.359934 0.996579 1 1 0 1206.23 1.455e+06 0.170978
0.02 -0.369968 1.00087 1 1 0 1207.81 1.4588e+06 0.171159
0.01 -0.379995 1.01196 1 1 0 1209.42 1.4627e+06 0.167823
