0.7 0.307367 0.245609 0.0447016 0.00210648 0.0890715 403.005 162768 1.25586
0.69 0.304784 0.247777 0.043621 0.00201039 0.0898173 401.939 161905 1.26275
0.68 0.302659 0.241157 0.0427294 0.00192655 0.0853383 400.935 161085 1.23394
0.67 0.29998 0.237794 0.0417116 0.00184275 0.0884518 400.251 160549 1.29653
0.66 0.297789 0.235984 0.0408725 0.0017685 0.0854742 399.543 159975 1.29173
0.65 0.295101 0.228834 0.0399986 0.00169555 0.084767 399.196 159686 1.26625
0.64 0.292988 0.231981 0.0391196 0.00162224 0.0827054 398.634 159231 1.25939
0.63 0.290483 0.227695 0.0379947 0.00153149 0.0803577 397.198 158074 1.22846
0.62 0.288297 0.229283 0.0372223 0.00147142 0.0798219 396.955 157877 1.23664
0.61 0.286225 0.219211 0.0361951 0.00139223 0.0775612 395.635 156823 1.2265
0.6 0.28374 0.224514 0.0356109 0.00135115 0.0796903 395.578 156782 1.26368
0.59 0.281883 0.225859 0.0348609 0.00129679 0.0795681 395.155 156442 1.26174
0.58 0.279542 0.225051 0.0339757 0.00123341 0.0785195 394.28 155747 1.27014
0.57 0.277319 0.215391 0.0331641 0.00117508 0.0760161 393.84 155390 1.24784
0.56 0.275196 0.215322 0.0325144 0.00113057 0.0754826 393.96 155483 1.26199
0.55 0.272874 0.216 0.0318686 0.00108743 0.0752205 393.514 155121 1.23551
0.54 0.270579 0.212853 0.0309871 0.00102985 0.0742908 392.829 154583 1.26579
0.53 0.268607 0.217998 0.0304278 0.000995544 0.0757433 392.806 154565 1.28703
0.52 0.266461 0.220336 0.0297984 0.000954102 0.0732797 392.584 154376 1.24348
0.51 0.264469 0.212542 0.0290338 0.000907198 0.0725513 392.023 153929 1.23394
0.5 0.261987 0.215786 0.0285013 0.000875277 0.0725214 392.263 154120 1.27563
0.49 0.260017 0.212982 0.0280103 0.000844271 0.070169 392.187 154045 1.22215
0.48 0.257824 0.212048 0.0274357 0.000812785 0.0720827 392.178 154035 1.22893
0.47 0.255931 0.217459 0.0267997 0.000775844 0.0706179 391.703 153661 1.2492
0.46 0.253491 0.21583 0.0265964 0.000764949 0.0721042 392.845 154554 1.25169
0.45 0.251435 0.219699 0.0259132 0.000726375 0.0702482 392.437 154225 1.23536
0.44 0.249174 0.22434 0.0253651 0.00069744 0.0707577 392.539 154304 1.25737
0.43 0.246916 0.226045 0.0248268 0.000668213 0.069444 392.792 154493 1.22898
0.42 0.244636 0.225326 0.0243631 0.000643965 0.0691251 392.959 154620 1.22952
0.41 0.242444 0.229474 0.0239289 0.000622696 0.0703899 393.18 154798 1.28791
0.4 0.240163 0.2298 0.023407 0.000597353 0.0712274 393.489 155035 1.27542
0.39 0.237693 0.237373 0.0233951 0.000596034 0.0719284 394.656 155950 1.27831
0.38 0.235413 0.238063 0.0230723 0.000580915 0.073642 395.182 156364 1.3025
0.37 0.233056 0.244201 0.0225375 0.000555208 0.0735865 395.499 156610 1.30037
0.36 0.23072 0.247651 0.0223409 0.000544868 0.0732047 396.27 157213 1.28555
0.35 0.22795 0.257096 0.0223719 0.000546397 0.0755315 397.77 158406 1.32431
0.34 0.225386 0.25514 0.0219129 0.000525293 0.0764326 398.403 158901 1.29949
0.33 0.222846 0.270322 0.0217508 0.000517576 0.0776362 399.521 159789 1.3099
0.32 0.220212 0.279842 0.0217828 0.000518948 0.0800233 400.686 160718 1.31602
0.31 0.217245 0.278432 0.0217082 0.00051664 0.0843408 402.174 161912 1.3488
0.3 0.214457 0.29115 0.0215709 0.000510057 0.0859251 403.418 162914 1.38601
0.29 0.211373 0.306034 0.0213816 0.000500948 0.0869461 404.703 163946 1.37806
0.28 0.208381 0.318846 0.0216922 0.000514342 0.0900835 406.557 165449 1.40503
0.27 0.205073 0.336167 0.0217882 0.000517688 0.0916544 408.562 167074 1.36479
0.26 0.201507 0.341775 0.0221319 0.000536038 0.102384 411.088 169148 1.44826
0.25 0.198115 0.362871 0.0225577 0.000555144 0.106658 413.427 171074 1.4759
0.24 0.194492 0.37653 0.0225681 0.000554949 0.109508 415.407 172712 1.48788
0.23 0.190457 0.403479 0.0236011 0.000605876 0.122369 418.959 175676 1.55155
0.22 0.186244 0.429242 0.0243351 0.000643417 0.134108 422.399 178572 1.6273
0.21 0.181838 0.47005 0.0256238 0.000713575 0.156334 426.194 181798 1.74568
0.2 0.177156 0.49775 0.0267213 0.000772107 0.167274 430.332 185335 1.72921
0.19 0.171788 0.541613 0.0284489 0.000872471 0.191391 435.521 189833 1.8641
0.18 0.166297 0.601144 0.0307127 0.00101576 0.231968 441.202 194822 2.04459
0.17 0.159915 0.650475 0.0341206 0.00124595 0.276932 448.483 201304 2.18955
0.16 0.15277 0.766223 0.0389834 0.00162651 0.384486 457.873 209837 2.58945
0.15 0.144342 0.94425 0.0466879 0.00231862 0.533213 470.176 221284 3.09822
0.14 0.133071 1.34635 0.0608502 0.00392795 0.926577 489.438 239850 4.3858
0.13 -0.466747 1.12346 0.998679 0.997362 0.0102719 1274.17 1.62354e+06 0.170745
0.12 -0.477711 1.07663 0.999309 0.99862 0.00578279 1276.12 1.6285e+06 0.170538
0.11 -0.488317 1.05974 0.999687 0.999375 0.0028524 1277.85 1.63293e+06 0.170656
0.1 -0.498728 1.01322 0.999872 0.999744 0.00126482 1279.6 1.6374e+06 0.171188
0.09 -0.509043 1.03088 0.99996 0.99992 0.00045166 1281.29 1.64172e+06 0.167589
0.08 -0.519281 1.02358 0.99999 0.99998 0.000129478 1282.95 1.64598e+06 0.169726
0.07 -0.529461 1.00881 0.999998 0.999997 2.47768e-05 1284.49 1.64994e+06 0.167976
0.06 -0.539613 1.02526 1 1 0 1286.19 1.65429e+06 0.164578
0.05 -0.549748 1.02465 1 1 0 1287.9 1.6587e+06 0.171189
0.04 -0.559861 1.00643 1 1 0 1289.51 1.66285e+06 0.168718
0.03 -0.569912 1.00198 1 1 0 1291.11 1.66697e+06 0.16758
0.02 -0.579963 1.02411 1 1 0 1292.76 1.67123e+06 0.169132
0.01 -0.589998 1.00606 1 1 0 1294.39 1.67544e+06 0.167235
