2 -1.08879 1.01667 1 1 8.68012e-07 1194.69 1.42731e+06 0.170698
1.99 -1.07875 1.02315 1 1 1.73594e-06 1194.69 1.42731e+06 0.171442
1.98 -1.06882 1.05665 1 0.999999 4.33919e-06 1194.77 1.42751e+06 0.170588
1.97 -1.0588 1.02847 1 1 8.68012e-07 1194.7 1.42733e+06 0.170052
1.96 -1.04873 1.0326 1 0.999999 3.47153e-06 1194.7 1.42733e+06 0.171882
1.95 -1.03881 1.03819 1 0.999999 4.33919e-06 1194.66 1.42724e+06 0.169179
1.94 -1.02882 1.0222 1 0.999999 3.47153e-06 1194.73 1.42741e+06 0.169671
1.93 -1.01886 1.00077 0.999999 0.999999 6.07426e-06 1194.67 1.42726e+06 0.168213
1.92 -1.00887 1.00236 1 0.999999 3.47153e-06 1194.67 1.42725e+06 0.16955
1.91 -0.998763 1.02725 0.999999 0.999999 6.94167e-06 1194.74 1.42741e+06 0.168829
1.9 -0.988823 0.99544 0.999999 0.999998 1.04104e-05 1194.69 1.4273e+06 0.169547
1.89 -0.978827 1.01806 0.999999 0.999999 6.07426e-06 1194.71 1.42736e+06 0.165701
1.88 -0.968807 1.01514 0.999999 0.999999 6.94167e-06 1194.7 1.42733e+06 0.169641
1.87 -0.958775 1.04621 0.999999 0.999999 5.20677e-06 1194.68 1.42729e+06 0.169949
1.86 -0.948832 1.02215 0.999999 0.999999 6.07426e-06 1194.68 1.42727e+06 0.167104
1.85 -0.938799 1.02557 1 0.999999 4.33919e-06 1194.7 1.42733e+06 0.169073
1.84 -0.928743 1.0343 0.999999 0.999997 1.38778e-05 1194.67 1.42726e+06 0.169339
1.83 -0.918801 1.04178 0.999998 0.999997 1.7347e-05 1194.75 1.42744e+06 0.166214
1.82 -0.908842 1.00933 0.999999 0.999997 1.30111e-05 1194.69 1.4273e+06 0.171298
1.81 -0.898819 1.03223 0.999999 0.999997 1.38778e-05 1194.72 1.42739e+06 0.170556
1.8 -0.888798 1.02765 0.999999 0.999997 1.47444e-05 1194.68 1.42727e+06 0.168674
1.79 -0.878714 1.03833 0.999998 0.999995 2.34059e-05 1194.67 1.42726e+06 0.17089
1.78 -0.868772 1.02256 0.999998 0.999996 1.99423e-05 1194.74 1.42743e+06 0.168218
1.77 -0.858787 1.01905 0.999998 0.999996 2.08083e-05 1194.67 1.42726e+06 0.167134
1.76 -0.84883 1.01424 0.999997 0.999995 2.51371e-05 1194.74 1.42742e+06 0.170067
1.75 -0.838816 1.0136 0.999998 0.999995 2.42715e-05 1194.69 1.42731e+06 0.166676
1.74 -0.828746 1.02332 0.999996 0.999992 4.07027e-05 1194.63 1.42717e+06 0.169274
1.73 -0.818844 1.0206 0.999996 0.999993 3.63818e-05 1194.75 1.42745e+06 0.168538
1.72 -0.808753 1.02285 0.999995 0.99999 4.8475e-05 1194.69 1.4273e+06 0.170442
1.71 -0.798793 1.02062 0.999996 0.999992 4.33028e-05 1194.66 1.42723e+06 0.165736
1.7 -0.788744 1.01893 0.999996 0.999991 4.41579e-05 1194.67 1.42725e+06 0.171639
1.69 -0.778758 1.01677 0.999993 0.999987 6.486e-05 1194.67 1.42725e+06 0.169779
1.68 -0.768805 1.025 0.999995 0.999991 4.5885e-05 1194.71 1.42736e+06 0.167456
1.67 -0.758778 1.0282 0.999994 0.999988 5.96892e-05 1194.63 1.42717e+06 0.167384
1.66 -0.748729 1.01558 0.999995 0.99999 4.8475e-05 1194.67 1.42727e+06 0.170405
1.65 -0.738768 1.03127 0.999992 0.999985 8.03854e-05 1194.74 1.42743e+06 0.170387
1.64 -0.728699 1.02174 0.999991 0.999983 8.63715e-05 1194.66 1.42723e+06 0.167621
1.63 -0.718805 1.02092 0.99999 0.99998 0.000101826 1194.73 1.4274e+06 0.168325
1.62 -0.708756 1.02376 0.99999 0.99998 0.00010011 1194.71 1.42735e+06 0.169464
1.61 -0.698793 1.0306 0.999988 0.999977 0.000118133 1194.69 1.42731e+06 0.167855
1.6 -0.68876 1.01976 0.999986 0.999973 0.000135215 1194.67 1.42726e+06 0.169286
1.59 -0.678821 1.03373 0.999985 0.99997 0.000148875 1194.68 1.42729e+06 0.167804
1.58 -0.668811 1.03271 0.999982 0.999964 0.000182114 1194.74 1.42742e+06 0.16932
1.57 -0.658774 1.02238 0.999981 0.999962 0.000189759 1194.67 1.42725e+06 0.169929
1.56 -0.648792 1.0179 0.999982 0.999963 0.000182077 1194.66 1.42724e+06 0.170735
1.55 -0.638767 1.03567 0.999979 0.999958 0.000208417 1194.66 1.42724e+06 0.16938
1.54 -0.628859 1.01588 0.999978 0.999955 0.000226278 1194.66 1.42722e+06 0.16901
1.53 -0.618734 1.02749 0.999974 0.999948 0.000255668 1194.68 1.42727e+06 0.168361
1.52 -0.608729 1.03688 0.999972 0.999943 0.000283525 1194.72 1.42739e+06 0.17056
1.51 -0.5988 1.00697 0.99997 0.99994 0.00030467 1194.72 1.42736e+06 0.170368
1.5 -0.588743 1.05275 0.999966 0.999932 0.000337081 1194.65 1.42721e+06 0.170872
1.49 -0.578742 1.02763 0.999959 0.999918 0.000407906 1194.67 1.42725e+06 0.168034
1.48 -0.568738 1.02326 0.999955 0.99991 0.000450892 1194.71 1.42735e+06 0.170021
1.47 -0.558679 1.02334 0.999955 0.99991 0.0004476 1194.68 1.42728e+06 0.171026
1.46 -0.548758 1.0092 0.999946 0.999893 0.000537243 1194.62 1.42713e+06 0.169762
1.45 -0.538715 1.0232 0.999941 0.999882 0.000596132 1194.71 1.42735e+06 0.169851
1.44 -0.528682 1.03452 0.999934 0.999869 0.000660826 1194.65 1.4272e+06 0.16932
1.43 -0.518667 1.04996 0.999925 0.99985 0.000747907 1194.7 1.42733e+06 0.168391
1.42 -0.508715 1.02995 0.99992 0.999841 0.000788865 1194.66 1.42723e+06 0.173005
1.41 -0.498625 1.03853 0.999914 0.999827 0.00085894 1194.7 1.42732e+06 0.171756
1.4 -0.488638 1.0231 0.999903 0.999807 0.000985103 1194.72 1.42738e+06 0.170613
1.39 -0.478663 1.04681 0.99989 0.99978 0.00112097 1194.64 1.42718e+06 0.170523
1.38 -0.468688 1.04482 0.99988 0.99976 0.00120159 1194.61 1.42712e+06 0.170273
1.37 -0.458622 1.03727 0.999863 0.999726 0.0013795 1194.62 1.42713e+06 0.169881
1.36 -0.448602 1.05243 0.999852 0.999705 0.00145964 1194.65 1.42721e+06 0.165845
1.35 -0.438657 1.04154 0.999836 0.999672 0.00168665 1194.68 1.42728e+06 0.170684
1.34 -0.428565 1.04608 0.999823 0.999646 0.00177076 1194.62 1.42714e+06 0.167971
1.33 -0.418606 1.05658 0.999804 0.999608 0.00198973 1194.66 1.42722e+06 0.167981
1.32 -0.408585 1.038 0.999784 0.999568 0.00215277 1194.59 1.42707e+06 0.170732
1.31 -0.398532 1.0661 0.999762 0.999525 0.00241484 1194.55 1.42697e+06 0.170898
1.3 -0.388527 1.06571 0.999738 0.999477 0.00261154 1194.57 1.42702e+06 0.167315
1.29 -0.378565 1.06202 0.999706 0.999413 0.00295784 1194.55 1.42698e+06 0.169467
1.28 -0.368533 1.06948 0.999675 0.999352 0.00324826 1194.53 1.42693e+06 0.170655
1.27 -0.358486 1.04277 0.999645 0.99929 0.00353836 1194.55 1.42698e+06 0.169971
1.26 -0.348495 1.05528 0.999612 0.999225 0.00392946 1194.54 1.42694e+06 0.170102
1.25 -0.338427 1.06866 0.999554 0.999109 0.00450741 1194.52 1.42691e+06 0.168154
1.24 -0.328409 1.08019 0.999513 0.999027 0.0049143 1194.54 1.42695e+06 0.17094
1.23 -0.31832 1.06162 0.999468 0.998938 0.00527363 1194.48 1.4268e+06 0.171123
1.22 -0.308305 1.06648 0.999403 0.998807 0.00594035 1194.54 1.42694e+06 0.169631
1.21 -0.298233 1.08737 0.99934 0.998682 0.00667597 1194.47 1.42678e+06 0.174117
1.2 -0.288207 1.08097 0.999264 0.998529 0.007367 1194.45 1.42674e+06 0.168434
1.19 -0.27811 1.08529 0.999203 0.998409 0.00821547 1194.4 1.42661e+06 0.172399
1.18 -0.268008 1.06517 0.999123 0.998248 0.00878943 1194.35 1.42649e+06 0.170935
1.17 -0.258017 1.08965 0.999021 0.998044 0.00986779 1194.41 1.42664e+06 0.171596
1.16 -0.247963 1.09158 0.998932 0.997867 0.0110941 1194.33 1.42643e+06 0.169727
1.15 -0.237785 1.10073 0.998796 0.997596 0.0120881 1194.24 1.42623e+06 0.171694
1.14 -0.227737 1.121 0.998659 0.997323 0.0136568 1194.23 1.42621e+06 0.172008
1.13 -0.217661 1.11423 0.998513 0.99703 0.0151892 1194.19 1.42611e+06 0.172382
1.12 -0.2076 1.12624 0.998364 0.996734 0.0170435 1194.12 1.42594e+06 0.172128
1.11 -0.197502 1.13258 0.998183 0.996372 0.0185758 1193.99 1.42563e+06 0.17336
1.1 -0.187319 1.1321 0.997997 0.996002 0.0208433 1193.98 1.42561e+06 0.173816
1.09 -0.177209 1.12005 0.997794 0.995598 0.02279 1193.94 1.42552e+06 0.171744
1.08 -0.167014 1.14512 0.997528 0.995067 0.0254618 1193.75 1.42507e+06 0.178099
1.07 -0.156864 1.18239 0.997266 0.994544 0.0279059 1193.72 1.425e+06 0.175891
1.06 -0.146645 1.17336 0.996999 0.994012 0.0311701 1193.66 1.42486e+06 0.176298
1.05 -0.13655 1.19679 0.996661 0.99334 0.0342679 1193.51 1.42448e+06 0.175516
1.04 -0.126296 1.2179 0.996286 0.992593 0.0388724 1193.35 1.42411e+06 0.177176
1.03 -0.115984 1.204 0.995866 0.991757 0.0433016 1193.27 1.42391e+06 0.176116
1.02 -0.105769 1.25317 0.995402 0.990834 0.0493942 1193.09 1.42349e+06 0.180502
1.01 -0.0954894 1.25498 0.994901 0.989837 0.0540419 1192.86 1.42294e+06 0.180553
1 -0.0851055 1.27947 0.9943 0.988642 0.0601087 1192.63 1.42238e+06 0.179327
0.99 -0.0748864 1.28339 0.993708 0.987468 0.0682938 1192.44 1.42193e+06 0.185611
0.98 -0.0644183 1.33849 0.992941 0.985945 0.0777382 1192.1 1.42111e+06 0.18654
0.97 -0.0540419 1.33862 0.992167 0.984411 0.0872077 1191.83 1.42049e+06 0.188765
0.96 -0.0435069 1.34914 0.991188 0.982471 0.0968066 1191.43 1.41954e+06 0.190341
0.95 -0.0330926 1.39797 0.990163 0.980443 0.112187 1191.1 1.41873e+06 0.19247
0.94 -0.0224095 1.44381 0.988949 0.978041 0.126961 1190.6 1.41755e+06 0.1993
0.93 -0.0117141 1.49777 0.987473 0.97513 0.148779 1190.01 1.41614e+06 0.204743
0.92 -0.00101268 1.54243 0.986047 0.972318 0.165819 1189.51 1.41496e+06 0.206953
0.91 0.00978588 1.58025 0.984233 0.968749 0.196504 1188.84 1.41337e+06 0.216
0.9 0.0207145 1.65789 0.98213 0.964619 0.234421 1188.01 1.41139e+06 0.225711
0.89 0.0318072 1.68827 0.979632 0.959726 0.26813 1187.08 1.40919e+06 0.237217
0.88 0.0430642 1.79923 0.976619 0.95384 0.321603 1185.88 1.40633e+06 0.248598
0.87 0.0545578 1.90166 0.972934 0.946668 0.389878 1184.36 1.40274e+06 0.262849
0.86 0.110951 9.71284 0.0773798 0.072318 382.063 555.529 341747 596.439
0.85 0.114347 1.24939 0.00131293 4.04806e-06 0.0133878 501.803 251849 0.849154
0.84 0.114142 1.23006 0.00117292 3.45022e-06 0.011949 501.775 251821 0.837104
0.83 0.114206 1.26584 0.00105807 3.01544e-06 0.0109205 501.65 251694 0.841632
0.82 0.114244 1.23366 0.000924219 2.49611e-06 0.00945753 501.404 251448 0.837602
0.81 0.114147 1.24397 0.000843316 2.16848e-06 0.00839404 501.447 251491 0.83524
0.8 0.114111 1.24232 0.000765278 1.91696e-06 0.00766832 501.472 251516 0.820526
0.79 0.114162 1.2659 0.000689149 1.67266e-06 0.00689897 501.32 251364 0.830925
0.78 0.114098 1.23109 0.000635938 1.51578e-06 0.00640146 501.226 251269 0.836956
0.77 0.114164 1.24346 0.000570226 1.32514e-06 0.00575991 501.196 251240 0.848485
0.76 0.114019 1.25132 0.000514323 1.13706e-06 0.0050258 501.277 251320 0.819722
0.75 0.114147 1.22585 0.000470052 1.04182e-06 0.0047282 501.149 251192 0.840025
0.74 0.113975 1.23753 0.000436458 9.7807e-07 0.00453642 501.252 251295 0.82469
0.73 0.114085 1.23043 0.000375868 7.97225e-07 0.00377826 501.072 251115 0.828398
0.72 0.114068 1.22015 0.000336806 6.94444e-07 0.0033466 501.002 251043 0.811262
0.71 0.113965 1.25077 0.000308681 6.46521e-07 0.00317512 501.099 251142 0.83017
0.7 0.113929 1.21426 0.000274132 5.44645e-07 0.0027043 501.161 251203 0.811062
0.69 0.113955 1.23105 0.000257726 5.21587e-07 0.00262175 501.008 251050 0.820772
0.68 0.113953 1.21991 0.00022908 4.55578e-07 0.00232186 501.083 251125 0.81839
0.67 0.114081 1.22909 0.000205903 4.11724e-07 0.00212733 500.943 250984 0.809392
0.66 0.113946 1.26163 0.000185069 3.62895e-07 0.00189299 501.017 251059 0.8237
0.65 0.114001 1.25395 0.000172743 3.30042e-07 0.00172916 500.982 251024 0.818013
0.64 0.113986 1.21346 0.000143403 2.70062e-07 0.0014371 500.859 250901 0.813293
0.63 0.113873 1.20511 0.000138021 2.568e-07 0.00136944 500.928 250969 0.80981
0.62 0.114039 1.24492 0.00012309 2.24851e-07 0.00120787 500.809 250850 0.823273
0.61 0.113955 1.23987 0.000109722 2.03149e-07 0.00110079 500.887 250929 0.810118
0.6 0.113907 1.20337 0.000102517 1.87325e-07 0.00101846 500.997 251038 0.808922
0.59 0.114062 1.22444 9.03646e-05 1.62911e-07 0.000891333 500.826 250867 0.807339
0.58 0.113864 1.22375 9.01042e-05 1.63062e-07 0.000892472 500.992 251033 0.807186
0.57 0.113949 1.2216 8.27257e-05 1.50553e-07 0.000827769 500.89 250931 0.803656
0.56 0.113905 1.23334 6.90104e-05 1.26441e-07 0.000700867 500.862 250904 0.826636
0.55 0.114002 1.20214 6.41493e-05 1.15891e-07 0.000643832 500.843 250885 0.811218
0.54 0.114065 1.24419 6.00694e-05 1.09713e-07 0.00061116 500.805 250847 0.822949
0.53 0.11393 1.22738 5.09549e-05 9.29844e-08 0.000520635 500.855 250897 0.820544
0.52 0.113921 1.21852 4.72222e-05 8.55999e-08 0.000480211 500.875 250916 0.814197
0.51 0.113926 1.22032 4.47917e-05 7.98732e-08 0.000448513 500.812 250854 0.814901
0.5 0.113931 1.23898 3.76736e-05 6.78168e-08 0.00038245 500.857 250899 0.817394
0.49 0.113943 1.24066 3.56771e-05 6.28436e-08 0.000354648 500.866 250908 0.822884
0.48 0.113928 1.22072 3.00347e-05 5.2445e-08 0.000296887 500.867 250908 0.812109
0.47 0.113799 1.23415 2.82986e-05 4.97323e-08 0.000281846 500.984 251026 0.813312
0.46 0.113842 1.24214 2.63021e-05 4.65676e-08 0.000264244 500.933 250975 0.813147
0.45 0.113869 1.23324 2.25694e-05 3.94845e-08 0.000224497 500.837 250879 0.816537
0.44 0.113846 1.20126 1.94444e-05 3.43605e-08 0.000195739 500.892 250933 0.805051
0.43 0.113987 1.21324 1.875e-05 3.25521e-08 0.000185475 500.812 250854 0.811234
0.42 0.113828 1.23998 1.90104e-05 3.39084e-08 0.000193231 500.879 250921 0.825324
0.41 0.11389 1.2296 1.49306e-05 2.62225e-08 0.000149758 500.9 250942 0.813797
0.4 0.113903 1.21045 1.33681e-05 2.35098e-08 0.000134387 500.864 250906 0.814739
0.39 0.113867 1.19625 1.36285e-05 2.3962e-08 0.000136951 500.885 250926 0.806049
0.38 0.11392 1.21785 1.27604e-05 2.24549e-08 0.000128402 500.845 250887 0.817732
0.37 0.113911 1.24476 1.21528e-05 2.10986e-08 0.000120677 500.868 250910 0.820081
0.36 0.113895 1.24183 8.42014e-06 1.46183e-08 8.3793e-05 500.85 250892 0.821377
0.35 0.113863 1.19651 8.59375e-06 1.52211e-08 8.72482e-05 500.867 250909 0.81285
0.34 0.113992 1.23678 8.24653e-06 1.43169e-08 8.20736e-05 500.678 250719 0.818207
0.33 0.113863 1.22714 7.20486e-06 1.31113e-08 7.52218e-05 500.819 250860 0.792706
0.32 0.113954 1.23804 6.77083e-06 1.20563e-08 6.91804e-05 500.772 250814 0.819091
0.31 0.113945 1.21967 4.16667e-06 7.2338e-09 4.15667e-05 500.711 250752 0.81915
0.3 0.113914 1.21566 4.51389e-06 7.83661e-09 4.50215e-05 500.844 250886 0.820192
0.29 0.113948 1.20411 4.25347e-06 7.3845e-09 4.24305e-05 500.747 250789 0.824022
0.28 0.113933 1.21938 4.07986e-06 7.08309e-09 4.07027e-05 500.879 250920 0.813526
0.27 0.114035 1.22211 4.16667e-06 7.2338e-09 4.15667e-05 500.708 250749 0.808074
0.26 0.113868 1.23356 3.125e-06 5.42535e-09 3.11938e-05 500.968 251009 0.806812
0.25 0.113915 1.21553 3.55903e-06 6.17887e-09 3.55173e-05 500.86 250902 0.81884
0.24 0.11377 1.24194 2.95139e-06 5.12394e-09 2.94637e-05 500.977 251019 0.817105
0.23 0.113998 1.2124 2.51736e-06 4.37042e-09 2.51371e-05 500.737 250779 0.814641
0.22 0.113931 1.23101 2.25694e-06 3.91831e-09 2.25401e-05 500.804 250846 0.826776
0.21 0.113873 1.22764 3.03819e-06 5.27464e-09 3.03288e-05 500.851 250893 0.821305
0.2 0.113871 1.21431 2.25694e-06 3.91831e-09 2.25401e-05 500.882 250923 0.802327
0.19 0.113901 1.21397 1.5625e-06 2.71267e-09 1.56109e-05 500.778 250820 0.813799
0.18 0.114017 1.23281 3.03819e-06 5.27464e-09 3.03288e-05 500.774 250816 0.829595
0.17 0.113784 1.24628 1.5625e-06 2.71267e-09 1.56109e-05 500.883 250925 0.820221
0.16 0.113996 1.23484 1.30208e-06 2.26056e-09 1.30111e-05 500.697 250740 0.831614
0.15 0.113905 1.23073 1.21528e-06 2.10986e-09 1.21443e-05 500.732 250774 0.812022
0.14 0.113879 1.2371 6.07639e-07 1.05493e-09 6.07426e-06 500.87 250912 0.812709
0.13 0.113871 1.21017 1.21528e-06 2.10986e-09 1.21443e-05 500.872 250914 0.818523
0.12 0.113861 1.21699 1.21528e-06 2.10986e-09 1.21443e-05 500.854 250897 0.834168
0.11 0.113912 1.24564 6.94444e-07 1.20563e-09 6.94167e-06 500.813 250855 0.82739
0.1 0.11385 1.24015 5.20833e-07 9.04225e-10 5.20677e-06 500.919 250961 0.820762
0.09 0.113889 1.23685 4.34028e-07 7.5352e-10 4.33919e-06 500.812 250854 0.830691
0.08 0.113979 1.18453 6.94444e-07 1.20563e-09 6.94167e-06 500.703 250744 0.810279
0.07 0.113867 1.2156 2.60417e-07 4.52112e-10 2.60378e-06 500.87 250912 0.81892
0.06 0.113797 1.20591 6.07639e-07 1.05493e-09 6.07426e-06 500.855 250896 0.816355
0.05 0.113907 1.23066 4.34028e-07 7.5352e-10 4.33919e-06 500.718 250760 0.822428
0.04 0.113823 1.21954 4.34028e-07 7.5352e-10 4.33919e-06 500.925 250966 0.807938
0.03 0.113822 1.22011 3.47222e-07 6.02816e-10 3.47153e-06 500.912 250954 0.822662
0.02 0.113936 1.22642 3.47222e-07 6.02816e-10 3.47153e-06 500.732 250773 0.801292
0.01 0.113947 1.21742 2.60417e-07 4.52112e-10 2.60378e-06 500.804 250845 0.813931
