1 0.474738 0.337132 0.171753 0.0298515 0.202945 489.593 240035 0.681293
0.99 0.471379 0.337092 0.171633 0.0298066 0.202922 490.09 240522 0.688642
0.98 0.467843 0.335047 0.170254 0.0293193 0.195605 489.195 239632 0.667433
0.97 0.464329 0.333027 0.169103 0.0289378 0.203142 488.561 239016 0.683665
0.96 0.461364 0.329944 0.168351 0.0286799 0.202751 488.343 238804 0.692972
0.95 0.458067 0.342624 0.167443 0.028377 0.205936 488.025 238488 0.688985
0.94 0.454724 0.33614 0.16668 0.0281165 0.204884 487.767 238237 0.698045
0.93 0.451249 0.337966 0.165763 0.0278135 0.208279 487.534 238002 0.688015
0.92 0.447778 0.340847 0.165174 0.0276237 0.213705 487.574 238056 0.729734
0.91 0.444343 0.338439 0.164204 0.0272948 0.210046 487.24 237716 0.706023
0.9 0.440987 0.350136 0.163718 0.0271342 0.211637 487.165 237650 0.730019
0.89 0.437352 0.340336 0.162889 0.0268635 0.213985 487.002 237484 0.722777
0.88 0.434014 0.340981 0.162 0.0265766 0.217757 486.584 237081 0.740749
0.87 0.431078 0.342512 0.161198 0.0263216 0.2229 486.501 237005 0.762278
0.86 0.427667 0.343876 0.160337 0.0260544 0.232107 486.135 236658 0.79138
0.85 0.423841 0.338144 0.159814 0.0258716 0.224359 486.185 236690 0.75949
0.84 0.420608 0.345103 0.158662 0.0255011 0.224684 485.596 236112 0.755752
0.83 0.417299 0.339687 0.157952 0.0252688 0.222105 485.688 236198 0.756374
0.82 0.413836 0.344556 0.15703 0.0249914 0.23396 485.009 235550 0.796973
0.81 0.410174 0.347036 0.156864 0.0249367 0.234957 485.654 236173 0.795027
0.8 0.406955 0.351488 0.156052 0.0246845 0.239367 485.396 235924 0.810837
0.79 0.402819 0.35124 0.155445 0.0244915 0.239362 485.447 235968 0.804042
0.78 0.399406 0.34655 0.154753 0.0242774 0.242862 485.337 235863 0.821354
0.77 0.396331 0.362229 0.153813 0.0239836 0.243271 484.924 235459 0.824021
0.76 0.392819 0.35006 0.153927 0.0240183 0.246184 485.775 236281 0.823062
0.75 0.389196 0.354427 0.152894 0.0237001 0.248391 485.162 235682 0.825159
0.74 0.385514 0.356781 0.153016 0.0237394 0.253465 485.758 236260 0.830163
0.73 0.38222 0.35428 0.15225 0.0235038 0.255473 485.628 236131 0.837733
0.72 0.378385 0.356748 0.151792 0.0233569 0.252744 485.646 236141 0.825685
0.71 0.374999 0.364639 0.151091 0.0231545 0.2644 485.494 236002 0.86531
0.7 0.371058 0.369981 0.150716 0.0230388 0.266068 485.7 236198 0.864404
0.69 0.367401 0.371707 0.150747 0.0230481 0.269971 486.296 236776 0.870634
0.68 0.363729 0.371519 0.149905 0.0228031 0.280889 485.998 236497 0.916337
0.67 0.359975 0.381146 0.149963 0.022815 0.280258 486.474 236952 0.905727
0.66 0.356257 0.385968 0.14986 0.0227821 0.282851 487.299 237756 0.918711
0.65 0.352637 0.387309 0.14954 0.022706 0.304654 487.045 237528 0.996609
0.64 0.348489 0.39321 0.150287 0.0229169 0.297714 488.516 238940 0.933063
0.63 0.344336 0.393357 0.149982 0.0228226 0.300012 488.765 239183 0.947495
0.62 0.34033 0.400801 0.150329 0.0229342 0.311636 489.713 240113 0.966079
0.61 0.336502 0.39318 0.150723 0.0230541 0.317911 490.586 240968 0.979014
0.6 0.332144 0.41259 0.151186 0.0232017 0.33079 491.462 241832 1.00834
0.59 0.328236 0.427757 0.151116 0.0231813 0.337001 491.776 242138 1.01759
0.58 0.324084 0.426818 0.15133 0.0232397 0.33671 492.421 242769 1.01891
0.57 0.319651 0.432164 0.152654 0.0236499 0.350173 494.243 244574 1.05832
0.56 0.314673 0.444658 0.154147 0.0241203 0.369432 496.066 246385 1.09399
0.55 0.311083 0.450105 0.153866 0.0240273 0.369352 496.155 246462 1.07061
0.54 0.306387 0.467116 0.154836 0.0243329 0.382659 497.481 247783 1.10087
0.53 0.301358 0.484068 0.156395 0.0248354 0.408701 499.336 249646 1.16938
0.52 0.296324 0.497029 0.158584 0.0255233 0.414565 501.807 252114 1.1665
0.51 0.291117 0.519312 0.159893 0.0259428 0.425937 503.441 253751 1.16278
0.5 0.286105 0.537546 0.161758 0.0265608 0.455235 505.16 255500 1.23995
0.49 0.280213 0.560786 0.164488 0.0274484 0.460792 508 258369 1.2236
0.48 0.27432 0.603103 0.167913 0.0286114 0.500165 511.301 261751 1.31297
0.47 0.268224 0.620033 0.170495 0.0294915 0.518404 513.912 264418 1.29531
0.46 0.262107 0.66145 0.1738 0.0306493 0.554697 517.333 267961 1.37668
0.45 0.255253 0.741842 0.178264 0.0322557 0.611225 521.037 271826 1.4807
0.44 0.247742 0.777521 0.183303 0.0341054 0.661607 525.68 276698 1.55224
0.43 0.239371 0.849136 0.189683 0.0365274 0.733855 531.101 282449 1.66788
0.42 0.231233 0.921417 0.196188 0.0390712 0.797717 536.614 288347 1.74117
0.41 0.220394 1.0495 0.206046 0.0430634 0.855094 544.805 297208 1.77047
0.4 0.209465 1.18395 0.216427 0.0475125 0.967686 553.115 306360 1.9185
0.39 0.196158 1.49468 0.229752 0.053628 1.24333 563.722 318289 2.30489
0.38 0.180266 1.84143 0.247089 0.0620381 1.4936 576.64 333091 2.63427
0.37 0.159086 2.79145 0.272012 0.0754119 2.213 595.127 354961 3.5659
0.36 0.123077 5.39795 0.31745 0.103246 3.95477 627.922 395538 5.54103
0.35 -0.291262 6.90177 0.7863 0.619334 1.75336 914.512 836609 0.865202
0.34 -0.350082 4.86704 0.829575 0.688804 1.03157 934.35 873162 0.479499
0.33 -0.392964 3.93134 0.858009 0.736595 0.726733 946.596 896150 0.336752
0.32 -0.428883 3.3345 0.879906 0.774543 0.555149 955.652 913351 0.259356
0.31 -0.461033 3.05721 0.898418 0.8074 0.456244 962.938 927315 0.219453
0.3 -0.489102 2.67913 0.913401 0.834491 0.3639 968.749 938530 0.192175
0.29 -0.515555 2.44526 0.926955 0.859397 0.302473 973.982 948690 0.171454
0.28 -0.539715 2.35885 0.938443 0.880801 0.259481 978.375 957263 0.161495
0.27 -0.561841 2.17795 0.948441 0.899643 0.219551 982.16 964678 0.150591
0.26 -0.582579 2.01711 0.95712 0.916162 0.184761 985.539 971324 0.144314
0.25 -0.602369 1.86496 0.964948 0.931191 0.152337 988.621 977406 0.134276
0.24 -0.620765 1.77861 0.971639 0.944136 0.127171 991.283 982673 0.132677
0.23 -0.638216 1.68635 0.977384 0.955321 0.104912 993.911 987888 0.129477
0.22 -0.654126 1.5648 0.982215 0.964778 0.084037 996.051 992145 0.126298
0.21 -0.669514 1.4743 0.986376 0.972963 0.0662331 998.047 996124 0.12199
0.2 -0.683871 1.40771 0.989792 0.979707 0.0522898 999.926 999876 0.122335
0.19 -0.697785 1.32201 0.992602 0.985271 0.0397174 1001.63 1.00329e+06 0.119628
0.18 -0.710716 1.27765 0.99479 0.989617 0.0294059 1003.22 1.00648e+06 0.115489
0.17 -0.72304 1.19722 0.996474 0.992966 0.0207423 1004.69 1.00943e+06 0.116509
0.16 -0.734699 1.16731 0.997684 0.995378 0.0147961 1006.04 1.01214e+06 0.112471
0.15 -0.746117 1.12889 0.998595 0.997195 0.00927808 1007.31 1.01469e+06 0.112552
0.14 -0.757131 1.08382 0.999201 0.998404 0.00569097 1008.56 1.01721e+06 0.114405
0.13 -0.767906 1.07401 0.999574 0.999149 0.00327929 1009.69 1.01948e+06 0.113403
0.12 -0.778347 1.04335 0.9998 0.999601 0.00166308 1010.86 1.02185e+06 0.112226
0.11 -0.788808 1.03552 0.999916 0.999831 0.000778694 1011.99 1.02415e+06 0.113155
0.1 -0.799007 1.03165 0.999972 0.999943 0.000278373 1013.11 1.0264e+06 0.112941
0.09 -0.809288 0.996825 0.999993 0.999986 7.78086e-05 1014.27 1.02875e+06 0.108913
0.08 -0.819429 1.00613 0.999999 0.999998 1.51803e-05 1015.3 1.03085e+06 0.113029
0.07 -0.829547 0.999218 1 0.999999 3.71968e-06 1016.46 1.03319e+06 0.112284
0.06 -0.839678 1.00712 1 1 0 1017.49 1.03529e+06 0.112583
0.05 -0.8498 0.992541 1 1 0 1018.6 1.03756e+06 0.112215
0.04 -0.859899 1.00225 1 1 0 1019.7 1.03979e+06 0.110851
0.03 -0.86995 0.988101 1 1 0 1020.78 1.04199e+06 0.112651
0.02 -0.879975 0.998296 1 1 0 1021.83 1.04414e+06 0.111165
0.01 -0.889996 1.01405 1 1 0 1022.92 1.04638e+06 0.110428
