0.7 0.332379 0.224699 0.0377292 0.00151069 0.0717507 405.076 164390 1.0686
0.69 0.330149 0.222611 0.037147 0.00146362 0.0698883 405.241 164514 1.04796
0.68 0.327779 0.223772 0.0364557 0.00141238 0.0706097 404.624 164014 1.06463
0.67 0.325892 0.219532 0.0357181 0.0013555 0.0685364 404.031 163523 1.039
0.66 0.323824 0.222356 0.0349125 0.00129825 0.0692676 403.115 162788 1.07311
0.65 0.321277 0.215747 0.0343543 0.00125773 0.0686916 402.972 162664 1.06082
0.64 0.319496 0.22297 0.0340317 0.00123645 0.0704624 403.1 162769 1.08348
0.63 0.317144 0.220337 0.0333051 0.00118499 0.0692664 402.781 162506 1.07901
0.62 0.314788 0.212297 0.0325071 0.00112849 0.0666814 402.118 161964 1.06307
0.61 0.312568 0.220932 0.0319831 0.00109394 0.0670613 402.073 161918 1.04386
0.6 0.310488 0.217584 0.0316628 0.001073 0.0676492 402.161 161990 1.06457
0.59 0.308282 0.215947 0.030982 0.00102758 0.0660879 401.895 161772 1.06366
0.58 0.306014 0.214874 0.0304863 0.000995973 0.0661006 401.917 161784 1.06199
0.57 0.303982 0.218234 0.0298881 0.000957621 0.0649994 401.577 161501 1.03245
0.56 0.301398 0.211017 0.0294709 0.000933069 0.0663782 401.948 161799 1.05205
0.55 0.299286 0.218028 0.0288308 0.000892922 0.0646236 401.577 161498 1.06088
0.54 0.297443 0.219991 0.0284815 0.000873228 0.0661675 401.566 161487 1.06736
0.53 0.295231 0.220614 0.0279927 0.000844523 0.0662191 401.579 161490 1.05678
0.52 0.292729 0.222548 0.0274187 0.000810021 0.0645098 401.71 161592 1.05444
0.51 0.290751 0.225626 0.0272204 0.000799437 0.0660552 401.95 161782 1.06485
0.5 0.288571 0.223734 0.0268023 0.000775132 0.0653954 402.059 161863 1.05161
0.49 0.286099 0.230839 0.0264387 0.000755449 0.0663495 402.56 162268 1.08481
0.48 0.283752 0.230747 0.025999 0.000729915 0.0647631 402.689 162363 1.05746
0.47 0.281476 0.238063 0.0255058 0.000704656 0.0663131 402.733 162395 1.06049
0.46 0.279223 0.236973 0.0254875 0.000703297 0.0672226 403.737 163204 1.07964
0.45 0.27679 0.239928 0.0251524 0.000684765 0.0667143 404.023 163433 1.09239
0.44 0.274422 0.245334 0.0249464 0.00067455 0.068368 404.643 163927 1.07136
0.43 0.271923 0.247898 0.0243724 0.000643527 0.0663248 404.908 164139 1.08233
0.42 0.269415 0.254715 0.0244445 0.00064902 0.0706074 405.912 164958 1.1331
0.41 0.266899 0.258371 0.0243516 0.000643602 0.071085 406.612 165519 1.10885
0.4 0.264182 0.26311 0.0241861 0.000634798 0.0717551 407.687 166391 1.11567
0.39 0.261508 0.270664 0.0238626 0.000617953 0.0716753 408.091 166715 1.11225
0.38 0.258867 0.279519 0.0238786 0.000618958 0.0739224 409.401 167782 1.11373
0.37 0.255986 0.287708 0.0236459 0.000606971 0.0744777 410.222 168451 1.11015
0.36 0.252888 0.29523 0.0237698 0.000614509 0.0792089 411.749 169711 1.16841
0.35 0.250197 0.303948 0.0237464 0.000613659 0.081906 412.66 170457 1.16517
0.34 0.247082 0.313934 0.0235242 0.000603135 0.084276 413.96 171531 1.196
0.33 0.243993 0.322242 0.0238113 0.000615752 0.0851333 415.437 172751 1.19195
0.32 0.240532 0.333165 0.0238708 0.000619216 0.0889193 417.032 174077 1.20976
0.31 0.237068 0.345554 0.024248 0.000637401 0.091854 419.278 175952 1.21519
0.3 0.233487 0.359669 0.0242012 0.000635716 0.0960335 420.78 177210 1.21609
0.29 0.22998 0.383014 0.0247043 0.00066269 0.104057 422.842 178952 1.27262
0.28 0.226013 0.395935 0.0255016 0.000702643 0.107607 425.698 181370 1.26821
0.27 0.222002 0.412355 0.0256937 0.000714095 0.115052 427.878 183234 1.33481
0.26 0.217825 0.441558 0.0268273 0.000774377 0.121127 431.13 186024 1.34937
0.25 0.213197 0.460185 0.027621 0.00082264 0.137594 434.201 188683 1.39892
0.24 0.208457 0.488686 0.0289964 0.000904406 0.15267 437.879 191891 1.45627
0.23 0.203442 0.529901 0.0301541 0.000975812 0.166648 441.708 195262 1.54052
0.22 0.198143 0.556098 0.031976 0.00109175 0.181398 446.051 199114 1.55261
0.21 0.191894 0.610832 0.0349902 0.00130302 0.215872 452.185 204633 1.70667
0.2 0.185435 0.696128 0.0377287 0.00151503 0.263722 458.274 210189 1.89379
0.19 0.178307 0.782181 0.0423461 0.00190374 0.335137 466.015 217358 2.11538
0.18 0.170101 0.903609 0.0478452 0.00242888 0.44709 475.228 226054 2.48048
0.17 0.159399 1.14613 0.0593084 0.00371043 0.653741 490.615 240963 3.11489
0.16 -0.514972 1.14911 0.997789 0.995586 0.013882 1273.6 1.62208e+06 0.145406
0.15 -0.526295 1.11852 0.998619 0.997242 0.00943298 1275.23 1.62624e+06 0.141481
0.14 -0.537266 1.075 0.999244 0.998489 0.00533315 1276.74 1.6301e+06 0.14139
0.13 -0.547984 1.05714 0.999603 0.999208 0.00304301 1278.23 1.6339e+06 0.141058
0.12 -0.558515 1.03517 0.999809 0.999617 0.00160639 1279.7 1.63765e+06 0.14098
0.11 -0.568748 1.04783 0.999926 0.999851 0.000683615 1281.07 1.64115e+06 0.139956
0.1 -0.579066 1.00512 0.999976 0.999952 0.000236277 1282.46 1.64473e+06 0.141263
0.09 -0.589263 1.01534 0.999992 0.999985 8.3547e-05 1283.88 1.64837e+06 0.137407
0.08 -0.599413 1.01021 0.999999 0.999997 1.73472e-05 1285.22 1.6518e+06 0.140584
0.07 -0.609573 1.01982 1 1 2.47991e-06 1286.58 1.6553e+06 0.14046
0.06 -0.619686 1.00523 1 1 0 1287.93 1.65878e+06 0.141465
0.05 -0.629809 0.99483 1 1 0 1289.32 1.66235e+06 0.139287
0.04 -0.639881 1.00372 1 1 0 1290.64 1.66575e+06 0.141861
0.03 -0.649951 0.993481 1 1 0 1291.98 1.66923e+06 0.140722
0.02 -0.659978 0.993985 1 1 0 1293.3 1.67263e+06 0.141719
0.01 -0.669999 0.993506 1 1 0 1294.66 1.67614e+06 0.139066
