0.7 -0.353355 2.67395 0.697638 0.487353 0.538088 930.508 866403 0.855868
0.69 -0.376467 2.72551 0.707519 0.501232 0.541105 938.884 882051 0.845405
0.68 -0.408775 2.89392 0.721338 0.520966 0.539486 951.483 905867 0.845443
0.67 -0.437462 3.02609 0.732964 0.537845 0.524053 961.702 925406 0.831665
0.66 -0.469049 3.19386 0.746196 0.557398 0.515135 973.69 948597 0.816122
0.65 -0.500352 3.31735 0.758351 0.575669 0.507784 984.308 969370 0.794494
0.64 -0.532559 3.39502 0.771266 0.595408 0.501642 995.745 992002 0.774039
0.63 -0.567809 3.49566 0.784811 0.61645 0.47688 1007.99 1.01651e+06 0.746127
0.62 -0.607092 3.62287 0.79968 0.639974 0.450731 1021.71 1.04434e+06 0.718809
0.61 -0.642427 3.76947 0.812472 0.660582 0.444776 1033.53 1.06864e+06 0.712857
0.6 -0.676133 3.75962 0.824348 0.679986 0.418918 1043.95 1.09025e+06 0.675978
0.59 -0.714795 3.62072 0.837799 0.702293 0.376232 1056.62 1.11683e+06 0.612002
0.58 -0.747447 3.42866 0.848788 0.720792 0.347954 1066.32 1.1374e+06 0.567986
0.57 -0.785066 3.55066 0.86128 0.742128 0.327937 1078.17 1.1628e+06 0.552737
0.56 -0.818748 3.55006 0.872012 0.760702 0.305699 1087.82 1.18368e+06 0.527973
0.55 -0.855235 3.44814 0.883552 0.780929 0.277546 1098.7 1.20744e+06 0.494583
0.54 -0.888113 3.32221 0.893197 0.79804 0.255115 1107.73 1.22734e+06 0.458598
0.53 -0.920167 3.11209 0.902616 0.814928 0.230662 1116.7 1.24728e+06 0.417624
0.52 -0.951779 3.1231 0.91126 0.830587 0.213031 1125.21 1.26635e+06 0.422586
0.51 -0.981603 2.87551 0.919551 0.845745 0.191725 1132.94 1.28377e+06 0.385018
0.5 -1.01087 2.78201 0.927229 0.859903 0.172967 1140.53 1.30103e+06 0.364848
0.49 -1.03785 2.68063 0.934292 0.873033 0.155565 1147.34 1.31658e+06 0.350439
0.48 -1.06562 2.57105 0.94101 0.885618 0.140937 1154.27 1.33253e+06 0.33256
0.47 -1.09059 2.53987 0.947 0.896913 0.126935 1160.23 1.3463e+06 0.319385
0.46 -1.11466 2.46379 0.952613 0.907565 0.11732 1165.73 1.3591e+06 0.311096
0.45 -1.13861 2.27198 0.957749 0.917365 0.103463 1171.59 1.37279e+06 0.296664
0.44 -1.16116 2.18093 0.962544 0.926562 0.0939788 1176.7 1.38476e+06 0.28678
0.43 -1.18167 2.12529 0.966666 0.934507 0.0840438 1181.28 1.39556e+06 0.279149
0.42 -1.20233 2.01582 0.970672 0.942259 0.0752852 1185.93 1.40657e+06 0.273665
0.41 -1.22223 1.90304 0.974345 0.949396 0.065703 1190.3 1.41695e+06 0.26714
0.4 -1.24085 1.86026 0.977568 0.95568 0.0595239 1194.37 1.42664e+06 0.265907
0.39 -1.25907 1.78198 0.980559 0.961532 0.0527975 1198.29 1.43603e+06 0.254841
0.38 -1.27692 1.66028 0.983301 0.96691 0.0457195 1202.09 1.44513e+06 0.247875
0.37 -1.2938 1.66491 0.985697 0.971625 0.0402465 1205.78 1.45402e+06 0.246732
0.36 -1.30925 1.58459 0.987739 0.97565 0.0349542 1209.01 1.46181e+06 0.244766
0.35 -1.32483 1.51173 0.989689 0.979502 0.029964 1212.24 1.46962e+06 0.243317
0.34 -1.34042 1.48434 0.991464 0.983015 0.0253962 1215.55 1.47765e+06 0.235123
0.33 -1.35476 1.43399 0.99292 0.985903 0.0219287 1218.63 1.48515e+06 0.233086
0.32 -1.36893 1.39342 0.994221 0.988485 0.0181771 1221.54 1.49224e+06 0.235696
0.31 -1.38257 1.32675 0.995355 0.99074 0.0152736 1224.38 1.49919e+06 0.228969
0.3 -1.39558 1.2758 0.996283 0.992586 0.0122399 1227.18 1.50605e+06 0.232533
0.29 -1.40874 1.26286 0.997094 0.994202 0.0101697 1229.94 1.51282e+06 0.229778
0.28 -1.42099 1.23376 0.997747 0.995503 0.00818734 1232.58 1.51934e+06 0.224956
0.27 -1.43351 1.21603 0.99831 0.996625 0.00617607 1235.17 1.52573e+06 0.229104
0.26 -1.44543 1.19662 0.998746 0.997495 0.00485669 1237.79 1.53219e+06 0.221382
0.25 -1.45704 1.15747 0.999082 0.998167 0.00372626 1240.19 1.53815e+06 0.226464
0.24 -1.46877 1.13819 0.999355 0.998711 0.00272661 1242.72 1.54443e+06 0.223784
0.23 -1.47982 1.13163 0.99957 0.999141 0.0018808 1244.99 1.55007e+06 0.221728
0.22 -1.49112 1.09265 0.999706 0.999412 0.00133972 1247.35 1.55595e+06 0.220555
0.21 -1.50203 1.09595 0.999813 0.999627 0.000888907 1249.8 1.56205e+06 0.220441
0.2 -1.51302 1.09586 0.999882 0.999764 0.000591687 1252.09 1.56778e+06 0.218517
0.19 -1.52389 1.06588 0.999932 0.999864 0.000361436 1254.43 1.57363e+06 0.220378
0.18 -1.53453 1.0615 0.999962 0.999924 0.000212388 1256.78 1.57955e+06 0.216463
0.17 -1.54529 1.04737 0.999981 0.999962 0.000113143 1259.06 1.58528e+06 0.214346
0.16 -1.55574 1.07787 0.999991 0.999982 5.72039e-05 1261.25 1.5908e+06 0.213775
0.15 -1.56635 1.05063 0.999996 0.999993 2.42545e-05 1263.47 1.5964e+06 0.214714
0.14 -1.5768 1.05058 0.999999 0.999999 4.33876e-06 1265.69 1.602e+06 0.21023
0.13 -1.58727 1.05767 0.999999 0.999999 5.33974e-06 1267.95 1.60773e+06 0.214988
0.12 -1.59776 1.03303 1 1 7.23343e-07 1270.21 1.61345e+06 0.212413
0.11 -1.60807 1.04645 1 1 0 1272.28 1.61873e+06 0.211499
0.1 -1.61844 1.0306 1 1 0 1274.54 1.62447e+06 0.212507
0.09 -1.62877 1.00916 1 1 0 1276.71 1.63002e+06 0.208897
0.08 -1.63904 1.04912 1 1 0 1278.91 1.63564e+06 0.210004
0.07 -1.64927 1.02045 1 1 0 1281.05 1.64111e+06 0.210605
0.06 -1.65952 1.03366 1 1 0 1283.28 1.64681e+06 0.211444
0.05 -1.66964 1.01918 1 1 0 1285.41 1.65228e+06 0.20917
0.04 -1.67976 1.00017 1 1 0 1287.49 1.65765e+06 0.21155
0.03 -1.68988 1.01388 1 1 0 1289.65 1.6632e+06 0.208669
0.02 -1.69995 1.01291 1 1 0 1291.77 1.66867e+06 0.209394
0.01 -1.70999 1.00127 1 1 0 1293.91 1.6742e+06 0.209825
