0.7 0.240161 0.910261 0.281744 0.0805678 0.977792 653.683 428488 2.59176
0.69 0.227327 1.06856 0.294742 0.0882196 1.12448 667.033 446239 2.83612
0.68 0.218331 1.13063 0.299409 0.0910638 1.20101 671.234 451924 2.99875
0.67 0.206534 1.32224 0.309466 0.0973161 1.32991 681.095 465369 3.23851
0.66 0.190825 1.54081 0.324007 0.106636 1.44445 695.289 484985 3.39509
0.65 0.17686 1.80871 0.335725 0.114509 1.5928 706.453 500725 3.59096
0.64 0.155546 2.30808 0.354978 0.128082 1.86584 724.602 526918 4.03047
0.63 0.128768 3.06587 0.380287 0.1471 2.26902 748.261 562073 4.62118
0.62 0.0871965 5.22967 0.418341 0.178458 3.2033 783.074 616103 5.97013
0.61 0.0135841 8.79722 0.483189 0.23791 4.19146 841.451 711553 6.84499
0.6 -0.126825 15.3589 0.593 0.35688 5.02216 937.228 882247 6.8484
0.59 -0.259519 14.4437 0.679689 0.465605 3.54149 1009.75 1.02215e+06 4.27754
0.58 -0.375923 10.5003 0.745759 0.558124 1.95374 1063.37 1.13207e+06 2.13172
0.57 -0.468895 6.75401 0.792653 0.629289 0.999717 1100.4 1.21151e+06 1.01142
0.56 -0.522583 5.62165 0.816445 0.667317 0.755424 1118.09 1.2506e+06 0.745187
0.55 -0.580153 4.59532 0.840683 0.707274 0.549804 1136.2 1.29129e+06 0.544363
0.54 -0.624927 4.30241 0.858181 0.736915 0.470234 1148.81 1.32005e+06 0.460923
0.53 -0.665964 4.0085 0.873494 0.763367 0.407786 1159.8 1.34538e+06 0.401593
0.52 -0.703381 3.51726 0.886865 0.786827 0.328898 1169.3 1.36747e+06 0.336627
0.51 -0.738722 3.25267 0.898898 0.808268 0.28229 1177.65 1.38705e+06 0.301194
0.5 -0.771073 3.04628 0.909281 0.827006 0.247262 1184.91 1.40418e+06 0.275774
0.49 -0.799696 2.88951 0.918303 0.843469 0.221259 1191.24 1.41921e+06 0.259111
0.48 -0.82811 2.77194 0.926842 0.859201 0.196806 1196.98 1.43291e+06 0.242226
0.47 -0.854629 2.48201 0.934548 0.873517 0.168244 1202.4 1.44589e+06 0.224807
0.46 -0.879612 2.4601 0.941406 0.886369 0.1558 1207.27 1.45761e+06 0.209767
0.45 -0.903265 2.34844 0.947721 0.898282 0.138218 1211.64 1.46817e+06 0.202037
0.44 -0.926075 2.22614 0.953543 0.909339 0.123361 1215.87 1.47845e+06 0.19442
0.43 -0.947754 2.07819 0.958818 0.919411 0.106981 1219.57 1.48744e+06 0.183036
0.42 -0.967557 2.03698 0.963532 0.928463 0.0965655 1223 1.49582e+06 0.18029
0.41 -0.987555 1.89654 0.967925 0.936939 0.0842208 1226.51 1.50442e+06 0.174706
0.4 -1.00651 1.82388 0.971958 0.944755 0.0750135 1229.56 1.51191e+06 0.169657
0.39 -1.02519 1.80876 0.975653 0.951943 0.0664449 1232.67 1.51957e+06 0.167436
0.38 -1.04257 1.69916 0.978864 0.958214 0.0594496 1235.3 1.52605e+06 0.162065
0.37 -1.05923 1.66097 0.981842 0.964046 0.052297 1237.91 1.5325e+06 0.162426
0.36 -1.07528 1.56526 0.984412 0.969095 0.0456117 1240.4 1.53867e+06 0.159237
0.35 -1.091 1.51591 0.986771 0.973741 0.0395406 1242.75 1.5445e+06 0.156968
0.34 -1.10575 1.46859 0.988932 0.978007 0.0331161 1244.98 1.55004e+06 0.156324
0.33 -1.12007 1.40865 0.990677 0.981457 0.0288821 1246.97 1.55499e+06 0.151513
0.32 -1.13418 1.36153 0.992389 0.98485 0.0240245 1248.95 1.55992e+06 0.147614
0.31 -1.1477 1.34679 0.993774 0.987599 0.020652 1250.99 1.56504e+06 0.149004
0.3 -1.16082 1.30267 0.994994 0.990023 0.0169498 1252.96 1.56997e+06 0.146275
0.29 -1.17391 1.26294 0.996081 0.992185 0.0138386 1254.71 1.57434e+06 0.148502
0.28 -1.18599 1.22275 0.996924 0.993864 0.0109287 1256.36 1.5785e+06 0.146886
0.27 -1.198 1.19439 0.997645 0.9953 0.00881012 1258.06 1.58275e+06 0.14399
0.26 -1.20974 1.14154 0.998206 0.996418 0.00691367 1259.64 1.58674e+06 0.145956
0.25 -1.22117 1.12475 0.998692 0.997388 0.0052402 1261.3 1.59093e+06 0.14552
0.24 -1.23252 1.1004 0.999073 0.998149 0.00387344 1262.83 1.59477e+06 0.143718
0.23 -1.24326 1.11065 0.999348 0.998697 0.00280297 1264.21 1.59827e+06 0.142702
0.22 -1.25417 1.09241 0.999561 0.999122 0.00200888 1265.68 1.60198e+06 0.143606
0.21 -1.26512 1.06196 0.999716 0.999434 0.00134287 1267.22 1.60589e+06 0.145992
0.2 -1.27568 1.07042 0.999831 0.999662 0.000850809 1268.63 1.60945e+06 0.142492
0.19 -1.28628 1.03364 0.999895 0.99979 0.000558258 1270.07 1.61311e+06 0.142457
0.18 -1.29664 1.05281 0.999945 0.99989 0.000307117 1271.43 1.61657e+06 0.143653
0.17 -1.30724 1.05068 0.999969 0.999938 0.000184107 1272.87 1.62022e+06 0.142811
0.16 -1.31753 1.02422 0.999987 0.999973 8.34579e-05 1274.18 1.62357e+06 0.142554
0.15 -1.32777 1.02258 0.999995 0.999989 3.51933e-05 1275.61 1.62722e+06 0.138384
0.14 -1.3381 1.01334 0.999998 0.999995 1.67185e-05 1277.01 1.63077e+06 0.142066
0.13 -1.34841 1.02909 0.999999 0.999998 8.67491e-06 1278.36 1.63423e+06 0.141212
0.12 -1.35871 1.04232 1 1 1.44661e-06 1279.75 1.63777e+06 0.143384
0.11 -1.36891 1.04146 1 1 0 1281.14 1.64133e+06 0.140775
0.1 -1.37905 1.01935 1 1 0 1282.47 1.64475e+06 0.139903
0.09 -1.38927 1.00317 1 1 0 1283.82 1.6482e+06 0.141721
0.08 -1.39944 1.01537 1 1 0 1285.24 1.65185e+06 0.139944
0.07 -1.40957 1.00989 1 1 0 1286.6 1.65536e+06 0.139994
0.06 -1.4197 1.00383 1 1 0 1287.96 1.65886e+06 0.140741
0.05 -1.42983 1.00346 1 1 0 1289.29 1.66228e+06 0.138706
0.04 -1.43989 1.01217 1 1 0 1290.63 1.66574e+06 0.140375
0.03 -1.44994 1.00296 1 1 0 1291.98 1.66921e+06 0.139193
0.02 -1.45999 1.0031 1 1 0 1293.34 1.67273e+06 0.139638
0.01 -1.47 0.995852 1 1 0 1294.65 1.67613e+06 0.141644
