0.7 -0.350244 2.68957 0.696488 0.485765 0.551062 929.302 864170 0.87338
0.69 -0.379976 2.74326 0.709143 0.503529 0.537867 940.663 885390 0.83634
0.68 -0.405475 2.96123 0.720085 0.519158 0.538008 949.985 903019 0.8465
0.67 -0.43774 3.00555 0.733321 0.538373 0.526978 962.029 926031 0.824812
0.66 -0.469443 3.13283 0.746146 0.557326 0.516466 973.526 948271 0.805419
0.65 -0.500131 3.25234 0.758394 0.57573 0.503822 984.524 969792 0.788187
0.64 -0.535765 3.46379 0.772687 0.597588 0.488776 997.249 995003 0.778939
0.63 -0.569251 3.65648 0.785286 0.617204 0.484447 1008.59 1.01775e+06 0.778863
0.62 -0.604167 3.49575 0.798451 0.638004 0.447074 1020.26 1.04139e+06 0.713061
0.61 -0.642329 3.65538 0.812401 0.660456 0.433844 1033.29 1.06813e+06 0.695622
0.6 -0.676207 3.67417 0.82443 0.680105 0.403112 1044.11 1.09058e+06 0.649313
0.59 -0.71077 3.59855 0.836355 0.699881 0.381936 1054.95 1.11331e+06 0.631235
0.58 -0.748236 3.59022 0.848993 0.721146 0.354486 1066.66 1.13814e+06 0.586324
0.57 -0.78383 3.6403 0.860708 0.74115 0.33471 1077.4 1.16114e+06 0.567909
0.56 -0.821128 3.41717 0.87278 0.762033 0.296534 1088.92 1.18605e+06 0.507665
0.55 -0.853462 3.40217 0.882534 0.779135 0.28143 1097.94 1.20578e+06 0.497221
0.54 -0.888107 3.25866 0.893305 0.79823 0.2522 1107.8 1.2275e+06 0.455109
0.53 -0.920596 3.19752 0.902613 0.814922 0.231553 1116.84 1.24759e+06 0.435346
0.52 -0.95206 3.10787 0.911422 0.830882 0.212743 1125.18 1.26627e+06 0.40541
0.51 -0.982282 2.88604 0.919707 0.846025 0.185901 1133.21 1.28438e+06 0.372099
0.5 -1.01103 2.77929 0.927417 0.860252 0.171953 1140.62 1.30122e+06 0.364218
0.49 -1.03831 2.72414 0.934384 0.873208 0.157066 1147.26 1.31641e+06 0.346657
0.48 -1.06595 2.69246 0.941107 0.885801 0.142024 1154.35 1.33271e+06 0.33521
0.47 -1.09126 2.50646 0.947064 0.897037 0.129878 1160.34 1.34657e+06 0.319141
0.46 -1.1149 2.34901 0.952564 0.907471 0.115132 1165.87 1.35942e+06 0.307456
0.45 -1.13847 2.28402 0.957768 0.917402 0.105507 1171.51 1.3726e+06 0.299634
0.44 -1.16085 2.18671 0.962473 0.926426 0.093787 1176.57 1.38446e+06 0.282847
0.43 -1.18132 2.07812 0.966707 0.934585 0.0827121 1181.15 1.39526e+06 0.277754
0.42 -1.20255 2.00756 0.970746 0.942403 0.0752737 1186.02 1.40678e+06 0.273134
0.41 -1.22194 1.9532 0.974482 0.949663 0.0671286 1190.19 1.41667e+06 0.269096
0.4 -1.24132 1.85438 0.977627 0.955795 0.0591184 1194.37 1.42664e+06 0.262474
0.39 -1.25943 1.79913 0.980636 0.961683 0.0520192 1198.29 1.43601e+06 0.256812
0.38 -1.27677 1.69446 0.983264 0.966838 0.045825 1202.12 1.4452e+06 0.249544
0.37 -1.29371 1.61108 0.985701 0.971631 0.0396744 1205.67 1.45374e+06 0.241634
0.36 -1.30981 1.56572 0.987835 0.975839 0.0346769 1209.16 1.46218e+06 0.242795
0.35 -1.32502 1.54315 0.98977 0.979664 0.0298023 1212.46 1.47016e+06 0.242922
0.34 -1.34043 1.46754 0.991458 0.983005 0.0258224 1215.61 1.47781e+06 0.238155
0.33 -1.3549 1.42306 0.992914 0.985891 0.0214774 1218.82 1.48561e+06 0.231588
0.32 -1.36912 1.38904 0.99424 0.988523 0.0183108 1221.76 1.49279e+06 0.232292
0.31 -1.38257 1.34191 0.995352 0.990735 0.0152899 1224.48 1.49944e+06 0.228702
0.3 -1.39535 1.31706 0.996265 0.99255 0.0125869 1227.1 1.50586e+06 0.230108
0.29 -1.40883 1.25318 0.997082 0.994179 0.0101677 1230.03 1.51307e+06 0.225744
0.28 -1.42082 1.25484 0.997718 0.995445 0.00819957 1232.55 1.51925e+06 0.225997
0.27 -1.43344 1.2045 0.9983 0.996606 0.00623598 1235.23 1.52588e+06 0.22545
0.26 -1.44559 1.17276 0.998739 0.997482 0.00476169 1237.77 1.53215e+06 0.220167
0.25 -1.45721 1.18548 0.999074 0.99815 0.00374978 1240.28 1.53835e+06 0.230573
0.24 -1.46847 1.12745 0.999368 0.998738 0.00265039 1242.57 1.54404e+06 0.222341
0.23 -1.48004 1.11525 0.999565 0.999131 0.00189066 1245.1 1.55034e+06 0.222007
0.22 -1.49091 1.12838 0.999709 0.999419 0.00131874 1247.33 1.55589e+06 0.220263
0.21 -1.50202 1.10637 0.999821 0.999643 0.000845161 1249.7 1.5618e+06 0.218001
0.2 -1.51298 1.08013 0.999889 0.999777 0.000555857 1252.07 1.56772e+06 0.219795
0.19 -1.52389 1.06115 0.999934 0.999868 0.000359051 1254.43 1.57366e+06 0.220909
0.18 -1.53448 1.04644 0.999962 0.999924 0.000211424 1256.63 1.57916e+06 0.216252
0.17 -1.54517 1.0604 0.999984 0.999967 9.66166e-05 1258.95 1.58499e+06 0.216781
0.16 -1.55584 1.04983 0.999991 0.999982 5.55933e-05 1261.25 1.5908e+06 0.218822
0.15 -1.56634 1.07092 0.999996 0.999992 2.71352e-05 1263.47 1.59641e+06 0.21676
0.14 -1.57685 1.04513 0.999999 0.999997 9.29362e-06 1265.7 1.60203e+06 0.216151
0.13 -1.58728 1.05915 1 0.999999 3.33784e-06 1267.92 1.60767e+06 0.215048
0.12 -1.59772 1.03915 1 1 7.23343e-07 1270.18 1.61339e+06 0.21474
0.11 -1.60807 1.05726 1 1 0 1272.36 1.61894e+06 0.212063
0.1 -1.61847 1.03708 1 1 0 1274.57 1.62456e+06 0.213644
0.09 -1.62867 1.05137 1 1 0 1276.71 1.63002e+06 0.217676
0.08 -1.63903 1.02672 1 1 0 1278.95 1.63572e+06 0.211739
0.07 -1.64929 1.02889 1 1 0 1280.99 1.64095e+06 0.209502
0.06 -1.65946 1.01679 1 1 0 1283.18 1.64658e+06 0.211856
0.05 -1.66963 1.03584 1 1 0 1285.36 1.65217e+06 0.209686
0.04 -1.67977 1.02166 1 1 0 1287.52 1.65772e+06 0.212064
0.03 -1.68988 1.02915 1 1 0 1289.63 1.66315e+06 0.208152
0.02 -1.69995 0.99658 1 1 0 1291.79 1.66873e+06 0.208701
0.01 -1.70999 0.983959 1 1 0 1293.9 1.67419e+06 0.207132
