0 0.238718 0.53127 0.00154705 5.0727e-06 0.0061732 426.354 181855 0.719984
0.01 0.238637 0.517338 0.00161597 5.39762e-06 0.00641952 426.476 181958 0.71566
0.02 0.238677 0.526937 0.00167717 5.74499e-06 0.00675554 426.505 181983 0.722543
0.03 0.238674 0.5301 0.00172491 5.96954e-06 0.00689867 426.502 181981 0.72627
0.04 0.238851 0.516778 0.00181198 6.47636e-06 0.00735688 426.537 182011 0.726746
0.05 0.238988 0.535737 0.00188299 6.84076e-06 0.00759196 426.467 181951 0.724873
0.06 0.238944 0.521764 0.00194271 7.13735e-06 0.00774888 426.633 182093 0.727036
0.07 0.238909 0.531874 0.00203229 7.68259e-06 0.00818469 426.758 182201 0.740995
0.08 0.238871 0.534483 0.00214687 8.38608e-06 0.00870223 426.886 182308 0.71866
0.09 0.239075 0.529984 0.00219852 8.71356e-06 0.00893964 426.837 182267 0.722963
0.1 0.238938 0.528365 0.00231832 9.45382e-06 0.00939854 426.962 182374 0.730855
0.11 0.23895 0.531041 0.00242483 1.01478e-05 0.00983354 427.119 182509 0.728483
0.12 0.239065 0.524897 0.00249931 1.06469e-05 0.0101386 427.115 182503 0.707656
0.13 0.239337 0.536143 0.00261788 1.14258e-05 0.010535 427.001 182408 0.733208
0.14 0.238952 0.515303 0.0026928 1.19658e-05 0.0108625 427.293 182656 0.718261
0.15 0.239148 0.534472 0.00285816 1.31501e-05 0.0114764 427.491 182827 0.726067
0.16 0.239141 0.53147 0.00294844 1.38114e-05 0.0117922 427.381 182733 0.742929
0.17 0.239252 0.537427 0.00308602 1.49575e-05 0.0125199 427.495 182830 0.737727
0.18 0.239084 0.529494 0.00321484 1.60402e-05 0.0131442 427.667 182977 0.72243
0.19 0.239431 0.537961 0.00334219 1.71284e-05 0.0137277 427.638 182953 0.738305
0.2 0.23934 0.528711 0.00343715 1.78159e-05 0.0138284 427.693 182999 0.731301
0.21 0.23925 0.533792 0.00362196 1.945e-05 0.0145876 428.046 183302 0.736441
0.22 0.239189 0.539209 0.00371649 2.03996e-05 0.0151771 428.047 183305 0.750059
0.23 0.239317 0.531075 0.00393177 2.24805e-05 0.016178 428.176 183414 0.738196
0.24 0.239456 0.536841 0.00405391 2.35281e-05 0.0163444 428.139 183383 0.747955
0.25 0.239601 0.535431 0.00426771 2.5677e-05 0.0171962 428.339 183553 0.734101
0.26 0.239415 0.529524 0.00438099 2.6924e-05 0.0178122 428.464 183660 0.733629
0.27 0.239585 0.529233 0.00457561 2.91355e-05 0.0188912 428.488 183681 0.736685
0.28 0.239743 0.525214 0.00472431 3.07132e-05 0.0193401 428.619 183794 0.745006
0.29 0.239673 0.536545 0.00495634 3.32648e-05 0.0200436 428.75 183907 0.75297
0.3 0.239741 0.544198 0.00518941 3.62844e-05 0.0215526 428.977 184102 0.754979
0.31 0.239907 0.529626 0.00538012 3.8471e-05 0.0219462 429.092 184199 0.73627
0.32 0.239739 0.530661 0.00566259 4.22009e-05 0.0233534 429.325 184400 0.743592
0.33 0.239718 0.542321 0.00587352 4.50513e-05 0.0243142 429.641 184671 0.740129
0.34 0.239686 0.537361 0.00610564 4.80476e-05 0.0248112 429.775 184789 0.767416
0.35 0.239803 0.540555 0.00636241 5.16781e-05 0.0257997 429.855 184857 0.751751
0.36 0.239867 0.532668 0.00660208 5.52855e-05 0.0269522 430.012 184993 0.761305
0.37 0.239981 0.536477 0.00691997 6.03079e-05 0.0286201 430.16 185118 0.746175
0.38 0.239825 0.534522 0.00714488 6.36199e-05 0.0289626 430.428 185349 0.753234
0.39 0.239959 0.540538 0.00744444 6.87747e-05 0.0307698 430.622 185519 0.781907
0.4 0.239907 0.540048 0.00777023 7.42641e-05 0.0319973 430.841 185708 0.778194
0.41 0.240105 0.539422 0.00806363 7.91198e-05 0.0324811 430.816 185686 0.776772
0.42 0.239903 0.527781 0.00843212 8.6103e-05 0.0345654 431.239 186051 0.77624
0.43 0.240114 0.540752 0.00877309 9.25597e-05 0.0359254 431.23 186043 0.773137
0.44 0.240016 0.539268 0.00914497 9.99542e-05 0.03761 431.793 186529 0.777999
0.45 0.239871 0.530096 0.00958776 0.000109016 0.0393784 432.081 186778 0.778828
0.46 0.240126 0.543257 0.0099697 0.000117095 0.0407803 432.227 186905 0.792936
0.47 0.240016 0.528585 0.0103939 0.000126687 0.0429773 432.596 187223 0.780961
0.48 0.240203 0.539772 0.0107453 0.000134796 0.044547 432.648 187269 0.780483
0.49 0.240186 0.535786 0.0112424 0.000146296 0.0458577 433.116 187675 0.78831
0.5 0.240139 0.532045 0.0116942 0.000157615 0.048063 433.335 187867 0.802616
0.51 0.23987 0.543526 0.0122783 0.000172573 0.0502658 434.107 188536 0.801419
0.52 0.239964 0.525719 0.0126549 0.000182943 0.0525261 434.179 188597 0.795383
0.53 0.240014 0.536285 0.0132593 0.000199957 0.0556384 434.541 188913 0.79893
0.54 0.240013 0.540904 0.0138066 0.000215505 0.0573295 434.952 189272 0.816531
0.55 0.239924 0.542652 0.0144369 0.000234386 0.0598168 435.345 189614 0.815073
0.56 0.239992 0.523164 0.0150023 0.000252943 0.0642196 435.715 189936 0.812529
0.57 0.239762 0.54436 0.0158036 0.000277831 0.0646855 436.444 190574 0.833181
0.58 0.239641 0.548604 0.016288 0.000294663 0.0676531 436.8 190885 0.830612
0.59 0.23968 0.547416 0.0170365 0.000321327 0.071616 437.231 191262 0.829217
0.6 0.239427 0.529097 0.0178566 0.000351464 0.0751232 437.913 191860 0.83713
0.61 0.239477 0.55136 0.018497 0.000375629 0.0771576 438.263 192168 0.854188
0.62 0.239266 0.53771 0.019404 0.000412231 0.0822901 438.914 192739 0.850472
0.63 0.239104 0.552537 0.0201305 0.000442058 0.0848392 439.59 193333 0.851826
0.64 0.239132 0.536412 0.0210161 0.000479608 0.0873984 439.939 193641 0.860814
0.65 0.238756 0.543732 0.0220799 0.000528571 0.0945726 440.954 194538 0.888487
0.66 0.238778 0.539955 0.0228289 0.000563289 0.0970675 441.377 194911 0.880885
0.67 0.238406 0.542977 0.0239467 0.000617777 0.102143 442.188 195627 0.876882
0.68 0.238155 0.552915 0.0250425 0.000673971 0.107925 442.981 196333 0.908021
0.69 0.237816 0.54576 0.0261192 0.000731568 0.113716 443.806 197064 0.898398
0.7 0.237821 0.555977 0.0271897 0.000790722 0.118526 444.304 197508 0.91822
0.71 0.237455 0.56619 0.0282712 0.000853524 0.125026 445.18 198289 0.932592
0.72 0.23727 0.562361 0.029617 0.000932819 0.128221 445.999 199020 0.94014
0.73 0.236919 0.567906 0.0311347 0.00102821 0.135555 447.097 200002 0.947948
0.74 0.236558 0.574558 0.0323931 0.00111153 0.143363 448.153 200950 0.969481
0.75 0.236103 0.548991 0.0338001 0.0012065 0.14757 449.028 201733 0.953334
0.76 0.23545 0.566708 0.0353673 0.00131948 0.158131 450.206 202795 0.972143
0.77 0.235066 0.553112 0.0370113 0.00144031 0.162365 451.447 203916 0.993083
0.78 0.234626 0.574514 0.0385609 0.00156008 0.168509 452.479 204851 1.00095
0.79 0.233952 0.579036 0.0406428 0.00173205 0.184806 453.893 206136 1.03063
0.8 0.233754 0.574499 0.0422333 0.0018673 0.192721 454.756 206920 1.02868
0.81 0.23294 0.587851 0.0441823 0.00204102 0.20494 456.295 208325 1.05052
0.82 0.23225 0.596906 0.0461127 0.0022168 0.208322 457.565 209487 1.05964
0.83 0.23161 0.584372 0.0483566 0.00243786 0.229238 459.231 211019 1.09868
0.84 0.230778 0.606771 0.050599 0.00266265 0.235908 460.759 212426 1.10643
0.85 0.229837 0.611604 0.053086 0.00292618 0.248962 462.538 214072 1.12257
0.86 0.228852 0.624133 0.055612 0.00320545 0.259797 464.368 215770 1.13906
0.87 0.227683 0.637034 0.0583663 0.00352586 0.274718 466.183 217464 1.17723
0.88 0.226479 0.659463 0.0615661 0.0039214 0.301851 468.524 219657 1.21313
0.89 0.22532 0.668524 0.0645209 0.00429796 0.311068 470.59 221600 1.23789
0.9 0.224064 0.6882 0.0677734 0.00474077 0.339938 472.703 223601 1.29325
0.91 0.222266 0.692648 0.0716146 0.00528762 0.36627 475.82 226561 1.30898
0.92 0.220529 0.72326 0.0753919 0.00585031 0.38332 478.484 229106 1.33259
0.93 0.219333 0.728319 0.0788348 0.00639732 0.420223 480.587 231130 1.3848
0.94 0.217456 0.772318 0.0828292 0.00704479 0.4242 483.361 233805 1.38813
0.95 0.21511 0.796056 0.0878571 0.0079289 0.483897 487.051 237407 1.55045
0.96 0.212817 0.819132 0.0928239 0.00883996 0.515386 490.577 240858 1.56221
0.97 0.210322 0.868312 0.0979504 0.0098361 0.557146 494.3 244532 1.61126
0.98 0.207632 0.915377 0.103506 0.010979 0.611694 497.979 248193 1.68769
0.99 0.204424 0.984607 0.110895 0.0125994 0.695133 503.168 253410 1.84868
1 0.201268 1.03335 0.1164 0.0138672 0.733003 507.047 257333 1.86151
1.01 0.196912 1.15793 0.125171 0.0160295 0.833539 513.365 263801 2.00678
1.02 0.192231 1.23002 0.134404 0.0184659 0.924768 519.865 270536 2.12346
1.03 0.187261 1.34573 0.144101 0.0212204 1.04876 526.573 277583 2.313
1.04 0.180895 1.55697 0.156374 0.0249863 1.22903 535.16 286733 2.51392
1.05 0.174287 1.90542 0.168569 0.0290959 1.56757 543.659 295984 3.08266
1.06 0.163178 2.42504 0.188995 0.0365942 2.01641 558.344 312255 3.63197
1.07 -0.313722 3.19901 0.892607 0.797025 0.642819 969.433 939862 0.251385
1.08 -0.328203 3.0066 0.898677 0.807874 0.584422 971.2 943285 0.232741
1.09 -0.342684 2.93266 0.904462 0.818285 0.539617 972.897 946583 0.222137
1.1 -0.355822 2.85622 0.909069 0.826624 0.50261 974.126 948973 0.212816
1.11 -0.369869 2.69341 0.914123 0.835818 0.452843 975.629 951901 0.199132
1.12 -0.383096 2.62835 0.918367 0.84358 0.420499 976.79 954166 0.192149
1.13 -0.396573 2.61545 0.92277 0.851675 0.393731 978.033 956593 0.185485
1.14 -0.409254 2.55444 0.926206 0.858022 0.381694 978.872 958236 0.183832
1.15 -0.422411 2.42588 0.930123 0.865279 0.348571 979.983 960409 0.178225
1.16 -0.435111 2.39181 0.933456 0.871484 0.330351 980.859 962126 0.170465
1.17 -0.447734 2.37691 0.936675 0.877494 0.306247 981.663 963704 0.165715
1.18 -0.460004 2.30103 0.939559 0.882896 0.284902 982.375 965100 0.160858
1.19 -0.472345 2.32187 0.942219 0.887899 0.282664 983.097 966520 0.163489
1.2 -0.484596 2.24045 0.94497 0.89308 0.257851 983.772 967846 0.156182
1.21 -0.496648 2.18135 0.947363 0.897604 0.244865 984.397 969075 0.153602
1.22 -0.508389 2.14238 0.949562 0.901769 0.231309 984.826 969920 0.150508
1.23 -0.520827 2.12359 0.952177 0.906736 0.216883 985.483 971212 0.14783
1.24 -0.53254 2.07756 0.954144 0.910482 0.209086 986.004 972241 0.147336
1.25 -0.543935 2.05168 0.955985 0.913993 0.196397 986.373 972967 0.145825
1.26 -0.555725 1.99003 0.958015 0.917873 0.185559 986.924 974054 0.143353
1.27 -0.568045 1.97701 0.960035 0.921745 0.179113 987.528 975247 0.140624
1.28 -0.579179 1.97113 0.961567 0.924685 0.171387 987.801 975787 0.141305
1.29 -0.590635 1.92835 0.963257 0.927934 0.162441 988.176 976528 0.141243
1.3 -0.602272 1.86926 0.964966 0.931226 0.151975 988.584 977332 0.136399
1.31 -0.613652 1.90261 0.966262 0.933726 0.146792 988.922 978001 0.13816
1.32 -0.624929 1.85258 0.967755 0.936611 0.140348 989.284 978718 0.137736
1.33 -0.636314 1.8238 0.969112 0.939237 0.133971 989.557 979256 0.133883
1.34 -0.64764 1.8065 0.970561 0.942043 0.127174 989.932 979998 0.132882
1.35 -0.658865 1.78579 0.971771 0.94439 0.119211 990.142 980414 0.134812
1.36 -0.669982 1.75376 0.972881 0.946548 0.116323 990.402 980928 0.132691
1.37 -0.681084 1.7867 0.974006 0.948736 0.112144 990.674 981467 0.131906
1.38 -0.69254 1.68606 0.975197 0.951054 0.104425 990.965 982043 0.128972
1.39 -0.703501 1.69579 0.976138 0.95289 0.100225 991.118 982346 0.128622
1.4 -0.714508 1.69525 0.97717 0.954904 0.0971004 991.421 982947 0.126818
1.41 -0.725501 1.65866 0.978158 0.956834 0.0935137 991.677 983455 0.127877
1.42 -0.736313 1.63468 0.979 0.95848 0.0887104 991.889 983875 0.126237
1.43 -0.747226 1.64176 0.979832 0.960106 0.0841654 991.996 984087 0.126156
1.44 -0.758161 1.61167 0.980709 0.961827 0.0821976 992.256 984602 0.126516
1.45 -0.768897 1.56905 0.9815 0.963376 0.0770635 992.394 984876 0.126027
1.46 -0.779938 1.57522 0.982232 0.964813 0.0737798 992.55 985187 0.125031
1.47 -0.790496 1.58406 0.982902 0.966127 0.0704895 992.701 985486 0.123513
1.48 -0.801269 1.57864 0.98363 0.967559 0.0700073 992.81 985703 0.125317
1.49 -0.812276 1.51856 0.984328 0.968929 0.0651573 993.028 986136 0.121792
1.5 -0.823109 1.51273 0.984991 0.970234 0.0617149 993.127 986333 0.124869
1.51 -0.833639 1.48416 0.985647 0.971526 0.0586663 993.341 986756 0.12204
1.52 -0.84409 1.48117 0.986087 0.972392 0.0565223 993.35 986774 0.124147
1.53 -0.854899 1.47904 0.986703 0.973605 0.0538557 993.519 987111 0.122696
1.54 -0.865095 1.50553 0.987153 0.974493 0.0521272 993.532 987137 0.121057
1.55 -0.876047 1.43609 0.987735 0.975642 0.0508213 993.793 987655 0.122049
1.56 -0.886627 1.48852 0.988226 0.976612 0.0495803 993.864 987796 0.12196
1.57 -0.897103 1.44561 0.988721 0.97759 0.0467208 993.899 987865 0.121958
1.58 -0.90776 1.44357 0.989172 0.978481 0.0443092 994.097 988258 0.11953
1.59 -0.918193 1.44604 0.989619 0.979364 0.0426322 994.155 988374 0.120133
1.6 -0.928881 1.41848 0.990082 0.980279 0.0403331 994.227 988517 0.119734
1.61 -0.939507 1.39007 0.990437 0.980983 0.0390342 994.259 988581 0.118087
1.62 -0.949789 1.39945 0.990848 0.981796 0.0377115 994.384 988830 0.120383
1.63 -0.960263 1.40697 0.991141 0.982376 0.036157 994.421 988903 0.117573
1.64 -0.970731 1.37093 0.991514 0.983114 0.0342454 994.543 989145 0.12123
1.65 -0.980931 1.3651 0.991884 0.983848 0.0332916 994.562 989184 0.120749
1.66 -0.991404 1.36933 0.992201 0.984476 0.0323822 994.646 989350 0.119068
1.67 -1.00184 1.34421 0.992478 0.985026 0.030334 994.75 989558 0.11919
1.68 -1.01237 1.36609 0.992775 0.985616 0.0295913 994.848 989753 0.121716
1.69 -1.02298 1.34845 0.99311 0.98628 0.0280713 994.901 989858 0.118029
1.7 -1.03328 1.33705 0.993412 0.986879 0.0270761 994.878 989812 0.118111
1.71 -1.04349 1.31264 0.993621 0.987294 0.0258393 995.005 990065 0.118153
1.72 -1.05363 1.29679 0.993877 0.987802 0.0245825 995.026 990106 0.115077
1.73 -1.06427 1.32552 0.994163 0.98837 0.0240468 995.15 990354 0.117757
1.74 -1.07428 1.31233 0.994343 0.988727 0.0229948 995.059 990172 0.118722
1.75 -1.08483 1.28712 0.994618 0.989274 0.0217846 995.283 990617 0.117758
1.76 -1.09488 1.27061 0.994753 0.989542 0.0210024 995.221 990495 0.117177
1.77 -1.10533 1.27697 0.994992 0.990018 0.0200677 995.223 990499 0.118216
1.78 -1.11571 1.27117 0.995186 0.990403 0.0195447 995.335 990722 0.117098
1.79 -1.12615 1.262 0.995408 0.990845 0.0182588 995.471 990992 0.119377
1.8 -1.13602 1.25695 0.995565 0.991158 0.0178544 995.451 990952 0.115895
1.81 -1.14641 1.24247 0.995741 0.991508 0.0172277 995.369 990789 0.117585
1.82 -1.15673 1.22586 0.995943 0.991909 0.0164175 995.494 991036 0.11573
1.83 -1.1669 1.23991 0.996066 0.992154 0.0161102 995.527 991103 0.11791
1.84 -1.17706 1.22027 0.996242 0.992504 0.0150438 995.595 991238 0.115093
1.85 -1.18738 1.21872 0.996391 0.992801 0.0146033 995.556 991160 0.117259
1.86 -1.19747 1.23936 0.996509 0.993037 0.0141298 995.663 991374 0.117029
1.87 -1.20788 1.21916 0.996667 0.993351 0.0131403 995.634 991315 0.11686
1.88 -1.21781 1.21162 0.996796 0.993607 0.012824 995.64 991328 0.116335
1.89 -1.22791 1.21909 0.996906 0.993827 0.0125171 995.68 991409 0.117361
1.9 -1.23832 1.20404 0.997049 0.994112 0.0118832 995.709 991464 0.115248
1.91 -1.24868 1.21488 0.997156 0.994324 0.0115281 995.779 991605 0.117755
1.92 -1.25865 1.21093 0.997267 0.994546 0.0111643 995.754 991554 0.115061
1.93 -1.26867 1.20335 0.997379 0.99477 0.0103841 995.767 991581 0.117101
1.94 -1.27909 1.17601 0.997482 0.994975 0.00999316 995.831 991708 0.115601
1.95 -1.28919 1.19051 0.997573 0.995156 0.00988268 995.788 991624 0.118737
1.96 -1.29933 1.17858 0.997677 0.995364 0.009482 995.814 991673 0.115861
1.97 -1.3094 1.17071 0.997771 0.99555 0.00886395 995.843 991733 0.118059
1.98 -1.31982 1.15902 0.997882 0.995773 0.00853622 995.974 991993 0.115869
1.99 -1.32987 1.18066 0.997944 0.995896 0.00808938 995.947 991939 0.11574
2 -1.33983 1.18247 0.998019 0.996045 0.00793371 995.96 991966 0.115199
2.01 -1.35011 1.16308 0.998111 0.996228 0.0075789 995.97 991985 0.114392
2.02 -1.36004 1.16564 0.998167 0.996341 0.00740461 995.879 991803 0.11492
2.03 -1.37045 1.14899 0.998266 0.996538 0.00686874 996.015 992074 0.115261
2.04 -1.38034 1.16725 0.998302 0.99661 0.00691294 995.979 992002 0.114631
2.05 -1.39033 1.14382 0.998395 0.996795 0.00639375 995.938 991922 0.117198
2.06 -1.40052 1.13985 0.998447 0.9969 0.00611296 996.008 992060 0.112714
2.07 -1.41066 1.14942 0.998518 0.99704 0.00593257 995.96 991965 0.114527
2.08 -1.42092 1.15248 0.998572 0.997149 0.00563696 996.056 992157 0.11631
2.09 -1.43087 1.12876 0.998627 0.997258 0.00545192 996.102 992248 0.117274
2.1 -1.44096 1.13485 0.998677 0.997357 0.00530138 996.032 992109 0.115438
2.11 -1.45119 1.12181 0.99873 0.997464 0.00510646 995.998 992041 0.116184
2.12 -1.46099 1.13474 0.998777 0.997558 0.00499861 996.084 992211 0.115464
2.13 -1.47158 1.13969 0.998838 0.99768 0.00460258 996.085 992213 0.115714
2.14 -1.48142 1.14134 0.998887 0.997777 0.00449091 996.128 992300 0.115239
2.15 -1.49143 1.14722 0.99892 0.997843 0.00426686 996.182 992407 0.115022
2.16 -1.50159 1.15159 0.998963 0.99793 0.00418244 996.16 992364 0.114722
2.17 -1.51151 1.10747 0.998993 0.997989 0.00404167 996.124 992292 0.116359
2.18 -1.52174 1.11784 0.999035 0.998073 0.0038729 996.166 992374 0.114986
2.19 -1.53201 1.08807 0.999087 0.998177 0.00366967 996.237 992516 0.114849
2.2 -1.54181 1.1101 0.999129 0.99826 0.00355415 996.153 992350 0.117147
2.21 -1.55183 1.11547 0.999132 0.998267 0.00346667 996.147 992337 0.112993
2.22 -1.5619 1.10844 0.999189 0.998381 0.00327019 996.131 992306 0.11521
2.23 -1.57186 1.11091 0.999224 0.998451 0.00304628 996.164 992371 0.115155
2.24 -1.58208 1.10745 0.999242 0.998486 0.00301579 996.223 992489 0.114743
2.25 -1.592 1.10515 0.999286 0.998573 0.00287686 996.239 992521 0.114535
2.26 -1.60213 1.10929 0.999288 0.998578 0.00289741 996.201 992444 0.11422
2.27 -1.61219 1.10281 0.999331 0.998663 0.0026541 996.212 992466 0.113664
2.28 -1.62217 1.09824 0.999357 0.998716 0.00258786 996.232 992507 0.114957
2.29 -1.63221 1.0859 0.999391 0.998784 0.00242854 996.219 992481 0.115118
2.3 -1.64234 1.09809 0.999404 0.998809 0.00239866 996.193 992429 0.115752
2.31 -1.65238 1.08949 0.999427 0.998856 0.00227615 996.227 992497 0.117798
2.32 -1.66237 1.10341 0.999448 0.998897 0.00225539 996.235 992513 0.113953
2.33 -1.67243 1.10779 0.999475 0.99895 0.00208773 996.244 992530 0.115375
2.34 -1.6825 1.09535 0.999496 0.998994 0.00201473 996.266 992574 0.115335
2.35 -1.69263 1.12271 0.999514 0.999028 0.00190046 996.254 992551 0.114966
2.36 -1.70273 1.09591 0.999535 0.999071 0.00183562 996.255 992552 0.116094
2.37 -1.71256 1.1026 0.999553 0.999107 0.0018017 996.163 992369 0.113702
2.38 -1.72264 1.09338 0.999577 0.999154 0.00172352 996.255 992553 0.114336
2.39 -1.73274 1.06399 0.999606 0.999212 0.00158736 996.251 992546 0.115521
2.4 -1.7427 1.09382 0.999611 0.999223 0.00157138 996.216 992474 0.115128
2.41 -1.75276 1.09939 0.999621 0.999244 0.00152453 996.272 992587 0.116967
2.42 -1.7626 1.08516 0.999643 0.999286 0.00144358 996.255 992551 0.114158
2.43 -1.7727 1.09527 0.99964 0.999281 0.00143957 996.271 992584 0.115497
2.44 -1.78281 1.09779 0.999665 0.999331 0.00132402 996.253 992549 0.114096
2.45 -1.79293 1.0759 0.999672 0.999346 0.00130667 996.225 992493 0.116423
2.46 -1.80291 1.07332 0.999681 0.999363 0.00124464 996.262 992565 0.11239
2.47 -1.81306 1.0771 0.999698 0.999396 0.00122192 996.326 992693 0.113664
2.48 -1.82286 1.0698 0.999708 0.999416 0.00117737 996.283 992610 0.116399
2.49 -1.83287 1.07911 0.99972 0.99944 0.00110869 996.191 992424 0.11437
2.5 -1.84303 1.07596 0.999731 0.999462 0.00107578 996.285 992612 0.115145
2.51 -1.85303 1.07496 0.999754 0.999509 0.000997814 996.305 992652 0.113755
2.52 -1.86288 1.0746 0.999753 0.999506 0.000977435 996.318 992678 0.112889
2.53 -1.87303 1.06441 0.999762 0.999525 0.000941882 996.312 992666 0.115254
2.54 -1.88299 1.07676 0.999771 0.999542 0.000913978 996.265 992572 0.114858
2.55 -1.89294 1.07735 0.999777 0.999554 0.000921443 996.279 992601 0.11499
2.56 -1.90313 1.09831 0.999787 0.999574 0.000843287 996.297 992636 0.113809
2.57 -1.9132 1.07467 0.999804 0.999608 0.000786864 996.31 992664 0.117104
2.58 -1.92313 1.05976 0.999809 0.999618 0.000753861 996.286 992614 0.116495
2.59 -1.93321 1.05816 0.999814 0.999629 0.000747303 996.332 992705 0.114547
2.6 -1.94308 1.08896 0.999816 0.999632 0.000746677 996.318 992680 0.117006
2.61 -1.95333 1.06791 0.999827 0.999654 0.00069736 996.256 992554 0.114576
2.62 -1.96311 1.0726 0.999836 0.999672 0.000659512 996.258 992560 0.118184
2.63 -1.97321 1.0816 0.999843 0.999686 0.000632707 996.275 992592 0.116775
2.64 -1.98304 1.08139 0.999846 0.999693 0.000619792 996.306 992654 0.114917
2.65 -1.99329 1.05468 0.999855 0.999711 0.000577392 996.344 992729 0.1139
2.66 -2.00312 1.07371 0.999857 0.999715 0.000567775 996.266 992573 0.11387
2.67 -2.01317 1.07244 0.999859 0.999719 0.000570813 996.225 992492 0.116043
2.68 -2.0233 1.08621 0.999867 0.999734 0.000527709 996.311 992664 0.113336
2.69 -2.03327 1.0714 0.999871 0.999743 0.000520498 996.34 992722 0.113539
2.7 -2.04324 1.07357 0.999878 0.999756 0.000489687 996.244 992530 0.115218
2.71 -2.05325 1.05465 0.999885 0.999769 0.000454406 996.34 992723 0.115518
2.72 -2.06331 1.07418 0.999891 0.999782 0.000436023 996.332 992706 0.115435
2.73 -2.07348 1.0787 0.999895 0.999791 0.000414333 996.298 992638 0.115228
2.74 -2.08336 1.05202 0.999893 0.999787 0.000434151 996.369 992780 0.113656
2.75 -2.0934 1.05745 0.999907 0.999814 0.000369632 996.366 992774 0.113898
2.76 -2.10329 1.09554 0.999907 0.999813 0.000377122 996.303 992648 0.114199
2.77 -2.11329 1.07284 0.999911 0.999822 0.000360891 996.229 992500 0.11531
2.78 -2.12338 1.0492 0.999911 0.999822 0.000352246 996.307 992657 0.115869
2.79 -2.1334 1.05295 0.999919 0.999839 0.000324883 996.354 992749 0.113884
2.8 -2.14334 1.06261 0.999919 0.999838 0.000326522 996.279 992600 0.112553
2.81 -2.1535 1.06379 0.999923 0.999846 0.000305754 996.315 992672 0.114514
2.82 -2.16333 1.07379 0.999925 0.999851 0.000294104 996.259 992561 0.113461
2.83 -2.1734 1.06518 0.99993 0.999859 0.000284386 996.348 992738 0.113886
2.84 -2.18337 1.07105 0.999934 0.999869 0.000264704 996.302 992647 0.116553
2.85 -2.1935 1.05808 0.999937 0.999875 0.000253772 996.304 992651 0.115225
2.86 -2.20334 1.06057 0.999939 0.999878 0.000241718 996.352 992746 0.114431
2.87 -2.2133 1.06381 0.999938 0.999876 0.000251566 996.273 992588 0.114985
2.88 -2.22332 1.0707 0.999943 0.999885 0.000233364 996.27 992583 0.115826
2.89 -2.23352 1.06227 0.999943 0.999887 0.000228361 996.314 992671 0.115632
2.9 -2.24344 1.06178 0.99995 0.9999 0.000200123 996.276 992594 0.113802
2.91 -2.25335 1.06625 0.999949 0.999897 0.000208826 996.337 992715 0.113723
2.92 -2.26335 1.06515 0.99995 0.9999 0.000197712 996.371 992783 0.113518
2.93 -2.27338 1.04692 0.99995 0.9999 0.000201839 996.357 992757 0.115022
2.94 -2.28354 1.05696 0.999954 0.999908 0.000186132 996.314 992670 0.113422
2.95 -2.29335 1.07296 0.999953 0.999907 0.000185984 996.289 992620 0.113711
2.96 -2.3034 1.05447 0.999956 0.999912 0.000175086 996.298 992637 0.114011
2.97 -2.31367 1.07874 0.999961 0.999922 0.000153429 996.34 992721 0.113271
2.98 -2.32353 1.06068 0.999959 0.999918 0.000163824 996.342 992727 0.115655
2.99 -2.33358 1.06128 0.999964 0.999929 0.000140832 996.289 992621 0.115385
