1 0.485226 0.325323 0.0962029 0.0094474 0.110826 438.1 192218 0.653765
0.99 0.482784 0.323656 0.0949878 0.00921152 0.109867 437.478 191671 0.653868
0.98 0.478941 0.317368 0.0941146 0.00905064 0.113485 437.196 191429 0.673945
0.97 0.476023 0.318379 0.0925582 0.00875517 0.111728 435.979 190363 0.675983
0.96 0.472594 0.316778 0.0914466 0.008547 0.110708 435.551 189985 0.670064
0.95 0.470042 0.313587 0.0902786 0.00833575 0.112482 434.784 189324 0.695681
0.94 0.466537 0.315782 0.0894331 0.00817655 0.109238 434.872 189388 0.671081
0.93 0.46351 0.313081 0.0883076 0.00797745 0.110996 434.16 188769 0.679523
0.92 0.459657 0.321667 0.0868607 0.00772085 0.110234 433.255 187985 0.688888
0.91 0.457112 0.310646 0.0856891 0.00751788 0.110937 432.284 187144 0.699261
0.9 0.453506 0.313761 0.0847872 0.00735866 0.10867 432.252 187110 0.688808
0.89 0.450349 0.309554 0.0838556 0.00719617 0.106398 432.046 186930 0.691001
0.88 0.447352 0.314235 0.0826556 0.00699651 0.10771 431.318 186292 0.675197
0.87 0.444819 0.309713 0.0814794 0.00680336 0.108889 430.506 185595 0.693059
0.86 0.441107 0.312322 0.0804995 0.00664197 0.108374 430.278 185392 0.684495
0.85 0.438644 0.30785 0.0794463 0.00647263 0.10905 429.737 184932 0.705983
0.84 0.435491 0.312947 0.0784692 0.00631577 0.108587 429.412 184649 0.704106
0.83 0.432526 0.305866 0.0775377 0.0061675 0.10785 429.113 184388 0.702286
0.82 0.429199 0.300786 0.0761903 0.00595815 0.10761 428.151 183567 0.722287
0.81 0.4264 0.304475 0.0749336 0.00576695 0.108025 427.42 182943 0.7371
0.8 0.423092 0.300496 0.0741657 0.00564827 0.106358 427.586 183074 0.713399
0.79 0.420227 0.300876 0.0729936 0.00547556 0.107545 426.783 182391 0.735671
0.78 0.417072 0.298503 0.0719935 0.00532727 0.106492 426.441 182091 0.719458
0.77 0.414449 0.298565 0.071121 0.00520134 0.10708 426.157 181851 0.735652
0.76 0.410865 0.297884 0.0699597 0.00503425 0.106017 425.657 181419 0.725888
0.75 0.408194 0.299096 0.0690771 0.0049108 0.106873 425.512 181293 0.729209
0.74 0.405229 0.299899 0.068095 0.00477202 0.105156 425.151 180977 0.71036
0.73 0.402239 0.298421 0.0670625 0.00463036 0.104927 424.888 180760 0.742849
0.72 0.399484 0.292617 0.0661124 0.00450424 0.106708 424.23 180196 0.738458
0.71 0.396439 0.293332 0.0651643 0.00437775 0.106566 424.156 180132 0.741587
0.7 0.393296 0.295189 0.0639236 0.00421207 0.103551 423.47 179540 0.71911
0.69 0.39043 0.295886 0.0631997 0.00412002 0.105024 423.548 179616 0.763433
0.68 0.387518 0.296082 0.0622596 0.00400055 0.105281 423.392 179477 0.750671
0.67 0.384811 0.295664 0.0614264 0.00389447 0.104258 422.931 179084 0.753016
0.66 0.381373 0.292488 0.0604072 0.00376791 0.103751 422.918 179068 0.74869
0.65 0.3787 0.29776 0.0594681 0.00365429 0.104424 422.607 178806 0.759804
0.64 0.375877 0.301571 0.0586592 0.00355802 0.105402 422.487 178702 0.766463
0.63 0.372916 0.291821 0.0576003 0.00343035 0.102908 422.109 178378 0.759949
0.62 0.3698 0.297188 0.0568879 0.00334721 0.103097 422.121 178385 0.760722
0.61 0.366528 0.291159 0.0562039 0.00326854 0.10355 422.455 178665 0.76552
0.6 0.364168 0.296723 0.0551714 0.00315392 0.105626 421.963 178248 0.771228
0.59 0.360925 0.292189 0.0542109 0.00304443 0.103097 421.709 178033 0.781097
0.58 0.358286 0.299202 0.0537238 0.00299128 0.104314 422.196 178438 0.771108
0.57 0.355087 0.29698 0.0527599 0.00288771 0.105199 421.777 178082 0.774053
0.56 0.351802 0.297415 0.0521049 0.00281569 0.103657 422.252 178478 0.766041
0.55 0.349024 0.29608 0.0513242 0.00273505 0.10564 422.345 178554 0.768534
0.54 0.345971 0.305033 0.0504817 0.00264653 0.104674 422.193 178426 0.784521
0.53 0.342885 0.304729 0.0496823 0.00256632 0.106497 422.615 178782 0.794226
0.52 0.339682 0.307711 0.0492118 0.00251752 0.106028 422.853 178979 0.792871
0.51 0.33682 0.315494 0.0484562 0.00244264 0.106891 423.095 179181 0.793859
0.5 0.333764 0.305086 0.0476872 0.002367 0.107057 423.097 179180 0.798232
0.49 0.330485 0.309965 0.0469277 0.00229158 0.105056 423.439 179465 0.793948
0.48 0.327578 0.318556 0.0464541 0.00224678 0.106561 423.883 179838 0.792482
0.47 0.32425 0.321168 0.0458502 0.00219138 0.109247 424.427 180301 0.816821
0.46 0.320919 0.331673 0.0452751 0.00213623 0.10819 424.893 180694 0.817023
0.45 0.31781 0.332002 0.0446484 0.00208051 0.111402 425.106 180875 0.834645
0.44 0.314158 0.339993 0.0442168 0.00203929 0.11018 426.145 181751 0.806246
0.43 0.310761 0.338597 0.0436248 0.00198684 0.112139 426.748 182266 0.826579
0.42 0.307488 0.344992 0.0429607 0.00192843 0.113567 427.148 182603 0.826364
0.41 0.304161 0.356878 0.0426082 0.00189675 0.114213 427.953 183291 0.841293
0.4 0.300467 0.358765 0.0420357 0.00184697 0.115159 428.448 183711 0.833396
0.39 0.296676 0.365236 0.0418066 0.00182781 0.118188 429.851 184916 0.86035
0.38 0.29289 0.374299 0.0414046 0.00179403 0.120787 430.878 185796 0.855912
0.37 0.289233 0.386571 0.041076 0.00176722 0.124512 431.81 186599 0.874494
0.36 0.285434 0.39117 0.0408451 0.00174704 0.125953 432.927 187563 0.883412
0.35 0.281758 0.402471 0.0403823 0.00170792 0.127036 433.79 188308 0.883954
0.34 0.277392 0.40745 0.0404655 0.00171377 0.129293 435.737 189996 0.875935
0.33 0.273092 0.436719 0.0403362 0.00170563 0.137234 437.24 191312 0.924381
0.32 0.268832 0.445167 0.0401068 0.00168679 0.140819 438.68 192569 0.917477
0.31 0.264398 0.452442 0.0400459 0.00168039 0.142545 440.272 193965 0.925408
0.3 0.259657 0.47323 0.0401466 0.00168997 0.150184 442.417 195856 0.930125
0.29 0.255014 0.493515 0.0404061 0.0017081 0.149852 444.436 197642 0.926979
0.28 0.249931 0.510197 0.0406069 0.0017275 0.161643 446.661 199624 0.947138
0.27 0.244711 0.534425 0.0410203 0.00176168 0.168557 449.141 201849 0.996042
0.26 0.239243 0.569946 0.0416156 0.00181258 0.178816 452.024 204445 1.01499
0.25 0.233633 0.586857 0.0422123 0.00186363 0.188345 454.81 206969 1.02829
0.24 0.227646 0.616552 0.0431805 0.00195065 0.206622 458.294 210150 1.06529
0.23 0.221294 0.65648 0.0442423 0.00204516 0.219842 461.862 213432 1.07951
0.22 0.214497 0.693129 0.0460078 0.00221058 0.245743 466.222 217478 1.12574
0.21 0.2073 0.734211 0.0478127 0.00238289 0.26562 470.693 221668 1.17638
0.2 0.199792 0.776288 0.0501137 0.00261556 0.300015 475.847 226545 1.20918
0.19 0.191817 0.842637 0.0527927 0.00289926 0.340107 481.423 231886 1.29334
0.18 0.182743 0.900468 0.0571523 0.00338945 0.393819 488.852 239099 1.38495
0.17 0.17332 1.02367 0.0622074 0.0040129 0.485002 496.569 246713 1.55874
0.16 0.162617 1.144 0.0697676 0.0050355 0.604707 506.424 256603 1.69973
0.15 0.150472 1.3375 0.07997 0.0066169 0.851339 518.659 269164 2.02003
0.14 0.135763 1.60619 0.0980251 0.00991321 1.25195 536.123 287615 2.49592
0.13 -0.254094 1.60385 0.978625 0.957746 0.177997 1005.63 1.01131e+06 0.130001
0.12 -0.269677 1.48628 0.986611 0.973426 0.120397 1008.37 1.01683e+06 0.123734
0.11 -0.283543 1.33017 0.992078 0.984233 0.0751836 1010.53 1.02118e+06 0.118854
0.1 -0.296302 1.21413 0.99582 0.991664 0.0425694 1012.33 1.02483e+06 0.115674
0.09 -0.307891 1.12119 0.99801 0.996027 0.0222788 1013.88 1.02797e+06 0.114471
0.08 -0.318915 1.06114 0.999224 0.998451 0.00965623 1015.2 1.03063e+06 0.111291
0.07 -0.329395 1.04691 0.999776 0.999553 0.00323807 1016.41 1.0331e+06 0.111582
0.06 -0.339638 1.02182 0.999951 0.999902 0.000821734 1017.53 1.03537e+06 0.109421
0.05 -0.349795 1.02069 0.999995 0.99999 9.52235e-05 1018.62 1.03758e+06 0.112682
0.04 -0.359871 1.01373 1 1 4.33984e-06 1019.69 1.03977e+06 0.112374
0.03 -0.369938 1.00593 1 1 0 1020.75 1.04194e+06 0.110692
0.02 -0.379993 0.994526 1 1 0 1021.87 1.04422e+06 0.110618
0.01 -0.389998 1.00447 1 1 0 1022.91 1.04635e+06 0.112936
