3 -1.94832 1.0166 1 1 5.78674e-07 1279.67 1.63757e+06 0.112794
2.99 -1.93829 1.01268 1 1 0 1279.68 1.63759e+06 0.112775
2.98 -1.92835 1.05995 1 1 0 1279.74 1.63775e+06 0.114041
2.97 -1.91831 1.0183 1 1 5.78674e-07 1279.7 1.63765e+06 0.113902
2.96 -1.90827 1.04393 1 1 0 1279.7 1.63766e+06 0.113573
2.95 -1.89831 1.02466 1 1 5.78674e-07 1279.67 1.63758e+06 0.112952
2.94 -1.88837 1.02016 1 1 5.78674e-07 1279.71 1.63767e+06 0.113985
2.93 -1.8784 0.997511 1 1 5.78674e-07 1279.65 1.63753e+06 0.111792
2.92 -1.86837 1.00418 1 1 0 1279.62 1.63746e+06 0.113376
2.91 -1.85828 1.02841 1 1 1.15729e-06 1279.71 1.63769e+06 0.112779
2.9 -1.84835 1.00311 1 1 1.15729e-06 1279.65 1.63752e+06 0.113141
2.89 -1.83835 1.01801 1 1 0 1279.68 1.63761e+06 0.112422
2.88 -1.82833 1.01664 1 1 0 1279.66 1.63755e+06 0.112493
2.87 -1.8183 1.04187 1 1 5.78674e-07 1279.63 1.63746e+06 0.111614
2.86 -1.80842 1.03129 1 1 0 1279.67 1.63757e+06 0.111431
2.85 -1.79836 1.03139 1 1 0 1279.67 1.63759e+06 0.112917
2.84 -1.78821 1.02643 1 1 5.78674e-07 1279.65 1.63754e+06 0.11204
2.83 -1.77832 1.02552 1 0.999999 1.73585e-06 1279.73 1.63772e+06 0.110819
2.82 -1.76839 1.00982 1 1 1.15729e-06 1279.71 1.63769e+06 0.113761
2.81 -1.75844 1.02904 1 1 0 1279.67 1.63757e+06 0.112636
2.8 -1.74832 1.0241 1 1 5.78674e-07 1279.64 1.6375e+06 0.112078
2.79 -1.73819 1.02755 1 1 5.78674e-07 1279.66 1.63755e+06 0.11359
2.78 -1.72834 1.02267 1 1 5.78674e-07 1279.74 1.63775e+06 0.111694
2.77 -1.71834 1.02211 1 0.999999 2.31435e-06 1279.65 1.63751e+06 0.111459
2.76 -1.7084 0.999655 1 0.999999 2.31435e-06 1279.73 1.63773e+06 0.113736
2.75 -1.69837 1.01858 1 1 1.15729e-06 1279.71 1.63769e+06 0.110268
2.74 -1.68829 1.02708 1 1 0 1279.63 1.63747e+06 0.112275
2.73 -1.67842 1.0132 1 0.999999 2.8928e-06 1279.73 1.63773e+06 0.11151
2.72 -1.66825 1.03216 1 0.999999 2.31435e-06 1279.63 1.63746e+06 0.113063
2.71 -1.65828 1.02636 1 0.999999 2.31435e-06 1279.66 1.63754e+06 0.110908
2.7 -1.64829 1.01222 0.999999 0.999999 4.04951e-06 1279.6 1.6374e+06 0.113595
2.69 -1.6383 1.01756 0.999999 0.999999 4.04951e-06 1279.64 1.63749e+06 0.114324
2.68 -1.62832 1.02735 1 0.999999 2.31435e-06 1279.68 1.6376e+06 0.111864
2.67 -1.61828 1.02633 1 0.999999 1.73585e-06 1279.64 1.6375e+06 0.11169
2.66 -1.60821 1.01193 1 1 5.78674e-07 1279.68 1.6376e+06 0.113572
2.65 -1.59831 1.0175 1 1 1.15729e-06 1279.73 1.63774e+06 0.112897
2.64 -1.58822 1.01979 1 0.999999 2.31435e-06 1279.63 1.63748e+06 0.112196
2.63 -1.57839 1.02487 1 0.999999 2.8928e-06 1279.69 1.63763e+06 0.112162
2.62 -1.56831 1.02402 0.999999 0.999999 4.04951e-06 1279.7 1.63764e+06 0.112432
2.61 -1.55835 1.03423 0.999999 0.999999 3.47118e-06 1279.65 1.63752e+06 0.112734
2.6 -1.54828 1.00824 0.999999 0.999999 4.62778e-06 1279.68 1.63761e+06 0.111441
2.59 -1.53835 1.04359 0.999999 0.999999 4.04951e-06 1279.7 1.63766e+06 0.111906
2.58 -1.52837 1.03937 0.999999 0.999998 6.36224e-06 1279.7 1.63766e+06 0.111067
2.57 -1.5183 1.01727 0.999999 0.999998 8.09618e-06 1279.67 1.63757e+06 0.112794
2.56 -1.50833 1.01646 0.999999 0.999998 8.09618e-06 1279.65 1.63753e+06 0.114439
2.55 -1.49833 1.02922 0.999999 0.999998 5.78414e-06 1279.65 1.63753e+06 0.114851
2.54 -1.48844 1.01442 0.999999 0.999997 9.8296e-06 1279.65 1.63753e+06 0.111894
2.53 -1.47827 1.02145 0.999999 0.999998 6.36224e-06 1279.67 1.63757e+06 0.112218
2.52 -1.46825 1.03316 0.999998 0.999996 1.27175e-05 1279.73 1.63773e+06 0.115482
2.51 -1.45841 1.00512 0.999999 0.999997 9.25185e-06 1279.69 1.63762e+06 0.113629
2.5 -1.44826 1.04047 0.999999 0.999998 6.36224e-06 1279.64 1.63751e+06 0.112128
2.49 -1.43833 1.0296 0.999998 0.999997 1.09849e-05 1279.67 1.63757e+06 0.11054
2.48 -1.4283 1.02069 0.999999 0.999997 8.67405e-06 1279.7 1.63766e+06 0.11397
2.47 -1.41824 1.01536 0.999999 0.999997 9.25185e-06 1279.68 1.63761e+06 0.11273
2.46 -1.40835 1.00757 0.999998 0.999996 1.38722e-05 1279.65 1.63754e+06 0.114119
2.45 -1.39831 1.00853 0.999998 0.999996 1.38722e-05 1279.71 1.63767e+06 0.113122
2.44 -1.38829 1.03026 0.999997 0.999995 1.67581e-05 1279.66 1.63756e+06 0.112077
2.43 -1.37824 1.03887 0.999997 0.999994 1.84889e-05 1279.71 1.63768e+06 0.112741
2.42 -1.36833 1.01102 0.999997 0.999995 1.73351e-05 1279.68 1.6376e+06 0.113415
2.41 -1.35818 1.01478 0.999997 0.999993 2.1949e-05 1279.66 1.63755e+06 0.114767
2.4 -1.34821 1.02661 0.999996 0.999992 2.54069e-05 1279.71 1.63768e+06 0.113099
2.39 -1.33832 1.021 0.999996 0.999993 2.36782e-05 1279.67 1.63757e+06 0.112783
2.38 -1.32835 1.02805 0.999997 0.999994 2.13724e-05 1279.63 1.63747e+06 0.113901
2.37 -1.3183 1.02127 0.999996 0.999992 2.71352e-05 1279.66 1.63754e+06 0.113477
2.36 -1.30828 1.02399 0.999997 0.999994 2.07958e-05 1279.71 1.63767e+06 0.109418
2.35 -1.29834 1.0191 0.999996 0.999992 2.82926e-05 1279.7 1.63765e+06 0.113496
2.34 -1.28828 1.01035 0.999996 0.999992 2.59831e-05 1279.66 1.63756e+06 0.111587
2.33 -1.27828 1.03007 0.999996 0.999991 2.88628e-05 1279.71 1.63767e+06 0.11265
2.32 -1.2683 0.996995 0.999996 0.999992 2.8287e-05 1279.65 1.63752e+06 0.11205
2.31 -1.25828 1.04214 0.999995 0.99999 3.17412e-05 1279.62 1.63745e+06 0.114172
2.3 -1.24831 1.03218 0.999993 0.999986 4.49628e-05 1279.69 1.63762e+06 0.112447
2.29 -1.2384 1.04401 0.999994 0.999987 4.20912e-05 1279.62 1.63744e+06 0.113048
2.28 -1.22835 1.03398 0.999994 0.999988 4.03675e-05 1279.68 1.63761e+06 0.114056
2.27 -1.2183 1.02655 0.999993 0.999986 4.61111e-05 1279.69 1.63762e+06 0.112032
2.26 -1.20838 1.02779 0.999993 0.999987 4.38144e-05 1279.68 1.63759e+06 0.112606
2.25 -1.19837 1.03055 0.999991 0.999982 5.81539e-05 1279.63 1.63747e+06 0.112472
2.24 -1.18835 1.03135 0.999991 0.999982 5.81539e-05 1279.66 1.63754e+06 0.112884
2.23 -1.17828 1.02892 0.99999 0.999979 6.90278e-05 1279.67 1.63758e+06 0.113274
2.22 -1.16836 1.01492 0.999991 0.999982 5.93113e-05 1279.69 1.63763e+06 0.111044
2.21 -1.15838 1.02534 0.99999 0.99998 6.55962e-05 1279.62 1.63745e+06 0.112886
2.2 -1.14835 1.01352 0.99999 0.99998 6.78841e-05 1279.7 1.63766e+06 0.112239
2.19 -1.13828 1.02421 0.99999 0.999979 6.90278e-05 1279.63 1.63747e+06 0.113222
2.18 -1.12824 1.00629 0.999989 0.999978 7.59148e-05 1279.62 1.63744e+06 0.11241
2.17 -1.1183 1.01554 0.999988 0.999976 8.10382e-05 1279.68 1.6376e+06 0.113169
2.16 -1.10832 1.01862 0.999987 0.999974 8.78819e-05 1279.66 1.63755e+06 0.111657
2.15 -1.09823 1.0301 0.999987 0.999973 8.90039e-05 1279.63 1.63747e+06 0.113728
2.14 -1.08831 1.04081 0.999986 0.999972 9.30093e-05 1279.73 1.63774e+06 0.113781
2.13 -1.07826 1.03174 0.999983 0.999966 0.000112882 1279.65 1.63753e+06 0.112793
2.12 -1.06839 1.01922 0.999981 0.999962 0.000127688 1279.65 1.63753e+06 0.111403
2.11 -1.05842 1.02923 0.99998 0.99996 0.000132729 1279.65 1.63752e+06 0.114161
2.1 -1.04826 1.02017 0.999982 0.999965 0.000118599 1279.64 1.63751e+06 0.112222
2.09 -1.03835 1.01723 0.999976 0.999952 0.000158675 1279.7 1.63766e+06 0.112911
2.08 -1.02834 1.0181 0.999976 0.999952 0.000160428 1279.68 1.6376e+06 0.114208
2.07 -1.01832 1.04818 0.999976 0.999951 0.000163241 1279.69 1.63763e+06 0.111766
2.06 -1.00823 1.01717 0.999972 0.999944 0.000186255 1279.71 1.63768e+06 0.113718
2.05 -0.998342 1.03504 0.999972 0.999943 0.000191929 1279.68 1.6376e+06 0.111772
2.04 -0.988316 1.0285 0.999971 0.999942 0.000192335 1279.64 1.6375e+06 0.110885
2.03 -0.978216 1.02717 0.999969 0.999937 0.000209771 1279.74 1.63776e+06 0.110918
2.02 -0.968305 1.03804 0.999968 0.999936 0.000212474 1279.73 1.63772e+06 0.113275
2.01 -0.958298 1.0165 0.999965 0.99993 0.000236573 1279.65 1.63753e+06 0.112898
2 -0.948266 1.03575 0.999961 0.999922 0.000266079 1279.63 1.63747e+06 0.112951
1.99 -0.938304 1.03581 0.99996 0.99992 0.000265868 1279.68 1.63761e+06 0.111784
1.98 -0.928201 1.04873 0.999955 0.99991 0.0002984 1279.6 1.63739e+06 0.112947
1.97 -0.91827 1.02038 0.999951 0.999901 0.000329719 1279.66 1.63756e+06 0.113248
1.96 -0.908215 1.01613 0.999951 0.999901 0.000326313 1279.61 1.63743e+06 0.114017
1.95 -0.898379 1.03744 0.999945 0.999891 0.000374547 1279.66 1.63754e+06 0.114168
1.94 -0.888232 1.03812 0.999939 0.999878 0.000411047 1279.6 1.63739e+06 0.11344
1.93 -0.878199 1.02016 0.999935 0.99987 0.000438672 1279.6 1.6374e+06 0.113969
1.92 -0.868145 1.05354 0.999932 0.999864 0.00045497 1279.59 1.63738e+06 0.113128
1.91 -0.858153 1.04331 0.999932 0.999864 0.000462539 1279.63 1.63747e+06 0.112781
1.9 -0.848181 1.02925 0.999925 0.999849 0.000501876 1279.6 1.63739e+06 0.112048
1.89 -0.838222 1.03238 0.999918 0.999836 0.000547765 1279.69 1.63762e+06 0.11271
1.88 -0.828155 1.03892 0.999914 0.999827 0.00057662 1279.66 1.63754e+06 0.112553
1.87 -0.818143 1.03183 0.999903 0.999806 0.000648504 1279.63 1.63747e+06 0.111062
1.86 -0.808181 1.03695 0.999902 0.999804 0.000650553 1279.72 1.63771e+06 0.113065
1.85 -0.798118 1.0529 0.999892 0.999784 0.000712529 1279.66 1.63754e+06 0.111288
1.84 -0.788148 1.04128 0.999888 0.999776 0.000736422 1279.6 1.63741e+06 0.112984
1.83 -0.778155 1.02679 0.999875 0.999749 0.000853356 1279.58 1.63733e+06 0.113103
1.82 -0.768016 1.03597 0.999865 0.999731 0.000905998 1279.62 1.63745e+06 0.112726
1.81 -0.758064 1.04054 0.999859 0.999717 0.000935369 1279.63 1.63747e+06 0.112516
1.8 -0.748146 1.03177 0.999846 0.999692 0.00103278 1279.65 1.63751e+06 0.11124
1.79 -0.737966 1.04382 0.999841 0.999682 0.00104756 1279.62 1.63745e+06 0.113993
1.78 -0.728058 1.04252 0.999829 0.999659 0.0011539 1279.63 1.63747e+06 0.112549
1.77 -0.718018 1.02942 0.999815 0.999631 0.00124814 1279.63 1.63747e+06 0.113898
1.76 -0.708042 1.04894 0.999801 0.999602 0.00132966 1279.57 1.63732e+06 0.115314
1.75 -0.698047 1.05915 0.99979 0.999581 0.0014049 1279.56 1.63731e+06 0.112163
1.74 -0.687978 1.0474 0.999772 0.999545 0.00151922 1279.59 1.63737e+06 0.11325
1.73 -0.677937 1.04792 0.999758 0.999516 0.00161282 1279.54 1.63725e+06 0.112654
1.72 -0.667992 1.04545 0.999748 0.999496 0.00169315 1279.61 1.63742e+06 0.113239
1.71 -0.65791 1.0466 0.999733 0.999467 0.00175707 1279.6 1.6374e+06 0.113582
1.7 -0.647901 1.04568 0.999703 0.999406 0.00198483 1279.56 1.63729e+06 0.112443
1.69 -0.637931 1.04454 0.999698 0.999396 0.00203767 1279.6 1.6374e+06 0.113942
1.68 -0.627791 1.06021 0.999658 0.999316 0.00228486 1279.6 1.63739e+06 0.112078
1.67 -0.617862 1.04545 0.999638 0.999277 0.00240787 1279.57 1.63732e+06 0.1114
1.66 -0.607835 1.0631 0.999621 0.999244 0.0024769 1279.58 1.63736e+06 0.111645
1.65 -0.597905 1.0613 0.99959 0.999182 0.00269388 1279.58 1.63735e+06 0.111164
1.64 -0.587659 1.07117 0.99955 0.999101 0.00296693 1279.54 1.63723e+06 0.114901
1.63 -0.577635 1.07822 0.999515 0.999031 0.00329157 1279.46 1.63703e+06 0.112404
1.62 -0.567669 1.03428 0.999491 0.998984 0.00342835 1279.51 1.63717e+06 0.114407
1.61 -0.557696 1.06212 0.999459 0.998919 0.00364076 1279.56 1.63728e+06 0.11097
1.6 -0.54746 1.06227 0.999416 0.998834 0.00390205 1279.51 1.63717e+06 0.113659
1.59 -0.537469 1.09158 0.999393 0.998788 0.00401759 1279.49 1.6371e+06 0.113017
1.58 -0.527503 1.09278 0.999334 0.998671 0.00444089 1279.47 1.63707e+06 0.113583
1.57 -0.517381 1.06227 0.999302 0.998605 0.00461753 1279.4 1.63689e+06 0.115052
1.56 -0.507333 1.08305 0.999244 0.998491 0.00506606 1279.45 1.63702e+06 0.113314
1.55 -0.497261 1.08456 0.999194 0.998391 0.00542717 1279.38 1.63683e+06 0.114439
1.54 -0.487364 1.08954 0.999151 0.998305 0.00570341 1279.33 1.63672e+06 0.113404
1.53 -0.477104 1.09417 0.999075 0.998152 0.00627559 1279.36 1.63679e+06 0.11151
1.52 -0.467088 1.10205 0.999005 0.998012 0.00677329 1279.39 1.63687e+06 0.112518
1.51 -0.457115 1.09735 0.998959 0.997921 0.00696759 1279.34 1.63672e+06 0.112473
1.5 -0.446963 1.09411 0.998857 0.997718 0.00759691 1279.27 1.63655e+06 0.115066
1.49 -0.436926 1.10503 0.998799 0.997601 0.00795964 1279.36 1.63679e+06 0.114375
1.48 -0.426751 1.08785 0.998696 0.997396 0.00877429 1279.27 1.63655e+06 0.114311
1.47 -0.416624 1.10147 0.998609 0.997223 0.00941469 1279.23 1.63646e+06 0.115137
1.46 -0.406605 1.10127 0.998523 0.997051 0.00990671 1279.21 1.63641e+06 0.114917
1.45 -0.396452 1.12955 0.998399 0.996803 0.0108077 1279.2 1.63637e+06 0.115505
1.44 -0.386414 1.13681 0.998321 0.996648 0.0114614 1279.17 1.63629e+06 0.113453
1.43 -0.376217 1.12796 0.998218 0.996443 0.0120574 1279.18 1.63633e+06 0.116427
1.42 -0.366047 1.1273 0.998039 0.996086 0.0131295 1279.1 1.63613e+06 0.115139
1.41 -0.356036 1.14725 0.997939 0.995885 0.0138124 1279.02 1.63592e+06 0.112007
1.4 -0.345903 1.15334 0.997809 0.995626 0.0149392 1279 1.63586e+06 0.115488
1.39 -0.335757 1.1464 0.997631 0.995272 0.0161045 1278.94 1.63571e+06 0.114211
1.38 -0.325485 1.17448 0.997456 0.994923 0.0176193 1278.85 1.63548e+06 0.115663
1.37 -0.315303 1.15524 0.997312 0.994636 0.018121 1278.86 1.6355e+06 0.115186
1.36 -0.3052 1.16901 0.997102 0.994217 0.0194904 1278.75 1.63521e+06 0.114683
1.35 -0.295013 1.18307 0.996891 0.993798 0.0214188 1278.7 1.6351e+06 0.117292
1.34 -0.2848 1.19554 0.996659 0.993336 0.0230216 1278.64 1.63495e+06 0.115223
1.33 -0.274544 1.22302 0.996425 0.992869 0.02491 1278.56 1.63474e+06 0.11787
1.32 -0.264406 1.22046 0.996191 0.992403 0.0263741 1278.51 1.63462e+06 0.119231
1.31 -0.25413 1.23063 0.995918 0.99186 0.0277609 1278.46 1.63449e+06 0.116088
1.3 -0.24388 1.22872 0.995592 0.991211 0.0302023 1278.32 1.63413e+06 0.117628
1.29 -0.233587 1.26262 0.995284 0.990599 0.032908 1278.25 1.63395e+06 0.119156
1.28 -0.223415 1.23813 0.994949 0.989933 0.035589 1278.09 1.63353e+06 0.119513
1.27 -0.212894 1.26665 0.994552 0.989143 0.0371967 1277.97 1.63323e+06 0.120913
1.26 -0.202649 1.29173 0.99419 0.988424 0.0414861 1277.84 1.63291e+06 0.119631
1.25 -0.192234 1.30031 0.993721 0.987493 0.0448153 1277.78 1.63274e+06 0.120039
1.24 -0.181908 1.32224 0.993317 0.986691 0.0475268 1277.62 1.63233e+06 0.120837
1.23 -0.171476 1.31682 0.992802 0.985669 0.0504751 1277.39 1.63174e+06 0.1192
1.22 -0.161216 1.34123 0.992348 0.984769 0.0548176 1277.3 1.63152e+06 0.120918
1.21 -0.150726 1.37115 0.991733 0.98355 0.0592183 1277.13 1.63108e+06 0.121272
1.2 -0.140197 1.37881 0.991075 0.982247 0.0649094 1276.83 1.63031e+06 0.12326
1.19 -0.129642 1.40378 0.990403 0.980917 0.0704888 1276.64 1.62984e+06 0.127102
1.18 -0.119193 1.40852 0.989676 0.979479 0.0770278 1276.39 1.62919e+06 0.126122
1.17 -0.108674 1.4474 0.988989 0.97812 0.0808603 1276.2 1.62872e+06 0.125714
1.16 -0.0980218 1.43927 0.988035 0.976236 0.0891884 1275.92 1.62799e+06 0.125933
1.15 -0.0874593 1.49757 0.987211 0.974611 0.0978876 1275.63 1.62726e+06 0.131027
1.14 -0.0765886 1.51703 0.986209 0.972636 0.10499 1275.29 1.62638e+06 0.132241
1.13 -0.0658697 1.53993 0.985018 0.970291 0.115916 1274.89 1.62538e+06 0.131908
1.12 -0.0551356 1.56813 0.983957 0.968203 0.123912 1274.54 1.62447e+06 0.135755
1.11 -0.04404 1.6196 0.982465 0.965273 0.138016 1274.06 1.62327e+06 0.137266
1.1 -0.0330371 1.62763 0.980935 0.962273 0.149588 1273.58 1.62203e+06 0.1405
1.09 -0.0220551 1.72889 0.979491 0.959446 0.166646 1273.03 1.62064e+06 0.142846
1.08 -0.010895 1.72776 0.977657 0.955861 0.187654 1272.43 1.61912e+06 0.149193
1.07 0.000389629 1.78497 0.97554 0.951732 0.208545 1271.63 1.61707e+06 0.154729
1.06 0.0115177 1.88728 0.973639 0.948035 0.240933 1270.97 1.61541e+06 0.160928
1.05 0.023205 1.96214 0.97105 0.943008 0.267081 1270.06 1.61308e+06 0.168246
1.04 0.0349832 2.0741 0.967923 0.936956 0.315126 1268.92 1.6102e+06 0.180673
1.03 0.046947 2.18694 0.964621 0.930597 0.395098 1267.77 1.60728e+06 0.206402
1.02 0.0589926 2.28304 0.961002 0.923638 0.437172 1266.35 1.60367e+06 0.210335
1.01 0.168825 0.925893 0.000898264 2.33531e-06 0.00586918 465.935 217153 0.827879
1 0.168743 0.944386 0.000859549 2.27292e-06 0.00589093 465.998 217211 0.81443
0.99 0.168744 0.94931 0.000831163 2.19802e-06 0.0057876 466.052 217262 0.816577
0.98 0.168581 0.927448 0.000758681 1.90701e-06 0.00511263 466.136 217341 0.830355
0.97 0.168764 0.938791 0.000703472 1.74425e-06 0.0047976 465.904 217123 0.806238
0.96 0.168802 0.942427 0.000667187 1.59807e-06 0.00442724 465.836 217060 0.82287
0.95 0.168671 0.922136 0.000605469 1.38934e-06 0.00392735 465.796 217023 0.813973
0.94 0.168733 0.930189 0.000583073 1.36704e-06 0.00394392 465.834 217059 0.819521
0.93 0.168758 0.919778 0.000513021 1.19177e-06 0.00356574 465.554 216796 0.806956
0.92 0.168602 0.936791 0.000492014 1.08929e-06 0.00325329 465.748 216977 0.808318
0.91 0.168642 0.918378 0.00048151 1.07768e-06 0.003248 465.673 216908 0.809314
0.9 0.168699 0.921012 0.000428906 9.25474e-07 0.00284741 465.539 216782 0.797258
0.89 0.168633 0.921291 0.000415625 9.04827e-07 0.0028112 465.623 216861 0.805413
0.88 0.168916 0.929482 0.000371962 7.93156e-07 0.00251443 465.401 216655 0.813679
0.87 0.168627 0.935215 0.000353733 7.38601e-07 0.00235574 465.603 216843 0.806003
0.86 0.168579 0.92182 0.000322483 6.78319e-07 0.0022054 465.435 216686 0.799758
0.85 0.168555 0.933782 0.00029349 5.88198e-07 0.00192792 465.557 216800 0.817907
0.84 0.168729 0.944419 0.000286285 5.92568e-07 0.00196074 465.355 216611 0.801622
0.83 0.168645 0.922534 0.000253819 5.11791e-07 0.00171789 465.496 216743 0.81498
0.82 0.168569 0.927402 0.00025599 5.01995e-07 0.00167602 465.52 216765 0.802035
0.81 0.168532 0.926282 0.00023316 4.62662e-07 0.00156786 465.541 216784 0.7911
0.8 0.168623 0.941297 0.000225694 4.494e-07 0.00153009 465.406 216659 0.809934
0.79 0.168671 0.932052 0.000211198 4.11573e-07 0.00140916 465.367 216622 0.80301
0.78 0.16868 0.92681 0.000197483 3.75102e-07 0.00129064 465.298 216558 0.804355
0.77 0.168488 0.924102 0.000172049 3.30645e-07 0.00115601 465.467 216716 0.804116
0.76 0.168574 0.938487 0.000164757 3.13163e-07 0.00109831 465.385 216640 0.810826
0.75 0.168587 0.966378 0.000165712 3.17534e-07 0.00111388 465.305 216566 0.814619
0.74 0.168687 0.951052 0.000151476 2.87393e-07 0.00101548 465.29 216552 0.824986
0.73 0.168671 0.925348 0.000146267 2.76843e-07 0.000980925 465.233 216498 0.802079
0.72 0.168525 0.910833 0.000127951 2.42031e-07 0.000866531 465.355 216611 0.804732
0.71 0.168507 0.946984 0.000126649 2.3555e-07 0.00084292 465.345 216603 0.810815
0.7 0.16846 0.937772 0.000123698 2.27714e-07 0.000815665 465.434 216686 0.81865
0.69 0.168785 0.935734 0.000115625 2.13096e-07 0.00076695 465.154 216424 0.799586
0.68 0.168569 0.936537 9.91319e-05 1.85969e-07 0.000676384 465.259 216523 0.8198
0.67 0.168472 0.927539 8.94965e-05 1.61103e-07 0.000587877 465.351 216608 0.805945
0.66 0.16855 0.930679 9.35764e-05 1.74817e-07 0.000637671 465.301 216562 0.807481
0.65 0.168493 0.936551 8.41146e-05 1.53266e-07 0.000561373 465.364 216621 0.819086
0.64 0.16848 0.93559 8.18576e-05 1.48745e-07 0.00054545 465.354 216610 0.807016
0.63 0.168374 0.924668 7.22222e-05 1.31414e-07 0.0004846 465.448 216697 0.79859
0.62 0.16854 0.942147 6.24132e-05 1.13179e-07 0.000419648 465.32 216579 0.809311
0.61 0.168467 0.934889 6.75347e-05 1.20563e-07 0.000445449 465.301 216561 0.804166
0.6 0.168505 0.936976 5.46875e-05 9.76562e-08 0.000363516 465.253 216517 0.813504
0.59 0.168576 0.94616 5.69444e-05 1.03082e-07 0.000383381 465.302 216563 0.809091
0.58 0.168458 0.954498 5.13889e-05 9.22309e-08 0.000344026 465.361 216618 0.818637
0.57 0.168501 0.938948 4.74826e-05 8.39422e-08 0.00031368 465.344 216602 0.81721
0.56 0.168638 0.919924 4.86111e-05 8.59013e-08 0.000320787 465.147 216418 0.812647
0.55 0.168548 0.912864 4.26215e-05 7.67084e-08 0.000287584 465.313 216572 0.793567
0.54 0.168452 0.914331 3.73264e-05 6.60084e-08 0.000248122 465.26 216523 0.807906
0.53 0.16861 0.937927 3.46354e-05 6.1638e-08 0.000232083 465.169 216438 0.803554
0.52 0.168504 0.948308 3.81076e-05 6.73647e-08 0.000253104 465.334 216591 0.796372
0.51 0.168541 0.937507 3.09028e-05 5.45549e-08 0.000205824 465.322 216581 0.80736
0.5 0.168415 0.934113 3.3941e-05 5.98295e-08 0.000225322 465.336 216593 0.797425
0.49 0.168657 0.925372 2.95139e-05 5.21436e-08 0.000196887 465.152 216423 0.808992
0.48 0.168434 0.922352 2.62153e-05 4.61155e-08 0.000174444 465.367 216623 0.815244
0.47 0.168534 0.927218 2.56944e-05 4.55126e-08 0.000172233 465.234 216499 0.801337
0.46 0.168569 0.932578 2.41319e-05 4.28e-08 0.000162116 465.225 216490 0.80224
0.45 0.168573 0.937266 2.23958e-05 3.97859e-08 0.000150852 465.186 216454 0.8107
0.44 0.16847 0.922617 2.32639e-05 4.09915e-08 0.000155329 465.243 216507 0.806962
0.43 0.168508 0.926955 1.90972e-05 3.31549e-08 0.000125914 465.348 216603 0.783793
0.42 0.168535 0.92953 1.57986e-05 2.77296e-08 0.000105523 465.247 216512 0.816747
0.41 0.168312 0.923779 1.62326e-05 2.81817e-08 0.000107206 465.436 216686 0.790908
0.4 0.168242 0.916209 1.64062e-05 2.90859e-08 0.000110656 465.427 216679 0.810974
0.39 0.168535 0.95377 1.55382e-05 2.72774e-08 0.000103818 465.145 216417 0.813259
0.38 0.168484 0.945955 1.5191e-05 2.63732e-08 0.000100387 465.296 216558 0.824318
0.37 0.168579 0.904901 1.28472e-05 2.23042e-08 8.50144e-05 465.184 216451 0.796377
0.36 0.168655 0.91828 1.14583e-05 2.04958e-08 7.81995e-05 465.134 216406 0.800044
0.35 0.168559 0.920892 1.00694e-05 1.74817e-08 6.67403e-05 465.098 216372 0.80244
0.34 0.168392 0.922709 1.05903e-05 1.83859e-08 7.01712e-05 465.37 216627 0.822689
0.33 0.168333 0.944409 9.98264e-06 1.7331e-08 6.61683e-05 465.47 216719 0.812975
0.32 0.168488 0.930673 9.375e-06 1.6276e-08 6.21625e-05 465.193 216461 0.802417
0.31 0.168397 0.920446 7.98611e-06 1.38648e-08 5.29958e-05 465.292 216553 0.809608
0.3 0.168481 0.932924 7.98611e-06 1.38648e-08 5.29958e-05 465.265 216527 0.801346
0.29 0.168536 0.929616 6.94444e-06 1.20563e-08 4.61111e-05 465.178 216447 0.81536
0.28 0.168434 0.934031 7.46528e-06 1.29606e-08 4.95545e-05 465.332 216591 0.821625
0.27 0.16854 0.947055 7.46528e-06 1.29606e-08 4.95545e-05 465.186 216455 0.817872
0.26 0.168528 0.931811 7.11806e-06 1.23577e-08 4.72591e-05 465.186 216454 0.801179
0.25 0.168457 0.930243 5.81597e-06 1.00972e-08 3.86433e-05 465.394 216647 0.803046
0.24 0.168462 0.956709 4.77431e-06 8.28872e-09 3.17412e-05 465.269 216532 0.814789
0.23 0.168486 0.945276 5.46875e-06 9.49436e-09 3.63435e-05 465.217 216483 0.806327
0.22 0.168528 0.922382 5.46875e-06 9.79577e-09 3.75009e-05 465.239 216503 0.797249
0.21 0.168437 0.932801 3.73264e-06 6.48028e-09 2.48308e-05 465.319 216578 0.807681
0.2 0.168565 0.934676 4.25347e-06 7.3845e-09 2.8287e-05 465.13 216402 0.805628
0.19 0.168435 0.958073 3.73264e-06 6.48028e-09 2.48308e-05 465.24 216505 0.810655
0.18 0.168488 0.92645 3.73264e-06 6.48028e-09 2.48308e-05 465.14 216412 0.811174
0.17 0.168607 0.950328 3.03819e-06 5.27464e-09 2.02192e-05 465.001 216283 0.81497
0.16 0.168401 0.916566 2.86458e-06 4.97323e-09 1.90657e-05 465.327 216585 0.799177
0.15 0.168515 0.931309 3.21181e-06 5.57605e-09 2.13724e-05 465.152 216422 0.792003
0.14 0.168603 0.945205 3.03819e-06 5.27464e-09 2.02192e-05 465.074 216350 0.802266
0.13 0.16848 0.932258 2.69097e-06 4.67183e-09 1.7912e-05 465.269 216532 0.808854
0.12 0.168667 0.925251 2.51736e-06 4.37042e-09 1.67581e-05 465.129 216401 0.801154
0.11 0.168535 0.945334 1.64931e-06 2.86338e-09 1.09849e-05 465.213 216480 0.812747
0.1 0.168587 0.949912 2.08333e-06 3.6169e-09 1.38722e-05 465.12 216395 0.83207
0.09 0.168439 0.934931 1.73611e-06 3.01408e-09 1.15625e-05 465.331 216590 0.817292
0.08 0.168692 0.942267 1.73611e-06 3.01408e-09 1.15625e-05 464.95 216235 0.81182
0.07 0.168358 0.936308 1.21528e-06 2.10986e-09 8.09618e-06 465.286 216547 0.808327
0.06 0.168504 0.92889 1.47569e-06 2.56197e-09 9.8296e-06 465.216 216483 0.810307
0.05 0.16834 0.921587 8.68056e-07 1.50704e-09 5.78414e-06 465.341 216598 0.806995
0.04 0.168385 0.938322 1.12847e-06 1.95915e-09 7.51826e-06 465.307 216567 0.807088
0.03 0.168418 0.928856 1.64931e-06 2.86338e-09 1.09849e-05 465.306 216566 0.807921
0.02 0.168563 0.91544 1.64931e-06 2.86338e-09 1.09849e-05 465.154 216423 0.786474
0.01 0.168451 0.918512 1.73611e-06 3.01408e-09 1.15625e-05 465.227 216493 0.808372
