0 -0.6 inf 1 1 -nan 1296 1.67962e+06 -inf
0.01 -0.589996 1.01101 1 1 0 1294.4 1.67547e+06 0.16585
0.02 -0.579967 0.997526 1 1 0 1292.76 1.67122e+06 0.170548
0.03 -0.569929 1.02139 1 1 0 1291.2 1.6672e+06 0.167503
0.04 -0.55984 1.01678 1 1 0 1289.54 1.66293e+06 0.16904
0.05 -0.549738 1.01594 1 1 0 1287.88 1.65864e+06 0.167983
0.06 -0.539638 1.02143 1 1 1.44669e-06 1286.23 1.6544e+06 0.166569
0.07 -0.529505 1.02745 1 0.999999 3.71968e-06 1284.61 1.65025e+06 0.166532
0.08 -0.519295 1.0114 0.999999 0.999997 1.73472e-05 1282.96 1.64601e+06 0.166474
0.09 -0.50904 1.00713 0.999992 0.999984 8.73707e-05 1281.3 1.64175e+06 0.170831
0.1 -0.498834 1.0252 0.999968 0.999936 0.000322247 1279.61 1.63743e+06 0.171065
0.11 -0.488534 1.03408 0.999914 0.999829 0.000785504 1278.04 1.6334e+06 0.171633
0.12 -0.47806 1.0425 0.999787 0.999574 0.0017364 1276.3 1.62896e+06 0.173226
0.13 -0.467468 1.08669 0.999536 0.999073 0.00359145 1274.49 1.62435e+06 0.170586
0.14 -0.45672 1.0987 0.999143 0.998288 0.00617386 1272.63 1.61961e+06 0.172896
0.15 -0.445608 1.126 0.998491 0.996988 0.0102701 1270.68 1.61467e+06 0.17482
0.16 -0.434171 1.17857 0.997526 0.995063 0.0158782 1268.63 1.60945e+06 0.173806
0.17 -0.422159 1.20708 0.996161 0.992344 0.0233289 1266.3 1.60355e+06 0.177932
0.18 -0.409449 1.30079 0.994285 0.988614 0.0333718 1263.74 1.59709e+06 0.179759
0.19 -0.396129 1.36294 0.991766 0.983615 0.0461917 1260.99 1.59015e+06 0.186065
0.2 -0.381928 1.42404 0.988689 0.977526 0.0594606 1257.85 1.58223e+06 0.187243
0.21 -0.366991 1.55501 0.984784 0.969829 0.0795323 1254.41 1.5736e+06 0.199205
0.22 -0.350788 1.67493 0.979896 0.960236 0.102891 1250.39 1.56353e+06 0.211143
0.23 -0.333667 1.78319 0.974065 0.948855 0.131044 1245.87 1.55226e+06 0.221239
0.24 -0.314716 1.96804 0.96682 0.934811 0.169993 1240.63 1.53922e+06 0.239344
0.25 -0.293937 2.18827 0.957877 0.917625 0.222143 1234.27 1.52351e+06 0.265336
0.26 -0.270559 2.45238 0.946667 0.896309 0.289758 1226.6 1.50466e+06 0.310207
0.27 -0.245651 2.73914 0.933704 0.871982 0.382843 1217.94 1.48348e+06 0.355432
0.28 -0.215786 3.19849 0.916161 0.839603 0.517196 1206.13 1.45489e+06 0.444343
0.29 -0.179256 4.37844 0.891813 0.795778 0.889455 1189.69 1.41561e+06 0.718412
0.3 0.256427 0.491608 0.0484674 0.00245975 0.212467 459.169 211017 1.31698
0.31 0.261537 0.463541 0.0479332 0.00240797 0.205106 456.764 208822 1.33257
0.32 0.266252 0.452192 0.0474647 0.00236453 0.200943 454.498 206755 1.28379
0.33 0.270877 0.446093 0.0472476 0.00234035 0.188534 452.611 205043 1.25142
0.34 0.275209 0.433332 0.0472568 0.00233998 0.180898 451.158 203737 1.26142
0.35 0.279204 0.407488 0.0470817 0.00232236 0.173918 449.669 202395 1.22476
0.36 0.283432 0.405235 0.047345 0.00235057 0.174439 448.323 201191 1.2269
0.37 0.287437 0.394498 0.0472639 0.00234235 0.168869 447.049 200053 1.21453
0.38 0.291347 0.383412 0.0474571 0.00235956 0.162771 446.077 199185 1.18174
0.39 0.295113 0.376651 0.0479855 0.00241353 0.163826 445.258 198457 1.16258
0.4 0.298984 0.369632 0.0481471 0.00242763 0.157656 444.31 197610 1.12213
0.41 0.302576 0.366704 0.0482357 0.00243562 0.153047 443.17 196606 1.13357
0.42 0.306164 0.358842 0.0491143 0.00252387 0.153128 443.044 196501 1.14543
0.43 0.30944 0.351152 0.049519 0.00256285 0.148306 442.497 196013 1.09622
0.44 0.313237 0.351217 0.0500281 0.00262122 0.155011 441.865 195467 1.1422
0.45 0.316771 0.343571 0.0509384 0.00271276 0.151094 441.607 195236 1.10634
0.46 0.320264 0.343688 0.0513098 0.0027537 0.151517 441.079 194781 1.13307
0.47 0.32353 0.33665 0.0518513 0.00280644 0.14447 440.821 194551 1.10153
0.48 0.326773 0.335343 0.0528066 0.00291522 0.152021 441.079 194788 1.12175
0.49 0.33016 0.330709 0.0534421 0.00297782 0.143128 440.693 194443 1.07665
0.5 0.333836 0.333436 0.0542325 0.00306486 0.142497 440.499 194272 1.05564
0.51 0.336904 0.334559 0.0549061 0.00314527 0.147496 440.481 194271 1.10087
0.52 0.340065 0.327014 0.0556688 0.00323359 0.149058 440.397 194199 1.09197
0.53 0.343411 0.323846 0.0571092 0.00339552 0.145695 441.33 195024 1.07668
0.54 0.346449 0.317135 0.057403 0.00343069 0.144634 440.771 194537 1.08578
0.55 0.349682 0.329785 0.0585567 0.00357275 0.150665 441.34 195053 1.12192
0.56 0.352872 0.315769 0.0594526 0.00367675 0.146202 441.402 195102 1.07833
0.57 0.356343 0.315133 0.0605002 0.00380926 0.150554 441.879 195533 1.0961
0.58 0.359205 0.326342 0.0613648 0.00391262 0.145976 441.875 195523 1.05292
0.59 0.362448 0.31579 0.0622443 0.00402635 0.148394 442.129 195764 1.09451
0.6 0.365691 0.327052 0.0634406 0.00418058 0.149636 442.703 196263 1.04484
0.61 0.369069 0.327857 0.064634 0.00433462 0.148304 443.294 196795 1.05761
0.62 0.372057 0.323841 0.0658713 0.00450533 0.154505 444.035 197471 1.10372
0.63 0.375362 0.321156 0.0668125 0.00462608 0.148271 444.331 197729 1.06708
0.64 0.378608 0.329174 0.0679809 0.00478746 0.149454 445.048 198365 1.04355
0.65 0.381912 0.326709 0.0693276 0.00497488 0.14937 445.894 199126 1.0514
0.66 0.38515 0.321544 0.0704899 0.0051413 0.150519 446.466 199642 1.05338
0.67 0.388518 0.325268 0.0716592 0.00531436 0.154161 446.973 200104 1.06643
0.68 0.391573 0.32652 0.0730235 0.00551576 0.155284 448.055 201072 1.04504
0.69 0.395159 0.331263 0.0741083 0.00567509 0.152804 448.428 201409 1.03823
0.7 0.398342 0.332353 0.0753757 0.00586843 0.15382 449.257 202161 1.04729
0.71 0.401717 0.328603 0.076928 0.00611664 0.161222 450.389 203196 1.07888
0.72 0.404553 0.330455 0.0777856 0.0062514 0.160641 450.59 203377 1.06728
0.73 0.408273 0.339594 0.0792636 0.00648666 0.160914 451.647 204336 1.06524
0.74 0.411594 0.334374 0.0810183 0.00676477 0.156299 453.257 205788 1.03161
0.75 0.414898 0.332534 0.0818734 0.00690894 0.157971 453.331 205861 1.03552
0.76 0.418586 0.341504 0.0838383 0.00724146 0.161132 454.878 207271 1.03475
0.77 0.4224 0.34769 0.0852633 0.00748953 0.164351 455.684 208018 1.05517
0.78 0.425521 0.346947 0.0865667 0.00771252 0.161527 456.717 208957 1.02816
0.79 0.429097 0.352182 0.0882613 0.00801298 0.162536 458.23 210343 1.01744
0.8 0.431981 0.350926 0.0894332 0.00822218 0.1612 458.809 210873 1.00193
0.81 0.435651 0.351614 0.0909884 0.00851464 0.167649 460.131 212107 1.03701
0.82 0.438983 0.348142 0.0917224 0.00864611 0.163747 459.848 211844 1.0179
0.83 0.442766 0.352824 0.093899 0.00906159 0.169728 462.06 213902 1.04796
0.84 0.446584 0.357071 0.0954306 0.00935388 0.169296 462.973 214741 1.02199
0.85 0.449761 0.361074 0.0966602 0.00959017 0.16737 463.793 215508 1.02523
0.86 0.45323 0.352516 0.0981852 0.00988806 0.165928 464.975 216600 0.994246
0.87 0.457096 0.359254 0.0996147 0.0101813 0.170984 465.993 217555 0.999973
0.88 0.460652 0.364443 0.101289 0.0105197 0.170318 467.245 218731 1.00279
0.89 0.464321 0.36382 0.102597 0.0107844 0.167233 467.934 219371 0.980686
0.9 0.46824 0.367454 0.104304 0.011147 0.171238 469.099 220471 0.988781
0.91 0.471397 0.360981 0.105934 0.0114999 0.175953 470.642 221938 1.01322
0.92 0.475277 0.374078 0.107465 0.0118244 0.17265 471.611 222843 0.982009
0.93 0.47918 0.370671 0.109287 0.0122291 0.176743 473.27 224435 1.02431
0.94 0.482952 0.362301 0.110421 0.012469 0.169185 473.782 224892 0.949631
0.95 0.48635 0.369432 0.112386 0.0129175 0.173903 475.602 226641 0.982491
0.96 0.490213 0.371675 0.113769 0.0132396 0.177691 476.402 227411 0.988049
0.97 0.494002 0.370435 0.115624 0.0136611 0.173498 478.042 228967 0.954672
0.98 0.498093 0.378176 0.117342 0.0140635 0.173008 479.314 230197 0.967356
0.99 0.501724 0.374518 0.118794 0.014417 0.177418 480.523 231361 0.965189
