1 0.505521 0.381853 0.120767 0.014895 0.178777 482.075 232872 0.986337
0.99 0.50154 0.375794 0.119005 0.0144648 0.176116 480.804 231630 0.960509
0.98 0.497401 0.373519 0.116711 0.0139185 0.174634 478.289 229212 0.964098
0.97 0.493801 0.374961 0.115595 0.0136598 0.176692 477.803 228749 0.977211
0.96 0.490032 0.37247 0.113755 0.0132363 0.177652 476.713 227709 0.990563
0.95 0.486495 0.370434 0.112725 0.0129902 0.171773 476.124 227129 0.960313
0.94 0.48294 0.371945 0.110749 0.0125481 0.173233 474.339 225433 0.976061
0.93 0.479406 0.371977 0.109388 0.0122568 0.180183 473.115 224284 1.0151
0.92 0.475183 0.36355 0.107423 0.0118105 0.169617 471.61 222841 0.978881
0.91 0.471664 0.37861 0.10617 0.0115509 0.176468 470.929 222203 1.00088
0.9 0.467821 0.363605 0.103993 0.0110767 0.16777 469.011 220380 0.969583
0.89 0.464237 0.365177 0.103077 0.0108954 0.175124 468.831 220231 1.02831
0.88 0.46083 0.358994 0.101156 0.0104966 0.172793 467.086 218589 1.02057
0.87 0.457113 0.365229 0.0996008 0.0101802 0.172075 465.728 217319 1.02673
0.86 0.453325 0.357113 0.0982673 0.00989958 0.162833 464.79 216417 0.968364
0.85 0.449965 0.358037 0.0966923 0.00959716 0.167899 463.935 215635 1.0144
0.84 0.44646 0.356804 0.0952487 0.00931445 0.166036 462.814 214590 1.01163
0.83 0.442645 0.352888 0.0931964 0.00892341 0.165053 461.041 212948 1.01697
0.82 0.439807 0.359068 0.0927458 0.00884413 0.170232 461.188 213097 1.06418
0.81 0.43598 0.353472 0.0908347 0.00848114 0.163693 459.551 211563 1.00947
0.8 0.432156 0.352078 0.0893148 0.00820378 0.163179 458.595 210686 1.02624
0.79 0.428838 0.348307 0.0875561 0.00788778 0.161651 457.17 209375 1.02712
0.78 0.424979 0.342045 0.0865787 0.00771033 0.158364 457.08 209283 1.01274
0.77 0.421949 0.345968 0.0851403 0.00746556 0.162096 455.798 208118 1.04221
0.76 0.418544 0.347175 0.0836602 0.00721485 0.163576 454.642 207065 1.05897
0.75 0.414964 0.340977 0.0821118 0.00694993 0.159426 453.771 206259 1.03183
0.74 0.411781 0.33774 0.0810057 0.00676927 0.161393 453.126 205681 1.0659
0.73 0.408345 0.340331 0.0792678 0.00648525 0.159278 451.41 204117 1.05171
0.72 0.4052 0.333519 0.077903 0.00626527 0.157122 450.72 203494 1.06407
0.71 0.40174 0.330556 0.0766523 0.00606946 0.157286 449.852 202702 1.05083
0.7 0.398431 0.338563 0.075345 0.00586164 0.152047 449.123 202030 1.01355
0.69 0.394731 0.335085 0.0746609 0.00576377 0.158199 449.349 202244 1.06349
0.68 0.391768 0.332332 0.0728906 0.0054984 0.157009 447.722 200784 1.08237
0.67 0.388538 0.332488 0.0717453 0.00532953 0.156583 447.234 200337 1.06526
0.66 0.385299 0.325828 0.0704486 0.00513746 0.152252 446.278 199474 1.05384
0.65 0.382049 0.330734 0.0692366 0.0049652 0.151969 445.873 199113 1.07033
0.64 0.37857 0.3224 0.0680485 0.00479636 0.149179 445.221 198519 1.04285
0.63 0.375473 0.322132 0.0672686 0.00469091 0.151637 445.217 198520 1.07691
0.62 0.372274 0.323693 0.06542 0.0044396 0.148487 443.386 196886 1.07493
0.61 0.369078 0.323362 0.0649213 0.00437128 0.147789 443.67 197127 1.04902
0.6 0.36565 0.318888 0.0634449 0.00418243 0.150889 442.815 196376 1.09486
0.59 0.362383 0.31797 0.0623719 0.00404279 0.148924 442.265 195879 1.07714
0.58 0.359102 0.324584 0.0616663 0.00395458 0.150794 442.547 196127 1.08774
0.57 0.355987 0.320421 0.0605561 0.0038133 0.147801 441.982 195620 1.07896
0.56 0.352875 0.312941 0.0590016 0.00362417 0.14707 440.718 194502 1.09099
0.55 0.349813 0.319871 0.0586232 0.00357452 0.144362 441.34 195044 1.0807
0.54 0.346426 0.322066 0.0579328 0.00349448 0.147488 441.468 195157 1.10511
0.53 0.343359 0.327608 0.0563516 0.00331124 0.147511 440.245 194073 1.10261
0.52 0.339692 0.321572 0.0556935 0.00323371 0.146158 440.597 194379 1.10466
0.51 0.336953 0.324109 0.0550523 0.00316335 0.149747 440.609 194386 1.11495
0.5 0.333819 0.330446 0.0539338 0.00303767 0.148397 440.023 193860 1.09063
0.49 0.33018 0.324772 0.0533575 0.00297127 0.146063 440.479 194255 1.07786
0.48 0.326879 0.336047 0.0529008 0.00292165 0.147788 440.907 194631 1.09817
0.47 0.323618 0.345103 0.0520571 0.0028323 0.149946 440.996 194708 1.11202
0.46 0.320362 0.347977 0.0510733 0.00272744 0.148959 440.611 194365 1.11951
0.45 0.316549 0.340647 0.05081 0.00270011 0.15162 441.725 195344 1.12088
0.44 0.313425 0.349527 0.0499526 0.00261094 0.151437 441.715 195329 1.11836
0.43 0.309622 0.347309 0.0491556 0.00252947 0.151643 442.001 195583 1.14519
0.42 0.305925 0.364362 0.0493121 0.00254762 0.159006 443.344 196771 1.16768
0.41 0.302916 0.358906 0.0484049 0.00245443 0.156484 443.143 196584 1.14694
0.4 0.298912 0.369835 0.0479866 0.00241371 0.159826 444.023 197363 1.16095
0.39 0.295081 0.373506 0.047951 0.00240964 0.162954 445.217 198422 1.17503
0.38 0.291359 0.391552 0.047425 0.00235813 0.165222 445.879 199009 1.18467
0.37 0.287376 0.40035 0.0473377 0.00234876 0.167978 446.974 199986 1.2124
0.36 0.283354 0.409096 0.0471163 0.00232743 0.171964 448.12 201006 1.20352
0.35 0.279291 0.413252 0.0471727 0.00233468 0.180078 449.721 202445 1.24506
0.34 0.275012 0.422021 0.046822 0.00229914 0.181003 450.809 203418 1.24047
0.33 0.270607 0.438821 0.0472295 0.00233966 0.190305 452.704 205131 1.27144
0.32 0.266062 0.454307 0.0475367 0.00237543 0.208239 454.862 207092 1.32146
0.31 0.261546 0.479576 0.0477124 0.00239315 0.216796 456.441 208531 1.35691
0.3 0.256718 0.492796 0.0484059 0.00245281 0.210579 458.966 210832 1.32225
0.29 0.251789 0.513772 0.0491379 0.0025302 0.229741 461.393 213069 1.38374
0.28 0.246506 0.534801 0.0503135 0.00265116 0.246256 464.641 216080 1.45613
0.27 0.241122 0.552769 0.0510523 0.00273073 0.265382 467.361 218614 1.48913
0.26 0.235528 0.584959 0.0519066 0.00281907 0.276423 470.362 221427 1.52915
0.25 0.22953 0.609314 0.0540015 0.00304432 0.295292 474.496 225330 1.55012
0.24 0.223079 0.651905 0.0561814 0.00329936 0.343212 479.042 229677 1.69615
0.23 0.216389 0.720349 0.0586814 0.00360718 0.4099 483.957 234426 1.90835
0.22 0.20878 0.766692 0.063145 0.00416107 0.455009 491.036 241335 2.02501
0.21 0.200612 0.81998 0.0679833 0.00482175 0.548613 498.611 248849 2.25506
0.2 0.191751 0.952581 0.0753081 0.00591583 0.704243 508.226 258562 2.63962
0.19 0.181629 1.14458 0.085134 0.00756022 0.947113 520.528 271267 3.20555
0.18 -0.409455 1.30774 0.994281 0.988606 0.0336943 1263.82 1.59727e+06 0.182897
0.17 -0.422021 1.22809 0.996131 0.992283 0.0234268 1266.26 1.60346e+06 0.177425
0.16 -0.43401 1.16514 0.997516 0.995043 0.0160566 1268.52 1.60918e+06 0.174438
0.15 -0.445597 1.12984 0.998465 0.996936 0.0104354 1270.66 1.6146e+06 0.173763
0.14 -0.456734 1.10832 0.999141 0.998285 0.0062546 1272.65 1.61966e+06 0.172213
0.13 -0.467557 1.07186 0.999547 0.999095 0.00354743 1274.42 1.62417e+06 0.171499
0.12 -0.478157 1.06334 0.999786 0.999572 0.0017896 1276.27 1.62889e+06 0.168314
0.11 -0.488544 1.03196 0.999909 0.999817 0.000843161 1278.01 1.63332e+06 0.169374
0.1 -0.498866 1.031 0.999968 0.999937 0.000316329 1279.66 1.63756e+06 0.168551
0.09 -0.509092 1.03235 0.999992 0.999983 9.31033e-05 1281.26 1.64166e+06 0.167133
0.08 -0.519322 1.02368 0.999998 0.999997 2.05967e-05 1282.99 1.64609e+06 0.167654
0.07 -0.529503 1.02811 1 1 2.47991e-06 1284.61 1.65023e+06 0.167606
0.06 -0.539617 1.02203 1 1 0 1286.25 1.65446e+06 0.167264
0.05 -0.549748 1.01467 1 1 0 1287.87 1.65861e+06 0.166889
0.04 -0.559874 1.00494 1 1 0 1289.55 1.66294e+06 0.167314
0.03 -0.569922 1.01033 1 1 0 1291.18 1.66714e+06 0.164796
0.02 -0.579977 1.01081 1 1 0 1292.76 1.67122e+06 0.167215
0.01 -0.589989 0.988262 1 1 0 1294.38 1.67542e+06 0.168245
