0 0.113929 1.20288 0 0 0 500.758 250799 0.81449
0.01 0.113943 1.21416 0 0 0 500.891 250933 0.808246
0.02 0.113903 1.23887 0 0 0 500.797 250839 0.827394
0.03 0.113949 1.23447 0 0 0 500.862 250903 0.804665
0.04 0.113878 1.21575 8.68056e-08 1.50704e-10 8.68012e-07 500.843 250884 0.809376
0.05 0.11382 1.21943 0 0 0 500.91 250952 0.80773
0.06 0.113913 1.24934 0 0 0 500.822 250864 0.824001
0.07 0.113813 1.21032 0 0 0 500.823 250865 0.811922
0.08 0.114001 1.22547 1.73611e-07 3.01408e-10 1.73594e-06 500.679 250721 0.816154
0.09 0.113979 1.21063 0 0 0 500.697 250738 0.809294
0.1 0.113783 1.2406 0 0 0 500.888 250929 0.816081
0.11 0.113976 1.22626 0 0 0 500.725 250766 0.80932
0.12 0.113962 1.22105 0 0 0 500.815 250857 0.819361
0.13 0.113905 1.23287 0 0 0 500.83 250871 0.802242
0.14 0.113962 1.22022 8.68056e-08 1.50704e-10 8.68012e-07 500.761 250802 0.803019
0.15 0.113902 1.22905 1.73611e-07 3.01408e-10 1.73594e-06 500.808 250849 0.811618
0.16 0.114004 1.23062 8.68056e-08 1.50704e-10 8.68012e-07 500.784 250824 0.802892
0.17 0.113846 1.24145 8.68056e-08 1.50704e-10 8.68012e-07 500.86 250900 0.801029
0.18 0.114055 1.23323 0 0 0 500.721 250763 0.824676
0.19 0.11391 1.21501 1.73611e-07 3.01408e-10 1.73594e-06 500.817 250858 0.813184
0.2 0.113863 1.23063 8.68056e-08 1.50704e-10 8.68012e-07 500.839 250880 0.814316
0.21 0.113813 1.22581 8.68056e-08 1.50704e-10 8.68012e-07 500.874 250915 0.802167
0.22 0.114012 1.22596 1.73611e-07 3.01408e-10 1.73594e-06 500.688 250729 0.814804
0.23 0.113807 1.22548 8.68056e-08 1.50704e-10 8.68012e-07 500.945 250986 0.805942
0.24 0.113931 1.20244 1.73611e-07 3.01408e-10 1.73594e-06 500.878 250920 0.81663
0.25 0.113946 1.22932 0 0 0 500.74 250781 0.814041
0.26 0.113812 1.24816 8.68056e-08 1.50704e-10 8.68012e-07 500.946 250988 0.816553
0.27 0.113961 1.21903 2.60417e-07 4.52112e-10 2.60378e-06 500.685 250726 0.811935
0.28 0.113941 1.24398 6.94444e-07 1.20563e-09 6.94167e-06 500.787 250828 0.817034
0.29 0.113908 1.23783 2.60417e-07 4.52112e-10 2.60378e-06 500.819 250861 0.817559
0.3 0.113846 1.23447 1.73611e-07 3.01408e-10 1.73594e-06 500.908 250949 0.809728
0.31 0.113805 1.22828 6.07639e-07 1.05493e-09 6.07426e-06 500.845 250886 0.817988
0.32 0.11393 1.23202 4.34028e-07 7.5352e-10 4.33919e-06 500.848 250889 0.817167
0.33 0.113892 1.19532 3.47222e-07 6.02816e-10 3.47153e-06 500.813 250854 0.808923
0.34 0.113904 1.22506 6.94444e-07 1.20563e-09 6.94167e-06 500.854 250896 0.816987
0.35 0.11397 1.23194 6.94444e-07 1.20563e-09 6.94167e-06 500.723 250764 0.812918
0.36 0.113969 1.24266 5.20833e-07 9.04225e-10 5.20677e-06 500.804 250846 0.820934
0.37 0.113959 1.23584 8.68056e-07 1.50704e-09 8.67622e-06 500.755 250796 0.810151
0.38 0.113998 1.23777 6.94444e-07 1.20563e-09 6.94167e-06 500.717 250758 0.811707
0.39 0.11392 1.21016 9.54861e-07 1.65774e-09 9.54336e-06 500.782 250823 0.821194
0.4 0.113874 1.21565 9.54861e-07 1.65774e-09 9.54336e-06 500.863 250906 0.828022
0.41 0.114021 1.25189 1.04167e-06 1.80845e-09 1.04104e-05 500.747 250789 0.829773
0.42 0.113927 1.25826 1.12847e-06 1.95915e-09 1.12774e-05 500.84 250882 0.826837
0.43 0.113933 1.20275 4.34028e-07 7.5352e-10 4.33919e-06 500.77 250811 0.800181
0.44 0.113905 1.21828 8.68056e-07 1.50704e-09 8.67622e-06 500.833 250875 0.826237
0.45 0.113929 1.2318 1.04167e-06 1.80845e-09 1.04104e-05 500.798 250839 0.806805
0.46 0.113923 1.23164 1.30208e-06 2.26056e-09 1.30111e-05 500.801 250843 0.817095
0.47 0.113927 1.24832 8.68056e-07 1.50704e-09 8.67622e-06 500.793 250834 0.81273
0.48 0.113852 1.23041 1.5625e-06 2.71267e-09 1.56109e-05 500.869 250910 0.81906
0.49 0.113735 1.20348 1.99653e-06 3.46619e-09 1.99423e-05 500.933 250975 0.817049
0.5 0.113902 1.25291 1.82292e-06 3.16479e-09 1.821e-05 500.765 250807 0.831043
0.51 0.11401 1.24352 2.86458e-06 4.97323e-09 2.85986e-05 500.772 250814 0.812069
0.52 0.11398 1.22196 2.51736e-06 4.37042e-09 2.51371e-05 500.763 250805 0.817786
0.53 0.113878 1.24244 3.38542e-06 5.87746e-09 3.37882e-05 500.958 250999 0.811432
0.54 0.11393 1.23416 3.81944e-06 7.2338e-09 4.15826e-05 500.854 250895 0.821297
0.55 0.114037 1.19667 4.42708e-06 7.68591e-09 4.41579e-05 500.697 250738 0.803865
0.56 0.113911 1.21551 4.86111e-06 8.43943e-09 4.8475e-05 500.898 250939 0.811334
0.57 0.113949 1.2205 5.81597e-06 1.00972e-08 5.79649e-05 500.702 250743 0.806424
0.58 0.113906 1.24748 5.03472e-06 8.74084e-09 5.02012e-05 500.848 250889 0.819643
0.59 0.113912 1.23187 6.68403e-06 1.16042e-08 6.65829e-05 500.761 250803 0.815015
0.6 0.11383 1.23422 6.33681e-06 1.10014e-08 6.31368e-05 500.945 250987 0.833325
0.61 0.113913 1.22446 6.94444e-06 1.20563e-08 6.91667e-05 500.823 250865 0.811929
0.62 0.113877 1.24552 6.25e-06 1.08507e-08 6.2275e-05 500.901 250943 0.829624
0.63 0.113918 1.21614 7.11806e-06 1.23577e-08 7.08887e-05 500.87 250911 0.801756
0.64 0.113866 1.23283 7.89931e-06 1.40155e-08 8.03697e-05 500.879 250922 0.826896
0.65 0.113975 1.21815 9.80903e-06 1.70296e-08 9.75361e-05 500.754 250796 0.814929
0.66 0.11398 1.22855 1.21528e-05 2.17014e-08 0.000124149 500.805 250847 0.817367
0.67 0.11389 1.21532 1.31944e-05 2.32084e-08 0.000132678 500.863 250904 0.809646
0.68 0.113878 1.25799 1.23264e-05 2.14e-08 0.000122389 500.904 250946 0.815228
0.69 0.113897 1.22561 1.25868e-05 2.24549e-08 0.000128428 500.83 250872 0.830193
0.7 0.113863 1.23456 1.32812e-05 2.30577e-08 0.000131796 500.871 250913 0.82763
0.71 0.114046 1.23469 1.54514e-05 2.68253e-08 0.000153139 500.64 250682 0.829395
0.72 0.113991 1.24578 1.92708e-05 3.49633e-08 0.00019925 500.863 250905 0.811311
0.73 0.114006 1.23966 2.28299e-05 4.05394e-08 0.000230505 500.818 250860 0.819384
0.74 0.113827 1.22347 2.31771e-05 4.08408e-08 0.000232149 500.935 250976 0.806238
0.75 0.113893 1.24195 2.8559e-05 4.98831e-08 0.000282628 500.93 250972 0.817191
0.76 0.113881 1.22719 3.15972e-05 5.72676e-08 0.00032411 500.876 250918 0.809501
0.77 0.113873 1.22937 3.28125e-05 5.7569e-08 0.000325396 500.817 250859 0.822368
0.78 0.113796 1.22736 3.74132e-05 6.76661e-08 0.000381694 500.965 251007 0.813451
0.79 0.113921 1.22743 4.14931e-05 7.5352e-08 0.000424111 500.863 250904 0.802141
0.8 0.113983 1.21594 4.12326e-05 7.18859e-08 0.00040427 500.741 250782 0.805918
0.81 0.113903 1.27714 4.63542e-05 8.25858e-08 0.000463318 500.829 250871 0.829993
0.82 0.114031 1.20844 5.71181e-05 1.05191e-07 0.000587111 500.777 250819 0.810043
0.83 0.113861 1.22672 5.26042e-05 9.43408e-08 0.000527464 500.899 250941 0.816503
0.84 0.11393 1.23082 6.8316e-05 1.22824e-07 0.000680583 500.85 250892 0.815438
0.85 0.113952 1.24678 6.75347e-05 1.19358e-07 0.000661229 500.912 250953 0.811049
0.86 0.113899 1.21524 7.88194e-05 1.44977e-07 0.000799285 500.884 250925 0.811997
0.87 0.113965 1.21263 8.77604e-05 1.57184e-07 0.000861019 500.772 250813 0.803139
0.88 0.113912 1.25909 9.21875e-05 1.68789e-07 0.000923271 500.921 250964 0.834549
0.89 0.113864 1.22198 0.000100955 1.85818e-07 0.00101161 501.011 251053 0.826889
0.9 0.113934 1.19227 0.000118229 2.21535e-07 0.00119553 500.96 251002 0.813942
0.91 0.113967 1.2253 0.000136719 2.63581e-07 0.00141056 500.877 250919 0.821438
0.92 0.113949 1.21789 0.000143229 2.74281e-07 0.0014617 501.022 251064 0.817147
0.93 0.113922 1.24724 0.000157986 3.08341e-07 0.00163227 501.034 251077 0.824056
0.94 0.113887 1.23509 0.000176128 3.34111e-07 0.0017458 501.168 251210 0.824922
0.95 0.113963 1.22805 0.000190799 3.6591e-07 0.00189795 500.989 251031 0.831085
0.96 0.114001 1.22511 0.00020625 3.96955e-07 0.00204143 500.918 250959 0.807435
0.97 0.11407 1.24464 0.000223003 4.32671e-07 0.00220574 500.902 250944 0.813301
0.98 0.114092 1.21094 0.000274392 5.61071e-07 0.00279809 501.031 251073 0.819562
0.99 0.114009 1.24149 0.000304861 6.2723e-07 0.00307751 501.011 251054 0.82736
1 0.114116 1.23272 0.000328038 6.92485e-07 0.00336889 500.969 251010 0.814398
1.01 0.114194 1.25731 0.000373003 7.92854e-07 0.00376544 500.999 251042 0.836852
1.02 0.113976 1.2244 0.00040434 8.73782e-07 0.00409128 501.213 251255 0.824365
1.03 0.114193 1.22325 0.000466667 1.01936e-06 0.00461713 500.987 251029 0.82293
1.04 0.114124 1.2323 0.000474132 1.05252e-06 0.00476765 501.109 251152 0.838094
1.05 0.114167 1.23412 0.00053099 1.22055e-06 0.00540635 501.111 251154 0.829218
1.06 0.114104 1.23899 0.000584375 1.38105e-06 0.00598785 501.285 251328 0.835174
1.07 0.114126 1.23293 0.000669792 1.61374e-06 0.00671108 501.395 251438 0.823591
1.08 0.11415 1.24974 0.000692101 1.69135e-06 0.00698313 501.327 251371 0.830618
1.09 0.114115 1.22101 0.000843316 2.19109e-06 0.00852425 501.588 251632 0.832937
1.1 0.113996 1.23872 0.000886632 2.37419e-06 0.00914732 501.601 251645 0.829564
1.11 0.114184 1.26081 0.000961285 2.55926e-06 0.00941869 501.583 251628 0.841459
1.12 0.114225 1.24177 0.0011217 3.11385e-06 0.0106885 501.695 251740 0.849284
1.13 0.114149 1.25098 0.0012447 3.74696e-06 0.0126586 501.976 252022 0.846906
1.14 0.114261 1.20947 0.00132622 4.05846e-06 0.0132458 501.824 251870 0.852694
1.15 0.114343 1.2481 0.00144167 4.67364e-06 0.0149485 501.868 251914 0.846817
1.16 0.114396 1.22223 0.0016855 6.00058e-06 0.0181997 502.097 252144 0.852163
1.17 0.114416 1.25478 0.00188559 6.81363e-06 0.0187671 502.208 252256 0.85783
1.18 0.114418 1.25359 0.00196467 7.15588e-06 0.0189847 502.296 252344 0.859037
1.19 0.114459 1.24604 0.00228116 9.43754e-06 0.0243869 502.494 252543 0.866388
1.2 0.114464 1.23504 0.00245148 1.03029e-05 0.0247286 502.743 252794 0.864848
1.21 0.114471 1.24481 0.0027026 1.2459e-05 0.0296924 502.954 253008 0.888474
1.22 0.114486 1.22627 0.0030375 1.46313e-05 0.0311319 503.116 253171 0.88373
1.23 0.114498 1.22176 0.00343394 1.79083e-05 0.0352303 503.586 253643 0.880607
1.24 0.114492 1.24861 0.00372396 2.05126e-05 0.0382739 503.749 253808 0.894799
1.25 0.11438 1.25104 0.00385564 2.18366e-05 0.0401506 503.945 254006 0.896706
1.26 0.114574 1.2104 0.00464627 3.03728e-05 0.0506013 504.474 254541 0.923276
1.27 0.114629 1.21912 0.00512109 3.63304e-05 0.0582036 504.804 254874 0.921143
1.28 0.114662 1.2301 0.0057263 4.28405e-05 0.0578878 505.251 255326 0.936787
1.29 0.114681 1.25485 0.0063066 5.12484e-05 0.0660975 505.666 255747 0.975813
1.3 0.114782 1.24193 0.00747118 7.00418e-05 0.0819262 506.625 256720 0.999394
1.31 0.114621 1.21877 0.00769896 7.38815e-05 0.0841393 506.893 256991 0.98295
1.32 0.114767 1.24958 0.00869479 9.19654e-05 0.0942679 507.499 257606 0.999008
1.33 0.114677 1.22248 0.00982535 0.000116036 0.112314 508.486 258612 1.05743
1.34 0.11474 1.21128 0.0110779 0.00014401 0.122635 509.461 259605 1.06042
1.35 0.114625 1.21055 0.0128485 0.000191217 0.150525 510.796 260970 1.13352
1.36 0.114561 1.23402 0.013429 0.000205651 0.145804 511.286 261470 1.10762
1.37 0.114456 1.21181 0.0165389 0.000309209 0.205483 513.774 264027 1.23904
1.38 0.114443 1.20473 0.0182714 0.00037091 0.213512 514.873 265159 1.24192
1.39 0.114259 1.1718 0.0202548 0.000455308 0.2595 516.527 266866 1.28776
1.4 0.113901 1.20108 0.0239205 0.000627231 0.317038 519.446 269901 1.481
1.41 0.113625 1.22343 0.0269595 0.000794138 0.387797 521.751 272310 1.6351
1.42 0.113014 1.20995 0.0322855 0.00112409 0.470812 526.053 276825 1.78061
1.43 0.112407 1.22895 0.0363684 0.00143936 0.672179 529.242 280214 2.21886
1.44 0.111599 1.23153 0.0439189 0.002056 0.732259 535.168 286526 2.26176
1.45 -0.325406 567.513 0.953788 0.948552 223.726 1243.8 1.5705e+06 188.725
1.46 -0.358755 1.01871 0.999876 0.999753 0.00121333 1279.64 1.63751e+06 0.166823
1.47 -0.368716 1.03297 0.999887 0.999773 0.00114819 1279.58 1.63736e+06 0.168273
1.48 -0.378778 1.03428 0.999896 0.999793 0.00101375 1279.56 1.63729e+06 0.169088
1.49 -0.388809 1.05154 0.999903 0.999806 0.000981049 1279.66 1.63755e+06 0.170865
1.5 -0.39884 1.04653 0.999912 0.999825 0.00087838 1279.66 1.63754e+06 0.172108
1.51 -0.408856 1.01938 0.999925 0.999851 0.000750885 1279.63 1.63746e+06 0.16818
1.52 -0.418806 1.03207 0.999934 0.999869 0.000648002 1279.64 1.63749e+06 0.16965
1.53 -0.4288 1.03135 0.999941 0.999883 0.000592086 1279.65 1.63754e+06 0.168361
1.54 -0.438839 1.01842 0.999944 0.999889 0.000561972 1279.64 1.6375e+06 0.16905
1.55 -0.448873 1.02067 0.99995 0.9999 0.000502861 1279.64 1.63751e+06 0.167775
1.56 -0.458872 1.03787 0.999953 0.999906 0.000465501 1279.64 1.63749e+06 0.168675
1.57 -0.468811 1.03087 0.999958 0.999917 0.000414521 1279.65 1.63753e+06 0.171071
1.58 -0.4788 1.03777 0.999964 0.999929 0.000356384 1279.66 1.63756e+06 0.168655
1.59 -0.488874 1.02983 0.999968 0.999936 0.000322183 1279.65 1.63751e+06 0.169041
1.6 -0.498823 1.016 0.99997 0.99994 0.000307244 1279.66 1.63755e+06 0.168816
1.61 -0.508767 1.03441 0.999971 0.999943 0.000286043 1279.69 1.63762e+06 0.168458
1.62 -0.51886 1.03226 0.999975 0.999949 0.000253244 1279.72 1.6377e+06 0.169725
1.63 -0.528889 1.03168 0.999975 0.999951 0.00024387 1279.68 1.63761e+06 0.166065
1.64 -0.538887 1.03478 0.999979 0.999958 0.000210111 1279.62 1.63745e+06 0.170294
1.65 -0.548859 1.00714 0.999982 0.999964 0.000179564 1279.65 1.63752e+06 0.169379
1.66 -0.558862 1.02874 0.999984 0.999969 0.000153991 1279.63 1.63747e+06 0.168042
1.67 -0.568889 1.03443 0.999985 0.99997 0.000148022 1279.67 1.63757e+06 0.167263
1.68 -0.578837 1.03758 0.999986 0.999972 0.000141222 1279.68 1.63759e+06 0.169854
1.69 -0.588859 1.02447 0.999986 0.999972 0.000138632 1279.63 1.63748e+06 0.170204
1.7 -0.598823 1.05017 0.999988 0.999977 0.000114684 1279.74 1.63776e+06 0.169056
1.71 -0.60888 1.02576 0.99999 0.99998 0.000100968 1279.68 1.6376e+06 0.168974
1.72 -0.61887 1.04165 0.999993 0.999986 6.83055e-05 1279.67 1.63759e+06 0.172406
1.73 -0.628928 1.03809 0.999992 0.999984 8.20736e-05 1279.74 1.63775e+06 0.168737
1.74 -0.63888 1.01502 0.999993 0.999986 6.83055e-05 1279.65 1.63753e+06 0.173518
1.75 -0.648885 1.01502 0.999995 0.999989 5.45152e-05 1279.7 1.63765e+06 0.170919
1.76 -0.658836 1.01731 0.999994 0.999988 5.79649e-05 1279.65 1.63753e+06 0.170141
1.77 -0.668851 1.02917 0.999995 0.999989 5.53887e-05 1279.67 1.63758e+06 0.168764
1.78 -0.678821 1.02245 0.999995 0.99999 5.10642e-05 1279.72 1.6377e+06 0.169034
1.79 -0.688918 1.0234 0.999996 0.999991 4.41579e-05 1279.67 1.63759e+06 0.168844
1.8 -0.698888 1.01834 0.999995 0.999991 4.67484e-05 1279.63 1.63749e+06 0.172844
1.81 -0.708881 1.02965 0.999996 0.999992 3.89746e-05 1279.66 1.63756e+06 0.168897
1.82 -0.718894 1.00354 0.999996 0.999993 3.72461e-05 1279.67 1.63759e+06 0.167603
1.83 -0.728925 1.03799 0.999997 0.999994 3.11938e-05 1279.65 1.63751e+06 0.168892
1.84 -0.73886 1.02077 0.999997 0.999995 2.60026e-05 1279.69 1.63762e+06 0.16985
1.85 -0.748862 1.01654 0.999998 0.999997 1.64774e-05 1279.66 1.63754e+06 0.168916
1.86 -0.758918 1.027 0.999998 0.999996 1.90762e-05 1279.67 1.63758e+06 0.167547
1.87 -0.768909 1.01146 0.999998 0.999996 1.821e-05 1279.67 1.63757e+06 0.169572
1.88 -0.778934 1.02221 0.999998 0.999997 1.73437e-05 1279.72 1.6377e+06 0.169112
1.89 -0.788846 1.01618 0.999999 0.999997 1.47444e-05 1279.65 1.63752e+06 0.168676
1.9 -0.79886 1.018 0.999999 0.999997 1.38778e-05 1279.69 1.63763e+06 0.169419
1.91 -0.808945 1.0194 0.999998 0.999997 1.56109e-05 1279.66 1.63756e+06 0.169499
1.92 -0.818958 1.03165 0.999999 0.999998 8.67622e-06 1279.71 1.63769e+06 0.167807
1.93 -0.828908 1.01496 0.999999 0.999998 1.21443e-05 1279.66 1.63756e+06 0.168288
1.94 -0.838871 1.01194 0.999999 0.999998 1.04104e-05 1279.65 1.63752e+06 0.171984
1.95 -0.848887 1.0209 0.999999 0.999998 1.21443e-05 1279.68 1.63761e+06 0.169499
1.96 -0.858889 1.02895 0.999999 0.999998 9.54336e-06 1279.69 1.63762e+06 0.166352
1.97 -0.868858 1.03564 0.999999 0.999998 7.80898e-06 1279.63 1.63748e+06 0.16773
1.98 -0.878952 1.03021 1 0.999999 4.33919e-06 1279.75 1.63779e+06 0.165773
1.99 -0.888894 1.02967 1 0.999999 4.33919e-06 1279.69 1.63762e+06 0.171896
2 -0.898869 1.03336 1 0.999999 3.47153e-06 1279.69 1.63763e+06 0.166319
2.01 -0.908877 1.01827 1 0.999999 3.47153e-06 1279.64 1.6375e+06 0.166596
2.02 -0.918876 1.05202 0.999999 0.999999 6.07426e-06 1279.65 1.63752e+06 0.169106
2.03 -0.92891 1.03924 0.999999 0.999999 6.07426e-06 1279.65 1.63753e+06 0.171308
2.04 -0.93891 1.03096 1 1 1.73594e-06 1279.67 1.63759e+06 0.170729
2.05 -0.948912 1.01436 1 0.999999 2.60378e-06 1279.65 1.63752e+06 0.170291
2.06 -0.958813 1.02003 1 1 8.68012e-07 1279.63 1.63747e+06 0.166805
2.07 -0.968895 1.03927 1 1 0 1279.63 1.63747e+06 0.167903
2.08 -0.978902 0.99897 1 1 8.68012e-07 1279.7 1.63764e+06 0.170444
2.09 -0.988866 1.02894 1 0.999999 2.60378e-06 1279.72 1.6377e+06 0.170189
2.1 -0.998857 1.01834 1 0.999999 2.60378e-06 1279.65 1.63751e+06 0.167419
2.11 -1.00891 1.01481 1 1 0 1279.69 1.63762e+06 0.167937
2.12 -1.01892 1.01971 1 1 1.73594e-06 1279.61 1.63742e+06 0.16825
2.13 -1.02888 1.00795 1 0.999999 2.60378e-06 1279.7 1.63764e+06 0.168345
2.14 -1.03889 1.02518 1 1 1.73594e-06 1279.62 1.63745e+06 0.166713
2.15 -1.04888 1.01404 1 1 8.68012e-07 1279.62 1.63744e+06 0.166683
2.16 -1.05882 1.03935 1 0.999999 4.33919e-06 1279.67 1.63758e+06 0.168821
2.17 -1.06884 1.02482 1 1 8.68012e-07 1279.65 1.63753e+06 0.172552
2.18 -1.07887 1.02289 1 0.999999 3.47153e-06 1279.66 1.63754e+06 0.167287
2.19 -1.08892 1.01932 1 1 1.73594e-06 1279.66 1.63754e+06 0.170053
2.2 -1.09891 1.01185 1 1 0 1279.63 1.63748e+06 0.164777
2.21 -1.10888 1.0352 1 1 0 1279.63 1.63747e+06 0.171091
2.22 -1.11887 1.02893 1 1 0 1279.67 1.63758e+06 0.167134
2.23 -1.12889 1.0232 1 1 0 1279.72 1.63771e+06 0.172048
2.24 -1.13886 1.02734 1 1 0 1279.65 1.63752e+06 0.168005
2.25 -1.14882 1.02544 1 1 8.68012e-07 1279.67 1.63759e+06 0.169638
2.26 -1.15886 1.02371 1 1 0 1279.7 1.63765e+06 0.169654
2.27 -1.16894 0.997824 1 1 0 1279.68 1.63761e+06 0.169702
2.28 -1.17888 1.02362 1 1 8.68012e-07 1279.65 1.63752e+06 0.167557
2.29 -1.1889 1.02437 1 1 0 1279.74 1.63776e+06 0.168115
2.3 -1.19884 1.01617 1 1 0 1279.66 1.63755e+06 0.167849
2.31 -1.20892 1.03395 1 1 8.68012e-07 1279.65 1.63753e+06 0.170788
2.32 -1.21884 1.01803 1 1 8.68012e-07 1279.7 1.63765e+06 0.168194
2.33 -1.2289 1.03253 1 1 0 1279.66 1.63755e+06 0.16981
2.34 -1.23882 1.02408 1 1 0 1279.68 1.63759e+06 0.169214
2.35 -1.24887 1.02083 1 1 0 1279.7 1.63764e+06 0.170159
2.36 -1.2589 1.02909 1 1 0 1279.73 1.63772e+06 0.172018
2.37 -1.26892 1.0104 1 1 0 1279.7 1.63765e+06 0.17014
2.38 -1.27888 1.02716 1 1 0 1279.65 1.63753e+06 0.170216
2.39 -1.28887 1.03177 1 1 0 1279.64 1.63751e+06 0.170367
2.4 -1.29889 1.02674 1 1 0 1279.68 1.63761e+06 0.167986
2.41 -1.3089 1.02483 1 1 0 1279.67 1.63758e+06 0.168997
2.42 -1.31887 1.01738 1 1 0 1279.63 1.63748e+06 0.16759
2.43 -1.32889 1.02635 1 1 0 1279.7 1.63765e+06 0.170302
2.44 -1.33891 1.02185 1 1 0 1279.64 1.63751e+06 0.169222
2.45 -1.34894 1.0249 1 1 0 1279.67 1.63758e+06 0.169794
2.46 -1.35891 1.0167 1 1 0 1279.63 1.63747e+06 0.169917
2.47 -1.3689 1.02414 1 1 8.68012e-07 1279.67 1.63758e+06 0.169053
2.48 -1.37894 1.0141 1 1 0 1279.64 1.6375e+06 0.167632
2.49 -1.38892 1.02308 1 1 0 1279.62 1.63744e+06 0.169261
