0 -0.2 inf 1 1 -nan 1296 1.67962e+06 -inf
0.01 -0.190001 1.00464 1 1 0 1294.91 1.6768e+06 0.109652
0.02 -0.179981 0.995637 1 1 0 1293.83 1.67401e+06 0.111285
0.03 -0.169955 0.991457 1 1 0 1292.77 1.67125e+06 0.112947
0.04 -0.159885 1.01265 1 1 0 1291.7 1.6685e+06 0.111986
0.05 -0.149803 1.01442 1 0.999999 5.20755e-06 1290.61 1.66569e+06 0.111829
0.06 -0.139772 1.01354 0.999996 0.999992 6.35174e-05 1289.5 1.66282e+06 0.10883
0.07 -0.129636 1.01997 0.999968 0.999937 0.000445654 1288.42 1.66003e+06 0.111917
0.08 -0.119451 1.03999 0.999858 0.999716 0.00180231 1287.31 1.65717e+06 0.112068
0.09 -0.109037 1.05558 0.999561 0.999123 0.00500947 1286.09 1.65405e+06 0.113578
0.1 -0.0983597 1.10836 0.998915 0.997834 0.0111256 1284.87 1.65091e+06 0.113685
0.11 -0.0873611 1.11648 0.997704 0.995418 0.0213191 1283.37 1.64704e+06 0.113582
0.12 -0.0755123 1.21542 0.995649 0.991324 0.0382141 1281.65 1.64264e+06 0.118302
0.13 -0.0626912 1.36698 0.992508 0.985086 0.0629607 1279.55 1.63728e+06 0.121982
0.14 -0.0485936 1.49108 0.987721 0.975617 0.098922 1276.88 1.63043e+06 0.129815
0.15 -0.0331808 1.6531 0.981106 0.962609 0.15211 1273.62 1.62213e+06 0.140691
0.16 -0.0158389 1.90995 0.97183 0.944517 0.232889 1269.34 1.61125e+06 0.158886
0.17 0.00564736 2.46938 0.957279 0.916513 0.439346 1262.71 1.59449e+06 0.221435
0.18 0.194314 0.777864 0.00210833 8.2399e-06 0.0121434 451.824 204211 0.808655
0.19 0.201888 0.726101 0.00222543 8.81785e-06 0.0117179 447.398 200233 0.803052
0.2 0.208746 0.684171 0.00238229 9.84821e-06 0.0120179 443.686 196927 0.791209
0.21 0.21528 0.648786 0.00256042 1.11406e-05 0.0125758 440.274 193913 0.781247
0.22 0.221356 0.602062 0.00267179 1.1853e-05 0.0123436 436.998 191042 0.77225
0.23 0.227584 0.573154 0.00277483 1.26603e-05 0.0124233 433.604 188089 0.774409
0.24 0.232922 0.538014 0.00292726 1.36212e-05 0.0121258 431.112 185936 0.759654
0.25 0.238365 0.511849 0.00302066 1.43868e-05 0.0121246 428.327 183545 0.753938
0.26 0.243501 0.49572 0.00321918 1.60727e-05 0.012649 425.947 181515 0.757656
0.27 0.248452 0.475613 0.00333377 1.6989e-05 0.0125334 423.386 179342 0.754238
0.28 0.252946 0.453984 0.00349314 1.84789e-05 0.0129124 421.556 177796 0.729525
0.29 0.257236 0.440626 0.00364592 1.98611e-05 0.0130462 419.414 175997 0.727822
0.3 0.261806 0.429652 0.00377891 2.09429e-05 0.0127925 417.36 174281 0.731111
0.31 0.265804 0.397153 0.00390868 2.21351e-05 0.0127414 415.691 172892 0.720238
0.32 0.269815 0.393647 0.00410616 2.42958e-05 0.0133833 413.901 171409 0.71488
0.33 0.273521 0.379093 0.00423854 2.54696e-05 0.0130985 412.496 170251 0.716935
0.34 0.277335 0.363157 0.00434531 2.66969e-05 0.0132398 410.734 168802 0.711515
0.35 0.280867 0.351167 0.00454097 2.87827e-05 0.0134327 409.427 167731 0.701916
0.36 0.284379 0.337085 0.00473064 3.08469e-05 0.0135486 407.932 166512 0.707874
0.37 0.287579 0.323544 0.00484462 3.2181e-05 0.0135605 406.654 165472 0.693
0.38 0.290742 0.316672 0.00504722 3.46728e-05 0.0139427 405.651 164663 0.715216
0.39 0.293933 0.313873 0.00521745 3.65803e-05 0.0138218 404.558 163778 0.705639
0.4 0.297136 0.300846 0.00550599 4.03186e-05 0.0144039 403.663 163057 0.697215
0.41 0.300114 0.290042 0.00553507 4.06343e-05 0.0140451 402.203 161882 0.693554
0.42 0.302968 0.283863 0.00572118 4.27909e-05 0.0137952 401.176 161059 0.692371
0.43 0.306018 0.28165 0.00594184 4.60063e-05 0.0143342 400.147 160238 0.701834
0.44 0.308533 0.277658 0.00615946 4.92096e-05 0.0147542 399.653 159843 0.689737
0.45 0.311513 0.264254 0.00633715 5.15486e-05 0.0145781 398.706 159091 0.69414
0.46 0.313779 0.257498 0.00651224 5.40674e-05 0.014598 397.929 158472 0.681722
0.47 0.316636 0.260757 0.00667517 5.66461e-05 0.0148144 396.96 157706 0.688625
0.48 0.319004 0.251738 0.0069954 6.16107e-05 0.0152101 396.555 157387 0.685882
0.49 0.321702 0.248494 0.00709106 6.31072e-05 0.0150748 395.481 156541 0.697787
0.5 0.323868 0.239411 0.00731858 6.70904e-05 0.0155853 395.026 156182 0.687443
0.51 0.326446 0.236091 0.00757882 7.1277e-05 0.0156294 394.333 155636 0.687193
0.52 0.32852 0.232582 0.00781337 7.53508e-05 0.0158423 394.09 155445 0.677466
0.53 0.33097 0.229688 0.00802309 7.93342e-05 0.0162631 393.306 154832 0.686677
0.54 0.333379 0.230254 0.00825078 8.32783e-05 0.0162165 392.819 154453 0.689426
0.55 0.335791 0.222406 0.00850182 8.79378e-05 0.0163969 392.262 154020 0.696816
0.56 0.337794 0.225081 0.00871467 9.20797e-05 0.0165953 391.959 153781 0.678321
0.57 0.339865 0.216344 0.00901536 9.82026e-05 0.0171039 391.764 153627 0.664586
0.58 0.342283 0.213423 0.0091895 0.000101762 0.0171953 390.941 152992 0.690996
0.59 0.344341 0.212649 0.00947648 0.000107159 0.0169441 390.719 152818 0.683048
0.6 0.346463 0.207956 0.00969983 0.000112274 0.0174598 390.4 152573 0.684181
0.61 0.348495 0.210983 0.0100619 0.000120387 0.018078 390.249 152457 0.683919
0.62 0.350681 0.206857 0.0102973 0.000125232 0.017835 389.987 152257 0.690739
0.63 0.352843 0.205437 0.0105427 0.000131145 0.0182819 389.631 151977 0.672564
0.64 0.354576 0.202066 0.0107443 0.00013539 0.0179552 389.282 151708 0.673703
0.65 0.356653 0.199776 0.0110219 0.000142023 0.0182024 388.856 151378 0.668822
0.66 0.358529 0.200467 0.0113768 0.000150704 0.0185645 388.952 151457 0.673773
0.67 0.360724 0.202588 0.0115236 0.000154668 0.0188056 388.29 150948 0.687199
0.68 0.362507 0.197377 0.0118871 0.000164249 0.0194371 388.402 151034 0.674899
0.69 0.364209 0.193977 0.0121463 0.000170896 0.0195037 388.325 150982 0.691525
0.7 0.366744 0.196658 0.012613 0.000183115 0.0197704 388.485 151105 0.679956
0.71 0.36866 0.198152 0.0128569 0.000190122 0.0201367 387.987 150724 0.688725
0.72 0.370337 0.193194 0.0130998 0.000196743 0.0201098 387.67 150479 0.685315
0.73 0.372703 0.195874 0.0134707 0.0002077 0.0207036 387.799 150584 0.690542
0.74 0.374302 0.192822 0.0138223 0.000218209 0.0211348 387.939 150696 0.693765
0.75 0.376089 0.192082 0.0142126 0.000229834 0.0213784 388.11 150830 0.689777
0.76 0.378164 0.193111 0.0144207 0.000235875 0.0211582 387.671 150491 0.685291
0.77 0.379969 0.186327 0.0146894 0.000244329 0.0213568 387.571 150411 0.669292
0.78 0.382071 0.195148 0.0151932 0.000260749 0.0220906 387.951 150714 0.687998
0.79 0.384035 0.192676 0.0154366 0.00026828 0.0218661 387.546 150402 0.687621
0.8 0.385747 0.188399 0.0158273 0.000281595 0.0223868 387.932 150709 0.699135
0.81 0.387727 0.196607 0.0162491 0.000296081 0.0227886 388.248 150956 0.695947
0.82 0.38973 0.189298 0.0165423 0.000306054 0.022764 387.972 150741 0.686625
0.83 0.391945 0.19233 0.0170569 0.000324409 0.023229 388.172 150902 0.694895
0.84 0.393179 0.192099 0.0172733 0.000332603 0.0234769 388.153 150885 0.680416
0.85 0.395077 0.195193 0.0176076 0.000345517 0.0240504 388.235 150954 0.691091
0.86 0.397322 0.197904 0.0180627 0.000362706 0.0244103 388.579 151231 0.708593
0.87 0.399176 0.196453 0.0185105 0.000379159 0.0241791 388.835 151428 0.694393
0.88 0.401428 0.195036 0.018953 0.000397232 0.024884 388.895 151474 0.68543
0.89 0.403021 0.197371 0.0193478 0.0004139 0.025604 389.247 151755 0.696314
0.9 0.40536 0.192734 0.0198083 0.000432766 0.0258534 389.482 151942 0.701477
0.91 0.406732 0.197557 0.0200505 0.000442698 0.0257457 389.392 151874 0.701059
0.92 0.4088 0.196786 0.020631 0.000467879 0.0264466 389.872 152247 0.687942
0.93 0.411036 0.19879 0.0209078 0.000479362 0.0261525 389.622 152054 0.686848
0.94 0.413067 0.19903 0.0213434 0.000499294 0.0268107 390.016 152363 0.685063
0.95 0.414899 0.199186 0.021877 0.000523602 0.0272838 390.615 152839 0.698245
0.96 0.416848 0.20276 0.022322 0.000545045 0.0280652 390.841 153023 0.709503
0.97 0.419119 0.20142 0.022749 0.00056516 0.0282922 391.206 153311 0.709463
0.98 0.42085 0.207866 0.0232602 0.000590998 0.0293634 391.547 153589 0.727648
0.99 0.423197 0.205419 0.0237089 0.000611504 0.0287362 391.754 153743 0.700782
