1 0.483258 0.348054 0.0682801 0.00482203 0.0920777 432.455 187373 0.823351
0.99 0.479772 0.357893 0.067104 0.0046618 0.0924262 431.924 186921 0.847472
0.98 0.476088 0.344834 0.0656927 0.00447006 0.0908236 430.425 185617 0.832928
0.97 0.472934 0.347243 0.0644825 0.00430968 0.0900767 429.408 184734 0.822652
0.96 0.469386 0.338038 0.0633721 0.00416367 0.0885836 428.773 184182 0.814958
0.95 0.465969 0.335584 0.0617871 0.00396352 0.0884492 427.277 182905 0.836166
0.94 0.462599 0.335371 0.0608086 0.00383557 0.0844882 426.914 182582 0.812817
0.93 0.459166 0.332922 0.0595543 0.00368208 0.0838433 425.811 181636 0.810315
0.92 0.456186 0.333396 0.0585011 0.00355779 0.0847795 425.225 181141 0.830055
0.91 0.452532 0.326038 0.0572214 0.00340521 0.0828723 424.159 180234 0.835526
0.9 0.449484 0.33198 0.0563609 0.00330703 0.0835054 423.708 179846 0.83418
0.89 0.445841 0.320414 0.0548718 0.00313626 0.0811207 422.325 178667 0.821203
0.88 0.442946 0.314957 0.0536939 0.00300374 0.0790054 421.203 177717 0.822676
0.87 0.439503 0.317175 0.0526305 0.00288945 0.0791061 420.852 177421 0.83265
0.86 0.436701 0.314334 0.0513979 0.00275707 0.0772372 419.482 176261 0.820269
0.85 0.43369 0.317286 0.0504371 0.00265942 0.0782832 419.178 176005 0.828093
0.84 0.430135 0.312067 0.0491476 0.00252605 0.0758148 418.158 175148 0.830637
0.83 0.427133 0.312403 0.0483745 0.00244952 0.0759382 417.858 174896 0.836713
0.82 0.423824 0.303956 0.0470973 0.00232153 0.0726106 416.824 174024 0.823795
0.81 0.421135 0.302871 0.0462684 0.00224341 0.0729892 416.376 173649 0.828993
0.8 0.417979 0.305925 0.0450033 0.00212752 0.0736018 415.295 172748 0.838213
0.79 0.414807 0.302265 0.0439703 0.00203099 0.0711659 414.586 172145 0.805265
0.78 0.4117 0.295123 0.0429057 0.001938 0.0717037 414.235 171856 0.820141
0.77 0.409004 0.301801 0.0419142 0.00184968 0.0694762 413.319 171096 0.82736
0.76 0.406097 0.295319 0.0409062 0.00176299 0.0679664 412.852 170702 0.814661
0.75 0.403304 0.298932 0.0400755 0.00169303 0.0668054 412.25 170200 0.80745
0.74 0.40009 0.285242 0.0390375 0.0016092 0.0663729 411.574 169647 0.83107
0.73 0.397574 0.291231 0.0381809 0.00154007 0.0649283 411.144 169277 0.790066
0.72 0.394164 0.28433 0.0371655 0.00146003 0.0630064 410.756 168955 0.79373
0.71 0.391624 0.287194 0.0363537 0.00139895 0.0627602 410.389 168652 0.798109
0.7 0.38878 0.283019 0.0354445 0.00133257 0.0627494 409.859 168218 0.811133
0.69 0.385907 0.293335 0.0345846 0.00126939 0.0611843 409.574 167977 0.799404
0.68 0.383101 0.281965 0.0337032 0.00120713 0.060331 409.218 167679 0.789174
0.67 0.380336 0.279061 0.0327284 0.00113973 0.0589586 408.499 167088 0.79222
0.66 0.37751 0.277201 0.0319232 0.0010865 0.0588326 408.298 166926 0.812353
0.65 0.374799 0.281779 0.0312174 0.00103962 0.0576868 408.179 166821 0.792727
0.64 0.372056 0.280659 0.030261 0.000979642 0.0575216 407.515 166278 0.801469
0.63 0.369003 0.280686 0.029493 0.000931073 0.0559885 407.632 166373 0.813429
0.62 0.366384 0.282599 0.028789 0.000887756 0.0547673 407.385 166157 0.769423
0.61 0.363347 0.274239 0.0279564 0.00083831 0.0535852 407.212 166019 0.795671
0.6 0.360764 0.280083 0.0272095 0.000797116 0.0544904 406.951 165804 0.800657
0.59 0.357818 0.278109 0.0263594 0.000748374 0.0522864 406.833 165702 0.784858
0.58 0.355418 0.276835 0.0258113 0.000718213 0.0516316 406.913 165765 0.788197
0.57 0.352488 0.27873 0.0249679 0.000674482 0.0516251 406.608 165517 0.806294
0.56 0.34943 0.278302 0.0241802 0.000633144 0.0498462 406.568 165474 0.776426
0.55 0.34672 0.278842 0.0236315 0.000605284 0.0490502 406.748 165618 0.779368
0.54 0.344027 0.281075 0.0229495 0.000572173 0.0485271 406.765 165628 0.777554
0.53 0.340955 0.283739 0.0222475 0.000539276 0.0481727 406.925 165760 0.797048
0.52 0.338347 0.284887 0.0216732 0.000512802 0.0477145 406.93 165757 0.780979
0.51 0.335304 0.290048 0.020963 0.000480573 0.0464472 407.074 165871 0.777545
0.5 0.332704 0.288335 0.0205073 0.000461093 0.0467064 407.476 166197 0.787068
0.49 0.329601 0.288481 0.0198652 0.000433067 0.0451884 407.902 166541 0.78468
0.48 0.326895 0.293775 0.0191625 0.000403757 0.0438668 407.762 166423 0.780485
0.47 0.323629 0.300724 0.0185803 0.000381511 0.0444666 408.402 166944 0.791973
0.46 0.320479 0.303971 0.0179964 0.000358533 0.0434059 408.749 167224 0.789239
0.45 0.317495 0.306537 0.0174407 0.000337229 0.0423042 409.122 167523 0.773544
0.44 0.3146 0.309561 0.0169596 0.000320245 0.0426972 409.576 167894 0.785025
0.43 0.311231 0.309269 0.0165234 0.000305046 0.0428944 410.5 168649 0.782183
0.42 0.308364 0.317077 0.0159545 0.000284857 0.0415686 410.768 168864 0.774221
0.41 0.304983 0.325603 0.0154262 0.000267465 0.0414392 411.582 169533 0.790769
0.4 0.301768 0.32735 0.0147867 0.000246496 0.0401025 411.837 169739 0.787654
0.39 0.29819 0.341957 0.0142301 0.000229717 0.0402026 412.793 170526 0.795237
0.38 0.294714 0.343589 0.0138192 0.00021685 0.0392285 413.713 171282 0.786329
0.37 0.291065 0.356692 0.0132497 0.000200141 0.0382776 414.557 171976 0.77274
0.36 0.28791 0.367571 0.0130038 0.000193206 0.0385701 415.663 172894 0.788248
0.35 0.28429 0.386384 0.0125905 0.000181574 0.0379369 416.738 173786 0.791609
0.34 0.28013 0.389782 0.0120725 0.000168292 0.0381981 417.867 174725 0.78974
0.33 0.276391 0.401632 0.0115714 0.0001553 0.0373592 418.816 175518 0.80586
0.32 0.272457 0.411839 0.0112359 0.00014708 0.0375038 420.456 176891 0.803031
0.31 0.26824 0.41757 0.0107034 0.000134804 0.0376096 421.691 177926 0.787186
0.3 0.263827 0.433125 0.0103742 0.000126826 0.0368666 423.496 179451 0.804894
0.29 0.259442 0.456119 0.00995425 0.000117278 0.0361315 425.018 180739 0.803403
0.28 0.254764 0.474801 0.00950807 0.00010786 0.0359112 426.701 182171 0.813358
0.27 0.249956 0.488225 0.00924253 0.00010212 0.0356174 428.791 183957 0.817478
0.26 0.244918 0.511861 0.00883359 9.45567e-05 0.0366078 430.857 185728 0.806999
0.25 0.239789 0.536425 0.00857517 8.88847e-05 0.0353689 433.309 187845 0.814242
0.24 0.234264 0.554787 0.00810703 7.98664e-05 0.0339418 435.577 189813 0.823433
0.23 0.228545 0.592345 0.00773681 7.3776e-05 0.0348551 438.122 192035 0.837162
0.22 0.222563 0.614585 0.00727526 6.56321e-05 0.0332579 440.804 194389 0.83259
0.21 0.216184 0.667695 0.00711849 6.3565e-05 0.0353613 444.198 197392 0.86513
0.2 0.209622 0.678822 0.00670017 5.70542e-05 0.0350261 447.344 200193 0.857069
0.19 0.20259 0.726777 0.00638533 5.22083e-05 0.0346686 450.932 203415 0.878105
0.18 0.194935 0.77968 0.00584835 4.47795e-05 0.033844 454.757 206875 0.872014
0.17 0.186871 0.80044 0.00562604 4.17927e-05 0.0343578 459.372 211089 0.860018
0.16 0.17844 0.858966 0.00525061 3.71915e-05 0.0346415 464.014 215375 0.886202
0.15 0.169311 0.918016 0.00483403 3.22992e-05 0.0342965 469.35 220354 0.909584
0.14 0.159641 1.00825 0.00446363 2.80121e-05 0.0332769 474.989 225674 0.889959
0.13 0.149425 1.06635 0.00392483 2.22849e-05 0.0304866 481.019 231435 0.886133
0.12 0.138188 1.11494 0.0034901 1.86948e-05 0.0312673 487.91 238109 0.893294
0.11 0.126601 1.19383 0.00301892 1.43937e-05 0.0276472 495.188 245259 0.882458
0.1 0.114462 1.23488 0.00249601 1.0502e-05 0.0246062 502.748 252799 0.863718
0.09 0.10193 1.27601 0.0019 6.89863e-06 0.0210472 510.551 260701 0.855677
0.08 0.08931 1.24168 0.00146111 4.64771e-06 0.0180927 518.668 269051 0.820151
0.07 0.0767961 1.23657 0.000734115 1.73415e-06 0.00983502 526.458 277187 0.782549
0.06 0.0647615 1.1663 0.000441059 9.48381e-07 0.00723694 534.12 285308 0.754118
0.05 0.0531307 1.14074 0.000229687 4.39453e-07 0.00445475 541.589 293338 0.728444
0.04 0.0418842 1.12561 7.78646e-05 1.35182e-07 0.00185931 548.885 301290 0.707931
0.03 0.031028 1.06838 0 0 0 555.912 309050 0.697289
0.02 0.0204313 1.03625 0 0 0 562.789 316739 0.680413
0.01 0.0100991 1.03449 0 0 0 569.454 324282 0.672491
