0 -0.9 -inf 1 1 -nan 1296 1.67962e+06 -inf
0.01 -0.889999 1.00973 1 1 0 1294.95 1.67689e+06 0.110851
0.02 -0.87999 1.01624 1 1 0 1293.85 1.67404e+06 0.112639
0.03 -0.869964 0.995129 1 1 0 1292.82 1.67138e+06 0.111922
0.04 -0.859922 1.01603 1 1 0 1291.72 1.66854e+06 0.114518
0.05 -0.84985 0.999216 1 1 0 1290.6 1.66565e+06 0.110812
0.06 -0.839802 1.02066 1 1 0 1289.53 1.6629e+06 0.111113
0.07 -0.829695 1.00972 1 1 0 1288.45 1.6601e+06 0.11087
0.08 -0.819542 1.00001 1 1 0 1287.34 1.65727e+06 0.111796
0.09 -0.80936 1.00306 1 1 1.92882e-06 1286.24 1.65442e+06 0.113782
0.1 -0.799304 1.02127 0.999999 0.999997 1.38778e-05 1285.13 1.65158e+06 0.11341
0.11 -0.789132 1.00851 0.999996 0.999992 3.70025e-05 1284.05 1.6488e+06 0.113202
0.12 -0.778906 1.00915 0.999988 0.999976 9.84242e-05 1282.98 1.64605e+06 0.111436
0.13 -0.768676 1.02506 0.999968 0.999937 0.000245953 1281.85 1.64316e+06 0.112187
0.14 -0.758382 1.04088 0.999928 0.999856 0.000514254 1280.74 1.64032e+06 0.112499
0.15 -0.748108 1.03723 0.999852 0.999705 0.000985625 1279.61 1.63743e+06 0.114144
0.16 -0.737668 1.04436 0.999713 0.999426 0.00180602 1278.48 1.63454e+06 0.111178
0.17 -0.727115 1.06673 0.999513 0.999027 0.00286603 1277.29 1.63151e+06 0.114496
0.18 -0.716305 1.07426 0.999188 0.998378 0.00455781 1276.09 1.62842e+06 0.113275
0.19 -0.705267 1.09716 0.998707 0.997417 0.00687522 1274.82 1.6252e+06 0.116602
0.2 -0.694022 1.16112 0.998068 0.996143 0.00989663 1273.46 1.62174e+06 0.115184
0.21 -0.682427 1.19446 0.997226 0.994464 0.0137549 1272.07 1.6182e+06 0.117354
0.22 -0.670349 1.21065 0.996145 0.992312 0.0177586 1270.65 1.61457e+06 0.1153
0.23 -0.658016 1.25044 0.994784 0.989604 0.0229376 1269.15 1.61076e+06 0.117251
0.24 -0.644805 1.31513 0.993009 0.98608 0.0296451 1267.39 1.60631e+06 0.120167
0.25 -0.631392 1.36343 0.99097 0.982037 0.036903 1265.57 1.60171e+06 0.119683
0.26 -0.617321 1.44047 0.988511 0.977175 0.0471831 1263.6 1.59673e+06 0.124008
0.27 -0.602116 1.52973 0.985463 0.971163 0.0572126 1261.37 1.5911e+06 0.128439
0.28 -0.58668 1.58564 0.982119 0.964592 0.0702841 1259.1 1.58538e+06 0.132337
0.29 -0.569856 1.71603 0.977988 0.956502 0.0835463 1256.42 1.57864e+06 0.135407
0.3 -0.552661 1.81006 0.973343 0.947449 0.100326 1253.61 1.57159e+06 0.139347
0.31 -0.533868 1.91751 0.968003 0.937093 0.118407 1250.4 1.56355e+06 0.147322
0.32 -0.514111 2.03324 0.961714 0.924972 0.141528 1246.78 1.55453e+06 0.154412
0.33 -0.493125 2.19364 0.954775 0.911693 0.169955 1242.83 1.54469e+06 0.163765
0.34 -0.47049 2.35956 0.946739 0.896435 0.204335 1238.32 1.53352e+06 0.178199
0.35 -0.445063 2.62843 0.936687 0.877536 0.253926 1232.81 1.5199e+06 0.19822
0.36 -0.418643 2.77212 0.925771 0.857237 0.294644 1226.62 1.5047e+06 0.222374
0.37 -0.387029 3.25132 0.911449 0.830994 0.396409 1218.65 1.48522e+06 0.270831
0.38 -0.351973 4.13753 0.894099 0.7998 0.587122 1208.55 1.46077e+06 0.386096
0.39 0.28383 0.371899 0.0380293 0.00153087 0.12502 439.209 193096 1.12062
0.4 0.287491 0.370488 0.0376759 0.00150231 0.119285 437.62 191707 1.11944
0.41 0.291085 0.351514 0.0372543 0.00147094 0.116682 436.095 190378 1.11157
0.42 0.294435 0.333503 0.0369414 0.00144571 0.111145 434.844 189285 1.0743
0.43 0.297681 0.332617 0.036458 0.00141112 0.109759 433.553 188172 1.09246
0.44 0.300997 0.321887 0.0363121 0.00139723 0.102979 432.422 187190 1.05836
0.45 0.304227 0.310328 0.0362467 0.00139261 0.100847 431.386 186296 1.04325
0.46 0.307122 0.306969 0.0358451 0.00136421 0.099356 430.07 185163 1.02491
0.47 0.310349 0.300083 0.0358341 0.00136232 0.0958824 429.134 184362 1.02223
0.48 0.313728 0.291143 0.0357926 0.00136008 0.094757 428.183 183550 1.01408
0.49 0.316533 0.286969 0.0357199 0.00135633 0.0945303 427.415 182901 1.03499
0.5 0.319068 0.274528 0.0358194 0.00136269 0.0917683 426.769 182342 0.983842
0.51 0.321986 0.28077 0.0359047 0.00136634 0.0871821 426.221 181879 0.987035
0.52 0.324599 0.271909 0.0359601 0.00137348 0.0890048 425.627 181380 1.00288
0.53 0.327166 0.27032 0.036051 0.00137784 0.0849518 425.112 180941 0.976012
0.54 0.329865 0.264249 0.0361247 0.00138473 0.0850467 424.57 180485 0.981662
0.55 0.332731 0.266397 0.0363725 0.00140372 0.0845821 423.875 179894 0.964535
0.56 0.335267 0.256875 0.036395 0.00140722 0.0849841 423.348 179456 0.981227
0.57 0.337666 0.255681 0.0367092 0.00143156 0.0848807 423.266 179392 0.986056
0.58 0.340434 0.250449 0.0369547 0.00144847 0.0822499 422.743 178952 0.980124
0.59 0.34273 0.24965 0.0372286 0.00146617 0.0783034 422.619 178846 0.958757
0.6 0.345317 0.244038 0.0373813 0.00148265 0.0818721 422.271 178559 0.972023
0.61 0.348005 0.249095 0.0375274 0.00149079 0.077885 421.789 178148 0.937261
0.62 0.350036 0.243531 0.0379658 0.00152566 0.078278 422.175 178486 0.970681
0.63 0.352481 0.239679 0.0384885 0.00156861 0.0797687 422.051 178381 0.955947
0.64 0.355133 0.243415 0.0385205 0.00157249 0.0797918 421.273 177732 0.969565
0.65 0.357463 0.240116 0.0390141 0.00161139 0.0791187 421.636 178037 0.94747
0.66 0.360043 0.240738 0.0395692 0.00165434 0.0773399 421.936 178292 0.943343
0.67 0.362464 0.238488 0.0395941 0.00165853 0.0780932 421.016 177519 0.936093
0.68 0.364314 0.233489 0.0401253 0.00170212 0.0780016 421.857 178231 0.933141
0.69 0.366866 0.231269 0.0408157 0.00175739 0.0763559 421.993 178346 0.919851
0.7 0.369164 0.235209 0.0410691 0.00178128 0.0778525 421.721 178125 0.937891
0.71 0.371799 0.234616 0.0414096 0.00180765 0.0753605 421.677 178086 0.916875
0.72 0.373952 0.237605 0.0421986 0.00187906 0.0786685 422.276 178599 0.928065
0.73 0.376246 0.231637 0.0424938 0.00190305 0.0767935 422.161 178506 0.928957
0.74 0.378844 0.231763 0.0430431 0.00195301 0.0780709 422.323 178651 0.942073
0.75 0.380893 0.239849 0.0436469 0.0020073 0.0785292 422.844 179093 0.933856
0.76 0.383735 0.238007 0.0440001 0.00203735 0.0768039 422.856 179099 0.905372
0.77 0.385334 0.235673 0.0444843 0.00208202 0.0771753 423.286 179469 0.914735
0.78 0.388188 0.23352 0.0452523 0.00215321 0.077866 423.636 179773 0.924203
0.79 0.390587 0.234891 0.0457391 0.00219982 0.0785645 423.871 179979 0.932426
0.8 0.392823 0.235303 0.0461671 0.00223853 0.077133 423.952 180044 0.910137
0.81 0.394996 0.235545 0.0470052 0.00232005 0.0786235 425.051 180989 0.931379
0.82 0.397761 0.236477 0.0478719 0.00240782 0.0815585 425.4 181287 0.920893
0.83 0.40039 0.241542 0.0480506 0.00242354 0.0795819 424.939 180896 0.916648
0.84 0.40234 0.244477 0.0488092 0.0025013 0.0815722 425.969 181780 0.922673
0.85 0.404753 0.247705 0.0495431 0.00257314 0.0803884 426.459 182196 0.907323
0.86 0.407294 0.239629 0.0503893 0.0026625 0.0826584 427.221 182865 0.945002
0.87 0.409712 0.244979 0.0510183 0.00272782 0.0827281 428.035 183559 0.926237
0.88 0.412534 0.248069 0.0516498 0.00279725 0.0847933 428.088 183617 0.949047
0.89 0.414541 0.249896 0.0523446 0.00287164 0.0852201 428.876 184298 0.950411
0.9 0.41762 0.249719 0.0531622 0.00295577 0.0829087 429.273 184627 0.910316
0.91 0.419785 0.249143 0.0540549 0.00305444 0.0838769 430.495 185687 0.922695
0.92 0.422385 0.253263 0.0543082 0.00308238 0.0832697 430.068 185319 0.909627
0.93 0.424774 0.250238 0.0553492 0.00319918 0.0840144 431.228 186326 0.917305
0.94 0.427398 0.259156 0.0559484 0.00326903 0.0850572 431.772 186803 0.925753
0.95 0.43026 0.257607 0.0566775 0.00335099 0.0840658 432.093 187070 0.891031
0.96 0.432295 0.260005 0.0577785 0.00348164 0.0859743 433.807 188575 0.928269
0.97 0.435082 0.255543 0.0581206 0.00352289 0.086037 433.408 188230 0.922029
0.98 0.43822 0.268841 0.059268 0.00366216 0.0878534 434.807 189449 0.919327
0.99 0.439828 0.267959 0.0598024 0.00372548 0.0867805 435.183 189780 0.917532
