1 0.508351 0.385414 0.139455 0.0198042 0.205243 498.502 248989 0.971749
0.99 0.504855 0.382748 0.13795 0.019387 0.207572 497.359 247852 0.988195
0.98 0.500921 0.374059 0.136134 0.0188759 0.201853 496.026 246520 0.983879
0.97 0.496806 0.378297 0.134809 0.0185292 0.21128 495.31 245824 1.02301
0.96 0.493086 0.372876 0.132794 0.0179801 0.207496 493.885 244408 1.02407
0.95 0.489429 0.366344 0.131312 0.0175848 0.207322 492.737 243262 1.00976
0.94 0.485764 0.375759 0.129497 0.0171116 0.209596 491.027 241587 1.03967
0.93 0.48199 0.37063 0.128675 0.0168975 0.210754 490.815 241374 1.03804
0.92 0.47833 0.36688 0.12642 0.0163096 0.205044 489.097 239685 1.04257
0.91 0.474341 0.376153 0.124949 0.0159414 0.208287 487.945 238558 1.05326
0.9 0.470815 0.372479 0.123179 0.0155065 0.213455 486.566 237223 1.08765
0.89 0.466836 0.380082 0.121702 0.0151437 0.215078 485.727 236395 1.07427
0.88 0.463303 0.371893 0.120238 0.014781 0.211877 484.623 235319 1.07867
0.87 0.45956 0.365624 0.118105 0.0142594 0.205583 482.826 233563 1.05102
0.86 0.456575 0.371933 0.117049 0.0140113 0.208243 482.302 233057 1.06651
0.85 0.452536 0.367811 0.115219 0.0135779 0.205022 480.724 231530 1.06308
0.84 0.44909 0.360458 0.113783 0.0132488 0.207175 479.898 230741 1.08982
0.83 0.445168 0.364556 0.112695 0.0129956 0.205029 479.362 230214 1.07272
0.82 0.441516 0.359684 0.111096 0.0126319 0.203466 478.434 229316 1.06388
0.81 0.43765 0.365188 0.109011 0.0121777 0.209234 476.485 227461 1.09669
0.8 0.434198 0.359924 0.107758 0.0118981 0.206151 475.801 226812 1.11701
0.79 0.430419 0.361377 0.106467 0.0116177 0.205878 475.034 226079 1.123
0.78 0.427125 0.352631 0.104932 0.0112927 0.208191 473.904 225003 1.13014
0.77 0.423848 0.354479 0.103687 0.0110228 0.203229 473.17 224290 1.0971
0.76 0.420048 0.351684 0.102009 0.0106721 0.201789 471.951 223134 1.10571
0.75 0.416741 0.352971 0.100507 0.0103798 0.213596 471.131 222384 1.1862
0.74 0.413135 0.351294 0.0989727 0.0100614 0.206867 469.892 221202 1.1595
0.73 0.409624 0.352235 0.0975059 0.00976241 0.201213 468.806 220165 1.12847
0.72 0.406305 0.345539 0.0959289 0.0094601 0.206197 467.701 219135 1.15908
0.71 0.402232 0.341002 0.0940625 0.00909245 0.198512 466.207 217727 1.1434
0.7 0.399376 0.34429 0.0933749 0.00896978 0.206462 466.268 217797 1.1982
0.69 0.395336 0.343205 0.0915621 0.00862369 0.200411 464.893 216497 1.15812
0.68 0.392534 0.347715 0.090467 0.00842149 0.20093 464.378 216007 1.14158
0.67 0.388882 0.343272 0.089453 0.00823509 0.200534 464.247 215886 1.15918
0.66 0.385785 0.343885 0.0882884 0.00802766 0.20319 463.279 214983 1.16252
0.65 0.382132 0.339023 0.086645 0.00773197 0.199044 462.121 213909 1.17554
0.64 0.378602 0.338543 0.0854286 0.00752801 0.206959 461.685 213510 1.20838
0.63 0.375327 0.339112 0.0843253 0.00733554 0.205505 461.305 213157 1.22324
0.62 0.372153 0.338118 0.0831838 0.00713867 0.20358 460.497 212402 1.20725
0.61 0.368424 0.339935 0.0820731 0.00695198 0.203953 460.106 212031 1.18947
0.6 0.365152 0.339273 0.0807296 0.00672929 0.203543 459.217 211219 1.22921
0.59 0.36192 0.337031 0.0801996 0.0066473 0.21022 459.696 211652 1.22418
0.58 0.358256 0.345908 0.0788247 0.00642315 0.208367 458.861 210880 1.22882
0.57 0.355133 0.337573 0.0772943 0.00617548 0.203189 457.855 209953 1.23152
0.56 0.35154 0.339694 0.0773579 0.00618074 0.20211 458.773 210781 1.20099
0.55 0.347939 0.343029 0.0759012 0.00595685 0.205118 458.091 210151 1.20398
0.54 0.344874 0.346574 0.0752483 0.00586013 0.211015 457.861 209948 1.25963
0.53 0.341842 0.350594 0.0745286 0.00574414 0.206089 457.896 209964 1.21751
0.52 0.338031 0.342958 0.0729641 0.00551406 0.2108 456.969 209122 1.26936
0.51 0.334384 0.349384 0.0726168 0.00545927 0.21016 457.551 209650 1.27351
0.5 0.331065 0.353357 0.0719207 0.00535726 0.21275 457.584 209673 1.26973
0.49 0.327469 0.350438 0.0712997 0.00526883 0.217696 457.67 209756 1.30917
0.48 0.324143 0.360575 0.0705653 0.00516108 0.21795 457.851 209910 1.28545
0.47 0.320587 0.367273 0.0704741 0.00514964 0.22432 458.662 210655 1.3189
0.46 0.316843 0.36433 0.0689602 0.00493354 0.222917 458.051 210089 1.32253
0.45 0.313038 0.36656 0.0686711 0.00489109 0.224477 458.704 210684 1.3318
0.44 0.30957 0.381917 0.0685747 0.00487796 0.229721 459.525 211438 1.35792
0.43 0.305378 0.383071 0.0684516 0.00486006 0.233663 460.6 212422 1.35809
0.42 0.301797 0.384791 0.0679764 0.00479435 0.238024 460.606 212424 1.37799
0.41 0.2981 0.400029 0.068676 0.00489301 0.248132 462.573 214245 1.43096
0.4 0.293778 0.40499 0.0684089 0.00485672 0.254795 463.656 215246 1.44921
0.39 0.289878 0.408844 0.0683638 0.00484975 0.26015 464.654 216163 1.43524
0.38 0.285535 0.422966 0.0687337 0.00491314 0.286208 466.01 217435 1.52446
0.37 0.281366 0.433471 0.0695902 0.00502569 0.284719 468.203 219480 1.52998
0.36 0.276778 0.444508 0.0699159 0.00507052 0.291665 469.837 221007 1.53664
0.35 0.272291 0.467976 0.0705061 0.00516503 0.319149 471.523 222607 1.65754
0.34 0.267353 0.488692 0.0715656 0.00530618 0.312638 474.167 225092 1.59544
0.33 0.262708 0.501456 0.0721461 0.00540115 0.342275 476.135 226971 1.69478
0.32 0.257406 0.528359 0.0746422 0.00576875 0.355132 480.089 230747 1.70751
0.31 0.251815 0.559437 0.0769039 0.00612804 0.397314 483.735 234276 1.84479
0.3 0.246166 0.600524 0.0792287 0.00651565 0.457846 487.47 237925 2.03788
0.29 0.240192 0.636797 0.0820152 0.00697556 0.494706 491.776 242149 2.14285
0.28 0.233375 0.682386 0.0860289 0.00765534 0.523268 497.605 247916 2.18768
0.27 0.226194 0.786181 0.0916082 0.0087109 0.680175 504.631 255012 2.63968
0.26 0.218271 0.858967 0.0984572 0.0100301 0.744978 513.068 263611 2.79155
0.25 0.208933 0.990674 0.108067 0.0120793 0.923559 524.147 275145 3.16595
0.24 -0.426998 1.69642 0.979505 0.95947 0.0968046 1246.77 1.55449e+06 0.211473
0.23 -0.443093 1.59033 0.983966 0.968219 0.0764617 1250.43 1.56363e+06 0.199626
0.22 -0.458676 1.45714 0.98779 0.975751 0.0595695 1254 1.57257e+06 0.194182
0.21 -0.473104 1.38349 0.990874 0.981848 0.0454114 1257.18 1.58054e+06 0.185729
0.2 -0.48677 1.33572 0.993325 0.986706 0.0351899 1259.97 1.58758e+06 0.18528
0.19 -0.499928 1.24395 0.995349 0.990728 0.025862 1262.52 1.59401e+06 0.178861
0.18 -0.512024 1.20851 0.996778 0.993572 0.018389 1264.88 1.59997e+06 0.177723
0.17 -0.523893 1.14721 0.997891 0.995791 0.0124423 1267.07 1.6055e+06 0.174111
0.16 -0.535283 1.13542 0.998683 0.997371 0.00828265 1269.11 1.61067e+06 0.173631
0.15 -0.546381 1.08304 0.999215 0.998433 0.0053113 1270.97 1.61539e+06 0.171513
0.14 -0.557197 1.06349 0.999567 0.999134 0.00310609 1272.74 1.6199e+06 0.170467
0.13 -0.567829 1.04998 0.999785 0.99957 0.00167066 1274.58 1.62457e+06 0.169101
0.12 -0.578289 1.06087 0.999912 0.999824 0.000738127 1276.37 1.62915e+06 0.171332
0.11 -0.588633 1.03537 0.999965 0.999931 0.000311742 1278 1.63332e+06 0.168928
0.1 -0.598919 1.04431 0.999989 0.999978 0.000109543 1279.64 1.63751e+06 0.168958
0.09 -0.609073 1.01004 0.999997 0.999995 2.88918e-05 1281.38 1.64195e+06 0.169301
0.08 -0.619331 1.03068 0.999999 0.999999 6.50847e-06 1282.99 1.64608e+06 0.168795
0.07 -0.629506 1.01627 1 1 1.24002e-06 1284.6 1.65022e+06 0.167353
0.06 -0.639601 1.01584 1 1 0 1286.27 1.65451e+06 0.167993
0.05 -0.64974 1.00232 1 1 0 1287.87 1.65862e+06 0.170518
0.04 -0.659852 1.00233 1 1 0 1289.51 1.66284e+06 0.168486
0.03 -0.669916 0.991455 1 1 0 1291.15 1.66706e+06 0.166562
0.02 -0.679971 1.0118 1 1 0 1292.77 1.67126e+06 0.169021
0.01 -0.690002 0.99219 1 1 0 1294.38 1.67542e+06 0.164241
