1 0.484137 0.377438 0.250331 0.0632658 0.345641 590.959 349825 1.00331
0.99 0.481114 0.382046 0.248897 0.0625535 0.351193 589.704 348355 1.03585
0.98 0.476456 0.383392 0.248853 0.0625528 0.367249 590.222 348994 1.09268
0.97 0.472593 0.38603 0.247936 0.0620983 0.371809 589.837 348530 1.08676
0.96 0.468966 0.38971 0.247346 0.0617919 0.367093 589.902 348595 1.07844
0.95 0.46482 0.389545 0.247307 0.0617927 0.383121 590.381 349183 1.12782
0.94 0.460801 0.389916 0.245812 0.0610526 0.385479 589.274 347869 1.12893
0.93 0.457237 0.38779 0.246026 0.0611548 0.387835 590.021 348750 1.13964
0.92 0.452937 0.386269 0.245883 0.0610961 0.399378 590.268 349043 1.15447
0.91 0.449119 0.400172 0.24513 0.0607081 0.392173 589.936 348626 1.11989
0.9 0.445361 0.399282 0.244541 0.0604599 0.422268 589.952 348698 1.23223
0.89 0.441122 0.401279 0.244746 0.0605441 0.416395 590.958 349857 1.19076
0.88 0.437508 0.401193 0.242516 0.0594377 0.408367 588.69 347162 1.17081
0.87 0.433339 0.412088 0.242949 0.0596629 0.422861 589.825 348521 1.22257
0.86 0.429213 0.406746 0.2432 0.0598264 0.455578 590.498 349353 1.30792
0.85 0.425486 0.41561 0.242118 0.0592619 0.434041 589.888 348587 1.23547
0.84 0.421117 0.422349 0.24249 0.0594565 0.449042 590.746 349609 1.26556
0.83 0.416805 0.419194 0.242286 0.0593606 0.456623 591.006 349919 1.28553
0.82 0.412344 0.422419 0.243319 0.0598826 0.476491 592.792 352056 1.34602
0.81 0.408083 0.423941 0.241838 0.0591685 0.485573 591.676 350734 1.36302
0.8 0.403983 0.442187 0.242868 0.059677 0.498454 593.077 352400 1.39193
0.79 0.399352 0.42776 0.242711 0.0595799 0.489508 593.399 352761 1.36393
0.78 0.395155 0.438251 0.242671 0.0596071 0.530162 593.734 353214 1.49836
0.77 0.390119 0.446356 0.244206 0.0603458 0.530438 596.053 355952 1.4669
0.76 0.386645 0.460889 0.242573 0.0595595 0.54416 594.642 354278 1.50287
0.75 0.382109 0.464523 0.243082 0.0598071 0.551685 595.598 355421 1.53332
0.74 0.377175 0.476199 0.243655 0.0600767 0.551751 596.692 356702 1.4947
0.73 0.372178 0.478703 0.245673 0.0611055 0.592014 599.015 359524 1.61414
0.72 0.367731 0.482831 0.244831 0.0607056 0.61074 598.526 358955 1.67417
0.71 0.362755 0.492214 0.246384 0.0615018 0.646567 600.551 361402 1.73686
0.7 0.357748 0.503798 0.247367 0.0619592 0.632686 601.972 363073 1.66825
0.69 0.352552 0.519956 0.248232 0.0624511 0.694514 603.285 364726 1.85786
0.68 0.346752 0.517392 0.251164 0.0639237 0.711817 606.742 368913 1.88239
0.67 0.341236 0.554019 0.254311 0.0655276 0.733821 610.138 373054 1.92064
0.66 0.336271 0.57318 0.253915 0.0653371 0.754341 609.839 372701 1.97916
0.65 0.331276 0.590401 0.256055 0.0664273 0.76479 612.493 375920 1.93843
0.64 0.324474 0.640575 0.260406 0.0687724 0.864785 617.15 381745 2.20513
0.63 0.318204 0.643668 0.262572 0.069872 0.848194 619.501 384609 2.12005
0.62 0.312001 0.661541 0.266764 0.0721481 0.915363 623.946 390187 2.27008
0.61 0.305571 0.703569 0.270015 0.0739105 0.946458 627.182 394241 2.30933
0.6 0.297337 0.761756 0.276773 0.0776912 1.04444 634.112 403052 2.50728
0.59 0.290691 0.820591 0.280302 0.0797567 1.15936 637.576 407539 2.75421
0.58 0.280833 0.861718 0.288567 0.0844466 1.16754 645.661 417888 2.69445
0.57 0.27191 0.987779 0.296889 0.0894629 1.33401 653.559 428258 3.00325
0.56 0.261504 1.12572 0.306768 0.0955178 1.45138 663.19 440996 3.16394
0.55 0.248266 1.35237 0.320325 0.104268 1.73831 675.615 457838 3.72039
0.54 0.233275 1.66565 0.336811 0.115321 2.00491 691.134 479212 4.14043
0.53 0.21448 2.32205 0.357971 0.130565 2.63256 710.207 506354 5.20703
0.52 0.193256 3.03119 0.38169 0.148453 3.06351 731.529 537334 5.78133
0.51 0.147114 5.90526 0.436205 0.194477 4.74604 779.773 611265 8.09499
0.5 0.0562647 12.9616 0.53487 0.292347 7.21245 865.619 753957 10.7684
0.49 -0.0743934 13.3921 0.65516 0.433392 4.88633 967.9 939801 6.26103
0.48 -0.187602 9.09038 0.739515 0.548776 2.27332 1038.27 1.07934e+06 2.67403
0.47 -0.272791 6.33711 0.793331 0.63039 1.24546 1082.69 1.17292e+06 1.38057
0.46 -0.333451 5.34345 0.827218 0.68499 0.877097 1110.01 1.23261e+06 0.962943
0.45 -0.379539 4.83942 0.850629 0.724122 0.707683 1128.66 1.27427e+06 0.779317
0.44 -0.421867 4.02596 0.870884 0.758845 0.532704 1144.65 1.31051e+06 0.590315
0.43 -0.462676 3.82626 0.889056 0.790754 0.447897 1159.01 1.34357e+06 0.510824
0.42 -0.494014 3.3594 0.902265 0.814345 0.36093 1169.14 1.3671e+06 0.426299
0.41 -0.527636 3.08634 0.915529 0.838408 0.301412 1179.83 1.39218e+06 0.375065
0.4 -0.555713 2.79168 0.926209 0.85804 0.253975 1188.02 1.41155e+06 0.33175
0.39 -0.582761 2.53045 0.935775 0.875813 0.203594 1195.53 1.42942e+06 0.292102
0.38 -0.607919 2.45122 0.944193 0.891623 0.187356 1202.35 1.44577e+06 0.284563
0.37 -0.632037 2.29021 0.952009 0.906422 0.157957 1208.7 1.46107e+06 0.260187
0.36 -0.653766 2.12326 0.958377 0.918574 0.138269 1214.08 1.4741e+06 0.245037
0.35 -0.674517 2.02049 0.964269 0.929887 0.117066 1219.07 1.48624e+06 0.232886
0.34 -0.694022 1.88388 0.969479 0.939948 0.0985412 1223.31 1.49657e+06 0.219655
0.33 -0.713008 1.8131 0.974314 0.949338 0.0866006 1227.82 1.50764e+06 0.21551
0.32 -0.730449 1.78111 0.978226 0.956968 0.074798 1231.57 1.51685e+06 0.209449
0.31 -0.747156 1.68223 0.981821 0.964007 0.0637374 1235.08 1.52551e+06 0.200419
0.3 -0.763396 1.5873 0.985002 0.970256 0.052879 1238.56 1.53411e+06 0.196906
0.29 -0.779237 1.49182 0.987838 0.975846 0.043605 1241.67 1.54182e+06 0.190961
0.28 -0.793764 1.44899 0.990149 0.980413 0.0369699 1244.41 1.54862e+06 0.188056
0.27 -0.807607 1.402 0.992169 0.984413 0.0298719 1247.12 1.55537e+06 0.186446
0.26 -0.821365 1.33582 0.993877 0.987803 0.0245599 1249.74 1.5619e+06 0.181056
0.25 -0.83456 1.28292 0.995311 0.990652 0.0187472 1252.17 1.56798e+06 0.180013
0.24 -0.846948 1.23788 0.996487 0.992993 0.0149256 1254.4 1.57358e+06 0.176613
0.23 -0.859146 1.19284 0.997386 0.994784 0.0113781 1256.63 1.57916e+06 0.175843
0.22 -0.871038 1.17587 0.998156 0.996319 0.0085286 1258.61 1.58414e+06 0.173209
0.21 -0.882544 1.12269 0.998699 0.997402 0.00624111 1260.59 1.58912e+06 0.176229
0.2 -0.89393 1.11748 0.999137 0.998276 0.00429941 1262.5 1.59394e+06 0.170684
0.19 -0.904773 1.07626 0.999435 0.998872 0.0030106 1264.29 1.59848e+06 0.169049
0.18 -0.915671 1.07031 0.999659 0.999318 0.00189832 1266.18 1.60325e+06 0.171994
0.17 -0.926226 1.06392 0.9998 0.9996 0.00117307 1267.82 1.60739e+06 0.170875
0.16 -0.936802 1.04319 0.999891 0.999782 0.000681559 1269.5 1.61165e+06 0.17013
0.15 -0.947346 1.04169 0.999944 0.999887 0.000379595 1271.25 1.61611e+06 0.173425
0.14 -0.957667 1.01728 0.999977 0.999953 0.000167027 1272.95 1.62044e+06 0.171565
0.13 -0.968027 1.03039 0.999991 0.999982 6.90833e-05 1274.6 1.62464e+06 0.171689
0.12 -0.978257 1.02395 0.999997 0.999993 2.88773e-05 1276.38 1.62917e+06 0.168353
0.11 -0.988708 1.02178 0.999999 0.999998 9.46401e-06 1278.01 1.63333e+06 0.170454
0.1 -0.998858 1.01063 1 1 1.73594e-06 1279.69 1.63762e+06 0.165706
0.09 -1.00911 1.01309 1 1 0 1281.31 1.64177e+06 0.170528
0.08 -1.01933 1.02605 1 1 0 1282.94 1.64594e+06 0.171964
0.07 -1.02947 1.01084 1 1 0 1284.65 1.65035e+06 0.166889
0.06 -1.03963 1.01408 1 1 0 1286.28 1.65453e+06 0.16815
0.05 -1.04975 1.0117 1 1 0 1287.9 1.65871e+06 0.167675
0.04 -1.05986 1.00588 1 1 0 1289.54 1.66291e+06 0.168814
0.03 -1.06991 1.00815 1 1 0 1291.15 1.66708e+06 0.165643
0.02 -1.07997 0.999439 1 1 0 1292.78 1.67128e+06 0.16829
0.01 -1.09 1.00219 1 1 0 1294.39 1.67545e+06 0.167606
