3 -1.84491 1.05305 0.99993 0.99986 0.000282791 1268.47 1.60905e+06 0.113727
2.99 -1.83494 1.05799 0.999924 0.999848 0.000303405 1268.47 1.60905e+06 0.113852
2.98 -1.82484 1.05564 0.999925 0.999851 0.000298271 1268.58 1.60933e+06 0.112848
2.97 -1.81492 1.0587 0.999923 0.999846 0.000310554 1268.52 1.60917e+06 0.113081
2.96 -1.8047 1.06974 0.999914 0.999829 0.000343157 1268.52 1.60917e+06 0.114381
2.95 -1.79498 1.05196 0.999917 0.999833 0.000330842 1268.58 1.60934e+06 0.11291
2.94 -1.7849 1.05497 0.999913 0.999826 0.000345382 1268.51 1.60915e+06 0.115071
2.93 -1.77473 1.04681 0.999904 0.999807 0.000385862 1268.42 1.60893e+06 0.114844
2.92 -1.76481 1.05253 0.999904 0.999809 0.000379302 1268.43 1.60894e+06 0.113892
2.91 -1.75485 1.05099 0.999898 0.999796 0.00040963 1268.44 1.60897e+06 0.114058
2.9 -1.74481 1.06618 0.999895 0.99979 0.000426749 1268.44 1.60898e+06 0.113591
2.89 -1.73477 1.05998 0.99989 0.999781 0.000440405 1268.41 1.6089e+06 0.113763
2.88 -1.72484 1.05807 0.999885 0.999771 0.000463408 1268.55 1.60925e+06 0.112986
2.87 -1.71478 1.03926 0.999882 0.999763 0.000470777 1268.51 1.60916e+06 0.113192
2.86 -1.70481 1.05735 0.999876 0.999753 0.000494954 1268.47 1.60905e+06 0.115821
2.85 -1.69466 1.07204 0.999871 0.999742 0.000518209 1268.55 1.60926e+06 0.114046
2.84 -1.68476 1.05346 0.999866 0.999733 0.00053233 1268.45 1.609e+06 0.114502
2.83 -1.67486 1.06527 0.99986 0.99972 0.000562704 1268.49 1.60909e+06 0.114131
2.82 -1.6646 1.04782 0.999851 0.999702 0.000606278 1268.51 1.60915e+06 0.112087
2.81 -1.65471 1.07422 0.999842 0.999684 0.000630277 1268.46 1.60903e+06 0.11361
2.8 -1.64468 1.05946 0.999839 0.999678 0.000644491 1268.49 1.6091e+06 0.114434
2.79 -1.6347 1.04849 0.999844 0.999688 0.00063068 1268.48 1.60907e+06 0.115593
2.78 -1.62449 1.05408 0.999824 0.999649 0.000699853 1268.42 1.60892e+06 0.113824
2.77 -1.6146 1.07332 0.999825 0.99965 0.000699993 1268.46 1.60904e+06 0.113178
2.76 -1.60464 1.03237 0.99982 0.999641 0.000712271 1268.51 1.60916e+06 0.113372
2.75 -1.59451 1.06533 0.999808 0.999617 0.000783839 1268.4 1.60886e+06 0.115027
2.74 -1.5846 1.07165 0.999804 0.999609 0.000776111 1268.43 1.60894e+06 0.112143
2.73 -1.57471 1.05614 0.999794 0.999589 0.000833899 1268.49 1.6091e+06 0.113934
2.72 -1.56455 1.05731 0.999783 0.999566 0.000876822 1268.45 1.60901e+06 0.112062
2.71 -1.55465 1.06697 0.999772 0.999544 0.000927649 1268.43 1.60894e+06 0.112858
2.7 -1.5444 1.0895 0.999758 0.999516 0.000959804 1268.48 1.60907e+06 0.113885
2.69 -1.53439 1.06466 0.999746 0.999493 0.00099646 1268.41 1.6089e+06 0.114905
2.68 -1.52453 1.06013 0.999745 0.999491 0.00102947 1268.43 1.60895e+06 0.112685
2.67 -1.51441 1.0759 0.999732 0.999464 0.0010884 1268.47 1.60905e+06 0.113932
2.66 -1.5047 1.06951 0.999726 0.999453 0.00110252 1268.45 1.609e+06 0.11279
2.65 -1.49416 1.06541 0.999703 0.999407 0.00118814 1268.37 1.6088e+06 0.113027
2.64 -1.48421 1.09102 0.999708 0.999417 0.0011584 1268.42 1.60892e+06 0.113833
2.63 -1.4744 1.0793 0.999688 0.999377 0.00124358 1268.4 1.60888e+06 0.114454
2.62 -1.46431 1.06326 0.999677 0.999355 0.00130372 1268.43 1.60895e+06 0.114639
2.61 -1.45425 1.06532 0.999654 0.999308 0.0013759 1268.44 1.60898e+06 0.11426
2.6 -1.44431 1.05831 0.999649 0.999298 0.00143031 1268.34 1.60872e+06 0.113667
2.59 -1.43439 1.05021 0.999625 0.999251 0.00148602 1268.39 1.60884e+06 0.113568
2.58 -1.42425 1.0692 0.999626 0.999253 0.00151083 1268.41 1.60889e+06 0.111489
2.57 -1.41418 1.07382 0.999615 0.99923 0.00152789 1268.36 1.60878e+06 0.11505
2.56 -1.40422 1.09982 0.999592 0.999185 0.00166024 1268.3 1.60862e+06 0.114743
2.55 -1.39433 1.08082 0.999576 0.999152 0.00171298 1268.45 1.609e+06 0.113749
2.54 -1.38408 1.05398 0.999559 0.999119 0.00176083 1268.44 1.60897e+06 0.112552
2.53 -1.37402 1.08598 0.999525 0.999051 0.00192075 1268.36 1.60877e+06 0.11634
2.52 -1.36384 1.09264 0.999505 0.999011 0.00197056 1268.41 1.60891e+06 0.117572
2.51 -1.3539 1.07895 0.999484 0.99897 0.00205119 1268.31 1.60865e+06 0.113554
2.5 -1.34378 1.08918 0.999477 0.998956 0.00211388 1268.3 1.60862e+06 0.114284
2.49 -1.3337 1.06988 0.999457 0.998915 0.00216384 1268.31 1.60865e+06 0.11459
2.48 -1.32391 1.08223 0.999417 0.998835 0.00234447 1268.29 1.60859e+06 0.114037
2.47 -1.31351 1.08386 0.999404 0.998809 0.00237612 1268.26 1.60853e+06 0.114344
2.46 -1.30362 1.09702 0.999379 0.99876 0.00249877 1268.43 1.60894e+06 0.116096
2.45 -1.29356 1.08403 0.999352 0.998705 0.00259165 1268.3 1.60861e+06 0.113861
2.44 -1.28365 1.0973 0.99933 0.998662 0.00263945 1268.32 1.60866e+06 0.113626
2.43 -1.27368 1.09545 0.999302 0.998607 0.0028122 1268.29 1.60859e+06 0.11524
2.42 -1.26348 1.08267 0.999268 0.998538 0.0029484 1268.32 1.60868e+06 0.114922
2.41 -1.25361 1.10868 0.999231 0.998463 0.00314071 1268.24 1.60846e+06 0.115712
2.4 -1.2433 1.10031 0.999215 0.998432 0.00311677 1268.33 1.60869e+06 0.114586
2.39 -1.23328 1.10052 0.999178 0.998359 0.00331727 1268.09 1.60809e+06 0.115514
2.38 -1.22314 1.10277 0.999142 0.998286 0.00348173 1268.22 1.60842e+06 0.113832
2.37 -1.21331 1.09946 0.999115 0.998233 0.00358755 1268.32 1.60867e+06 0.113475
2.36 -1.20299 1.09481 0.999068 0.998139 0.00374973 1268.22 1.60842e+06 0.11388
2.35 -1.19316 1.10325 0.999042 0.998086 0.00381536 1268.24 1.60848e+06 0.114019
2.34 -1.18291 1.11742 0.998989 0.997981 0.00415215 1268.2 1.60837e+06 0.115773
2.33 -1.17287 1.10079 0.998945 0.997893 0.00417701 1268.15 1.60825e+06 0.115557
2.32 -1.16288 1.10857 0.998914 0.997832 0.00441719 1268.16 1.60828e+06 0.115575
2.31 -1.15273 1.1199 0.998877 0.997757 0.0044551 1268.14 1.60823e+06 0.1151
2.3 -1.14281 1.11168 0.998844 0.997691 0.00457461 1268.2 1.60837e+06 0.115128
2.29 -1.13265 1.12149 0.998768 0.997539 0.00498421 1268.1 1.60812e+06 0.114769
2.28 -1.12263 1.1446 0.998744 0.997492 0.00507186 1268.13 1.60818e+06 0.114065
2.27 -1.11233 1.13388 0.998672 0.997348 0.00528631 1268.08 1.60807e+06 0.113875
2.26 -1.10232 1.13363 0.998618 0.99724 0.00555254 1268.06 1.60801e+06 0.118122
2.25 -1.09215 1.13003 0.998558 0.99712 0.00576368 1268.14 1.60822e+06 0.113677
2.24 -1.08212 1.14042 0.998513 0.997032 0.00601354 1268.03 1.60792e+06 0.115828
2.23 -1.07201 1.13638 0.998437 0.99688 0.0062825 1267.96 1.60775e+06 0.1184
2.22 -1.06192 1.12305 0.998374 0.996753 0.00662613 1267.95 1.60774e+06 0.117864
2.21 -1.05172 1.12083 0.998318 0.996642 0.00676375 1268 1.60786e+06 0.11567
2.2 -1.04183 1.14066 0.998249 0.996504 0.00711373 1267.97 1.60779e+06 0.115017
2.19 -1.03163 1.1596 0.998175 0.996357 0.00733565 1267.94 1.60772e+06 0.116289
2.18 -1.02142 1.17174 0.998087 0.996181 0.00771442 1267.91 1.60764e+06 0.115705
2.17 -1.01129 1.15369 0.998015 0.996038 0.00798101 1267.94 1.6077e+06 0.114446
2.16 -1.00128 1.16677 0.99794 0.995888 0.0081927 1267.78 1.60731e+06 0.114872
2.15 -0.991059 1.16531 0.997834 0.995677 0.00866593 1267.94 1.6077e+06 0.116879
2.14 -0.980892 1.15099 0.997747 0.995503 0.00895052 1267.83 1.60744e+06 0.11377
2.13 -0.970704 1.17282 0.997647 0.995303 0.00953744 1267.72 1.60715e+06 0.115727
2.12 -0.960675 1.17505 0.997563 0.995135 0.00971656 1267.73 1.60717e+06 0.116723
2.11 -0.950468 1.17466 0.997476 0.994962 0.00994847 1267.73 1.60717e+06 0.116149
2.1 -0.940189 1.197 0.997373 0.994757 0.0107863 1267.63 1.60691e+06 0.117486
2.09 -0.930141 1.19769 0.997264 0.994541 0.0110038 1267.61 1.60686e+06 0.117729
2.08 -0.919865 1.19369 0.99713 0.994273 0.0115754 1267.68 1.60705e+06 0.116809
2.07 -0.909766 1.19704 0.997002 0.994018 0.0120198 1267.58 1.60679e+06 0.117731
2.06 -0.89937 1.20821 0.996876 0.993766 0.0125869 1267.45 1.60647e+06 0.118589
2.05 -0.889356 1.2237 0.996763 0.993542 0.0131014 1267.45 1.60648e+06 0.116987
2.04 -0.87912 1.20011 0.99663 0.993277 0.0135652 1267.49 1.60657e+06 0.116987
2.03 -0.869122 1.22388 0.996484 0.992986 0.0142705 1267.35 1.60621e+06 0.115215
2.02 -0.858661 1.22716 0.996341 0.992701 0.0149078 1267.33 1.60616e+06 0.118446
2.01 -0.848495 1.22369 0.996198 0.992418 0.0157707 1267.22 1.60588e+06 0.117565
2 -0.838385 1.22694 0.996075 0.992172 0.0161381 1267.21 1.60585e+06 0.115902
1.99 -0.82801 1.22855 0.99585 0.991724 0.0167987 1267.18 1.60579e+06 0.117774
1.98 -0.81789 1.23726 0.99571 0.991446 0.0172983 1267.16 1.60574e+06 0.117665
1.97 -0.807319 1.24604 0.995537 0.991102 0.0180973 1267.07 1.6055e+06 0.11735
1.96 -0.797235 1.21918 0.995343 0.990716 0.0187659 1266.96 1.60524e+06 0.116234
1.95 -0.786991 1.24117 0.995167 0.990365 0.0195755 1266.91 1.60511e+06 0.117272
1.94 -0.776684 1.27433 0.994917 0.989869 0.0208216 1266.91 1.60509e+06 0.118379
1.93 -0.76642 1.26989 0.994699 0.989436 0.0219903 1266.88 1.60502e+06 0.119334
1.92 -0.756084 1.30621 0.994531 0.989103 0.0227676 1266.74 1.60466e+06 0.119609
1.91 -0.745643 1.28653 0.994232 0.988508 0.0234402 1266.55 1.60419e+06 0.120026
1.9 -0.73521 1.31831 0.993994 0.988035 0.0248171 1266.57 1.60423e+06 0.119274
1.89 -0.72506 1.30753 0.993793 0.987635 0.0253946 1266.47 1.60398e+06 0.117682
1.88 -0.714912 1.33581 0.993548 0.987149 0.0266491 1266.43 1.60388e+06 0.120033
1.87 -0.704307 1.32373 0.99323 0.986518 0.0282172 1266.32 1.6036e+06 0.119918
1.86 -0.693693 1.34308 0.992898 0.985859 0.0291819 1266.21 1.60332e+06 0.1215
1.85 -0.683647 1.34282 0.99269 0.985447 0.0301994 1266.06 1.60294e+06 0.121205
1.84 -0.673064 1.34836 0.992297 0.984668 0.0312944 1265.95 1.60267e+06 0.122511
1.83 -0.662809 1.35871 0.992033 0.984143 0.0326309 1265.87 1.60245e+06 0.121281
1.82 -0.652712 1.37238 0.991748 0.98358 0.0344652 1265.91 1.60256e+06 0.122018
1.81 -0.641912 1.34518 0.991322 0.982736 0.0355979 1265.79 1.60227e+06 0.119873
1.8 -0.631354 1.40062 0.990937 0.981973 0.0377674 1265.53 1.6016e+06 0.1207
1.79 -0.620876 1.39914 0.990557 0.98122 0.0396347 1265.37 1.6012e+06 0.121597
1.78 -0.610385 1.41362 0.990167 0.980449 0.0414683 1265.3 1.60102e+06 0.12123
1.77 -0.599813 1.4291 0.989771 0.979664 0.0429536 1265.2 1.60077e+06 0.120723
1.76 -0.589277 1.40922 0.98933 0.978793 0.0451656 1264.95 1.60014e+06 0.124123
1.75 -0.578883 1.45894 0.988885 0.977914 0.0466646 1264.86 1.5999e+06 0.122494
1.74 -0.568362 1.46083 0.98839 0.976937 0.0495394 1264.76 1.59967e+06 0.123323
1.73 -0.557492 1.46437 0.98786 0.97589 0.0519482 1264.53 1.59909e+06 0.124995
1.72 -0.546922 1.47449 0.987323 0.97483 0.0539114 1264.35 1.59863e+06 0.124712
1.71 -0.536437 1.52199 0.98683 0.973857 0.0571096 1264.16 1.59814e+06 0.125715
1.7 -0.52554 1.5247 0.986232 0.972679 0.0592007 1264 1.59773e+06 0.127007
1.69 -0.514631 1.50777 0.985587 0.971408 0.0614289 1263.64 1.59683e+06 0.127398
1.68 -0.504254 1.5437 0.985036 0.970325 0.0651313 1263.51 1.59649e+06 0.127506
1.67 -0.493376 1.58211 0.984268 0.968813 0.0675182 1263.27 1.59589e+06 0.130076
1.66 -0.482497 1.55733 0.983632 0.967563 0.0708501 1263.08 1.59542e+06 0.126941
1.65 -0.471808 1.59644 0.982913 0.966151 0.074413 1262.85 1.59484e+06 0.132049
1.64 -0.460853 1.62968 0.982062 0.964479 0.0781322 1262.52 1.59401e+06 0.131554
1.63 -0.449702 1.63216 0.981211 0.96281 0.0820222 1262.13 1.59301e+06 0.13305
1.62 -0.438914 1.64474 0.980424 0.961269 0.0863546 1261.93 1.59251e+06 0.132871
1.61 -0.428286 1.66438 0.97962 0.959696 0.0914428 1261.72 1.59199e+06 0.134243
1.6 -0.417348 1.68533 0.978695 0.957885 0.0949171 1261.39 1.59115e+06 0.136299
1.59 -0.405935 1.75673 0.977576 0.9557 0.102146 1260.91 1.58994e+06 0.135274
1.58 -0.395099 1.75347 0.976645 0.953882 0.106336 1260.62 1.58922e+06 0.136073
1.57 -0.383772 1.77844 0.975505 0.951659 0.113186 1260.16 1.58804e+06 0.14231
1.56 -0.372722 1.78979 0.974396 0.949497 0.116729 1259.82 1.58719e+06 0.140696
1.55 -0.361667 1.79952 0.973282 0.947332 0.12232 1259.34 1.58598e+06 0.140168
1.54 -0.3503 1.82554 0.972026 0.944892 0.130876 1259.02 1.58518e+06 0.145537
1.53 -0.33847 1.88997 0.970448 0.941831 0.140038 1258.48 1.58381e+06 0.14763
1.52 -0.327016 1.90223 0.968996 0.939017 0.14907 1257.82 1.58215e+06 0.148133
1.51 -0.315831 1.94722 0.967571 0.936261 0.156806 1257.36 1.58099e+06 0.149822
1.5 -0.304097 1.97624 0.965944 0.93312 0.166658 1256.73 1.57941e+06 0.153202
1.49 -0.292342 2.03506 0.964133 0.929631 0.179767 1256.01 1.57762e+06 0.153928
1.48 -0.280863 2.04111 0.962469 0.92643 0.190394 1255.53 1.5764e+06 0.160109
1.47 -0.269237 2.06254 0.960599 0.922835 0.195799 1254.71 1.57436e+06 0.161938
1.46 -0.257422 2.19015 0.958666 0.919134 0.217934 1254.04 1.57267e+06 0.172279
1.45 -0.244965 2.16971 0.956215 0.914448 0.230727 1253.03 1.57015e+06 0.172605
1.44 -0.232512 2.2997 0.953635 0.909528 0.252337 1252.13 1.56788e+06 0.178948
1.43 -0.220111 2.36306 0.950919 0.904366 0.2725 1250.89 1.56478e+06 0.18648
1.42 -0.207426 2.37026 0.948107 0.899034 0.294466 1249.82 1.5621e+06 0.19274
1.41 -0.194584 2.55435 0.945069 0.893296 0.323803 1248.59 1.55903e+06 0.203783
1.4 -0.18225 2.60339 0.942083 0.88767 0.34709 1247.37 1.55599e+06 0.213336
1.39 -0.168898 2.68102 0.938371 0.880707 0.383305 1245.9 1.55235e+06 0.223938
1.38 -0.155911 2.78977 0.934534 0.873539 0.425435 1244.26 1.54826e+06 0.238844
1.37 -0.140972 3.00282 0.929317 0.863846 0.49752 1241.94 1.54249e+06 0.265322
1.36 -0.126273 3.38748 0.923588 0.853282 0.613101 1239.45 1.53633e+06 0.315886
1.35 -0.111268 3.48926 0.917647 0.842368 0.673795 1236.72 1.52957e+06 0.336246
1.34 0.237872 0.526226 0.00829852 8.44333e-05 0.0358682 433.538 188046 0.836807
1.33 0.238073 0.524541 0.0078421 7.52768e-05 0.0317452 432.96 187544 0.827894
1.32 0.237892 0.524136 0.0077447 7.39265e-05 0.0321318 433.016 187593 0.831015
1.31 0.237844 0.523799 0.00735937 6.74952e-05 0.0307235 432.666 187289 0.820758
1.3 0.237881 0.531073 0.00704271 6.26293e-05 0.0300201 432.387 187047 0.81858
1.29 0.238333 0.523055 0.00663203 5.5864e-05 0.027372 431.604 186370 0.809382
1.28 0.238091 0.530325 0.00635807 5.18532e-05 0.0263304 431.54 186315 0.821859
1.27 0.238146 0.524921 0.00627708 5.05778e-05 0.0257496 431.527 186302 0.807711
1.26 0.238199 0.526742 0.0058763 4.53419e-05 0.0249085 431.111 185943 0.800957
1.25 0.238422 0.527493 0.00577361 4.38455e-05 0.0242173 430.94 185795 0.796469
1.24 0.238415 0.508503 0.00540451 3.8979e-05 0.0225106 430.463 185384 0.796441
1.23 0.238284 0.524366 0.0052401 3.6782e-05 0.021481 430.517 185431 0.802356
1.22 0.238433 0.534409 0.00491519 3.29926e-05 0.0203524 430.058 185036 0.795821
1.21 0.238221 0.518294 0.00489297 3.25664e-05 0.0198726 430.248 185198 0.793135
1.2 0.238577 0.517924 0.00460148 2.94101e-05 0.0189768 429.729 184749 0.764362
1.19 0.238294 0.526818 0.00440043 2.71368e-05 0.017909 429.682 184710 0.773283
1.18 0.238259 0.524966 0.00433507 2.67545e-05 0.0183437 429.643 184678 0.791232
1.17 0.238414 0.524181 0.00405694 2.37139e-05 0.0167157 429.308 184389 0.776178
1.16 0.238336 0.522961 0.00392413 2.23741e-05 0.0160711 429.151 184252 0.759431
1.15 0.238471 0.524401 0.00381563 2.1088e-05 0.0150429 429.155 184256 0.76398
1.14 0.2385 0.520547 0.00366398 1.98527e-05 0.0148101 428.85 183993 0.751416
1.13 0.238414 0.507255 0.00344627 1.79855e-05 0.0140745 428.706 183870 0.76358
1.12 0.238367 0.52622 0.00331293 1.66686e-05 0.0131169 428.667 183838 0.767868
1.11 0.238363 0.516495 0.00319861 1.59288e-05 0.0131275 428.488 183682 0.746204
1.1 0.238476 0.525825 0.00307118 1.48489e-05 0.0124801 428.283 183507 0.748696
1.09 0.23834 0.526826 0.00288082 1.35316e-05 0.0120556 428.168 183408 0.752466
1.08 0.238404 0.51463 0.00277283 1.26397e-05 0.0114074 428.115 183363 0.747226
1.07 0.238193 0.526634 0.00267491 1.19474e-05 0.0110412 428.018 183280 0.759124
1.06 0.238176 0.510416 0.00262648 1.15492e-05 0.0107155 428.082 183333 0.735922
1.05 0.238552 0.530653 0.00244314 1.02709e-05 0.00991179 427.644 182959 0.750937
1.04 0.238443 0.527446 0.00243507 1.02895e-05 0.0100452 427.635 182952 0.747578
1.03 0.238291 0.511576 0.00232526 9.45352e-06 0.00932355 427.648 182962 0.741694
1.02 0.238566 0.519173 0.0022572 9.07435e-06 0.00916847 427.379 182732 0.743864
1.01 0.238372 0.511535 0.00215217 8.41667e-06 0.00872026 427.48 182818 0.743458
1 0.238125 0.523723 0.00200009 7.51305e-06 0.00809327 427.439 182784 0.745526
0.99 0.238394 0.517796 0.00196675 7.30538e-06 0.00791945 427.375 182729 0.742933
0.98 0.238218 0.520612 0.00186545 6.75516e-06 0.00754618 427.239 182610 0.723534
0.97 0.238206 0.521506 0.00179687 6.33017e-06 0.00714566 427.079 182476 0.746878
0.96 0.238237 0.507785 0.00173932 6.07051e-06 0.0070163 426.954 182367 0.726783
0.95 0.238382 0.510584 0.00163681 5.56068e-06 0.00663908 426.854 182283 0.733639
0.94 0.238215 0.521554 0.0015763 5.23019e-06 0.00632553 426.918 182337 0.738971
0.93 0.238211 0.517748 0.00151814 4.9116e-06 0.00600616 426.747 182191 0.728337
0.92 0.23817 0.522055 0.00149123 4.79013e-06 0.00591288 426.942 182358 0.734412
0.91 0.238202 0.519906 0.00144835 4.67318e-06 0.00593387 426.807 182242 0.734813
0.9 0.238123 0.514576 0.00136007 4.20012e-06 0.00541517 426.774 182214 0.730758
0.89 0.238205 0.51296 0.00131944 4.05002e-06 0.00532014 426.643 182102 0.726237
0.88 0.238078 0.519666 0.00124436 3.74093e-06 0.00505152 426.585 182054 0.738252
0.87 0.238103 0.518615 0.00119167 3.51563e-06 0.00482816 426.481 181963 0.723518
0.86 0.238315 0.532742 0.00114705 3.27691e-06 0.00451858 426.378 181875 0.725124
0.85 0.238312 0.524601 0.00113003 3.24285e-06 0.00452937 426.421 181912 0.720779
0.84 0.238034 0.512523 0.00104748 2.91326e-06 0.00418416 426.43 181921 0.728452
0.83 0.238024 0.516466 0.00103828 2.86082e-06 0.00410754 426.373 181872 0.72902
0.82 0.237954 0.516633 0.000985243 2.69821e-06 0.00398016 426.313 181819 0.712319
0.81 0.238067 0.518082 0.000926042 2.4821e-06 0.00374295 426.317 181824 0.730575
0.8 0.23799 0.520161 0.000909635 2.4084e-06 0.00364254 426.297 181806 0.726449
0.79 0.237919 0.527218 0.0008625 2.24911e-06 0.00346798 426.342 181844 0.720745
0.78 0.238036 0.520109 0.000848698 2.20435e-06 0.00341928 426.161 181692 0.745221
0.77 0.237969 0.513588 0.000801302 2.03948e-06 0.00321959 426.124 181658 0.713582
0.76 0.238149 0.519493 0.000788194 2.01612e-06 0.00321378 426.04 181587 0.719941
0.75 0.238078 0.51197 0.000750521 1.8832e-06 0.00304109 426.017 181567 0.719042
0.74 0.237971 0.52357 0.000734896 1.82744e-06 0.00296609 426.06 181603 0.713457
0.73 0.238088 0.507103 0.000692274 1.67719e-06 0.00276006 425.917 181483 0.729575
0.72 0.238045 0.52491 0.000651997 1.55481e-06 0.00260286 426.047 181595 0.733376
0.71 0.237856 0.510645 0.000636024 1.52528e-06 0.00258221 426.096 181634 0.715118
0.7 0.238077 0.524203 0.000618663 1.4451e-06 0.00244767 425.936 181498 0.722585
0.69 0.237933 0.530653 0.000586024 1.35347e-06 0.00232715 426.018 181568 0.719876
0.68 0.23785 0.520124 0.000560938 1.28731e-06 0.00224102 425.896 181464 0.718497
0.67 0.237816 0.5222 0.000536285 1.21437e-06 0.00213528 426.007 181558 0.71284
0.66 0.237991 0.529759 0.000516319 1.16253e-06 0.00206426 425.948 181507 0.714382
0.65 0.238027 0.508949 0.000507552 1.13073e-06 0.00201168 425.811 181392 0.716626
0.64 0.237845 0.513613 0.000478125 1.07271e-06 0.00194483 425.878 181449 0.723511
0.63 0.237754 0.522724 0.000465799 1.0266e-06 0.00186538 425.991 181546 0.725071
0.62 0.237803 0.511955 0.00044566 9.67219e-07 0.00177087 425.666 181268 0.72017
0.61 0.237928 0.517494 0.000427604 9.37982e-07 0.00173984 425.621 181228 0.710735
0.6 0.237821 0.508535 0.000410938 8.85236e-07 0.00165051 425.713 181307 0.710087
0.59 0.237679 0.507815 0.000395747 8.42587e-07 0.00158048 425.712 181307 0.716627
0.58 0.238008 0.522521 0.000361979 7.53822e-07 0.00143491 425.519 181143 0.720656
0.57 0.237988 0.514487 0.000356424 7.47492e-07 0.00142953 425.737 181328 0.708883
0.56 0.237973 0.512781 0.000343142 7.09967e-07 0.00136448 425.564 181181 0.716161
0.55 0.237601 0.50422 0.000327951 6.8058e-07 0.00132026 425.861 181434 0.717668
0.54 0.237799 0.506936 0.000311198 6.45164e-07 0.00126333 425.666 181268 0.716985
0.53 0.237843 0.52217 0.000300868 6.16983e-07 0.00121297 425.666 181267 0.710268
0.52 0.23795 0.506226 0.000292361 5.91966e-07 0.00116695 425.578 181192 0.711738
0.51 0.23778 0.530934 0.000290017 5.88499e-07 0.00116211 425.691 181289 0.712123
0.5 0.237608 0.512812 0.000269705 5.38164e-07 0.00107234 425.701 181297 0.717092
0.49 0.237912 0.528918 0.000265017 5.36356e-07 0.00107394 425.521 181145 0.724455
0.48 0.237738 0.514337 0.00025651 5.07421e-07 0.0010175 425.686 181284 0.710527
0.47 0.237891 0.526972 0.000241493 4.81952e-07 0.00097605 425.637 181244 0.722331
0.46 0.237661 0.505844 0.000238715 4.64771e-07 0.00093954 425.671 181271 0.704885
0.45 0.237707 0.511071 0.000222222 4.37343e-07 0.000893861 425.553 181171 0.706744
0.44 0.237583 0.502591 0.000222222 4.30109e-07 0.000877194 425.693 181289 0.703632
0.43 0.237957 0.508907 0.000199479 3.84898e-07 0.000795125 425.444 181078 0.712404
0.42 0.237936 0.527331 0.000198524 3.90474e-07 0.000808848 425.457 181091 0.724462
0.41 0.237648 0.508165 0.000193663 3.77514e-07 0.000783379 425.546 181165 0.712275
0.4 0.237536 0.515301 0.00018559 3.60484e-07 0.000751197 425.694 181291 0.714968
0.39 0.237744 0.515223 0.000178733 3.38933e-07 0.000707301 425.524 181146 0.708548
0.38 0.237547 0.516527 0.000168229 3.21e-07 0.000674378 425.567 181185 0.730036
0.37 0.237635 0.509719 0.000163281 3.11505e-07 0.000656282 425.688 181287 0.714062
0.36 0.237816 0.518467 0.00014592 2.73829e-07 0.000581844 425.306 180962 0.725351
0.35 0.237752 0.528371 0.000149566 2.85886e-07 0.00060714 425.475 181105 0.714812
0.34 0.237632 0.513378 0.00013967 2.63883e-07 0.00056304 425.557 181175 0.712343
0.33 0.237532 0.509819 0.000142101 2.63581e-07 0.000560768 425.581 181195 0.715096
0.32 0.237662 0.515571 0.00013342 2.47004e-07 0.000528084 425.523 181146 0.717643
0.31 0.237806 0.517406 0.000127865 2.32235e-07 0.000497401 425.412 181051 0.715099
0.3 0.237738 0.51329 0.000127691 2.36756e-07 0.000507919 425.374 181019 0.708809
0.29 0.237738 0.525832 0.000124826 2.34797e-07 0.000505072 425.44 181076 0.718265
0.28 0.23763 0.519028 0.000117014 2.17617e-07 0.000469842 425.559 181176 0.711249
0.27 0.237768 0.513206 0.000108333 1.98025e-07 0.00042921 425.369 181014 0.711064
0.26 0.237678 0.525695 0.00010434 1.93504e-07 0.00042075 425.493 181121 0.724166
0.25 0.237579 0.515467 9.99132e-05 1.87024e-07 0.000407903 425.606 181217 0.7174
0.24 0.237593 0.5212 9.53125e-05 1.76324e-07 0.000385319 425.468 181100 0.720479
0.23 0.237692 0.519999 9.31424e-05 1.71351e-07 0.000374803 425.382 181026 0.71963
0.22 0.237831 0.519054 8.88021e-05 1.62911e-07 0.000357178 425.247 180910 0.706521
0.21 0.237633 0.51807 8.7066e-05 1.57787e-07 0.000346076 425.458 181089 0.701687
0.2 0.237799 0.530968 8.37674e-05 1.51458e-07 0.000332791 425.406 181047 0.717054
0.19 0.237713 0.525098 8.35937e-05 1.51458e-07 0.000332858 425.314 180967 0.710498
0.18 0.237797 0.515176 7.65625e-05 1.40758e-07 0.0003108 425.369 181013 0.697907
0.17 0.237552 0.526192 7.51736e-05 1.35634e-07 0.00029948 425.565 181181 0.710673
0.16 0.237835 0.516346 6.84028e-05 1.23879e-07 0.000274636 425.34 180991 0.72208
0.15 0.237747 0.528567 7.06597e-05 1.30208e-07 0.000288497 425.419 181058 0.714892
0.14 0.237642 0.50611 6.59722e-05 1.18152e-07 0.000262194 425.534 181155 0.709697
0.13 0.237732 0.508061 6.33681e-05 1.14234e-07 0.000253943 425.378 181022 0.711713
0.12 0.237656 0.500391 5.59028e-05 1.00972e-07 0.000225439 425.329 180981 0.711698
0.11 0.237702 0.517299 6.10243e-05 1.10165e-07 0.000245239 425.349 180998 0.713521
0.1 0.237614 0.517509 5.59028e-05 1.00369e-07 0.00022405 425.309 180964 0.713089
0.09 0.237632 0.509767 5.38194e-05 9.55464e-08 0.000213465 425.393 181034 0.702623
0.08 0.237666 0.526002 5.05208e-05 9.04225e-08 0.000202453 425.337 180988 0.714696
0.07 0.237513 0.505284 4.96528e-05 8.92168e-08 0.000199875 425.384 181027 0.709312
0.06 0.237658 0.516393 5.09549e-05 9.05732e-08 0.000202698 425.357 181005 0.724772
0.05 0.237377 0.509704 4.9566e-05 8.84633e-08 0.000198159 425.547 181166 0.717027
0.04 0.237523 0.506708 4.27951e-05 7.55027e-08 0.000169739 425.459 181090 0.706709
0.03 0.237472 0.512999 4.13194e-05 7.41464e-08 0.0001669 425.335 180986 0.714618
0.02 0.23752 0.522492 4.18403e-05 7.5352e-08 0.000169578 425.501 181128 0.723682
0.01 0.237643 0.51263 3.56771e-05 6.52549e-08 0.000147415 425.4 181041 0.713245
