1 0.433067 0.339425 0.159346 0.0258772 0.27992 539.116 291323 1.25635
0.99 0.430043 0.346155 0.157464 0.0252743 0.278844 537.232 289287 1.25755
0.98 0.42613 0.350352 0.158607 0.0256167 0.270679 539.153 291311 1.18256
0.97 0.422882 0.346525 0.157719 0.0253561 0.285458 538.214 290346 1.2853
0.96 0.419293 0.353324 0.157826 0.0254207 0.307062 538.748 290948 1.35236
0.95 0.416396 0.353876 0.157283 0.0252394 0.304057 538.526 290698 1.34389
0.94 0.412159 0.358622 0.15657 0.0249807 0.285917 537.755 289812 1.25017
0.93 0.408968 0.347172 0.155736 0.0247321 0.296353 536.885 288901 1.31419
0.92 0.404938 0.351607 0.155677 0.0247161 0.30096 537.214 289252 1.32052
0.91 0.401862 0.357896 0.155642 0.02472 0.313753 537.504 289581 1.37046
0.9 0.398199 0.358518 0.155481 0.0246859 0.327373 537.567 289682 1.45397
0.89 0.394773 0.36339 0.154831 0.024479 0.327734 537.021 289079 1.43747
0.88 0.391078 0.360516 0.155444 0.0246676 0.330357 537.984 290107 1.43773
0.87 0.387502 0.370416 0.153812 0.0241379 0.317588 536.372 288340 1.38346
0.86 0.383319 0.369106 0.15496 0.0245043 0.32934 538.081 290190 1.42581
0.85 0.379931 0.372873 0.154927 0.0245272 0.355587 538.127 290287 1.54573
0.84 0.376349 0.378416 0.155573 0.0247324 0.363011 539.105 291339 1.55573
0.83 0.372492 0.387605 0.155945 0.0248651 0.379125 539.802 292113 1.62159
0.82 0.368008 0.389445 0.156817 0.0251159 0.368293 541.182 293568 1.55523
0.81 0.363675 0.404631 0.158064 0.0255103 0.374177 542.776 295293 1.56236
0.8 0.360212 0.415835 0.157785 0.0254553 0.402492 542.614 295157 1.67524
0.79 0.356642 0.399793 0.158126 0.0255287 0.382636 543.15 295695 1.59376
0.78 0.351996 0.400258 0.15907 0.0258632 0.413461 544.703 297425 1.70467
0.77 0.347705 0.426721 0.159591 0.0260248 0.415573 544.962 297703 1.71323
0.76 0.343756 0.439585 0.159897 0.026164 0.452558 545.48 298316 1.85152
0.75 0.33948 0.440667 0.161064 0.0265194 0.443651 547.278 300247 1.78905
0.74 0.334537 0.456857 0.162808 0.0271007 0.462471 549.056 302213 1.84682
0.73 0.329617 0.474187 0.165037 0.0278431 0.478058 551.723 305154 1.8766
0.72 0.324673 0.493868 0.166627 0.0284131 0.518834 553.74 307423 1.99616
0.71 0.320665 0.517368 0.167735 0.0287969 0.536845 555.143 308997 2.06185
0.7 0.314606 0.539779 0.170924 0.0298887 0.554181 558.52 312764 2.09659
0.69 0.308951 0.573497 0.174064 0.031015 0.598313 562.195 316937 2.25285
0.68 0.303422 0.614929 0.177296 0.03218 0.632146 565.72 320925 2.30203
0.67 0.296805 0.641229 0.18049 0.0333668 0.679161 569.191 324908 2.43693
0.66 0.290398 0.698258 0.185073 0.0351043 0.743901 574.173 330655 2.58728
0.65 0.283588 0.76192 0.189373 0.0367562 0.792318 578.813 336041 2.70177
0.64 0.276194 0.851069 0.194592 0.0388489 0.884559 584.312 342524 2.95026
0.63 0.267016 0.94612 0.202259 0.0419737 0.973819 592.289 351969 3.11649
0.62 0.256992 1.05451 0.210994 0.0457046 1.10205 601.228 362743 3.4034
0.61 0.245845 1.24482 0.220627 0.050011 1.26031 611.163 374927 3.77184
0.6 0.231407 1.60026 0.234713 0.0567108 1.5559 625.379 392762 4.43258
0.59 0.212806 2.40985 0.253735 0.0666654 2.22997 644.046 417050 5.93195
0.58 -0.524359 6.38795 0.82358 0.679137 0.846848 1137.26 1.29385e+06 0.757977
0.57 -0.58564 5.06503 0.848903 0.721202 0.571299 1155.41 1.33531e+06 0.503247
0.56 -0.632827 4.3963 0.866772 0.751735 0.453769 1167.82 1.36406e+06 0.408925
0.55 -0.673846 4.10216 0.881594 0.777584 0.393701 1178.07 1.38807e+06 0.353356
0.54 -0.711589 3.53268 0.894542 0.800494 0.307559 1186.63 1.40827e+06 0.282807
0.53 -0.745582 3.25506 0.905471 0.82012 0.263681 1193.86 1.42545e+06 0.249829
0.52 -0.777495 2.95469 0.915399 0.838162 0.228399 1200.4 1.44109e+06 0.221434
0.51 -0.805895 2.80819 0.923772 0.853534 0.202866 1205.87 1.45424e+06 0.20634
0.5 -0.833517 2.66454 0.931756 0.868323 0.176584 1210.94 1.46649e+06 0.188086
0.49 -0.858884 2.52036 0.938623 0.881147 0.15731 1215.56 1.47771e+06 0.182388
0.48 -0.88326 2.40361 0.945057 0.893249 0.140029 1219.73 1.48785e+06 0.170056
0.47 -0.906229 2.27403 0.950686 0.903907 0.125382 1223.41 1.49683e+06 0.163064
0.46 -0.928798 2.16859 0.956221 0.914447 0.111023 1227.24 1.50619e+06 0.153361
0.45 -0.949453 2.09595 0.961038 0.923672 0.099453 1230.39 1.51396e+06 0.152928
0.44 -0.970154 1.95712 0.965467 0.932194 0.0884911 1233.53 1.52167e+06 0.14422
0.43 -0.989776 1.90332 0.96955 0.940085 0.0779008 1236.33 1.52858e+06 0.140432
0.42 -1.00767 1.83354 0.973082 0.94694 0.0705484 1238.89 1.53492e+06 0.138399
0.41 -1.02579 1.78576 0.976462 0.953522 0.0624112 1241.54 1.54149e+06 0.134138
0.4 -1.04361 1.70522 0.979643 0.95974 0.0552297 1243.89 1.54733e+06 0.133323
0.39 -1.0594 1.63392 0.982244 0.964835 0.048102 1246 1.55258e+06 0.129136
0.38 -1.07599 1.57553 0.984866 0.969989 0.0424739 1248.29 1.55829e+06 0.130493
0.37 -1.09131 1.51454 0.987103 0.974396 0.0360097 1250.39 1.56352e+06 0.125027
0.36 -1.10593 1.4549 0.989043 0.978226 0.0314521 1252.21 1.56809e+06 0.127585
0.35 -1.11983 1.40603 0.990743 0.981588 0.0271887 1253.98 1.57253e+06 0.123739
0.34 -1.13398 1.34909 0.992364 0.9848 0.0229015 1255.64 1.57668e+06 0.119527
0.33 -1.14784 1.34216 0.993717 0.987484 0.0195091 1257.34 1.58096e+06 0.12036
0.32 -1.16063 1.30256 0.994835 0.989705 0.0166349 1258.89 1.58486e+06 0.119261
0.31 -1.17333 1.25479 0.99588 0.991785 0.0135628 1260.28 1.58835e+06 0.117334
0.3 -1.18593 1.2178 0.996719 0.993454 0.0109978 1261.85 1.59232e+06 0.11753
0.29 -1.1978 1.17428 0.997437 0.994885 0.00890347 1263.16 1.59561e+06 0.115493
0.28 -1.20978 1.17283 0.99805 0.996108 0.00698681 1264.52 1.59904e+06 0.113923
0.27 -1.22091 1.14247 0.998517 0.997039 0.00559569 1265.77 1.60222e+06 0.117043
0.26 -1.23238 1.11688 0.998906 0.997815 0.00425588 1267.06 1.60548e+06 0.116196
0.25 -1.24343 1.11847 0.999191 0.998384 0.00330653 1268.29 1.6086e+06 0.115055
0.24 -1.2543 1.08151 0.999444 0.998889 0.00227423 1269.48 1.61161e+06 0.114756
0.23 -1.26503 1.05878 0.999631 0.999263 0.00160887 1270.63 1.61455e+06 0.112959
0.22 -1.27575 1.03427 0.999756 0.999513 0.00111316 1271.87 1.61768e+06 0.114636
0.21 -1.28637 1.07387 0.999847 0.999694 0.000723551 1272.97 1.62049e+06 0.115451
0.2 -1.29674 1.05095 0.999903 0.999805 0.000483965 1274.07 1.62329e+06 0.113051
0.19 -1.30721 1.01951 0.999942 0.999884 0.000306327 1275.24 1.62626e+06 0.113646
0.18 -1.31754 1.03518 0.999973 0.999946 0.000151536 1276.38 1.62916e+06 0.114134
0.17 -1.32779 1.02081 0.999987 0.999975 7.50277e-05 1277.51 1.63207e+06 0.114996
0.16 -1.33812 1.0153 0.999993 0.999987 4.2161e-05 1278.53 1.63466e+06 0.112002
0.15 -1.34841 1.02552 0.999997 0.999994 1.96425e-05 1279.68 1.63761e+06 0.112142
0.14 -1.3586 1.02524 0.999999 0.999999 4.95833e-06 1280.74 1.64032e+06 0.110896
0.13 -1.36875 1.00276 1 0.999999 2.67041e-06 1281.92 1.64334e+06 0.11141
0.12 -1.37891 1.01334 1 1 1.44661e-06 1283.02 1.64615e+06 0.11193
0.11 -1.38916 1.01121 1 1 0 1284.08 1.64888e+06 0.112375
0.1 -1.39933 1.0069 1 1 0 1285.14 1.6516e+06 0.112313
0.09 -1.40945 1.03477 1 1 0 1286.28 1.65452e+06 0.110924
0.08 -1.41957 1.01137 1 1 0 1287.33 1.65723e+06 0.111057
0.07 -1.42965 1.00766 1 1 0 1288.41 1.66001e+06 0.111702
0.06 -1.43979 1.00381 1 1 0 1289.56 1.66298e+06 0.110677
0.05 -1.44984 0.994495 1 1 0 1290.58 1.66561e+06 0.109612
0.04 -1.45991 1.00458 1 1 0 1291.69 1.66846e+06 0.109249
0.03 -1.46995 1.00396 1 1 0 1292.77 1.67127e+06 0.111109
0.02 -1.47999 1.02014 1 1 0 1293.85 1.67406e+06 0.111835
0.01 -1.49 0.991755 1 1 0 1294.93 1.67684e+06 0.111296
