0 -1 -nan 1 1 -nan 1296 1.67962e+06 -inf
0.01 -0.990006 0.9961 1 1 0 1294.37 1.67539e+06 0.168774
0.02 -0.979974 1.00611 1 1 0 1292.75 1.6712e+06 0.165687
0.03 -0.969925 1.0069 1 1 0 1291.13 1.66701e+06 0.167715
0.04 -0.95981 1.01763 1 1 0 1289.53 1.66288e+06 0.167722
0.05 -0.949709 1.02339 1 1 0 1287.9 1.6587e+06 0.168577
0.06 -0.939627 1.02365 1 1 0 1286.2 1.65432e+06 0.166399
0.07 -0.929464 1.02387 1 1 0 1284.58 1.65016e+06 0.170837
0.08 -0.919328 1.01159 1 1 0 1282.95 1.64597e+06 0.167969
0.09 -0.9091 1.03782 1 1 9.64457e-07 1281.31 1.64178e+06 0.17027
0.1 -0.898875 1.01961 0.999999 0.999998 1.12774e-05 1279.72 1.63771e+06 0.167148
0.11 -0.88871 1.0088 0.999997 0.999995 2.44302e-05 1278.01 1.63333e+06 0.1708
0.12 -0.878421 1.01391 0.999993 0.999985 6.33899e-05 1276.38 1.62916e+06 0.171196
0.13 -0.867999 1.03828 0.999977 0.999955 0.000172655 1274.68 1.62483e+06 0.16797
0.14 -0.857572 1.04796 0.99995 0.999901 0.00034948 1272.99 1.62053e+06 0.171899
0.15 -0.847198 1.03067 0.999892 0.999784 0.000712673 1271.34 1.61633e+06 0.171392
0.16 -0.83685 1.05244 0.999803 0.999607 0.00123266 1269.63 1.612e+06 0.173754
0.17 -0.825998 1.07723 0.999639 0.999278 0.00215855 1267.79 1.60734e+06 0.169186
0.18 -0.815167 1.09344 0.999407 0.998815 0.00328662 1265.96 1.6027e+06 0.17483
0.19 -0.804103 1.09287 0.999051 0.998104 0.00488317 1264.12 1.59803e+06 0.171668
0.2 -0.792832 1.15868 0.99858 0.997164 0.00707358 1262.23 1.59326e+06 0.174867
0.21 -0.781411 1.16105 0.997901 0.99581 0.0100574 1260.17 1.58808e+06 0.177167
0.22 -0.769396 1.22981 0.997041 0.994096 0.013572 1258.1 1.58286e+06 0.173905
0.23 -0.757179 1.2468 0.995969 0.991962 0.0175866 1255.97 1.5775e+06 0.176134
0.24 -0.744523 1.29728 0.994587 0.989213 0.0230777 1253.69 1.57179e+06 0.18099
0.25 -0.731105 1.3465 0.992906 0.985876 0.0293779 1251.13 1.56539e+06 0.18424
0.26 -0.717216 1.41568 0.990894 0.981887 0.0362582 1248.49 1.55879e+06 0.189893
0.27 -0.702901 1.4992 0.988484 0.977122 0.0454729 1245.61 1.5516e+06 0.187643
0.28 -0.687489 1.54691 0.985633 0.971498 0.0549643 1242.41 1.54364e+06 0.200845
0.29 -0.671617 1.65507 0.982331 0.965007 0.0652095 1239.08 1.53539e+06 0.198658
0.3 -0.654541 1.73262 0.978467 0.957438 0.0790725 1235.32 1.52609e+06 0.209637
0.31 -0.637466 1.82457 0.974329 0.949366 0.0926203 1231.59 1.5169e+06 0.214874
0.32 -0.618826 1.9075 0.969303 0.93961 0.110874 1227.25 1.50622e+06 0.22877
0.33 -0.598955 2.03682 0.963598 0.928595 0.127762 1222.44 1.49445e+06 0.236444
0.34 -0.577464 2.17668 0.956964 0.915871 0.152749 1217.05 1.48132e+06 0.250215
0.35 -0.555333 2.37678 0.949685 0.902011 0.180528 1211.29 1.46733e+06 0.2749
0.36 -0.531901 2.4195 0.941471 0.886499 0.20855 1204.87 1.45184e+06 0.291934
0.37 -0.506453 2.62374 0.932118 0.869 0.242737 1197.68 1.43458e+06 0.314606
0.38 -0.476661 2.96228 0.92021 0.84699 0.307284 1188.51 1.41272e+06 0.368722
0.39 -0.448677 3.21056 0.90864 0.825872 0.362297 1179.75 1.392e+06 0.406009
0.4 -0.412889 3.52278 0.892583 0.797019 0.451602 1167.48 1.36324e+06 0.487297
0.41 -0.376982 4.14039 0.87553 0.766966 0.58107 1154.51 1.33319e+06 0.617759
0.42 -0.331602 4.81736 0.852183 0.726778 0.771351 1136.52 1.29206e+06 0.796975
0.43 -0.278217 6.31486 0.821825 0.676286 1.19257 1112.72 1.23874e+06 1.23983
0.44 -0.193538 11.1676 0.76599 0.588917 2.84889 1068.1 1.14231e+06 3.11562
0.45 0.205976 5.71796 0.315994 0.104593 6.0684 683.276 470634 12.2553
0.46 0.232775 1.91467 0.278721 0.0798943 2.76621 649.12 423220 6.24274
0.47 0.24863 1.32097 0.256633 0.0675153 2.02827 628.396 396317 4.86256
0.48 0.259406 1.06071 0.245369 0.0615764 1.64444 617.951 383071 4.07352
0.49 0.27113 0.856315 0.229895 0.0539618 1.3049 602.644 364179 3.38507
0.5 0.279045 0.782079 0.223077 0.0507981 1.19216 595.567 355649 3.18551
0.51 0.286857 0.727519 0.216436 0.0478093 1.08965 588.721 347491 2.99392
0.52 0.293315 0.675907 0.212801 0.0462441 1.06314 584.87 342977 2.97301
0.53 0.299439 0.636773 0.207387 0.0438852 0.951816 579.34 336468 2.71458
0.54 0.306172 0.596448 0.203551 0.0422509 0.872598 574.943 331341 2.51851
0.55 0.312324 0.560022 0.201033 0.0411908 0.813348 571.869 327778 2.36539
0.56 0.31749 0.539535 0.198761 0.040322 0.839503 569.39 325000 2.4911
0.57 0.322829 0.524448 0.196953 0.0395555 0.773279 567.16 322419 2.31443
0.58 0.327905 0.520481 0.196093 0.0391697 0.712289 565.738 320770 2.16488
0.59 0.333084 0.504537 0.193657 0.0382119 0.692042 562.748 317383 2.10114
0.6 0.3375 0.487384 0.193203 0.0380166 0.661713 561.747 316252 2.05477
0.61 0.3424 0.469875 0.191697 0.0374258 0.640475 559.735 313985 1.99412
0.62 0.346948 0.46222 0.191109 0.0371791 0.60988 558.631 312729 1.90741
0.63 0.351326 0.450513 0.191766 0.0374309 0.600529 558.869 312987 1.85142
0.64 0.356405 0.447652 0.190351 0.0368503 0.555138 556.852 310704 1.73808
0.65 0.360639 0.447244 0.189672 0.03659 0.544465 555.316 308999 1.725
0.66 0.364937 0.433414 0.189818 0.0366593 0.548565 555.019 308690 1.75808
0.67 0.369682 0.427278 0.188946 0.036303 0.517895 553.436 306915 1.68334
0.68 0.373887 0.423183 0.190264 0.0368103 0.51669 554.314 307895 1.67453
0.69 0.378206 0.41935 0.189168 0.036376 0.493832 552.626 306006 1.6014
0.7 0.382215 0.413159 0.190326 0.0368192 0.489792 553.325 306781 1.58159
0.71 0.386369 0.423929 0.190874 0.0370081 0.466681 553.442 306896 1.52136
0.72 0.390316 0.413913 0.191064 0.0371099 0.483583 553.071 306517 1.57967
0.73 0.394738 0.40933 0.19103 0.037073 0.45792 552.135 305461 1.50863
0.74 0.398331 0.403875 0.192717 0.0377288 0.458424 553.453 306922 1.49238
0.75 0.402882 0.402448 0.192436 0.0375893 0.428209 552.698 306051 1.38969
0.76 0.406587 0.401338 0.19446 0.0384001 0.443773 554.234 307789 1.4576
0.77 0.410374 0.404203 0.19513 0.0386475 0.427653 554.455 308018 1.39993
0.78 0.414326 0.387432 0.195645 0.0388311 0.409215 554.326 307850 1.32657
0.79 0.418325 0.395359 0.19575 0.0388799 0.409566 553.885 307375 1.34059
0.8 0.422254 0.395755 0.196216 0.0390598 0.402576 553.709 307179 1.32209
0.81 0.42659 0.388514 0.196702 0.0392494 0.396652 553.476 306922 1.30963
0.82 0.430058 0.38965 0.197995 0.0397514 0.385772 554.368 307903 1.27247
0.83 0.434175 0.394197 0.199484 0.0403523 0.387381 555.484 309148 1.27091
0.84 0.438342 0.39074 0.200167 0.0406305 0.386463 555.579 309262 1.27274
0.85 0.44233 0.387529 0.201443 0.0411425 0.381627 556.273 310044 1.27794
0.86 0.445521 0.381285 0.202874 0.0417066 0.367576 557.457 311334 1.20274
0.87 0.449444 0.392216 0.202867 0.0417168 0.371887 556.755 310571 1.22815
0.88 0.453418 0.383871 0.204399 0.042335 0.36394 557.76 311675 1.1799
0.89 0.457016 0.382635 0.205813 0.0429126 0.358401 558.831 312877 1.17551
0.9 0.461082 0.387893 0.206307 0.0431285 0.362248 558.517 312545 1.20222
0.91 0.464812 0.378644 0.206512 0.0431969 0.348004 557.943 311881 1.14308
0.92 0.468939 0.375291 0.208435 0.0439889 0.340477 559.71 313852 1.1198
0.93 0.472496 0.378212 0.210093 0.0446892 0.340622 560.904 315202 1.12795
0.94 0.476137 0.369384 0.211305 0.0451837 0.327197 561.643 316009 1.07272
0.95 0.479675 0.370717 0.211057 0.0450973 0.334854 560.652 314919 1.10422
0.96 0.483704 0.364867 0.21214 0.0455352 0.319048 561.03 315318 1.04606
0.97 0.487432 0.372765 0.214307 0.0464849 0.33112 562.931 317488 1.0935
0.98 0.491023 0.37773 0.215076 0.0468028 0.320293 563.411 318013 1.05136
0.99 0.49477 0.372464 0.216622 0.0474777 0.32159 564.18 318893 1.06298
