1 0.360618 0.546236 0.269634 0.0735147 0.467819 640.634 411256 1.31872
0.99 0.355085 0.561436 0.271336 0.0744665 0.49052 642.723 413966 1.37259
0.98 0.348157 0.590443 0.275079 0.0765176 0.498931 646.683 419072 1.37677
0.97 0.343158 0.587192 0.276041 0.0770527 0.507272 647.68 420366 1.39505
0.96 0.335749 0.606959 0.279956 0.0792091 0.500405 651.933 425847 1.32553
0.95 0.331546 0.639266 0.27989 0.0792535 0.554716 651.737 425688 1.49708
0.94 0.324211 0.678374 0.2828 0.0808976 0.564771 654.727 429605 1.52383
0.93 0.316738 0.698567 0.287302 0.0834761 0.578268 659.456 435812 1.5153
0.92 0.310633 0.718235 0.289517 0.0847735 0.596961 661.553 438608 1.56953
0.91 0.304095 0.743736 0.291336 0.0858393 0.609279 663.177 440753 1.57458
0.9 0.295863 0.785621 0.295882 0.0885632 0.650793 667.807 446969 1.66901
0.89 0.286181 0.871464 0.302064 0.0923699 0.72944 673.992 455366 1.83526
0.88 0.279198 0.913523 0.30523 0.0942743 0.72608 677.015 459428 1.8103
0.87 0.269595 0.950491 0.310218 0.0973779 0.756411 681.997 466204 1.82799
0.86 0.25856 1.01948 0.317896 0.102211 0.772249 689.584 476614 1.83449
0.85 0.248644 1.12526 0.323004 0.105586 0.849843 694.321 483258 1.99454
0.84 0.238391 1.17154 0.328737 0.109378 0.898515 699.895 491072 2.07391
0.83 0.224675 1.28165 0.337943 0.115531 0.919443 708.616 503356 2.07456
0.82 0.209266 1.47977 0.349331 0.123465 1.00657 719.36 518766 2.18279
0.81 0.197637 1.60499 0.355738 0.128057 1.07159 725.256 527349 2.30189
0.8 0.174592 1.99187 0.372834 0.140718 1.2332 741.485 551303 2.5335
0.79 0.154345 2.06599 0.386785 0.151256 1.2057 754.089 570079 2.39877
0.78 0.132474 2.63931 0.401679 0.163322 1.45902 767.833 591251 2.81084
0.77 0.104388 3.19575 0.421232 0.179589 1.60987 785.469 618749 2.95583
0.76 0.0630392 4.55579 0.450228 0.205415 2.05357 811.588 660891 3.59136
0.75 0.0184593 5.94861 0.480175 0.233687 2.39571 838.366 705357 3.97406
0.74 -0.0532363 7.67598 0.52735 0.281372 2.54882 879.356 775790 3.87749
0.73 -0.144923 9.61987 0.583398 0.343607 2.56746 928.135 863852 3.5697
0.72 -0.255977 12.4566 0.644067 0.418368 2.8371 979.17 961367 3.67823
0.71 -0.369541 10.0702 0.701139 0.49381 1.79658 1026.7 1.05564e+06 2.1022
0.7 -0.46874 8.90239 0.746254 0.558537 1.35103 1063.19 1.13148e+06 1.47773
0.69 -0.537721 8.23514 0.774502 0.601152 1.08378 1085.32 1.17878e+06 1.15582
0.68 -0.613366 6.06658 0.804332 0.647793 0.714667 1108.36 1.22902e+06 0.739469
0.67 -0.670244 5.54387 0.824863 0.681084 0.5889 1124.35 1.26461e+06 0.596972
0.66 -0.720396 4.87528 0.842242 0.709919 0.47739 1137.15 1.29347e+06 0.477064
0.65 -0.772152 4.43737 0.859142 0.738577 0.400688 1149.86 1.32249e+06 0.401764
0.64 -0.810528 4.03847 0.871064 0.759125 0.335079 1158.2 1.34167e+06 0.340286
0.63 -0.848621 3.7395 0.882321 0.778812 0.29446 1166.25 1.36036e+06 0.303886
0.62 -0.885552 3.45395 0.893344 0.798337 0.253606 1174.27 1.37912e+06 0.26866
0.61 -0.919338 3.2517 0.902553 0.814843 0.227548 1180.76 1.39436e+06 0.247305
0.6 -0.951599 3.03803 0.91121 0.830515 0.203543 1186.8 1.40864e+06 0.224772
0.59 -0.978813 2.9557 0.91817 0.843226 0.185684 1191.74 1.42039e+06 0.21782
0.58 -1.00867 2.71794 0.925913 0.857478 0.161514 1197.1 1.43318e+06 0.195431
0.57 -1.03614 2.685 0.932375 0.869472 0.150304 1201.64 1.44407e+06 0.189532
0.56 -1.06204 2.49024 0.9385 0.880912 0.134106 1206.04 1.45465e+06 0.176985
0.55 -1.08658 2.38618 0.943997 0.891246 0.121241 1209.85 1.46385e+06 0.171469
0.54 -1.11016 2.31179 0.949187 0.90106 0.111477 1213.61 1.47297e+06 0.161505
0.53 -1.13392 2.19602 0.954182 0.910555 0.100112 1217.21 1.4817e+06 0.156313
0.52 -1.1545 2.14771 0.958334 0.918486 0.0916607 1220.25 1.4891e+06 0.155586
0.51 -1.17567 2.06776 0.962448 0.926381 0.0845272 1223.37 1.49673e+06 0.148242
0.5 -1.19723 1.91926 0.966521 0.934227 0.0728055 1226.52 1.50445e+06 0.143893
0.49 -1.21568 1.90781 0.969827 0.940622 0.0677463 1229.02 1.51057e+06 0.140784
0.48 -1.23478 1.84078 0.973048 0.946873 0.0603946 1231.57 1.51685e+06 0.137417
0.47 -1.25317 1.75525 0.976058 0.952734 0.0548435 1234.02 1.52289e+06 0.13618
0.46 -1.27037 1.722 0.978787 0.958065 0.0498408 1236.37 1.52869e+06 0.132691
0.45 -1.28675 1.68067 0.981164 0.962718 0.0445572 1238.38 1.53365e+06 0.129934
0.44 -1.30365 1.58322 0.983542 0.967384 0.0384221 1240.8 1.53965e+06 0.127749
0.43 -1.31912 1.55987 0.985531 0.971298 0.035137 1242.55 1.54399e+06 0.126237
0.42 -1.33446 1.52615 0.987465 0.975109 0.0307131 1244.43 1.54866e+06 0.126379
0.41 -1.34952 1.46246 0.989177 0.978491 0.0277877 1246.31 1.55335e+06 0.121676
0.4 -1.36378 1.44723 0.990672 0.981447 0.0241689 1247.97 1.55749e+06 0.124547
0.39 -1.37778 1.38201 0.992106 0.984289 0.0207101 1249.7 1.56182e+06 0.121614
0.38 -1.39175 1.35405 0.993283 0.986623 0.0178401 1251.42 1.56611e+06 0.120822
0.37 -1.40507 1.30587 0.994386 0.988814 0.0155294 1252.9 1.5698e+06 0.11754
0.36 -1.41781 1.28242 0.995293 0.990616 0.0131775 1254.37 1.57349e+06 0.117989
0.35 -1.43095 1.2498 0.996187 0.992395 0.0110993 1255.79 1.57706e+06 0.118463
0.34 -1.44338 1.22793 0.99688 0.993776 0.0092406 1257.33 1.58094e+06 0.116829
0.33 -1.45513 1.18146 0.997485 0.99498 0.00772298 1258.54 1.58396e+06 0.116842
0.32 -1.46661 1.17944 0.99801 0.996028 0.00630905 1259.87 1.58731e+06 0.11575
0.31 -1.47859 1.15692 0.99844 0.996886 0.00504277 1261.15 1.59055e+06 0.115033
0.3 -1.48989 1.15105 0.998814 0.997631 0.00396202 1262.45 1.59383e+06 0.114832
0.29 -1.50096 1.09577 0.999101 0.998203 0.00313202 1263.61 1.59675e+06 0.114162
0.28 -1.51213 1.08761 0.999333 0.998668 0.00236525 1264.93 1.60009e+06 0.117038
0.27 -1.52293 1.09235 0.999511 0.999023 0.00183414 1266.01 1.60282e+06 0.116086
0.26 -1.53392 1.08094 0.999654 0.999309 0.00135403 1267.28 1.60603e+06 0.113899
0.25 -1.54467 1.05115 0.999761 0.999522 0.000961189 1268.44 1.60899e+06 0.114481
0.24 -1.55507 1.06569 0.999846 0.999693 0.000638809 1269.61 1.61194e+06 0.113633
0.23 -1.56564 1.05644 0.999902 0.999805 0.000424109 1270.73 1.6148e+06 0.113924
0.22 -1.57602 1.04302 0.999939 0.999877 0.000279726 1271.86 1.61766e+06 0.114824
0.21 -1.58653 1.01989 0.999962 0.999925 0.000178417 1273.01 1.6206e+06 0.11397
0.2 -1.59687 1.05402 0.999978 0.999956 0.00010931 1274.07 1.62328e+06 0.112246
0.19 -1.60716 1.03763 0.999991 0.999982 4.90854e-05 1275.21 1.62618e+06 0.113762
0.18 -1.61757 1.02446 0.999995 0.999989 3.02862e-05 1276.35 1.62911e+06 0.113448
0.17 -1.6277 1.03712 0.999998 0.999995 1.42774e-05 1277.42 1.63183e+06 0.112395
0.16 -1.63799 0.996566 0.999999 0.999998 5.42263e-06 1278.54 1.63469e+06 0.110223
0.15 -1.64837 1.02485 0.999999 0.999999 3.47118e-06 1279.69 1.63763e+06 0.112671
0.14 -1.65857 1.03465 1 1 1.23996e-06 1280.78 1.64043e+06 0.11279
0.13 -1.66876 1.01652 1 1 6.67701e-07 1281.85 1.64316e+06 0.112913
0.12 -1.67903 1.01347 1 1 0 1283.03 1.64619e+06 0.112944
0.11 -1.68916 1.02053 1 1 0 1284.08 1.64889e+06 0.112906
0.1 -1.69929 1.03715 1 1 0 1285.15 1.65163e+06 0.111086
0.09 -1.7095 1.02363 1 1 9.64457e-07 1286.25 1.65446e+06 0.113469
0.08 -1.71956 1.02849 1 1 0 1287.38 1.65736e+06 0.113422
0.07 -1.72967 1.02542 1 1 0 1288.45 1.66012e+06 0.114117
0.06 -1.73976 1.00666 1 1 0 1289.52 1.66286e+06 0.112876
0.05 -1.74985 0.996435 1 1 0 1290.62 1.66571e+06 0.111287
0.04 -1.7599 1.00499 1 1 0 1291.69 1.66848e+06 0.112472
0.03 -1.76998 0.988879 1 1 0 1292.78 1.67129e+06 0.111026
0.02 -1.77998 1.02084 1 1 0 1293.82 1.67398e+06 0.110674
0.01 -1.79 1.01714 1 1 0 1294.94 1.67686e+06 0.111479
