1 0.445609 0.317093 0.113808 0.0132771 0.187068 493.714 244310 1.12709
0.99 0.44227 0.30844 0.112297 0.012948 0.196285 492.068 242713 1.19414
0.98 0.439052 0.309827 0.111383 0.0127209 0.184927 491.377 241987 1.11277
0.97 0.435877 0.306286 0.110559 0.0125425 0.189569 490.887 241501 1.1152
0.96 0.432517 0.308546 0.110223 0.0124681 0.19142 490.641 241271 1.14969
0.95 0.429646 0.30716 0.108565 0.0121104 0.196404 488.851 239526 1.18503
0.94 0.426865 0.311235 0.108646 0.0121343 0.20242 489.596 240265 1.21742
0.93 0.423843 0.303524 0.107249 0.0118165 0.194578 488.108 238783 1.17652
0.92 0.420466 0.303327 0.107057 0.011775 0.196433 488.107 238783 1.19029
0.91 0.417569 0.307338 0.105899 0.0115279 0.198337 487.071 237778 1.21754
0.9 0.414317 0.30298 0.10445 0.0112155 0.195649 485.316 236051 1.18844
0.89 0.411394 0.310381 0.104753 0.0112852 0.201972 486.537 237253 1.23341
0.88 0.408619 0.304406 0.104582 0.0112534 0.206882 486.73 237448 1.26362
0.87 0.4052 0.302137 0.102966 0.0109022 0.198736 485.073 235818 1.23643
0.86 0.402577 0.302093 0.102054 0.0107174 0.202453 484.158 234922 1.23097
0.85 0.39967 0.300853 0.101602 0.0106155 0.198243 483.782 234548 1.22121
0.84 0.39618 0.308539 0.101201 0.0105395 0.204254 483.752 234518 1.23656
0.83 0.393578 0.305587 0.101021 0.0104991 0.203966 483.647 234418 1.25312
0.82 0.390364 0.303081 0.0995072 0.0101874 0.200664 482.234 233043 1.24777
0.81 0.387269 0.301359 0.0995648 0.0102053 0.207745 482.567 233364 1.26224
0.8 0.384029 0.307163 0.0991425 0.0101272 0.214543 482.75 233552 1.3053
0.79 0.38136 0.299322 0.0986958 0.0100282 0.209485 482.134 232947 1.29604
0.78 0.378282 0.30822 0.0977643 0.0098529 0.217872 481.143 231997 1.3292
0.77 0.374883 0.308547 0.0985757 0.0100115 0.220142 482.978 233765 1.3381
0.76 0.37184 0.304866 0.0980518 0.00990444 0.220002 482.647 233441 1.34551
0.75 0.368708 0.313867 0.0974943 0.00979989 0.226371 482.179 232987 1.35663
0.74 0.365815 0.308334 0.0974613 0.0097925 0.228686 482.507 233308 1.38629
0.73 0.36291 0.319899 0.0978459 0.00986914 0.233015 483.188 233967 1.4055
0.72 0.359776 0.318173 0.0973456 0.00977576 0.239677 483.12 233908 1.44623
0.71 0.356642 0.314518 0.0961865 0.00954685 0.239325 481.768 232598 1.45705
0.7 0.353533 0.318862 0.0973266 0.00977123 0.24583 483.438 234207 1.46184
0.69 0.349971 0.321345 0.097176 0.00973906 0.247009 483.794 234546 1.46574
0.68 0.34671 0.33112 0.0970246 0.00972355 0.262406 483.816 234581 1.53053
0.67 0.343052 0.341122 0.097889 0.00989953 0.272763 485.338 236073 1.59963
0.66 0.340254 0.336092 0.0974138 0.00979158 0.263682 484.984 235696 1.52014
0.65 0.336601 0.350387 0.0987339 0.0100731 0.287725 486.821 237513 1.63954
0.64 0.332988 0.357825 0.098101 0.009923 0.26928 486.483 237144 1.53645
0.63 0.329546 0.360844 0.0996792 0.0102475 0.284904 488.577 239195 1.58455
0.62 0.326077 0.376512 0.0999957 0.0103292 0.306637 489.247 239871 1.67605
0.61 0.32199 0.383745 0.101007 0.0105338 0.312898 490.796 241389 1.70018
0.6 0.317545 0.391579 0.10239 0.0108137 0.316728 493.186 243733 1.69112
0.59 0.314205 0.40157 0.102349 0.0108034 0.320328 493.04 243585 1.70542
0.58 0.310193 0.418595 0.105049 0.0113737 0.336109 496.604 247116 1.7386
0.57 0.30535 0.440599 0.106781 0.0117677 0.369305 498.773 249313 1.89269
0.56 0.301455 0.457242 0.107783 0.0119893 0.382763 500.066 250604 1.92032
0.55 0.296077 0.476342 0.110425 0.0125775 0.402022 503.646 254204 1.96391
0.54 0.291601 0.510884 0.112965 0.0131702 0.436243 506.793 257408 2.08007
0.53 0.286367 0.543787 0.116046 0.0139064 0.477965 510.341 261045 2.20588
0.52 0.280796 0.580747 0.118912 0.0145913 0.49989 513.884 264692 2.30058
0.51 0.274927 0.631569 0.122246 0.015434 0.553277 517.974 268944 2.45049
0.5 0.267974 0.727096 0.127861 0.0169159 0.653629 524.102 275414 2.79036
0.49 0.261155 0.773731 0.132497 0.018138 0.684766 529.558 281165 2.82785
0.48 0.252666 0.910083 0.140422 0.0204015 0.819923 538.13 290422 3.2451
0.47 0.242785 1.12823 0.149579 0.0232177 1.0341 548.391 301709 3.78636
0.46 -0.677892 2.70087 0.924638 0.855129 0.216852 1212.98 1.47144e+06 0.204365
0.45 -0.705026 2.63656 0.933175 0.870969 0.196223 1218.34 1.48446e+06 0.194695
0.44 -0.730418 2.4565 0.941011 0.885633 0.170337 1223.19 1.49629e+06 0.178883
0.43 -0.754203 2.36163 0.947867 0.898563 0.149505 1227.37 1.50653e+06 0.167459
0.42 -0.777026 2.18498 0.954022 0.910255 0.131364 1231.39 1.51641e+06 0.160644
0.41 -0.798339 2.12287 0.959433 0.920594 0.117065 1234.84 1.52491e+06 0.152388
0.4 -0.818644 1.96564 0.964629 0.93058 0.101792 1238.16 1.53311e+06 0.144578
0.39 -0.838054 1.88518 0.969174 0.939358 0.0894821 1241.1 1.5404e+06 0.142312
0.38 -0.856597 1.82425 0.973181 0.947131 0.0760964 1243.98 1.54755e+06 0.139059
0.37 -0.874215 1.7305 0.976955 0.954484 0.066554 1246.55 1.55394e+06 0.134608
0.36 -0.891574 1.6525 0.980357 0.961136 0.0583629 1249.04 1.56016e+06 0.129729
0.35 -0.907706 1.55737 0.983233 0.966778 0.0512261 1251.22 1.56561e+06 0.128533
0.34 -0.923245 1.52993 0.985852 0.971931 0.0435725 1253.35 1.57095e+06 0.125479
0.33 -0.93848 1.45919 0.988149 0.97646 0.0369313 1255.41 1.5761e+06 0.12258
0.32 -0.952885 1.45554 0.990234 0.980581 0.0323461 1257.23 1.58068e+06 0.124506
0.31 -0.966868 1.36701 0.991965 0.984008 0.0269614 1258.95 1.585e+06 0.120994
0.3 -0.980451 1.30821 0.993516 0.987085 0.0224277 1260.66 1.58932e+06 0.122203
0.29 -0.993476 1.28139 0.994871 0.989778 0.0180731 1262.35 1.59357e+06 0.118312
0.28 -1.00608 1.23824 0.995958 0.99194 0.0147569 1263.91 1.59752e+06 0.116782
0.27 -1.0183 1.20596 0.99686 0.993736 0.0116627 1265.25 1.6009e+06 0.118223
0.26 -1.03013 1.1593 0.997606 0.995223 0.00917793 1266.59 1.60428e+06 0.116271
0.25 -1.04143 1.15771 0.998224 0.996454 0.00715883 1267.89 1.60758e+06 0.113834
0.24 -1.05324 1.10772 0.998738 0.99748 0.00523933 1269.31 1.61119e+06 0.115477
0.23 -1.06413 1.12858 0.9991 0.998202 0.0039527 1270.47 1.61412e+06 0.116795
0.22 -1.07503 1.07327 0.999379 0.998759 0.00285134 1271.73 1.61734e+06 0.114618
0.21 -1.08583 1.06224 0.999599 0.999199 0.00191787 1272.9 1.62031e+06 0.114304
0.2 -1.0964 1.05775 0.99974 0.999481 0.00129414 1274 1.62311e+06 0.113998
0.19 -1.107 1.06341 0.999841 0.999682 0.000827229 1275.32 1.62647e+06 0.115764
0.18 -1.1174 1.02719 0.999912 0.999823 0.000485668 1276.3 1.62898e+06 0.113381
0.17 -1.12773 1.047 0.999956 0.999913 0.000258068 1277.41 1.6318e+06 0.112885
0.16 -1.13807 1.02289 0.999974 0.999947 0.000164068 1278.62 1.63489e+06 0.113422
0.15 -1.14839 1.03549 0.999989 0.999977 7.47425e-05 1279.7 1.63765e+06 0.114762
0.14 -1.15852 1.02953 0.999996 0.999991 3.15414e-05 1280.74 1.64032e+06 0.112436
0.13 -1.16879 1.00676 0.999999 0.999997 1.00085e-05 1281.88 1.64324e+06 0.112639
0.12 -1.179 1.01902 1 0.999999 2.16981e-06 1283.02 1.64615e+06 0.112643
0.11 -1.18917 1.02131 1 1 1.57812e-06 1284.07 1.64886e+06 0.114655
0.1 -1.19932 1.01063 1 1 0 1285.17 1.65167e+06 0.113872
0.09 -1.20942 1.03887 1 1 0 1286.26 1.65448e+06 0.110312
0.08 -1.21958 1.01347 1 1 0 1287.34 1.65725e+06 0.109996
0.07 -1.22966 1.00796 1 1 0 1288.45 1.6601e+06 0.110881
0.06 -1.23977 1.01225 1 1 0 1289.51 1.66283e+06 0.109968
0.05 -1.24985 1.00547 1 1 0 1290.57 1.66559e+06 0.111713
0.04 -1.25991 1.02111 1 1 0 1291.68 1.66844e+06 0.111196
0.03 -1.26995 1.00234 1 1 0 1292.75 1.6712e+06 0.112136
0.02 -1.27998 0.996435 1 1 0 1293.87 1.6741e+06 0.110773
0.01 -1.29001 0.993273 1 1 0 1294.92 1.67682e+06 0.11047
