1 0.419007 0.376734 0.190289 0.0367918 0.33521 568.908 324378 1.26895
0.99 0.414968 0.390147 0.190466 0.0368627 0.340643 569.52 325078 1.28538
0.98 0.410919 0.385493 0.190312 0.0368089 0.34696 569.482 325042 1.31134
0.97 0.40767 0.38368 0.189204 0.036389 0.35084 568.427 323844 1.33303
0.96 0.403831 0.394637 0.190055 0.0367292 0.365057 569.613 325220 1.39229
0.95 0.399136 0.396771 0.191094 0.037096 0.351184 571.026 326769 1.28541
0.94 0.396202 0.408274 0.190699 0.036985 0.379155 570.71 326467 1.41113
0.93 0.392172 0.407 0.191083 0.037143 0.390286 571.468 327346 1.44797
0.92 0.387616 0.406794 0.190968 0.0370974 0.393583 571.408 327272 1.45482
0.91 0.383259 0.417361 0.191914 0.0374578 0.396775 572.767 328822 1.45959
0.9 0.379269 0.411307 0.192616 0.0377137 0.392072 573.715 329880 1.41601
0.89 0.374955 0.425442 0.192592 0.037733 0.415119 573.901 330131 1.50405
0.88 0.370867 0.43572 0.193081 0.0379314 0.426306 574.364 330679 1.55412
0.87 0.366174 0.450711 0.194833 0.0386205 0.437498 576.475 333108 1.56511
0.86 0.361402 0.454098 0.19625 0.0391758 0.443268 578.343 335265 1.57721
0.85 0.356862 0.447452 0.196645 0.0393362 0.452051 578.851 335842 1.57327
0.84 0.35332 0.477758 0.195762 0.0390159 0.475371 577.94 334828 1.67485
0.83 0.347683 0.483785 0.198549 0.0401821 0.527828 581.168 338646 1.84599
0.82 0.342815 0.502209 0.200613 0.0410118 0.538342 583.713 341604 1.84511
0.81 0.338215 0.535214 0.201771 0.0414881 0.552323 584.922 343033 1.89715
0.8 0.332543 0.522936 0.204263 0.0424396 0.515747 587.676 346177 1.73259
0.79 0.327423 0.561638 0.20613 0.0432598 0.561647 589.825 348761 1.8626
0.78 0.321722 0.571079 0.208879 0.0444698 0.619926 592.934 352515 2.04261
0.77 0.314398 0.627299 0.213699 0.046557 0.665629 598.021 358622 2.15581
0.76 0.30887 0.651095 0.215229 0.0472469 0.699969 599.559 360498 2.25401
0.75 0.303686 0.654903 0.216973 0.0479922 0.702531 601.312 362585 2.23771
0.74 0.29423 0.726465 0.225197 0.0516624 0.738464 610.001 373118 2.25182
0.73 0.288743 0.772865 0.226408 0.0522914 0.8134 611.086 374530 2.47431
0.72 0.279943 0.832103 0.233307 0.0554647 0.826189 618.293 383373 2.44126
0.71 0.271878 0.948585 0.238048 0.0578636 0.970871 623.114 389525 2.83391
0.7 0.258756 1.02374 0.250096 0.0637363 0.977677 635.352 404885 2.7264
0.69 0.250238 1.26069 0.255621 0.066772 1.19356 640.812 412085 3.26625
0.68 0.235606 1.42562 0.268526 0.0736935 1.34434 653.34 428415 3.51473
0.67 0.2204 1.71065 0.282054 0.0813294 1.52579 666.584 446028 3.79065
0.66 0.19763 2.46902 0.303512 0.0944051 1.99465 687.45 474725 4.71124
0.65 0.16774 4.12196 0.33127 0.113155 3.02629 713.513 512166 6.60813
0.64 -0.00117825 47.8588 0.47194 0.244249 19.3693 839.469 721496 31.2478
0.63 -0.400064 14.9687 0.745535 0.558773 2.69823 1072.89 1.15302e+06 2.85212
0.62 -0.504685 7.86604 0.795321 0.633738 1.117 1111.7 1.23661e+06 1.07845
0.61 -0.574957 6.2723 0.824701 0.680931 0.753906 1133.51 1.28533e+06 0.706233
0.6 -0.630664 5.04538 0.846299 0.716798 0.552395 1149.15 1.3209e+06 0.508618
0.59 -0.675916 4.37479 0.862605 0.744539 0.440314 1160.51 1.34707e+06 0.405444
0.58 -0.719041 3.94468 0.877642 0.770617 0.358476 1171.15 1.37181e+06 0.333349
0.57 -0.760051 3.40488 0.890881 0.793951 0.284194 1180.48 1.39372e+06 0.279936
0.56 -0.791066 3.31492 0.900632 0.811392 0.261238 1186.83 1.40873e+06 0.255449
0.55 -0.825659 3.16942 0.910937 0.830028 0.231141 1193.98 1.42574e+06 0.23434
0.54 -0.854322 2.97559 0.91916 0.845047 0.204913 1199.29 1.43845e+06 0.21766
0.53 -0.883964 2.78094 0.927334 0.860117 0.183482 1204.83 1.45173e+06 0.20494
0.52 -0.910737 2.55248 0.93441 0.873266 0.159581 1209.67 1.46343e+06 0.189535
0.51 -0.935313 2.50815 0.940603 0.884864 0.14593 1213.68 1.47313e+06 0.173974
0.5 -0.959603 2.33259 0.946585 0.896137 0.130515 1217.76 1.48305e+06 0.170261
0.49 -0.982527 2.20906 0.952076 0.906546 0.11381 1221.52 1.49221e+06 0.16195
0.48 -1.00435 2.14364 0.957121 0.916168 0.103352 1225.13 1.50104e+06 0.153977
0.47 -1.02574 2.03698 0.961676 0.924894 0.0913229 1228.31 1.50883e+06 0.147606
0.46 -1.04538 1.98942 0.965686 0.932616 0.0834875 1231.03 1.51551e+06 0.144944
0.45 -1.06477 1.91383 0.969641 0.940262 0.0753242 1233.96 1.52273e+06 0.1406
0.44 -1.08336 1.82544 0.973152 0.947076 0.0663863 1236.56 1.52916e+06 0.135067
0.43 -1.10149 1.77085 0.976292 0.95319 0.0590612 1239.02 1.53523e+06 0.135963
0.42 -1.11856 1.7171 0.979205 0.958881 0.0531071 1241.27 1.54083e+06 0.132138
0.41 -1.13553 1.62883 0.981895 0.964152 0.0475211 1243.59 1.54657e+06 0.130235
0.4 -1.15152 1.58803 0.984362 0.968998 0.0411688 1245.73 1.5519e+06 0.127263
0.39 -1.16706 1.53319 0.986506 0.973219 0.0357281 1247.66 1.55671e+06 0.125103
0.38 -1.18248 1.48475 0.988512 0.977176 0.0315934 1249.61 1.56159e+06 0.124804
0.37 -1.19721 1.43463 0.990181 0.980476 0.0275911 1251.43 1.56613e+06 0.122674
0.36 -1.21081 1.40567 0.991727 0.983538 0.02371 1253.04 1.57016e+06 0.121522
0.35 -1.22457 1.33269 0.993132 0.986323 0.0197752 1254.86 1.57473e+06 0.119062
0.34 -1.23774 1.32332 0.994324 0.98869 0.0168621 1256.31 1.57837e+06 0.116738
0.33 -1.25081 1.26969 0.995362 0.990754 0.0141478 1257.97 1.58253e+06 0.117295
0.32 -1.26317 1.26052 0.996243 0.992507 0.011792 1259.25 1.58575e+06 0.119134
0.31 -1.27558 1.19524 0.997032 0.994078 0.00965619 1260.61 1.58919e+06 0.117557
0.3 -1.28755 1.18372 0.997679 0.995367 0.00774478 1262.09 1.5929e+06 0.116237
0.29 -1.29912 1.16987 0.99818 0.996367 0.0063475 1263.4 1.59623e+06 0.117112
0.28 -1.31078 1.11595 0.998629 0.997263 0.00486991 1264.7 1.5995e+06 0.11506
0.27 -1.32192 1.13246 0.998979 0.99796 0.00378533 1265.91 1.60256e+06 0.116389
0.26 -1.33289 1.11602 0.99925 0.998502 0.00290053 1267.13 1.60566e+06 0.115441
0.25 -1.34388 1.08557 0.999477 0.998955 0.00209193 1268.44 1.60896e+06 0.112698
0.24 -1.35485 1.07865 0.999637 0.999274 0.00150335 1269.59 1.6119e+06 0.113659
0.23 -1.3652 1.04585 0.999755 0.99951 0.00106684 1270.62 1.61452e+06 0.112998
0.22 -1.37594 1.05615 0.99985 0.9997 0.000682421 1271.82 1.61756e+06 0.113358
0.21 -1.38629 1.04918 0.999902 0.999804 0.000473314 1272.97 1.62048e+06 0.112742
0.2 -1.39674 1.04217 0.999938 0.999875 0.000314271 1274.13 1.62344e+06 0.112985
0.19 -1.40715 1.02225 0.99997 0.999939 0.000159375 1275.25 1.62629e+06 0.112565
0.18 -1.41741 1.02626 0.999984 0.999969 8.65152e-05 1276.35 1.62909e+06 0.111022
0.17 -1.42778 1.01557 0.999992 0.999984 4.6761e-05 1277.49 1.632e+06 0.113516
0.16 -1.43804 1.03045 0.999996 0.999992 2.43591e-05 1278.56 1.63473e+06 0.113284
0.15 -1.44833 1.03402 0.999998 0.999997 1.09849e-05 1279.68 1.63761e+06 0.111614
0.14 -1.45861 1.04816 1 0.999999 3.09942e-06 1280.76 1.64036e+06 0.111249
0.13 -1.46879 1.0168 1 1 0 1281.91 1.64332e+06 0.113815
0.12 -1.47904 0.999505 1 1 7.23343e-07 1283.03 1.64619e+06 0.112258
0.11 -1.48908 1.02008 1 1 0 1284.01 1.64869e+06 0.112382
0.1 -1.49925 1.02717 1 1 0 1285.12 1.65154e+06 0.112072
0.09 -1.50942 1.01732 1 1 0 1286.25 1.65445e+06 0.11248
0.08 -1.51958 1.00332 1 1 0 1287.34 1.65724e+06 0.112217
0.07 -1.5297 1.00395 1 1 0 1288.42 1.66005e+06 0.111137
0.06 -1.53978 1.02026 1 1 0 1289.55 1.66294e+06 0.111772
0.05 -1.54986 0.998707 1 1 0 1290.6 1.66565e+06 0.108344
0.04 -1.55992 1.00746 1 1 0 1291.67 1.66841e+06 0.112717
0.03 -1.56995 0.996003 1 1 0 1292.8 1.67133e+06 0.110531
0.02 -1.57998 1.0147 1 1 0 1293.83 1.674e+06 0.111411
0.01 -1.59 0.99303 1 1 0 1294.91 1.6768e+06 0.109586
