0 0.237682 0.525857 6.76215e-05 1.22522e-07 0.000271756 425.372 181019 0.727566
0.01 0.237669 0.494342 6.84028e-05 1.22673e-07 0.000271859 425.446 181078 0.697239
0.02 0.237611 0.518095 6.78819e-05 1.20262e-07 0.000266467 425.476 181106 0.714381
0.03 0.237635 0.515037 7.29167e-05 1.31715e-07 0.000291222 425.361 181008 0.716884
0.04 0.237874 0.530561 7.71701e-05 1.39401e-07 0.00030746 425.318 180971 0.709107
0.05 0.237666 0.51959 8.00347e-05 1.44375e-07 0.00031788 425.441 181076 0.712063
0.06 0.237476 0.518105 8.31597e-05 1.5191e-07 0.000334067 425.53 181151 0.712418
0.07 0.23763 0.515204 8.61111e-05 1.57938e-07 0.000346804 425.504 181130 0.710811
0.08 0.237752 0.514874 8.91493e-05 1.59294e-07 0.000348703 425.458 181092 0.722356
0.09 0.23784 0.519922 9.72222e-05 1.7542e-07 0.000382389 425.328 180980 0.71943
0.1 0.237796 0.51296 0.000100868 1.83256e-07 0.00039878 425.371 181015 0.70215
0.11 0.237802 0.516487 0.000105295 1.93956e-07 0.00042133 425.457 181088 0.701607
0.12 0.237801 0.521425 0.000105903 1.96217e-07 0.000426243 425.361 181008 0.713131
0.13 0.237877 0.516306 0.000107639 2.00135e-07 0.000434417 425.307 180962 0.713627
0.14 0.237689 0.521942 0.000113889 2.08876e-07 0.000451366 425.489 181117 0.711445
0.15 0.237864 0.518046 0.000119878 2.24398e-07 0.000483903 425.282 180942 0.723591
0.16 0.237598 0.521423 0.000129427 2.40373e-07 0.000515224 425.608 181218 0.713228
0.17 0.237695 0.516229 0.000125781 2.36153e-07 0.000507646 425.423 181060 0.699337
0.18 0.237806 0.511058 0.000141319 2.65239e-07 0.000565097 425.546 181166 0.719464
0.19 0.237865 0.525439 0.000142274 2.59663e-07 0.000551626 425.408 181048 0.718283
0.2 0.237584 0.51501 0.000152517 2.87694e-07 0.000609253 425.629 181236 0.715187
0.21 0.237841 0.508768 0.000156163 2.92517e-07 0.000617771 425.425 181062 0.709004
0.22 0.237686 0.519776 0.000157812 3.04724e-07 0.000644703 425.473 181103 0.711551
0.23 0.237717 0.521811 0.000164497 3.11807e-07 0.000656059 425.534 181155 0.713963
0.24 0.237928 0.520243 0.00017309 3.30343e-07 0.000692083 425.544 181164 0.72382
0.25 0.237813 0.515571 0.000183247 3.531e-07 0.000736175 425.552 181170 0.715496
0.26 0.237685 0.511833 0.000186024 3.59429e-07 0.000748395 425.535 181157 0.723539
0.27 0.237836 0.52884 0.000194965 3.77062e-07 0.000781172 425.468 181099 0.715557
0.28 0.237889 0.506465 0.000199479 3.91529e-07 0.000810403 425.546 181166 0.716621
0.29 0.237837 0.515073 0.000206858 3.9801e-07 0.000818426 425.439 181074 0.709043
0.3 0.237692 0.522666 0.000222135 4.37795e-07 0.000894992 425.726 181321 0.729592
0.31 0.237854 0.532244 0.000221701 4.36138e-07 0.000891616 425.478 181108 0.719385
0.32 0.237636 0.51332 0.000237934 4.69745e-07 0.000951856 425.628 181235 0.714115
0.33 0.237696 0.526617 0.000250781 5.01393e-07 0.00101031 425.596 181207 0.706302
0.34 0.237779 0.510236 0.000247656 4.90843e-07 0.00098959 425.662 181264 0.715073
0.35 0.237965 0.515927 0.000268403 5.36507e-07 0.00107013 425.613 181222 0.715315
0.36 0.23778 0.516719 0.000280382 5.74183e-07 0.00114179 425.526 181148 0.70665
0.37 0.237971 0.521717 0.000298785 6.08543e-07 0.0011964 425.548 181166 0.709262
0.38 0.237994 0.52167 0.000309201 6.33259e-07 0.00123875 425.556 181175 0.723925
0.39 0.237895 0.512139 0.000305295 6.22559e-07 0.00121963 425.707 181303 0.717157
0.4 0.237891 0.518418 0.000329253 6.92787e-07 0.00134641 425.514 181138 0.720359
0.41 0.238056 0.507695 0.000351997 7.34984e-07 0.00140793 425.587 181199 0.706721
0.42 0.237921 0.526664 0.000355642 7.4282e-07 0.00142004 425.686 181285 0.716495
0.43 0.238158 0.517672 0.000375608 7.93457e-07 0.00150307 425.523 181146 0.718147
0.44 0.237815 0.521557 0.000387153 8.25858e-07 0.00155744 425.752 181340 0.712958
0.45 0.237997 0.5254 0.000409983 8.95936e-07 0.00167697 425.714 181308 0.713991
0.46 0.238122 0.524819 0.00041441 8.9036e-07 0.00165571 425.632 181240 0.726174
0.47 0.237743 0.518693 0.000431771 9.3105e-07 0.00171561 425.91 181474 0.702127
0.48 0.238164 0.512618 0.000452257 9.82591e-07 0.00179264 425.658 181261 0.715622
0.49 0.238348 0.536518 0.000464149 1.02524e-06 0.00186579 425.69 181288 0.715424
0.5 0.238074 0.509616 0.000505122 1.14188e-06 0.00204304 425.863 181437 0.724492
0.51 0.238122 0.518598 0.000505122 1.12199e-06 0.00199721 425.697 181294 0.716159
0.52 0.238125 0.518185 0.000533507 1.21287e-06 0.00213866 425.816 181395 0.714247
0.53 0.238064 0.520218 0.00055625 1.2629e-06 0.00219683 425.967 181524 0.715755
0.54 0.237939 0.512917 0.000581858 1.34986e-06 0.00233003 425.921 181486 0.726712
0.55 0.23811 0.512096 0.000604253 1.41195e-06 0.00241188 425.982 181537 0.71523
0.56 0.238232 0.52341 0.000623003 1.48067e-06 0.0025172 425.768 181355 0.721709
0.57 0.238272 0.524371 0.00063941 1.53206e-06 0.00258788 425.866 181439 0.724271
0.58 0.238091 0.520209 0.000673872 1.62956e-06 0.00270826 425.916 181482 0.727804
0.59 0.238223 0.519006 0.000703212 1.74259e-06 0.00287559 425.875 181446 0.717812
0.6 0.237923 0.510877 0.00073125 1.78373e-06 0.00287771 426.228 181747 0.721858
0.61 0.238101 0.520971 0.000780642 1.97588e-06 0.00314837 426.181 181708 0.725245
0.62 0.238383 0.514853 0.000781597 1.95704e-06 0.00310153 426.02 181570 0.719851
0.63 0.238171 0.521022 0.000823351 2.1293e-06 0.00334401 426.162 181690 0.710342
0.64 0.238285 0.529429 0.000854601 2.2149e-06 0.00342042 426.115 181650 0.71563
0.65 0.238386 0.527805 0.000894965 2.35279e-06 0.00357541 426.109 181644 0.711549
0.66 0.238295 0.522967 0.000929601 2.46567e-06 0.00368988 426.228 181745 0.706563
0.67 0.238311 0.518024 0.000966233 2.60371e-06 0.00384793 426.234 181752 0.72079
0.68 0.238235 0.516792 0.00100859 2.77974e-06 0.00406074 426.37 181868 0.722019
0.69 0.238365 0.524663 0.0010704 3.01363e-06 0.00430358 426.324 181829 0.726045
0.7 0.23852 0.529861 0.00108134 3.05914e-06 0.00435422 426.181 181706 0.715083
0.71 0.23829 0.515743 0.00113281 3.22507e-06 0.00447391 426.435 181924 0.729297
0.72 0.238415 0.527493 0.00118819 3.5108e-06 0.00483609 426.521 181998 0.73111
0.73 0.238411 0.518527 0.00123064 3.66256e-06 0.00494918 426.46 181945 0.722992
0.74 0.238404 0.532785 0.00127023 3.87867e-06 0.00521902 426.56 182032 0.736612
0.75 0.238727 0.519262 0.00133429 4.13818e-06 0.00543251 426.457 181944 0.732557
0.76 0.238662 0.535137 0.00140668 4.45376e-06 0.0057024 426.664 182122 0.747202
0.77 0.238539 0.53162 0.00146641 4.73346e-06 0.0059515 426.608 182073 0.735331
0.78 0.238741 0.525308 0.00150998 4.90436e-06 0.00604642 426.515 181993 0.727468
0.79 0.238838 0.521336 0.00156814 5.20306e-06 0.00632215 426.701 182150 0.715672
0.8 0.23866 0.52562 0.00162752 5.53009e-06 0.00663845 426.807 182243 0.736525
0.81 0.238735 0.529067 0.00171658 5.94874e-06 0.00691683 426.903 182326 0.747555
0.82 0.238517 0.516577 0.0017612 6.20705e-06 0.00715445 427.109 182500 0.733147
0.83 0.238783 0.526898 0.0018572 6.70256e-06 0.00749573 426.933 182351 0.734589
0.84 0.238769 0.523596 0.00193003 7.11474e-06 0.00780988 427.082 182477 0.730956
0.85 0.238819 0.527887 0.00201111 7.55691e-06 0.00809243 427.321 182682 0.734306
0.86 0.238849 0.521272 0.00209089 8.08723e-06 0.00856035 427.213 182589 0.727514
0.87 0.238784 0.527893 0.00221259 8.77505e-06 0.00893838 427.51 182845 0.74996
0.88 0.238791 0.538868 0.00220573 8.72336e-06 0.0088891 427.486 182823 0.732478
0.89 0.238778 0.52968 0.00237326 9.83103e-06 0.00967369 427.528 182860 0.74784
0.9 0.238814 0.531629 0.00249288 1.05891e-05 0.0100791 427.831 183119 0.751005
0.91 0.239002 0.521011 0.00250122 1.06436e-05 0.0101089 427.521 182853 0.742855
0.92 0.239126 0.523298 0.00264714 1.17219e-05 0.0108624 427.712 183018 0.748276
0.93 0.239004 0.531512 0.00274809 1.2358e-05 0.0110731 427.83 183117 0.737085
0.94 0.239007 0.524155 0.00288168 1.33471e-05 0.0116191 427.946 183216 0.733253
0.95 0.239236 0.523422 0.00301918 1.43806e-05 0.0121309 427.972 183240 0.74698
0.96 0.238972 0.537588 0.00313811 1.54895e-05 0.0129987 428.176 183414 0.738065
0.97 0.239124 0.529232 0.00329332 1.6678e-05 0.013437 428.466 183663 0.739
0.98 0.239193 0.530306 0.00340938 1.7702e-05 0.0140041 428.399 183608 0.761663
0.99 0.239344 0.534746 0.00352804 1.86428e-05 0.0142751 428.591 183770 0.749904
1 0.239105 0.521996 0.00364809 1.99282e-05 0.0152517 428.746 183904 0.75067
1.01 0.239177 0.54293 0.00387222 2.19238e-05 0.0159661 429.012 184134 0.775509
1.02 0.239408 0.524378 0.0039671 2.27251e-05 0.0160986 428.871 184011 0.74794
1.03 0.23938 0.517368 0.00420564 2.51955e-05 0.0172985 429.191 184287 0.760172
1.04 0.239307 0.518363 0.00431606 2.65099e-05 0.0181591 429.41 184476 0.775028
1.05 0.239555 0.510361 0.00455833 2.8855e-05 0.0186085 429.489 184543 0.769263
1.06 0.239311 0.521695 0.00472613 3.07257e-05 0.0193292 429.735 184756 0.78047
1.07 0.239554 0.523548 0.00493759 3.31276e-05 0.0201551 429.869 184871 0.772887
1.08 0.239523 0.541352 0.00510061 3.50524e-05 0.0208194 429.966 184955 0.776002
1.09 0.23941 0.519529 0.00531293 3.75737e-05 0.0215342 430.254 185203 0.783202
1.1 0.239444 0.532615 0.00556571 4.11294e-05 0.0233908 430.547 185457 0.796067
1.11 0.239626 0.534678 0.0058349 4.45162e-05 0.0241233 430.693 185581 0.784701
1.12 0.239525 0.533668 0.00594193 4.58314e-05 0.0242493 430.741 185622 0.779031
1.13 0.239702 0.524036 0.00626554 5.0511e-05 0.0259294 431.044 185884 0.787839
1.14 0.239694 0.542163 0.00653611 5.45666e-05 0.0272929 431.267 186077 0.800432
1.15 0.239616 0.52036 0.00692222 6.0442e-05 0.0288572 431.763 186506 0.801581
1.16 0.239824 0.536877 0.00714115 6.39308e-05 0.0298018 431.758 186501 0.795802
1.17 0.239757 0.549387 0.00746424 6.90565e-05 0.0307393 432.191 186878 0.826807
1.18 0.239615 0.532705 0.00772743 7.37136e-05 0.0322569 432.587 187220 0.821234
1.19 0.239809 0.52341 0.00799462 7.85566e-05 0.0337368 432.5 187146 0.834594
1.2 0.239723 0.526503 0.00841615 8.61931e-05 0.0353931 433.06 187631 0.827901
1.21 0.239627 0.558954 0.0087671 9.27624e-05 0.0366345 433.358 187889 0.83497
1.22 0.23962 0.523288 0.00913533 9.97295e-05 0.0374981 433.801 188272 0.822607
1.23 0.239671 0.52846 0.00956207 0.000109041 0.0405683 434.038 188480 0.837567
1.24 0.239772 0.533026 0.00987179 0.000115287 0.0410913 434.286 188696 0.841438
1.25 0.239892 0.543366 0.0105582 0.000131406 0.0459167 434.97 189291 0.850001
1.26 0.239837 0.530626 0.0109273 0.000139979 0.0474035 435.224 189514 0.865947
1.27 0.239585 0.517906 0.0113088 0.000148192 0.0467806 435.769 189986 0.841277
1.28 0.239633 0.539784 0.0119247 0.000164481 0.0513368 436.217 190380 0.864609
1.29 0.239702 0.540643 0.0124088 0.000176992 0.0530244 436.65 190759 0.880893
1.3 0.239513 0.54248 0.0129126 0.000191472 0.0569952 437.282 191313 0.886265
1.31 0.239488 0.525435 0.0134948 0.000207363 0.0581852 437.709 191684 0.87139
1.32 0.239264 0.527231 0.0140711 0.000224573 0.0612336 438.305 192211 0.903211
1.33 0.239575 0.528064 0.0146259 0.000241647 0.0638931 438.514 192392 0.891858
1.34 0.239281 0.536273 0.0154402 0.000267101 0.0661286 439.595 193346 0.929643
1.35 0.239408 0.524108 0.0160978 0.000289489 0.0699227 439.947 193656 0.931864
1.36 0.239215 0.549441 0.0168664 0.000317326 0.0756879 440.728 194348 0.964657
1.37 0.238963 0.541981 0.0175419 0.000341458 0.077734 441.388 194929 0.959767
1.38 0.239097 0.523087 0.0181321 0.000363569 0.0801679 441.735 195237 0.964174
1.39 0.2389 0.538553 0.0192286 0.000406718 0.085203 442.818 196193 0.955228
1.4 0.238802 0.536242 0.0201241 0.000443572 0.0889141 443.638 196921 0.962187
1.41 0.238506 0.542983 0.0210657 0.000485228 0.0955315 444.572 197757 1.01074
1.42 0.238315 0.53788 0.0219566 0.000526345 0.101959 445.437 198528 1.01832
1.43 0.238068 0.53864 0.023448 0.000596079 0.106607 446.898 199835 1.05351
1.44 0.237939 0.542207 0.0240734 0.000628662 0.113209 447.178 200084 1.03239
1.45 0.237568 0.546185 0.0253916 0.000695669 0.117358 448.697 201450 1.07644
1.46 0.237469 0.550771 0.02636 0.000750761 0.128822 449.297 201993 1.11134
1.47 0.237334 0.550661 0.0275622 0.000818066 0.134529 450.358 202947 1.1137
1.48 0.23684 0.555797 0.0288503 0.000892476 0.138548 451.749 204204 1.12347
1.49 0.236291 0.547999 0.0305891 0.00100034 0.148953 453.463 205763 1.18679
1.5 0.235937 0.565992 0.0320984 0.00109883 0.157875 454.638 206834 1.22009
1.51 0.235753 0.559662 0.0338188 0.00121292 0.159453 456.191 208246 1.18659
1.52 0.235181 0.559296 0.0356526 0.00134857 0.178478 457.802 209726 1.25765
1.53 0.23475 0.582994 0.0373363 0.0014783 0.194236 459.358 211160 1.31478
1.54 0.234144 0.571134 0.0391093 0.00161497 0.196836 460.956 212630 1.29464
1.55 0.233526 0.579754 0.0411641 0.00178664 0.21234 462.998 214522 1.34226
1.56 0.232807 0.584729 0.0430492 0.00195782 0.240965 464.617 216035 1.43504
1.57 0.23214 0.598708 0.0460855 0.00223509 0.25625 467.335 218577 1.49707
1.58 0.231222 0.605517 0.0488857 0.00250647 0.268793 469.906 220985 1.47937
1.59 0.23038 0.605944 0.0511513 0.00274271 0.290891 471.922 222892 1.54053
1.6 0.22949 0.628632 0.0538836 0.00303785 0.309666 474.369 225219 1.62562
1.61 0.228348 0.639778 0.0569828 0.00338724 0.323018 477.283 227998 1.666
1.62 0.227158 0.650814 0.0605175 0.00381827 0.359194 480.644 231229 1.75247
1.63 0.22567 0.668547 0.064326 0.00431771 0.414444 484.043 234527 1.89803
1.64 0.224202 0.691417 0.0685885 0.00489383 0.436475 488.089 238471 1.9703
1.65 0.222437 0.702537 0.0736413 0.00563328 0.484386 492.586 242893 2.04671
1.66 0.22038 0.761369 0.0791263 0.00649451 0.538065 497.522 247807 2.2439
1.67 0.218313 0.807109 0.0843707 0.00739742 0.642819 502.472 252788 2.47081
1.68 0.215552 0.885111 0.0918421 0.00878144 0.798259 509.073 259526 2.90644
1.69 0.212572 0.920482 0.0992416 0.0102297 0.877325 516.06 266717 3.09458
1.7 0.209036 1.06654 0.108171 0.0121708 1.0826 524.141 275205 3.67035
1.71 -0.420531 1.77917 0.975158 0.950983 0.113542 1242.74 1.54447e+06 0.215053
1.72 -0.432029 1.73913 0.976348 0.953301 0.106381 1243.41 1.54614e+06 0.215916
1.73 -0.443252 1.69435 0.977458 0.955469 0.1023 1243.84 1.5472e+06 0.214576
1.74 -0.454171 1.71155 0.978348 0.957207 0.0977701 1244.31 1.54837e+06 0.208416
1.75 -0.465057 1.68799 0.979319 0.959106 0.091529 1244.84 1.54969e+06 0.207091
1.76 -0.476243 1.64982 0.980282 0.960991 0.0890565 1245.29 1.55082e+06 0.206446
1.77 -0.486822 1.688 0.981018 0.962433 0.0849593 1245.63 1.55165e+06 0.206034
1.78 -0.497821 1.64614 0.981957 0.964274 0.0796758 1245.96 1.55249e+06 0.198119
1.79 -0.509242 1.57622 0.982847 0.966021 0.0738843 1246.52 1.55387e+06 0.202794
1.8 -0.519886 1.58307 0.983518 0.967338 0.0719157 1246.83 1.55465e+06 0.198963
1.81 -0.530647 1.58476 0.984241 0.96876 0.06818 1247.07 1.55524e+06 0.19578
1.82 -0.541351 1.57378 0.984885 0.970028 0.0654941 1247.36 1.55596e+06 0.197976
1.83 -0.552031 1.52811 0.985502 0.971241 0.0624214 1247.7 1.55681e+06 0.198147
1.84 -0.562579 1.53593 0.986028 0.972277 0.0601097 1247.93 1.55738e+06 0.195434
1.85 -0.573313 1.54987 0.986631 0.973466 0.0577128 1248.22 1.5581e+06 0.19416
1.86 -0.583822 1.5028 0.987199 0.974585 0.0543862 1248.43 1.55864e+06 0.19197
1.87 -0.594722 1.4855 0.987805 0.975781 0.0524289 1248.71 1.55933e+06 0.193932
1.88 -0.605445 1.48509 0.9883 0.97676 0.0504764 1249.02 1.56012e+06 0.192772
1.89 -0.616001 1.46127 0.988809 0.977765 0.047747 1249.25 1.56068e+06 0.191031
1.9 -0.626308 1.44543 0.989214 0.978565 0.0459126 1249.31 1.56084e+06 0.192764
1.91 -0.63711 1.38806 0.989682 0.97949 0.0434475 1249.59 1.56153e+06 0.188841
1.92 -0.647785 1.44123 0.990126 0.980367 0.0420932 1249.82 1.56212e+06 0.187778
1.93 -0.657969 1.43629 0.990512 0.981132 0.0403553 1249.89 1.56228e+06 0.188483
1.94 -0.668528 1.40301 0.990854 0.981808 0.0381492 1250.11 1.56283e+06 0.189863
1.95 -0.678972 1.40152 0.991278 0.982648 0.0363676 1250.31 1.56334e+06 0.187103
1.96 -0.689701 1.39987 0.991658 0.983401 0.0343473 1250.63 1.56413e+06 0.186576
1.97 -0.699942 1.37503 0.992013 0.984104 0.0329749 1250.64 1.56416e+06 0.184188
1.98 -0.710283 1.38322 0.992327 0.984726 0.0320325 1250.77 1.56449e+06 0.18613
1.99 -0.720947 1.37404 0.992676 0.985418 0.0301851 1251.01 1.5651e+06 0.189474
2 -0.731236 1.34234 0.992938 0.985938 0.0294297 1251.09 1.56528e+06 0.180086
2.01 -0.741442 1.32797 0.993189 0.986437 0.0278916 1251.21 1.56558e+06 0.183173
2.02 -0.751747 1.33602 0.99346 0.986974 0.026541 1251.3 1.5658e+06 0.18045
2.03 -0.762537 1.33298 0.99379 0.987631 0.026089 1251.48 1.56625e+06 0.184537
2.04 -0.77234 1.31877 0.99395 0.987947 0.0246026 1251.56 1.56645e+06 0.183379
2.05 -0.783053 1.27975 0.994266 0.988575 0.0230865 1251.8 1.56705e+06 0.181585
2.06 -0.793198 1.29945 0.99447 0.988981 0.0229445 1251.82 1.56711e+06 0.183592
2.07 -0.803578 1.29306 0.994688 0.989414 0.0218636 1251.81 1.56709e+06 0.181283
2.08 -0.81366 1.28134 0.994901 0.989837 0.0210146 1251.95 1.56743e+06 0.182648
2.09 -0.824204 1.27665 0.995105 0.990243 0.020105 1252.16 1.56795e+06 0.181416
2.1 -0.834308 1.286 0.995333 0.990697 0.0194622 1252.08 1.56775e+06 0.181671
2.11 -0.844694 1.2779 0.995497 0.991022 0.0183152 1252.3 1.5683e+06 0.180897
2.12 -0.855021 1.27061 0.995684 0.991394 0.0179049 1252.3 1.56832e+06 0.179554
2.13 -0.865221 1.26663 0.99584 0.991705 0.0171596 1252.37 1.56848e+06 0.182521
2.14 -0.875382 1.27299 0.996042 0.992107 0.0162049 1252.53 1.56889e+06 0.178534
2.15 -0.885827 1.26431 0.996207 0.992436 0.0154983 1252.59 1.56904e+06 0.179607
2.16 -0.8958 1.22996 0.996301 0.992622 0.0150943 1252.64 1.56916e+06 0.181065
2.17 -0.906119 1.2269 0.996419 0.992857 0.0145407 1252.57 1.56898e+06 0.177827
2.18 -0.916187 1.23998 0.996593 0.993203 0.0138469 1252.69 1.56929e+06 0.177397
2.19 -0.926494 1.24495 0.996756 0.993529 0.0132006 1252.88 1.56975e+06 0.175911
2.2 -0.936601 1.2345 0.996862 0.99374 0.0127986 1252.82 1.56962e+06 0.177126
2.21 -0.947023 1.22795 0.997004 0.994023 0.0123574 1252.95 1.56993e+06 0.180016
2.22 -0.957121 1.20608 0.997131 0.994275 0.0117856 1252.99 1.57004e+06 0.174352
2.23 -0.967148 1.20988 0.997241 0.994495 0.0112868 1252.93 1.56988e+06 0.175104
2.24 -0.977316 1.20127 0.997334 0.994679 0.0107647 1253.08 1.57026e+06 0.177954
2.25 -0.987483 1.20518 0.997448 0.994907 0.0104812 1253.16 1.57046e+06 0.178279
2.26 -0.997655 1.20562 0.99754 0.995091 0.00997982 1253.18 1.57051e+06 0.176178
2.27 -1.00798 1.16577 0.997649 0.995308 0.00941745 1253.22 1.57061e+06 0.177557
2.28 -1.01826 1.19077 0.997768 0.995544 0.00902081 1253.2 1.57056e+06 0.179608
2.29 -1.02824 1.17755 0.997854 0.995715 0.0086777 1253.25 1.5707e+06 0.175038
2.3 -1.03837 1.19303 0.997911 0.995831 0.00846105 1253.32 1.57085e+06 0.176726
2.31 -1.0485 1.18909 0.997998 0.996003 0.00810881 1253.4 1.57107e+06 0.176434
2.32 -1.05852 1.18694 0.998059 0.996125 0.00785923 1253.42 1.57111e+06 0.178245
2.33 -1.06876 1.18121 0.998145 0.996297 0.00757128 1253.41 1.5711e+06 0.174576
2.34 -1.07879 1.17879 0.998228 0.996463 0.00713564 1253.48 1.57125e+06 0.175226
2.35 -1.08909 1.19893 0.998297 0.996601 0.00696686 1253.55 1.57145e+06 0.176185
2.36 -1.0992 1.15969 0.998395 0.996795 0.00647203 1253.45 1.5712e+06 0.17713
2.37 -1.10907 1.15919 0.99845 0.996905 0.00617699 1253.42 1.57112e+06 0.174812
2.38 -1.11934 1.1535 0.998504 0.997013 0.00592734 1253.62 1.57162e+06 0.173509
2.39 -1.12934 1.13427 0.998557 0.997119 0.00581208 1253.69 1.57178e+06 0.175214
2.4 -1.13951 1.15352 0.998613 0.99723 0.00561082 1253.56 1.57146e+06 0.17548
2.41 -1.14975 1.18011 0.998654 0.997311 0.00546508 1253.74 1.57191e+06 0.176148
2.42 -1.15993 1.13864 0.998725 0.997454 0.00526673 1253.75 1.57195e+06 0.176795
2.43 -1.16948 1.14265 0.998777 0.997557 0.00489333 1253.62 1.57161e+06 0.176585
2.44 -1.17986 1.13763 0.998813 0.997629 0.00480858 1253.72 1.57187e+06 0.174679
2.45 -1.18985 1.13481 0.99886 0.997723 0.00464198 1253.79 1.57203e+06 0.174707
2.46 -1.2001 1.11929 0.998912 0.997827 0.00435189 1253.84 1.57217e+06 0.176779
2.47 -1.20997 1.15502 0.99894 0.997884 0.00423843 1253.78 1.57201e+06 0.177813
2.48 -1.22041 1.11333 0.99901 0.998023 0.00398879 1253.86 1.57221e+06 0.174264
2.49 -1.23028 1.12461 0.99903 0.998063 0.00390381 1253.84 1.57217e+06 0.17505
