0 -1.7 inf 1 1 -nan 1296 1.67962e+06 inf
0.01 -1.69 0.995858 1 1 0 1294.95 1.67689e+06 0.11211
0.02 -1.67998 0.984941 1 1 0 1293.85 1.67406e+06 0.111935
0.03 -1.66996 1.00457 1 1 0 1292.74 1.67119e+06 0.113922
0.04 -1.65991 1.00157 1 1 0 1291.7 1.66849e+06 0.110928
0.05 -1.64987 1.00411 1 1 0 1290.62 1.66572e+06 0.111469
0.06 -1.63974 1.01143 1 1 0 1289.52 1.66288e+06 0.112011
0.07 -1.62968 1.01264 1 1 0 1288.44 1.66008e+06 0.112865
0.08 -1.61958 0.995401 1 1 0 1287.31 1.65719e+06 0.112085
0.09 -1.60946 1.00902 1 1 0 1286.28 1.65454e+06 0.113983
0.1 -1.59921 1.02776 1 1 0 1285.18 1.65169e+06 0.111716
0.11 -1.58916 1.0305 1 1 0 1284.07 1.64885e+06 0.110608
0.12 -1.57895 1.01924 1 1 0 1282.99 1.64607e+06 0.112681
0.13 -1.56873 1.01569 1 1 6.67701e-07 1281.84 1.64314e+06 0.113618
0.14 -1.55854 1.00265 1 0.999999 2.47966e-06 1280.76 1.64037e+06 0.113562
0.15 -1.54831 1.03559 0.999999 0.999998 8.09618e-06 1279.67 1.63758e+06 0.113502
0.16 -1.53805 1.03017 0.999998 0.999997 1.08398e-05 1278.57 1.63477e+06 0.113904
0.17 -1.52788 1.02273 0.999995 0.99999 3.05453e-05 1277.47 1.63195e+06 0.113991
0.18 -1.5175 1.03498 0.999991 0.999983 4.79937e-05 1276.27 1.6289e+06 0.114376
0.19 -1.50718 1.02893 0.999982 0.999965 9.18035e-05 1275.25 1.62629e+06 0.114658
0.2 -1.49672 1.02265 0.999961 0.999922 0.000194844 1274.06 1.62325e+06 0.114118
0.21 -1.48645 1.042 0.999941 0.999882 0.000285197 1272.98 1.6205e+06 0.114351
0.22 -1.47613 1.041 0.999901 0.999801 0.000450732 1271.78 1.61746e+06 0.113319
0.23 -1.46551 1.05836 0.999842 0.999685 0.00068824 1270.74 1.6148e+06 0.113486
0.24 -1.45487 1.04853 0.999764 0.999528 0.000979288 1269.55 1.6118e+06 0.111049
0.25 -1.44428 1.06641 0.999649 0.999299 0.00136733 1268.49 1.6091e+06 0.112443
0.26 -1.43357 1.07693 0.999504 0.999008 0.00189224 1267.31 1.60612e+06 0.112868
0.27 -1.42268 1.10142 0.999299 0.998599 0.00258419 1266.15 1.60317e+06 0.115213
0.28 -1.41155 1.11462 0.999038 0.998078 0.00348863 1264.84 1.59987e+06 0.115583
0.29 -1.40054 1.13006 0.99873 0.997463 0.00441925 1263.64 1.59682e+06 0.115813
0.3 -1.38877 1.13418 0.998314 0.996634 0.00567518 1262.27 1.59337e+06 0.115226
0.31 -1.377 1.1753 0.997833 0.995675 0.00708359 1260.98 1.59012e+06 0.116093
0.32 -1.36528 1.19677 0.997277 0.994565 0.00852695 1259.6 1.58665e+06 0.114913
0.33 -1.35328 1.22143 0.99657 0.993158 0.0106322 1258.27 1.58329e+06 0.117345
0.34 -1.34038 1.25206 0.995767 0.99156 0.0127664 1256.8 1.5796e+06 0.117819
0.35 -1.3282 1.30584 0.99488 0.989796 0.0150046 1255.43 1.57616e+06 0.117248
0.36 -1.31479 1.33798 0.993836 0.987722 0.0171739 1253.78 1.57201e+06 0.118977
0.37 -1.30157 1.36355 0.992627 0.985322 0.0205607 1252.21 1.56809e+06 0.121363
0.38 -1.28733 1.39697 0.991204 0.982501 0.024236 1250.55 1.56393e+06 0.123767
0.39 -1.27293 1.44492 0.989669 0.979463 0.0267914 1248.85 1.5597e+06 0.123466
0.4 -1.25885 1.49271 0.98802 0.976205 0.031026 1247.15 1.55544e+06 0.124353
0.41 -1.24347 1.53477 0.986085 0.972389 0.0354841 1245.11 1.55036e+06 0.127868
0.42 -1.22792 1.60293 0.98394 0.968167 0.0399329 1243.18 1.54556e+06 0.126061
0.43 -1.21211 1.62337 0.981638 0.963646 0.0449666 1241.11 1.54042e+06 0.129683
0.44 -1.1946 1.69328 0.979006 0.958492 0.0507536 1238.87 1.53486e+06 0.130859
0.45 -1.17719 1.79522 0.976177 0.952966 0.0576843 1236.64 1.52935e+06 0.136331
0.46 -1.1586 1.82375 0.973033 0.946844 0.0629409 1233.97 1.52277e+06 0.134683
0.47 -1.14032 1.93381 0.969683 0.940344 0.0721314 1231.48 1.51663e+06 0.141173
0.48 -1.12059 2.0116 0.966079 0.933374 0.0794202 1228.68 1.50974e+06 0.147867
0.49 -1.10079 2.03783 0.962066 0.925645 0.0881363 1225.75 1.50256e+06 0.149412
0.5 -1.0799 2.13539 0.957806 0.917475 0.0963588 1222.74 1.49519e+06 0.150124
0.51 -1.05824 2.25772 0.953114 0.908521 0.106643 1219.42 1.48709e+06 0.160451
0.52 -1.0344 2.35256 0.947828 0.898489 0.122879 1215.56 1.47769e+06 0.167396
0.53 -1.01109 2.40065 0.942523 0.88847 0.130198 1211.9 1.46882e+06 0.170631
0.54 -0.985781 2.61504 0.936394 0.876973 0.14894 1207.75 1.45877e+06 0.184
0.55 -0.961165 2.68962 0.93034 0.865686 0.161149 1203.69 1.44901e+06 0.193053
0.56 -0.933298 2.83715 0.923104 0.852296 0.179245 1198.66 1.43693e+06 0.205072
0.57 -0.9041 2.93784 0.915362 0.838088 0.20208 1193.32 1.42417e+06 0.221944
0.58 -0.87209 3.27703 0.906519 0.822014 0.235632 1187.16 1.40952e+06 0.245318
0.59 -0.838991 3.40683 0.896763 0.804449 0.258681 1180.58 1.39395e+06 0.262893
0.6 -0.804858 3.67673 0.886698 0.786544 0.298172 1173.42 1.37712e+06 0.29285
0.61 -0.764105 4.00047 0.87377 0.763846 0.350316 1164.28 1.35578e+06 0.34169
0.62 -0.723123 4.35424 0.860568 0.741017 0.408875 1155.05 1.33441e+06 0.398189
0.63 -0.674782 4.8015 0.843782 0.712501 0.487475 1142.8 1.30634e+06 0.471994
0.64 -0.620087 5.71998 0.823625 0.679082 0.652429 1127.76 1.27231e+06 0.635719
0.65 -0.556932 6.86024 0.799218 0.639744 0.880856 1109.58 1.2318e+06 0.87528
0.66 -0.479116 9.50577 0.766053 0.58847 1.4259 1083.94 1.17599e+06 1.48918
0.67 -0.385826 10.8521 0.723324 0.525421 1.91045 1050.4 1.10482e+06 2.10176
0.68 -0.22269 20.0396 0.634076 0.40811 5.13199 976.377 957679 6.57816
0.69 -0.0271515 13.0996 0.507336 0.263357 4.98082 867.612 757393 7.75498
0.7 0.0611964 7.36168 0.442788 0.200379 3.55325 810.806 660932 6.2108
0.71 0.123463 4.69969 0.392897 0.157663 2.67297 765.563 588890 5.15663
0.72 0.162396 3.08879 0.360104 0.132276 2.08093 735.119 542708 4.36017
0.73 0.188789 2.13644 0.338602 0.116559 1.50468 715.086 513072 3.30424
0.74 0.207391 1.78028 0.324162 0.106852 1.37834 701.538 493802 3.17273
0.75 0.223597 1.47781 0.311733 0.0986706 1.14658 689.591 476941 2.71606
0.76 0.238527 1.23012 0.299448 0.091026 1.02857 677.721 460594 2.50121
0.77 0.250331 1.15261 0.291089 0.0860781 1.00656 669.973 450164 2.52006
0.78 0.260956 1.03268 0.283656 0.0817141 0.925387 662.595 440258 2.37018
0.79 0.271694 0.905352 0.27624 0.0774147 0.806354 655.048 430190 2.12879
0.8 0.280575 0.878859 0.271061 0.0746065 0.815342 649.826 423411 2.18681
0.81 0.287791 0.825255 0.266823 0.072285 0.775604 645.885 418265 2.09845
0.82 0.29681 0.760975 0.261786 0.0695279 0.699807 640.657 411459 1.93686
0.83 0.301839 0.735197 0.260405 0.0688391 0.713556 639.399 409894 2.00126
0.84 0.312504 0.683761 0.252444 0.0646711 0.646735 630.904 399020 1.84943
0.85 0.318634 0.64398 0.24943 0.0631161 0.610259 627.97 395278 1.74569
0.86 0.323101 0.616063 0.248685 0.0627113 0.580799 627.318 394451 1.71208
0.87 0.330069 0.595278 0.245462 0.061112 0.569586 623.834 390084 1.6854
0.88 0.336718 0.569365 0.242237 0.0595141 0.546587 620.473 385871 1.62013
0.89 0.341846 0.55713 0.240383 0.058611 0.535228 618.363 383251 1.59608
0.9 0.347826 0.534894 0.23802 0.0574447 0.5062 615.788 380039 1.52296
0.91 0.35261 0.52282 0.237608 0.0572384 0.494217 615.49 379673 1.50891
0.92 0.358752 0.513936 0.233585 0.0553475 0.491863 611.095 374312 1.55639
0.93 0.363625 0.487375 0.232812 0.0549488 0.462943 610.086 373028 1.45082
0.94 0.36753 0.501169 0.233511 0.0552714 0.455797 610.737 373823 1.43466
0.95 0.372994 0.476935 0.231597 0.0543805 0.450706 608.765 371424 1.43422
0.96 0.377991 0.466109 0.23028 0.0537778 0.449283 607.158 369472 1.42583
0.97 0.382163 0.461778 0.229345 0.0533082 0.420969 606.046 368084 1.34677
0.98 0.386921 0.458116 0.227943 0.0526835 0.426513 604.327 366034 1.3893
0.99 0.392331 0.438235 0.22714 0.0522743 0.396702 603.277 364709 1.28277
