0 -1.8 -inf 1 1 -nan 1296 1.67962e+06 -inf
0.01 -1.79 0.995005 1 1 0 1294.92 1.67683e+06 0.108881
0.02 -1.77999 1.01558 1 1 0 1293.85 1.67405e+06 0.111113
0.03 -1.76996 1.00463 1 1 0 1292.77 1.67127e+06 0.110346
0.04 -1.7599 1.00155 1 1 0 1291.69 1.66846e+06 0.112359
0.05 -1.74985 1.01493 1 1 0 1290.59 1.66564e+06 0.111064
0.06 -1.73976 1.01596 1 1 0 1289.54 1.66292e+06 0.112795
0.07 -1.72967 1.00249 1 1 0 1288.4 1.65999e+06 0.110477
0.08 -1.7196 1.00865 1 1 0 1287.32 1.65721e+06 0.11197
0.09 -1.70942 1.01987 1 1 0 1286.25 1.65446e+06 0.111998
0.1 -1.69927 0.999278 1 1 0 1285.13 1.65158e+06 0.112272
0.11 -1.68919 1.01361 1 1 0 1284.07 1.64886e+06 0.111573
0.12 -1.67898 1.02014 1 1 0 1282.96 1.64601e+06 0.112955
0.13 -1.66875 1.03378 1 1 0 1281.86 1.64319e+06 0.112654
0.14 -1.6586 1.01836 1 1 0 1280.75 1.64033e+06 0.111608
0.15 -1.64836 1.02533 1 0.999999 1.73585e-06 1279.7 1.63766e+06 0.113012
0.16 -1.63797 1.02898 0.999999 0.999997 9.21525e-06 1278.55 1.63471e+06 0.112331
0.17 -1.62783 1.02852 0.999997 0.999995 1.63169e-05 1277.51 1.63206e+06 0.112828
0.18 -1.6176 1.00907 0.999995 0.99999 2.74155e-05 1276.35 1.62909e+06 0.113261
0.19 -1.60734 1.03943 0.99999 0.999979 5.54094e-05 1275.24 1.62628e+06 0.114119
0.2 -1.59685 1.02801 0.999979 0.999958 0.000105055 1274.09 1.62333e+06 0.113454
0.21 -1.58632 1.04104 0.999962 0.999924 0.000180752 1272.99 1.62053e+06 0.114671
0.22 -1.57608 1.03363 0.999936 0.999873 0.000288514 1271.95 1.61788e+06 0.114807
0.23 -1.5657 1.04283 0.999893 0.999787 0.000462514 1270.74 1.61482e+06 0.113928
0.24 -1.55518 1.05024 0.999846 0.999693 0.000641702 1269.65 1.61205e+06 0.115261
0.25 -1.54459 1.06435 0.99977 0.999541 0.000913682 1268.44 1.60898e+06 0.111364
0.26 -1.53371 1.04947 0.999647 0.999295 0.00134548 1267.18 1.60578e+06 0.112857
0.27 -1.52331 1.06428 0.999519 0.999038 0.00179465 1266.18 1.60325e+06 0.113771
0.28 -1.51191 1.08833 0.999341 0.998684 0.00238331 1264.93 1.60009e+06 0.116853
0.29 -1.5009 1.09911 0.999089 0.99818 0.00315359 1263.65 1.59684e+06 0.114959
0.3 -1.4896 1.11481 0.998793 0.99759 0.00409999 1262.42 1.59375e+06 0.11432
0.31 -1.47842 1.14492 0.99845 0.996905 0.00507621 1261.17 1.59059e+06 0.116972
0.32 -1.467 1.18075 0.998032 0.996072 0.00622906 1259.96 1.58756e+06 0.115797
0.33 -1.45492 1.19051 0.997472 0.994955 0.00781284 1258.49 1.58384e+06 0.114062
0.34 -1.44276 1.20823 0.996864 0.993744 0.00916397 1257.2 1.58061e+06 0.116891
0.35 -1.43061 1.23767 0.996155 0.992332 0.0113364 1255.95 1.57747e+06 0.117735
0.36 -1.41794 1.28559 0.995347 0.990724 0.0133136 1254.35 1.57345e+06 0.118623
0.37 -1.40485 1.30037 0.994353 0.988748 0.0156883 1252.86 1.56972e+06 0.119387
0.38 -1.39164 1.33034 0.993303 0.986663 0.0179631 1251.3 1.56581e+06 0.118638
0.39 -1.37824 1.37778 0.99208 0.984237 0.0207504 1249.72 1.56185e+06 0.119993
0.4 -1.36349 1.43614 0.990676 0.981455 0.0240122 1247.87 1.55723e+06 0.12168
0.41 -1.34976 1.48744 0.98918 0.978496 0.0273847 1246.27 1.55325e+06 0.122047
0.42 -1.33449 1.52387 0.987445 0.97507 0.0307357 1244.47 1.54876e+06 0.124333
0.43 -1.31936 1.56265 0.985619 0.97147 0.0347462 1242.62 1.54418e+06 0.127514
0.44 -1.30321 1.64186 0.983465 0.967233 0.0400399 1240.59 1.53913e+06 0.127724
0.45 -1.28673 1.66713 0.981199 0.962787 0.0448156 1238.44 1.5338e+06 0.130731
0.46 -1.26996 1.7631 0.978741 0.957974 0.0494014 1236.37 1.5287e+06 0.132536
0.47 -1.25261 1.76315 0.976001 0.952624 0.0558276 1233.92 1.52264e+06 0.136502
0.48 -1.23429 1.87521 0.973025 0.94683 0.0612334 1231.53 1.51675e+06 0.136441
0.49 -1.21613 1.86757 0.969925 0.940812 0.0665946 1229.14 1.51087e+06 0.141787
0.5 -1.19621 1.98772 0.966274 0.933751 0.0742827 1226.33 1.50396e+06 0.145492
0.51 -1.17604 2.05951 0.962624 0.926717 0.0814341 1223.48 1.497e+06 0.150147
0.52 -1.15546 2.13343 0.958553 0.918906 0.0904769 1220.42 1.48953e+06 0.148981
0.53 -1.13389 2.23067 0.954154 0.910501 0.0997069 1217.3 1.48192e+06 0.159202
0.54 -1.11113 2.31825 0.949357 0.901381 0.109544 1213.85 1.47355e+06 0.161723
0.55 -1.08635 2.38021 0.943995 0.891241 0.1195 1210.06 1.46436e+06 0.168855
0.56 -1.06215 2.52348 0.938484 0.880884 0.136679 1206.03 1.45463e+06 0.182038
0.57 -1.0369 2.64277 0.9327 0.870075 0.147197 1201.85 1.44457e+06 0.186708
0.58 -1.00832 2.73717 0.9256 0.856901 0.165175 1196.93 1.43277e+06 0.202246
0.59 -0.981929 2.84918 0.919111 0.844949 0.179182 1192.49 1.42218e+06 0.208828
0.6 -0.951418 3.09396 0.911163 0.830429 0.203691 1186.86 1.40881e+06 0.233616
0.61 -0.919872 3.24418 0.902704 0.815119 0.229754 1180.93 1.39478e+06 0.248563
0.62 -0.884507 3.68353 0.892696 0.7972 0.273386 1173.69 1.37776e+06 0.285733
0.63 -0.84925 3.66559 0.882749 0.779562 0.289727 1166.71 1.36143e+06 0.29945
0.64 -0.808782 4.19984 0.870377 0.757946 0.351656 1157.71 1.34056e+06 0.355668
0.65 -0.767175 4.62571 0.857341 0.735507 0.419413 1148.26 1.31882e+06 0.422342
0.66 -0.725489 4.77005 0.843984 0.712831 0.456244 1138.59 1.29672e+06 0.453774
0.67 -0.672618 5.31263 0.825779 0.682567 0.564082 1124.91 1.26585e+06 0.572168
0.68 -0.609466 5.88422 0.802789 0.645285 0.689532 1107.37 1.22681e+06 0.706114
0.69 -0.545705 7.3528 0.778394 0.607041 0.954105 1088.54 1.18567e+06 0.990685
0.7 -0.465681 7.88172 0.745194 0.55677 1.19773 1062.36 1.12957e+06 1.30773
0.71 -0.382362 10.2298 0.708069 0.503608 1.82185 1032.47 1.06755e+06 2.11193
0.72 -0.267965 11.4031 0.651154 0.427085 2.46608 985.433 973290 3.11707
0.73 -0.147523 11.2267 0.583957 0.344929 3.0956 928.276 864645 4.35108
0.74 -0.0428219 7.85826 0.519264 0.273179 2.75851 872.184 763476 4.29367
0.75 0.0193863 6.13749 0.479657 0.233301 2.48081 837.511 704030 4.14678
0.76 0.0611953 4.27207 0.452134 0.206971 1.92973 813.392 663689 3.37031
0.77 0.111123 3.12631 0.415934 0.175199 1.64437 780.461 610970 3.07976
0.78 0.136184 2.68954 0.399317 0.161494 1.50628 765.419 587624 2.94392
0.79 0.157306 2.30362 0.384164 0.149442 1.35654 751.805 566828 2.72206
0.8 0.176108 1.79505 0.371849 0.139803 1.1024 740.311 549403 2.26762
0.81 0.197088 1.70355 0.355726 0.12809 1.10147 725.236 527356 2.36536
0.82 0.211554 1.5316 0.34611 0.121325 1.07687 716.233 514386 2.37744
0.83 0.227465 1.2952 0.335329 0.113771 0.919636 705.934 499562 2.08168
0.84 0.239768 1.18678 0.327272 0.108365 0.863078 698.342 488852 1.99545
0.85 0.247659 1.09281 0.323805 0.106051 0.814176 695.009 484171 1.91961
0.86 0.259328 1.05978 0.316344 0.101311 0.828783 687.86 474323 1.98209
0.87 0.270932 0.959387 0.309105 0.0967041 0.766745 680.803 464596 1.86256
0.88 0.277542 0.875744 0.30641 0.0949597 0.70206 678.465 461343 1.72348
0.89 0.289377 0.817755 0.298471 0.090121 0.670445 670.334 450356 1.68975
0.9 0.29525 0.803463 0.297053 0.0892682 0.657543 668.996 448559 1.66684
0.91 0.303751 0.746976 0.292625 0.0865907 0.608354 664.793 442889 1.55178
0.92 0.309924 0.727751 0.290375 0.0852865 0.606703 662.444 439786 1.56443
0.93 0.316542 0.689613 0.287921 0.0838125 0.565996 660.041 436573 1.49729
0.94 0.324988 0.662313 0.281982 0.0803934 0.539011 653.758 428289 1.44622
0.95 0.331224 0.628206 0.279437 0.078973 0.53853 651.151 424899 1.45778
0.96 0.337023 0.616624 0.277453 0.0778784 0.53886 649.142 422296 1.46129
0.97 0.343462 0.595555 0.275424 0.0767135 0.507919 647.061 419560 1.38854
0.98 0.34853 0.567946 0.274586 0.0762228 0.485168 646.23 418451 1.3236
0.99 0.354007 0.5523 0.273121 0.0754165 0.477995 644.674 416452 1.32758
