2.5 -1.1806 1.26187 0.99622 0.992462 0.0126657 1243.69 1.54683e+06 0.181383
2.49 -1.17041 1.27272 0.996125 0.992273 0.0132087 1243.72 1.54692e+06 0.178811
2.48 -1.16049 1.25097 0.995977 0.991978 0.0136675 1243.78 1.54706e+06 0.181087
2.47 -1.14997 1.26078 0.995855 0.991735 0.0140159 1243.64 1.5467e+06 0.180094
2.46 -1.13972 1.28252 0.995683 0.991392 0.0144637 1243.49 1.54633e+06 0.179782
2.45 -1.12943 1.26692 0.995558 0.991144 0.0153267 1243.5 1.54635e+06 0.178428
2.44 -1.11919 1.28821 0.995387 0.990804 0.0156609 1243.23 1.54569e+06 0.183046
2.43 -1.10925 1.29633 0.995257 0.990544 0.0158114 1243.33 1.54593e+06 0.183343
2.42 -1.09887 1.29803 0.995071 0.990176 0.0165587 1243.26 1.54577e+06 0.181613
2.41 -1.08854 1.29452 0.994904 0.989843 0.017282 1243.28 1.54581e+06 0.178344
2.4 -1.07799 1.30584 0.994725 0.989487 0.0183091 1243.02 1.54517e+06 0.180862
2.39 -1.06794 1.33598 0.994562 0.989163 0.0187892 1243.09 1.54533e+06 0.180403
2.38 -1.05748 1.31174 0.99436 0.988761 0.0191616 1242.93 1.54495e+06 0.18327
2.37 -1.04719 1.35834 0.994142 0.988328 0.0200696 1242.84 1.54473e+06 0.185031
2.36 -1.03703 1.35379 0.993973 0.987994 0.0207724 1242.78 1.54457e+06 0.180432
2.35 -1.02627 1.36652 0.993676 0.987403 0.0213812 1242.52 1.54392e+06 0.184792
2.34 -1.01598 1.36169 0.993526 0.987106 0.0227617 1242.6 1.54411e+06 0.185654
2.33 -1.00562 1.34951 0.993301 0.986659 0.0230818 1242.4 1.54364e+06 0.182107
2.32 -0.995585 1.37853 0.9931 0.98626 0.023445 1242.33 1.54346e+06 0.186209
2.31 -0.985233 1.37717 0.992871 0.985806 0.0240541 1242.25 1.54326e+06 0.184517
2.3 -0.974843 1.38508 0.992598 0.985264 0.0255095 1242.13 1.54295e+06 0.182953
2.29 -0.96385 1.39318 0.992292 0.984658 0.0264783 1241.85 1.54226e+06 0.182538
2.28 -0.953859 1.38628 0.992025 0.984127 0.0274052 1241.77 1.54207e+06 0.184485
2.27 -0.943365 1.42252 0.991731 0.983545 0.0286409 1241.64 1.54173e+06 0.186216
2.26 -0.932705 1.41924 0.99145 0.982988 0.0292122 1241.51 1.5414e+06 0.185564
2.25 -0.922358 1.40998 0.991185 0.982463 0.0305829 1241.41 1.54118e+06 0.187594
2.24 -0.91179 1.42622 0.990843 0.981786 0.0317887 1241.26 1.54079e+06 0.188556
2.23 -0.901448 1.44407 0.990554 0.981215 0.033015 1241.06 1.54029e+06 0.188211
2.22 -0.89112 1.40796 0.990263 0.980638 0.0338386 1241.05 1.54028e+06 0.184951
2.21 -0.880479 1.42189 0.989878 0.979877 0.0348829 1240.85 1.53978e+06 0.188251
2.2 -0.869922 1.46467 0.989465 0.97906 0.036996 1240.64 1.53925e+06 0.190044
2.19 -0.859488 1.47986 0.989158 0.978453 0.0378905 1240.56 1.53907e+06 0.192713
2.18 -0.848786 1.46797 0.988691 0.977531 0.0393797 1240.31 1.53843e+06 0.189288
2.17 -0.838003 1.4826 0.988305 0.976769 0.0411334 1240.03 1.53775e+06 0.190872
2.16 -0.827574 1.49756 0.987945 0.976058 0.0425539 1239.86 1.53731e+06 0.191415
2.15 -0.817075 1.52096 0.987458 0.975096 0.0449129 1239.79 1.53716e+06 0.189735
2.14 -0.80657 1.55167 0.987047 0.974286 0.0457527 1239.5 1.53644e+06 0.194289
2.13 -0.795916 1.57612 0.986645 0.973494 0.0482554 1239.29 1.53591e+06 0.190404
2.12 -0.785024 1.55278 0.986118 0.972454 0.0493923 1239.05 1.53531e+06 0.196148
2.11 -0.77439 1.56616 0.985537 0.97131 0.0521704 1238.67 1.53439e+06 0.19464
2.1 -0.763263 1.57141 0.984991 0.970235 0.0536306 1238.52 1.534e+06 0.196818
2.09 -0.753114 1.5988 0.984591 0.969448 0.0552848 1238.34 1.53356e+06 0.196137
2.08 -0.741809 1.60564 0.983929 0.968146 0.0573898 1237.95 1.5326e+06 0.197808
2.07 -0.731505 1.59014 0.9834 0.967107 0.0594423 1237.74 1.53207e+06 0.19964
2.06 -0.720233 1.66706 0.982714 0.965758 0.0622355 1237.44 1.53134e+06 0.19948
2.05 -0.709629 1.6483 0.982114 0.964583 0.0649758 1237.12 1.53055e+06 0.202426
2.04 -0.698727 1.64835 0.981462 0.963303 0.0661001 1236.82 1.5298e+06 0.201825
2.03 -0.687376 1.67107 0.980635 0.961681 0.0699043 1236.31 1.52854e+06 0.20003
2.02 -0.6769 1.68805 0.980147 0.960725 0.0707917 1236.12 1.52806e+06 0.20505
2.01 -0.665631 1.71344 0.979249 0.958969 0.0770257 1235.73 1.5271e+06 0.205874
2 -0.655083 1.75389 0.978582 0.957664 0.0792648 1235.41 1.52631e+06 0.211129
1.99 -0.643948 1.74856 0.977843 0.956219 0.0820488 1235.06 1.52545e+06 0.211521
1.98 -0.632884 1.75802 0.976917 0.954411 0.0861814 1234.66 1.52445e+06 0.209311
1.97 -0.621761 1.76822 0.976027 0.952676 0.0891328 1234.15 1.52321e+06 0.213039
1.96 -0.6106 1.7698 0.975108 0.950884 0.0923602 1233.68 1.52205e+06 0.215154
1.95 -0.59929 1.82626 0.974197 0.94911 0.096641 1233.27 1.52103e+06 0.216419
1.94 -0.588185 1.82204 0.973225 0.94722 0.101165 1232.82 1.51991e+06 0.214565
1.93 -0.5763 1.85103 0.972026 0.944889 0.104914 1232.09 1.51813e+06 0.219566
1.92 -0.565892 1.86666 0.971179 0.943247 0.110822 1231.79 1.51739e+06 0.223088
1.91 -0.554431 1.86133 0.969954 0.94087 0.11523 1231.29 1.51615e+06 0.224496
1.9 -0.54265 1.96027 0.968706 0.938456 0.122534 1230.55 1.51435e+06 0.226807
1.89 -0.531599 1.94163 0.96766 0.936431 0.126292 1230.12 1.51328e+06 0.22809
1.88 -0.519816 2.00894 0.966197 0.933607 0.135145 1229.31 1.51129e+06 0.234803
1.87 -0.508067 2.00981 0.964746 0.930806 0.137489 1228.62 1.50959e+06 0.236509
1.86 -0.497079 2.05067 0.963617 0.928634 0.144733 1228.19 1.50854e+06 0.23556
1.85 -0.485038 2.10123 0.962017 0.925556 0.153499 1227.28 1.5063e+06 0.249432
1.84 -0.473109 2.05397 0.960335 0.922326 0.158352 1226.25 1.50378e+06 0.246066
1.83 -0.461635 2.12913 0.958945 0.919664 0.170229 1225.63 1.50226e+06 0.249404
1.82 -0.449877 2.17942 0.957368 0.916644 0.174796 1224.85 1.50034e+06 0.257216
1.81 -0.437678 2.22837 0.955351 0.912793 0.186782 1223.88 1.49797e+06 0.26319
1.8 -0.425351 2.24246 0.953306 0.908896 0.199477 1222.67 1.49503e+06 0.270621
1.79 -0.413261 2.30781 0.951345 0.905166 0.210001 1221.61 1.49243e+06 0.273993
1.78 -0.400779 2.34049 0.949217 0.90113 0.224217 1220.54 1.48983e+06 0.278975
1.77 -0.388773 2.3846 0.947032 0.896993 0.236045 1219.5 1.48728e+06 0.28438
1.76 -0.37577 2.41212 0.944357 0.89194 0.249687 1217.96 1.48354e+06 0.29863
1.75 -0.362779 2.5073 0.941803 0.887133 0.267407 1216.51 1.48e+06 0.310964
1.74 -0.350784 2.59337 0.939312 0.882455 0.283792 1215.33 1.47714e+06 0.313355
1.73 -0.337713 2.63635 0.936448 0.877094 0.30427 1213.67 1.4731e+06 0.32846
1.72 -0.324564 2.65203 0.933334 0.871277 0.317983 1211.94 1.46893e+06 0.334008
1.71 -0.311294 2.67033 0.930116 0.865291 0.337278 1210.11 1.46449e+06 0.339835
1.7 -0.29788 2.82592 0.926616 0.858809 0.368771 1208.35 1.46023e+06 0.357802
1.69 -0.283765 3.00062 0.922454 0.851138 0.416803 1205.9 1.45433e+06 0.397519
1.68 -0.269396 3.03983 0.91813 0.84319 0.437496 1203.42 1.44836e+06 0.409576
1.67 -0.253821 3.30892 0.912632 0.833165 0.513357 1200.24 1.44073e+06 0.455313
1.66 -0.241009 3.39392 0.90912 0.826782 0.544667 1198.4 1.43634e+06 0.474389
1.65 -0.22345 3.76976 0.901647 0.813305 0.648203 1193.69 1.42508e+06 0.556601
1.64 -0.207091 4.03758 0.894834 0.801116 0.744435 1189.56 1.41527e+06 0.616678
1.63 -0.189435 4.3901 0.886667 0.786636 0.878039 1184.6 1.40353e+06 0.723278
1.62 -0.171781 5.21837 0.878006 0.771495 1.15523 1179.12 1.39066e+06 0.935342
1.61 0.256122 0.49917 0.0506255 0.00268352 0.231505 460.942 212660 1.38543
1.6 0.256785 0.491341 0.0482544 0.00243843 0.211083 458.684 210574 1.33474
1.59 0.257522 0.478036 0.0460229 0.00222933 0.213547 456.556 208628 1.35059
1.58 0.257962 0.480191 0.0442256 0.00205643 0.193009 454.832 207045 1.26285
1.57 0.258486 0.473569 0.0425394 0.001904 0.181244 453.268 205620 1.23746
1.56 0.258991 0.484741 0.0405701 0.00173724 0.175312 451.605 204113 1.22377
1.55 0.259541 0.466406 0.0388359 0.00159376 0.164238 450.003 202665 1.20056
1.54 0.259967 0.470375 0.0373306 0.00147417 0.154744 448.532 201338 1.16547
1.53 0.260223 0.460859 0.035766 0.00135589 0.147231 447.21 200150 1.13871
1.52 0.260776 0.458795 0.0339704 0.00122564 0.137568 445.312 198450 1.1015
1.51 0.260986 0.462515 0.0328493 0.00114973 0.135657 444.324 197573 1.11401
1.5 0.261064 0.462532 0.0318102 0.00107854 0.127981 443.56 196890 1.08772
1.49 0.261573 0.454037 0.0306201 0.00100329 0.126147 442.374 195839 1.08784
1.48 0.261688 0.459433 0.0293325 0.000920287 0.114996 441.228 194819 1.03403
1.47 0.261976 0.457056 0.0279144 0.000837401 0.111718 439.721 193494 1.05549
1.46 0.262223 0.45498 0.0270604 0.000788124 0.107246 439.041 192893 1.03316
1.45 0.262477 0.460292 0.02592 0.000723979 0.100099 437.916 191903 1.01134
1.44 0.262557 0.45213 0.0250996 0.000680647 0.0972649 437.259 191326 1.00199
1.43 0.26263 0.447262 0.0240051 0.000622537 0.0888791 436.263 190451 0.957047
1.42 0.262857 0.449789 0.0230862 0.000578908 0.0881953 435.362 189667 0.972259
1.41 0.262963 0.449796 0.0219943 0.000527017 0.0830772 434.169 188626 0.94486
1.4 0.263124 0.447548 0.0212995 0.000496149 0.0815637 433.479 188026 0.941495
1.39 0.263119 0.45188 0.0205683 0.000462797 0.0763029 433.02 187628 0.937022
1.38 0.263459 0.444573 0.0197971 0.000430653 0.0743549 432.085 186817 0.91522
1.37 0.263436 0.448438 0.0191391 0.000403874 0.0721349 431.546 186350 0.916346
1.36 0.263519 0.447278 0.0184537 0.000376532 0.0691046 430.815 185718 0.898998
1.35 0.263477 0.445709 0.0178772 0.000354351 0.0667355 430.418 185374 0.884299
1.34 0.263588 0.444034 0.0171496 0.000327061 0.0632697 429.763 184809 0.87945
1.33 0.263666 0.438772 0.0165198 0.00030425 0.0601861 429.306 184417 0.880726
1.32 0.263694 0.439896 0.015912 0.000283706 0.0585896 428.486 183712 0.87024
1.31 0.263592 0.442825 0.0152789 0.000262612 0.0560012 427.957 183258 0.859779
1.3 0.2638 0.438886 0.0147137 0.000243993 0.0527991 427.415 182794 0.861919
1.29 0.263864 0.4405 0.0141668 0.000227566 0.0515849 426.801 182269 0.85572
1.28 0.26395 0.446543 0.0136661 0.000212018 0.0484881 426.329 181865 0.852054
1.27 0.263955 0.431712 0.0132122 0.000199298 0.047491 426.007 181589 0.841266
1.26 0.263714 0.436626 0.0128058 0.000187613 0.0453574 425.806 181416 0.82613
1.25 0.263896 0.434294 0.0123957 0.000177082 0.0449845 425.226 180923 0.834081
1.24 0.26396 0.441919 0.0119958 0.000166294 0.0429967 424.919 180661 0.825722
1.23 0.263784 0.437507 0.0115669 0.000154877 0.040479 424.623 180408 0.816118
1.22 0.264048 0.442304 0.0109396 0.000140145 0.0393037 423.622 179557 0.796884
1.21 0.263839 0.439383 0.0107338 0.00013492 0.0378356 423.69 179616 0.80578
1.2 0.263797 0.436045 0.0103107 0.000125211 0.0362895 423.253 179246 0.806778
1.19 0.263757 0.43312 0.00996363 0.000117351 0.0347081 423.048 179073 0.809029
1.18 0.26371 0.439485 0.00967266 0.000111128 0.0337309 422.753 178819 0.785313
1.17 0.263773 0.441454 0.00935998 0.000104828 0.0330602 422.56 178657 0.791896
1.16 0.263509 0.422567 0.00884731 9.47891e-05 0.0317073 421.952 178141 0.769791
1.15 0.263742 0.4486 0.00872769 9.19851e-05 0.03036 421.835 178045 0.792616
1.14 0.263588 0.44448 0.00828116 8.36069e-05 0.0288561 421.526 177784 0.786012
1.13 0.263721 0.434343 0.00812161 8.08107e-05 0.0285121 421.262 177558 0.768017
1.12 0.263451 0.434748 0.00768663 7.32166e-05 0.0271339 420.754 177132 0.782825
1.11 0.263549 0.445929 0.00749974 6.96767e-05 0.0257867 420.641 177035 0.76049
1.1 0.263505 0.44063 0.00727352 6.59446e-05 0.0250377 420.514 176929 0.766428
1.09 0.263342 0.427594 0.00701163 6.18526e-05 0.024364 420.326 176769 0.75332
1.08 0.263558 0.435453 0.0068138 5.87244e-05 0.0236093 420.015 176507 0.755459
1.07 0.263397 0.432146 0.00662248 5.59885e-05 0.023292 419.928 176435 0.756385
1.06 0.263236 0.440433 0.00638099 5.2418e-05 0.022466 419.716 176256 0.750173
1.05 0.263273 0.436119 0.00612934 4.84131e-05 0.020821 419.421 176007 0.742159
1.04 0.263279 0.431106 0.00585634 4.49666e-05 0.0204863 419.186 175811 0.751552
1.03 0.26327 0.429318 0.00574401 4.32649e-05 0.0197208 419.14 175774 0.759866
1.02 0.263201 0.43716 0.00554792 4.06835e-05 0.0190159 418.909 175577 0.736439
1.01 0.263113 0.427696 0.00530234 3.76575e-05 0.0183219 418.608 175326 0.737772
1 0.263151 0.436614 0.00515998 3.59021e-05 0.0178112 418.574 175298 0.749926
0.99 0.263109 0.431699 0.0050125 3.41878e-05 0.0174003 418.364 175119 0.720781
0.98 0.263203 0.435398 0.00482309 3.19878e-05 0.0167532 418.199 174983 0.733729
0.97 0.263109 0.425158 0.00466589 3.01729e-05 0.0161327 417.963 174786 0.738903
0.96 0.26273 0.437112 0.00444818 2.77571e-05 0.015304 417.893 174727 0.738952
0.95 0.262961 0.425194 0.00435139 2.66439e-05 0.0148018 417.689 174555 0.726867
0.94 0.262926 0.430305 0.00422309 2.52794e-05 0.0142942 417.487 174387 0.729403
0.93 0.262742 0.42947 0.00405825 2.36176e-05 0.0137246 417.6 174480 0.714458
0.92 0.263039 0.432999 0.00390616 2.20952e-05 0.0131272 417.107 174068 0.719546
0.91 0.262645 0.418101 0.0037388 2.04829e-05 0.0124883 417.086 174053 0.73707
0.9 0.26255 0.428379 0.00366684 2.00415e-05 0.012664 417.139 174096 0.726
0.89 0.262776 0.425267 0.00355885 1.89468e-05 0.0120602 416.871 173870 0.708431
0.88 0.262871 0.426773 0.0034099 1.77165e-05 0.011691 416.66 173694 0.705503
0.87 0.262419 0.425645 0.00330773 1.68522e-05 0.0113494 416.915 173909 0.722162
0.86 0.262511 0.426174 0.003152 1.54678e-05 0.0106228 416.559 173611 0.714573
0.85 0.262707 0.430948 0.00310634 1.52011e-05 0.0106593 416.415 173491 0.719625
0.84 0.262561 0.434001 0.00300087 1.43437e-05 0.0102499 416.447 173518 0.725343
0.83 0.262453 0.423697 0.00286884 1.32811e-05 0.00969768 416.318 173411 0.727146
0.82 0.262415 0.428008 0.00279106 1.27099e-05 0.00944625 416.26 173361 0.707737
0.81 0.262461 0.427157 0.00270252 1.21755e-05 0.00935411 416.283 173381 0.719746
0.8 0.262331 0.428218 0.0026033 1.13854e-05 0.0088478 416.029 173169 0.707039
0.79 0.262071 0.418327 0.00251484 1.07604e-05 0.00851709 416.176 173291 0.710337
0.78 0.262396 0.430384 0.00241285 1.00604e-05 0.00813806 415.72 172909 0.692961
0.77 0.262041 0.417717 0.00235356 9.63707e-06 0.00786784 415.915 173072 0.696515
0.76 0.262244 0.438552 0.00228377 9.22354e-06 0.00769526 415.795 172973 0.706596
0.75 0.262151 0.426459 0.00217326 8.49941e-06 0.00725056 415.653 172857 0.717507
0.74 0.261903 0.414765 0.00211363 8.17072e-06 0.00711033 415.751 172936 0.694537
0.73 0.261897 0.428518 0.00209175 8.01128e-06 0.00698082 415.723 172914 0.709657
0.72 0.261966 0.424399 0.00200339 7.49738e-06 0.00668894 415.469 172702 0.702001
0.71 0.262004 0.419443 0.00192144 7.09259e-06 0.00652925 415.56 172777 0.695751
0.7 0.261886 0.422068 0.00186033 6.72155e-06 0.00626059 415.449 172686 0.70273
0.69 0.261897 0.426426 0.00181675 6.49309e-06 0.00612959 415.396 172641 0.702343
0.68 0.261819 0.429577 0.00176059 6.19394e-06 0.00594098 415.405 172649 0.699182
0.67 0.261913 0.420287 0.00169635 5.8012e-06 0.00561328 415.316 172573 0.689395
0.66 0.261992 0.422898 0.00162726 5.53024e-06 0.00553396 415.149 172434 0.688155
0.65 0.261895 0.421339 0.00157734 5.26726e-06 0.00533615 415.002 172313 0.696788
0.64 0.261713 0.439641 0.00154488 5.09365e-06 0.00519744 415.134 172424 0.704746
0.63 0.261792 0.420889 0.001473 4.76089e-06 0.00497502 415.002 172314 0.694416
0.62 0.261758 0.41871 0.00142595 4.59331e-06 0.00491513 414.996 172308 0.689685
0.61 0.261765 0.425766 0.00135208 4.21489e-06 0.00458258 414.669 172036 0.692485
0.6 0.261568 0.417937 0.00131597 4.06268e-06 0.00447532 414.941 172261 0.681352
0.59 0.261389 0.42069 0.00130356 4.03872e-06 0.00449175 415.027 172335 0.698198
0.58 0.261517 0.413671 0.00124931 3.75223e-06 0.00420761 414.868 172202 0.696037
0.57 0.261523 0.41401 0.00117656 3.41073e-06 0.00389076 414.704 172066 0.698376
0.56 0.26145 0.423418 0.00116311 3.45278e-06 0.00403193 414.667 172035 0.69379
0.55 0.261607 0.424903 0.00113134 3.25054e-06 0.00378358 414.637 172011 0.701496
0.54 0.261596 0.417793 0.00107405 3.04648e-06 0.00363439 414.577 171960 0.692191
0.53 0.261586 0.422554 0.00103898 2.87679e-06 0.00345085 414.445 171850 0.686042
0.52 0.261544 0.418543 0.00101259 2.78064e-06 0.00337019 414.525 171916 0.683613
0.51 0.261573 0.421664 0.00100165 2.75894e-06 0.00337083 414.596 171976 0.694174
0.5 0.261524 0.426428 0.000963281 2.61878e-06 0.00324648 414.53 171919 0.677714
0.49 0.261532 0.428463 0.000931424 2.49084e-06 0.00311671 414.392 171806 0.686655
0.48 0.261329 0.430253 0.000890799 2.37058e-06 0.00302794 414.48 171880 0.693042
0.47 0.261378 0.432785 0.000858681 2.2051e-06 0.00281812 414.42 171829 0.686761
0.46 0.261164 0.417824 0.000829514 2.11347e-06 0.00273673 414.509 171903 0.685716
0.45 0.261311 0.418937 0.000799479 2.0327e-06 0.00267558 414.361 171782 0.698773
0.44 0.261316 0.416958 0.000766406 1.94514e-06 0.0026069 414.355 171775 0.689937
0.43 0.261273 0.411615 0.000760069 1.89164e-06 0.00252275 414.337 171759 0.672697
0.42 0.261132 0.416417 0.000719444 1.76806e-06 0.00240088 414.306 171736 0.696003
0.41 0.261444 0.41844 0.000705903 1.71833e-06 0.00234246 414.13 171590 0.691461
0.4 0.26102 0.41248 0.000663628 1.58586e-06 0.00219928 414.243 171683 0.68574
0.39 0.261285 0.415619 0.000653819 1.56883e-06 0.00219139 414.179 171630 0.68513
0.38 0.261144 0.419459 0.00063941 1.53296e-06 0.00215831 414.212 171658 0.694508
0.37 0.261037 0.426996 0.000610851 1.43214e-06 0.00203328 414.203 171650 0.692665
0.36 0.261032 0.414956 0.00058125 1.3482e-06 0.00193987 414.195 171644 0.695721
0.35 0.261093 0.412128 0.00056849 1.32605e-06 0.0019255 414.023 171501 0.692025
0.34 0.260997 0.416231 0.000546788 1.25461e-06 0.00183482 414.225 171667 0.682987
0.33 0.260957 0.41704 0.000532552 1.19976e-06 0.001759 414.28 171713 0.682612
0.32 0.26094 0.423241 0.000515104 1.1782e-06 0.00175271 414.219 171664 0.692551
0.31 0.26098 0.416986 0.000495052 1.10572e-06 0.00165243 414.21 171655 0.682705
0.3 0.261029 0.417505 0.000489323 1.08522e-06 0.0016239 414.101 171565 0.692656
0.29 0.261053 0.426646 0.000482378 1.06985e-06 0.00160735 414.018 171496 0.688467
0.28 0.260854 0.418909 0.000448524 9.75809e-07 0.0014873 414.121 171580 0.678758
0.27 0.261094 0.418085 0.000434896 9.40695e-07 0.001443 413.973 171458 0.68098
0.26 0.261069 0.430314 0.000430642 9.34817e-07 0.00143878 414.004 171484 0.685333
0.25 0.260785 0.42103 0.000419878 8.96539e-07 0.00138286 414.163 171615 0.680188
0.24 0.261008 0.426958 0.000400434 8.55547e-07 0.00133478 414.058 171528 0.675392
0.23 0.26087 0.407565 0.000386198 8.3264e-07 0.0013123 414.049 171521 0.676967
0.22 0.261039 0.411251 0.000370312 7.77332e-07 0.00122918 413.945 171434 0.676044
0.21 0.260921 0.417603 0.000361372 7.59398e-07 0.00120731 413.911 171408 0.686194
0.2 0.260773 0.408824 0.000340885 7.03035e-07 0.00112672 414.074 171542 0.678607
0.19 0.260909 0.419021 0.000339063 7.02884e-07 0.00112881 413.974 171460 0.687682
0.18 0.260777 0.41053 0.000324653 6.7214e-07 0.00108814 413.998 171481 0.696561
0.17 0.261007 0.422907 0.000314323 6.45164e-07 0.00104902 413.75 171272 0.669682
0.16 0.260985 0.429284 0.000308854 6.26326e-07 0.0010194 413.761 171284 0.687275
0.15 0.260864 0.416972 0.000295226 5.91815e-07 0.000968941 413.899 171397 0.682763
0.14 0.260916 0.407252 0.000278646 5.68154e-07 0.000941781 413.807 171321 0.684766
0.13 0.260874 0.414021 0.000269358 5.42685e-07 0.000902653 413.797 171312 0.677798
0.12 0.260773 0.415372 0.000268924 5.45247e-07 0.000908021 413.743 171268 0.684726
0.11 0.260819 0.414255 0.000260417 5.23546e-07 0.000875 413.828 171338 0.676249
0.1 0.260918 0.410955 0.000242101 4.76074e-07 0.000801526 413.719 171248 0.686371
0.09 0.260607 0.404968 0.000232378 4.58894e-07 0.000777397 414.006 171485 0.677588
0.08 0.260773 0.415893 0.000229601 4.57086e-07 0.000776389 413.883 171384 0.68417
0.07 0.260819 0.407257 0.000221528 4.30109e-07 0.000731587 413.826 171335 0.669239
0.06 0.260672 0.416377 0.000212847 4.1534e-07 0.00071047 413.809 171321 0.672198
0.05 0.260726 0.413394 0.000216059 4.17601e-07 0.000712165 413.818 171328 0.668533
0.04 0.260609 0.413141 0.000204253 4.00722e-07 0.000689285 413.846 171352 0.670192
0.03 0.260528 0.422714 0.000198785 3.80076e-07 0.000653876 413.929 171422 0.685165
0.02 0.260797 0.411481 0.000193229 3.73143e-07 0.000644747 413.713 171243 0.686794
0.01 0.260639 0.407359 0.000183594 3.51291e-07 0.000609762 413.955 171444 0.686006
