1.06261 0 0
0 0 0
0.915459 0.0501223 0
1.93525 0.149186 0
3.01364 0.0473727 0
4.10002 0.0933705 0
5.15563 -0.115371 0
6.22318 -0.145521 0
7.43988 -0.170694 0
8.35674 -0.0667297 0
9.34207 -0.0947136 0
10.4746 0.00408115 0
11.5203 0.00322467 0
12.5394 -0.0990463 0
13.5945 -0.0719412 0
14.678 -0.111425 0
15.7786 0.0303655 0
16.9747 -0.0028995 0
18.0942 0.0570851 0
19.0887 -0.000648879 0
20.1589 -0.0752416 0
21.1411 0.023555 0
22.3715 0.0123385 0
23.3438 -0.143239 0
24.4039 -0.145454 0
25.4857 -0.0931455 0
26.5677 -0.187209 0
27.7239 -0.100368 0
28.7584 -0.0754946 0
29.8566 -0.133586 0
30.928 -0.155159 0
32.1146 -0.223018 0
33.0969 -0.257909 0
34.054 -0.24378 0
35.2039 -0.213783 0
36.3545 -0.247583 0
37.3089 -0.272536 0
38.4719 -0.138766 0
39.433 -0.133054 0
40.5043 -0.222877 0
41.4476 -0.209749 0
42.63 -0.166911 0
43.7763 -0.0744134 0
44.9308 -0.0324756 0
45.8348 -0.00428243 0
46.8498 0.030644 0
47.8631 -0.106727 0
48.9225 -0.174445 0
49.9329 -0.0703835 0
-0.0148947 1.09189 0
0.908468 1.16036 0
2.02207 1.07598 0
3.13216 1.06206 0
4.09888 1.0847 0
5.17818 1.07946 0
6.12517 0.726232 1
7.26302 0.801756 0
8.28859 0.912849 0
9.27998 0.816572 1
10.599 0.748557 0
11.4768 0.982977 0
12.4871 1.02391 0
13.5259 0.943863 1
14.7735 0.908195 1
15.9597 0.795049 0
16.987 0.916581 0
18.0206 0.933623 0
19.0237 0.932118 0
20.073 0.969545 0
21.2537 1.11708 0
22.2883 0.823283 0
23.4337 0.832358 0
24.4531 0.857394 0
25.5472 0.787957 0
26.4931 0.797477 1
27.6965 0.781629 1
28.7992 0.811361 0
29.8778 0.770068 1
31.0558 0.773499 1
32.0709 0.861372 0
32.9558 0.737673 1
34.1169 0.532755 1
35.285 0.680696 0
36.2834 0.720968 0
37.3178 0.764946 0
38.3757 0.893678 0
39.4526 0.809619 0
40.4548 0.765701 0
41.5335 0.858816 0
42.5541 0.808415 1
43.8991 0.722845 0
44.8622 0.98483 0
45.8953 0.930715 0
47.0155 1.01828 0
47.9538 0.878245 0
48.94 0.94384 0
49.912 0.908974 0
-0.179426 2.06018 0
0.89672 2.13144 0
1.94615 2.06905 0
3.10623 1.94124 0
4.07725 2.08496 0
5.16196 1.98134 0
6.08027 1.98148 0
7.30746 1.92638 0
8.29493 1.8962 0
9.40557 1.95899 0
10.6481 1.9765 0
11.5712 1.9552 0
12.5485 2.01364 0
13.6176 2.04473 0
14.8829 2.16366 0
16.1303 2.04755 0
17.0126 1.86436 0
17.9846 1.92178 0
18.9656 1.94805 0
20.0173 1.87654 1
21.3067 1.83643 0
22.2911 1.78071 1
23.3819 1.81928 1
24.5378 1.72952 0
25.5707 1.88997 0
26.4753 2.03444 0
27.5835 2.08839 1
28.9992 2.01068 0
29.8614 2.01646 0
30.943 2.15089 0
32.0885 2.05088 0
33.0068 1.95524 1
34.2218 2.01827 0
35.2835 1.9127 0
36.1451 1.7541 1
37.2895 1.72752 1
38.5027 1.79936 0
39.4058 1.79303 0
40.3345 1.73948 1
41.58 1.78885 1
42.6461 1.94389 1
43.9904 1.94518 0
44.8157 1.90968 1
45.932 1.89369 0
46.8953 2.0783 0
47.9564 1.96255 0
48.962 1.85355 0
49.9033 1.99554 0
-0.19277 3.13489 0
0.886498 3.14262 0
1.95288 3.01272 0
3.05987 2.96093 0
4.13593 2.99734 0
5.08106 2.95518 0
6.27085 2.98459 0
7.31948 2.8668 0
8.31051 2.88629 1
9.54763 2.94164 0
10.5011 2.89366 0
11.5405 3.07069 0
12.5474 2.95608 0
13.6863 2.95513 0
14.8773 3.06586 0
15.9591 2.93282 0
17.0451 2.88242 0
17.9699 2.90205 0
18.9299 3.03684 0
19.9534 3.05031 0
21.2828 3.07126 0
22.172 3.08185 0
23.4153 3.15558 0
24.6581 2.97245 0
25.6209 2.85967 0
26.6228 3.07842 0
27.694 3.12626 0
29.0159 3.24528 0
29.939 3.19953 0
30.9356 3.07806 0
31.9939 3.16288 0
32.8343 3.07233 0
34.2164 3.1152 0
35.1903 3.07471 0
36.0129 3.02636 0
37.2562 3.07377 0
38.5018 3.0024 0
39.4268 2.82755 0
40.2066 2.96102 0
41.3997 3.08968 0
42.5711 3.20389 0
43.9174 3.27501 0
44.8171 3.15724 0
45.9566 3.19257 0
46.9549 3.13336 0
48.062 3.00129 0
48.9468 3.07576 0
49.8406 3.05111 0
-0.117008 4.10928 0
0.806129 4.01331 1
2.04416 3.87448 1
3.22032 3.87746 0
4.15512 4.00259 0
5.21139 4.02964 0
6.30118 3.97273 0
7.38464 3.92053 0
8.30301 4.1172 0
9.59869 4.09773 0
10.5135 4.05527 1
11.5897 3.98098 1
12.8001 3.97231 0
13.6711 3.97607 1
14.8118 3.96135 1
16.1837 3.94379 0
16.9737 3.88124 0
17.9842 3.94569 0
18.9294 4.04508 0
19.9863 3.99671 0
21.0788 3.94676 0
22.2879 3.91795 0
23.3764 4.04597 0
24.5458 4.00035 0
25.4249 3.88723 1
26.7271 3.97045 1
27.9385 4.03254 0
28.8586 4.09707 0
29.9791 4.29815 0
30.9534 4.19035 0
31.9153 4.05433 0
32.9741 4.00364 0
33.9182 3.99387 0
35.0174 4.01833 0
36.2147 3.95302 0
37.2431 3.88054 0
38.3667 3.85069 0
39.238 4.06448 0
40.1709 3.8652 1
41.5007 3.85557 1
42.6156 3.89562 0
43.7436 4.09425 0
44.9269 4.11945 0
46.0379 4.11323 0
47.0628 4.06358 0
47.9942 4.09057 0
48.8793 4.23303 0
49.8469 4.08925 0
-0.103261 4.96993 0
0.922324 5.22609 0
2.09927 5.07311 0
3.18962 5.06639 0
4.21488 4.96482 0
5.27604 5.03383 0
6.29795 5.02828 0
7.23473 4.9768 1
8.49087 4.94365 0
9.52173 5.08948 0
10.3996 5.32185 0
11.7386 5.279 0
12.8403 5.1627 0
13.7159 5.17842 0
14.9013 5.28891 0
16.202 5.1033 0
17.0278 5.02509 0
17.9459 5.01728 0
18.9401 5.13507 0
19.8352 4.86738 1
21.0658 4.79136 1
22.1802 4.79799 1
23.3596 4.91739 1
24.4753 4.94862 0
25.4309 5.1755 0
26.6477 5.27488 0
27.9824 5.21744 0
28.8154 5.21058 0
29.7783 5.19568 0
30.8161 5.23758 0
31.7541 5.00075 1
32.955 4.96462 0
34.0372 5.08428 0
34.9481 4.97143 0
36.014 4.91195 1
37.4128 4.82464 0
38.2911 5.02587 0
39.184 5.00753 1
40.343 5.05827 1
41.5129 5.11633 0
42.7166 5.18511 0
43.6287 4.97628 1
44.9058 4.90256 1
46.1508 5.02161 0
47.0395 5.09605 0
47.9139 5.22965 0
48.8506 5.12626 0
49.95 5.16334 0
-0.185507 6.07205 0
0.89609 6.04654 0
2.02983 6.01194 0
2.97851 5.88665 1
4.16907 5.95903 1
5.21413 6.09386 1
6.32489 6.04614 0
7.1697 6.1421 1
8.48483 6.21927 0
9.28213 6.1115 1
10.4801 6.1132 1
11.6869 6.09797 1
12.796 6.05437 1
13.9281 6.07997 1
15.1044 6.00969 0
16.0253 6.23639 0
16.9895 6.2166 0
17.9635 6.13909 0
18.8992 6.14656 0
19.7297 6.07561 1
20.9275 6.05041 1
22.2486 6.13947 0
23.2808 6.24605 1
24.5239 6.06351 0
25.5434 5.99688 1
26.8528 6.02512 0
27.7549 6.1486 0
28.7304 6.17015 0
29.8796 6.2385 0
30.7976 6.19621 0
31.7313 6.3087 0
32.9439 6.2242 0
33.8054 6.03582 1
35.0718 5.96174 0
36.0543 6.0511 1
37.4352 6.06564 0
38.3298 6.12502 0
39.0881 6.20425 0
40.3684 6.41321 0
41.6552 6.34129 0
42.5457 6.12816 1
43.7116 6.14312 1
44.8205 6.27668 1
46.0814 6.22371 0
47.0224 6.27008 0
47.9148 6.25972 0
48.9202 6.24359 0
49.741 6.13307 0
-0.271756 7.09055 0
0.813544 7.00376 1
2.00485 6.98455 0
2.91287 7.20785 0
3.98955 7.33946 0
5.21456 7.47947 0
6.40538 7.30879 0
7.22509 7.3761 0
8.40516 7.40054 0
9.27434 7.31847 0
10.4887 7.46711 0
11.7281 7.44417 0
12.8256 7.39871 0
14.0392 7.40872 0
15.0917 7.38143 0
15.9879 7.18278 0
17.0122 7.29715 0
17.9839 7.2707 0
18.9032 7.24397 0
19.7333 7.28997 1
20.9628 7.26389 1
22.2481 7.26594 1
23.3446 7.29125 1
24.7421 7.30553 0
25.523 7.26307 1
26.9476 7.25213 0
27.7586 7.32741 0
28.7888 7.2961 0
29.7096 7.26721 0
30.6585 7.32087 1
31.8694 7.29094 0
32.7617 7.20842 1
33.9121 7.23343 1
35.0814 7.22069 1
36.148 7.23069 1
37.4701 7.25698 0
38.3387 7.22295 0
39.133 7.23738 1
40.3088 7.07473 1
41.6237 7.17979 0
42.6433 7.43205 0
43.6845 7.51885 0
44.8734 7.54916 0
46.0979 7.626 0
46.9879 7.39656 0
47.9663 7.28286 0
48.8295 7.29554 0
49.8607 7.20398 0
-0.21994 8.25085 0
0.689866 8.19386 1
2.0067 8.19589 0
2.88522 8.20211 0
4.01446 8.13523 0
5.17443 8.31577 0
6.22485 8.45746 0
7.23571 8.42885 0
8.34383 8.34534 0
9.2634 8.34797 1
10.3666 8.22737 1
11.6397 8.28471 0
12.7461 8.2146 1
13.9414 8.25328 0
14.9103 8.40394 0
15.8914 8.24504 1
17.2133 8.25501 0
18.0931 8.40133 0
18.8433 8.38587 0
19.6734 8.52128 1
20.9804 8.57028 1
22.1621 8.57799 1
23.4182 8.52792 1
24.8161 8.47361 0
25.5329 8.52706 0
26.7277 8.49635 0
27.7178 8.30686 0
28.705 8.35763 0
29.6026 8.47767 0
30.5533 8.39908 1
31.9996 8.45529 0
32.7421 8.50762 0
33.9845 8.61069 0
35.0932 8.56609 0
36.1232 8.61704 1
37.4273 8.49367 0
38.2726 8.43297 0
39.1184 8.41247 1
40.3842 8.37193 1
41.7045 8.31869 0
42.5875 8.46355 0
43.7077 8.46622 0
44.8077 8.4339 0
45.9751 8.44334 0
46.9551 8.47304 0
47.9187 8.39301 0
48.8536 8.33027 0
49.7877 8.27986 0
-0.307123 9.27618 0
0.612802 9.3197 1
1.93039 9.32707 0
3.03123 9.25179 0
4.01134 9.15143 0
5.12406 9.16512 0
6.29731 9.36272 0
7.30998 9.41166 0
8.32685 9.34703 0
9.28554 9.52009 0
10.4402 9.56579 0
11.6162 9.52809 0
12.5776 9.34914 1
14.0672 9.48324 0
14.9661 9.43986 0
15.8387 9.42609 1
17.1459 9.36664 0
18.0611 9.52756 0
18.8713 9.58524 0
19.7452 9.75013 0
20.9748 9.77588 0
22.2355 9.7976 0
23.4572 9.751 1
24.7424 9.66768 0
25.5028 9.54979 1
26.6517 9.33629 1
27.8742 9.3961 0
28.754 9.48714 0
29.6877 9.53301 0
30.5931 9.58421 1
31.8863 9.59966 0
32.8323 9.4843 0
33.9523 9.54644 1
35.1535 9.53309 0
36.1874 9.70902 0
37.3896 9.78462 0
38.1898 9.62134 0
39.0998 9.53213 1
40.3709 9.51273 1
41.7726 9.51751 0
42.535 9.39778 0
43.6216 9.51023 0
44.5785 9.3688 1
45.9666 9.4039 0
46.9916 9.50951 0
47.8964 9.43164 0
48.7626 9.40327 0
49.7013 9.30616 0
-0.286266 10.4123 0
0.571063 10.4329 1
1.93016 10.3611 0
2.80984 10.202 1
3.99316 10.1292 1
5.14185 10.124 1
6.1652 10.2865 1
7.29403 10.3009 1
8.44627 10.3445 0
9.35735 10.5136 0
10.4832 10.4138 1
11.5652 10.4052 0
12.5781 10.4898 1
13.9783 10.5716 0
14.7988 10.6223 0
15.6557 10.5241 1
17.031 10.5162 0
17.9387 10.5908 0
18.8267 10.6364 0
19.8023 10.6617 0
20.9505 10.5643 1
22.325 10.5597 0
23.2716 10.739 0
24.6671 10.8541 0
25.6035 10.7987 0
26.8155 10.7723 0
27.897 10.6795 0
28.8025 10.642 0
29.7335 10.594 0
30.613 10.6775 1
32.0265 10.6746 0
32.9548 10.6079 0
33.8326 10.708 0
35.1931 10.7955 0
36.2233 10.7559 0
37.1536 10.7036 0
38.2034 10.705 0
39.2022 10.8066 0
40.4403 10.7723 0
41.7213 10.6548 0
42.7303 10.509 0
43.6773 10.524 0
44.5209 10.5187 1
45.8148 10.4387 1
46.9508 10.498 0
47.8987 10.5447 0
48.8289 10.525 0
49.7975 10.4442 0
-0.203344 11.5422 0
0.642022 11.5448 1
1.93401 11.5311 0
2.76018 11.493 1
3.97056 11.4186 1
5.18803 11.5701 0
6.15407 11.7197 0
7.21246 11.7186 1
8.52065 11.5794 0
9.45685 11.4965 0
10.2566 11.6034 1
11.7482 11.6274 0
12.5799 11.6318 1
13.8417 11.7646 0
14.7583 11.8035 0
15.7135 11.7572 1
16.9672 11.657 0
17.9003 11.6887 0
18.8571 11.748 0
19.8808 11.6805 0
20.9679 11.6574 0
22.2953 11.6479 0
23.4228 11.5262 0
24.5598 11.6714 0
25.7323 11.6348 0
26.7753 11.6695 0
27.7853 11.7535 0
28.8041 11.6937 0
29.7215 11.6718 0
30.6834 11.8175 0
31.9663 11.7349 0
32.9837 11.6931 0
34.0189 11.6753 0
35.0118 11.6855 0
36.1959 11.7298 0
37.2281 11.7374 0
38.2768 11.7278 0
39.2613 11.645 1
40.4824 11.5877 1
41.6585 11.5431 0
42.6829 11.6317 0
43.5416 11.6784 0
44.5333 11.6805 0
45.7448 11.746 0
46.9628 11.8023 0
47.9095 11.6887 0
48.9803 11.5812 0
49.8856 11.5891 0
-0.315838 12.7486 0
0.67828 12.7238 0
1.89439 12.7749 0
2.85617 12.7488 0
3.97626 12.8022 0
5.05473 12.799 0
6.05949 12.7413 0
7.12922 12.7377 1
8.51085 12.7783 0
9.48316 12.7445 0
10.4144 12.6459 1
11.7179 12.7467 0
12.5735 12.8885 0
13.8371 12.9787 0
14.7915 12.8271 0
15.6324 12.9047 0
16.977 12.8818 0
18.0059 12.7752 0
18.9237 12.6499 0
19.9094 12.6956 1
21.1194 12.5087 0
22.0939 12.3997 1
23.3454 12.4199 1
24.5512 12.4172 1
25.6589 12.5242 1
26.8066 12.5422 1
27.857 12.5774 0
28.6778 12.8221 0
29.6402 12.6722 1
30.8574 12.6624 0
31.9599 12.5848 0
33.0363 12.6629 0
33.9248 12.5464 1
35.2381 12.5959 0
36.1605 12.579 0
37.2085 12.7602 0
38.2985 12.6743 0
39.153 12.802 1
40.5589 12.8494 0
41.6707 12.7732 0
42.5006 12.7805 0
43.5394 12.7197 0
44.5459 12.5989 0
45.5639 12.5722 1
46.6878 12.519 1
48.0467 12.5749 0
49.0064 12.7403 0
49.8307 12.6686 0
-0.214803 13.7748 0
0.752154 13.8166 0
1.74041 13.7613 1
2.98183 13.7482 0
3.95573 13.7863 0
5.08184 13.7581 0
6.13746 13.6741 0
7.19024 13.8345 0
8.49441 13.9407 0
9.47497 13.8038 0
10.5137 13.8529 0
11.7009 13.8986 0
12.7231 13.8162 0
13.7781 13.8629 0
14.8092 13.7916 0
15.8875 13.895 0
16.8819 13.8494 0
17.9551 13.7518 0
18.8373 13.7717 0
19.852 13.7126 1
21.2309 13.647 0
22.0876 13.513 1
23.4633 13.7292 0
24.4511 13.7862 1
25.6756 13.8274 0
26.7674 14.0254 0
27.8529 13.96 0
28.6988 13.8773 0
29.6437 13.8028 1
31.069 13.7872 0
32.0452 13.7916 0
33.0292 13.754 0
33.9339 13.7366 1
35.3352 13.6642 0
36.1796 13.7129 0
37.1646 13.7143 0
38.0452 13.7252 0
39.1264 13.8552 0
40.5531 13.8621 0
41.5321 13.8337 0
42.5402 13.7724 0
43.3829 13.789 1
44.5326 13.6433 0
45.4425 13.8304 1
46.7014 13.7684 1
48.0004 13.7065 0
48.8281 13.7665 0
49.7696 13.7678 0
-0.150101 14.7569 0
0.875974 14.8986 0
1.71543 14.9039 0
2.92281 15.055 0
4.01382 14.8324 0
5.04083 14.7828 0
5.99422 14.603 0
7.29237 14.7231 0
8.40095 14.6897 0
9.47417 14.7977 0
10.4552 14.8241 0
11.5684 14.7532 1
12.8352 14.7518 0
13.8537 14.8227 0
14.8878 14.8648 0
15.8131 14.8097 1
16.9875 14.7535 0
17.9148 14.8545 0
18.9165 14.8236 0
19.8387 14.803 1
21.2302 14.7922 0
22.1149 14.7188 1
23.4527 14.787 0
24.3698 15.0346 0
25.603 15.0192 0
26.6893 14.9912 0
27.663 14.9746 0
28.6846 14.9525 0
29.7633 15.0033 0
31.0182 14.927 0
32.0663 14.8525 0
33.0238 14.8562 0
34.1193 14.919 0
35.2574 14.8771 0
36.2416 14.7925 0
37.2267 14.8331 0
38.2451 14.8539 0
39.2705 14.7175 1
40.4534 14.7316 1
41.7361 14.8905 0
42.5765 14.943 0
43.4061 15.016 1
44.6932 14.9227 0
45.4956 14.909 1
46.827 14.9256 0
47.947 15.0117 0
48.8104 14.8543 0
49.8326 14.7728 0
-0.123978 15.8536 0
0.809565 15.9892 0
1.77285 15.8816 0
2.94564 15.8165 0
4.04657 15.8289 0
4.96831 15.7337 0
5.98961 15.5863 1
7.21722 15.5925 0
8.29058 15.8021 0
9.32388 15.745 0
10.5137 15.86 0
11.4249 15.7749 1
12.9092 15.7708 0
13.7848 15.9116 0
14.8654 15.9164 0
15.8176 15.9976 0
17.0439 16.026 0
17.9095 15.9236 0
18.8069 15.9405 0
19.9012 15.923 1
21.2046 15.9893 0
22.0359 15.8765 1
23.3719 15.8269 0
24.4378 15.8956 0
25.488 15.9486 0
26.5526 16.0231 0
27.6396 15.9303 0
28.8054 15.8665 0
29.8849 15.8679 0
30.9045 15.8972 0
31.9015 15.8758 0
32.9387 15.8703 0
34.1456 15.8027 1
35.3335 15.7517 0
36.2546 15.7558 0
37.1642 15.7866 0
38.1866 15.9497 0
39.0512 16.0318 0
40.3209 16.1022 0
41.5504 16.0503 0
42.5108 15.9982 0
43.4113 16.1491 0
44.7293 16.2411 0
45.6147 16.163 0
46.7808 16.0548 0
47.7577 15.879 1
48.9844 15.8389 0
49.8602 15.9191 0
-0.201005 16.8739 0
0.674264 16.9891 0
1.77734 16.9235 0
2.79143 16.7186 1
4.01825 16.651 0
5.0917 16.7166 0
6.06203 16.8348 0
7.31784 16.7967 0
8.32018 16.8344 0
9.31616 16.7539 0
10.436 16.8119 0
11.4566 16.9239 0
12.8287 16.9408 0
13.8654 16.9082 0
14.9478 16.9078 0
15.8758 16.9418 0
16.9598 16.9155 0
17.8424 17.0729 0
18.9089 17.0464 0
19.8702 17.0767 1
21.1692 17.1287 1
22.095 17.0528 1
23.4929 17.0211 0
24.3519 16.9991 0
25.2968 16.9602 1
26.3923 16.8372 1
27.6446 16.6853 1
28.795 16.7449 1
29.8923 16.8053 0
30.8635 16.9641 0
31.8519 16.9704 1
33.0085 16.7925 1
34.1898 16.9413 1
35.4422 17.0672 0
36.1664 16.9947 0
37.1668 16.8638 0
38.0037 16.8294 1
39.3442 16.9258 0
40.2627 16.9528 0
41.3376 16.9567 0
42.381 16.926 0
43.5109 16.9736 0
44.5712 17.0957 0
45.6312 17.077 0
46.7849 16.9969 0
47.7223 17.095 0
49.022 17.1269 0
49.8164 17.02 0
-0.202573 18.0779 0
0.84097 18.0047 0
1.76461 18.0198 0
2.75801 17.859 1
4.1076 17.7991 0
5.05192 17.7356 1
6.29658 17.6725 0
7.23005 17.7327 1
8.35372 17.6381 1
9.45601 17.7825 0
10.4662 17.809 1
11.573 17.7443 1
12.7149 17.7867 1
13.9438 17.8389 0
14.7179 17.9245 1
16.1027 18.0068 0
16.955 18.1108 0
17.9242 18.0623 0
18.8466 18.0247 1
19.7207 18.2153 1
21.0891 18.3587 1
22.3369 18.4053 0
23.4248 18.2714 0
24.361 18.1917 0
25.194 18.1215 1
26.4838 18.1547 1
27.6942 18.0981 0
28.7772 18.1712 0
29.9027 18.1294 0
30.7281 18.0513 0
31.8385 18.1109 1
33.0702 18.1985 0
34.1334 18.2601 0
35.2638 18.2468 0
36.2736 18.0945 0
37.1091 17.9997 0
38.045 18.0562 0
39.343 17.9793 0
40.3798 18.0918 0
41.2762 17.8937 1
42.5046 17.8502 0
43.43 17.9822 1
44.5951 17.8815 1
45.8375 17.9858 0
46.7917 18.066 0
47.7555 18.0112 0
48.7472 18.0887 0
49.8673 18.0523 0
-0.291038 19.1128 0
0.70301 19.1312 0
1.60184 19.0569 0
2.71161 19.0285 1
4.15578 18.9278 0
5.07202 18.916 1
6.3732 18.8402 0
7.03883 18.9522 1
8.26839 19.038 1
9.5335 18.9807 0
10.3427 19.0443 1
11.5498 19.0943 0
12.6978 19.1846 0
13.8652 19.1482 0
14.7998 19.1711 0
16.0129 19.1874 0
16.9442 19.2003 0
17.9316 19.1429 0
18.7234 19.3403 0
19.8823 19.5177 0
21.0799 19.5944 0
22.4036 19.4902 0
23.3715 19.3678 0
24.456 19.2739 0
25.2454 19.3715 0
26.4759 19.3995 0
27.76 19.2929 0
28.8945 19.1635 0
29.8888 19.2192 0
30.9535 19.113 0
31.7749 19.2418 1
33.1949 19.2207 0
34.1995 19.2443 0
35.1844 19.1967 0
36.1477 19.2097 0
37.1345 19.0186 0
38.158 19.0431 0
39.2335 18.9415 0
40.1932 19.091 0
41.3625 19.1236 0
42.4915 19.1079 0
43.499 19.177 0
44.6736 19.2727 0
45.78 19.2451 0
46.7634 19.1774 0
47.7429 19.0615 0
48.7229 19.1033 0
49.7207 19.0665 0
-0.281032 20.139 0
0.662048 20.1755 0
1.77438 20.0007 0
2.77587 20.1046 1
4.1732 20.0713 0
5.1462 20.1202 1
6.31219 20.1217 0
7.14065 20.3052 0
8.32771 20.2895 0
9.45886 20.1974 0
10.3595 20.2906 0
11.6338 20.2603 0
12.4884 20.0923 1
13.7022 19.9868 1
14.8226 20.1172 0
15.8651 20.1453 0
16.938 20.2016 0
17.7629 20.2952 0
18.7994 20.4313 0
19.9348 20.3652 0
21.1437 20.4181 0
22.2168 20.2517 1
23.4693 20.2423 0
24.3442 20.452 0
25.3066 20.39 0
26.3732 20.2982 1
27.6007 20.0917 1
28.7666 20.109 1
30.0097 20.156 0
30.8947 20.3088 0
31.9043 20.2997 1
33.3289 20.2709 0
34.1591 20.272 0
35.0678 20.2486 1
36.2465 20.175 0
37.2192 20.1286 0
38.1125 19.938 1
39.185 20.0319 0
40.1545 20.0305 1
41.294 20.0348 1
42.544 20.1756 0
43.5927 20.1754 0
44.6212 20.2929 0
45.7871 20.3017 0
46.7413 20.1381 0
47.7726 20.085 0
48.7704 20.0917 0
49.7387 20.2104 0
-0.252148 21.1965 0
0.633682 21.1458 1
1.71572 21.0283 1
2.83193 21.0973 1
4.22162 21.1465 0
5.02552 21.2622 1
6.32143 21.3091 0
7.16526 21.3352 0
8.34833 21.2608 0
9.26201 21.2584 0
10.4223 21.2234 0
11.4565 21.1666 0
12.5101 21.3359 0
13.6946 21.4027 0
14.9056 21.3019 0
15.8158 21.147 0
16.7737 21.1926 0
17.7713 21.2405 0
18.9625 21.2632 0
20.1061 21.3344 0
21.1932 21.382 0
22.1145 21.4757 0
23.4418 21.4397 0
24.3535 21.4967 0
25.4213 21.4321 0
26.4205 21.45 0
27.6881 21.4884 0
28.7695 21.4611 0
29.9916 21.3213 0
30.8889 21.3001 0
31.9351 21.4495 0
33.1236 21.4939 0
34.0583 21.3849 0
35.0743 21.3708 0
36.2976 21.403 0
37.1274 21.2075 0
37.8895 21.2958 1
39.2841 21.164 0
40.1621 21.2542 0
41.3836 21.3378 0
42.602 21.2641 0
43.5628 21.1082 0
44.5987 21.1692 0
45.6932 21.2582 1
46.8463 21.2531 1
47.9993 21.1235 0
48.8612 21.177 0
49.7742 21.1476 0
-0.326595 22.2801 0
0.481506 22.3274 0
1.66459 22.4278 0
2.90836 22.3886 0
4.06887 22.4298 0
4.94739 22.5018 0
6.216 22.5119 0
7.23442 22.4055 0
8.29717 22.2243 0
9.39284 22.1472 0
10.4097 22.1488 0
11.4699 22.2002 0
12.5969 22.2037 0
13.7378 22.2894 0
14.7826 22.2892 0
15.7491 22.218 0
16.7154 22.2266 0
17.6614 22.0531 1
18.9405 22.0681 1
20.1559 22.2231 0
21.0107 22.329 0
22.1694 22.2819 0
23.2356 22.407 0
24.3573 22.3845 0
25.3711 22.3915 0
26.5142 22.3445 0
27.7078 22.3089 0
28.8447 22.4632 0
29.7283 22.2854 1
31.0447 22.1694 0
32.0743 22.4383 0
33.1224 22.433 0
34.0691 22.4689 0
35.1293 22.3976 0
36.0843 22.3697 0
37.0546 22.4216 0
37.9305 22.4225 1
39.3036 22.3802 0
40.3385 22.2338 0
41.3314 22.0888 0
42.4079 22.1288 0
43.5268 22.1088 0
44.5453 22.2671 0
45.6265 22.4337 0
46.8645 22.5055 0
48.1103 22.3943 0
48.8753 22.2686 0
49.8842 22.274 0
-0.262402 23.4186 0
0.765232 23.3048 0
1.7291 23.1221 1
3.07539 23.2732 0
4.03548 23.5612 0
5.04901 23.5153 0
5.88958 23.3414 1
7.19774 23.2275 1
8.38533 23.1147 1
9.49253 23.0607 0
10.5699 23.2161 0
11.4558 23.1021 0
12.5184 23.205 1
13.64 23.1799 0
14.7984 23.2803 0
15.7084 23.1711 1
16.9449 23.1745 0
17.7136 23.3504 1
18.9541 23.3124 0
20.0961 23.3483 0
21.0906 23.3446 0
22.0636 23.2867 0
23.1721 23.3662 0
24.2746 23.3591 0
25.4131 23.2197 0
26.4659 23.2234 1
27.775 23.1766 0
28.7645 23.3874 0
29.7372 23.3845 1
31.0517 23.3662 0
31.9898 23.4062 0
33.013 23.4659 0
34.0286 23.585 0
35.0708 23.464 0
36.1509 23.4274 0
37.1386 23.4903 0
37.9905 23.4912 1
39.3608 23.4581 0
40.2521 23.4866 0
41.2053 23.2027 1
42.3295 23.054 1
43.4313 23.0366 1
44.6054 23.1477 1
45.7071 23.2838 1
47.0258 23.3343 0
47.9827 23.3768 0
48.9347 23.4981 0
49.8703 23.3379 0
-0.12601 24.4627 0
0.812384 24.3025 0
1.63804 24.3359 1
3.05904 24.3999 0
4.0586 24.5267 0
4.9515 24.6347 0
5.90729 24.4448 1
7.10407 24.4412 1
8.3304 24.3846 1
9.59007 24.2613 0
10.5712 24.2982 0
11.4308 24.2687 0
12.2907 24.2718 1
13.6015 24.3127 1
14.8446 24.3045 0
15.782 24.3769 1
17.0008 24.518 0
17.7411 24.526 1
19.0814 24.4711 0
20.0084 24.3885 0
21.1618 24.383 0
22.1382 24.4093 0
23.0302 24.226 1
24.2316 24.1945 1
25.2952 24.2175 1
26.3795 24.347 1
27.74 24.3686 0
28.7332 24.309 0
29.64 24.4804 0
30.99 24.6102 0
31.8894 24.5228 0
32.9405 24.5431 0
33.9141 24.5178 0
34.9796 24.5606 0
35.9987 24.4804 0
37.0009 24.5073 0
38.0755 24.6853 0
39.3259 24.7367 0
40.3469 24.5698 0
41.0309 24.4342 1
42.483 24.4306 0
43.4806 24.3965 0
44.4686 24.5247 0
45.69 24.5668 0
46.9839 24.5752 0
47.9076 24.5015 0
48.9985 24.4583 0
49.8636 24.4769 0
-0.0806023 25.4699 0
0.743765 25.5107 0
1.62637 25.5623 1
2.91892 25.5278 1
3.94045 25.5415 1
5.07207 25.5966 0
5.90379 25.6612 0
7.13771 25.8579 0
8.27936 25.5629 1
9.63383 25.4146 0
10.5359 25.4834 0
11.5091 25.4369 0
12.2895 25.4121 1
13.5688 25.4553 1
14.8913 25.5517 0
15.7929 25.7107 0
16.926 25.6015 0
17.9288 25.688 0
19.1041 25.6474 0
20.0409 25.4644 0
21.0072 25.4453 0
22.1239 25.3796 0
23.0545 25.5445 0
24.186 25.5213 0
25.2536 25.6217 0
26.4329 25.6192 0
27.793 25.6424 0
28.559 25.4069 1
29.924 25.3203 0
30.9149 25.4886 0
31.8524 25.6057 0
32.9043 25.4893 0
33.8956 25.6614 0
35.0585 25.6215 0
35.9497 25.5809 0
37.1093 25.5564 0
38.2006 25.6682 0
39.3204 25.4925 0
40.3311 25.6085 0
41.2287 25.6657 0
42.4726 25.5194 0
43.2893 25.4724 0
44.3864 25.4027 1
45.7103 25.3637 0
46.8926 25.4904 0
47.9801 25.4597 0
48.9432 25.5691 0
50.0095 25.3736 0
-0.142774 26.556 0
0.725363 26.5947 0
1.68156 26.8135 0
2.80823 26.8043 0
3.98309 26.9073 0
5.12168 26.8398 0
6.09897 26.7734 0
7.13838 26.683 0
8.20413 26.576 1
9.60378 26.4499 0
10.6099 26.5807 0
11.4027 26.5146 0
12.3852 26.6938 0
13.6339 26.7115 0
14.8691 26.7716 0
15.7855 26.6879 0
16.8597 26.5896 1
18.1227 26.5888 0
18.9285 26.7952 0
20.0382 26.6327 0
21.0959 26.4499 0
22.0377 26.3831 0
23.0336 26.5149 0
24.0887 26.5597 0
25.2121 26.4863 1
26.5211 26.4376 0
27.461 26.5092 1
28.6085 26.5372 1
29.888 26.3995 0
30.8148 26.5221 0
31.8655 26.6507 0
32.8317 26.4729 0
33.9331 26.619 0
34.9566 26.5921 0
36.0902 26.6492 0
37.0307 26.501 1
38.3052 26.4646 0
39.2259 26.5975 0
40.3039 26.7032 0
41.2924 26.5652 0
42.3779 26.5287 0
43.3692 26.5196 0
44.3612 26.5554 1
45.7814 26.4008 0
46.7935 26.3565 0
47.973 26.5293 0
49.0492 26.4902 0
49.9402 26.4959 0
-0.0519175 27.6614 0
0.842851 27.6326 0
1.77512 27.6069 0
2.87844 27.7145 0
3.91635 27.7998 0
5.06384 27.72 0
6.11595 27.7264 0
7.10548 27.5852 1
8.27183 27.6154 1
9.58222 27.6126 0
10.4416 27.6267 1
11.5952 27.6682 0
12.5047 27.5418 1
13.6139 27.4974 1
14.7614 27.5566 1
16.0672 27.6548 0
16.8624 27.8293 0
18.0004 27.8432 0
19.0102 27.7765 0
20.1303 27.6165 0
21.0957 27.4784 0
22.0898 27.5747 0
23.1385 27.4716 0
24.0799 27.3748 1
25.2661 27.5434 1
26.6658 27.6271 0
27.4977 27.8188 0
28.6807 27.8323 0
29.8811 27.6784 0
30.7733 27.6089 0
31.8181 27.5392 0
32.7731 27.5715 0
33.8943 27.6216 0
34.9829 27.5997 0
35.9387 27.5681 1
37.1629 27.5558 1
38.3851 27.6584 0
39.18 27.6893 0
40.1997 27.6863 0
41.351 27.6647 0
42.2888 27.5823 0
43.256 27.4867 1
44.4662 27.5369 1
45.7919 27.5451 1
46.8192 27.3998 1
47.9793 27.4328 1
49.0207 27.5429 0
49.987 27.63 0
-0.0734649 28.7281 0
0.995845 28.7495 0
1.94172 28.6915 0
2.85101 28.6921 0
3.9004 28.7441 0
4.98973 28.7205 0
6.13159 28.7262 0
7.09124 28.8135 0
8.32956 28.924 0
9.52189 28.8145 0
10.4004 28.9739 0
11.5773 28.918 0
12.5299 28.8973 0
13.5936 28.8727 0
14.7087 28.9019 0
15.9041 28.8423 0
16.9592 28.768 0
18.033 28.744 0
19.0866 28.7762 0
20.0782 28.6843 0
21.1477 28.6319 0
22.1339 28.5825 0
23.2022 28.6183 0
23.992 28.6642 0
25.1853 28.6713 0
26.5347 28.6635 0
27.5411 28.7165 0
28.6851 28.685 0
29.7608 28.8284 0
30.7959 28.6685 0
31.5032 28.611 1
32.7977 28.4966 0
33.8176 28.6182 1
34.9969 28.5326 0
35.9648 28.7768 0
37.1569 28.8429 0
38.3582 28.7676 0
39.3315 28.7107 0
40.3374 28.7273 0
41.3816 28.7287 0
42.3776 28.8062 0
43.16 28.6318 1
44.5116 28.7984 0
45.7605 28.7596 0
46.7879 28.8247 0
47.9734 28.8952 0
49.1208 28.7916 0
49.9812 28.6779 0
-0.0399251 29.6841 0
0.932504 29.8312 0
1.90041 29.7284 0
2.81384 29.7475 1
3.98251 29.7111 0
4.92463 29.6864 0
5.99141 29.6551 1
7.26706 29.5949 1
8.53083 29.7237 0
9.47241 29.9344 0
10.45 29.8288 0
11.4187 29.8502 0
12.6169 29.9846 0
13.7062 29.8708 0
14.6646 29.8965 1
15.797 29.6522 1
17.0456 29.6527 1
18.1214 29.747 0
19.0834 29.7106 1
20.2383 29.6789 0
21.2046 29.7216 0
22.1432 29.65 0
23.0413 29.5859 1
24.288 29.5109 0
25.2203 29.5108 1
26.3954 29.6883 0
27.4715 29.7174 0
28.5076 29.7459 0
29.6219 29.7429 0
30.6235 29.8252 0
31.5588 29.7538 1
32.8204 29.7489 0
33.6854 29.7601 0
34.97 29.7957 0
36.0507 29.6953 0
37.1731 29.7878 0
38.3424 29.7856 0
39.303 29.6968 0
40.25 29.8148 0
41.3172 29.7836 0
42.3129 29.7969 0
43.2352 29.8611 1
44.5642 29.8682 0
45.6687 29.6629 0
46.774 29.6525 0
47.9365 29.8123 0
49.035 29.7491 0
50.0922 29.795 0
-0.0460756 30.9258 0
0.797625 30.8212 0
1.82918 30.82 0
2.687 30.9531 0
4.00023 30.9808 0
4.83316 30.7879 1
5.97083 30.7385 1
7.20271 30.8327 1
8.53712 30.8503 0
9.55785 30.849 0
10.5398 30.8427 0
11.4619 30.7291 0
12.5845 30.7098 0
13.7451 30.9081 0
14.703 31.0113 0
15.8738 30.9882 0
16.9679 31.0777 0
18.0959 30.9121 0
18.96 30.8671 1
20.3414 30.8211 0
21.082 30.7052 1
22.232 30.6797 0
23.0894 30.8359 1
24.3631 30.7526 0
25.079 30.785 1
26.4879 30.8759 0
27.4351 30.7837 1
28.5476 30.6717 1
29.722 30.7829 0
30.6383 30.8794 0
31.4464 30.8844 1
32.7755 30.9234 0
33.6925 30.8349 1
34.8352 30.6356 1
36.0217 30.6297 1
37.2291 30.6881 1
38.4982 30.7401 0
39.3672 30.8767 0
40.2494 30.7611 0
41.2923 30.8035 0
42.3266 30.7526 0
43.2043 31.0271 0
44.5447 30.9277 0
45.5784 30.7111 0
46.6719 30.5729 1
47.8291 30.5551 1
48.9948 30.6777 0
50.0045 30.7858 0
-0.184264 31.877 0
0.88456 31.9101 0
1.73885 31.829 1
2.95284 31.8488 0
3.86764 31.9444 0
4.80897 32.1384 0
5.99712 32.055 0
7.32392 32.0944 0
8.55106 32.0902 0
9.47198 31.8538 0
10.5564 31.8978 0
11.3717 31.7499 1
12.6076 31.6316 0
13.6837 31.7891 0
14.7771 31.8001 0
15.938 31.915 0
17.0116 31.8816 0
17.9368 31.9153 0
18.9274 31.9984 1
20.2914 32.0582 0
21.0342 31.9649 1
22.3142 31.9378 0
23.0921 31.9728 1
24.4982 31.9962 0
25.263 32.0862 0
26.4339 32.0068 0
27.5856 32.0939 0
28.7176 32.1134 0
29.7836 32.0902 0
30.6184 31.9 0
31.5404 32.156 1
32.8644 31.9627 0
33.7847 31.9764 0
34.9644 32.1059 0
36.0565 31.9366 0
37.1755 31.9467 0
38.4328 32.0041 0
39.4519 31.9883 0
40.3427 31.7955 0
41.3614 31.8196 0
42.3897 31.8852 0
43.4212 31.8974 0
44.4196 31.75 1
45.6673 31.7487 0
46.5326 31.884 1
47.7994 31.874 1
49.1126 31.8568 0
49.8887 31.865 0
-0.109941 32.9542 0
0.849533 32.8823 0
1.64155 33.0461 0
2.91488 33.112 0
3.93336 32.9815 0
4.99041 32.9537 0
6.26964 32.9513 0
7.20376 32.8648 1
8.50536 32.9657 0
9.59447 33.0941 0
10.5638 32.9617 0
11.4377 33.0317 0
12.7256 32.8803 0
13.5884 32.698 1
14.7956 32.6124 1
16.1226 32.8362 0
16.99 32.8917 0
17.9657 33.1344 0
18.7222 33.0425 1
20.2039 33.1879 0
21.0452 33.1602 0
22.2781 33.2091 0
23.2088 33.1774 0
24.4219 33.1836 0
25.4268 33.0921 0
26.5316 33.0133 0
27.4799 33.0405 0
28.6668 33.0937 0
29.5631 33.186 0
30.6514 33.0779 0
31.5865 33.2315 0
32.9175 33.0675 0
33.9145 32.9763 0
34.775 32.8565 1
35.9962 32.8161 1
37.1365 32.76 1
38.3748 32.915 0
39.4529 33.0189 0
40.5698 32.8693 0
41.5393 32.7918 0
42.5219 32.8927 0
43.531 32.9558 0
44.3908 32.9095 1
45.6874 32.943 0
46.6044 33.0962 0
47.8183 33.1566 0
49.03 32.9927 0
50.0485 33.0769 0
-0.133595 34.101 0
0.74132 33.9293 0
1.77953 34.012 0
2.82062 33.8642 1
4.02631 33.8636 1
5.11731 33.8581 0
6.15703 33.9911 0
7.1351 34.0176 1
8.45198 34.0858 0
9.51536 34.1338 0
10.5735 34.1046 0
11.6142 33.9554 0
12.6577 34.0723 0
13.485 33.9758 1
14.7778 33.9594 1
15.9851 33.9447 0
16.9016 34.0964 0
17.781 34.1895 0
18.8047 34.2614 0
20.122 34.2904 0
21.0938 34.0011 0
22.0447 34.0016 0
23.3505 34.0568 0
24.4154 34.1361 0
25.3795 34.1572 0
26.4738 34.1566 0
27.5141 34.0701 0
28.6234 34.1436 0
29.6571 33.9868 0
30.6025 34.0712 0
31.7471 33.9668 0
32.8891 34.0467 0
33.9096 34.0906 0
34.8409 34.1118 0
35.9591 34.1139 0
37.0572 34.0751 1
38.3232 33.9718 1
39.3802 33.87 1
40.4575 33.8352 1
41.6794 33.8854 0
42.5276 33.9749 0
43.4785 34.0487 0
44.2311 34.1293 1
45.5764 34.1222 1
46.7442 34.044 0
47.6858 33.9546 1
49.0723 33.9594 0
50.0175 34.0056 0
-0.0442911 35.1815 0
0.728441 34.9915 1
1.95758 34.9433 0
2.82673 35.2244 0
3.93958 35.1863 1
5.30179 35.129 0
6.25522 35.1008 0
7.10376 35.1562 1
8.5885 35.2059 0
9.46012 35.1659 0
10.5793 35.0908 0
11.644 35.1398 0
12.5022 35.2241 0
13.4738 35.1296 1
14.7096 35.1222 0
15.8894 35.2726 0
16.8555 35.1904 0
17.9036 35.2511 0
18.806 35.2381 0
19.7477 35.0622 1
21.0207 35.095 1
22.1222 34.9722 1
23.2058 34.9282 1
24.3757 35.1089 0
25.4137 35.2294 0
26.5081 35.0592 0
27.5372 35.1194 0
28.532 35.1357 0
29.6264 35.021 0
30.749 35.0764 0
31.7958 35.0627 0
32.8073 35.074 0
33.7825 35.1721 0
34.7535 35.0262 1
36.0036 35.0062 1
37.1047 35.1068 1
38.2783 35.2356 1
39.417 35.2049 1
40.4934 35.1881 1
41.7656 35.1191 0
42.5039 35.1925 0
43.4778 35.283 0
44.4012 35.2697 0
45.5722 35.3938 1
46.8675 35.2626 0
47.8312 35.2386 1
49.1283 35.0803 0
49.9799 35.1429 0
-0.112789 36.274 0
0.925657 36.2788 0
1.95671 36.2412 0
3.04153 36.1737 0
4.0189 36.432 0
5.19653 36.3263 0
6.10952 36.2199 0
7.23215 36.2588 0
8.54533 36.3509 0
9.58509 36.173 0
10.5939 36.2107 0
11.518 36.0927 1
12.6325 36.1624 0
13.4338 36.3808 0
14.7854 36.292 0
15.7653 36.3013 0
16.8445 36.2606 0
17.8195 36.3307 0
18.9108 36.313 0
19.823 36.2904 0
21.0214 36.407 0
22.1146 36.3725 0
23.2515 36.2963 1
24.5255 36.2556 0
25.4333 36.2594 0
26.4735 36.0378 0
27.46 36.073 0
28.4787 36.1154 0
29.4989 36.0921 0
30.5602 35.998 1
31.6858 36.0877 0
32.676 36.2367 0
33.7819 36.1649 0
34.7779 36.2278 0
35.9399 36.3203 0
37.1051 36.4447 0
38.2634 36.5611 0
39.4079 36.5537 0
40.5776 36.5599 0
41.7329 36.3671 0
42.5869 36.2847 0
43.6434 36.3077 0
44.4841 36.3412 0
45.4397 36.4239 1
46.8947 36.3293 0
47.7761 36.3423 0
49.0655 36.3195 0
49.9876 36.2815 0
-0.0893742 37.4112 0
0.829715 37.1583 1
2.07581 37.1392 0
3.02828 37.1717 0
4.05362 37.3169 0
5.24701 37.3432 0
6.21581 37.2165 0
7.18326 37.0186 1
8.41671 37.0538 1
9.74827 37.0435 0
10.6242 37.1552 0
11.5071 37.3535 0
12.5812 37.4374 0
13.5364 37.2413 0
14.6374 37.4426 0
15.6759 37.3409 0
16.7916 37.2862 0
17.7933 37.3041 1
19.0076 37.2864 0
19.9064 37.3231 0
20.8979 37.2087 0
22.0379 37.3354 0
23.0481 37.297 1
24.413 37.466 0
25.5012 37.2465 0
26.5414 37.2479 0
27.4852 37.1173 0
28.4861 37.1225 0
29.4529 37.1336 0
30.4068 37.2312 0
31.7931 37.2731 0
32.6832 37.2406 0
33.7376 37.0589 1
34.9392 37.0772 1
36.118 37.1321 0
36.9736 37.2939 0
38.1713 37.4488 0
39.3209 37.5433 0
40.5234 37.4913 0
41.515 37.4575 0
42.6567 37.3891 0
43.6048 37.271 0
44.6258 37.4782 0
45.565 37.5278 0
46.8568 37.4594 0
47.9177 37.3341 0
48.9868 37.4176 0
49.913 37.3152 0
-0.120556 38.3952 0
0.765938 38.2844 1
2.13608 38.359 0
2.96254 38.2376 0
3.97184 38.3491 0
5.03159 38.1324 1
6.3061 38.1825 0
7.26242 38.3003 1
8.46514 38.1867 1
9.70801 38.2251 0
10.5982 38.2888 0
11.4801 38.3845 0
12.5559 38.3612 0
13.6397 38.2748 0
14.631 38.2732 0
15.7449 38.2521 0
16.7817 38.2278 0
17.7519 38.4231 0
19.0998 38.4408 0
20.073 38.2913 0
21.0166 38.2923 0
22.0654 38.3601 0
23.069 38.4344 0
24.3857 38.4314 0
25.5197 38.2188 0
26.5599 38.3245 0
27.5717 38.2823 0
28.5123 38.2928 0
29.3673 38.1657 1
30.6172 38.1668 1
31.7281 38.163 1
32.956 38.2438 0
33.8518 38.3607 0
34.953 38.3876 0
36.1522 38.4121 0
37.1166 38.347 0
38.054 38.358 0
39.2548 38.3962 0
40.4847 38.4766 0
41.5634 38.37 0
42.5976 38.387 0
43.6539 38.4328 0
44.6332 38.5475 0
45.639 38.3854 1
46.8503 38.2957 1
47.9591 38.2584 0
48.8972 38.321 0
49.905 38.2794 0
-0.122156 39.3989 0
0.887227 39.5397 0
2.12339 39.4725 0
2.96269 39.4114 0
4.0512 39.361 0
4.93442 39.3393 1
6.37199 39.4082 0
7.23287 39.3504 1
8.51502 39.4361 1
9.84479 39.4699 0
10.5987 39.407 0
11.5572 39.3924 0
12.5455 39.3525 0
13.5149 39.0482 1
14.7022 39.05 1
15.9825 39.1979 0
16.7881 39.1842 1
18.0062 39.2765 0
19.0174 39.4134 0
20.1604 39.3338 0
21.0377 39.3205 0
21.9988 39.2697 1
23.2442 39.2015 1
24.518 39.209 0
25.4594 39.3129 0
26.4907 39.2388 1
27.6024 39.1885 0
28.5417 39.3489 0
29.442 39.4667 0
30.5804 39.4431 0
31.8318 39.4698 0
33.0035 39.3744 0
33.977 39.3187 0
35.0505 39.3999 0
35.9965 39.4949 0
37.1103 39.4405 0
38.028 39.286 1
39.2242 39.147 1
40.4481 39.2196 1
41.6299 39.3218 0
42.7194 39.3742 0
43.6204 39.5401 0
44.6053 39.4914 0
45.5875 39.5921 0
46.8299 39.6044 0
47.972 39.5986 0
48.9481 39.3977 0
49.9756 39.4353 0
-0.144409 40.475 0
0.882006 40.5656 0
1.8769 40.5083 0
3.07483 40.5373 0
4.05929 40.5401 0
5.00724 40.4251 1
6.42279 40.5367 0
7.14944 40.6059 1
8.48324 40.7313 0
9.74629 40.7144 0
10.6249 40.6741 0
11.4642 40.5683 0
12.487 40.43 0
13.4554 40.2945 1
14.7328 40.3791 1
16.0046 40.3124 0
16.8482 40.4782 0
18.0455 40.4462 0
19.0562 40.4067 0
20.0499 40.3738 0
21.0944 40.3737 0
21.9303 40.3912 1
23.2304 40.431 1
24.601 40.4307 0
25.4699 40.4272 0
26.381 40.4293 1
27.6727 40.5148 0
28.3753 40.3898 1
29.5193 40.3024 1
30.6818 40.2953 1
31.8687 40.2652 1
33.1038 40.2511 0
34.0541 40.2963 0
35.059 40.4179 0
36.1299 40.4833 0
37.007 40.3589 0
38.0212 40.411 0
39.2326 40.5219 0
40.3357 40.5377 0
41.6513 40.4778 0
42.7253 40.4614 0
43.6995 40.4721 0
44.6546 40.6073 0
45.7038 40.525 0
46.7858 40.5148 0
47.8486 40.4348 0
48.9632 40.4872 0
49.8732 40.4989 0
-0.119567 41.6084 0
0.88565 41.5911 0
1.88795 41.6255 0
2.80055 41.4155 1
4.00879 41.4322 0
4.96206 41.5843 1
6.24733 41.6716 0
7.20628 41.7547 1
8.54858 41.7255 0
9.6338 41.743 0
10.5765 41.6651 0
11.4995 41.6916 0
12.5247 41.5927 0
13.451 41.5555 1
14.7265 41.573 1
15.9165 41.5525 0
16.8006 41.48 1
17.9971 41.3222 1
19.2307 41.3626 0
20.0931 41.4732 0
21.1055 41.4074 0
21.9191 41.504 1
23.2659 41.5699 1
24.6064 41.5623 0
25.4642 41.7179 0
26.3177 41.6625 1
27.712 41.6104 0
28.5294 41.7433 0
29.6015 41.6287 1
30.7551 41.5861 1
31.9258 41.4835 1
33.2391 41.428 0
34.1665 41.4526 0
35.0543 41.4656 0
35.9967 41.3346 1
37.216 41.3484 0
38.1371 41.3626 0
39.1667 41.3286 1
40.4458 41.3246 0
41.4246 41.3178 1
42.6138 41.4139 1
43.7898 41.4528 0
44.7561 41.6683 0
45.8352 41.5274 0
46.7402 41.448 1
47.9485 41.3604 1
49.1818 41.5381 0
49.8917 41.6535 0
-0.0174391 42.6862 0
0.71132 42.5664 1
1.9524 42.5294 0
2.93284 42.718 0
4.05363 42.6526 0
4.80767 42.7602 1
6.23633 42.7001 0
7.22064 43.0225 0
8.52572 42.8985 0
9.71942 42.7651 0
10.5119 42.6786 0
11.4735 42.6597 0
12.4632 42.7407 0
13.4765 42.7254 0
14.7054 42.773 0
15.9882 42.8169 0
16.8708 42.6688 1
18.0679 42.5995 1
19.3068 42.5898 0
20.2748 42.6423 0
21.1817 42.5622 0
22.0965 42.6791 0
23.2278 42.7796 1
24.5707 42.7538 0
25.5931 42.8957 0
26.4627 42.865 0
27.5802 42.7753 0
28.657 42.7263 0
29.639 42.8196 0
30.8799 42.8905 0
32.1709 42.7693 0
33.3716 42.646 0
34.1118 42.5555 0
35.1478 42.5813 0
36.1 42.6773 0
37.2633 42.5945 0
38.1002 42.5259 0
39.1253 42.3937 1
40.5163 42.4388 0
41.3572 42.5658 0
42.635 42.6881 0
43.8234 42.6298 0
44.8877 42.6044 0
45.8302 42.5952 0
46.7009 42.6911 0
47.8148 42.7856 0
49.0245 42.7437 0
49.9444 42.7348 0
-0.152763 43.8124 0
0.64142 43.7634 1
2.00237 43.7168 0
2.92908 43.7191 0
4.00356 43.7343 0
4.93642 43.8611 1
6.29768 43.8858 0
7.25005 43.7947 1
8.52153 43.6022 0
9.46727 43.7898 0
10.5115 43.833 0
11.5159 43.7665 0
12.4404 43.6999 1
13.6085 43.5522 1
14.8587 43.615 0
15.8424 43.6904 0
16.8627 43.8523 0
18.041 43.887 0
19.2543 43.7254 0
20.2319 43.5337 1
21.3606 43.6865 0
22.2598 43.7606 0
23.2369 43.9824 0
24.5765 43.9816 0
25.455 43.9298 0
26.5286 43.7991 0
27.5895 43.7564 0
28.5286 43.7434 0
29.7707 43.6535 0
31.0118 43.8019 0
32.1908 43.6955 0
33.172 43.7195 0
34.1202 43.5865 0
35.2104 43.6042 0
36.2837 43.5977 0
37.3141 43.5476 0
38.3598 43.5035 0
39.0908 43.5789 1
40.3773 43.5614 1
41.4388 43.4996 1
42.6323 43.6012 1
43.7446 43.5841 1
44.9863 43.6235 0
45.836 43.7657 0
46.6189 43.7926 1
47.9865 43.6796 0
48.9353 43.6855 0
49.9301 43.8194 0
-0.0791744 44.8932 0
0.831348 44.9137 0
2.02407 44.9602 0
2.95651 44.7875 0
3.95211 44.7039 0
4.90769 44.9407 0
6.29599 44.9981 0
7.28395 44.981 0
8.59621 44.9041 0
9.51194 44.8202 0
10.4562 44.8372 0
11.4714 44.8161 0
12.4314 44.8854 1
13.6431 44.967 0
14.8374 44.8834 0
15.663 44.6902 1
16.9253 44.6522 1
18.1498 44.8001 0
19.1712 44.8648 0
20.0947 44.8754 1
21.4449 44.86 0
22.275 44.871 0
23.2846 44.9316 0
24.2966 44.8476 0
25.4196 44.8703 0
26.4907 44.8473 0
27.6275 44.7638 0
28.6021 44.6295 1
29.7677 44.5284 1
30.9942 44.5287 1
32.1756 44.7013 0
33.1572 44.7618 0
34.1573 44.6886 0
35.1684 44.5551 0
36.1687 44.4988 1
37.3683 44.4678 0
38.2881 44.7101 0
39.1625 44.8202 0
40.3142 44.891 0
41.4497 44.9285 0
42.5684 44.8768 0
43.8424 44.8424 0
44.952 44.9333 0
45.7195 44.8967 0
46.7891 44.9933 0
47.9712 44.9363 0
48.8699 44.8128 0
49.9689 44.8403 0
-0.0526095 45.8467 0
0.929284 45.9093 0
1.90557 45.7961 1
3.1053 45.7569 0
4.04861 45.8335 1
5.20115 45.7102 0
6.22648 45.7371 1
7.59901 45.8394 0
8.5307 45.9364 0
9.43742 45.922 0
10.4869 45.9324 0
11.4494 45.9169 0
12.2619 46.06 1
13.7124 46.1243 0
14.7434 45.9121 0
15.5809 45.9479 1
16.9242 45.9223 1
18.2053 45.8627 0
19.1469 45.9705 0
20.2099 46.099 0
21.3803 46.0156 0
22.2634 45.9411 0
23.2429 45.9149 0
24.2771 45.779 1
25.459 45.7281 1
26.4918 45.6817 1
27.6739 45.7448 0
28.5389 45.9473 1
29.8758 45.8866 0
30.9351 45.9424 0
32.1698 45.8975 0
33.136 45.8038 0
34.0842 45.6851 0
35.181 45.6842 0
36.1143 45.6603 1
37.388 45.7309 0
38.3639 45.735 0
39.3482 45.8344 0
40.3545 45.8087 0
41.4462 45.7685 0
42.5095 45.7565 1
43.7555 45.6902 0
44.7604 45.9324 0
45.8446 45.9798 0
46.8865 45.9452 0
47.9396 46.0195 0
48.9434 45.9307 0
49.8825 45.9935 0
-0.140045 46.9526 0
0.975697 46.9434 0
1.93535 46.996 0
3.17509 47.0427 0
3.90879 46.9866 1
5.28413 46.9481 1
6.28919 46.8542 1
7.57908 46.9328 0
8.45081 46.9335 0
9.53944 46.9428 0
10.4649 46.9296 0
11.5519 46.9974 0
12.3336 47.2451 0
13.6447 47.1505 0
14.6031 47.1221 0
15.5503 47.0799 1
16.9621 47.1312 1
18.2469 47.1801 0
19.1309 47.0489 0
20.1766 47.0285 0
21.3514 47.0032 0
22.3343 47.0278 0
23.378 46.8589 0
24.2514 47.0903 0
25.3588 47.0941 0
26.4855 47.0684 0
27.6513 47.0202 0
28.5461 47.0976 1
30.0022 47.0031 0
31.0987 46.8176 0
32.1234 46.8321 0
33.1627 46.751 0
34.1209 46.7063 0
34.9763 46.7955 1
36.1377 46.7374 1
37.4363 46.8219 0
38.3557 46.823 0
39.3606 46.8369 0
40.3932 46.8595 0
41.4256 46.7273 0
42.4166 46.8542 1
43.7222 46.9009 0
44.6888 46.8893 0
45.6908 46.9134 0
46.8464 46.9603 0
47.8879 46.9348 0
48.8737 46.9984 0
49.8217 47.045 0
-0.195802 47.9887 0
0.824237 47.9267 1
2.05708 47.8546 0
3.01118 48.0226 0
3.90353 48.1443 0
5.19042 48.23 0
6.37954 48.2171 0
7.4662 48.112 0
8.45101 47.9522 0
9.43018 47.8628 0
10.4979 47.9959 0
11.4844 48.0557 0
12.6369 48.0924 0
13.6767 48.0813 0
14.6413 48.1705 0
15.6276 48.1659 0
16.9171 48.3715 0
18.2108 48.2462 0
19.1784 48.1397 0
20.1434 47.997 0
21.2376 47.9298 0
22.3433 47.9915 0
23.2087 47.9933 0
24.3627 47.9891 0
25.3804 47.9919 0
26.4417 48.0221 0
27.5091 48.0041 0
28.542 48.0791 1
30.073 47.9488 0
31.1529 47.9459 0
32.1015 47.7506 0
33.1582 47.8392 0
34.1551 47.9537 0
35.1194 47.9722 0
36.291 48.0867 0
37.3747 48.0249 0
38.4329 47.8762 0
39.522 47.8872 0
40.5359 47.7759 0
41.524 47.7927 0
42.493 48.0366 0
43.7523 48.0202 0
44.6552 47.9165 0
45.746 47.9402 0
46.7475 47.9008 0
47.7621 48.0081 0
48.7767 48.006 0
49.7147 48.0221 0
-0.0255785 48.9292 0
0.895139 49.1561 0
1.99263 49.1519 0
3.01684 49.0209 0
4.10635 49.0325 0
5.12848 49.0677 0
6.32943 49.0753 0
7.35629 49.0041 0
8.41766 48.9562 0
9.41022 48.9305 0
10.3699 49.0586 0
11.4254 49.0923 0
12.4983 48.9578 0
13.614 48.9703 0
14.7236 49.0706 0
15.8015 49.1337 0
16.8825 49.1748 0
18.0196 49.1711 0
19.1708 49.1635 0
20.1538 49.0528 0
21.1829 48.9451 0
22.2898 49.0652 0
23.281 48.9086 0
24.3909 48.9353 0
25.4539 48.9063 0
26.5042 48.9288 0
27.5368 49.0558 0
28.6946 49.1292 0
30.0108 49.0353 0
31.011 48.886 0
32.0127 48.891 0
33.0153 48.8192 0
34.1819 48.9258 0
35.2336 48.8901 0
36.3167 48.9452 0
37.396 48.8986 0
38.3919 48.9287 0
39.523 48.8122 0
40.567 48.8321 0
41.656 48.7784 0
42.6588 48.8612 0
43.7474 48.9498 0
44.8307 49.0305 0
45.8006 49.0274 0
46.7201 48.9207 0
47.7316 49.0015 0
48.7994 48.9657 0
49.878 49.0555 0
-0.0668635 50.0346 0
0.871523 50.1351 0
1.9751 50.08 0
3.0662 50.0832 0
4.12583 50.1259 0
5.32556 50.0314 0
6.27251 49.9529 0
7.37102 49.9455 0
8.41182 49.8512 0
9.37612 50.0218 0
10.4075 50.0301 0
11.3918 50.0388 0
12.5051 50.0132 0
13.591 49.9626 0
14.7582 49.9426 0
15.8743 50.0849 0
16.8133 50.126 0
17.9993 50.0679 0
19.1408 49.9892 0
20.1891 49.9905 0
21.2545 50.072 0
22.223 50.0151 0
23.3914 49.8857 0
24.3466 49.9166 0
25.4222 49.836 0
26.4499 49.94 0
27.608 49.9771 0
28.7443 50.0026 0
29.8134 49.9701 0
30.9399 49.8664 0
32.056 49.7968 0
33.0764 49.8281 0
34.1145 49.8374 0
35.1585 49.9341 0
36.3369 49.7967 0
37.4444 49.8754 0
38.4794 49.8597 0
39.4277 49.808 0
40.601 49.7515 0
41.597 49.8389 0
42.6594 49.9069 0
43.698 50.0098 0
44.7374 49.9191 0
45.8615 49.9681 0
46.7699 49.9969 0
47.8412 49.9396 0
48.9941 49.9084 0
50.0226 49.9248 0
