50 -0.7091 1.07726e-130
51 -0.7073 2.42283e-127
52 -0.7055 3.90781e-124
53 -0.7037 5.74016e-121
54 -0.7019 5.70424e-118
55 -0.7001 4.99682e-115
56 -0.6983 4.02219e-112
57 -0.6965 2.51832e-109
58 -0.6947 1.52299e-106
59 -0.6929 7.22468e-104
60 -0.6911 2.8536e-101
61 -0.6893 1.1008e-98
62 -0.6875 3.3538e-96
63 -0.6857 8.99915e-94
64 -0.6839 2.1538e-91
65 -0.6821 4.11899e-89
66 -0.6803 6.89849e-87
67 -0.6785 1.00084e-84
68 -0.6767 1.37149e-82
69 -0.6749 1.65631e-80
70 -0.6731 1.77123e-78
71 -0.6713 1.68209e-76
72 -0.6695 1.41225e-74
73 -0.6677 1.11496e-72
74 -0.6659 7.60362e-71
75 -0.6641 4.70479e-69
76 -0.6623 2.68509e-67
77 -0.6605 1.39523e-65
78 -0.6587 6.56161e-64
79 -0.6569 2.8308e-62
80 -0.6551 1.10999e-60
81 -0.6533 4.00985e-59
82 -0.6515 1.34609e-57
83 -0.6497 4.01448e-56
84 -0.6479 1.10986e-54
85 -0.6461 2.90513e-53
86 -0.6443 6.81903e-52
87 -0.6425 1.52435e-50
88 -0.6407 3.20486e-49
89 -0.6389 6.20891e-48
90 -0.6371 1.12056e-46
91 -0.6353 1.88528e-45
92 -0.6335 2.95014e-44
93 -0.6317 4.38635e-43
94 -0.6299 6.04928e-42
95 -0.6281 7.94361e-41
96 -0.6263 9.86035e-40
97 -0.6245 1.1435e-38
98 -0.6227 1.26273e-37
99 -0.6209 1.29341e-36
100 -0.6191 1.28592e-35
101 -0.6173 1.20037e-34
102 -0.6155 1.06799e-33
103 -0.6137 9.00031e-33
104 -0.6119 7.22135e-32
105 -0.6101 5.56231e-31
106 -0.6083 4.01895e-30
107 -0.6065 2.8068e-29
108 -0.6047 1.86387e-28
109 -0.6029 1.18711e-27
110 -0.6011 7.12155e-27
111 -0.5993 4.1902e-26
112 -0.5975 2.28683e-25
113 -0.5957 1.21304e-24
114 -0.5939 6.32743e-24
115 -0.5921 3.13891e-23
116 -0.5903 1.49887e-22
117 -0.5885 6.76629e-22
118 -0.5867 2.99449e-21
119 -0.5849 1.26753e-20
120 -0.5831 5.22342e-20
121 -0.5813 2.04826e-19
122 -0.5795 7.78735e-19
123 -0.5777 2.91159e-18
124 -0.5759 1.05044e-17
125 -0.5741 3.61078e-17
126 -0.5723 1.22795e-16
127 -0.5705 4.0099e-16
128 -0.5687 1.28166e-15
129 -0.5669 3.95051e-15
130 -0.5651 1.17327e-14
131 -0.5633 3.42571e-14
132 -0.5615 9.7392e-14
133 -0.5597 2.64831e-13
134 -0.5579 7.11246e-13
135 -0.5561 1.83995e-12
136 -0.5543 4.68893e-12
137 -0.5525 1.17186e-11
138 -0.5507 2.79336e-11
139 -0.5489 6.54939e-11
140 -0.5471 1.49455e-10
141 -0.5453 3.35387e-10
142 -0.5435 7.31818e-10
143 -0.5417 1.5579e-09
144 -0.5399 3.26719e-09
145 -0.5381 6.61921e-09
146 -0.5363 1.32947e-08
147 -0.5345 2.59074e-08
148 -0.5327 4.99533e-08
149 -0.5309 9.30101e-08
150 -0.5291 1.69027e-07
151 -0.5273 3.03512e-07
152 -0.5255 5.37786e-07
153 -0.5237 9.3268e-07
154 -0.5219 1.57882e-06
155 -0.5201 2.62977e-06
156 -0.5183 4.31152e-06
157 -0.5165 6.92375e-06
158 -0.5147 1.07909e-05
159 -0.5129 1.66145e-05
160 -0.5111 2.51966e-05
161 -0.5093 3.74911e-05
162 -0.5075 5.48991e-05
163 -0.5057 7.94237e-05
164 -0.5039 0.000112891
165 -0.5021 0.000157782
166 -0.5003 0.000216507
167 -0.4985 0.000294396
168 -0.4967 0.000392971
169 -0.4949 0.000514789
170 -0.4931 0.000664965
171 -0.4913 0.000850339
172 -0.4895 0.00107185
173 -0.4877 0.00131337
174 -0.4859 0.0016078
175 -0.4841 0.00193786
176 -0.4823 0.00229051
177 -0.4805 0.0026947
178 -0.4787 0.00310874
179 -0.4769 0.00355092
180 -0.4751 0.0039754
181 -0.4733 0.00441485
182 -0.4715 0.00481726
183 -0.4697 0.0052796
184 -0.4679 0.00560637
185 -0.4661 0.00593836
186 -0.4643 0.00619716
187 -0.4625 0.006336
188 -0.4607 0.00640784
189 -0.4589 0.00651804
190 -0.4571 0.00646515
191 -0.4553 0.00629904
192 -0.4535 0.00616699
193 -0.4517 0.00594757
194 -0.4499 0.00562071
195 -0.4481 0.00530241
196 -0.4463 0.00493159
197 -0.4445 0.00452974
198 -0.4427 0.00412439
199 -0.4409 0.00372428
200 -0.4391 0.00329185
201 -0.4373 0.00294608
202 -0.4355 0.00256382
203 -0.4337 0.00222333
204 -0.4319 0.00190406
205 -0.4301 0.00162349
206 -0.4283 0.00137272
207 -0.4265 0.0011424
208 -0.4247 0.000939206
209 -0.4229 0.000774783
210 -0.4211 0.000626438
211 -0.4193 0.000503785
212 -0.4175 0.000404484
213 -0.4157 0.000321469
214 -0.4139 0.000250991
215 -0.4121 0.000196243
216 -0.4103 0.000151178
217 -0.4085 0.000114542
218 -0.4067 8.67682e-05
219 -0.4049 6.53043e-05
220 -0.4031 4.86857e-05
221 -0.4013 3.61414e-05
222 -0.3995 2.63692e-05
223 -0.3977 1.89935e-05
224 -0.3959 1.36942e-05
225 -0.3941 9.84201e-06
226 -0.3923 7.04749e-06
227 -0.3905 4.99329e-06
228 -0.3887 3.49469e-06
229 -0.3869 2.42851e-06
230 -0.3851 1.69379e-06
231 -0.3833 1.15994e-06
232 -0.3815 7.88532e-07
233 -0.3797 5.37264e-07
234 -0.3779 3.6066e-07
235 -0.3761 2.41995e-07
236 -0.3743 1.59495e-07
237 -0.3725 1.062e-07
238 -0.3707 6.93002e-08
239 -0.3689 4.46371e-08
240 -0.3671 2.89282e-08
241 -0.3653 1.8542e-08
242 -0.3635 1.18713e-08
243 -0.3617 7.53268e-09
244 -0.3599 4.76185e-09
245 -0.3581 2.98666e-09
246 -0.3563 1.86609e-09
247 -0.3545 1.15819e-09
248 -0.3527 7.10693e-10
249 -0.3509 4.36103e-10
250 -0.3491 2.62708e-10
251 -0.3473 1.60032e-10
252 -0.3455 9.63879e-11
253 -0.3437 5.75339e-11
254 -0.3419 3.43416e-11
255 -0.3401 2.01459e-11
256 -0.3383 1.18466e-11
257 -0.3365 6.93427e-12
258 -0.3347 4.04382e-12
259 -0.3329 2.34453e-12
260 -0.3311 1.35147e-12
261 -0.3293 7.76229e-13
262 -0.3275 4.42515e-13
263 -0.3257 2.51918e-13
264 -0.3239 1.42048e-13
265 -0.3221 8.00599e-14
266 -0.3203 4.50971e-14
267 -0.3185 2.51159e-14
268 -0.3167 1.39808e-14
269 -0.3149 7.72621e-15
270 -0.3131 4.28128e-15
271 -0.3113 2.32838e-15
272 -0.3095 1.27761e-15
273 -0.3077 6.9466e-16
274 -0.3059 3.73276e-16
275 -0.3041 2.01689e-16
276 -0.3023 1.08125e-16
277 -0.3005 5.7817e-17
278 -0.2987 3.08616e-17
279 -0.2969 1.62882e-17
280 -0.2951 8.63639e-18
281 -0.2933 4.54846e-18
282 -0.2915 2.36881e-18
283 -0.2897 1.2395e-18
284 -0.2879 6.45053e-19
285 -0.2861 3.36572e-19
286 -0.2843 1.74339e-19
287 -0.2825 8.90706e-20
288 -0.2807 4.55683e-20
289 -0.2789 2.34633e-20
290 -0.2771 1.1966e-20
291 -0.2753 6.06897e-21
292 -0.2735 3.08532e-21
293 -0.2717 1.55578e-21
294 -0.2699 7.86429e-22
295 -0.2681 3.98544e-22
296 -0.2663 1.99986e-22
297 -0.2645 9.94251e-23
298 -0.2627 4.91719e-23
299 -0.2609 2.42747e-23
300 -0.2591 1.19831e-23
301 -0.2573 5.96518e-24
302 -0.2555 2.95704e-24
303 -0.2537 1.44984e-24
304 -0.2519 7.077e-25
305 -0.2501 3.43255e-25
306 -0.2483 1.67784e-25
307 -0.2465 8.22711e-26
308 -0.2447 3.95569e-26
309 -0.2429 1.93546e-26
310 -0.2411 9.29188e-27
311 -0.2393 4.51122e-27
312 -0.2375 2.17188e-27
313 -0.2357 1.05967e-27
314 -0.2339 5.04054e-28
315 -0.2321 2.41769e-28
316 -0.2303 1.15087e-28
317 -0.2285 5.53991e-29
318 -0.2267 2.63147e-29
319 -0.2249 1.25544e-29
320 -0.2231 5.94053e-30
321 -0.2213 2.81821e-30
322 -0.2195 1.33347e-30
323 -0.2177 6.28829e-31
324 -0.2159 2.9783e-31
325 -0.2141 1.416e-31
326 -0.2123 6.64947e-32
327 -0.2105 3.13788e-32
328 -0.2087 1.47706e-32
329 -0.2069 6.92362e-33
330 -0.2051 3.24889e-33
331 -0.2033 1.51875e-33
332 -0.2015 7.11354e-34
333 -0.1997 3.33509e-34
334 -0.1979 1.56793e-34
335 -0.1961 7.32536e-35
336 -0.1943 3.43498e-35
337 -0.1925 1.60962e-35
338 -0.1907 7.53526e-36
339 -0.1889 3.50211e-36
340 -0.1871 1.63834e-36
341 -0.1853 7.70684e-37
342 -0.1835 3.6268e-37
343 -0.1817 1.70592e-37
344 -0.1799 7.99802e-38
345 -0.1781 3.73774e-38
346 -0.1763 1.7627e-38
347 -0.1745 8.27198e-39
348 -0.1727 3.89024e-39
349 -0.1709 1.83876e-39
350 -0.1691 8.5987e-40
351 -0.1673 4.09212e-40
352 -0.1655 1.9318e-40
353 -0.1637 9.177e-41
354 -0.1619 4.34444e-41
355 -0.1601 2.06722e-41
356 -0.1583 9.78709e-42
357 -0.1565 4.70699e-42
358 -0.1547 2.25431e-42
359 -0.1529 1.07448e-42
360 -0.1511 5.20555e-43
361 -0.1493 2.50551e-43
362 -0.1475 1.21909e-43
363 -0.1457 5.91395e-44
364 -0.1439 2.86056e-44
365 -0.1421 1.39399e-44
366 -0.1403 6.85063e-45
367 -0.1385 3.36137e-45
368 -0.1367 1.6634e-45
369 -0.1349 8.22343e-46
370 -0.1331 4.06247e-46
371 -0.1313 2.02044e-46
372 -0.1295 1.00928e-46
373 -0.1277 5.00299e-47
374 -0.1259 2.50122e-47
375 -0.1241 1.25783e-47
376 -0.1223 6.35836e-48
377 -0.1205 3.22068e-48
378 -0.1187 1.629e-48
379 -0.1169 8.42541e-49
380 -0.1151 4.31656e-49
381 -0.1133 2.22258e-49
382 -0.1115 1.15168e-49
383 -0.1097 6.06586e-50
384 -0.1079 3.17334e-50
385 -0.1061 1.67732e-50
386 -0.1043 8.89294e-51
387 -0.1025 4.78352e-51
388 -0.1007 2.54834e-51
389 -0.0989 1.3835e-51
390 -0.0971 7.58829e-52
391 -0.0953 4.15129e-52
392 -0.0935 2.28641e-52
393 -0.0917 1.27385e-52
394 -0.0899 7.12524e-53
395 -0.0881 4.00634e-53
396 -0.0863 2.27374e-53
397 -0.0845 1.30264e-53
398 -0.0827 7.47734e-54
399 -0.0809 4.3383e-54
400 -0.0791 2.55648e-54
401 -0.0773 1.50335e-54
402 -0.0755 8.91002e-55
403 -0.0737 5.37433e-55
404 -0.0719 3.25494e-55
405 -0.0701 1.98642e-55
406 -0.0683 1.22462e-55
407 -0.0665 7.54481e-56
408 -0.0647 4.7349e-56
409 -0.0629 3.02465e-56
410 -0.0611 1.93473e-56
411 -0.0593 1.24627e-56
412 -0.0575 8.07469e-57
413 -0.0557 5.32324e-57
414 -0.0539 3.56671e-57
415 -0.0521 2.38441e-57
416 -0.0503 1.62075e-57
417 -0.0485 1.10798e-57
418 -0.0467 7.73723e-58
419 -0.0449 5.38704e-58
420 -0.0431 3.83467e-58
421 -0.0413 2.75976e-58
422 -0.0395 2.00545e-58
423 -0.0377 1.46586e-58
424 -0.0359 1.09148e-58
425 -0.0341 8.25371e-59
426 -0.0323 6.23149e-59
427 -0.0305 4.77923e-59
428 -0.0287 3.73473e-59
429 -0.0269 2.96502e-59
430 -0.0251 2.37149e-59
431 -0.0233 1.89814e-59
432 -0.0215 1.57281e-59
433 -0.0197 1.31278e-59
434 -0.0179 1.12227e-59
435 -0.0161 9.65617e-60
436 -0.0143 8.4213e-60
437 -0.0125 7.47912e-60
438 -0.0107 6.84392e-60
439 -0.0089 6.30329e-60
440 -0.0071 5.96774e-60
441 -0.0053 5.65664e-60
442 -0.0035 5.46404e-60
443 -0.0017 5.40876e-60
444 0.0001 5.43933e-60
445 0.0019 5.51372e-60
446 0.0037 5.75972e-60
447 0.0055 6.11747e-60
448 0.0073 6.54778e-60
449 0.0091 7.20512e-60
450 0.0109 8.10059e-60
451 0.0127 9.17578e-60
452 0.0145 1.07127e-59
453 0.0163 1.27121e-59
454 0.0181 1.54155e-59
455 0.0199 1.90453e-59
456 0.0217 2.40699e-59
457 0.0235 3.12798e-59
458 0.0253 4.1571e-59
459 0.0271 5.66621e-59
460 0.0289 7.95186e-59
461 0.0307 1.1325e-58
462 0.0325 1.64163e-58
463 0.0343 2.44778e-58
464 0.0361 3.72264e-58
465 0.0379 5.79996e-58
466 0.0397 9.19027e-58
467 0.0415 1.50035e-57
468 0.0433 2.51007e-57
469 0.0451 4.29534e-57
470 0.0469 7.53873e-57
471 0.0487 1.35225e-56
472 0.0505 2.4767e-56
473 0.0523 4.67203e-56
474 0.0541 8.99512e-56
475 0.0559 1.769e-55
476 0.0577 3.59361e-55
477 0.0595 7.53593e-55
478 0.0613 1.61577e-54
479 0.0631 3.56694e-54
480 0.0649 8.07136e-54
481 0.0667 1.87176e-53
482 0.0685 4.48155e-53
483 0.0703 1.10552e-52
484 0.0721 2.79191e-52
485 0.0739 7.18689e-52
486 0.0757 1.94749e-51
487 0.0775 5.36266e-51
488 0.0793 1.51573e-50
489 0.0811 4.36287e-50
490 0.0829 1.3153e-49
491 0.0847 4.06807e-49
492 0.0865 1.29074e-48
493 0.0883 4.22428e-48
494 0.0901 1.40529e-47
495 0.0919 4.79089e-47
496 0.0937 1.70806e-46
497 0.0955 6.22255e-46
498 0.0973 2.3606e-45
499 0.0991 9.10972e-45
500 0.1009 3.67144e-44
501 0.1027 1.53674e-43
502 0.1045 6.51268e-43
503 0.1063 2.87527e-42
504 0.1081 1.30354e-41
505 0.1099 6.00213e-41
506 0.1117 2.81351e-40
507 0.1135 1.36995e-39
508 0.1153 6.89481e-39
509 0.1171 3.59977e-38
510 0.1189 1.90926e-37
511 0.1207 1.03954e-36
512 0.1225 5.7663e-36
513 0.1243 3.25336e-35
514 0.1261 1.87034e-34
515 0.1279 1.10481e-33
516 0.1297 6.54232e-33
517 0.1315 3.84899e-32
518 0.1333 2.38037e-31
519 0.1351 1.4511e-30
520 0.1369 8.90065e-30
521 0.1387 5.55267e-29
522 0.1405 3.5449e-28
523 0.1423 2.2415e-27
524 0.1441 1.42016e-26
525 0.1459 8.93544e-26
526 0.1477 5.56495e-25
527 0.1495 3.55144e-24
528 0.1513 2.27152e-23
529 0.1531 1.41618e-22
530 0.1549 8.68321e-22
531 0.1567 5.23191e-21
532 0.1585 3.17547e-20
533 0.1603 1.89682e-19
534 0.1621 1.11289e-18
535 0.1639 6.27348e-18
536 0.1657 3.4023e-17
537 0.1675 1.85516e-16
538 0.1693 9.92079e-16
539 0.1711 5.17824e-15
540 0.1729 2.66198e-14
541 0.1747 1.31681e-13
542 0.1765 6.33144e-13
543 0.1783 2.97012e-12
544 0.1801 1.38397e-11
545 0.1819 6.19137e-11
546 0.1837 2.66596e-10
547 0.1855 1.10023e-09
548 0.1873 4.31315e-09
549 0.1891 1.69663e-08
550 0.1909 6.35919e-08
551 0.1927 2.30186e-07
552 0.1945 7.91581e-07
553 0.1963 2.66974e-06
554 0.1981 8.58038e-06
555 0.1999 2.61376e-05
556 0.2017 7.7322e-05
557 0.2035 0.000219176
558 0.2053 0.00059665
559 0.2071 0.00159013
560 0.2089 0.00400392
561 0.2107 0.0098532
562 0.2125 0.0228914
563 0.2143 0.0486603
564 0.2161 0.102343
565 0.2179 0.208791
566 0.2197 0.40195
567 0.2215 0.746323
568 0.2233 1.3517
569 0.2251 2.30928
570 0.2269 3.91062
571 0.2287 6.09765
572 0.2305 9.16352
573 0.2323 13.0779
574 0.2341 18.1924
575 0.2359 23.6369
576 0.2377 29.5659
577 0.2395 35.3157
578 0.2413 39.8278
579 0.2431 43.0014
580 0.2449 45.4282
581 0.2467 45.9054
582 0.2485 42.6557
583 0.2503 39.1404
584 0.2521 35.2403
585 0.2539 30.3001
586 0.2557 24.9869
587 0.2575 19.7383
588 0.2593 14.6814
589 0.2611 10.6662
590 0.2629 7.31021
591 0.2647 4.82281
592 0.2665 3.12022
593 0.2683 1.89563
594 0.2701 1.13817
595 0.2719 0.649608
596 0.2737 0.356568
597 0.2755 0.188528
598 0.2773 0.0957426
599 0.2791 0.046757
600 0.2809 0.0217704
601 0.2827 0.0098736
602 0.2845 0.00426136
603 0.2863 0.00181202
604 0.2881 0.000733456
605 0.2899 0.000284352
606 0.2917 0.000106703
607 0.2935 3.86127e-05
608 0.2953 1.36491e-05
609 0.2971 4.62329e-06
610 0.2989 1.52315e-06
611 0.3007 4.83094e-07
612 0.3025 1.5018e-07
613 0.3043 4.47719e-08
614 0.3061 1.28898e-08
615 0.3079 3.58933e-09
616 0.3097 9.5865e-10
617 0.3115 2.51291e-10
618 0.3133 6.37149e-11
619 0.3151 1.56182e-11
620 0.3169 3.77928e-12
621 0.3187 8.85115e-13
622 0.3205 2.00875e-13
623 0.3223 4.43718e-14
624 0.3241 9.64626e-15
625 0.3259 2.05239e-15
626 0.3277 4.20926e-16
627 0.3295 8.35413e-17
628 0.3313 1.58304e-17
629 0.3331 2.98769e-18
630 0.3349 5.49885e-19
631 0.3367 9.85982e-20
632 0.3385 1.73035e-20
633 0.3403 2.96634e-21
634 0.3421 5.00876e-22
635 0.3439 8.18656e-23
636 0.3457 1.31698e-23
637 0.3475 2.07636e-24
638 0.3493 3.13344e-25
639 0.3511 4.66395e-26
640 0.3529 6.83484e-27
641 0.3547 9.87101e-28
642 0.3565 1.38657e-28
643 0.3583 1.90984e-29
644 0.3601 2.56748e-30
645 0.3619 3.35858e-31
646 0.3637 4.34214e-32
647 0.3655 5.59298e-33
648 0.3673 6.96943e-34
649 0.3691 8.60364e-35
650 0.3709 1.04193e-35
651 0.3727 1.24082e-36
652 0.3745 1.45691e-37
653 0.3763 1.70649e-38
654 0.3781 1.95206e-39
655 0.3799 2.18302e-40
656 0.3817 2.41033e-41
657 0.3835 2.61542e-42
658 0.3853 2.78403e-43
659 0.3871 2.96226e-44
660 0.3889 3.08389e-45
661 0.3907 3.15621e-46
662 0.3925 3.25985e-47
663 0.3943 3.30399e-48
664 0.3961 3.24834e-49
665 0.3979 3.16654e-50
666 0.3997 3.06394e-51
667 0.4015 2.92488e-52
668 0.4033 2.78244e-53
669 0.4051 2.61264e-54
670 0.4069 2.42122e-55
671 0.4087 2.23061e-56
672 0.4105 2.0298e-57
673 0.4123 1.81959e-58
674 0.4141 1.62004e-59
675 0.4159 1.39203e-60
676 0.4177 1.2036e-61
677 0.4195 1.03996e-62
678 0.4213 8.87323e-64
679 0.4231 7.59652e-65
680 0.4249 6.3516e-66
681 0.4267 5.26254e-67
682 0.4285 4.35349e-68
683 0.4303 3.5798e-69
684 0.4321 2.92484e-70
685 0.4339 2.36417e-71
686 0.4357 1.90795e-72
687 0.4375 1.51457e-73
688 0.4393 1.20218e-74
689 0.4411 9.41646e-76
690 0.4429 7.30927e-77
691 0.4447 5.66552e-78
692 0.4465 4.35244e-79
693 0.4483 3.29283e-80
694 0.4501 2.50525e-81
695 0.4519 1.90789e-82
696 0.4537 1.43559e-83
697 0.4555 1.06777e-84
698 0.4573 7.86778e-86
699 0.4591 5.72609e-87
700 0.4609 4.13255e-88
701 0.4627 3.00481e-89
702 0.4645 2.17074e-90
703 0.4663 1.54894e-91
704 0.4681 1.11399e-92
705 0.4699 7.88711e-94
706 0.4717 5.53503e-95
707 0.4735 3.90848e-96
708 0.4753 2.73618e-97
709 0.4771 1.90923e-98
710 0.4789 1.31285e-99
711 0.4807 8.97123e-101
712 0.4825 6.20523e-102
713 0.4843 4.19186e-103
714 0.4861 2.85222e-104
715 0.4879 1.91256e-105
716 0.4897 1.28169e-106
717 0.4915 8.56669e-108
718 0.4933 5.69994e-109
719 0.4951 3.77024e-110
720 0.4969 2.47757e-111
721 0.4987 1.6355e-112
722 0.5005 1.0698e-113
723 0.5023 7.01523e-115
724 0.5041 4.57828e-116
725 0.5059 2.96045e-117
726 0.5077 1.90536e-118
727 0.5095 1.22417e-119
728 0.5113 7.8254e-121
729 0.5131 4.99304e-122
730 0.5149 3.14538e-123
731 0.5167 1.98903e-124
732 0.5185 1.25111e-125
733 0.5203 7.82e-127
734 0.5221 4.90572e-128
735 0.5239 3.05881e-129
736 0.5257 1.89815e-130
737 0.5275 1.16669e-131
738 0.5293 7.13386e-133
739 0.5311 4.36882e-134
740 0.5329 2.69321e-135
741 0.5347 1.64241e-136
742 0.5365 9.93812e-138
743 0.5383 6.01934e-139
744 0.5401 3.66165e-140
745 0.5419 2.21843e-141
746 0.5437 1.3344e-142
747 0.5455 7.99811e-144
748 0.5473 4.77875e-145
749 0.5491 2.85757e-146
750 0.5509 1.70271e-147
751 0.5527 1.00365e-148
752 0.5545 5.92362e-150
753 0.5563 3.49427e-151
754 0.5581 2.03965e-152
755 0.5599 1.19664e-153
756 0.5617 6.982e-155
757 0.5635 4.06202e-156
758 0.5653 2.37174e-157
759 0.5671 1.38055e-158
760 0.5689 7.91165e-160
761 0.5707 4.56314e-161
762 0.5725 2.65317e-162
763 0.5743 1.52656e-163
764 0.5761 8.76343e-165
765 0.5779 4.99952e-166
766 0.5797 2.83771e-167
767 0.5815 1.61339e-168
768 0.5833 9.13472e-170
769 0.5851 5.14488e-171
770 0.5869 2.91101e-172
771 0.5887 1.63436e-173
772 0.5905 9.10386e-175
773 0.5923 5.06911e-176
774 0.5941 2.83105e-177
775 0.5959 1.58254e-178
776 0.5977 8.77361e-180
777 0.5995 4.88741e-181
778 0.6013 2.70014e-182
779 0.6031 1.48737e-183
780 0.6049 8.2365e-185
781 0.6067 4.51623e-186
782 0.6085 2.48324e-187
783 0.6103 1.35339e-188
784 0.6121 7.38554e-190
785 0.6139 4.02802e-191
786 0.6157 2.19463e-192
787 0.6175 1.18585e-193
788 0.6193 6.4153e-195
789 0.6211 3.47312e-196
790 0.6229 1.86854e-197
791 0.6247 1.00586e-198
792 0.6265 5.40784e-200
793 0.6283 2.9133e-201
794 0.6301 1.55585e-202
795 0.6319 8.29022e-204
796 0.6337 4.40255e-205
797 0.6355 2.33798e-206
798 0.6373 1.24007e-207
799 0.6391 6.55253e-209
800 0.6409 3.45529e-210
801 0.6427 1.82396e-211
802 0.6445 9.63158e-213
803 0.6463 5.07676e-214
804 0.6481 2.65511e-215
805 0.6499 1.38282e-216
806 0.6517 7.21775e-218
807 0.6535 3.75724e-219
808 0.6553 1.94546e-220
809 0.6571 1.01222e-221
810 0.6589 5.253e-223
811 0.6607 2.7199e-224
812 0.6625 1.40738e-225
813 0.6643 7.27056e-227
814 0.6661 3.74778e-228
815 0.6679 1.92455e-229
816 0.6697 9.83147e-231
817 0.6715 5.02467e-232
818 0.6733 2.56706e-233
819 0.6751 1.31397e-234
820 0.6769 6.72215e-236
821 0.6787 3.41156e-237
822 0.6805 1.72555e-238
823 0.6823 8.76632e-240
824 0.6841 4.45365e-241
825 0.6859 2.26561e-242
826 0.6877 1.14777e-243
827 0.6895 5.78694e-245
828 0.6913 2.92738e-246
829 0.6931 1.47798e-247
830 0.6949 7.46293e-249
831 0.6967 3.76049e-250
832 0.6985 1.88448e-251
833 0.7003 9.38249e-253
834 0.7021 4.65634e-254
835 0.7039 2.31847e-255
836 0.7057 1.15058e-256
837 0.7075 5.72972e-258
838 0.7093 2.84851e-259
839 0.7111 1.41093e-260
840 0.7129 6.99308e-262
841 0.7147 3.45522e-263
842 0.7165 1.69277e-264
843 0.7183 8.36391e-266
844 0.7201 4.09701e-267
845 0.7219 2.01252e-268
846 0.7237 9.86111e-270
847 0.7255 4.81134e-271
848 0.7273 2.34487e-272
849 0.7291 1.14727e-273
850 0.7309 5.59446e-275
851 0.7327 2.72133e-276
852 0.7345 1.32279e-277
853 0.7363 6.43426e-279
854 0.7381 3.10769e-280
855 0.7399 1.50357e-281
856 0.7417 7.25752e-283
857 0.7435 3.4978e-284
858 0.7453 1.67401e-285
859 0.7471 8.06265e-287
860 0.7489 3.88025e-288
861 0.7507 1.87204e-289
862 0.7525 9.00209e-291
863 0.7543 4.32409e-292
864 0.7561 2.06652e-293
865 0.7579 9.84257e-295
866 0.7597 4.69044e-296
867 0.7615 2.22821e-297
868 0.7633 1.05935e-298
869 0.7651 5.05029e-300
870 0.7669 2.38782e-301
871 0.7687 1.1294e-302
872 0.7705 5.35953e-304
873 0.7723 2.53374e-305
874 0.7741 1.20234e-306
875 0.7759 5.66044e-308
876 0.7777 2.66997e-309
877 0.7795 1.25495e-310
878 0.7813 5.88477e-312
879 0.7831 2.75415e-313
880 0.7849 1.28922e-314
881 0.7867 6.01616e-316
882 0.7885 2.81123e-317
883 0.7903 1.31202e-318
884 0.7921 6.03847e-320
885 0.7939 2.747e-321
886 0.7957 0
887 0.7975 0
888 0.7993 0
889 0.8011 0
890 0.8029 0
891 0.8047 0
892 0.8065 0
893 0.8083 0
894 0.8101 0
895 0.8119 0
896 0.8137 0
897 0.8155 0
898 0.8173 0
899 0.8191 0
900 0.8209 0
901 0.8227 0
902 0.8245 0
903 0.8263 0
904 0.8281 0
905 0.8299 0
906 0.8317 0
907 0.8335 0
908 0.8353 0
909 0.8371 0
910 0.8389 0
911 0.8407 0
912 0.8425 0
913 0.8443 0
914 0.8461 0
915 0.8479 0
916 0.8497 0
917 0.8515 0
918 0.8533 0
919 0.8551 0
920 0.8569 0
921 0.8587 0
922 0.8605 0
923 0.8623 0
924 0.8641 0
925 0.8659 0
926 0.8677 0
927 0.8695 0
928 0.8713 0
929 0.8731 0
930 0.8749 0
931 0.8767 0
932 0.8785 0
933 0.8803 0
934 0.8821 0
935 0.8839 0
936 0.8857 0
937 0.8875 0
938 0.8893 0
939 0.8911 0
940 0.8929 0
941 0.8947 0
942 0.8965 0
943 0.8983 0
944 0.9001 0
945 0.9019 0
946 0.9037 0
947 0.9055 0
948 0.9073 0
949 0.9091 0
950 0.9109 0
951 0.9127 0
952 0.9145 0
953 0.9163 0
954 0.9181 0
955 0.9199 0
956 0.9217 0
957 0.9235 0
958 0.9253 0
959 0.9271 0
960 0.9289 0
961 0.9307 0
962 0.9325 0
963 0.9343 0
964 0.9361 0
965 0.9379 0
966 0.9397 0
967 0.9415 0
968 0.9433 0
969 0.9451 0
970 0.9469 0
971 0.9487 0
972 0.9505 0
973 0.9523 0
974 0.9541 0
975 0.9559 0
976 0.9577 0
977 0.9595 0
978 0.9613 0
979 0.9631 0
980 0.9649 0
981 0.9667 0
982 0.9685 0
983 0.9703 0
984 0.9721 0
985 0.9739 0
986 0.9757 0
987 0.9775 0
988 0.9793 0
989 0.9811 0
990 0.9829 0
991 0.9847 0
992 0.9865 0
993 0.9883 0
994 0.9901 0
995 0.9919 0
996 0.9937 0
997 0.9955 0
998 0.9973 0
999 0.9991 0
