0 -1.3 -inf 1 1 -nan 1296 1.67962e+06 inf
0.01 -1.29 0.995858 1 1 0 1294.95 1.67689e+06 0.11211
0.02 -1.27998 0.984941 1 1 0 1293.85 1.67406e+06 0.111935
0.03 -1.26996 1.00457 1 1 0 1292.74 1.67119e+06 0.113922
0.04 -1.25991 1.00157 1 1 0 1291.7 1.66849e+06 0.110928
0.05 -1.24987 1.00411 1 1 0 1290.62 1.66572e+06 0.111469
0.06 -1.23974 1.01143 1 1 0 1289.52 1.66288e+06 0.112011
0.07 -1.22968 1.01264 1 1 0 1288.44 1.66008e+06 0.112865
0.08 -1.21958 0.995401 1 1 0 1287.31 1.65719e+06 0.112085
0.09 -1.20946 1.00902 1 1 0 1286.28 1.65454e+06 0.113983
0.1 -1.19921 1.02776 1 1 0 1285.18 1.65169e+06 0.111716
0.11 -1.18915 1.02522 1 1 7.89101e-07 1284.06 1.64883e+06 0.10997
0.12 -1.17891 1.02471 1 0.999999 2.16981e-06 1282.97 1.64603e+06 0.112558
0.13 -1.16872 1.02077 0.999999 0.999997 1.00085e-05 1281.84 1.64313e+06 0.114367
0.14 -1.15855 1.00211 0.999997 0.999993 2.35167e-05 1280.73 1.64029e+06 0.113201
0.15 -1.14829 1.02978 0.999988 0.999977 7.75977e-05 1279.65 1.63753e+06 0.113183
0.16 -1.13802 1.03094 0.999976 0.999953 0.000149903 1278.55 1.63471e+06 0.114388
0.17 -1.12774 1.02703 0.999955 0.99991 0.000260768 1277.45 1.63191e+06 0.11297
0.18 -1.11735 1.03694 0.99991 0.999821 0.000494089 1276.24 1.62881e+06 0.113569
0.19 -1.10689 1.04591 0.999848 0.999696 0.000810569 1275.19 1.62613e+06 0.116044
0.2 -1.09631 1.0534 0.999735 0.99947 0.00132137 1273.99 1.62307e+06 0.113135
0.21 -1.0858 1.07221 0.999588 0.999177 0.00197494 1272.86 1.62019e+06 0.11311
0.22 -1.0751 1.07094 0.999376 0.998754 0.00280689 1271.61 1.61702e+06 0.113618
0.23 -1.06412 1.11612 0.999103 0.998208 0.00390562 1270.52 1.61426e+06 0.115467
0.24 -1.053 1.11156 0.998735 0.997473 0.00531287 1269.22 1.61096e+06 0.112129
0.25 -1.04175 1.14527 0.998256 0.996518 0.00705889 1268.05 1.60798e+06 0.114495
0.26 -1.03009 1.18053 0.997627 0.995264 0.00905469 1266.71 1.60459e+06 0.1147
0.27 -1.01834 1.21165 0.996892 0.9938 0.0116725 1265.34 1.60111e+06 0.117015
0.28 -1.00597 1.231 0.995927 0.991877 0.0150191 1263.77 1.59716e+06 0.116971
0.29 -0.993527 1.30159 0.994856 0.989747 0.0181842 1262.31 1.59347e+06 0.117831
0.3 -0.980258 1.31308 0.993496 0.987046 0.0223882 1260.64 1.58926e+06 0.118082
0.31 -0.966558 1.38032 0.991951 0.983982 0.0266275 1258.92 1.58492e+06 0.120812
0.32 -0.952976 1.40597 0.990263 0.980638 0.0314573 1257.23 1.58068e+06 0.12092
0.33 -0.938521 1.47349 0.988214 0.976588 0.0377088 1255.39 1.57606e+06 0.123562
0.34 -0.923542 1.54014 0.985846 0.971919 0.0446176 1253.38 1.57101e+06 0.128388
0.35 -0.907504 1.56887 0.983197 0.966707 0.0502277 1251.19 1.56553e+06 0.127052
0.36 -0.891344 1.64771 0.980263 0.960952 0.0593179 1248.86 1.55972e+06 0.131816
0.37 -0.87435 1.71092 0.976949 0.954472 0.0665568 1246.4 1.55358e+06 0.132547
0.38 -0.856763 1.79558 0.973341 0.947443 0.0760414 1244.06 1.54775e+06 0.136738
0.39 -0.838065 1.88368 0.969167 0.939346 0.089516 1241.05 1.54028e+06 0.139701
0.4 -0.81849 2.01625 0.964555 0.930436 0.101285 1238.01 1.53274e+06 0.145831
0.41 -0.797986 2.11568 0.95948 0.920686 0.117668 1234.78 1.52477e+06 0.153329
0.42 -0.776835 2.16313 0.953987 0.910185 0.129034 1231.25 1.51606e+06 0.158212
0.43 -0.754972 2.31459 0.948033 0.898877 0.14765 1227.6 1.50708e+06 0.166663
0.44 -0.730793 2.42891 0.941014 0.885637 0.169183 1223.22 1.49636e+06 0.177302
0.45 -0.704707 2.55957 0.933086 0.870801 0.192797 1218.16 1.48402e+06 0.188702
0.46 -0.678751 2.80159 0.924889 0.855599 0.224234 1213.25 1.47208e+06 0.20841
0.47 -0.649648 3.00721 0.915278 0.837947 0.261157 1207.35 1.45783e+06 0.233083
0.48 -0.615304 3.29526 0.903046 0.815755 0.316656 1199.53 1.43904e+06 0.264626
0.49 -0.580814 3.74476 0.890064 0.792542 0.385873 1191.16 1.41904e+06 0.321355
0.5 -0.539992 4.30307 0.873962 0.764237 0.493075 1180.73 1.39435e+06 0.400907
0.51 -0.493677 5.58567 0.85416 0.730225 0.717565 1167.71 1.36389e+06 0.577567
0.52 0.0111434 262.371 0.384544 0.266869 131.81 751.843 661104 245.133
0.53 0.28697 0.527379 0.113945 0.0133748 0.425243 508.19 258803 2.02549
0.54 0.291989 0.506852 0.11209 0.0129588 0.420962 505.589 256171 2.01904
0.55 0.296213 0.488446 0.11119 0.0127497 0.404797 504.415 254988 1.9976
0.56 0.30198 0.457972 0.107018 0.0118127 0.37002 499.363 249885 1.86512
0.57 0.305808 0.439247 0.106027 0.0115897 0.351594 498.074 248591 1.80835
0.58 0.310208 0.41585 0.103786 0.0111046 0.330645 494.847 245378 1.75714
0.59 0.314126 0.409017 0.102809 0.0109103 0.332561 493.499 244058 1.77664
0.6 0.318197 0.391786 0.101317 0.0105878 0.309765 491.87 242430 1.67186
0.61 0.321994 0.38762 0.101194 0.0105609 0.302819 491.036 241607 1.63782
0.62 0.325441 0.372221 0.100226 0.0103733 0.304696 489.886 240493 1.65929
0.63 0.329609 0.366707 0.0991082 0.0101335 0.284388 488.123 238749 1.57545
0.64 0.332993 0.356463 0.0987396 0.0100535 0.273585 487.347 237983 1.52568
0.65 0.336567 0.354822 0.0984936 0.0100136 0.276993 486.535 237224 1.60617
0.66 0.339825 0.341268 0.098084 0.00992102 0.262295 486.274 236954 1.53196
0.67 0.343527 0.338869 0.097724 0.00985444 0.261737 484.7 235422 1.49965
0.68 0.346896 0.324258 0.0966651 0.00963894 0.249712 483.594 234352 1.48631
0.69 0.350035 0.328535 0.0973597 0.00978059 0.251836 484.064 234813 1.48351
0.7 0.352809 0.325372 0.0972024 0.00973153 0.233046 483.538 234273 1.37103
0.71 0.356176 0.315174 0.0973342 0.00977483 0.244099 483.43 234199 1.44186
0.72 0.359681 0.315061 0.0968032 0.00965676 0.228718 482.187 232984 1.38186
0.73 0.362391 0.313356 0.097379 0.00977968 0.234353 482.74 233532 1.40326
0.74 0.365936 0.302064 0.0972365 0.00973265 0.216159 482.023 232813 1.3088
0.75 0.368917 0.318171 0.0974424 0.00979003 0.226569 482.195 233012 1.38314
0.76 0.37235 0.312684 0.0975308 0.0098106 0.226111 481.773 232609 1.37491
0.77 0.374791 0.308784 0.0989128 0.0100839 0.224533 483.521 234298 1.35638
0.78 0.378063 0.307562 0.0985366 0.0100043 0.217711 482.516 233312 1.3016
0.79 0.380879 0.304271 0.0986808 0.0100302 0.213096 482.227 233043 1.31262
0.8 0.383917 0.302762 0.0992825 0.010141 0.204477 482.864 233643 1.25687
0.81 0.387459 0.304225 0.0996391 0.0102186 0.206669 482.838 233621 1.24972
0.82 0.390149 0.303191 0.100477 0.0103953 0.210518 483.614 234393 1.28799
0.83 0.393422 0.307021 0.100156 0.0103241 0.203287 482.776 233572 1.2467
0.84 0.396685 0.304155 0.101444 0.0105953 0.208679 483.801 234585 1.28255
0.85 0.399962 0.306882 0.10174 0.0106418 0.197027 483.873 234630 1.21017
0.86 0.402776 0.298578 0.102304 0.0107669 0.201428 484.239 235003 1.23666
0.87 0.405284 0.303774 0.103806 0.011077 0.199457 486.171 236879 1.22335
0.88 0.408161 0.300366 0.104038 0.0111303 0.200547 485.985 236703 1.22107
0.89 0.411416 0.304251 0.10443 0.0112098 0.196908 486.106 236826 1.21699
0.9 0.41465 0.301858 0.104604 0.011244 0.19331 485.633 236365 1.2009
0.91 0.417313 0.300549 0.106296 0.0116055 0.194174 487.751 238419 1.16616
0.92 0.420173 0.301236 0.10672 0.0116926 0.189969 487.969 238634 1.15832
0.93 0.42343 0.303374 0.107111 0.0117849 0.193263 487.712 238399 1.18155
0.94 0.426736 0.306399 0.108309 0.0120484 0.194646 488.991 239663 1.19846
0.95 0.429913 0.30362 0.10869 0.012133 0.193648 489.026 239696 1.18229
0.96 0.433086 0.30868 0.109823 0.0123802 0.191524 490.15 240800 1.17508
0.97 0.435455 0.303761 0.109773 0.0123655 0.187254 489.894 240536 1.13651
0.98 0.438527 0.309552 0.111048 0.012657 0.191241 491.295 241917 1.13438
0.99 0.442354 0.313887 0.112543 0.0129892 0.188091 492.832 243432 1.12465
