0.8 0.384322 0.30532 0.099345 0.0101636 0.211801 482.727 233520 1.28103
0.799 0.384017 0.305394 0.0992995 0.0101545 0.211993 482.705 233498 1.28197
0.798 0.383712 0.30547 0.0992544 0.0101454 0.212186 482.683 233477 1.28292
0.797 0.383406 0.305547 0.0992097 0.0101364 0.212381 482.661 233456 1.28388
0.796 0.383101 0.305627 0.0991653 0.0101275 0.212577 482.64 233435 1.28484
0.795 0.382795 0.305708 0.0991213 0.0101187 0.212775 482.62 233415 1.2858
0.794 0.38249 0.305792 0.0990777 0.01011 0.212975 482.599 233395 1.28678
0.793 0.382184 0.305877 0.0990344 0.0101013 0.213176 482.58 233376 1.28776
0.792 0.381878 0.305964 0.0989915 0.0100927 0.21338 482.56 233357 1.28874
0.791 0.381572 0.306053 0.098949 0.0100842 0.213584 482.542 233339 1.28973
0.79 0.381266 0.306145 0.0989069 0.0100758 0.213791 482.523 233321 1.29073
0.789 0.38096 0.306238 0.0988651 0.0100674 0.214 482.505 233303 1.29174
0.788 0.380654 0.306333 0.0988237 0.0100592 0.21421 482.488 233286 1.29275
0.787 0.380348 0.306431 0.0987827 0.010051 0.214422 482.471 233270 1.29377
0.786 0.380042 0.30653 0.098742 0.0100429 0.214635 482.455 233254 1.29479
0.785 0.379735 0.306632 0.0987018 0.0100349 0.214851 482.439 233238 1.29583
0.784 0.379429 0.306736 0.0986619 0.0100269 0.215069 482.423 233223 1.29687
0.783 0.379122 0.306841 0.0986225 0.010019 0.215288 482.408 233208 1.29792
0.782 0.378815 0.30695 0.0985834 0.0100113 0.215509 482.394 233194 1.29897
0.781 0.378508 0.30706 0.0985447 0.0100036 0.215732 482.38 233180 1.30004
0.78 0.378201 0.307172 0.0985064 0.00999596 0.215957 482.366 233167 1.30111
0.779 0.377894 0.307287 0.0984685 0.00998843 0.216184 482.354 233154 1.30219
0.778 0.377587 0.307404 0.0984311 0.00998098 0.216413 482.341 233142 1.30328
0.777 0.37728 0.307524 0.098394 0.00997362 0.216644 482.329 233130 1.30437
0.776 0.376972 0.307645 0.0983573 0.00996634 0.216877 482.318 233119 1.30548
0.775 0.376665 0.307769 0.098321 0.00995915 0.217112 482.307 233108 1.30659
0.774 0.376357 0.307896 0.0982852 0.00995204 0.217349 482.296 233098 1.30771
0.773 0.376049 0.308024 0.0982497 0.00994502 0.217588 482.287 233088 1.30884
0.772 0.375741 0.308156 0.0982147 0.00993808 0.217829 482.277 233079 1.30998
0.771 0.375433 0.308289 0.0981801 0.00993123 0.218072 482.268 233070 1.31112
0.77 0.375125 0.308425 0.0981459 0.00992447 0.218317 482.26 233062 1.31228
0.769 0.374816 0.308563 0.0981122 0.00991779 0.218564 482.252 233054 1.31345
0.768 0.374508 0.308704 0.0980788 0.00991121 0.218813 482.245 233047 1.31462
0.767 0.374199 0.308847 0.0980459 0.00990471 0.219064 482.239 233041 1.3158
0.766 0.37389 0.308993 0.0980134 0.00989829 0.219318 482.232 233035 1.317
0.765 0.373581 0.309141 0.0979814 0.00989197 0.219573 482.227 233029 1.3182
0.764 0.373272 0.309292 0.0979498 0.00988574 0.219831 482.222 233024 1.31941
0.763 0.372963 0.309445 0.0979186 0.00987959 0.220091 482.217 233020 1.32063
0.762 0.372654 0.309601 0.0978879 0.00987354 0.220353 482.214 233016 1.32186
0.761 0.372344 0.309759 0.0978576 0.00986758 0.220617 482.21 233012 1.3231
0.76 0.372034 0.30992 0.0978277 0.00986171 0.220883 482.208 233010 1.32435
0.759 0.371724 0.310084 0.0977983 0.00985593 0.221152 482.205 233007 1.32561
0.758 0.371414 0.31025 0.0977694 0.00985024 0.221422 482.204 233006 1.32688
0.757 0.371104 0.310418 0.0977409 0.00984464 0.221695 482.203 233004 1.32816
0.756 0.370794 0.310589 0.0977129 0.00983914 0.22197 482.202 233004 1.32945
0.755 0.370483 0.310763 0.0976853 0.00983373 0.222247 482.203 233004 1.33075
0.754 0.370172 0.310939 0.0976582 0.00982841 0.222527 482.203 233004 1.33206
0.753 0.369861 0.311118 0.0976315 0.00982319 0.222808 482.205 233006 1.33338
0.752 0.36955 0.3113 0.0976054 0.00981807 0.223092 482.207 233007 1.33471
0.751 0.369239 0.311484 0.0975797 0.00981303 0.223378 482.209 233010 1.33605
0.75 0.368927 0.311671 0.0975544 0.0098081 0.223667 482.213 233013 1.3374
0.749 0.368616 0.31186 0.0975297 0.00980326 0.223957 482.216 233016 1.33876
0.748 0.368304 0.312052 0.0975054 0.00979852 0.22425 482.221 233020 1.34014
0.747 0.367992 0.312247 0.0974816 0.00979387 0.224545 482.226 233025 1.34152
0.746 0.367679 0.312444 0.0974583 0.00978933 0.224843 482.231 233030 1.34291
0.745 0.367367 0.312644 0.0974355 0.00978488 0.225143 482.238 233036 1.34431
0.744 0.367054 0.312846 0.0974132 0.00978053 0.225445 482.245 233043 1.34572
0.743 0.366741 0.313051 0.0973914 0.00977628 0.225749 482.252 233050 1.34714
0.742 0.366428 0.313259 0.09737 0.00977213 0.226056 482.26 233058 1.34857
0.741 0.366115 0.313469 0.0973492 0.00976808 0.226365 482.269 233066 1.35002
0.74 0.365801 0.313682 0.0973289 0.00976413 0.226676 482.279 233075 1.35147
0.739 0.365488 0.313897 0.0973091 0.00976028 0.22699 482.289 233085 1.35293
0.738 0.365174 0.314115 0.0972898 0.00975654 0.227306 482.3 233095 1.35441
0.737 0.36486 0.314336 0.097271 0.0097529 0.227624 482.311 233106 1.35589
0.736 0.364545 0.314559 0.0972528 0.00974936 0.227945 482.323 233117 1.35738
0.735 0.364231 0.314785 0.097235 0.00974593 0.228268 482.336 233130 1.35889
0.734 0.363916 0.315013 0.0972178 0.0097426 0.228594 482.349 233142 1.3604
0.733 0.363601 0.315244 0.0972011 0.00973938 0.228922 482.363 233156 1.36192
0.732 0.363285 0.315477 0.097185 0.00973626 0.229252 482.378 233170 1.36346
0.731 0.36297 0.315713 0.0971694 0.00973326 0.229585 482.394 233185 1.365
0.73 0.362654 0.315951 0.0971543 0.00973035 0.22992 482.41 233200 1.36655
0.729 0.362338 0.316192 0.0971398 0.00972756 0.230258 482.426 233216 1.36812
0.728 0.362022 0.316436 0.0971258 0.00972488 0.230598 482.444 233233 1.36969
0.727 0.361705 0.316682 0.0971124 0.0097223 0.230941 482.462 233251 1.37128
0.726 0.361388 0.31693 0.0970995 0.00971984 0.231286 482.481 233269 1.37287
0.725 0.361071 0.317181 0.0970872 0.00971748 0.231634 482.501 233288 1.37447
0.724 0.360754 0.317435 0.0970755 0.00971524 0.231984 482.521 233307 1.37608
0.723 0.360436 0.317691 0.0970643 0.00971311 0.232337 482.542 233327 1.37771
0.722 0.360118 0.317949 0.0970537 0.00971109 0.232693 482.564 233348 1.37934
0.721 0.3598 0.31821 0.0970437 0.00970919 0.233051 482.586 233370 1.38098
0.72 0.359482 0.318474 0.0970342 0.0097074 0.233412 482.609 233392 1.38263
0.719 0.359163 0.31874 0.0970253 0.00970573 0.233775 482.633 233415 1.38429
0.718 0.358845 0.319008 0.097017 0.00970417 0.234141 482.658 233439 1.38596
0.717 0.358525 0.319279 0.0970093 0.00970273 0.23451 482.683 233463 1.38764
0.716 0.358206 0.319552 0.0970022 0.00970141 0.234881 482.709 233488 1.38933
0.715 0.357886 0.319828 0.0969957 0.0097002 0.235255 482.736 233514 1.39102
0.714 0.357566 0.320106 0.0969898 0.00969911 0.235632 482.764 233541 1.39273
0.713 0.357246 0.320387 0.0969845 0.00969815 0.236012 482.792 233568 1.39445
0.712 0.356925 0.32067 0.0969799 0.0096973 0.236394 482.821 233596 1.39617
0.711 0.356605 0.320956 0.0969758 0.00969658 0.23678 482.851 233625 1.3979
0.71 0.356283 0.321244 0.0969723 0.00969598 0.237168 482.881 233654 1.39965
0.709 0.355962 0.321535 0.0969695 0.0096955 0.237559 482.913 233684 1.4014
0.708 0.35564 0.321828 0.0969673 0.00969515 0.237953 482.945 233715 1.40316
0.707 0.355318 0.322124 0.0969658 0.00969492 0.23835 482.978 233747 1.40493
0.706 0.354996 0.322422 0.0969648 0.00969481 0.238751 483.011 233779 1.4067
0.705 0.354673 0.322723 0.0969645 0.00969483 0.239154 483.046 233813 1.40849
0.704 0.35435 0.323026 0.0969649 0.00969498 0.23956 483.081 233847 1.41029
0.703 0.354027 0.323332 0.0969659 0.00969526 0.239969 483.117 233881 1.41209
0.702 0.353704 0.323641 0.0969675 0.00969567 0.240382 483.153 233917 1.4139
0.701 0.35338 0.323952 0.0969698 0.0096962 0.240798 483.191 233953 1.41572
0.7 0.353056 0.324267 0.0969728 0.00969687 0.241217 483.229 233990 1.41755
0.699 0.352731 0.324583 0.0969764 0.00969767 0.241639 483.268 234028 1.41939
0.698 0.352406 0.324903 0.0969808 0.0096986 0.242064 483.308 234066 1.42124
0.697 0.352081 0.325225 0.0969857 0.00969967 0.242493 483.349 234106 1.4231
0.696 0.351756 0.325551 0.0969914 0.00970087 0.242926 483.391 234146 1.42496
0.695 0.35143 0.325879 0.0969977 0.0097022 0.243362 483.433 234187 1.42683
0.694 0.351104 0.32621 0.0970048 0.00970367 0.243801 483.476 234228 1.42871
0.693 0.350778 0.326544 0.0970125 0.00970528 0.244244 483.52 234271 1.4306
0.692 0.350451 0.326881 0.0970209 0.00970702 0.24469 483.565 234314 1.4325
0.691 0.350124 0.327221 0.09703 0.00970891 0.245141 483.61 234358 1.43441
0.69 0.349796 0.327564 0.0970398 0.00971093 0.245595 483.657 234403 1.43633
0.689 0.349468 0.327911 0.0970504 0.0097131 0.246052 483.704 234449 1.43825
0.688 0.34914 0.328261 0.0970616 0.0097154 0.246514 483.752 234496 1.44019
0.687 0.348812 0.328614 0.0970736 0.00971785 0.246979 483.801 234543 1.44213
0.686 0.348483 0.32897 0.0970863 0.00972045 0.247449 483.851 234591 1.44408
0.685 0.348154 0.32933 0.0970997 0.00972319 0.247922 483.902 234640 1.44604
0.684 0.347824 0.329694 0.0971138 0.00972607 0.248399 483.953 234690 1.44801
0.683 0.347494 0.330061 0.0971287 0.0097291 0.248881 484.005 234741 1.44999
0.682 0.347164 0.330432 0.0971443 0.00973228 0.249367 484.059 234792 1.45198
0.681 0.346833 0.330807 0.0971607 0.00973561 0.249857 484.113 234844 1.45398
0.68 0.346502 0.331186 0.0971778 0.00973909 0.250351 484.167 234897 1.45599
0.679 0.346171 0.331568 0.0971957 0.00974271 0.25085 484.223 234952 1.45801
0.678 0.345839 0.331955 0.0972144 0.0097465 0.251353 484.28 235006 1.46004
0.677 0.345506 0.332346 0.0972338 0.00975043 0.251861 484.337 235062 1.46208
0.676 0.345174 0.332742 0.0972539 0.00975452 0.252373 484.396 235119 1.46413
0.675 0.344841 0.333141 0.0972749 0.00975876 0.25289 484.455 235176 1.46618
0.674 0.344507 0.333545 0.0972966 0.00976316 0.253412 484.515 235234 1.46826
0.673 0.344174 0.333954 0.0973192 0.00976772 0.253938 484.576 235294 1.47034
0.672 0.343839 0.334368 0.0973425 0.00977244 0.25447 484.638 235354 1.47243
0.671 0.343505 0.334786 0.0973666 0.00977732 0.255006 484.701 235415 1.47453
0.67 0.34317 0.335209 0.0973915 0.00978235 0.255547 484.765 235477 1.47665
0.669 0.342834 0.335638 0.0974172 0.00978756 0.256094 484.829 235539 1.47878
0.668 0.342498 0.336071 0.0974437 0.00979292 0.256646 484.895 235603 1.48092
0.667 0.342162 0.33651 0.0974711 0.00979845 0.257203 484.962 235667 1.48307
0.666 0.341825 0.336954 0.0974993 0.00980415 0.257765 485.029 235733 1.48523
0.665 0.341488 0.337404 0.0975283 0.00981001 0.258333 485.097 235799 1.48741
0.664 0.34115 0.33786 0.0975581 0.00981605 0.258906 485.167 235867 1.4896
0.663 0.340812 0.338321 0.0975888 0.00982225 0.259485 485.237 235935 1.49181
0.662 0.340473 0.338789 0.0976203 0.00982863 0.26007 485.308 236004 1.49403
0.661 0.340134 0.339263 0.0976527 0.00983518 0.260661 485.38 236074 1.49627
0.66 0.339794 0.339742 0.097686 0.00984191 0.261257 485.453 236145 1.49852
0.659 0.339454 0.340229 0.0977201 0.00984881 0.261859 485.527 236217 1.50078
0.658 0.339114 0.340722 0.0977551 0.00985589 0.262468 485.602 236290 1.50306
0.657 0.338772 0.341221 0.097791 0.00986315 0.263083 485.678 236364 1.50536
0.656 0.338431 0.341728 0.0978277 0.0098706 0.263704 485.755 236439 1.50767
0.655 0.338089 0.342241 0.0978654 0.00987822 0.264331 485.833 236514 1.51001
0.654 0.337746 0.342762 0.097904 0.00988603 0.264965 485.912 236591 1.51236
0.653 0.337403 0.34329 0.0979434 0.00989403 0.265605 485.992 236669 1.51472
0.652 0.337059 0.343825 0.0979838 0.00990221 0.266252 486.073 236748 1.51711
0.651 0.336715 0.344368 0.0980252 0.00991059 0.266906 486.155 236828 1.51951
0.65 0.33637 0.344919 0.0980674 0.00991916 0.267566 486.238 236909 1.52194
0.649 0.336025 0.345478 0.0981106 0.00992792 0.268234 486.322 236991 1.52439
0.648 0.335679 0.346046 0.0981548 0.00993688 0.268909 486.407 237073 1.52685
0.647 0.335333 0.346621 0.0981999 0.00994604 0.269591 486.494 237157 1.52934
0.646 0.334986 0.347205 0.098246 0.00995539 0.27028 486.581 237242 1.53185
0.645 0.334638 0.347798 0.098293 0.00996495 0.270977 486.669 237329 1.53439
0.644 0.33429 0.348399 0.0983411 0.00997472 0.271681 486.759 237416 1.53694
0.643 0.333941 0.34901 0.0983901 0.00998469 0.272393 486.849 237504 1.53952
0.642 0.333592 0.34963 0.0984402 0.00999487 0.273113 486.941 237593 1.54213
0.641 0.333242 0.350259 0.0984912 0.0100053 0.273841 487.034 237684 1.54476
0.64 0.332891 0.350898 0.0985433 0.0100159 0.274577 487.127 237776 1.54742
0.639 0.33254 0.351547 0.0985965 0.0100267 0.27532 487.222 237868 1.5501
0.638 0.332188 0.352206 0.0986507 0.0100377 0.276073 487.319 237962 1.55281
0.637 0.331835 0.352875 0.0987059 0.010049 0.276833 487.416 238057 1.55555
0.636 0.331482 0.353554 0.0987622 0.0100605 0.277603 487.514 238154 1.55832
0.635 0.331128 0.354244 0.0988197 0.0100722 0.278381 487.614 238251 1.56112
0.634 0.330773 0.354945 0.0988782 0.0100842 0.279167 487.715 238350 1.56395
0.633 0.330417 0.355657 0.0989378 0.0100964 0.279963 487.817 238450 1.56681
0.632 0.330061 0.35638 0.0989985 0.0101088 0.280768 487.921 238551 1.5697
0.631 0.329704 0.357114 0.0990604 0.0101214 0.281582 488.025 238653 1.57262
0.63 0.329347 0.357861 0.0991235 0.0101343 0.282406 488.131 238757 1.57558
0.629 0.328988 0.358619 0.0991876 0.0101475 0.283239 488.238 238862 1.57857
0.628 0.328629 0.359389 0.099253 0.0101609 0.284082 488.347 238968 1.5816
0.627 0.328269 0.360172 0.0993196 0.0101745 0.284935 488.457 239075 1.58466
0.626 0.327909 0.360968 0.0993874 0.0101885 0.285797 488.568 239184 1.58776
0.625 0.327547 0.361776 0.0994564 0.0102026 0.28667 488.68 239294 1.5909
0.624 0.327185 0.362598 0.0995266 0.0102171 0.287554 488.794 239406 1.59408
0.623 0.326822 0.363433 0.0995981 0.0102318 0.288448 488.91 239519 1.59729
0.622 0.326458 0.364282 0.0996708 0.0102467 0.289352 489.026 239634 1.60055
0.621 0.326093 0.365144 0.0997449 0.010262 0.290268 489.144 239749 1.60384
0.62 0.325727 0.366021 0.0998202 0.0102775 0.291194 489.264 239867 1.60718
0.619 0.325361 0.366913 0.0998969 0.0102933 0.292132 489.385 239985 1.61056
0.618 0.324993 0.367819 0.0999749 0.0103094 0.293081 489.507 240106 1.61398
0.617 0.324625 0.36874 0.100054 0.0103258 0.294041 489.631 240228 1.61745
0.616 0.324255 0.369677 0.100135 0.0103425 0.295014 489.757 240351 1.62096
0.615 0.323885 0.370629 0.100217 0.0103595 0.295998 489.884 240476 1.62452
0.614 0.323514 0.371598 0.100301 0.0103768 0.296995 490.013 240602 1.62813
0.613 0.323142 0.372582 0.100386 0.0103944 0.298004 490.143 240731 1.63178
0.612 0.322768 0.373583 0.100472 0.0104124 0.299025 490.275 240860 1.63548
0.611 0.322394 0.374602 0.10056 0.0104306 0.30006 490.409 240992 1.63923
0.61 0.322019 0.375637 0.100649 0.0104492 0.301107 490.544 241125 1.64303
0.609 0.321643 0.37669 0.10074 0.0104681 0.302168 490.681 241260 1.64688
0.608 0.321265 0.377761 0.100833 0.0104873 0.303242 490.819 241396 1.65079
0.607 0.320887 0.37885 0.100927 0.0105069 0.304329 490.96 241535 1.65474
0.606 0.320507 0.379958 0.101022 0.0105269 0.305431 491.102 241675 1.65875
0.605 0.320127 0.381085 0.10112 0.0105471 0.306546 491.246 241817 1.66281
0.604 0.319745 0.382231 0.101218 0.0105678 0.307676 491.392 241961 1.66693
0.603 0.319362 0.383397 0.101319 0.0105888 0.308821 491.539 242106 1.6711
0.602 0.318978 0.384582 0.101421 0.0106102 0.30998 491.689 242254 1.67533
0.601 0.318593 0.385789 0.101525 0.0106319 0.311154 491.84 242403 1.67961
0.6 0.318206 0.387015 0.10163 0.0106541 0.312344 491.994 242555 1.68395
0.599 0.317818 0.388263 0.101738 0.0106766 0.31355 492.149 242709 1.68835
0.598 0.317429 0.389533 0.101847 0.0106995 0.314771 492.307 242864 1.69281
0.597 0.317039 0.390824 0.101957 0.0107228 0.316008 492.466 243022 1.69733
0.596 0.316648 0.392138 0.10207 0.0107466 0.317262 492.627 243181 1.70191
0.595 0.316255 0.393474 0.102185 0.0107707 0.318532 492.791 243343 1.70655
0.594 0.31586 0.394833 0.102301 0.0107953 0.31982 492.957 243507 1.71125
0.593 0.315465 0.396215 0.102419 0.0108203 0.321125 493.124 243673 1.71601
0.592 0.315068 0.397621 0.102539 0.0108457 0.322447 493.294 243842 1.72083
0.591 0.314669 0.399051 0.102662 0.0108716 0.323787 493.467 244013 1.72572
0.59 0.314269 0.400505 0.102786 0.010898 0.325145 493.641 244186 1.73066
0.589 0.313868 0.401984 0.102912 0.0109248 0.326522 493.818 244361 1.73568
0.588 0.313465 0.403488 0.10304 0.010952 0.327918 493.997 244538 1.74075
0.587 0.313061 0.405018 0.10317 0.0109798 0.329332 494.178 244719 1.74589
0.586 0.312655 0.406573 0.103303 0.011008 0.330767 494.362 244901 1.7511
0.585 0.312247 0.408154 0.103437 0.0110367 0.332221 494.548 245086 1.75637
0.584 0.311838 0.409762 0.103574 0.0110659 0.333695 494.737 245273 1.76171
0.583 0.311428 0.411396 0.103713 0.0110956 0.33519 494.928 245463 1.76711
0.582 0.311015 0.413058 0.103854 0.0111258 0.336705 495.121 245656 1.77258
0.581 0.310601 0.414746 0.103997 0.0111566 0.338242 495.318 245851 1.77811
0.58 0.310186 0.416463 0.104143 0.0111879 0.3398 495.516 246049 1.78372
0.579 0.309768 0.418207 0.104291 0.0112197 0.34138 495.718 246250 1.78939
0.578 0.309349 0.419979 0.104441 0.0112521 0.342983 495.922 246453 1.79512
0.577 0.308928 0.42178 0.104594 0.011285 0.344608 496.128 246659 1.80092
0.576 0.308505 0.423609 0.104749 0.0113186 0.346257 496.338 246868 1.8068
0.575 0.308081 0.425467 0.104906 0.0113526 0.347929 496.55 247079 1.81273
0.574 0.307654 0.427354 0.105066 0.0113873 0.349625 496.765 247294 1.81874
0.573 0.307226 0.429271 0.105229 0.0114226 0.351346 496.983 247511 1.82481
0.572 0.306796 0.431217 0.105394 0.0114585 0.353091 497.203 247732 1.83096
0.571 0.306363 0.433193 0.105562 0.011495 0.354861 497.427 247955 1.83717
0.57 0.305929 0.435199 0.105732 0.0115322 0.356657 497.653 248182 1.84344
0.569 0.305493 0.437235 0.105905 0.01157 0.35848 497.883 248411 1.84979
0.568 0.305054 0.439301 0.106081 0.0116084 0.360328 498.115 248644 1.85621
0.567 0.304614 0.441398 0.106259 0.0116475 0.362204 498.351 248880 1.86269
0.566 0.304171 0.443525 0.10644 0.0116873 0.364108 498.59 249119 1.86924
0.565 0.303727 0.445683 0.106624 0.0117278 0.366039 498.831 249362 1.87586
0.564 0.30328 0.447872 0.106811 0.011769 0.367999 499.076 249607 1.88255
0.563 0.302831 0.450093 0.107001 0.0118109 0.369989 499.325 249856 1.88931
0.562 0.30238 0.452344 0.107194 0.0118535 0.372007 499.576 250109 1.89614
0.561 0.301926 0.454627 0.10739 0.0118968 0.374056 499.831 250364 1.90304
0.56 0.30147 0.456942 0.107588 0.0119409 0.376136 500.089 250624 1.91
0.559 0.301012 0.459288 0.10779 0.0119858 0.378246 500.35 250887 1.91704
0.558 0.300552 0.461666 0.107995 0.0120314 0.380389 500.615 251153 1.92415
0.557 0.300089 0.464077 0.108203 0.0120779 0.382563 500.884 251423 1.93133
0.556 0.299623 0.46652 0.108414 0.0121251 0.384771 501.155 251697 1.93857
0.555 0.299155 0.468995 0.108629 0.0121732 0.387013 501.431 251974 1.9459
0.554 0.298685 0.471504 0.108847 0.012222 0.389288 501.71 252255 1.95329
0.553 0.298212 0.474045 0.109068 0.0122718 0.391599 501.992 252540 1.96076
0.552 0.297737 0.476621 0.109293 0.0123224 0.393945 502.278 252829 1.9683
0.551 0.297259 0.47923 0.10952 0.0123739 0.396328 502.568 253122 1.97591
0.55 0.296778 0.481873 0.109752 0.0124262 0.398748 502.862 253419 1.9836
0.549 0.296295 0.484551 0.109987 0.0124795 0.401205 503.159 253720 1.99137
0.548 0.295809 0.487264 0.110226 0.0125337 0.403702 503.461 254024 1.99922
0.547 0.295321 0.490013 0.110468 0.0125889 0.406237 503.766 254333 2.00715
0.546 0.294829 0.492799 0.110714 0.012645 0.408814 504.075 254646 2.01516
0.545 0.294335 0.495621 0.110963 0.0127021 0.411431 504.388 254964 2.02326
0.544 0.293838 0.498481 0.111217 0.0127602 0.414091 504.706 255285 2.03144
0.543 0.293338 0.501379 0.111474 0.0128194 0.416794 505.027 255611 2.03971
0.542 0.292835 0.504317 0.111735 0.0128795 0.419541 505.352 255942 2.04808
0.541 0.292329 0.507295 0.112 0.0129408 0.422334 505.682 256277 2.05653
0.54 0.291821 0.510315 0.11227 0.0130031 0.425173 506.016 256616 2.06509
0.539 0.291309 0.513377 0.112543 0.0130665 0.42806 506.354 256960 2.07375
0.538 0.290794 0.516483 0.11282 0.013131 0.430997 506.697 257309 2.08251
0.537 0.290276 0.519633 0.113102 0.0131967 0.433983 507.044 257663 2.09138
0.536 0.289755 0.522831 0.113388 0.0132635 0.437022 507.395 258021 2.10037
0.535 0.28923 0.526076 0.113678 0.0133315 0.440114 507.751 258384 2.10948
0.534 0.288703 0.529371 0.113973 0.0134008 0.443262 508.112 258752 2.11871
0.533 0.288172 0.532717 0.114272 0.0134713 0.446466 508.477 259126 2.12807
0.532 0.287637 0.536118 0.114576 0.0135431 0.449728 508.847 259504 2.13757
0.531 0.287099 0.539573 0.114885 0.0136162 0.453051 509.222 259888 2.14721
0.53 0.286558 0.543086 0.115198 0.0136906 0.456437 509.602 260277 2.157
0.529 0.286013 0.54666 0.115516 0.0137664 0.459887 509.987 260671 2.16695
0.528 0.285465 0.550296 0.115839 0.0138435 0.463405 510.377 261071 2.17707
0.527 0.284913 0.553997 0.116167 0.0139221 0.466992 510.772 261477 2.18737
0.526 0.284357 0.557767 0.116501 0.0140022 0.47065 511.172 261888 2.19784
0.525 0.283797 0.561607 0.116839 0.0140837 0.474384 511.578 262305 2.20852
0.524 0.283234 0.565522 0.117183 0.0141668 0.478195 511.989 262729 2.21939
0.523 0.282667 0.569515 0.117532 0.0142515 0.482087 512.406 263158 2.23049
0.522 0.282095 0.573589 0.117887 0.0143377 0.486062 512.829 263593 2.24181
0.521 0.28152 0.577749 0.118247 0.0144257 0.490125 513.257 264035 2.25337
0.52 0.28094 0.581997 0.118613 0.0145153 0.494279 513.691 264483 2.26519
0.519 0.280356 0.586339 0.118985 0.0146067 0.498528 514.131 264938 2.27727
0.518 0.279767 0.590778 0.119363 0.0146998 0.502875 514.578 265400 2.28964
0.517 0.279174 0.59532 0.119748 0.0147949 0.507326 515.03 265869 2.3023
0.516 0.278577 0.599969 0.120138 0.0148918 0.511884 515.489 266345 2.31528
0.515 0.277975 0.604731 0.120536 0.0149907 0.516555 515.955 266828 2.32859
0.514 0.277368 0.609611 0.12094 0.0150916 0.521344 516.428 267319 2.34224
0.513 0.276756 0.614614 0.12135 0.0151946 0.526255 516.907 267818 2.35626
0.512 0.276139 0.619748 0.121768 0.0152997 0.531296 517.394 268325 2.37067
0.511 0.275517 0.625018 0.122193 0.0154071 0.536471 517.888 268839 2.38549
0.51 0.274889 0.63043 0.122625 0.0155167 0.541787 518.39 269363 2.40073
0.509 0.274256 0.635993 0.123065 0.0156287 0.547252 518.899 269894 2.41642
0.508 0.273617 0.641715 0.123513 0.0157432 0.552872 519.416 270435 2.43259
0.507 0.272973 0.647606 0.123969 0.0158601 0.558656 519.942 270985 2.44926
0.506 0.272322 0.653697 0.124434 0.0159798 0.564623 520.476 271545 2.46649
0.505 0.271666 0.660132 0.124907 0.0161022 0.57084 521.019 272114 2.48445
0.504 0.271002 0.667746 0.125389 0.0162279 0.577676 521.571 272695 2.50409
0.503 0.270329 0.681716 0.125884 0.0163597 0.587374 522.135 273290 2.53121
0.502 0.269627 0.734904 0.126407 0.016514 0.614036 522.726 273926 2.60202
0.501 0.268784 1.0393 0.127066 0.0167962 0.747916 523.437 274759 2.94751
0.5 0.267061 2.97968 0.128538 0.0178885 1.57411 524.866 276811 5.05746
0.499 0.259642 15.548 0.135248 0.0242377 6.86332 530.897 286715 18.3546
0.498 0.216778 90.2192 0.174439 0.0633043 38.0246 565.451 345347 90.9548
0.497 0.0155751 335.048 0.358269 0.248452 139.185 726.889 621032 256.499
0.496 -0.352975 301.368 0.6938 0.587768 123.572 1021.11 1.1245e+06 161.584
0.495 -0.525049 74.1692 0.848801 0.745606 29.2581 1156.69 1.35717e+06 33.6105
0.494 -0.561288 14.8575 0.879741 0.778121 4.87098 1183.44 1.40366e+06 5.35434
0.493 -0.570028 5.44964 0.885656 0.78528 1.04296 1188.26 1.41258e+06 1.0444
0.492 -0.574572 4.05169 0.88778 0.788572 0.489063 1189.77 1.41581e+06 0.427704
0.491 -0.578474 3.81035 0.88934 0.791271 0.404097 1190.79 1.41818e+06 0.33637
0.49 -0.582241 3.7328 0.890797 0.793846 0.384666 1191.73 1.4204e+06 0.318153
0.489 -0.585947 3.67953 0.892214 0.796363 0.374501 1192.63 1.42255e+06 0.310166
0.488 -0.589602 3.63128 0.893601 0.798834 0.365884 1193.52 1.42466e+06 0.303806
0.487 -0.59321 3.58541 0.894962 0.80126 0.357762 1194.38 1.42673e+06 0.29791
0.486 -0.596773 3.54154 0.896297 0.803644 0.34999 1195.23 1.42875e+06 0.292316
0.485 -0.600293 3.49961 0.897607 0.805988 0.342539 1196.06 1.43074e+06 0.286998
0.484 -0.603772 3.45957 0.898894 0.808292 0.335401 1196.88 1.43268e+06 0.281948
0.483 -0.607212 3.4214 0.900158 0.81056 0.328564 1197.68 1.4346e+06 0.277158
0.482 -0.610615 3.38502 0.901401 0.812793 0.32202 1198.47 1.43648e+06 0.272621
0.481 -0.613982 3.35036 0.902623 0.814991 0.315757 1199.24 1.43833e+06 0.26833
0.48 -0.617315 3.31734 0.903825 0.817158 0.309763 1200 1.44015e+06 0.264274
0.479 -0.620616 3.28585 0.905009 0.819293 0.304025 1200.74 1.44193e+06 0.260443
0.478 -0.623887 3.25577 0.906174 0.821399 0.298529 1201.48 1.4437e+06 0.256826
0.477 -0.627127 3.22699 0.907323 0.823478 0.29326 1202.2 1.44543e+06 0.25341
0.476 -0.63034 3.19937 0.908455 0.825529 0.288202 1202.91 1.44715e+06 0.250181
0.475 -0.633525 3.17277 0.909572 0.827554 0.283339 1203.62 1.44883e+06 0.247127
0.474 -0.636684 3.14706 0.910673 0.829555 0.278656 1204.31 1.4505e+06 0.244233
0.473 -0.639818 3.12211 0.91176 0.831531 0.274137 1204.99 1.45214e+06 0.241483
0.472 -0.642927 3.09778 0.912833 0.833485 0.269767 1205.66 1.45376e+06 0.238864
0.471 -0.646012 3.07396 0.913892 0.835416 0.265531 1206.33 1.45537e+06 0.236362
0.47 -0.649074 3.05053 0.914938 0.837325 0.261417 1206.99 1.45695e+06 0.233962
0.469 -0.652112 3.0274 0.915971 0.839213 0.257411 1207.63 1.45851e+06 0.231652
0.468 -0.655127 3.00449 0.916991 0.841079 0.253504 1208.27 1.46005e+06 0.22942
0.467 -0.658119 2.98172 0.917999 0.842925 0.249685 1208.9 1.46158e+06 0.227255
0.466 -0.661089 2.95905 0.918995 0.84475 0.245946 1209.53 1.46308e+06 0.225147
0.465 -0.664036 2.93643 0.919978 0.846555 0.242281 1210.14 1.46457e+06 0.223088
0.464 -0.66696 2.91385 0.92095 0.84834 0.238683 1210.75 1.46604e+06 0.221071
0.463 -0.669862 2.8913 0.921909 0.850105 0.235148 1211.35 1.46749e+06 0.219089
0.462 -0.672741 2.86879 0.922857 0.851851 0.231673 1211.94 1.46892e+06 0.217139
0.461 -0.675598 2.84633 0.923793 0.853576 0.228255 1212.52 1.47033e+06 0.215217
0.46 -0.678432 2.82397 0.924718 0.855282 0.224894 1213.1 1.47173e+06 0.213319
0.459 -0.681245 2.80173 0.925631 0.856969 0.221587 1213.67 1.47311e+06 0.211445
0.458 -0.684035 2.77967 0.926533 0.858637 0.218336 1214.23 1.47447e+06 0.209594
0.457 -0.686803 2.75783 0.927424 0.860285 0.21514 1214.78 1.47582e+06 0.207766
0.456 -0.689549 2.73627 0.928303 0.861915 0.212 1215.33 1.47714e+06 0.205961
0.455 -0.692274 2.71503 0.929172 0.863526 0.208915 1215.87 1.47845e+06 0.204179
0.454 -0.694978 2.69416 0.930031 0.865119 0.205887 1216.4 1.47975e+06 0.202423
0.453 -0.697662 2.6737 0.930878 0.866694 0.202916 1216.93 1.48103e+06 0.200692
0.452 -0.700325 2.6537 0.931716 0.868251 0.200002 1217.45 1.48229e+06 0.198989
0.451 -0.702968 2.63419 0.932543 0.869791 0.197144 1217.96 1.48354e+06 0.197314
0.45 -0.705593 2.61517 0.933361 0.871314 0.194343 1218.47 1.48477e+06 0.195669
0.449 -0.708198 2.59668 0.934168 0.87282 0.191597 1218.97 1.48599e+06 0.194054
0.448 -0.710786 2.57871 0.934967 0.874309 0.188905 1219.46 1.48719e+06 0.192471
0.447 -0.713355 2.56126 0.935755 0.875783 0.186267 1219.95 1.48838e+06 0.190919
0.446 -0.715908 2.54432 0.936535 0.87724 0.18368 1220.43 1.48956e+06 0.189401
0.445 -0.718444 2.52786 0.937306 0.878683 0.181143 1220.91 1.49072e+06 0.187915
0.444 -0.720964 2.51187 0.938068 0.88011 0.178653 1221.38 1.49187e+06 0.186463
0.443 -0.723468 2.49631 0.938822 0.881522 0.176208 1221.85 1.49301e+06 0.185043
0.442 -0.725956 2.48114 0.939567 0.88292 0.173807 1222.31 1.49414e+06 0.183656
0.441 -0.72843 2.46632 0.940304 0.884303 0.171446 1222.77 1.49526e+06 0.182301
0.44 -0.730889 2.45181 0.941033 0.885672 0.169124 1223.22 1.49636e+06 0.180978
0.439 -0.733334 2.43756 0.941754 0.887027 0.166839 1223.67 1.49746e+06 0.179686
0.438 -0.735765 2.42354 0.942467 0.888369 0.164587 1224.11 1.49854e+06 0.178424
0.437 -0.738182 2.4097 0.943172 0.889697 0.162368 1224.55 1.49961e+06 0.177191
0.436 -0.740585 2.39602 0.94387 0.891012 0.16018 1224.98 1.50068e+06 0.175986
0.435 -0.742974 2.38244 0.94456 0.892313 0.15802 1225.41 1.50173e+06 0.174808
0.434 -0.74535 2.36896 0.945243 0.893601 0.155889 1225.84 1.50277e+06 0.173655
0.433 -0.747713 2.35554 0.945918 0.894876 0.153785 1226.26 1.50381e+06 0.172527
0.432 -0.750062 2.34218 0.946586 0.896138 0.151707 1226.68 1.50483e+06 0.171422
0.431 -0.752398 2.32887 0.947246 0.897388 0.149655 1227.09 1.50585e+06 0.170339
0.43 -0.75472 2.3156 0.9479 0.898624 0.14763 1227.5 1.50685e+06 0.169279
0.429 -0.757029 2.30239 0.948546 0.899848 0.145632 1227.91 1.50785e+06 0.168239
0.428 -0.759325 2.28925 0.949185 0.90106 0.143661 1228.31 1.50883e+06 0.167221
0.427 -0.761608 2.27619 0.949818 0.902259 0.141718 1228.71 1.50981e+06 0.166222
0.426 -0.763878 2.26324 0.950443 0.903446 0.139805 1229.1 1.51078e+06 0.165245
0.425 -0.766135 2.25042 0.951062 0.90462 0.137922 1229.49 1.51174e+06 0.164288
0.424 -0.768379 2.23776 0.951674 0.905783 0.136071 1229.88 1.51269e+06 0.163354
0.423 -0.77061 2.22528 0.952279 0.906934 0.134254 1230.26 1.51363e+06 0.162441
0.422 -0.772829 2.21302 0.952878 0.908073 0.132472 1230.64 1.51456e+06 0.161552
0.421 -0.775036 2.201 0.95347 0.909201 0.130725 1231.02 1.51548e+06 0.160687
0.42 -0.777231 2.18924 0.954056 0.910317 0.129015 1231.39 1.5164e+06 0.159846
0.419 -0.779414 2.17776 0.954636 0.911423 0.127342 1231.75 1.5173e+06 0.159032
0.418 -0.781586 2.16656 0.955211 0.912518 0.125707 1232.12 1.5182e+06 0.158245
0.417 -0.783747 2.15566 0.955779 0.913603 0.12411 1232.48 1.51909e+06 0.157485
0.416 -0.785896 2.14505 0.956342 0.914678 0.122551 1232.84 1.51997e+06 0.156752
0.415 -0.788036 2.13473 0.956899 0.915743 0.121028 1233.19 1.52084e+06 0.156047
0.414 -0.790165 2.12467 0.957451 0.916798 0.119541 1233.54 1.52171e+06 0.15537
0.413 -0.792284 2.11486 0.957998 0.917845 0.118087 1233.89 1.52257e+06 0.154718
0.412 -0.794393 2.10526 0.95854 0.918882 0.116666 1234.24 1.52342e+06 0.154092
0.411 -0.796493 2.09586 0.959076 0.91991 0.115275 1234.58 1.52427e+06 0.153489
0.41 -0.798583 2.0866 0.959608 0.920929 0.113911 1234.92 1.52511e+06 0.152908
0.409 -0.800665 2.07745 0.960136 0.92194 0.112571 1235.26 1.52594e+06 0.152346
0.408 -0.802737 2.06837 0.960658 0.922943 0.111253 1235.59 1.52677e+06 0.151802
0.407 -0.804799 2.05931 0.961176 0.923937 0.109953 1235.93 1.52759e+06 0.151272
0.406 -0.806853 2.05024 0.961689 0.924923 0.108669 1236.26 1.5284e+06 0.150754
0.405 -0.808898 2.04112 0.962198 0.9259 0.107396 1236.58 1.52921e+06 0.150244
0.404 -0.810933 2.03192 0.962702 0.92687 0.106134 1236.91 1.53002e+06 0.149741
0.403 -0.81296 2.0226 0.963201 0.92783 0.104878 1237.23 1.53082e+06 0.149242
0.402 -0.814977 2.01314 0.963696 0.928783 0.103626 1237.55 1.53161e+06 0.148744
0.401 -0.816984 2.00354 0.964186 0.929727 0.102377 1237.87 1.5324e+06 0.148245
0.4 -0.818982 1.99377 0.964672 0.930662 0.101129 1238.19 1.53318e+06 0.147744
0.399 -0.82097 1.98385 0.965152 0.931589 0.09988 1238.5 1.53396e+06 0.14724
0.398 -0.822947 1.97377 0.965628 0.932506 0.0986304 1238.81 1.53473e+06 0.146731
0.397 -0.824915 1.96355 0.966099 0.933415 0.0973797 1239.12 1.53549e+06 0.146217
0.396 -0.826873 1.95322 0.966565 0.934314 0.096128 1239.43 1.53625e+06 0.145698
0.395 -0.82882 1.94279 0.967026 0.935204 0.094876 1239.73 1.537e+06 0.145175
0.394 -0.830757 1.9323 0.967481 0.936084 0.0936248 1240.03 1.53775e+06 0.144649
0.393 -0.832683 1.92178 0.967932 0.936955 0.0923757 1240.33 1.53849e+06 0.144121
0.392 -0.834599 1.91127 0.968377 0.937817 0.0911304 1240.63 1.53923e+06 0.143593
0.391 -0.836505 1.9008 0.968818 0.938669 0.0898909 1240.92 1.53995e+06 0.143068
0.39 -0.8384 1.89041 0.969253 0.939511 0.0886589 1241.21 1.54068e+06 0.142548
0.389 -0.840285 1.88013 0.969683 0.940344 0.0874367 1241.5 1.54139e+06 0.142036
0.388 -0.84216 1.87 0.970108 0.941167 0.0862262 1241.79 1.5421e+06 0.141535
0.387 -0.844024 1.86005 0.970528 0.941981 0.0850292 1242.07 1.54281e+06 0.141047
0.386 -0.845879 1.8503 0.970943 0.942786 0.0838476 1242.35 1.5435e+06 0.140576
0.385 -0.847725 1.84078 0.971353 0.943582 0.0826827 1242.63 1.54419e+06 0.140125
0.384 -0.849561 1.83149 0.971758 0.944368 0.0815358 1242.91 1.54488e+06 0.139696
0.383 -0.851387 1.82247 0.972159 0.945146 0.0804078 1243.18 1.54556e+06 0.139292
0.382 -0.853205 1.81372 0.972555 0.945916 0.0792994 1243.45 1.54623e+06 0.138915
0.381 -0.855015 1.80523 0.972946 0.946677 0.0782107 1243.72 1.5469e+06 0.138566
0.38 -0.856816 1.79702 0.973334 0.947429 0.0771419 1243.99 1.54757e+06 0.138246
0.379 -0.858609 1.78908 0.973717 0.948174 0.0760926 1244.25 1.54823e+06 0.137957
0.378 -0.860394 1.78141 0.974096 0.948912 0.0750622 1244.51 1.54888e+06 0.137698
0.377 -0.862171 1.77399 0.974471 0.949641 0.07405 1244.77 1.54953e+06 0.137468
0.376 -0.863941 1.76681 0.974841 0.950364 0.073055 1245.03 1.55017e+06 0.137267
0.375 -0.865704 1.75985 0.975209 0.951079 0.0720761 1245.29 1.55081e+06 0.137094
0.374 -0.867461 1.7531 0.975572 0.951787 0.0711122 1245.55 1.55145e+06 0.136945
0.373 -0.86921 1.74654 0.975932 0.952488 0.0701621 1245.8 1.55208e+06 0.136818
0.372 -0.870953 1.74014 0.976288 0.953182 0.0692247 1246.05 1.5527e+06 0.136711
0.371 -0.872689 1.73387 0.97664 0.953869 0.068299 1246.3 1.55333e+06 0.136621
0.37 -0.87442 1.72772 0.976989 0.95455 0.0673838 1246.55 1.55395e+06 0.136543
0.369 -0.876144 1.72165 0.977334 0.955224 0.0664784 1246.8 1.55456e+06 0.136474
0.368 -0.877862 1.71563 0.977676 0.955892 0.065582 1247.04 1.55517e+06 0.136411
0.367 -0.879574 1.70965 0.978014 0.956553 0.064694 1247.28 1.55578e+06 0.13635
0.366 -0.88128 1.70366 0.978349 0.957207 0.063814 1247.53 1.55639e+06 0.136287
0.365 -0.882979 1.69766 0.97868 0.957855 0.0629415 1247.77 1.55699e+06 0.136218
0.364 -0.884673 1.6916 0.979008 0.958496 0.0620766 1248.01 1.55758e+06 0.13614
0.363 -0.886361 1.68548 0.979332 0.95913 0.061219 1248.25 1.55818e+06 0.136051
0.362 -0.888042 1.67927 0.979653 0.959758 0.0603688 1248.48 1.55877e+06 0.135946
0.361 -0.889717 1.67296 0.97997 0.960379 0.059526 1248.72 1.55936e+06 0.135824
0.36 -0.891386 1.66654 0.980284 0.960994 0.0586908 1248.95 1.55994e+06 0.135682
0.359 -0.893048 1.66 0.980594 0.961602 0.0578635 1249.18 1.56052e+06 0.135518
0.358 -0.894703 1.65335 0.980901 0.962203 0.057044 1249.42 1.5611e+06 0.135332
0.357 -0.896352 1.64659 0.981204 0.962797 0.0562327 1249.65 1.56167e+06 0.135121
0.356 -0.897994 1.63972 0.981504 0.963385 0.0554298 1249.87 1.56224e+06 0.134887
0.355 -0.899629 1.63277 0.9818 0.963966 0.0546353 1250.1 1.56281e+06 0.134628
0.354 -0.901256 1.62575 0.982093 0.96454 0.0538494 1250.33 1.56337e+06 0.134346
0.353 -0.902877 1.61867 0.982382 0.965108 0.0530723 1250.55 1.56393e+06 0.134042
0.352 -0.904491 1.61157 0.982668 0.965669 0.0523039 1250.77 1.56449e+06 0.133716
0.351 -0.906097 1.60446 0.982951 0.966223 0.0515443 1250.99 1.56504e+06 0.133372
0.35 -0.907697 1.59737 0.98323 0.966772 0.0507935 1251.21 1.56559e+06 0.133012
0.349 -0.909289 1.59033 0.983505 0.967313 0.0500514 1251.43 1.56613e+06 0.132638
0.348 -0.910874 1.58335 0.983778 0.967849 0.0493178 1251.65 1.56668e+06 0.132253
0.347 -0.912453 1.57646 0.984047 0.968378 0.0485927 1251.86 1.56721e+06 0.131862
0.346 -0.914024 1.56968 0.984313 0.9689 0.0478758 1252.08 1.56775e+06 0.131468
0.345 -0.915589 1.56302 0.984576 0.969417 0.0471668 1252.29 1.56828e+06 0.131074
0.344 -0.917148 1.5565 0.984835 0.969928 0.0464656 1252.5 1.56881e+06 0.130684
0.343 -0.9187 1.55012 0.985092 0.970433 0.0457719 1252.71 1.56933e+06 0.130302
0.342 -0.920246 1.54389 0.985345 0.970931 0.0450852 1252.92 1.56986e+06 0.129932
0.341 -0.921785 1.53781 0.985595 0.971424 0.0444053 1253.12 1.57038e+06 0.129577
0.34 -0.923319 1.53189 0.985843 0.971912 0.0437319 1253.33 1.57089e+06 0.129239
0.339 -0.924847 1.52611 0.986087 0.972393 0.0430646 1253.54 1.57141e+06 0.128922
0.338 -0.92637 1.52047 0.986329 0.972869 0.0424031 1253.74 1.57192e+06 0.128628
0.337 -0.927887 1.51496 0.986567 0.973339 0.0417471 1253.94 1.57243e+06 0.128357
0.336 -0.929399 1.50957 0.986803 0.973804 0.0410966 1254.14 1.57293e+06 0.128112
0.335 -0.930905 1.50429 0.987036 0.974263 0.0404512 1254.34 1.57343e+06 0.127892
0.334 -0.932406 1.49911 0.987265 0.974716 0.0398108 1254.54 1.57393e+06 0.127696
0.333 -0.933903 1.494 0.987492 0.975164 0.0391756 1254.74 1.57443e+06 0.127524
0.332 -0.935394 1.48897 0.987717 0.975606 0.0385456 1254.94 1.57493e+06 0.127373
0.331 -0.936881 1.48398 0.987938 0.976043 0.0379208 1255.14 1.57542e+06 0.12724
0.33 -0.938362 1.47903 0.988156 0.976474 0.0373016 1255.33 1.57591e+06 0.127123
0.329 -0.939839 1.4741 0.988372 0.9769 0.0366883 1255.53 1.5764e+06 0.127016
0.328 -0.941311 1.46918 0.988585 0.97732 0.0360812 1255.72 1.57688e+06 0.126916
0.327 -0.942778 1.46425 0.988795 0.977735 0.0354808 1255.91 1.57736e+06 0.126817
0.326 -0.94424 1.4593 0.989002 0.978144 0.0348877 1256.1 1.57784e+06 0.126712
0.325 -0.945697 1.45431 0.989206 0.978548 0.0343022 1256.29 1.57832e+06 0.126598
0.324 -0.947149 1.44927 0.989407 0.978946 0.033725 1256.48 1.57879e+06 0.126467
0.323 -0.948596 1.44417 0.989606 0.979339 0.0331566 1256.66 1.57926e+06 0.126315
0.322 -0.950037 1.439 0.989802 0.979726 0.0325975 1256.85 1.57972e+06 0.126136
0.321 -0.951474 1.43376 0.989995 0.980108 0.0320481 1257.03 1.58019e+06 0.125926
0.32 -0.952905 1.42842 0.990185 0.980484 0.0315088 1257.22 1.58065e+06 0.125682
0.319 -0.95433 1.42299 0.990373 0.980856 0.0309799 1257.4 1.5811e+06 0.125401
0.318 -0.95575 1.41748 0.990558 0.981222 0.0304616 1257.58 1.58156e+06 0.125081
0.317 -0.957165 1.41187 0.99074 0.981583 0.029954 1257.76 1.58201e+06 0.124724
0.316 -0.958573 1.40617 0.99092 0.981938 0.0294571 1257.94 1.58246e+06 0.124331
0.315 -0.959976 1.4004 0.991097 0.982289 0.0289709 1258.11 1.5829e+06 0.123904
0.314 -0.961373 1.39455 0.991272 0.982635 0.0284949 1258.29 1.58334e+06 0.123447
0.313 -0.962763 1.38864 0.991444 0.982976 0.0280291 1258.46 1.58378e+06 0.122968
0.312 -0.964148 1.38268 0.991614 0.983312 0.0275727 1258.64 1.58422e+06 0.122471
0.311 -0.965526 1.3767 0.991781 0.983644 0.0271254 1258.81 1.58465e+06 0.121966
0.31 -0.966899 1.37071 0.991946 0.983971 0.0266863 1258.98 1.58508e+06 0.12146
0.309 -0.968265 1.36472 0.992109 0.984293 0.0262549 1259.15 1.58551e+06 0.120962
0.308 -0.969625 1.35878 0.992269 0.984611 0.0258302 1259.32 1.58593e+06 0.120482
0.307 -0.970979 1.35289 0.992427 0.984925 0.0254115 1259.49 1.58636e+06 0.120027
0.306 -0.972327 1.34709 0.992583 0.985234 0.0249977 1259.66 1.58678e+06 0.119606
0.305 -0.97367 1.3414 0.992736 0.985539 0.0245879 1259.82 1.5872e+06 0.119227
0.304 -0.975006 1.33585 0.992888 0.985839 0.0241813 1259.99 1.58761e+06 0.118895
0.303 -0.976337 1.33047 0.993037 0.986136 0.0237767 1260.15 1.58803e+06 0.118618
0.302 -0.977663 1.32529 0.993184 0.986428 0.0233734 1260.32 1.58844e+06 0.118397
0.301 -0.978984 1.32033 0.99333 0.986716 0.0229704 1260.48 1.58886e+06 0.118236
0.3 -0.9803 1.31562 0.993473 0.987 0.0225669 1260.64 1.58927e+06 0.118136
0.299 -0.981612 1.31118 0.993614 0.987279 0.0221621 1260.81 1.58968e+06 0.118097
0.298 -0.982919 1.30702 0.993752 0.987555 0.0217553 1260.97 1.59009e+06 0.118116
0.297 -0.984222 1.30316 0.993889 0.987827 0.021346 1261.13 1.5905e+06 0.11819
0.296 -0.985522 1.29959 0.994024 0.988095 0.0209337 1261.29 1.5909e+06 0.118316
0.295 -0.986818 1.29632 0.994157 0.988359 0.0205181 1261.45 1.59131e+06 0.118488
0.294 -0.988112 1.29333 0.994288 0.988619 0.0200989 1261.61 1.59172e+06 0.118699
0.293 -0.989402 1.2906 0.994417 0.988875 0.019676 1261.78 1.59212e+06 0.118945
0.292 -0.99069 1.28811 0.994544 0.989128 0.0192496 1261.94 1.59253e+06 0.119218
0.291 -0.991976 1.28581 0.994669 0.989377 0.0188198 1262.1 1.59293e+06 0.119511
0.29 -0.99326 1.28365 0.994793 0.989622 0.0183871 1262.26 1.59334e+06 0.119818
0.289 -0.994542 1.2816 0.994914 0.989863 0.017952 1262.42 1.59374e+06 0.120133
0.288 -0.995821 1.27959 0.995034 0.990101 0.0175153 1262.58 1.59414e+06 0.12045
0.287 -0.997099 1.27757 0.995152 0.990335 0.0170779 1262.73 1.59454e+06 0.120766
0.286 -0.998375 1.27547 0.995268 0.990566 0.0166409 1262.89 1.59494e+06 0.121076
0.285 -0.999648 1.27325 0.995382 0.990793 0.0162056 1263.05 1.59534e+06 0.121379
0.284 -1.00092 1.27085 0.995494 0.991016 0.0157734 1263.21 1.59574e+06 0.121671
0.283 -1.00219 1.26822 0.995604 0.991235 0.0153459 1263.36 1.59613e+06 0.121954
0.282 -1.00345 1.26534 0.995713 0.991451 0.0149249 1263.52 1.59653e+06 0.122228
0.281 -1.00472 1.26218 0.995819 0.991663 0.014512 1263.68 1.59692e+06 0.122493
0.28 -1.00598 1.25874 0.995924 0.991871 0.0141092 1263.83 1.59731e+06 0.122752
0.279 -1.00723 1.25501 0.996026 0.992075 0.0137181 1263.98 1.59769e+06 0.123007
0.278 -1.00848 1.25102 0.996127 0.992275 0.0133406 1264.13 1.59807e+06 0.123262
0.277 -1.00973 1.24679 0.996226 0.992472 0.0129783 1264.28 1.59845e+06 0.123519
0.276 -1.01097 1.24237 0.996322 0.992664 0.0126328 1264.43 1.59882e+06 0.12378
0.275 -1.01221 1.2378 0.996417 0.992853 0.0123051 1264.58 1.5992e+06 0.124048
0.274 -1.01344 1.23315 0.99651 0.993038 0.0119964 1264.72 1.59956e+06 0.124325
0.273 -1.01467 1.22847 0.996601 0.993218 0.0117073 1264.86 1.59993e+06 0.124611
0.272 -1.0159 1.22382 0.996689 0.993395 0.0114381 1265.01 1.60029e+06 0.124905
0.271 -1.01711 1.21927 0.996776 0.993568 0.0111888 1265.15 1.60064e+06 0.125208
0.27 -1.01833 1.21487 0.996861 0.993738 0.0109589 1265.29 1.601e+06 0.125516
0.269 -1.01954 1.21065 0.996945 0.993903 0.0107476 1265.43 1.60135e+06 0.125825
0.268 -1.02074 1.20666 0.997026 0.994066 0.0105538 1265.56 1.60169e+06 0.126133
0.267 -1.02195 1.20292 0.997106 0.994225 0.0103758 1265.7 1.60204e+06 0.126433
0.266 -1.02314 1.19942 0.997184 0.99438 0.0102121 1265.84 1.60238e+06 0.12672
0.265 -1.02434 1.19617 0.99726 0.994532 0.0100605 1265.97 1.60272e+06 0.126987
0.264 -1.02553 1.19313 0.997335 0.994682 0.00991889 1266.1 1.60306e+06 0.127227
0.263 -1.02672 1.19028 0.997408 0.994828 0.00978512 1266.24 1.6034e+06 0.127433
0.262 -1.0279 1.18756 0.99748 0.994971 0.00965693 1266.37 1.60374e+06 0.127597
0.261 -1.02909 1.18493 0.997551 0.995112 0.00953219 1266.51 1.60408e+06 0.127711
0.26 -1.03027 1.18232 0.99762 0.995249 0.00940892 1266.64 1.60442e+06 0.127769
0.259 -1.03144 1.17966 0.997687 0.995384 0.00928536 1266.77 1.60475e+06 0.127762
0.258 -1.03262 1.17691 0.997753 0.995516 0.00916002 1266.9 1.60509e+06 0.127685
0.257 -1.03379 1.17401 0.997818 0.995646 0.00903173 1267.04 1.60543e+06 0.12753
0.256 -1.03496 1.17091 0.997882 0.995772 0.00889965 1267.17 1.60576e+06 0.127292
0.255 -1.03613 1.16758 0.997944 0.995896 0.00876331 1267.3 1.6061e+06 0.126967
0.254 -1.03729 1.16401 0.998005 0.996018 0.00862254 1267.43 1.60643e+06 0.126551
0.253 -1.03845 1.16018 0.998064 0.996136 0.00847746 1267.57 1.60677e+06 0.126042
0.252 -1.0396 1.15612 0.998122 0.996252 0.00832846 1267.7 1.6071e+06 0.12544
0.251 -1.04075 1.15183 0.998179 0.996365 0.00817608 1267.83 1.60743e+06 0.124745
0.25 -1.0419 1.14737 0.998235 0.996476 0.00802098 1267.96 1.60777e+06 0.123962
0.249 -1.04304 1.14277 0.998289 0.996584 0.00786381 1268.09 1.6081e+06 0.123094
0.248 -1.04418 1.13808 0.998341 0.996689 0.00770518 1268.22 1.60843e+06 0.122151
0.247 -1.04531 1.13336 0.998393 0.996792 0.00754554 1268.35 1.60876e+06 0.121141
0.246 -1.04644 1.12867 0.998443 0.996892 0.00738512 1268.48 1.60908e+06 0.120077
0.245 -1.04757 1.12406 0.998492 0.996989 0.00722392 1268.61 1.60941e+06 0.11897
0.244 -1.04869 1.11958 0.998539 0.997084 0.0070616 1268.74 1.60974e+06 0.117836
0.243 -1.0498 1.11529 0.998586 0.997176 0.00689757 1268.87 1.61006e+06 0.116689
0.242 -1.05092 1.11121 0.998631 0.997266 0.00673093 1269 1.61039e+06 0.115546
0.241 -1.05203 1.10739 0.998675 0.997354 0.00656056 1269.12 1.61071e+06 0.11442
0.24 -1.05313 1.10385 0.998718 0.99744 0.00638517 1269.25 1.61103e+06 0.113327
0.239 -1.05423 1.10061 0.99876 0.997523 0.00620342 1269.38 1.61135e+06 0.112279
0.238 -1.05533 1.09769 0.9988 0.997604 0.00601397 1269.5 1.61167e+06 0.111287
0.237 -1.05643 1.09508 0.99884 0.997684 0.00581568 1269.63 1.61199e+06 0.110362
0.236 -1.05753 1.09279 0.998879 0.997761 0.00560764 1269.76 1.61231e+06 0.109509
0.235 -1.05862 1.09082 0.998916 0.997836 0.00538932 1269.88 1.61263e+06 0.108735
0.234 -1.05972 1.08915 0.998953 0.99791 0.00516068 1270.01 1.61295e+06 0.108044
0.233 -1.06081 1.08777 0.998989 0.997981 0.00492218 1270.13 1.61326e+06 0.107436
0.232 -1.0619 1.08666 0.999024 0.998051 0.00467488 1270.26 1.61358e+06 0.106915
0.231 -1.06299 1.08578 0.999058 0.998119 0.00442039 1270.38 1.6139e+06 0.10648
0.23 -1.06408 1.08512 0.999092 0.998186 0.00416084 1270.5 1.61421e+06 0.106134
0.229 -1.06517 1.08464 0.999124 0.99825 0.0038988 1270.63 1.61452e+06 0.105877
0.228 -1.06626 1.0843 0.999156 0.998313 0.00363716 1270.75 1.61483e+06 0.105711
0.227 -1.06736 1.08406 0.999186 0.998375 0.00337897 1270.87 1.61514e+06 0.105641
0.226 -1.06845 1.08387 0.999216 0.998434 0.0031273 1270.99 1.61545e+06 0.10567
0.225 -1.06954 1.08371 0.999245 0.998492 0.00288501 1271.11 1.61576e+06 0.105801
0.224 -1.07063 1.08353 0.999274 0.998549 0.00265462 1271.23 1.61607e+06 0.10604
0.223 -1.07172 1.08328 0.999301 0.998604 0.00243813 1271.35 1.61637e+06 0.106387
0.222 -1.0728 1.08295 0.999328 0.998657 0.0022369 1271.47 1.61667e+06 0.106845
0.221 -1.07389 1.08248 0.999354 0.998708 0.00205158 1271.59 1.61698e+06 0.107411
0.22 -1.07498 1.08185 0.999379 0.998758 0.00188208 1271.71 1.61728e+06 0.108081
0.219 -1.07607 1.08105 0.999403 0.998807 0.00172759 1271.83 1.61758e+06 0.108845
0.218 -1.07715 1.08005 0.999426 0.998854 0.00158667 1271.95 1.61788e+06 0.109692
0.217 -1.07824 1.07884 0.999449 0.998899 0.00145736 1272.07 1.61819e+06 0.110603
0.216 -1.07932 1.07742 0.999471 0.998943 0.00133741 1272.19 1.61849e+06 0.111559
0.215 -1.0804 1.07579 0.999492 0.998985 0.00122441 1272.3 1.61879e+06 0.112536
0.214 -1.08148 1.07396 0.999513 0.999026 0.00111599 1272.42 1.61909e+06 0.113508
0.213 -1.08256 1.07195 0.999533 0.999066 0.00101008 1272.54 1.61939e+06 0.11445
0.212 -1.08363 1.0698 0.999552 0.999104 0.000905011 1272.66 1.61969e+06 0.115334
0.211 -1.0847 1.06753 0.99957 0.999141 0.000799665 1272.78 1.61999e+06 0.116138
0.21 -1.08578 1.06519 0.999588 0.999177 0.000693566 1272.89 1.62029e+06 0.11684
0.209 -1.08684 1.06283 0.999606 0.999212 0.000586892 1273.01 1.62059e+06 0.117424
0.208 -1.08791 1.06048 0.999622 0.999245 0.000480457 1273.13 1.62089e+06 0.117877
0.207 -1.08897 1.05819 0.999639 0.999277 0.000375625 1273.24 1.62118e+06 0.118194
0.206 -1.09004 1.056 0.999654 0.999309 0.000274191 1273.36 1.62148e+06 0.118374
0.205 -1.0911 1.05394 0.99967 0.999339 0.00017822 1273.48 1.62177e+06 0.118423
0.204 -1.09216 1.05201 0.999684 0.999369 8.98689e-05 1273.59 1.62206e+06 0.118351
0.203 -1.09321 1.05023 0.999699 0.999398 1.11959e-05 1273.7 1.62235e+06 0.118171
0.202 -1.09427 1.04858 0.999713 0.999425 -5.60225e-05 1273.82 1.62264e+06 0.117904
0.201 -1.09533 1.04707 0.999726 0.999452 -0.000110461 1273.93 1.62293e+06 0.117568
0.2 -1.09638 1.04566 0.999739 0.999478 -0.000151382 1274.04 1.62322e+06 0.117185
0.199 -1.09743 1.04434 0.999752 0.999504 -0.000178738 1274.16 1.6235e+06 0.116776
0.198 -1.09849 1.04308 0.999764 0.999528 -0.000193216 1274.27 1.62379e+06 0.116363
0.197 -1.09954 1.04188 0.999776 0.999551 -0.000196235 1274.38 1.62407e+06 0.115963
0.196 -1.10059 1.04072 0.999787 0.999574 -0.000189874 1274.49 1.62435e+06 0.115594
0.195 -1.10164 1.03958 0.999798 0.999596 -0.000176744 1274.6 1.62463e+06 0.115268
0.194 -1.10269 1.03847 0.999808 0.999617 -0.000159804 1274.71 1.62491e+06 0.114997
0.193 -1.10374 1.03736 0.999818 0.999636 -0.000142126 1274.82 1.62519e+06 0.114787
0.192 -1.10479 1.03625 0.999828 0.999655 -0.000126629 1274.93 1.62547e+06 0.114641
0.191 -1.10584 1.03514 0.999837 0.999674 -0.000115805 1275.04 1.62575e+06 0.114556
0.19 -1.10688 1.03399 0.999845 0.999691 -0.000111451 1275.15 1.62603e+06 0.114527
0.189 -1.10793 1.03279 0.999854 0.999707 -0.000114443 1275.26 1.62631e+06 0.114544
0.188 -1.10897 1.03152 0.999861 0.999723 -0.000124578 1275.37 1.62659e+06 0.114591
0.187 -1.11002 1.03018 0.999869 0.999738 -0.000140495 1275.48 1.62687e+06 0.114647
0.186 -1.11106 1.02875 0.999876 0.999752 -0.000159711 1275.59 1.62715e+06 0.11469
0.185 -1.1121 1.02724 0.999883 0.999765 -0.000178762 1275.7 1.62743e+06 0.114691
0.184 -1.11314 1.02567 0.999889 0.999778 -0.000193449 1275.81 1.62771e+06 0.114622
0.183 -1.11418 1.02405 0.999895 0.99979 -0.000199182 1275.92 1.628e+06 0.114454
0.182 -1.11521 1.02241 0.999901 0.999802 -0.000191392 1276.03 1.62828e+06 0.114159
0.181 -1.11625 1.02074 0.999907 0.999813 -0.000165968 1276.14 1.62857e+06 0.113712
0.18 -1.11728 1.01906 0.999912 0.999824 -0.000119702 1276.26 1.62886e+06 0.113096
0.179 -1.11831 1.01735 0.999917 0.999834 -5.0679e-05 1276.37 1.62915e+06 0.112299
0.178 -1.11934 1.01556 0.999922 0.999844 4.14185e-05 1276.49 1.62945e+06 0.111316
0.177 -1.12036 1.01365 0.999927 0.999853 0.000155123 1276.61 1.62975e+06 0.110153
0.176 -1.12139 1.01156 0.999931 0.999862 0.000287146 1276.72 1.63005e+06 0.108821
0.175 -1.12241 1.00925 0.999935 0.999871 0.000432509 1276.84 1.63035e+06 0.107339
0.174 -1.12342 1.0067 0.999939 0.999879 0.000584835 1276.96 1.63065e+06 0.10573
0.173 -1.12444 1.00393 0.999943 0.999887 0.000736803 1277.08 1.63095e+06 0.10402
0.172 -1.12545 1.00102 0.999947 0.999894 0.000880725 1277.19 1.63124e+06 0.102237
0.171 -1.12645 0.998097 0.99995 0.999901 0.00100919 1277.31 1.63154e+06 0.100405
0.17 -1.12746 0.995327 0.999954 0.999908 0.00111576 1277.43 1.63184e+06 0.0985479
0.169 -1.12846 0.992925 0.999957 0.999914 0.00119555 1277.54 1.63213e+06 0.0966855
0.168 -1.12946 0.991125 0.99996 0.999919 0.00124576 1277.65 1.63242e+06 0.0948354
0.167 -1.13045 0.990165 0.999962 0.999925 0.00126599 1277.77 1.63271e+06 0.0930137
0.166 -1.13144 0.990265 0.999965 0.999929 0.00125826 1277.88 1.633e+06 0.0912367
0.165 -1.13244 0.991622 0.999967 0.999934 0.00122686 1277.99 1.63328e+06 0.0895226
0.164 -1.13343 0.994392 0.999969 0.999938 0.00117783 1278.1 1.63357e+06 0.0878931
0.163 -1.13443 0.998686 0.999971 0.999941 0.00111823 1278.21 1.63385e+06 0.0863737
0.162 -1.13543 1.00457 0.999972 0.999945 0.00105525 1278.32 1.63413e+06 0.0849932
0.161 -1.13644 1.01206 0.999974 0.999948 0.000995226 1278.44 1.63441e+06 0.0837816
0.16 -1.13745 1.02112 0.999975 0.999951 0.000942735 1278.55 1.6347e+06 0.082767
0.159 -1.13848 1.03165 0.999976 0.999953 0.000899867 1278.66 1.63498e+06 0.081972
0.158 -1.13951 1.04346 0.999978 0.999956 0.000865885 1278.77 1.63527e+06 0.0814095
0.157 -1.14055 1.05629 0.999979 0.999958 0.000837317 1278.88 1.63556e+06 0.08108
0.156 -1.14161 1.06977 0.99998 0.999961 0.000808552 1279 1.63585e+06 0.0809702
0.155 -1.14267 1.0834 0.999982 0.999963 0.000772901 1279.11 1.63614e+06 0.0810539
0.154 -1.14375 1.0966 0.999983 0.999966 0.000723977 1279.23 1.63644e+06 0.0812962
0.153 -1.14484 1.10869 0.999984 0.999968 0.0006572 1279.34 1.63673e+06 0.0816583
0.152 -1.14594 1.11897 0.999985 0.999971 0.000571119 1279.46 1.63703e+06 0.0821055
0.151 -1.14704 1.12672 0.999987 0.999973 0.000468255 1279.58 1.63733e+06 0.0826131
0.15 -1.14815 1.13135 0.999988 0.999976 0.000355231 1279.69 1.63763e+06 0.0831725
0.149 -1.14926 1.13239 0.999989 0.999978 0.000242035 1279.81 1.63793e+06 0.0837934
0.148 -1.15037 1.12959 0.99999 0.99998 0.000140469 1279.93 1.63823e+06 0.0845033
0.147 -1.15148 1.12297 0.999991 0.999982 6.20184e-05 1280.04 1.63853e+06 0.0853436
0.146 -1.15257 1.11284 0.999992 0.999984 1.55385e-05 1280.16 1.63882e+06 0.0863629
0.145 -1.15366 1.09977 0.999993 0.999986 5.26121e-06 1280.27 1.63912e+06 0.0876096
0.144 -1.15473 1.08461 0.999993 0.999987 2.95915e-05 1280.39 1.6394e+06 0.0891241
0.143 -1.15579 1.06839 0.999994 0.999988 8.1024e-05 1280.5 1.63969e+06 0.0909321
0.142 -1.15683 1.05222 0.999995 0.999989 0.00014728 1280.61 1.63997e+06 0.0930403
0.141 -1.15786 1.03719 0.999995 0.99999 0.000213494 1280.71 1.64024e+06 0.0954327
0.14 -1.15888 1.0242 0.999995 0.999991 0.000265031 1280.82 1.64052e+06 0.0980699
0.139 -1.15988 1.01385 0.999996 0.999992 0.000290393 1280.93 1.64079e+06 0.100889
0.138 -1.16088 1.00634 0.999996 0.999993 0.000283596 1281.03 1.64106e+06 0.103806
0.137 -1.16187 1.00138 0.999997 0.999993 0.000245518 1281.13 1.64132e+06 0.106719
0.136 -1.16286 0.998248 0.999997 0.999994 0.00018391 1281.24 1.64159e+06 0.109514
0.135 -1.16384 0.995842 0.999997 0.999995 0.000112 1281.34 1.64185e+06 0.112076
0.134 -1.16482 0.992895 0.999998 0.999995 4.59581e-05 1281.44 1.64212e+06 0.114295
0.133 -1.1658 0.988173 0.999998 0.999996 1.73919e-06 1281.55 1.64238e+06 0.116085
0.132 -1.16677 0.980699 0.999998 0.999996 -8.00043e-06 1281.65 1.64264e+06 0.117391
0.131 -1.16773 0.969921 0.999998 0.999997 2.37908e-05 1281.75 1.6429e+06 0.118203
0.13 -1.16868 0.955762 0.999998 0.999997 9.75268e-05 1281.85 1.64315e+06 0.118561
0.129 -1.16961 0.938552 0.999999 0.999997 0.000207372 1281.94 1.6434e+06 0.118551
0.128 -1.17052 0.918856 0.999999 0.999998 0.000342805 1282.04 1.64364e+06 0.118296
0.127 -1.17141 0.897242 0.999999 0.999998 0.000490843 1282.13 1.64388e+06 0.117936
0.126 -1.17227 0.874074 0.999999 0.999998 0.000638302 1282.22 1.64411e+06 0.117609
0.125 -1.17311 0.849366 0.999999 0.999998 0.000773623 1282.31 1.64434e+06 0.117425
0.124 -1.17392 0.822753 0.999999 0.999998 0.000887989 1282.4 1.64456e+06 0.117452
0.123 -1.1747 0.793579 0.999999 0.999998 0.000975726 1282.48 1.64477e+06 0.117701
0.122 -1.17545 0.76107 0.999999 0.999998 0.00103416 1282.56 1.64497e+06 0.11813
0.121 -1.17617 0.724558 0.999999 0.999998 0.00106315 1282.64 1.64517e+06 0.118655
0.12 -1.17685 0.683687 0.999999 0.999998 0.00106447 1282.71 1.64536e+06 0.119169
0.119 -1.17748 0.638552 0.999999 0.999999 0.00104128 1282.78 1.64554e+06 0.119566
0.118 -1.17808 0.589729 0.999999 0.999999 0.000997558 1282.85 1.64571e+06 0.11976
0.117 -1.17862 0.538199 0.999999 0.999999 0.000937739 1282.91 1.64587e+06 0.119703
0.116 -1.17912 0.485205 0.999999 0.999999 0.000866331 1282.96 1.64601e+06 0.119387
0.115 -1.17957 0.432063 0.999999 0.999999 0.000787647 1283.02 1.64615e+06 0.118844
0.114 -1.17997 0.379998 0.999999 0.999999 0.000705575 1283.06 1.64627e+06 0.118136
0.113 -1.18033 0.330027 1 0.999999 0.00062343 1283.11 1.64638e+06 0.11734
0.112 -1.18065 0.282895 1 0.999999 0.000543872 1283.14 1.64648e+06 0.11654
0.111 -1.18093 0.23907 1 0.999999 0.000468881 1283.18 1.64657e+06 0.115814
0.11 -1.18118 0.198771 1 0.999999 0.000399803 1283.21 1.64665e+06 0.115225
0.109 -1.1814 0.162016 1 1 0.000337419 1283.24 1.64672e+06 0.114823
0.108 -1.18159 0.128679 1 1 0.000282048 1283.26 1.64678e+06 0.114639
0.107 -1.18175 0.0985427 1 1 0.000233648 1283.28 1.64684e+06 0.114688
0.106 -1.1819 0.0713366 1 1 0.000191914 1283.3 1.64689e+06 0.114974
0.105 -1.18203 0.0467712 1 1 0.000156366 1283.32 1.64693e+06 0.115487
0.104 -1.18214 0.0245592 1 1 0.000126424 1283.34 1.64697e+06 0.116211
0.103 -1.18223 0.00442872 1 1 0.000101461 1283.35 1.64701e+06 0.117127
0.102 -1.18232 -0.0138693 1 1 8.08442e-05 1283.36 1.64704e+06 0.118211
0.101 -1.18239 -0.0305577 1 1 6.39683e-05 1283.37 1.64706e+06 0.119439
