1 0.399278 0.386111 0.121303 0.0159163 0.173056 117.127 13867 1.26611
0.99 0.394437 0.401876 0.118838 0.015369 0.1813 116.547 13738.8 1.34953
0.98 0.391128 0.404357 0.117402 0.0149994 0.178719 116.285 13675.4 1.3449
0.97 0.386276 0.397082 0.114425 0.014276 0.175617 115.31 13447.5 1.35195
0.96 0.38287 0.398704 0.112956 0.0139445 0.177813 115.078 13398.4 1.40655
0.95 0.380022 0.398121 0.112317 0.0138201 0.182647 115.354 13462.5 1.42288
0.94 0.374961 0.401176 0.108998 0.0130554 0.179976 114.13 13180.6 1.44511
0.93 0.371129 0.39651 0.107082 0.0126313 0.180345 113.844 13119.6 1.50275
0.92 0.36811 0.393039 0.106832 0.012554 0.178588 114.162 13184.4 1.44184
0.91 0.363927 0.387442 0.103808 0.0118208 0.165327 113.144 12935.2 1.29735
0.9 0.358487 0.387828 0.100268 0.0111535 0.175982 112.012 12698.3 1.50403
0.89 0.35451 0.382259 0.0976208 0.0105729 0.168765 111.17 12502.3 1.45049
0.88 0.351762 0.382426 0.097225 0.0104925 0.170141 111.402 12558.9 1.5142
0.87 0.347192 0.363171 0.0954122 0.0100798 0.161605 111.208 12499.7 1.36962
0.86 0.345174 0.375101 0.0942302 0.00983334 0.15974 110.949 12435.6 1.32001
0.85 0.341171 0.389904 0.092341 0.00957647 0.177816 110.522 12369.8 1.6457
0.84 0.336706 0.371711 0.0901021 0.00910625 0.169348 109.858 12211.7 1.54739
0.83 0.333757 0.36929 0.089092 0.00892418 0.171202 110.018 12248.1 1.5785
0.82 0.329944 0.364478 0.0860337 0.00833311 0.163548 108.833 11982.9 1.54872
0.81 0.32529 0.36238 0.0836976 0.00789497 0.158167 108.172 11833.1 1.50717
0.8 0.322565 0.356653 0.081391 0.00748342 0.154607 107.51 11681.9 1.43674
0.79 0.318793 0.357429 0.0802295 0.00729815 0.157009 107.425 11664.7 1.46877
0.78 0.31435 0.347584 0.0778576 0.00693325 0.16088 106.741 11529.1 1.62767
0.77 0.31328 0.348389 0.0781521 0.0069417 0.15596 107.321 11647.8 1.57242
0.76 0.309119 0.344607 0.0750333 0.00645206 0.155759 106.094 11390.3 1.66508
0.75 0.305463 0.336491 0.0731448 0.00615798 0.155101 105.712 11305.6 1.64554
0.74 0.302368 0.334593 0.072742 0.00606841 0.151202 105.906 11338.9 1.56766
0.73 0.298773 0.327201 0.0692514 0.00553636 0.146091 104.536 11049.2 1.59133
0.72 0.294647 0.318352 0.0674448 0.00526291 0.142822 104.131 10960.5 1.56402
0.71 0.292108 0.327989 0.0653694 0.00498354 0.144075 103.53 10836.3 1.60307
0.7 0.288338 0.316444 0.0630014 0.00464953 0.139958 102.567 10636.6 1.62406
0.69 0.285683 0.30527 0.0614247 0.0044334 0.137825 102.018 10520.8 1.6074
0.68 0.282943 0.311074 0.0610385 0.00437163 0.136785 102.447 10610.6 1.65246
0.67 0.278794 0.300887 0.0583358 0.00401653 0.13185 101.586 10426.4 1.56801
0.66 0.275877 0.290323 0.056401 0.00377161 0.128843 100.938 10293.2 1.5707
0.65 0.273146 0.290882 0.056074 0.00373998 0.131968 101.348 10381.1 1.66459
0.64 0.270501 0.290484 0.0543486 0.00352783 0.129162 100.798 10264.8 1.62247
0.63 0.267752 0.283096 0.0524208 0.00328283 0.12226 100.238 10147.9 1.58782
0.62 0.26399 0.271142 0.0500229 0.00301725 0.119602 99.5389 10007.2 1.60816
0.61 0.262637 0.269806 0.0506906 0.00309228 0.1234 100.125 10123.8 1.61922
0.6 0.259169 0.274075 0.0491288 0.00291975 0.121465 99.913 10078.2 1.5942
0.59 0.256138 0.259008 0.0474566 0.00272931 0.116464 99.3707 9965.16 1.54571
0.58 0.253755 0.254626 0.0445927 0.00243402 0.11061 98.086 9711.02 1.585
0.57 0.251464 0.253361 0.0440365 0.00237658 0.110495 98.226 9736.24 1.56994
0.56 0.248585 0.247504 0.043374 0.00232255 0.113465 98.5025 9794.6 1.66513
0.55 0.246455 0.249607 0.0421601 0.00219622 0.109636 98.0282 9695.04 1.58628
0.54 0.243979 0.239916 0.0410569 0.00208873 0.107483 97.8427 9659.14 1.62677
0.53 0.241337 0.235581 0.0393608 0.00193572 0.104997 97.2595 9542.11 1.60432
0.52 0.238521 0.236204 0.0383333 0.0018372 0.10184 97.1812 9523.58 1.57109
0.51 0.23708 0.236847 0.0387059 0.00187299 0.105838 97.7298 9629.29 1.56861
0.5 0.234358 0.229615 0.0365097 0.00167069 0.0972659 96.9747 9478.12 1.52666
0.49 0.232484 0.227747 0.0356354 0.00160752 0.0992249 96.7788 9442.58 1.61216
0.48 0.229826 0.224962 0.0351431 0.0015599 0.0974599 97.2444 9529.29 1.56009
0.47 0.227566 0.218247 0.0333198 0.00141939 0.0947291 96.2624 9334.73 1.50892
0.46 0.225475 0.223794 0.0325708 0.00136455 0.0950698 96.4022 9364.77 1.60961
0.45 0.223104 0.219938 0.0317389 0.00129835 0.093118 96.1925 9320.53 1.5599
0.44 0.221041 0.218849 0.0307858 0.0012356 0.0942019 96.0727 9296.82 1.5818
0.43 0.219009 0.220552 0.0298753 0.001175 0.0945917 96.0146 9285.55 1.61653
0.42 0.216297 0.223752 0.0295069 0.00113795 0.0916435 96.1716 9311.41 1.54534
0.41 0.214418 0.220618 0.0289715 0.00109987 0.0914998 96.1789 9311.1 1.53996
0.4 0.212005 0.222698 0.0279497 0.0010222 0.0867663 95.9738 9269.07 1.51372
0.39 0.209931 0.222404 0.0267483 0.000946998 0.0854874 95.7362 9222.99 1.54218
0.38 0.207686 0.225954 0.0255882 0.000876765 0.0841299 95.5386 9183.59 1.54132
0.37 0.205477 0.222584 0.0252653 0.000851365 0.0829092 95.5161 9176.34 1.49993
0.36 0.203011 0.229003 0.0249941 0.000839036 0.0857324 95.7277 9216.63 1.53314
0.35 0.20061 0.231819 0.0245226 0.000818236 0.0892306 96.1833 9305.55 1.61362
0.34 0.199066 0.239915 0.0242437 0.000795385 0.0879355 96.2778 9321.28 1.58463
0.33 0.196013 0.232086 0.0233104 0.000746002 0.0884189 96.1654 9298.38 1.59412
0.32 0.193477 0.246478 0.0240809 0.000788067 0.0936795 96.9293 9445.89 1.63141
0.31 0.191751 0.250957 0.0228417 0.000708705 0.0868473 96.4901 9358.46 1.60848
0.3 0.18894 0.243423 0.0224896 0.000695814 0.0912157 96.9385 9442.9 1.57548
0.29 0.186356 0.253729 0.0225823 0.000702457 0.0955848 97.4254 9535.94 1.56512
0.28 0.183227 0.264201 0.0226514 0.000710851 0.101708 97.9156 9633.46 1.67776
0.27 0.180857 0.276249 0.0220427 0.000669833 0.0981076 98.0462 9656.86 1.65452
0.26 0.178054 0.280179 0.0217687 0.000663764 0.105167 98.2858 9704.96 1.75505
0.25 0.175345 0.29855 0.0216378 0.000652308 0.106048 98.6578 9775.18 1.69554
0.24 0.172438 0.309634 0.0215104 0.000646889 0.110515 98.9003 9822.7 1.74526
0.23 0.1692 0.319409 0.021759 0.000656496 0.114599 99.5448 9950.79 1.81834
0.22 0.165691 0.333958 0.0225708 0.000701278 0.125565 100.451 10131 1.83485
0.21 0.162238 0.357866 0.0225271 0.000692265 0.126717 100.938 10226.4 1.78936
0.2 0.158631 0.37033 0.0232635 0.00073201 0.137388 101.816 10405.7 1.92453
0.19 0.155134 0.393921 0.0225976 0.000705119 0.147387 102.083 10457.9 1.90753
0.18 0.150651 0.434433 0.024617 0.00081366 0.16613 103.541 10758.6 2.03171
0.17 0.146191 0.455468 0.0256875 0.000881043 0.187365 104.5 10957.2 2.08611
0.16 0.14132 0.516689 0.027601 0.00101351 0.226524 106.032 11282.2 2.31845
0.15 0.135647 0.598992 0.0316722 0.00130363 0.288482 108.138 11736.4 2.62491
0.14 0.129565 0.670752 0.0363708 0.00171835 0.406813 110.277 12207.6 3.02321
0.13 -0.383647 1.24319 0.995494 0.99104 0.0356853 316.707 100312 0.220072
0.12 -0.395806 1.20974 0.997443 0.994911 0.0214014 317.398 100749 0.210375
0.11 -0.407264 1.12265 0.998668 0.997347 0.0124459 318.012 101139 0.215267
0.1 -0.418113 1.09254 0.999397 0.998799 0.00612957 318.634 101535 0.217072
0.09 -0.428862 1.03087 0.999759 0.999519 0.00267303 319.197 101893 0.210388
0.08 -0.439236 1.02515 0.999928 0.999856 0.000928111 319.786 102269 0.21209
0.07 -0.449485 1.01122 0.99999 0.999981 0.000148615 320.276 102581 0.209173
0.06 -0.459589 1.02303 0.999997 0.999994 4.62778e-05 320.827 102934 0.212802
0.05 -0.46976 1.02862 1 1 0 321.361 103276 0.208948
0.04 -0.479835 1.01339 1 1 0 321.885 103613 0.211602
0.03 -0.489975 1.01299 1 1 0 322.42 103957 0.2106
0.02 -0.500019 1.00567 1 1 0 322.945 104295 0.206814
0.01 -0.510016 0.997106 1 1 0 323.478 104639 0.208724
