1 0.510129 0.380255 0.105053 0.0112766 0.138575 456.576 208837 0.82127
0.99 0.506353 0.385153 0.103449 0.0109384 0.13767 455.642 207980 0.822044
0.98 0.502403 0.377155 0.102143 0.0106644 0.135887 455.102 207479 0.81081
0.97 0.499265 0.388611 0.101179 0.0104744 0.140839 454.819 207228 0.835101
0.96 0.495544 0.375314 0.0995782 0.0101441 0.136947 453.64 206150 0.828918
0.95 0.491903 0.370196 0.0976294 0.00975174 0.133529 451.915 204577 0.815404
0.94 0.487592 0.369529 0.0956712 0.00937096 0.133573 450.327 203142 0.820972
0.93 0.484015 0.366113 0.094258 0.00910202 0.134681 449.306 202223 0.831273
0.92 0.480449 0.372931 0.0931122 0.00888441 0.134316 449.071 202013 0.842283
0.91 0.476482 0.364232 0.0915345 0.00858314 0.129481 447.939 200976 0.800852
0.9 0.473185 0.366932 0.0901289 0.00833042 0.13261 447.251 200378 0.856878
0.89 0.469581 0.367604 0.0883624 0.00801022 0.130926 445.618 198906 0.8336
0.88 0.465667 0.359506 0.0868185 0.00773386 0.128562 444.661 198051 0.835624
0.87 0.462033 0.365659 0.0853422 0.00747747 0.128563 443.732 197224 0.843671
0.86 0.458159 0.351982 0.0838471 0.00722204 0.128394 442.822 196416 0.853402
0.85 0.454426 0.353545 0.0821161 0.00692744 0.124955 441.406 195154 0.83876
0.84 0.45116 0.356029 0.0807994 0.00670953 0.124109 440.888 194691 0.832735
0.83 0.447857 0.354082 0.0794266 0.00648687 0.123731 439.787 193714 0.825719
0.82 0.444274 0.353843 0.0782128 0.0062925 0.12311 439.416 193388 0.838293
0.81 0.440591 0.354401 0.0767402 0.00606198 0.122966 438.565 192642 0.851469
0.8 0.437444 0.347128 0.0754014 0.00585266 0.12045 437.803 191965 0.838319
0.79 0.433787 0.34979 0.0739668 0.00563796 0.121674 436.816 191107 0.866309
0.78 0.430254 0.349078 0.0726007 0.00543398 0.120455 436.122 190494 0.857127
0.77 0.427136 0.347762 0.0712076 0.00522938 0.118841 435.076 189576 0.848597
0.76 0.423427 0.346352 0.0695305 0.0049888 0.116951 433.911 188563 0.861361
0.75 0.420419 0.341962 0.068222 0.00480958 0.119306 432.927 187706 0.862234
0.74 0.416822 0.343309 0.0671398 0.00465758 0.116617 432.833 187619 0.856877
0.73 0.413603 0.33796 0.0657716 0.00447227 0.115487 431.991 186887 0.858111
0.72 0.409913 0.329683 0.0642437 0.00427077 0.114818 431.162 186168 0.862331
0.71 0.406684 0.333599 0.063103 0.0041228 0.114232 430.538 185627 0.864882
0.7 0.403341 0.326402 0.0617593 0.00395089 0.112466 429.776 184969 0.868539
0.69 0.400036 0.332569 0.0604119 0.00378101 0.109699 429.366 184611 0.864866
0.68 0.396386 0.326937 0.0589789 0.00360735 0.109135 428.287 183681 0.865674
0.67 0.393414 0.330624 0.0577328 0.00345941 0.108612 427.672 183152 0.866044
0.66 0.390333 0.335683 0.0568256 0.0033539 0.108877 427.262 182793 0.854144
0.65 0.386838 0.321433 0.0554981 0.00319998 0.106291 426.899 182481 0.857346
0.64 0.383577 0.321589 0.0543357 0.00307061 0.106421 426.164 181853 0.869502
0.63 0.380821 0.32366 0.0531594 0.00294118 0.105383 425.659 181417 0.86243
0.62 0.377121 0.313925 0.0517961 0.00279388 0.103166 424.991 180842 0.852936
0.61 0.37414 0.317501 0.0508382 0.00269129 0.10082 424.719 180609 0.861416
0.6 0.370608 0.316187 0.0493945 0.00254812 0.103965 424.082 180072 0.889211
0.59 0.367729 0.317933 0.0484517 0.00245081 0.100791 424.008 180001 0.8715
0.58 0.364133 0.32166 0.0472242 0.00232801 0.0972114 423.556 179608 0.850057
0.57 0.361478 0.317579 0.0464902 0.00226015 0.0998569 423.624 179668 0.87308
0.56 0.357748 0.322539 0.0451286 0.00213169 0.097824 422.885 179039 0.875136
0.55 0.354909 0.319933 0.044301 0.00205639 0.0982494 422.704 178885 0.883872
0.54 0.351596 0.31556 0.0430941 0.00194582 0.0946312 422.615 178804 0.879882
0.53 0.348502 0.325581 0.0423056 0.00187726 0.0950828 422.525 178722 0.867928
0.52 0.345331 0.320362 0.0410087 0.00176732 0.0948313 422.063 178329 0.874482
0.51 0.342001 0.32071 0.0401435 0.0016939 0.0930689 422.166 178411 0.868762
0.5 0.338794 0.325778 0.039322 0.0016275 0.0936405 422.276 178498 0.858859
0.49 0.33562 0.321906 0.0385128 0.001565 0.0961149 422.426 178626 0.880547
0.48 0.332031 0.327548 0.0375413 0.00148707 0.0932616 422.724 178875 0.884433
0.47 0.328959 0.329496 0.0364833 0.00140439 0.0899002 422.355 178558 0.876132
0.46 0.325576 0.341883 0.0355686 0.00133812 0.0914053 422.24 178456 0.873832
0.45 0.322213 0.342555 0.0345448 0.00126399 0.0904292 422.514 178687 0.890764
0.44 0.318756 0.342647 0.0338054 0.0012125 0.0912374 422.844 178964 0.895432
0.43 0.315585 0.342858 0.033167 0.0011677 0.090624 423.229 179287 0.900196
0.42 0.311996 0.350715 0.0324804 0.00111927 0.0881719 423.971 179906 0.871578
0.41 0.308425 0.3553 0.0314868 0.00105332 0.0869584 424.253 180141 0.86504
0.4 0.304779 0.366105 0.03095 0.0010194 0.0885557 424.939 180724 0.891007
0.39 0.301057 0.368294 0.0300148 0.000960302 0.0877452 425.198 180942 0.895545
0.38 0.297586 0.370865 0.0293339 0.000919906 0.0900843 425.955 181585 0.910449
0.37 0.293959 0.383269 0.0284161 0.000863657 0.0874657 426.402 181956 0.873553
0.36 0.290042 0.392927 0.0277424 0.000824137 0.0871896 427.193 182632 0.900706
0.35 0.285907 0.396706 0.0273044 0.000799562 0.0889187 428.464 183716 0.899149
0.34 0.281987 0.409836 0.0267022 0.000765289 0.0885734 429.546 184641 0.898949
0.33 0.277847 0.412001 0.0257721 0.000715137 0.0889039 430.173 185178 0.911507
0.32 0.273623 0.42073 0.0253053 0.000689116 0.087765 431.46 186282 0.902798
0.31 0.269171 0.44332 0.0246664 0.000656679 0.0896469 432.91 187535 0.926512
0.3 0.264794 0.454095 0.0240786 0.000627245 0.0911315 434.02 188493 0.918394
0.29 0.260049 0.476313 0.0235238 0.000599509 0.0916453 435.685 189939 0.927692
0.28 0.255191 0.491625 0.0230801 0.000577559 0.0922968 437.522 191539 0.933425
0.27 0.25046 0.502047 0.0228542 0.000565086 0.09125 439.438 193217 0.932877
0.26 0.245297 0.517307 0.0221764 0.000533968 0.0934358 441.268 194825 0.93788
0.25 0.23995 0.550145 0.0218172 0.000516872 0.094192 443.468 196769 0.953244
0.24 0.234327 0.564912 0.0214514 0.000501961 0.100318 445.878 198911 0.968377
0.23 0.228289 0.604345 0.0210076 0.00048116 0.0997809 448.483 201237 0.96585
0.22 0.222481 0.616921 0.0205502 0.000462863 0.106176 451.156 203640 0.983952
0.21 0.216138 0.650848 0.0204403 0.000457951 0.110115 454.274 206461 1.0071
0.2 0.209372 0.684843 0.020059 0.000440788 0.11066 457.61 209499 1.00519
0.19 0.202251 0.72663 0.0197908 0.000429381 0.114307 461.127 212726 1.00602
0.18 0.194491 0.782088 0.0195906 0.000422049 0.122421 465.364 216652 1.05742
0.17 0.18643 0.824627 0.0195936 0.000420632 0.12443 469.988 220974 1.06738
0.16 0.178098 0.884572 0.0196539 0.000424503 0.137618 474.926 225638 1.09653
0.15 0.168724 0.930557 0.0194267 0.000416001 0.148236 480.401 230867 1.13712
0.14 0.15927 0.989354 0.0192692 0.000408995 0.155082 486 236272 1.12331
0.13 0.149035 1.06345 0.0190314 0.000398228 0.159654 492.28 242412 1.13792
0.12 0.138142 1.11691 0.0186477 0.000385837 0.182873 498.854 248927 1.1898
0.11 0.126526 1.16536 0.0188056 0.0003919 0.200278 506.668 256779 1.20551
0.1 0.114514 1.22095 0.0180529 0.000362971 0.213495 513.931 264186 1.18664
0.09 0.102243 1.22592 0.0176267 0.000346996 0.232284 521.877 272412 1.19755
0.08 0.0898675 1.21879 0.0159039 0.00028795 0.252112 528.781 279660 1.19952
0.07 0.0775735 1.22351 0.0152198 0.00026449 0.270296 536.428 287800 1.19712
0.06 0.0654913 1.20253 0.0121561 0.00017509 0.262268 542.258 294080 1.13885
0.05 0.0537675 1.14162 0.00988628 0.000118256 0.236364 548.322 300687 1.0712
0.04 0.0423707 1.12326 0.00621536 4.6681e-05 0.115924 553.111 305951 0.881956
0.03 0.0310856 1.05935 0.000923958 2.09328e-06 0.0238 556.564 309776 0.733167
0.02 0.0205808 1.05144 0.00173611 3.01408e-06 0 563.963 318062 0.693125
0.01 0.0102486 1.01987 0.00173611 3.01408e-06 0 570.656 325653 0.67159
