0.7 0.334364 0.255754 0.0562628 0.00330729 0.116665 427.002 182696 1.22144
0.69 0.331604 0.254579 0.0553648 0.00320798 0.119132 426.255 182062 1.2533
0.68 0.328957 0.247882 0.0546161 0.00312399 0.119489 425.754 181628 1.24742
0.67 0.327006 0.249075 0.0539913 0.00305056 0.116491 425.532 181426 1.22284
0.66 0.324042 0.248798 0.0530511 0.00294914 0.117573 424.725 180745 1.26039
0.65 0.321593 0.249628 0.0525768 0.00289815 0.118589 424.637 180665 1.26033
0.64 0.319079 0.247776 0.0520194 0.0028392 0.119871 424.497 180548 1.28791
0.63 0.317011 0.243063 0.0510747 0.00273353 0.114194 423.612 179775 1.23128
0.62 0.31465 0.242088 0.0502106 0.00264491 0.115017 422.93 179197 1.24812
0.61 0.311859 0.243306 0.0500097 0.00262618 0.11823 423.581 179749 1.26977
0.6 0.309598 0.240577 0.0492025 0.00254376 0.117961 422.757 179043 1.25737
0.59 0.307205 0.240776 0.0487827 0.00249938 0.116786 422.779 179062 1.2805
0.58 0.304714 0.239985 0.0478856 0.00240598 0.112171 422.121 178486 1.22177
0.57 0.302233 0.246713 0.0475543 0.00238082 0.120673 422.276 178629 1.29933
0.56 0.299552 0.241435 0.0472823 0.00234801 0.115605 422.511 178813 1.25699
0.55 0.297286 0.244523 0.0465372 0.00227838 0.117991 421.98 178360 1.26314
0.54 0.294947 0.244787 0.0464292 0.00226845 0.120306 422.437 178750 1.29939
0.53 0.292633 0.252194 0.0458561 0.00221493 0.121889 422.286 178619 1.31281
0.52 0.289782 0.246744 0.0454911 0.00217906 0.12143 422.674 178937 1.2906
0.51 0.28726 0.261523 0.0454996 0.00217946 0.123386 423.368 179527 1.32595
0.5 0.28484 0.252288 0.0448332 0.00211909 0.125654 422.793 179034 1.32209
0.49 0.282293 0.263192 0.0448314 0.00211854 0.127753 423.698 179800 1.34797
0.48 0.279578 0.263228 0.0446477 0.00209734 0.124708 424.372 180360 1.31673
0.47 0.277056 0.26787 0.044095 0.00204783 0.126799 423.942 179989 1.31599
0.46 0.274353 0.270158 0.0442955 0.0020699 0.134994 425.236 181097 1.38719
0.45 0.271561 0.273348 0.0444175 0.00208155 0.139043 426.177 181899 1.41857
0.44 0.268791 0.283424 0.044497 0.00208937 0.143205 426.841 182459 1.41529
0.43 0.265722 0.288266 0.0446697 0.00210566 0.147714 428.045 183488 1.44098
0.42 0.26308 0.29938 0.0448796 0.00212267 0.148786 429.047 184340 1.43456
0.41 0.260152 0.306738 0.0451477 0.00214871 0.155091 430.239 185364 1.46603
0.4 0.256916 0.312441 0.0451882 0.00215486 0.162556 431.11 186110 1.4727
0.39 0.253747 0.319463 0.046081 0.00223244 0.160957 433.243 187953 1.50104
0.38 0.250656 0.342269 0.0465965 0.00228696 0.175406 434.459 189015 1.57852
0.37 0.24716 0.353389 0.0475676 0.00237957 0.181974 436.774 191020 1.53753
0.36 0.243591 0.359779 0.0480878 0.002432 0.191309 438.457 192496 1.58861
0.35 0.239795 0.373862 0.0492609 0.00255384 0.209346 440.919 194671 1.69282
0.34 0.236267 0.389225 0.0505419 0.0026822 0.216354 443.372 196836 1.70436
0.33 0.23192 0.422491 0.0522679 0.00285901 0.221805 446.476 199596 1.72787
0.32 0.227703 0.465269 0.0541345 0.00307654 0.262788 449.746 202549 1.93219
0.31 0.222902 0.480791 0.0568457 0.00337854 0.273324 454.055 206437 1.92563
0.3 0.217525 0.530444 0.06055 0.00383428 0.322512 459.61 211529 2.08252
0.29 0.212235 0.593443 0.0633202 0.00419985 0.378174 464.084 215687 2.3281
0.28 0.205981 0.67896 0.0684123 0.00488431 0.419788 470.896 222069 2.4684
0.27 0.198975 0.789369 0.0745807 0.00582255 0.555236 478.957 229778 2.92846
0.26 0.190037 0.980874 0.0841043 0.0073961 0.714586 490.703 241235 3.48725
0.25 -0.243245 1376.6 0.579579 0.526409 438.905 915.417 973519 592.219
0.24 -0.617828 1.47681 0.98809 0.976345 0.0522763 1259.24 1.58573e+06 0.154689
0.23 -0.632201 1.38963 0.990898 0.981895 0.0412492 1261.56 1.59159e+06 0.153697
0.22 -0.645648 1.31514 0.993126 0.986311 0.0322175 1263.78 1.59719e+06 0.149472
0.21 -0.658749 1.23708 0.994959 0.989952 0.0244338 1265.72 1.60209e+06 0.148234
0.2 -0.670982 1.21021 0.996362 0.992744 0.0181219 1267.58 1.6068e+06 0.145897
0.19 -0.682875 1.19218 0.997477 0.994964 0.0134642 1269.26 1.61105e+06 0.145062
0.18 -0.694613 1.15615 0.998339 0.996683 0.00916611 1271.01 1.61551e+06 0.14391
0.17 -0.705754 1.10948 0.998942 0.997886 0.00620483 1272.52 1.61933e+06 0.141623
0.16 -0.716632 1.07146 0.999366 0.998733 0.00397131 1273.99 1.62308e+06 0.141083
0.15 -0.727393 1.05714 0.99964 0.999281 0.00238389 1275.55 1.62706e+06 0.141013
0.14 -0.737912 1.04327 0.999816 0.999633 0.00131009 1276.98 1.6307e+06 0.14217
0.13 -0.748358 1.02954 0.999918 0.999836 0.000635059 1278.36 1.63422e+06 0.139219
0.12 -0.758601 1.03068 0.999964 0.999928 0.000305547 1279.69 1.63764e+06 0.143921
0.11 -0.768864 1.03562 0.999988 0.999976 0.00010815 1281.15 1.64136e+06 0.141823
0.1 -0.779082 1.02976 0.999997 0.999994 3.11938e-05 1282.49 1.64479e+06 0.141654
0.09 -0.789333 0.998358 0.999999 0.999998 1.06037e-05 1283.88 1.64838e+06 0.137032
0.08 -0.799394 1.01717 1 1 0 1285.23 1.65184e+06 0.14085
0.07 -0.809597 1.02381 1 1 0 1286.58 1.65531e+06 0.138945
0.06 -0.819712 0.996124 1 1 0 1287.96 1.65886e+06 0.139064
0.05 -0.829821 1.01522 1 1 0 1289.3 1.6623e+06 0.140236
0.04 -0.839866 1.00083 1 1 0 1290.61 1.66568e+06 0.139796
0.03 -0.849941 1.00508 1 1 0 1292 1.66926e+06 0.141832
0.02 -0.859975 1.01785 1 1 0 1293.34 1.67273e+06 0.139939
0.01 -0.869998 0.992854 1 1 0 1294.66 1.67616e+06 0.14046
