0.7 0.334265 0.25592 0.0565468 0.00334175 0.118668 427.419 183060 1.24513
0.69 0.331429 0.246891 0.0554843 0.00322292 0.120557 426.516 182288 1.26552
0.68 0.329189 0.248829 0.0546413 0.00312521 0.118197 425.856 181710 1.23317
0.67 0.326697 0.245069 0.0536503 0.00301406 0.116667 424.817 180821 1.23416
0.66 0.323927 0.244155 0.0534707 0.00299518 0.118754 425.547 181445 1.26201
0.65 0.321734 0.247059 0.0525464 0.00289638 0.119866 424.447 180504 1.26359
0.64 0.319244 0.244182 0.0517078 0.00280329 0.116635 423.985 180099 1.23627
0.63 0.316676 0.237888 0.0510395 0.00272924 0.113564 423.71 179856 1.21905
0.62 0.314404 0.248495 0.0504519 0.00267048 0.11621 423.419 179617 1.26827
0.61 0.311957 0.244152 0.0492864 0.0025515 0.115537 422.367 178724 1.27996
0.6 0.309377 0.24532 0.0492907 0.0025546 0.120029 422.931 179199 1.2918
0.59 0.307103 0.243533 0.0485948 0.00248181 0.117504 422.339 178689 1.27881
0.58 0.304637 0.244584 0.0483462 0.00245782 0.119632 422.856 179118 1.2675
0.57 0.302108 0.240446 0.0475031 0.0023733 0.11798 422.331 178673 1.28414
0.56 0.29967 0.244162 0.0475394 0.0023721 0.115303 422.86 179107 1.25251
0.55 0.297311 0.250564 0.047063 0.00233092 0.121471 422.82 179078 1.29751
0.54 0.294857 0.244217 0.0462362 0.00225278 0.122662 422.467 178779 1.31792
0.53 0.292344 0.246538 0.0461301 0.00223959 0.121285 422.734 178996 1.30469
0.52 0.289682 0.25052 0.0454834 0.00217884 0.121959 422.727 178988 1.31937
0.51 0.287552 0.251179 0.0452372 0.00215607 0.123848 422.82 179066 1.33884
0.5 0.284824 0.252415 0.0448817 0.00212107 0.122927 423.128 179314 1.30418
0.49 0.28217 0.249421 0.0447606 0.00211198 0.127507 423.601 179715 1.33737
0.48 0.279436 0.265323 0.0448947 0.0021258 0.132318 424.674 180631 1.38757
0.47 0.277036 0.260565 0.0445705 0.0020934 0.130973 424.749 180679 1.3372
0.46 0.274426 0.264177 0.0442802 0.0020675 0.133686 425.23 181092 1.39171
0.45 0.271507 0.274665 0.0442352 0.00206221 0.134984 425.841 181601 1.36245
0.44 0.268809 0.278835 0.0443727 0.00207094 0.133537 426.842 182447 1.34909
0.43 0.265904 0.282524 0.0444457 0.00208106 0.141504 427.714 183195 1.38641
0.42 0.262959 0.292994 0.0450252 0.00213303 0.145046 429.361 184601 1.3877
0.41 0.259799 0.301727 0.0452278 0.0021576 0.15742 430.539 185626 1.48506
0.4 0.257012 0.31467 0.0455202 0.00218022 0.155704 431.537 186476 1.4565
0.39 0.253843 0.321564 0.0459361 0.0022213 0.164192 432.839 187601 1.48846
0.38 0.250641 0.334328 0.0466662 0.00229514 0.177958 434.806 189309 1.53063
0.37 0.247284 0.35011 0.0472311 0.00234635 0.179928 436.293 190600 1.54375
0.36 0.243624 0.35352 0.0481629 0.00243987 0.192321 438.414 192461 1.61031
0.35 0.239776 0.372629 0.0495574 0.0025771 0.199408 441.314 195015 1.66311
0.34 0.235944 0.390334 0.0508203 0.00271428 0.222903 443.85 197265 1.74072
0.33 0.231925 0.418215 0.0525049 0.0028892 0.231174 446.724 199818 1.73127
0.32 0.227478 0.456493 0.0544029 0.00310761 0.266294 450.314 203066 1.96131
0.31 0.222733 0.497489 0.0572197 0.00343095 0.291441 454.613 206955 1.99916
0.3 0.217612 0.535788 0.0602999 0.00380915 0.332288 459.142 211107 2.15207
0.29 0.212203 0.603489 0.0637506 0.0042579 0.384851 464.167 215769 2.36086
0.28 0.205928 0.672094 0.068403 0.00489679 0.448072 471.044 222221 2.56512
0.27 0.198497 0.809622 0.075663 0.00598465 0.554158 480.455 231220 2.95459
0.26 0.189105 1.09358 0.0860418 0.00777819 0.830744 492.895 243444 3.88783
0.25 -0.499528 636.87 0.868786 0.842043 201.033 1159.12 1.40541e+06 213.39
0.24 -0.617835 1.48059 0.988141 0.976444 0.0522625 1259.23 1.5857e+06 0.153755
0.23 -0.632026 1.40095 0.990839 0.981778 0.0412665 1261.62 1.59172e+06 0.152662
0.22 -0.645597 1.32147 0.993073 0.986206 0.0322325 1263.75 1.5971e+06 0.150407
0.21 -0.65874 1.24831 0.994964 0.989963 0.0241214 1265.76 1.60218e+06 0.149328
0.2 -0.67105 1.22161 0.996376 0.992772 0.0183767 1267.5 1.60659e+06 0.145239
0.19 -0.683142 1.17549 0.997525 0.99506 0.0131065 1269.31 1.61118e+06 0.143559
0.18 -0.694422 1.1206 0.998314 0.996634 0.00934907 1270.91 1.61526e+06 0.142819
0.17 -0.705829 1.10837 0.998931 0.997864 0.00620882 1272.57 1.61946e+06 0.143359
0.16 -0.716686 1.08395 0.999377 0.998756 0.00379471 1274.1 1.62336e+06 0.139421
0.15 -0.727399 1.0552 0.999648 0.999296 0.00235025 1275.5 1.62693e+06 0.14039
0.14 -0.737855 1.04416 0.999819 0.999638 0.00131351 1276.97 1.63067e+06 0.140632
0.13 -0.748325 1.02096 0.999913 0.999827 0.000663261 1278.35 1.6342e+06 0.143396
0.12 -0.758632 1.03728 0.999964 0.999928 0.000298253 1279.73 1.63773e+06 0.14086
0.11 -0.768788 1.0194 0.999989 0.999979 9.80457e-05 1281.04 1.64108e+06 0.139045
0.1 -0.779107 1.01809 0.999996 0.999993 3.55173e-05 1282.45 1.64469e+06 0.138128
0.09 -0.789303 1.01446 1 0.999999 4.82133e-06 1283.86 1.64832e+06 0.142357
0.08 -0.79945 1.02492 1 1 1.08501e-06 1285.21 1.65179e+06 0.141064
0.07 -0.809575 0.99705 1 1 0 1286.6 1.65535e+06 0.143053
0.06 -0.819674 1.01138 1 1 0 1287.9 1.65871e+06 0.140736
0.05 -0.8298 1.01055 1 1 0 1289.32 1.66236e+06 0.137343
0.04 -0.839907 1.01923 1 1 0 1290.63 1.66573e+06 0.138106
0.03 -0.84994 1.00616 1 1 0 1291.98 1.66923e+06 0.140237
0.02 -0.859974 1.01309 1 1 0 1293.33 1.6727e+06 0.140733
0.01 -0.87 0.997806 1 1 0 1294.65 1.67611e+06 0.139594
