0.7 0.265163 0.469164 0.275564 0.0767534 0.672919 617.637 382308 1.92481
0.69 0.259958 0.465955 0.278234 0.0782122 0.665938 621.233 386742 1.89159
0.68 0.255178 0.496605 0.279225 0.0787954 0.702215 622.431 388264 1.99119
0.67 0.250863 0.495018 0.279756 0.0791076 0.725571 623.47 389557 2.01687
0.66 0.244933 0.518232 0.282679 0.080775 0.756967 626.883 393854 2.10525
0.65 0.24049 0.530182 0.284253 0.0816881 0.787305 628.951 396460 2.15293
0.64 0.234818 0.547224 0.286467 0.0829487 0.796612 631.668 399874 2.15061
0.63 0.228739 0.572224 0.290593 0.0853457 0.824188 636.188 405615 2.19385
0.62 0.223634 0.586314 0.292152 0.0862749 0.856693 637.998 407937 2.26499
0.61 0.216816 0.618468 0.29658 0.088915 0.902352 642.762 414068 2.35932
0.6 0.210718 0.663901 0.300502 0.0913127 0.970834 646.821 419341 2.48074
0.59 0.204295 0.714024 0.304286 0.0936526 1.03762 650.813 424567 2.62834
0.58 0.196218 0.787938 0.310859 0.0977706 1.12949 657.617 433528 2.79763
0.57 0.187417 0.888725 0.318744 0.102821 1.23613 665.411 443912 3.00567
0.56 0.17901 0.921635 0.32512 0.106917 1.24813 671.758 452372 2.95767
0.55 0.168732 1.04323 0.336013 0.114227 1.38461 682.517 467026 3.18847
0.54 0.158514 1.15973 0.345654 0.120843 1.45767 691.67 479627 3.26491
0.53 0.145674 1.35762 0.358734 0.130132 1.56683 704.414 497469 3.40032
0.52 0.131069 1.68164 0.374557 0.141924 1.80644 719.13 518566 3.7928
0.51 0.11362 1.96681 0.393559 0.156677 2.01935 736.831 544433 4.02366
0.5 0.0920521 2.65232 0.416599 0.1757 2.4708 757.746 575994 4.78906
0.49 0.0640177 3.10846 0.446995 0.201892 2.45388 784.99 617901 4.39624
0.48 0.0248777 4.33614 0.489046 0.241537 2.8445 822.735 678768 4.74668
0.47 -0.032168 5.63322 0.546866 0.301419 2.88795 873.612 765006 4.40191
0.46 -0.0966726 8.26715 0.605063 0.368786 3.36259 923.422 854736 4.77335
0.45 -0.177926 8.54497 0.671822 0.453407 2.64071 980.372 962634 3.40771
0.44 -0.25824 7.65612 0.730647 0.535313 1.92319 1029.37 1.06065e+06 2.31474
0.43 -0.32929 6.20476 0.777293 0.605137 1.27548 1067.75 1.14075e+06 1.4453
0.42 -0.388489 5.64282 0.812381 0.660678 0.981055 1095.53 1.20069e+06 1.09095
0.41 -0.443398 4.60234 0.84245 0.710226 0.708289 1119.34 1.25328e+06 0.782965
0.4 -0.484894 4.32936 0.863545 0.746117 0.585696 1135.42 1.28949e+06 0.66145
0.39 -0.523785 3.96996 0.881969 0.778199 0.485906 1149.52 1.32165e+06 0.553577
0.38 -0.559643 3.36535 0.898183 0.806988 0.387719 1161.76 1.34989e+06 0.462987
0.37 -0.592406 2.98065 0.912208 0.832324 0.311062 1172.49 1.3749e+06 0.395714
0.36 -0.622035 2.76859 0.924243 0.854391 0.26644 1181.32 1.39566e+06 0.359975
0.35 -0.649405 2.59581 0.934498 0.873426 0.230887 1189.11 1.41411e+06 0.333745
0.34 -0.674609 2.43398 0.943743 0.890767 0.196719 1196.2 1.43103e+06 0.3125
0.33 -0.697251 2.30147 0.951477 0.905405 0.169746 1202.18 1.44535e+06 0.296701
0.32 -0.719245 2.11597 0.958768 0.919315 0.142087 1207.95 1.45925e+06 0.280364
0.31 -0.740474 2.06205 0.965104 0.931494 0.125936 1213.18 1.4719e+06 0.27361
0.3 -0.759898 1.95825 0.97064 0.942199 0.108919 1217.86 1.48329e+06 0.259356
0.29 -0.778808 1.78618 0.97563 0.951899 0.0909106 1222.3 1.49411e+06 0.25704
0.28 -0.79613 1.74962 0.979952 0.960342 0.0757367 1226.42 1.50418e+06 0.245452
0.27 -0.812635 1.6312 0.983642 0.967582 0.0640074 1230.09 1.51321e+06 0.238768
0.26 -0.828532 1.5291 0.98689 0.973976 0.0526307 1233.6 1.52185e+06 0.23776
0.25 -0.843431 1.44357 0.989625 0.979376 0.0435984 1236.88 1.52994e+06 0.236619
0.24 -0.858133 1.41645 0.991965 0.984009 0.0344741 1240.23 1.53825e+06 0.229544
0.23 -0.87187 1.35971 0.993895 0.987838 0.0270858 1243.21 1.54563e+06 0.227789
0.22 -0.884948 1.28287 0.995418 0.990865 0.0209048 1246.11 1.55286e+06 0.220168
0.21 -0.897652 1.26643 0.996688 0.993393 0.0158271 1248.73 1.55939e+06 0.221102
0.2 -0.909711 1.20603 0.997692 0.995393 0.011503 1251.37 1.56597e+06 0.219903
0.19 -0.921463 1.15786 0.998439 0.996883 0.00818676 1253.86 1.57222e+06 0.218512
0.18 -0.933137 1.12192 0.998992 0.997986 0.00555327 1256.4 1.57859e+06 0.22193
0.17 -0.944269 1.12081 0.999379 0.99876 0.00369216 1258.8 1.58461e+06 0.216836
0.16 -0.955355 1.07529 0.999634 0.999269 0.00226166 1261.12 1.59047e+06 0.217819
0.15 -0.966021 1.07127 0.999808 0.999616 0.00127573 1263.41 1.59624e+06 0.212866
0.14 -0.976609 1.06827 0.999905 0.999811 0.000674972 1265.69 1.602e+06 0.215371
0.13 -0.987233 1.05044 0.999956 0.999912 0.000341345 1267.89 1.60759e+06 0.212999
0.12 -0.997702 1.02843 0.999982 0.999963 0.000154624 1270.12 1.61323e+06 0.2174
0.11 -1.00813 1.03133 0.999994 0.999989 5.11275e-05 1272.37 1.61895e+06 0.21413
0.1 -1.01845 1.03484 0.999998 0.999997 1.64774e-05 1274.56 1.62453e+06 0.212061
0.09 -1.02877 1.03231 0.999999 0.999998 8.67665e-06 1276.72 1.63005e+06 0.214198
0.08 -1.03904 1.03103 1 1 2.16992e-06 1278.85 1.63548e+06 0.211657
0.07 -1.04926 1.01905 1 1 0 1281.05 1.6411e+06 0.212592
0.06 -1.05947 1.03102 1 1 0 1283.19 1.6466e+06 0.211875
0.05 -1.06965 1.00566 1 1 0 1285.38 1.65222e+06 0.212528
0.04 -1.07977 1.01602 1 1 0 1287.5 1.65766e+06 0.214207
0.03 -1.0899 1.01322 1 1 0 1289.64 1.66317e+06 0.209518
0.02 -1.09996 1.00281 1 1 0 1291.76 1.66864e+06 0.208798
0.01 -1.10999 0.998829 1 1 0 1293.91 1.6742e+06 0.208394
