0.7 0.313786 0.320409 0.111042 0.0126793 0.287215 478.369 229438 1.79468
0.69 0.310385 0.316721 0.109413 0.0123228 0.293527 476.427 227590 1.84727
0.68 0.307101 0.31411 0.108216 0.0120617 0.297228 475.535 226738 1.86948
0.67 0.30407 0.313252 0.107505 0.0119072 0.300732 475.535 226748 1.92758
0.66 0.300573 0.314394 0.105598 0.0114851 0.291709 473.28 224573 1.85568
0.65 0.297598 0.311563 0.103642 0.0110624 0.284281 471.463 222848 1.86418
0.64 0.294593 0.306913 0.103105 0.010956 0.292849 471.325 222711 1.8691
0.63 0.291321 0.31114 0.102161 0.0107568 0.292433 470.76 222170 1.86987
0.62 0.288496 0.314069 0.100877 0.0104832 0.285226 469.434 220908 1.85232
0.61 0.285424 0.299744 0.0997774 0.0102676 0.294673 468.761 220285 1.91751
0.6 0.282109 0.311359 0.100053 0.0103276 0.304354 469.919 221377 1.96403
0.59 0.279004 0.299813 0.098857 0.0101005 0.320048 468.845 220380 2.03901
0.58 0.275956 0.307425 0.0983442 0.00998345 0.309723 468.698 220221 2.0004
0.57 0.272914 0.306766 0.0965666 0.00962313 0.301167 466.814 218436 1.95753
0.56 0.270035 0.303622 0.0964773 0.00963477 0.336254 467.25 218896 2.18897
0.55 0.266884 0.309238 0.0958115 0.00948851 0.323264 466.985 218610 2.082
0.54 0.263988 0.304451 0.0953518 0.0094063 0.335285 466.75 218399 2.15626
0.53 0.260513 0.319102 0.0961685 0.00956427 0.343312 468.531 220060 2.17032
0.52 0.257698 0.315565 0.0953258 0.00940439 0.35157 468.096 219660 2.24433
0.51 0.254325 0.314875 0.0952129 0.00937598 0.350661 468.152 219689 2.18807
0.5 0.251028 0.325509 0.0955756 0.00944873 0.361761 469.596 221051 2.26092
0.49 0.24773 0.335939 0.0956003 0.00946817 0.386442 470.01 221470 2.43445
0.48 0.244435 0.346103 0.0958538 0.00951948 0.397825 470.672 222084 2.44478
0.47 0.240939 0.349166 0.0963024 0.00960809 0.409249 471.629 222988 2.49997
0.46 0.237721 0.361444 0.096412 0.00963248 0.42225 472.277 223594 2.52347
0.45 0.233988 0.362419 0.0980795 0.00995333 0.427187 474.792 225972 2.54722
0.44 0.229923 0.386495 0.0999811 0.0103546 0.469165 477.499 228576 2.71232
0.43 0.226102 0.407 0.101213 0.0106097 0.48985 479.518 230513 2.79122
0.42 0.221943 0.427831 0.10382 0.0111799 0.550289 483.02 233926 3.04514
0.41 0.217949 0.449596 0.105701 0.0115924 0.589528 485.413 236250 3.13983
0.4 0.212768 0.512853 0.110087 0.0125802 0.663896 490.874 241631 3.42896
0.39 0.207136 0.567529 0.11487 0.0137328 0.794117 497.186 247951 3.9055
0.38 0.201354 0.663369 0.120946 0.0152402 0.928015 504.493 255349 4.36257
0.37 0.194778 0.794269 0.128191 0.0171424 1.1047 512.984 264088 4.92682
0.36 0.184821 1.10095 0.142331 0.0212742 1.62573 528.825 280916 6.62067
0.35 -0.523802 2.72237 0.923081 0.852254 0.289323 1205.86 1.45423e+06 0.290836
0.34 -0.55124 2.53337 0.934412 0.873269 0.243409 1212.99 1.47146e+06 0.260494
0.33 -0.574542 2.42964 0.943341 0.890013 0.210074 1218.66 1.48523e+06 0.253152
0.32 -0.597672 2.2276 0.95183 0.906079 0.178352 1224.04 1.49837e+06 0.234009
0.31 -0.619074 2.03899 0.959242 0.920225 0.14945 1228.91 1.5103e+06 0.221015
0.3 -0.639449 1.94596 0.965735 0.932712 0.129295 1233.33 1.52118e+06 0.211407
0.29 -0.658527 1.87041 0.971441 0.943752 0.109295 1237.29 1.53097e+06 0.202105
0.28 -0.676471 1.74316 0.976453 0.953505 0.0917727 1240.87 1.53984e+06 0.198323
0.27 -0.693124 1.65755 0.980774 0.961953 0.0756836 1244.28 1.54831e+06 0.192493
0.26 -0.709033 1.58586 0.984416 0.969104 0.0632581 1247.19 1.55554e+06 0.189447
0.25 -0.7247 1.47956 0.987658 0.975491 0.0509557 1250.07 1.56273e+06 0.18448
0.24 -0.738904 1.427 0.990307 0.980726 0.0421037 1252.73 1.5694e+06 0.184413
0.23 -0.752896 1.37223 0.992581 0.98523 0.0322807 1255.15 1.57547e+06 0.180899
0.22 -0.766142 1.31986 0.994452 0.988945 0.0262012 1257.54 1.58146e+06 0.179726
0.21 -0.778784 1.23987 0.995959 0.991941 0.0194016 1259.69 1.58686e+06 0.176084
0.2 -0.791146 1.20796 0.997139 0.994291 0.0145415 1261.87 1.59237e+06 0.176858
0.19 -0.802924 1.15616 0.998037 0.996081 0.0104884 1263.81 1.59726e+06 0.1749
0.18 -0.814267 1.12824 0.99871 0.997424 0.00722584 1265.81 1.60231e+06 0.172364
0.17 -0.825396 1.10323 0.9992 0.998402 0.00469828 1267.66 1.607e+06 0.172043
0.16 -0.836244 1.07648 0.99953 0.999061 0.00288894 1269.35 1.61128e+06 0.173975
0.15 -0.846996 1.07432 0.99973 0.999461 0.00177916 1271.15 1.61587e+06 0.172632
0.14 -0.857514 1.05942 0.99987 0.999741 0.000917906 1272.91 1.62033e+06 0.168411
0.13 -0.867984 1.03206 0.999936 0.999871 0.000498445 1274.51 1.6244e+06 0.172082
0.12 -0.878356 1.02109 0.999978 0.999956 0.000180736 1276.25 1.62884e+06 0.171054
0.11 -0.888608 1.00124 0.999992 0.999983 7.53939e-05 1277.93 1.63312e+06 0.170115
0.1 -0.898878 1.03081 0.999998 0.999996 2.08083e-05 1279.64 1.6375e+06 0.169811
0.09 -0.909065 1.02767 0.999999 0.999999 5.7853e-06 1281.28 1.64171e+06 0.167492
0.08 -0.91925 1.01844 1 1 1.08501e-06 1282.98 1.64604e+06 0.167111
0.07 -0.929489 1.01059 1 1 0 1284.62 1.65025e+06 0.166776
0.06 -0.939628 1.01029 1 1 0 1286.25 1.65445e+06 0.168595
0.05 -0.949756 0.991687 1 1 0 1287.84 1.65855e+06 0.168554
0.04 -0.959841 1.00298 1 1 0 1289.47 1.66274e+06 0.169251
0.03 -0.969937 0.998203 1 1 0 1291.16 1.6671e+06 0.164655
0.02 -0.979974 1.02907 1 1 0 1292.74 1.67119e+06 0.170185
0.01 -0.989997 1.00768 1 1 0 1294.37 1.67539e+06 0.163735
