0.7 0.148305 0.937177 0.421129 0.178257 0.746962 733.637 538987 1.48524
0.69 0.137371 0.968813 0.427741 0.183892 0.776462 739.987 548356 1.51724
0.68 0.126701 1.09235 0.435208 0.190365 0.811997 746.867 558603 1.56073
0.67 0.114755 1.15305 0.444102 0.198214 0.848644 755.403 571444 1.60056
0.66 0.102578 1.34673 0.451947 0.205324 0.931849 762.604 582448 1.75535
0.65 0.0893996 1.37854 0.460715 0.213307 0.929914 770.701 594831 1.69893
0.64 0.0771178 1.54883 0.469237 0.221269 0.977208 778.06 606263 1.77935
0.63 0.0583485 1.66321 0.483757 0.235114 0.999627 791.512 627382 1.78593
0.62 0.0426081 1.77217 0.494503 0.245623 1.0119 801.002 642479 1.75985
0.61 0.0232032 2.00255 0.508728 0.259947 1.07927 813.699 663018 1.83687
0.6 0.00339755 2.23699 0.522958 0.27469 1.15621 826.246 683646 1.94376
0.59 -0.0215015 2.51927 0.540953 0.293833 1.17425 842.116 710107 1.90707
0.58 -0.0461734 2.62729 0.558316 0.312889 1.16485 857.283 735844 1.82795
0.57 -0.0788395 3.25102 0.581716 0.339652 1.27195 877.695 771346 1.99459
0.56 -0.111652 3.6471 0.603864 0.365917 1.30082 897.152 805862 1.95042
0.55 -0.149623 3.84912 0.629173 0.39705 1.24739 919.077 845611 1.79676
0.54 -0.184259 4.33385 0.651076 0.42509 1.26903 937.63 880073 1.82514
0.53 -0.233769 4.80725 0.682215 0.466538 1.21809 964.575 931272 1.69792
0.52 -0.280806 5.16932 0.709979 0.505143 1.18877 988.382 977732 1.61825
0.51 -0.329804 5.34766 0.737592 0.545008 1.09014 1011.63 1.02415e+06 1.45329
0.5 -0.380753 5.22135 0.765188 0.58633 0.941545 1035.06 1.07199e+06 1.23886
0.49 -0.43458 5.0381 0.792901 0.629378 0.80676 1058.56 1.12108e+06 1.03584
0.48 -0.486554 4.6865 0.818149 0.669931 0.675365 1079.85 1.16653e+06 0.867321
0.47 -0.530754 4.57904 0.838444 0.703472 0.592944 1096.7 1.20315e+06 0.76127
0.46 -0.572377 4.11066 0.856655 0.734252 0.494136 1111.84 1.23651e+06 0.637828
0.45 -0.611597 3.75774 0.872939 0.762347 0.416184 1125.17 1.26628e+06 0.547049
0.44 -0.649081 3.56846 0.887953 0.788733 0.357664 1137.61 1.29441e+06 0.496295
0.43 -0.681291 3.39695 0.900133 0.810479 0.321813 1147.37 1.31669e+06 0.461997
0.42 -0.715398 3.05377 0.912546 0.832936 0.26852 1157.6 1.34024e+06 0.401573
0.41 -0.745082 2.78919 0.922865 0.851845 0.231595 1166.03 1.35981e+06 0.365129
0.4 -0.772187 2.70638 0.931868 0.868522 0.206599 1173.54 1.37736e+06 0.345943
0.39 -0.798057 2.4904 0.940078 0.883868 0.179301 1180.34 1.39334e+06 0.317393
0.38 -0.823023 2.35726 0.947747 0.898328 0.157214 1186.79 1.40861e+06 0.308455
0.37 -0.846617 2.23915 0.954646 0.911436 0.136533 1192.84 1.423e+06 0.288413
0.36 -0.868302 2.07783 0.960625 0.922877 0.121568 1198.01 1.43534e+06 0.282688
0.35 -0.889373 2.01833 0.966041 0.9333 0.105611 1203.08 1.44751e+06 0.268307
0.34 -0.908742 1.91265 0.970812 0.942532 0.0938557 1207.57 1.45832e+06 0.263845
0.33 -0.927317 1.86232 0.975209 0.951079 0.0810277 1211.87 1.46873e+06 0.259517
0.32 -0.9456 1.74648 0.979045 0.958566 0.067999 1216.02 1.47881e+06 0.255748
0.31 -0.963145 1.69261 0.982555 0.965447 0.0588457 1219.93 1.48833e+06 0.248525
0.3 -0.97909 1.59668 0.985531 0.971298 0.0503562 1223.39 1.49676e+06 0.241548
0.29 -0.995141 1.53199 0.988234 0.976628 0.0419568 1227.02 1.50566e+06 0.240397
0.28 -1.00958 1.45805 0.990395 0.9809 0.0355683 1229.95 1.51286e+06 0.234693
0.27 -1.02439 1.43595 0.992442 0.984955 0.0289203 1233.32 1.52116e+06 0.230648
0.26 -1.03789 1.33676 0.994032 0.98811 0.0233527 1236.08 1.52796e+06 0.230739
0.25 -1.05156 1.32565 0.995436 0.990902 0.0187747 1239.2 1.53569e+06 0.226675
0.24 -1.06418 1.25115 0.996563 0.993144 0.0144415 1241.76 1.54205e+06 0.226729
0.23 -1.07668 1.22717 0.997448 0.994906 0.0111406 1244.39 1.54858e+06 0.223836
0.22 -1.08848 1.18317 0.998181 0.996369 0.00841761 1246.94 1.55492e+06 0.220953
0.21 -1.10032 1.15258 0.998727 0.997458 0.00609866 1249.39 1.56103e+06 0.221072
0.2 -1.1119 1.11452 0.999166 0.998334 0.00417033 1251.99 1.56754e+06 0.222036
0.19 -1.123 1.11527 0.999455 0.998911 0.00285765 1254.24 1.57317e+06 0.21648
0.18 -1.13399 1.06758 0.99966 0.999322 0.00188986 1256.64 1.57919e+06 0.218896
0.17 -1.14494 1.08186 0.999808 0.999617 0.00113818 1258.9 1.58486e+06 0.214812
0.16 -1.15565 1.04937 0.999899 0.999798 0.000630564 1261.09 1.59039e+06 0.214078
0.15 -1.16617 1.06173 0.999949 0.999899 0.000342596 1263.43 1.59631e+06 0.21467
0.14 -1.17678 1.04172 0.999977 0.999954 0.000166457 1265.66 1.60193e+06 0.219322
0.13 -1.18724 1.03805 0.999992 0.999984 6.24721e-05 1267.88 1.60756e+06 0.211589
0.12 -1.19772 1.02289 0.999996 0.999992 3.17587e-05 1270.15 1.6133e+06 0.212162
0.11 -1.20805 1.00753 0.999999 0.999998 1.02522e-05 1272.37 1.61896e+06 0.216712
0.1 -1.21841 1.0212 1 1 8.68012e-07 1274.56 1.62452e+06 0.211534
0.09 -1.22873 1.02645 1 1 9.64457e-07 1276.79 1.63021e+06 0.212217
0.08 -1.23904 1.01413 1 1 0 1278.89 1.63559e+06 0.214732
0.07 -1.24926 1.0189 1 1 0 1281.11 1.64126e+06 0.213841
0.06 -1.25951 1.01856 1 1 0 1283.21 1.64665e+06 0.210824
0.05 -1.26965 1.00333 1 1 0 1285.42 1.65232e+06 0.207637
0.04 -1.2798 1.00329 1 1 0 1287.53 1.65773e+06 0.209579
0.03 -1.2899 1.01232 1 1 0 1289.65 1.66319e+06 0.212338
0.02 -1.29995 1.00886 1 1 0 1291.76 1.66866e+06 0.207637
0.01 -1.30999 0.996172 1 1 0 1293.9 1.67419e+06 0.206626
