0.7 0.331665 0.284855 0.0882449 0.00804966 0.216005 462.987 214861 1.55569
0.69 0.328743 0.28771 0.0867121 0.00777179 0.211037 461.267 213250 1.5186
0.68 0.326118 0.289818 0.0862576 0.00769197 0.213122 461.343 213322 1.54303
0.67 0.322894 0.283129 0.0861154 0.00767456 0.222409 461.877 213823 1.59119
0.66 0.320047 0.287223 0.0849885 0.00746778 0.213591 460.777 212778 1.5218
0.65 0.317214 0.289335 0.0844687 0.00738645 0.222868 460.68 212693 1.56122
0.64 0.314513 0.29191 0.0843451 0.00735589 0.217624 460.697 212698 1.54896
0.63 0.311388 0.291177 0.0832236 0.00716967 0.222631 459.78 211857 1.58535
0.62 0.308232 0.2929 0.0831586 0.00715856 0.225951 460.331 212361 1.59804
0.61 0.305321 0.289187 0.0828977 0.00710527 0.22025 460.485 212483 1.55409
0.6 0.302935 0.293512 0.0822578 0.00701234 0.236155 459.826 211889 1.63056
0.59 0.300062 0.28961 0.0809582 0.00679542 0.235477 458.325 210511 1.66151
0.58 0.296843 0.296147 0.0818656 0.00695117 0.247472 460.493 212514 1.72534
0.57 0.293562 0.297391 0.0823664 0.00703061 0.248975 461.618 213546 1.72904
0.56 0.290574 0.298384 0.0820107 0.00697142 0.25269 461.506 213439 1.74658
0.55 0.287907 0.310124 0.0815332 0.00689558 0.259627 461.299 213249 1.78019
0.54 0.284633 0.310749 0.0820908 0.00699148 0.269418 462.415 214282 1.81877
0.53 0.281434 0.323085 0.082134 0.0069927 0.268116 463.171 214962 1.77324
0.52 0.278315 0.326242 0.0821734 0.00700434 0.279002 463.628 215391 1.82611
0.51 0.274905 0.338869 0.0831413 0.00716784 0.288409 465.394 217039 1.88242
0.5 0.271501 0.341265 0.0836842 0.00724837 0.282617 466.012 217591 1.81629
0.49 0.268258 0.351239 0.0842884 0.00736586 0.307197 467.453 218957 1.94263
0.48 0.264496 0.362108 0.0859869 0.0076712 0.332943 469.945 221312 2.05387
0.47 0.260601 0.370083 0.0870688 0.0078609 0.343066 472.042 223288 2.09565
0.46 0.256997 0.395193 0.087999 0.00802828 0.356184 473.545 224709 2.1316
0.45 0.252822 0.422106 0.0904248 0.00847469 0.381489 476.648 227662 2.18573
0.44 0.248668 0.435357 0.092503 0.00886474 0.403108 479.883 230762 2.24418
0.43 0.244073 0.461756 0.0945554 0.00928292 0.458383 482.488 233316 2.5148
0.42 0.239349 0.503781 0.0971419 0.00980072 0.499432 486.081 236813 2.63691
0.41 0.234124 0.547969 0.101483 0.0106753 0.528949 491.243 241868 2.7225
0.4 0.228301 0.633203 0.107206 0.0119256 0.622721 498.338 248944 3.02599
0.39 0.221724 0.704504 0.112282 0.0130933 0.717955 504.445 255133 3.39469
0.38 0.212579 0.876594 0.122537 0.0156113 0.90343 516.337 267374 3.92341
0.37 0.204646 1.12379 0.130318 0.0177504 1.19517 524.806 276362 4.84706
0.36 -0.622285 2.26363 0.946926 0.896779 0.174315 1225.89 1.5029e+06 0.202644
0.35 -0.644751 2.1374 0.954291 0.910765 0.154062 1230.44 1.51406e+06 0.189852
0.34 -0.665312 2.015 0.960631 0.922889 0.130506 1234.38 1.52378e+06 0.184803
0.33 -0.685467 1.90897 0.966493 0.934175 0.113697 1238.3 1.53346e+06 0.179853
0.32 -0.704314 1.82661 0.971597 0.944056 0.0975629 1241.65 1.54175e+06 0.171531
0.31 -0.722222 1.75146 0.976063 0.952745 0.0851647 1244.85 1.54972e+06 0.168463
0.3 -0.739361 1.65009 0.980173 0.960776 0.0716312 1247.78 1.55702e+06 0.160938
0.29 -0.755697 1.55204 0.983667 0.96763 0.0593721 1250.5 1.56382e+06 0.157147
0.28 -0.770833 1.51296 0.986675 0.973551 0.0498917 1252.98 1.57002e+06 0.157357
0.27 -0.785756 1.4426 0.989273 0.97868 0.0414307 1255.33 1.5759e+06 0.154306
0.26 -0.799839 1.39016 0.991555 0.983197 0.0336026 1257.46 1.58125e+06 0.152138
0.25 -0.813415 1.32798 0.993394 0.986844 0.0270173 1259.49 1.58636e+06 0.146717
0.24 -0.826228 1.25786 0.994972 0.989977 0.0212493 1261.43 1.59126e+06 0.148448
0.23 -0.838858 1.23289 0.99622 0.992462 0.0168013 1263.27 1.59589e+06 0.145705
0.22 -0.850836 1.18462 0.99724 0.994492 0.0127528 1264.94 1.60012e+06 0.145653
0.21 -0.86264 1.1392 0.998044 0.996095 0.00926151 1266.69 1.60455e+06 0.144265
0.2 -0.87401 1.10756 0.998679 0.997362 0.0066298 1268.31 1.60864e+06 0.141192
0.19 -0.885178 1.11382 0.999142 0.998287 0.00459124 1269.77 1.61235e+06 0.142557
0.18 -0.89612 1.07088 0.99946 0.998922 0.00296878 1271.28 1.61619e+06 0.143078
0.17 -0.906668 1.07148 0.999663 0.999327 0.002007 1272.73 1.61988e+06 0.142259
0.16 -0.91735 1.03362 0.999818 0.999636 0.00116401 1274.18 1.62358e+06 0.141119
0.15 -0.927837 1.03503 0.999908 0.999816 0.000616794 1275.65 1.62732e+06 0.139973
0.14 -0.938077 1.04693 0.999953 0.999907 0.000332702 1277.01 1.63079e+06 0.143008
0.13 -0.94845 1.0194 0.99998 0.999961 0.000150538 1278.41 1.63435e+06 0.141426
0.12 -0.958728 1.02679 0.999992 0.999985 6.33773e-05 1279.78 1.63786e+06 0.140315
0.11 -0.968948 1.01773 0.999998 0.999996 1.65546e-05 1281.13 1.64132e+06 0.137489
0.1 -0.979123 1.01953 1 1 1.73594e-06 1282.55 1.64495e+06 0.137717
0.09 -0.989286 1.00627 1 1 9.64457e-07 1283.85 1.6483e+06 0.142309
0.08 -0.999458 1.02613 1 1 0 1285.22 1.6518e+06 0.140271
0.07 -1.0096 1.00775 1 1 0 1286.59 1.65532e+06 0.142058
0.06 -1.01971 1.01056 1 1 0 1287.89 1.65868e+06 0.141553
0.05 -1.02978 1.02222 1 1 0 1289.29 1.66227e+06 0.139873
0.04 -1.03986 1.01231 1 1 0 1290.66 1.6658e+06 0.141267
0.03 -1.04993 1.01264 1 1 0 1291.98 1.66921e+06 0.140421
0.02 -1.05999 1.00088 1 1 0 1293.33 1.67272e+06 0.139298
0.01 -1.07 1.00234 1 1 0 1294.67 1.67618e+06 0.140448
