0 -0.7 -inf 1 1 -nan 1024 1.04858e+06 -nan
0.01 -0.690005 1.00311 1 1 0 1022.92 1.04637e+06 0.109129
0.02 -0.679977 0.992949 1 1 0 1021.83 1.04414e+06 0.112652
0.03 -0.669943 0.997683 1 1 0 1020.76 1.04196e+06 0.113492
0.04 -0.659859 1.01615 1 1 0 1019.7 1.0398e+06 0.111672
0.05 -0.649765 1.01243 1 1 0 1018.61 1.03757e+06 0.11261
0.06 -0.639711 1.0246 1 0.999999 4.33963e-06 1017.5 1.03531e+06 0.111428
0.07 -0.629541 1.03124 0.999996 0.999993 5.56889e-05 1016.4 1.03307e+06 0.112195
0.08 -0.619418 1.02427 0.999981 0.999961 0.000244722 1015.32 1.03088e+06 0.111502
0.09 -0.60914 1.03915 0.999927 0.999854 0.000825104 1014.18 1.02858e+06 0.113584
0.1 -0.598885 1.03047 0.999797 0.999594 0.00203344 1013.13 1.02643e+06 0.11177
0.11 -0.588419 1.0527 0.99949 0.99898 0.00470397 1011.95 1.02406e+06 0.113254
0.12 -0.577707 1.08798 0.998947 0.997897 0.00867111 1010.73 1.02159e+06 0.112357
0.13 -0.566472 1.14462 0.99805 0.996108 0.0152453 1009.47 1.01905e+06 0.114221
0.14 -0.554709 1.21886 0.996603 0.993224 0.0247305 1008.04 1.01616e+06 0.115449
0.15 -0.542506 1.24988 0.994567 0.989174 0.0364823 1006.62 1.01331e+06 0.11776
0.16 -0.529672 1.33374 0.991837 0.983755 0.0523502 1004.97 1.00997e+06 0.118318
0.17 -0.515759 1.43908 0.988264 0.976687 0.0725587 1003.07 1.00618e+06 0.120191
0.18 -0.500658 1.56191 0.98351 0.967322 0.0961034 1000.92 1.00187e+06 0.125339
0.19 -0.484775 1.66306 0.977849 0.956229 0.124934 998.607 997241 0.129822
0.2 -0.467408 1.78316 0.970714 0.942342 0.161066 995.871 991785 0.132417
0.21 -0.449027 1.93052 0.962345 0.926179 0.196572 992.779 985640 0.140025
0.22 -0.428866 2.09398 0.952278 0.90693 0.251592 989.274 978695 0.15041
0.23 -0.406906 2.25159 0.940419 0.884511 0.309467 985.121 970500 0.162913
0.24 -0.383154 2.52716 0.926573 0.8587 0.389164 980.339 961106 0.176691
0.25 -0.356833 2.7874 0.909849 0.828038 0.487411 974.455 949612 0.204149
0.26 -0.32551 3.34 0.888071 0.788973 0.670767 966.656 934490 0.26369
0.27 -0.290293 3.86187 0.861617 0.74281 0.906958 956.659 915287 0.346517
0.28 -0.243467 5.84164 0.821748 0.676084 1.67525 940.566 884840 0.66916
0.29 0.200373 1.23807 0.155312 0.024604 0.957496 526.113 277124 2.15097
0.3 0.211739 1.04037 0.143457 0.0210152 0.835904 515.871 266431 1.99178
0.31 0.220948 0.883832 0.135002 0.0185882 0.673762 508.025 258359 1.7079
0.32 0.229455 0.794344 0.128034 0.01673 0.606959 501.567 251830 1.62113
0.33 0.237013 0.731799 0.122058 0.0152052 0.535823 495.834 246096 1.50003
0.34 0.24385 0.676362 0.117927 0.0142049 0.504978 491.409 241731 1.48013
0.35 0.250588 0.633294 0.113431 0.013136 0.443233 486.731 237145 1.39738
0.36 0.256901 0.589788 0.110263 0.0124268 0.430058 483.066 233589 1.35631
0.37 0.262155 0.549995 0.107951 0.0119031 0.388749 480.153 230775 1.27958
0.38 0.267139 0.525212 0.10643 0.0115642 0.358986 478.078 228778 1.2104
0.39 0.273002 0.502393 0.10364 0.0109755 0.346028 474.371 225248 1.19308
0.4 0.277785 0.480645 0.101953 0.0106301 0.339212 472.195 223194 1.1974
0.41 0.282846 0.46016 0.100472 0.0103143 0.308471 470.009 221126 1.13353
0.42 0.28715 0.450232 0.0996948 0.0101566 0.298331 468.701 219898 1.10276
0.43 0.291539 0.434857 0.0988531 0.00998801 0.289429 466.82 218141 1.09593
0.44 0.295828 0.430047 0.0980227 0.00982251 0.280209 465.212 216641 1.06791
0.45 0.300111 0.411478 0.0971759 0.00965458 0.270627 463.783 215315 1.05379
0.46 0.304393 0.405268 0.0965391 0.00952935 0.262399 462.302 213946 1.05078
0.47 0.307951 0.393532 0.0966941 0.00955663 0.253535 461.947 213615 1.01446
0.48 0.312058 0.389446 0.0964634 0.00951362 0.250129 460.734 212498 1.00514
0.49 0.31591 0.379632 0.0964178 0.00950305 0.242934 460.018 211835 0.972507
0.5 0.31962 0.376279 0.0959585 0.0094136 0.236812 458.676 210608 0.974479
0.51 0.323307 0.360714 0.0959612 0.00941305 0.230964 457.925 209918 0.953098
0.52 0.326948 0.362162 0.0964701 0.00951714 0.233358 457.839 209846 0.962908
0.53 0.330651 0.361476 0.0962701 0.00947017 0.219778 456.712 208811 0.933059
0.54 0.334337 0.359586 0.0965887 0.00953306 0.217261 456.316 208452 0.927196
0.55 0.337945 0.353461 0.09698 0.00961365 0.218378 455.718 207915 0.939504
0.56 0.341309 0.341971 0.0972339 0.00965742 0.208801 455.358 207584 0.914112
0.57 0.344446 0.341895 0.0984244 0.00989453 0.209345 456.217 208371 0.910134
0.58 0.348152 0.336283 0.0982475 0.00986163 0.207622 454.943 207214 0.914988
0.59 0.351734 0.334055 0.0987012 0.0099489 0.202061 454.6 206900 0.888967
0.6 0.354713 0.331551 0.0992556 0.0100597 0.199729 454.609 206908 0.876739
0.61 0.358235 0.332155 0.0999056 0.010194 0.201043 454.653 206952 0.874516
0.62 0.361629 0.335669 0.100104 0.0102317 0.195809 454.239 206579 0.871752
0.63 0.365051 0.332003 0.100957 0.0104032 0.192737 454.07 206428 0.867547
0.64 0.368155 0.32633 0.101687 0.0105534 0.191915 454.105 206460 0.854588
0.65 0.371381 0.328718 0.102255 0.0106676 0.187462 454.167 206516 0.842275
0.66 0.374631 0.3224 0.10308 0.0108452 0.191767 454.287 206634 0.857057
0.67 0.378219 0.32289 0.103916 0.011014 0.185291 454.282 206623 0.825558
0.68 0.38139 0.319665 0.10461 0.0111597 0.183402 454.367 206702 0.817511
0.69 0.384431 0.325912 0.105594 0.0113726 0.185785 454.909 207202 0.826378
0.7 0.387891 0.32097 0.106163 0.0114925 0.18266 454.76 207066 0.812984
0.71 0.391261 0.32886 0.106934 0.0116613 0.183617 454.65 206973 0.824334
0.72 0.394095 0.31796 0.107907 0.0118661 0.177791 454.977 207265 0.796081
0.73 0.397213 0.324354 0.108695 0.0120433 0.180335 455.204 207476 0.798384
0.74 0.400944 0.324005 0.109946 0.0123157 0.177122 455.747 207973 0.795069
0.75 0.403878 0.323419 0.110368 0.012418 0.181909 455.4 207667 0.811662
0.76 0.407158 0.332447 0.111561 0.0126827 0.179473 456.165 208363 0.796896
0.77 0.410803 0.326516 0.112492 0.0128906 0.176693 456.249 208443 0.797834
0.78 0.414018 0.322471 0.113271 0.0130674 0.175126 456.478 208655 0.793834
0.79 0.41697 0.315289 0.11439 0.0133203 0.171522 457.154 209264 0.758846
0.8 0.41988 0.325918 0.11532 0.0135423 0.175345 457.194 209311 0.779393
0.81 0.423314 0.322803 0.116593 0.0138352 0.171573 458.047 210089 0.760237
0.82 0.426649 0.327942 0.11719 0.0139801 0.173288 457.826 209893 0.767899
0.83 0.429829 0.322386 0.11853 0.0142941 0.169898 458.661 210654 0.746792
0.84 0.433198 0.327366 0.119599 0.0145549 0.172028 459.135 211094 0.748171
0.85 0.436541 0.323552 0.120144 0.0146841 0.169135 459.126 211091 0.754942
0.86 0.439682 0.323748 0.121364 0.0149813 0.168839 459.511 211441 0.734114
0.87 0.442491 0.319121 0.122869 0.0153491 0.167066 460.729 212559 0.717979
0.88 0.446272 0.322868 0.123367 0.0154767 0.168403 460.277 212149 0.724913
0.89 0.449355 0.318848 0.124359 0.0157175 0.163298 460.685 212522 0.710383
0.9 0.452667 0.323683 0.125628 0.0160454 0.168246 461.266 213072 0.735546
0.91 0.456291 0.329673 0.126403 0.0162348 0.162735 461.55 213328 0.712708
0.92 0.45896 0.330593 0.127769 0.0165863 0.163703 462.286 214013 0.717381
0.93 0.462294 0.329583 0.128582 0.0167993 0.164674 462.67 214365 0.700891
0.94 0.465343 0.331147 0.129968 0.0171607 0.164814 463.335 214986 0.705549
0.95 0.468639 0.329462 0.130891 0.0173982 0.161178 463.576 215213 0.702955
0.96 0.471649 0.323673 0.132059 0.0177062 0.159979 464.453 216019 0.679463
0.97 0.47507 0.324592 0.13312 0.0179887 0.159053 464.698 216251 0.680188
0.98 0.478656 0.328819 0.134151 0.0182719 0.161833 465.176 216703 0.68902
0.99 0.482156 0.328404 0.13565 0.0186763 0.160273 465.987 217457 0.679255
