1 0.512789 0.362347 0.203432 0.0418271 0.254968 533.708 285289 0.832348
0.99 0.508807 0.357989 0.20198 0.0412434 0.26046 532.866 284395 0.850983
0.98 0.504825 0.35987 0.200144 0.0404958 0.257416 531.772 283229 0.857221
0.97 0.501748 0.369348 0.198978 0.040038 0.264796 530.97 282377 0.868007
0.96 0.497864 0.365992 0.197936 0.0396301 0.270945 530.748 282156 0.907767
0.95 0.494079 0.368652 0.195743 0.0387636 0.271733 529.087 280383 0.896177
0.94 0.490786 0.374818 0.194893 0.0384255 0.270935 528.753 280024 0.893259
0.93 0.486869 0.367218 0.193831 0.0380206 0.278866 528.508 279777 0.926683
0.92 0.483172 0.365293 0.192249 0.0374123 0.283259 527.478 278691 0.943544
0.91 0.479233 0.372525 0.191232 0.0370261 0.28899 527.259 278464 0.962846
0.9 0.475815 0.369524 0.19034 0.0366794 0.287935 527.045 278228 0.953424
0.89 0.472165 0.367296 0.188697 0.0360515 0.288088 525.847 276963 0.956847
0.88 0.468052 0.372258 0.188061 0.0358059 0.287334 526.319 277459 0.965835
0.87 0.464613 0.367758 0.186127 0.0350877 0.294265 524.726 275787 0.985107
0.86 0.46031 0.377763 0.18487 0.0346181 0.295546 524.301 275342 0.999675
0.85 0.457215 0.371651 0.183311 0.0340385 0.295176 523.261 274246 0.99796
0.84 0.45311 0.377859 0.182394 0.0337107 0.30396 523.141 274116 0.999522
0.83 0.449466 0.380756 0.181259 0.0332975 0.307228 522.799 273764 1.02628
0.82 0.445825 0.382441 0.179043 0.0324915 0.305507 520.882 271753 1.01922
0.81 0.442048 0.382533 0.178592 0.032339 0.315536 521.333 272241 1.07112
0.8 0.43847 0.385686 0.176936 0.0317349 0.308484 520.321 271164 1.03411
0.79 0.43427 0.379393 0.175684 0.0312931 0.312222 519.852 270680 1.05774
0.78 0.430555 0.378188 0.174571 0.0309037 0.316664 519.454 270270 1.0788
0.77 0.426527 0.377672 0.172763 0.0302934 0.333939 518.285 269074 1.13956
0.76 0.423158 0.375595 0.171988 0.0300138 0.329036 518.152 268922 1.11883
0.75 0.419354 0.386004 0.170596 0.029527 0.325583 517.397 268126 1.099
0.74 0.415022 0.385111 0.169733 0.0292423 0.337083 517.656 268402 1.1336
0.73 0.41172 0.388132 0.168671 0.0288798 0.339091 517.019 267739 1.13963
0.72 0.407782 0.386083 0.167451 0.0284693 0.343612 516.479 267184 1.16672
0.71 0.403459 0.378978 0.166496 0.0281398 0.339868 516.339 267027 1.14911
0.7 0.400536 0.389271 0.164961 0.0276374 0.349846 515.275 265945 1.20876
0.69 0.39618 0.396913 0.164532 0.0274864 0.346947 515.824 266490 1.16675
0.68 0.392253 0.387899 0.163133 0.0270359 0.358773 515.25 265910 1.21828
0.67 0.388275 0.390614 0.162221 0.0267358 0.36118 515.044 265692 1.22201
0.66 0.384159 0.391305 0.160668 0.0262346 0.366926 514.057 264681 1.25703
0.65 0.380543 0.397486 0.159804 0.0259633 0.377516 513.846 264465 1.2781
0.64 0.376515 0.38763 0.159769 0.0259541 0.385047 514.607 265243 1.28343
0.63 0.372906 0.394685 0.158441 0.0255432 0.401902 514.1 264738 1.35665
0.62 0.368681 0.406938 0.157611 0.0252545 0.383852 513.825 264426 1.28764
0.61 0.364562 0.397652 0.156767 0.0250081 0.407991 513.724 264342 1.37015
0.6 0.360503 0.407662 0.156114 0.0247963 0.407861 514.01 264623 1.3506
0.59 0.356472 0.413931 0.155974 0.0247453 0.407452 514.495 265120 1.36595
0.58 0.352442 0.404552 0.154618 0.0243332 0.423553 513.914 264529 1.41197
0.57 0.347892 0.419278 0.155113 0.0244775 0.421889 515.247 265886 1.38329
0.56 0.344146 0.42926 0.154203 0.0242152 0.449031 515.035 265690 1.4882
0.55 0.33967 0.42197 0.153973 0.0241357 0.448262 515.61 266267 1.45548
0.54 0.335341 0.435411 0.154414 0.0242875 0.473285 516.817 267531 1.54463
0.53 0.331053 0.435489 0.153784 0.024077 0.464419 517.02 267725 1.5152
0.52 0.326465 0.447352 0.15441 0.0242878 0.493365 518.264 269027 1.59173
0.51 0.322194 0.449327 0.154352 0.024263 0.495181 518.85 269631 1.60982
0.5 0.317628 0.471817 0.155335 0.0245843 0.524519 520.486 271338 1.66093
0.49 0.312617 0.479119 0.156348 0.0248912 0.524985 522.304 273226 1.65978
0.48 0.307887 0.487152 0.15687 0.0250931 0.58172 523.77 274787 1.79707
0.47 0.303089 0.503961 0.157151 0.0251657 0.575086 524.533 275575 1.78376
0.46 0.298058 0.513112 0.158533 0.0256234 0.614517 526.56 277716 1.86127
0.45 0.292243 0.532758 0.162036 0.0267631 0.649375 530.735 282149 1.96508
0.44 0.286784 0.553712 0.163091 0.0271324 0.698537 532.45 283982 2.04517
0.43 0.281122 0.589294 0.166051 0.0281173 0.729424 536.197 287993 2.10921
0.42 0.275268 0.617747 0.169183 0.0291858 0.771931 539.639 291704 2.17769
0.41 0.269114 0.648169 0.172729 0.0304296 0.835125 543.457 295861 2.31618
0.4 0.262169 0.722219 0.177403 0.0321262 0.942378 548.612 301537 2.56053
0.39 0.254307 0.801775 0.184783 0.034844 1.03259 556.087 309817 2.69691
0.38 0.245406 0.914308 0.193774 0.0383874 1.27197 564.776 319668 3.24313
0.37 0.236762 0.991181 0.202335 0.0417962 1.33376 572.938 328940 3.21611
0.36 0.225636 1.28349 0.215949 0.047759 1.79998 585.746 343972 4.14332
0.35 0.208663 1.86338 0.242294 0.0603275 2.66782 609.218 372340 5.59666
0.34 -0.250605 5.01814 0.847774 0.719342 1.05389 1075.84 1.15775e+06 0.866519
0.33 -0.294169 3.90503 0.876181 0.768091 0.693833 1094.64 1.19845e+06 0.569176
0.32 -0.330718 3.34838 0.897807 0.806349 0.524792 1108.65 1.22927e+06 0.451447
0.31 -0.362035 2.91305 0.914864 0.837187 0.392298 1119.59 1.25361e+06 0.363362
0.3 -0.389694 2.67147 0.928907 0.863038 0.327534 1128.61 1.27387e+06 0.323518
0.29 -0.415427 2.42582 0.94092 0.885463 0.265241 1136.27 1.29121e+06 0.284782
0.28 -0.438389 2.2797 0.950837 0.904199 0.220711 1142.83 1.30616e+06 0.265529
0.27 -0.460367 2.06414 0.95988 0.921451 0.173891 1148.83 1.31989e+06 0.244137
0.26 -0.480008 1.9104 0.967154 0.935452 0.144269 1153.88 1.33151e+06 0.223009
0.25 -0.498115 1.79454 0.973246 0.94726 0.119124 1158.19 1.34146e+06 0.212272
0.24 -0.516129 1.70531 0.978886 0.958259 0.0977478 1162.47 1.35139e+06 0.205279
0.23 -0.532403 1.56218 0.983452 0.967208 0.0761941 1166.04 1.3597e+06 0.197927
0.22 -0.54771 1.54825 0.987303 0.974792 0.062126 1169.47 1.36771e+06 0.1926
0.21 -0.562387 1.41352 0.990479 0.981066 0.0467522 1172.45 1.37469e+06 0.187962
0.2 -0.57605 1.35691 0.992965 0.985993 0.0368216 1175.16 1.38105e+06 0.182994
0.19 -0.588972 1.29919 0.994963 0.989959 0.0269148 1177.62 1.38684e+06 0.178985
0.18 -0.601487 1.20686 0.996542 0.993101 0.0195133 1179.95 1.39232e+06 0.175462
0.17 -0.613443 1.16406 0.997728 0.995464 0.0135813 1182.11 1.39741e+06 0.175052
0.16 -0.62484 1.14907 0.998561 0.997126 0.00920167 1184.08 1.40208e+06 0.170783
0.15 -0.636042 1.09369 0.999153 0.998307 0.00560021 1186.03 1.40669e+06 0.172155
0.14 -0.64699 1.06856 0.999535 0.999071 0.00333532 1187.82 1.41093e+06 0.170063
0.13 -0.657615 1.04995 0.999769 0.999538 0.00178532 1189.6 1.41518e+06 0.169813
0.12 -0.668132 1.0576 0.999892 0.999784 0.000897895 1191.32 1.41927e+06 0.169617
0.11 -0.678409 1.02558 0.999957 0.999914 0.000390427 1193.03 1.42335e+06 0.169931
0.1 -0.688811 1.02306 0.999986 0.999973 0.000139541 1194.71 1.42736e+06 0.168753
0.09 -0.699049 1.02617 0.999996 0.999992 4.33051e-05 1196.35 1.43127e+06 0.168681
0.08 -0.709306 1.03012 1 0.999999 5.42399e-06 1197.97 1.43516e+06 0.16833
0.07 -0.71941 1.01706 1 1 1.24002e-06 1199.68 1.43925e+06 0.167523
0.06 -0.729608 0.999961 1 1 0 1201.29 1.44312e+06 0.168933
0.05 -0.739741 0.995282 1 1 0 1202.89 1.44695e+06 0.169311
0.04 -0.749845 1.00293 1 1 0 1204.55 1.45096e+06 0.168136
0.03 -0.759919 1.00272 1 1 0 1206.19 1.45489e+06 0.167685
0.02 -0.769971 1.01268 1 1 0 1207.81 1.45881e+06 0.165884
0.01 -0.779994 1.0102 1 1 0 1209.44 1.46275e+06 0.16802
