0.7 0.313249 0.32222 0.111289 0.0127427 0.29426 478.47 229551 1.84447
0.69 0.310461 0.320392 0.109395 0.0123048 0.281773 476.58 227711 1.7737
0.68 0.307139 0.315497 0.107767 0.0119448 0.280442 475.096 226286 1.76377
0.67 0.304124 0.319155 0.107194 0.0118279 0.289983 475.046 226251 1.82972
0.66 0.3007 0.318107 0.106061 0.0115919 0.299275 474.092 225365 1.92326
0.65 0.297906 0.318719 0.104756 0.0113063 0.294659 473.059 224359 1.86569
0.64 0.294499 0.310246 0.103089 0.010957 0.296747 471.165 222571 1.90792
0.63 0.291458 0.308755 0.102495 0.0108283 0.295416 471.122 222522 1.90798
0.62 0.28829 0.310534 0.101488 0.0106237 0.30094 470.505 221936 1.92513
0.61 0.285339 0.320259 0.100441 0.0104083 0.302047 469.785 221257 1.94865
0.6 0.282072 0.301957 0.0993078 0.0101826 0.30778 468.968 220483 1.96219
0.59 0.279066 0.304021 0.0990988 0.0101365 0.308472 469.339 220841 2.02934
0.58 0.275999 0.313506 0.0984727 0.0100074 0.308338 468.895 220405 1.99691
0.57 0.272936 0.307671 0.0976648 0.00984352 0.308313 468.402 219928 1.9784
0.56 0.270084 0.311236 0.0963563 0.00959464 0.318954 467.093 218710 2.04254
0.55 0.266818 0.310174 0.0958841 0.00950592 0.326911 467.03 218667 2.14116
0.54 0.263565 0.309439 0.0957572 0.00948633 0.338017 467.443 219048 2.15907
0.53 0.260471 0.313153 0.0955064 0.00942021 0.324658 467.765 219313 2.05362
0.52 0.257347 0.312257 0.0953228 0.00939382 0.34048 467.97 219522 2.16322
0.51 0.254208 0.320825 0.0957658 0.00949907 0.370429 468.965 220487 2.33703
0.5 0.250873 0.330574 0.0957609 0.0094986 0.378387 469.772 221236 2.34194
0.49 0.247396 0.333004 0.0960473 0.00954336 0.374138 470.34 221759 2.33936
0.48 0.244441 0.340065 0.0959076 0.00954284 0.413498 470.761 222186 2.51934
0.47 0.241014 0.347332 0.0966049 0.00966748 0.410513 471.94 223282 2.49941
0.46 0.237403 0.355131 0.0975804 0.00985852 0.421467 473.701 224941 2.51361
0.45 0.233626 0.363737 0.0986003 0.0100833 0.462502 475.499 226682 2.72534
0.44 0.230413 0.384741 0.0989454 0.0101616 0.486195 476.102 227265 2.82436
0.43 0.226497 0.399196 0.100199 0.0104141 0.501335 478.243 229297 2.82586
0.42 0.221865 0.437299 0.103789 0.0111881 0.570433 482.957 233882 3.1255
0.41 0.21722 0.462475 0.107212 0.0119212 0.599569 487.467 238256 3.16284
0.4 0.212505 0.517056 0.110547 0.0127047 0.697091 491.701 242476 3.58933
0.39 0.207634 0.559173 0.114172 0.0135536 0.765635 496.491 247238 3.79187
0.38 0.201739 0.656045 0.120192 0.0150647 0.937476 503.514 254365 4.38052
0.37 0.194085 0.781168 0.129373 0.0174665 1.13501 514.4 265554 4.97303
0.36 0.186128 1.00806 0.139185 0.020281 1.45352 525.454 277248 6.06116
0.35 -0.523721 2.84392 0.922947 0.852013 0.300301 1205.83 1.45415e+06 0.302686
0.34 -0.550185 2.53218 0.933792 0.872114 0.247678 1212.49 1.47024e+06 0.269486
0.33 -0.574283 2.3917 0.943233 0.889809 0.211959 1218.53 1.48491e+06 0.251845
0.32 -0.598122 2.21516 0.951937 0.906282 0.176096 1224.18 1.49871e+06 0.233379
0.31 -0.619443 2.04281 0.959353 0.920438 0.147753 1229.01 1.51054e+06 0.220013
0.3 -0.639289 1.94257 0.965671 0.932586 0.124198 1233.31 1.52114e+06 0.211207
0.29 -0.658335 1.86303 0.971479 0.943826 0.108243 1237.18 1.53069e+06 0.205907
0.28 -0.67617 1.72761 0.976367 0.953337 0.0925174 1240.75 1.53954e+06 0.197204
0.27 -0.693084 1.61568 0.980746 0.961897 0.0739381 1244.23 1.54818e+06 0.191291
0.26 -0.709237 1.56027 0.984469 0.969207 0.0625368 1247.36 1.55597e+06 0.18978
0.25 -0.724718 1.4669 0.987646 0.975466 0.0514212 1250.13 1.56288e+06 0.186719
0.24 -0.738992 1.42465 0.990366 0.980842 0.0419313 1252.75 1.56943e+06 0.181938
0.23 -0.752749 1.35669 0.992576 0.985222 0.0337055 1255.18 1.57553e+06 0.178696
0.22 -0.76619 1.28783 0.994462 0.988965 0.0255254 1257.52 1.5814e+06 0.178379
0.21 -0.778909 1.23211 0.995989 0.992002 0.0193199 1259.81 1.58717e+06 0.176369
0.2 -0.791034 1.18124 0.997122 0.994258 0.0145215 1261.86 1.59234e+06 0.17532
0.19 -0.802796 1.17283 0.99805 0.996107 0.0102275 1263.9 1.59748e+06 0.173013
0.18 -0.814246 1.11896 0.998713 0.997429 0.00713883 1265.76 1.60218e+06 0.174729
0.17 -0.825397 1.08702 0.999207 0.998415 0.00465738 1267.58 1.60679e+06 0.1742
0.16 -0.836168 1.06441 0.99953 0.99906 0.00299652 1269.36 1.61132e+06 0.16851
0.15 -0.846929 1.0523 0.99974 0.999481 0.0017364 1271.12 1.61578e+06 0.16882
0.14 -0.85751 1.04149 0.99987 0.99974 0.000939143 1272.85 1.62017e+06 0.168684
0.13 -0.868035 1.04099 0.999938 0.999877 0.000476578 1274.59 1.6246e+06 0.167555
0.12 -0.878248 1.02893 0.999973 0.999946 0.000229362 1276.33 1.62904e+06 0.170177
0.11 -0.888658 1.01907 0.999992 0.999985 6.91389e-05 1277.96 1.63322e+06 0.170041
0.1 -0.898881 1.01949 0.999997 0.999995 2.51371e-05 1279.6 1.63739e+06 0.167328
0.09 -0.909106 1.02991 1 0.999999 4.82133e-06 1281.27 1.64166e+06 0.170528
0.08 -0.919311 1.02122 1 1 1.08501e-06 1282.9 1.64586e+06 0.172511
0.07 -0.929507 1.01575 1 1 0 1284.6 1.65021e+06 0.169407
0.06 -0.939607 1.03113 1 1 0 1286.2 1.65433e+06 0.168185
0.05 -0.949736 1.00199 1 1 0 1287.89 1.65866e+06 0.168906
0.04 -0.959845 1.01632 1 1 0 1289.51 1.66285e+06 0.169058
0.03 -0.96991 1.00739 1 1 0 1291.12 1.66699e+06 0.163711
0.02 -0.979968 1.02355 1 1 0 1292.77 1.67125e+06 0.164549
0.01 -0.990001 1.00675 1 1 0 1294.39 1.67545e+06 0.168985
