0 -1.19 inf 1 1 -nan 1211.04 1.46662e+06 inf
0.01 -1.18 0.994106 1 1 0 1209.44 1.46275e+06 0.169028
0.02 -1.16996 1.00473 1 1 0 1207.81 1.4588e+06 0.170534
0.03 -1.15992 1.01153 1 1 0 1206.23 1.45499e+06 0.166575
0.04 -1.14983 1.02536 1 1 0 1204.59 1.45105e+06 0.168913
0.05 -1.13971 1.01597 1 1 0 1202.91 1.44701e+06 0.166445
0.06 -1.12962 1.02782 1 1 0 1201.28 1.44308e+06 0.168185
0.07 -1.11945 1.0199 1 1 0 1199.63 1.43913e+06 0.165174
0.08 -1.10922 1.00675 1 1 0 1197.98 1.43517e+06 0.168898
0.09 -1.09898 0.995087 1 1 0 1196.33 1.43122e+06 0.169544
0.1 -1.0888 1.02995 1 1 1.73594e-06 1194.67 1.42725e+06 0.170702
0.11 -1.07855 1.02101 0.999999 0.999998 1.10402e-05 1193.07 1.42344e+06 0.171182
0.12 -1.06816 1.01565 0.999996 0.999993 3.10384e-05 1191.38 1.41941e+06 0.171541
0.13 -1.05784 1.05833 0.999988 0.999977 9.08712e-05 1189.65 1.41529e+06 0.168838
0.14 -1.04746 1.04278 0.999975 0.99995 0.000176638 1187.97 1.41131e+06 0.172081
0.15 -1.03707 1.04725 0.99994 0.99988 0.000400037 1186.27 1.40727e+06 0.172856
0.16 -1.02662 1.05943 0.999884 0.999769 0.000737461 1184.6 1.40332e+06 0.16734
0.17 -1.01603 1.06904 0.99979 0.999581 0.0012331 1182.86 1.39919e+06 0.174941
0.18 -1.00521 1.0902 0.999625 0.999251 0.00207439 1181.08 1.39498e+06 0.171795
0.19 -0.994317 1.09309 0.999386 0.998773 0.00327143 1179.31 1.39082e+06 0.174814
0.2 -0.983307 1.13009 0.999058 0.998119 0.0047847 1177.41 1.38633e+06 0.17383
0.21 -0.971968 1.14596 0.998618 0.997241 0.00667189 1175.52 1.38189e+06 0.174793
0.22 -0.960372 1.1572 0.998032 0.996072 0.00892178 1173.62 1.37742e+06 0.173531
0.23 -0.948476 1.21042 0.997251 0.994514 0.0121107 1171.63 1.37277e+06 0.177786
0.24 -0.936477 1.23463 0.996304 0.992629 0.0157328 1169.46 1.3677e+06 0.177787
0.25 -0.923458 1.2972 0.995102 0.990236 0.020004 1167.23 1.36247e+06 0.181117
0.26 -0.910128 1.36081 0.993586 0.987224 0.0254501 1164.85 1.35692e+06 0.181771
0.27 -0.896611 1.3877 0.99189 0.983859 0.0303303 1162.5 1.35147e+06 0.187291
0.28 -0.882474 1.44067 0.989861 0.979843 0.0373392 1159.81 1.34522e+06 0.186586
0.29 -0.867168 1.51601 0.987326 0.974835 0.0455789 1156.93 1.33855e+06 0.190655
0.3 -0.851913 1.60663 0.984566 0.969398 0.0542165 1153.91 1.33158e+06 0.19651
0.31 -0.835828 1.68448 0.981467 0.963313 0.0636529 1150.85 1.32453e+06 0.199059
0.32 -0.819051 1.76975 0.977821 0.956177 0.0752439 1147.38 1.31655e+06 0.204091
0.33 -0.801304 1.82426 0.973746 0.94823 0.0859764 1143.8 1.30837e+06 0.210346
0.34 -0.782653 1.9056 0.969145 0.939301 0.098996 1139.76 1.29913e+06 0.214063
0.35 -0.762425 1.99508 0.963876 0.929127 0.115692 1135.47 1.28939e+06 0.225431
0.36 -0.742041 2.1149 0.958229 0.918285 0.133343 1130.84 1.27889e+06 0.236779
0.37 -0.720602 2.25834 0.95188 0.906175 0.15373 1125.91 1.26778e+06 0.245442
0.38 -0.69693 2.40803 0.944583 0.892353 0.175546 1120.32 1.25523e+06 0.266241
0.39 -0.672814 2.44135 0.936734 0.877604 0.196606 1114.52 1.24228e+06 0.277752
0.4 -0.64636 2.63664 0.927694 0.860773 0.225986 1107.63 1.22697e+06 0.302346
0.41 -0.619965 2.75817 0.918225 0.84332 0.2566 1100.67 1.21163e+06 0.314653
0.42 -0.590625 2.99875 0.907241 0.823304 0.298154 1092.45 1.1936e+06 0.354873
0.43 -0.560243 3.3292 0.895332 0.801885 0.354372 1083.97 1.17518e+06 0.408493
0.44 -0.52738 3.36554 0.882023 0.778264 0.392842 1074.11 1.15391e+06 0.438187
0.45 -0.489664 3.7921 0.865798 0.749982 0.479464 1062.05 1.1282e+06 0.520089
0.46 -0.449406 4.01946 0.847549 0.718787 0.559749 1048.51 1.09966e+06 0.603133
0.47 -0.409284 4.20312 0.828622 0.687137 0.639941 1034.48 1.07047e+06 0.680486
0.48 -0.362652 4.92644 0.805307 0.649208 0.825314 1016.81 1.03434e+06 0.887845
0.49 -0.312362 5.31219 0.7788 0.607383 1.00321 996.681 993904 1.08489
0.5 -0.264875 5.33652 0.752426 0.567108 1.10818 976.702 954544 1.22074
0.51 -0.201846 5.73671 0.714632 0.511917 1.37443 947.195 897938 1.57332
0.52 -0.150678 5.74894 0.682603 0.467363 1.56962 922.348 851613 1.84904
0.53 -0.0989519 5.3472 0.648266 0.421792 1.67734 895.582 803044 2.05933
0.54 -0.0472831 4.54684 0.612069 0.376125 1.59584 866.836 752354 2.02639
0.55 -0.0062411 4.13387 0.582336 0.340694 1.65342 843.255 712090 2.18132
0.56 0.0317204 3.59324 0.553735 0.308195 1.61707 820.326 673949 2.20687
0.57 0.063432 3.15862 0.529009 0.28139 1.55645 800.38 641619 2.21436
0.58 0.09197 2.50061 0.507205 0.258614 1.34805 782.85 613741 1.95363
0.59 0.114669 2.25071 0.489514 0.240933 1.27706 768.483 591431 1.90673
0.6 0.13443 2.00841 0.474814 0.226736 1.23554 756.508 573166 1.8999
0.61 0.154704 1.66817 0.458746 0.211603 1.09009 743.176 553080 1.69717
0.62 0.170288 1.60025 0.447024 0.201005 1.09136 733.429 538715 1.75161
0.63 0.185804 1.44565 0.435782 0.191027 1.02462 723.841 524704 1.66332
0.64 0.20056 1.31203 0.424296 0.181098 0.963529 714.226 510859 1.61837
0.65 0.211805 1.1786 0.41681 0.174755 0.907356 707.995 501966 1.53891
0.66 0.223625 1.09618 0.409109 0.168362 0.865861 701.416 492665 1.47046
0.67 0.234762 1.06278 0.400487 0.161361 0.834998 693.765 481988 1.46043
0.68 0.245966 0.973727 0.393329 0.155655 0.802313 687.465 473274 1.42391
0.69 0.255897 0.914666 0.386769 0.150532 0.785909 681.583 465227 1.42816
0.7 0.263737 0.86938 0.383131 0.14769 0.741158 678.392 460852 1.33862
0.71 0.272389 0.808869 0.377886 0.143637 0.680397 673.671 454435 1.25728
0.72 0.280647 0.814745 0.372967 0.139975 0.69605 669.38 448693 1.2947
0.73 0.287862 0.757768 0.369845 0.137642 0.675647 666.359 444652 1.26871
0.74 0.295945 0.698153 0.365341 0.134269 0.618809 662.191 439074 1.1766
0.75 0.301662 0.707774 0.363625 0.13305 0.635382 660.617 437020 1.22223
0.76 0.309515 0.666473 0.359275 0.129869 0.599151 656.552 431632 1.14487
0.77 0.316233 0.644805 0.35619 0.127662 0.591401 653.465 427599 1.15839
0.78 0.322087 0.622964 0.354064 0.126112 0.554425 651.447 424927 1.07038
0.79 0.327679 0.616192 0.352731 0.125198 0.567854 649.974 423043 1.12342
0.8 0.333507 0.580577 0.350767 0.123763 0.522528 648.07 420531 1.03503
0.81 0.34034 0.576506 0.347111 0.121243 0.538295 644.234 415601 1.08043
0.82 0.345464 0.555779 0.345616 0.120194 0.522388 642.881 413853 1.05597
0.83 0.350836 0.551636 0.344149 0.119157 0.498688 641.118 411581 1.03082
0.84 0.356424 0.531304 0.342032 0.117703 0.491602 638.846 408668 1.01448
0.85 0.362017 0.516882 0.340894 0.116908 0.473833 637.667 407151 0.981049
0.86 0.367538 0.517578 0.338979 0.11561 0.471196 635.521 404427 0.988473
0.87 0.372925 0.497399 0.337311 0.114461 0.45202 633.52 401871 0.950979
0.88 0.377246 0.488373 0.336682 0.114031 0.442587 632.913 401095 0.925156
0.89 0.382193 0.484665 0.33596 0.113553 0.44263 631.864 399775 0.928417
0.9 0.386571 0.486325 0.335393 0.11316 0.429826 631.167 398896 0.922535
0.91 0.39136 0.461228 0.334896 0.11282 0.42053 630.277 397776 0.917826
0.92 0.396421 0.462592 0.333144 0.111648 0.415498 628.167 395119 0.907791
0.93 0.400199 0.458401 0.332997 0.111536 0.402192 627.853 394709 0.87415
0.94 0.405968 0.443382 0.331824 0.11077 0.406297 626.422 392934 0.89958
0.95 0.410208 0.43838 0.330755 0.11002 0.376924 624.925 391019 0.820562
0.96 0.414457 0.429175 0.330136 0.109624 0.380726 624.084 389979 0.832798
0.97 0.418182 0.425822 0.330565 0.109909 0.377354 624.295 390249 0.832824
0.98 0.42283 0.419803 0.329944 0.109502 0.375324 623.32 389034 0.828756
0.99 0.427802 0.424927 0.328941 0.108849 0.376648 621.927 387320 0.856121
